# k S000 S110 S112 S10 S11
0.00000000e+00 2.08979592e-01 3.03152836e+00 -1.48494072e+00 6.16469150e-02 4.51646908e+00
1.00000000e-01 2.09128492e-01 3.02032010e+00 -1.47931299e+00 6.16941190e-02 4.49963309e+00
2.00000000e-01 2.09575862e-01 2.98724017e+00 -1.46270209e+00 6.18359833e-02 4.44994227e+00
3.00000000e-01 2.10323710e-01 2.93385858e+00 -1.43589265e+00 6.20732694e-02 4.36975123e+00
4.00000000e-01 2.11375404e-01 2.86259074e+00 -1.40009174e+00 6.24072540e-02 4.26268248e+00
5.00000000e-01 2.12735687e-01 2.77643962e+00 -1.35679994e+00 6.28397432e-02 4.13323956e+00
6.00000000e-01 2.14410714e-01 2.67870808e+00 -1.30766749e+00 6.33730910e-02 3.98637558e+00
7.00000000e-01 2.16408095e-01 2.57272767e+00 -1.25435872e+00 6.40102237e-02 3.82708639e+00
8.00000000e-01 2.18736944e-01 2.46163748e+00 -1.19844141e+00 6.47546710e-02 3.66007889e+00
9.00000000e-01 2.21407940e-01 2.34822973e+00 -1.14130957e+00 6.56106031e-02 3.48953930e+00
1.00000000e+00 2.24433405e-01 2.23486331e+00 -1.08414022e+00 6.65828764e-02 3.31900353e+00
1.10000000e+00 2.27827379e-01 2.12343567e+00 -1.02787929e+00 6.76770859e-02 3.15131496e+00
1.20000000e+00 2.31605716e-01 2.01539822e+00 -9.73249297e-01 6.88996283e-02 2.98864752e+00
1.30000000e+00 2.35786186e-01 1.91179973e+00 -9.20770977e-01 7.02577736e-02 2.83257070e+00
1.40000000e+00 2.40388590e-01 1.81334410e+00 -8.70792175e-01 7.17597496e-02 2.68413628e+00
1.50000000e+00 2.45434880e-01 1.72045259e+00 -8.23518876e-01 7.34148385e-02 2.54397147e+00
1.60000000e+00 2.50949297e-01 1.63332356e+00 -7.79045034e-01 7.52334887e-02 2.41236859e+00
1.70000000e+00 2.56958506e-01 1.55198600e+00 -7.37379278e-01 7.72274435e-02 2.28936528e+00
1.80000000e+00 2.63491753e-01 1.47634511e+00 -6.98467611e-01 7.94098889e-02 2.17481272e+00
1.90000000e+00 2.70581011e-01 1.40621958e+00 -6.62211976e-01 8.17956239e-02 2.06843155e+00
2.00000000e+00 2.78261144e-01 1.34137113e+00 -6.28484938e-01 8.44012570e-02 1.96985607e+00
2.10000000e+00 2.86570058e-01 1.28152738e+00 -5.97140975e-01 8.72454312e-02 1.87866836e+00
2.20000000e+00 2.95548856e-01 1.22639891e+00 -5.68024911e-01 9.03490854e-02 1.79442382e+00
2.30000000e+00 3.05241967e-01 1.17569184e+00 -5.40978041e-01 9.37357539e-02 1.71666988e+00
2.40000000e+00 3.15697265e-01 1.12911676e+00 -5.15842424e-01 9.74319144e-02 1.64495919e+00
2.50000000e+00 3.26966151e-01 1.08639491e+00 -4.92463760e-01 1.01467389e-01 1.57885867e+00
2.60000000e+00 3.39103582e-01 1.04726219e+00 -4.70693191e-01 1.05875810e-01 1.51795538e+00
2.70000000e+00 3.52168035e-01 1.01147172e+00 -4.50388281e-01 1.10695158e-01 1.46186000e+00
2.80000000e+00 3.66221388e-01 9.78795222e-01 -4.31413416e-01 1.15968391e-01 1.41020864e+00
2.90000000e+00 3.81328668e-01 9.49023649e-01 -4.13639740e-01 1.21744168e-01 1.36266339e+00
3.00000000e+00 3.97557660e-01 9.21967285e-01 -3.96944792e-01 1.28077700e-01 1.31891208e+00
3.10000000e+00 4.14978303e-01 8.97455514e-01 -3.81211890e-01 1.35031734e-01 1.27866740e+00
3.20000000e+00 4.33661856e-01 8.75336397e-01 -3.66329350e-01 1.42677698e-01 1.24166575e+00
3.30000000e+00 4.53679746e-01 8.55476173e-01 -3.52189565e-01 1.51097043e-01 1.20766574e+00
3.40000000e+00 4.75102054e-01 8.37758763e-01 -3.38687984e-01 1.60382795e-01 1.17644675e+00
3.50000000e+00 4.97995550e-01 8.22085332e-01 -3.25721985e-01 1.70641363e-01 1.14780732e+00
3.60000000e+00 5.22421221e-01 8.08373960e-01 -3.13189662e-01 1.81994637e-01 1.12156362e+00
3.70000000e+00 5.48431197e-01 7.96559463e-01 -3.00988524e-01 1.94582415e-01 1.09754799e+00
3.80000000e+00 5.76065027e-01 7.86593367e-01 -2.89014091e-01 2.08565184e-01 1.07560746e+00
3.90000000e+00 6.05345250e-01 7.78444089e-01 -2.77158389e-01 2.24127310e-01 1.05560248e+00
4.00000000e+00 6.36272260e-01 7.72097294e-01 -2.65308332e-01 2.41480630e-01 1.03740563e+00
4.10000000e+00 6.68818503e-01 7.67556465e-01 -2.53344006e-01 2.60868452e-01 1.02090047e+00
4.20000000e+00 7.02922140e-01 7.64843634e-01 -2.41136862e-01 2.82569910e-01 1.00598050e+00
4.30000000e+00 7.38480402e-01 7.64000252e-01 -2.28547856e-01 3.06904540e-01 9.92548108e-01
4.40000000e+00 7.75342991e-01 7.65088098e-01 -2.15425636e-01 3.34236826e-01 9.80513734e-01
4.50000000e+00 8.13306050e-01 7.68190081e-01 -2.01604898e-01 3.64980285e-01 9.69794978e-01
4.60000000e+00 8.52107340e-01 7.73410690e-01 -1.86905166e-01 3.99600357e-01 9.60315856e-01
4.70000000e+00 8.91423436e-01 7.80875707e-01 -1.71130375e-01 4.38614957e-01 9.52006082e-01
4.80000000e+00 9.30869793e-01 7.90730588e-01 -1.54069827e-01 4.82590933e-01 9.44800416e-01
4.90000000e+00 9.70004559e-01 8.03136662e-01 -1.35501398e-01 5.32133866e-01 9.38638060e-01
5.00000000e+00 1.00833682e+00 8.18263923e-01 -1.15198180e-01 5.87867563e-01 9.33462103e-01
5.10000000e+00 1.04533971e+00 8.36278794e-01 -9.29402047e-02 6.50398384e-01 9.29218998e-01
5.20000000e+00 1.08046824e+00 8.57324835e-01 -6.85332546e-02 7.20258326e-01 9.25858090e-01
5.30000000e+00 1.11318122e+00 8.81494158e-01 -4.18370086e-02 7.97820140e-01 9.23331166e-01
5.40000000e+00 1.14296593e+00 9.08787592e-01 -1.28044577e-02 8.83178677e-01 9.21592050e-01
5.50000000e+00 1.16936358e+00 9.39063026e-01 1.84668083e-02 9.75996642e-01 9.20596218e-01
5.60000000e+00 1.19199316e+00 9.71974359e-01 5.16739125e-02 1.07532218e+00 9.20300447e-01
5.70000000e+00 1.21057154e+00 1.00690893e+00 8.62464327e-02 1.17940179e+00 9.20662495e-01
5.80000000e+00 1.22492748e+00 1.04293866e+00 1.21297853e-01 1.28553436e+00 9.21640805e-01
5.90000000e+00 1.23500833e+00 1.07880777e+00 1.55613528e-01 1.39003482e+00 9.23194241e-01
6.00000000e+00 1.24087878e+00 1.11298281e+00 1.87700953e-01 1.48838471e+00 9.25281852e-01
6.10000000e+00 1.24271224e+00 1.14378293e+00 2.15920263e-01 1.57562346e+00 9.27862669e-01
6.20000000e+00 1.24077603e+00 1.16958568e+00 2.38690148e-01 1.64696598e+00 9.30895535e-01
6.30000000e+00 1.23541225e+00 1.18907032e+00 2.54731358e-01 1.69853304e+00 9.34338966e-01
6.40000000e+00 1.22701653e+00 1.20143352e+00 2.63282470e-01 1.72799846e+00 9.38151053e-01
6.50000000e+00 1.21601658e+00 1.20650979e+00 2.64220381e-01 1.73495055e+00 9.42289405e-01
6.60000000e+00 1.20285226e+00 1.20475959e+00 2.58048462e-01 1.72085651e+00 9.46711123e-01
6.70000000e+00 1.18795836e+00 1.19713696e+00 2.45764135e-01 1.68866523e+00 9.51372828e-01
6.80000000e+00 1.17175089e+00 1.18488818e+00 2.28657459e-01 1.64220310e+00 9.56230725e-01
6.90000000e+00 1.15461679e+00 1.16934466e+00 2.08103936e-01 1.58555253e+00 9.61240720e-01
7.00000000e+00 1.13690732e+00 1.15175782e+00 1.85399252e-01 1.52255632e+00 9.66358569e-01
7.10000000e+00 1.11893433e+00 1.13319647e+00 1.61656393e-01 1.45650926e+00 9.71540080e-01
7.20000000e+00 1.10096912e+00 1.11450348e+00 1.37762128e-01 1.39002774e+00 9.76741356e-01
7.30000000e+00 1.08324321e+00 1.09629633e+00 1.14377262e-01 1.32505085e+00 9.81919069e-01
7.40000000e+00 1.06595047e+00 1.07899337e+00 9.19626025e-02 1.26291858e+00 9.87030771e-01
7.50000000e+00 1.04925016e+00 1.06285106e+00 7.08158247e-02 1.20448271e+00 9.92035232e-01
7.60000000e+00 1.03327041e+00 1.04800228e+00 5.11094857e-02 1.15022125e+00 9.96892796e-01
7.70000000e+00 1.01811198e+00 1.03449070e+00 3.29249517e-02 1.10034060e+00 1.00156575e+00
7.80000000e+00 1.00385191e+00 1.02229885e+00 1.62801728e-02 1.05485920e+00 1.00601868e+00
7.90000000e+00 9.90546936e-01 1.01136998e+00 1.15111717e-03 1.01367222e+00 1.01021887e+00
8.00000000e+00 9.78236751e-01 1.00162418e+00 -1.25124087e-02 9.76599359e-01 1.01413659e+00
8.10000000e+00 9.66946805e-01 9.92969941e-01 -2.47755097e-02 9.43418922e-01 1.01774545e+00
8.20000000e+00 9.56690811e-01 9.85312214e-01 -3.57104695e-02 9.13891275e-01 1.02102268e+00
8.30000000e+00 9.47472888e-01 9.78557722e-01 -4.53916221e-02 8.87774478e-01 1.02394934e+00
8.40000000e+00 9.39289360e-01 9.72618418e-01 -5.38920916e-02 8.64834235e-01 1.02651051e+00
8.50000000e+00 9.32130262e-01 9.67413554e-01 -6.12818385e-02 8.44849877e-01 1.02869539e+00
8.60000000e+00 9.25980557e-01 9.62870799e-01 -6.76265958e-02 8.27617607e-01 1.03049739e+00
8.70000000e+00 9.20821111e-01 9.58926704e-01 -7.29873969e-02 8.12951910e-01 1.03191410e+00
8.80000000e+00 9.16629460e-01 9.55526718e-01 -7.74204833e-02 8.00685751e-01 1.03294720e+00
8.90000000e+00 9.13380379e-01 9.52624903e-01 -8.09774489e-02 7.90670006e-01 1.03360235e+00
9.00000000e+00 9.11046302e-01 9.50183461e-01 -8.37055227e-02 7.82772416e-01 1.03388898e+00
9.10000000e+00 9.09597608e-01 9.48172120e-01 -8.56479280e-02 7.76876264e-01 1.03382005e+00
9.20000000e+00 9.09002789e-01 9.46567448e-01 -8.68442765e-02 7.72878895e-01 1.03341172e+00
9.30000000e+00 9.09228529e-01 9.45352111e-01 -8.73309774e-02 7.70690156e-01 1.03268309e+00
9.40000000e+00 9.10239713e-01 9.44514099e-01 -8.71416483e-02 7.70230803e-01 1.03165575e+00
9.50000000e+00 9.11999367e-01 9.44045939e-01 -8.63075254e-02 7.71430888e-01 1.03035346e+00
9.60000000e+00 9.14468569e-01 9.43943887e-01 -8.48578738e-02 7.74228139e-01 1.02880176e+00
9.70000000e+00 9.17606323e-01 9.44207123e-01 -8.28204047e-02 7.78566313e-01 1.02702753e+00
9.80000000e+00 9.21369422e-01 9.44836932e-01 -8.02217026e-02 7.84393527e-01 1.02505863e+00
9.90000000e+00 9.25712307e-01 9.45835885e-01 -7.70876728e-02 7.91660540e-01 1.02292356e+00
1.00000000e+01 9.30586951e-01 9.47207009e-01 -7.34440133e-02 8.00318982e-01 1.02065102e+00
1.01000000e+01 9.35942752e-01 9.48952950e-01 -6.93167182e-02 8.10319514e-01 1.01826967e+00
1.02000000e+01 9.41726480e-01 9.51075135e-01 -6.47326141e-02 8.21609907e-01 1.01580775e+00
1.03000000e+01 9.47882275e-01 9.53572924e-01 -5.97199309e-02 8.34133062e-01 1.01329285e+00
1.04000000e+01 9.54351701e-01 9.56442765e-01 -5.43089018e-02 8.47824962e-01 1.01075167e+00
1.05000000e+01 9.61073891e-01 9.59677364e-01 -4.85323855e-02 8.62612593e-01 1.00820975e+00
1.06000000e+01 9.67985766e-01 9.63264872e-01 -4.24264929e-02 8.78411886e-01 1.00569136e+00
1.07000000e+01 9.75022354e-01 9.67188126e-01 -3.60311995e-02 8.95125727e-01 1.00321933e+00
1.08000000e+01 9.82117210e-01 9.71423964e-01 -2.93909116e-02 9.12642140e-01 1.00081488e+00
1.09000000e+01 9.89202930e-01 9.75942637e-01 -2.25549514e-02 9.30832734e-01 9.98497588e-01
1.10000000e+01 9.96211773e-01 9.80707391e-01 -1.55779145e-02 9.49551562e-01 9.96285306e-01
1.11000000e+01 1.00307636e+00 9.85674231e-01 -8.51985234e-03 9.68634527e-01 9.94194084e-01
1.12000000e+01 1.00973046e+00 9.90791944e-01 -1.44622444e-03 9.87899495e-01 9.92238168e-01
1.13000000e+01 1.01610986e+00 9.96002413e-01 5.57243056e-03 1.00714727e+00 9.90429982e-01
1.14000000e+01 1.02215322e+00 1.00124128e+00 1.24611505e-02 1.02616358e+00 9.88780131e-01
1.15000000e+01 1.02780300e+00 1.00643898e+00 1.91415643e-02 1.04472211e+00 9.87297418e-01
1.16000000e+01 1.03300636e+00 1.01152215e+00 2.55332776e-02 1.06258871e+00 9.85988874e-01
1.17000000e+01 1.03771599e+00 1.01641540e+00 3.15556135e-02 1.07952663e+00 9.84859790e-01
1.18000000e+01 1.04189089e+00 1.02104343e+00 3.71296622e-02 1.09530275e+00 9.83913767e-01
1.19000000e+01 1.04549708e+00 1.02533332e+00 4.21805551e-02 1.10969443e+00 9.83152762e-01
1.20000000e+01 1.04850808e+00 1.02921700e+00 4.66398500e-02 1.12249670e+00 9.82577146e-01
1.21000000e+01 1.05090538e+00 1.03263365e+00 5.04478852e-02 1.13352942e+00 9.82185762e-01
1.22000000e+01 1.05267859e+00 1.03553194e+00 5.35559467e-02 1.14264383e+00 9.81975993e-01
1.23000000e+01 1.05382558e+00 1.03787192e+00 5.59280933e-02 1.14972811e+00 9.81943827e-01
1.24000000e+01 1.05435227e+00 1.03962643e+00 5.75425014e-02 1.15471143e+00 9.82083929e-01
1.25000000e+01 1.05427239e+00 1.04078195e+00 5.83922270e-02 1.15756640e+00 9.82389718e-01
1.26000000e+01 1.05360700e+00 1.04133877e+00 5.84853263e-02 1.15830942e+00 9.82853444e-01
1.27000000e+01 1.05238392e+00 1.04131060e+00 5.78443316e-02 1.15699926e+00 9.83466269e-01
1.28000000e+01 1.05063700e+00 1.04072349e+00 5.65051318e-02 1.15373375e+00 9.84218356e-01
1.29000000e+01 1.04840531e+00 1.03961431e+00 5.45153522e-02 1.14864501e+00 9.85098957e-01
1.30000000e+01 1.04573233e+00 1.03802887e+00 5.19323616e-02 1.14189359e+00 9.86096506e-01
1.31000000e+01 1.04266499e+00 1.03601978e+00 4.88210534e-02 1.13366188e+00 9.87198722e-01
1.32000000e+01 1.03925284e+00 1.03364426e+00 4.52515475e-02 1.12414735e+00 9.88392709e-01
1.33000000e+01 1.03554713e+00 1.03096201e+00 4.12969471e-02 1.11355590e+00 9.89665062e-01
1.34000000e+01 1.03159997e+00 1.02803324e+00 3.70312625e-02 1.10209577e+00 9.91001981e-01
1.35000000e+01 1.02746362e+00 1.02491697e+00 3.25275834e-02 1.08997214e+00 9.92389385e-01
1.36000000e+01 1.02318968e+00 1.02166958e+00 2.78565492e-02 1.07738268e+00 9.93813034e-01
1.37000000e+01 1.01882857e+00 1.01834378e+00 2.30851404e-02 1.06451406e+00 9.95258642e-01
1.38000000e+01 1.01442892e+00 1.01498780e+00 1.82757870e-02 1.05153937e+00 9.96712008e-01
1.39000000e+01 1.01003714e+00 1.01164491e+00 1.34857717e-02 1.03861645e+00 9.98159137e-01
1.40000000e+01 1.00569706e+00 1.00835325e+00 8.76689338e-03 1.02588704e+00 9.99586361e-01
1.41000000e+01 1.00144964e+00 1.00514581e+00 4.16534969e-03 1.01347651e+00 1.00098046e+00
1.42000000e+01 9.97332747e-01 1.00205059e+00 -2.78206098e-04 1.00149418e+00 1.00232880e+00
1.43000000e+01 9.93380999e-01 9.99090923e-01 -4.52847579e-03 9.90033971e-01 1.00361940e+00
1.44000000e+01 9.89625699e-01 9.96285857e-01 -8.55523360e-03 9.79175390e-01 1.00484109e+00
1.45000000e+01 9.86094777e-01 9.93650608e-01 -1.23329836e-02 9.68984641e-01 1.00598359e+00
1.46000000e+01 9.82812795e-01 9.91197013e-01 -1.58405848e-02 9.59515844e-01 1.00703760e+00
1.47000000e+01 9.79800981e-01 9.88934004e-01 -1.90608669e-02 9.50812270e-01 1.00799487e+00
1.48000000e+01 9.77077290e-01 9.86868049e-01 -2.19802518e-02 9.42907545e-01 1.00884830e+00
1.49000000e+01 9.74656479e-01 9.85003569e-01 -2.45883948e-02 9.35826780e-01 1.00959196e+00
1.50000000e+01 9.72550202e-01 9.83343314e-01 -2.68778522e-02 9.29587610e-01 1.01022117e+00
1.51000000e+01 9.70767113e-01 9.81888687e-01 -2.88437816e-02 9.24201124e-01 1.01073247e+00
1.52000000e+01 9.69312965e-01 9.80640023e-01 -3.04836764e-02 9.19672670e-01 1.01112370e+00
1.53000000e+01 9.68190725e-01 9.79596817e-01 -3.17971363e-02 9.16002544e-01 1.01139395e+00
1.54000000e+01 9.67400676e-01 9.78757901e-01 -3.27856728e-02 9.13186555e-01 1.01154357e+00
1.55000000e+01 9.66940525e-01 9.78121571e-01 -3.34525479e-02 9.11216476e-01 1.01157412e+00
1.56000000e+01 9.66805505e-01 9.77685676e-01 -3.38026451e-02 9.10080385e-01 1.01148832e+00
1.57000000e+01 9.66988481e-01 9.77447652e-01 -3.38423694e-02 9.09762913e-01 1.01129002e+00
1.58000000e+01 9.67480040e-01 9.77404534e-01 -3.35795729e-02 9.10245388e-01 1.01098411e+00
1.59000000e+01 9.68268599e-01 9.77552920e-01 -3.30235051e-02 9.11505910e-01 1.01057643e+00
1.60000000e+01 9.69340502e-01 9.77888915e-01 -3.21847831e-02 9.13519349e-01 1.01007370e+00
1.61000000e+01 9.70680122e-01 9.78408044e-01 -3.10753785e-02 9.16257287e-01 1.00948342e+00
1.62000000e+01 9.72269968e-01 9.79105154e-01 -2.97086192e-02 9.19687915e-01 1.00881377e+00
1.63000000e+01 9.74090802e-01 9.79974289e-01 -2.80991994e-02 9.23775890e-01 1.00807349e+00
1.64000000e+01 9.76121762e-01 9.81008573e-01 -2.62631968e-02 9.28482179e-01 1.00727177e+00
1.65000000e+01 9.78340492e-01 9.82200076e-01 -2.42180905e-02 9.33763894e-01 1.00641817e+00
1.66000000e+01 9.80723299e-01 9.83539694e-01 -2.19827750e-02 9.39574143e-01 1.00552247e+00
1.67000000e+01 9.83245307e-01 9.85017035e-01 -1.95775658e-02 9.45861904e-01 1.00459460e+00
1.68000000e+01 9.85880639e-01 9.86620327e-01 -1.70241899e-02 9.52571947e-01 1.00364452e+00
1.69000000e+01 9.88602614e-01 9.88336342e-01 -1.43457568e-02 9.59644829e-01 1.00268210e+00
1.70000000e+01 9.91383958e-01 9.90150364e-01 -1.15667020e-02 9.67016960e-01 1.00171707e+00
1.71000000e+01 9.94197031e-01 9.92046182e-01 -8.71269897e-03 9.74620784e-01 1.00075888e+00
1.72000000e+01 9.97014077e-01 9.94006138e-01 -5.81053371e-03 9.82385070e-01 9.99816672e-01
1.73000000e+01 9.99807478e-01 9.96011217e-01 -2.88793674e-03 9.90235344e-01 9.98899154e-01
1.74000000e+01 1.00255003e+00 9.98041193e-01 2.66299506e-05 9.98094453e-01 9.98014563e-01
1.75000000e+01 1.00521519e+00 1.00007483e+00 2.90423327e-03 1.00588329e+00 9.97170594e-01
1.76000000e+01 1.00777743e+00 1.00209012e+00 5.71577615e-03 1.01352168e+00 9.96374348e-01
1.77000000e+01 1.01021242e+00 1.00406463e+00 8.43234884e-03 1.02092933e+00 9.95632285e-01
1.78000000e+01 1.01249738e+00 1.00597581e+00 1.10256189e-02 1.02802705e+00 9.94950189e-01
1.79000000e+01 1.01461130e+00 1.00780138e+00 1.34682518e-02 1.03473789e+00 9.94333132e-01
1.80000000e+01 1.01653519e+00 1.00951981e+00 1.57343513e-02 1.04098851e+00 9.93785457e-01
1.81000000e+01 1.01825232e+00 1.01111066e+00 1.77999065e-02 1.04671047e+00 9.93310754e-01
1.82000000e+01 1.01974840e+00 1.01255508e+00 1.96432304e-02 1.05184154e+00 9.92911852e-01
1.83000000e+01 1.02101173e+00 1.01383619e+00 2.12453730e-02 1.05632694e+00 9.92590818e-01
1.84000000e+01 1.02203335e+00 1.01493945e+00 2.25904942e-02 1.06012044e+00 9.92348954e-01
1.85000000e+01 1.02280713e+00 1.01585299e+00 2.36661785e-02 1.06318534e+00 9.92186808e-01
1.86000000e+01 1.02332976e+00 1.01656787e+00 2.44636799e-02 1.06549522e+00 9.92104185e-01
1.87000000e+01 1.02360081e+00 1.01707825e+00 2.49780836e-02 1.06703442e+00 9.92100167e-01
1.88000000e+01 1.02362266e+00 1.01738151e+00 2.52083788e-02 1.06779827e+00 9.92173135e-01
1.89000000e+01 1.02340042e+00 1.01747824e+00 2.51574387e-02 1.06779312e+00 9.92320799e-01
1.90000000e+01 1.02294181e+00 1.01737214e+00 2.48319075e-02 1.06703595e+00 9.92540229e-01
1.91000000e+01 1.02225699e+00 1.01706989e+00 2.42420014e-02 1.06555390e+00 9.92827892e-01
1.92000000e+01 1.02135840e+00 1.01658093e+00 2.34012320e-02 1.06338339e+00 9.93179695e-01
1.93000000e+01 1.02026048e+00 1.01591709e+00 2.23260632e-02 1.06056922e+00 9.93591027e-01
1.94000000e+01 1.01897952e+00 1.01509233e+00 2.10355182e-02 1.05716336e+00 9.94056810e-01
1.95000000e+01 1.01753332e+00 1.01412230e+00 1.95507508e-02 1.05322380e+00 9.94571548e-01
1.96000000e+01 1.01594098e+00 1.01302398e+00 1.78945973e-02 1.04881318e+00 9.95129384e-01
1.97000000e+01 1.01422259e+00 1.01181528e+00 1.60911252e-02 1.04399753e+00 9.95724156e-01
1.98000000e+01 1.01239900e+00 1.01051465e+00 1.41651918e-02 1.03884503e+00 9.96349456e-01
1.99000000e+01 1.01049153e+00 1.00914072e+00 1.21420249e-02 1.03342477e+00 9.96998691e-01
2.00000000e+01 1.00852169e+00 1.00771198e+00 1.00468350e-02 1.02780565e+00 9.97665149e-01
2.01000000e+01 1.00651099e+00 1.00624653e+00 7.90446709e-03 1.02205546e+00 9.98342058e-01
2.02000000e+01 1.00448067e+00 1.00476175e+00 5.73909448e-03 1.01623993e+00 9.99022651e-01
2.03000000e+01 1.00245150e+00 1.00327419e+00 3.57395870e-03 1.01042211e+00 9.99700232e-01
2.04000000e+01 1.00044356e+00 1.00179939e+00 1.43115455e-03 1.00466170e+00 1.00036824e+00
2.05000000e+01 9.98476120e-01 1.00035175e+00 -6.68541033e-04 9.99014670e-01 1.00102029e+00
2.06000000e+01 9.96567449e-01 9.98944485e-01 -2.70579925e-03 9.93532887e-01 1.00165028e+00
2.07000000e+01 9.94734683e-01 9.97589570e-01 -4.66283279e-03 9.88263905e-01 1.00225240e+00
2.08000000e+01 9.92993720e-01 9.96297748e-01 -6.52345655e-03 9.83250835e-01 1.00282120e+00
2.09000000e+01 9.91359126e-01 9.95078537e-01 -8.27312061e-03 9.78532295e-01 1.00335166e+00
2.10000000e+01 9.89844051e-01 9.93940267e-01 -9.89892010e-03 9.74142427e-01 1.00383919e+00
2.11000000e+01 9.88460175e-01 9.92890134e-01 -1.13895865e-02 9.70110961e-01 1.00427972e+00
2.12000000e+01 9.87217659e-01 9.91934248e-01 -1.27354644e-02 9.66463319e-01 1.00466971e+00
2.13000000e+01 9.86125115e-01 9.91077704e-01 -1.39284782e-02 9.63220747e-01 1.00500618e+00
2.14000000e+01 9.85189588e-01 9.90324641e-01 -1.49620911e-02 9.60400459e-01 1.00528673e+00
2.15000000e+01 9.84416552e-01 9.89678306e-01 -1.58312595e-02 9.58015787e-01 1.00550957e+00
2.16000000e+01 9.83809905e-01 9.89141107e-01 -1.65323860e-02 9.56076335e-01 1.00567349e+00
2.17000000e+01 9.83371991e-01 9.88714667e-01 -1.70632707e-02 9.54588126e-01 1.00577794e+00
2.18000000e+01 9.83103616e-01 9.88399865e-01 -1.74230648e-02 9.53553736e-01 1.00582293e+00
2.19000000e+01 9.83004082e-01 9.88196874e-01 -1.76122249e-02 9.52972424e-01 1.00580910e+00
2.20000000e+01 9.83071219e-01 9.88105180e-01 -1.76324698e-02 9.52840241e-01 1.00573765e+00
2.21000000e+01 9.83301434e-01 9.88123610e-01 -1.74867403e-02 9.53150129e-01 1.00561035e+00
2.22000000e+01 9.83689756e-01 9.88250331e-01 -1.71791602e-02 9.53892011e-01 1.00542949e+00
2.23000000e+01 9.84229903e-01 9.88482863e-01 -1.67149998e-02 9.55052863e-01 1.00519786e+00
2.24000000e+01 9.84914339e-01 9.88818067e-01 -1.61006394e-02 9.56616788e-01 1.00491871e+00
2.25000000e+01 9.85734350e-01 9.89252146e-01 -1.53435339e-02 9.58565079e-01 1.00459568e+00
2.26000000e+01 9.86680121e-01 9.89780636e-01 -1.44521748e-02 9.60876286e-01 1.00423281e+00
2.27000000e+01 9.87740826e-01 9.90398390e-01 -1.34360505e-02 9.63526289e-01 1.00383444e+00
2.28000000e+01 9.88904718e-01 9.91099580e-01 -1.23056018e-02 9.66488376e-01 1.00340518e+00
2.29000000e+01 9.90159232e-01 9.91877689e-01 -1.10721721e-02 9.69733345e-01 1.00294986e+00
2.30000000e+01 9.91491094e-01 9.92725520e-01 -9.74795005e-03 9.73229620e-01 1.00247347e+00
2.31000000e+01 9.92886434e-01 9.93635203e-01 -8.34590304e-03 9.76943397e-01 1.00198111e+00
2.32000000e+01 9.94330915e-01 9.94598221e-01 -6.87970071e-03 9.80838820e-01 1.00147792e+00
2.33000000e+01 9.95809855e-01 9.95605450e-01 -5.36362642e-03 9.84878197e-01 1.00096908e+00
2.34000000e+01 9.97308367e-01 9.96647201e-01 -3.81247609e-03 9.89022249e-01 1.00045968e+00
2.35000000e+01 9.98811496e-01 9.97713296e-01 -2.24144358e-03 9.93230409e-01 9.99954739e-01
2.36000000e+01 1.00030436e+00 9.98793140e-01 -6.65992417e-04 9.97461155e-01 9.99459133e-01
2.37000000e+01 1.00177230e+00 9.99875827e-01 8.98285967e-04 1.00167240e+00 9.98977541e-01
2.38000000e+01 1.00320103e+00 1.00095025e+00 2.43582645e-03 1.00582190e+00 9.98514421e-01
2.39000000e+01 1.00457676e+00 1.00200522e+00 3.93125555e-03 1.00986773e+00 9.98073964e-01
2.40000000e+01 1.00588636e+00 1.00302963e+00 5.36956564e-03 1.01376876e+00 9.97660063e-01
2.41000000e+01 1.00711749e+00 1.00401258e+00 6.73629525e-03 1.01748517e+00 9.97276281e-01
2.42000000e+01 1.00825873e+00 1.00494354e+00 8.01771205e-03 1.02097896e+00 9.96925825e-01
2.43000000e+01 1.00929969e+00 1.00581252e+00 9.20099458e-03 1.02421451e+00 9.96611525e-01
2.44000000e+01 1.01023114e+00 1.00661022e+00 1.02744085e-02 1.02715904e+00 9.96335813e-01
2.45000000e+01 1.01104506e+00 1.00732818e+00 1.12274727e-02 1.02978313e+00 9.96100708e-01
2.46000000e+01 1.01173479e+00 1.00795892e+00 1.20511104e-02 1.03206114e+00 9.95907809e-01
2.47000000e+01 1.01229504e+00 1.00849606e+00 1.27377821e-02 1.03397163e+00 9.95758283e-01
2.48000000e+01 1.01272195e+00 1.00893446e+00 1.32815940e-02 1.03549765e+00 9.95652867e-01
2.49000000e+01 1.01301314e+00 1.00927025e+00 1.36783811e-02 1.03662701e+00 9.95591864e-01
2.50000000e+01 1.01316767e+00 1.00950091e+00 1.39257602e-02 1.03735243e+00 9.95575153e-01
2.51000000e+01 1.01318611e+00 1.00962534e+00 1.40231522e-02 1.03767165e+00 9.95602191e-01
2.52000000e+01 1.01307042e+00 1.00964380e+00 1.39717729e-02 1.03758735e+00 9.95672029e-01
2.53000000e+01 1.01282398e+00 1.00955792e+00 1.37745917e-02 1.03710710e+00 9.95783326e-01
2.54000000e+01 1.01245150e+00 1.00937063e+00 1.34362606e-02 1.03624315e+00 9.95934366e-01
2.55000000e+01 1.01195891e+00 1.00908609e+00 1.29630153e-02 1.03501213e+00 9.96123080e-01
2.56000000e+01 1.01135334e+00 1.00870962e+00 1.23625516e-02 1.03343472e+00 9.96347068e-01
2.57000000e+01 1.01064293e+00 1.00824751e+00 1.16438808e-02 1.03153527e+00 9.96603630e-01
2.58000000e+01 1.00983681e+00 1.00770696e+00 1.08171684e-02 1.02934129e+00 9.96889788e-01
2.59000000e+01 1.00894487e+00 1.00709589e+00 9.89356105e-03 1.02688301e+00 9.97202326e-01
2.60000000e+01 1.00797775e+00 1.00642282e+00 8.88500573e-03 1.02419283e+00 9.97537813e-01
2.61000000e+01 1.00694659e+00 1.00569671e+00 7.80406574e-03 1.02130484e+00 9.97892645e-01
2.62000000e+01 1.00586298e+00 1.00492682e+00 6.66373808e-03 1.01825429e+00 9.98263078e-01
2.63000000e+01 1.00473879e+00 1.00412254e+00 5.47727550e-03 1.01507709e+00 9.98645266e-01
2.64000000e+01 1.00358606e+00 1.00329332e+00 4.25801659e-03 1.01180935e+00 9.99035299e-01
2.65000000e+01 1.00241682e+00 1.00244846e+00 3.01922649e-03 1.00848692e+00 9.99429237e-01
2.66000000e+01 1.00124304e+00 1.00159711e+00 1.77395005e-03 1.00514501e+00 9.99823156e-01
2.67000000e+01 1.00007644e+00 1.00074806e+00 5.34879058e-04 1.00181782e+00 1.00021318e+00
2.68000000e+01 9.98928444e-01 9.99909751e-01 -6.85765915e-04 9.98538219e-01 1.00059552e+00
2.69000000e+01 9.97810019e-01 9.99090163e-01 -1.87633867e-03 9.95337485e-01 1.00096650e+00
2.70000000e+01 9.96731623e-01 9.98296769e-01 -3.02585570e-03 9.92245057e-01 1.00132262e+00
2.71000000e+01 9.95703099e-01 9.97536497e-01 -4.12407029e-03 9.89288357e-01 1.00166057e+00
2.72000000e+01 9.94733608e-01 9.96815701e-01 -5.16153311e-03 9.86492635e-01 1.00197723e+00
2.73000000e+01 9.93831557e-01 9.96140136e-01 -6.12964039e-03 9.83880855e-01 1.00226978e+00
2.74000000e+01 9.93004543e-01 9.95514954e-01 -7.02067091e-03 9.81473612e-01 1.00253562e+00
2.75000000e+01 9.92259303e-01 9.94944692e-01 -7.82781277e-03 9.79289067e-01 1.00277251e+00
2.76000000e+01 9.91601680e-01 9.94433283e-01 -8.54518150e-03 9.77342920e-01 1.00297846e+00
2.77000000e+01 9.91036584e-01 9.93984051e-01 -9.16783038e-03 9.75648390e-01 1.00315188e+00
2.78000000e+01 9.90567977e-01 9.93599727e-01 -9.69175423e-03 9.74216219e-01 1.00329148e+00
2.79000000e+01 9.90198853e-01 9.93282459e-01 -1.01138876e-02 9.73054684e-01 1.00339635e+00
2.80000000e+01 9.89931234e-01 9.93033818e-01 -1.04320984e-02 9.72169621e-01 1.00346592e+00
2.81000000e+01 9.89766170e-01 9.92854817e-01 -1.06451771e-02 9.71564463e-01 1.00349999e+00
2.82000000e+01 9.89703745e-01 9.92745915e-01 -1.07528227e-02 9.71240270e-01 1.00349874e+00
2.83000000e+01 9.89743094e-01 9.92707034e-01 -1.07556260e-02 9.71195782e-01 1.00346266e+00
2.84000000e+01 9.89882425e-01 9.92737563e-01 -1.06550492e-02 9.71427465e-01 1.00339261e+00
2.85000000e+01 9.90119043e-01 9.92836373e-01 -1.04534034e-02 9.71929566e-01 1.00328978e+00
2.86000000e+01 9.90449386e-01 9.93001819e-01 -1.01538235e-02 9.72694172e-01 1.00315564e+00
2.87000000e+01 9.90869067e-01 9.93231755e-01 -9.76023937e-03 9.73711277e-01 1.00299199e+00
2.88000000e+01 9.91372917e-01 9.93523539e-01 -9.27734471e-03 9.74968849e-01 1.00280088e+00
2.89000000e+01 9.91955036e-01 9.93874041e-01 -8.71056213e-03 9.76452917e-01 1.00258460e+00
2.90000000e+01 9.92608856e-01 9.94279662e-01 -8.06600425e-03 9.78147654e-01 1.00234567e+00
2.91000000e+01 9.93327196e-01 9.94736341e-01 -7.35043058e-03 9.80035480e-01 1.00208677e+00
2.92000000e+01 9.94102335e-01 9.95239577e-01 -6.57119962e-03 9.82097178e-01 1.00181078e+00
2.93000000e+01 9.94926083e-01 9.95784447e-01 -5.73621569e-03 9.84312016e-01 1.00152066e+00
2.94000000e+01 9.95789857e-01 9.96365640e-01 -4.85387028e-03 9.86657899e-01 1.00121951e+00
2.95000000e+01 9.96684762e-01 9.96977479e-01 -3.93297743e-03 9.89111524e-01 1.00091046e+00
2.96000000e+01 9.97601676e-01 9.97613971e-01 -2.98270306e-03 9.91648564e-01 1.00059667e+00
2.97000000e+01 9.98531339e-01 9.98268841e-01 -2.01248817e-03 9.94243865e-01 1.00028133e+00
2.98000000e+01 9.99464435e-01 9.98935592e-01 -1.03196613e-03 9.96871660e-01 9.99967559e-01
2.99000000e+01 1.00039169e+00 9.99607560e-01 -5.08743222e-05 9.99505812e-01 9.99658435e-01
3.00000000e+01 1.00130397e+00 1.00027798e+00 9.21039317e-04 1.00212006e+00 9.99356938e-01
3.01000000e+01 1.00219234e+00 1.00094004e+00 1.87411389e-03 1.00468827e+00 9.99065929e-01
3.02000000e+01 1.00304819e+00 1.00158700e+00 2.79887636e-03 1.00718475e+00 9.98788123e-01
3.03000000e+01 1.00386332e+00 1.00221221e+00 3.68614430e-03 1.00958450e+00 9.98526068e-01
3.04000000e+01 1.00462997e+00 1.00280925e+00 4.52712890e-03 1.01186351e+00 9.98282119e-01
3.05000000e+01 1.00534097e+00 1.00337196e+00 5.31353682e-03 1.01399903e+00 9.98058422e-01
3.06000000e+01 1.00598977e+00 1.00389456e+00 6.03766874e-03 1.01596990e+00 9.97856894e-01
3.07000000e+01 1.00657052e+00 1.00437172e+00 6.69251291e-03 1.01775675e+00 9.97679211e-01
3.08000000e+01 1.00707811e+00 1.00479862e+00 7.27183169e-03 1.01934229e+00 9.97526793e-01
3.09000000e+01 1.00750826e+00 1.00517104e+00 7.77023911e-03 1.02071151e+00 9.97400797e-01
3.10000000e+01 1.00785749e+00 1.00548537e+00 8.18326770e-03 1.02185191e+00 9.97302107e-01
3.11000000e+01 1.00812324e+00 1.00573876e+00 8.50742314e-03 1.02275360e+00 9.97231332e-01
3.12000000e+01 1.00830380e+00 1.00592903e+00 8.74022505e-03 1.02340948e+00 9.97188804e-01
3.13000000e+01 1.00839841e+00 1.00605481e+00 8.88023334e-03 1.02381527e+00 9.97174574e-01
3.14000000e+01 1.00840716e+00 1.00611548e+00 8.92705907e-03 1.02396960e+00 9.97188423e-01
3.15000000e+01 1.00833107e+00 1.00611122e+00 8.88135977e-03 1.02387394e+00 9.97229861e-01
3.16000000e+01 1.00817201e+00 1.00604296e+00 8.74481936e-03 1.02353260e+00 9.97298138e-01
3.17000000e+01 1.00793267e+00 1.00591237e+00 8.52011307e-03 1.02295259e+00 9.97392253e-01
3.18000000e+01 1.00761657e+00 1.00572182e+00 8.21085835e-03 1.02214354e+00 9.97510966e-01
3.19000000e+01 1.00722795e+00 1.00547437e+00 7.82155311e-03 1.02111748e+00 9.97652816e-01
3.20000000e+01 1.00677173e+00 1.00517364e+00 7.35750263e-03 1.01988864e+00 9.97816133e-01
3.21000000e+01 1.00625346e+00 1.00482379e+00 6.82473701e-03 1.01847327e+00 9.97999057e-01
3.22000000e+01 1.00567925e+00 1.00442948e+00 6.22992105e-03 1.01688932e+00 9.98199560e-01
3.23000000e+01 1.00505567e+00 1.00399572e+00 5.58025850e-03 1.01515624e+00 9.98415465e-01
3.24000000e+01 1.00438971e+00 1.00352786e+00 4.88339269e-03 1.01329465e+00 9.98644469e-01
3.25000000e+01 1.00368865e+00 1.00303147e+00 4.14730542e-03 1.01132608e+00 9.98884166e-01
3.26000000e+01 1.00296003e+00 1.00251229e+00 3.38021602e-03 1.00927272e+00 9.99132073e-01
3.27000000e+01 1.00221153e+00 1.00197613e+00 2.59048212e-03 1.00715710e+00 9.99385650e-01
3.28000000e+01 1.00145090e+00 1.00142884e+00 1.78650364e-03 1.00500184e+00 9.99642333e-01
3.29000000e+01 1.00068590e+00 1.00087618e+00 9.76631200e-04 1.00282944e+00 9.99899550e-01
3.30000000e+01 9.99924191e-01 1.00032384e+00 1.69080064e-04 1.00066200e+00 1.00015476e+00
3.31000000e+01 9.99173268e-01 9.99777297e-01 -6.28149809e-04 9.98520997e-01 1.00040545e+00
3.32000000e+01 9.98440407e-01 9.99241847e-01 -1.40734689e-03 9.96427153e-01 1.00064919e+00
3.33000000e+01 9.97732585e-01 9.98722506e-01 -2.16115413e-03 9.94400198e-01 1.00088366e+00
3.34000000e+01 9.97056419e-01 9.98223998e-01 -2.88262776e-03 9.92458743e-01 1.00110663e+00
3.35000000e+01 9.96418115e-01 9.97750721e-01 -3.56528889e-03 9.90620143e-01 1.00131601e+00
3.36000000e+01 9.95823410e-01 9.97306718e-01 -4.20316803e-03 9.88900382e-01 1.00150989e+00
3.37000000e+01 9.95277537e-01 9.96895661e-01 -4.79084272e-03 9.87313975e-01 1.00168650e+00
3.38000000e+01 9.94785175e-01 9.96520833e-01 -5.32346881e-03 9.85873896e-01 1.00184430e+00
3.39000000e+01 9.94350423e-01 9.96185120e-01 -5.79680546e-03 9.84591509e-01 1.00198193e+00
3.40000000e+01 9.93976768e-01 9.95890999e-01 -6.20723460e-03 9.83476530e-01 1.00209823e+00
3.41000000e+01 9.93667069e-01 9.95640537e-01 -6.55177498e-03 9.82536987e-01 1.00219231e+00
3.42000000e+01 9.93423533e-01 9.95435385e-01 -6.82809135e-03 9.81779202e-01 1.00226348e+00
3.43000000e+01 9.93247711e-01 9.95276782e-01 -7.03449916e-03 9.81207784e-01 1.00231128e+00
3.44000000e+01 9.93140491e-01 9.95165553e-01 -7.16996498e-03 9.80825623e-01 1.00233552e+00
3.45000000e+01 9.93102102e-01 9.95102114e-01 -7.23410303e-03 9.80633908e-01 1.00233622e+00
3.46000000e+01 9.93132113e-01 9.95086475e-01 -7.22716797e-03 9.80632139e-01 1.00231364e+00
3.47000000e+01 9.93229455e-01 9.95118245e-01 -7.15004422e-03 9.80818157e-01 1.00226829e+00
3.48000000e+01 9.93392428e-01 9.95196642e-01 -7.00423171e-03 9.81188178e-01 1.00220087e+00
3.49000000e+01 9.93618729e-01 9.95320495e-01 -6.79182836e-03 9.81736838e-01 1.00211232e+00
3.50000000e+01 9.93905475e-01 9.95488257e-01 -6.51550915e-03 9.82457238e-01 1.00200377e+00
3.51000000e+01 9.94249239e-01 9.95698015e-01 -6.17850177e-03 9.83341011e-01 1.00187652e+00
3.52000000e+01 9.94646078e-01 9.95947502e-01 -5.78455877e-03 9.84378384e-01 1.00173206e+00
3.53000000e+01 9.95091579e-01 9.96234109e-01 -5.33792624e-03 9.85558257e-01 1.00157204e+00
3.54000000e+01 9.95580902e-01 9.96554907e-01 -4.84330878e-03 9.86868289e-01 1.00139822e+00
3.55000000e+01 9.96108824e-01 9.96906659e-01 -4.30583082e-03 9.88294997e-01 1.00121249e+00
3.56000000e+01 9.96669793e-01 9.97285848e-01 -3.73099406e-03 9.89823860e-01 1.00101684e+00
3.57000000e+01 9.97257981e-01 9.97688700e-01 -3.12463128e-03 9.91439437e-01 1.00081333e+00
3.58000000e+01 9.97867341e-01 9.98111211e-01 -2.49285630e-03 9.93125499e-01 1.00060407e+00
3.59000000e+01 9.98491663e-01 9.98549183e-01 -1.84201037e-03 9.94865162e-01 1.00039119e+00
3.60000000e+01 9.99124639e-01 9.98998254e-01 -1.17860509e-03 9.96641044e-01 1.00017686e+00
3.61000000e+01 9.99759921e-01 9.99453943e-01 -5.09262221e-04 9.98435419e-01 9.99963205e-01
3.62000000e+01 1.00039118e+00 9.99911686e-01 1.59349216e-04 1.00023038e+00 9.99752336e-01
3.63000000e+01 1.00101219e+00 1.00036688e+00 8.20578147e-04 1.00200804e+00 9.99546306e-01
3.64000000e+01 1.00161685e+00 1.00081495e+00 1.46785820e-03 1.00375067e+00 9.99347094e-01
3.65000000e+01 1.00219928e+00 1.00125137e+00 2.09477536e-03 1.00544092e+00 9.99156590e-01
3.66000000e+01 1.00275386e+00 1.00167171e+00 2.69513570e-03 1.00706198e+00 9.98976575e-01
3.67000000e+01 1.00327530e+00 1.00207174e+00 3.26303222e-03 1.00859780e+00 9.98808705e-01
3.68000000e+01 1.00375869e+00 1.00244741e+00 3.79290986e-03 1.01003323e+00 9.98654498e-01
3.69000000e+01 1.00419952e+00 1.00279495e+00 4.27962763e-03 1.01135420e+00 9.98515321e-01
3.70000000e+01 1.00459376e+00 1.00311089e+00 4.71851685e-03 1.01254793e+00 9.98392376e-01
3.71000000e+01 1.00493791e+00 1.00339213e+00 5.10543437e-03 1.01360300e+00 9.98286696e-01
3.72000000e+01 1.00522898e+00 1.00363594e+00 5.43680991e-03 1.01450956e+00 9.98199129e-01
3.73000000e+01 1.00546457e+00 1.00384003e+00 5.70968651e-03 1.01525940e+00 9.98130341e-01
3.74000000e+01 1.00564284e+00 1.00400256e+00 5.92175340e-03 1.01584606e+00 9.98080804e-01
3.75000000e+01 1.00576259e+00 1.00412217e+00 6.07137039e-03 1.01626491e+00 9.98050798e-01
3.76000000e+01 1.00582321e+00 1.00419799e+00 6.15758368e-03 1.01651316e+00 9.98040409e-01
3.77000000e+01 1.00582470e+00 1.00422967e+00 6.18013232e-03 1.01658993e+00 9.98049533e-01
3.78000000e+01 1.00576768e+00 1.00421732e+00 6.13944558e-03 1.01649621e+00 9.98077874e-01
3.79000000e+01 1.00565335e+00 1.00416158e+00 6.03663106e-03 1.01623484e+00 9.98124952e-01
3.80000000e+01 1.00548350e+00 1.00406356e+00 5.87345393e-03 1.01581047e+00 9.98190109e-01
3.81000000e+01 1.00526044e+00 1.00392483e+00 5.65230778e-03 1.01522944e+00 9.98272518e-01
3.82000000e+01 1.00498702e+00 1.00374737e+00 5.37617760e-03 1.01449972e+00 9.98371192e-01
3.83000000e+01 1.00466657e+00 1.00353359e+00 5.04859578e-03 1.01363078e+00 9.98484993e-01
3.84000000e+01 1.00430284e+00 1.00328624e+00 4.67359202e-03 1.01263342e+00 9.98612646e-01
3.85000000e+01 1.00389999e+00 1.00300839e+00 4.25563811e-03 1.01151967e+00 9.98752755e-01
3.86000000e+01 1.00346252e+00 1.00270340e+00 3.79958858e-03 1.01030258e+00 9.98903814e-01
3.87000000e+01 1.00299522e+00 1.00237484e+00 3.31061844e-03 1.00899608e+00 9.99064222e-01
3.88000000e+01 1.00250312e+00 1.00202646e+00 2.79415895e-03 1.00761478e+00 9.99232303e-01
3.89000000e+01 1.00199144e+00 1.00166215e+00 2.25583251e-03 1.00617382e+00 9.99406322e-01
3.90000000e+01 1.00146551e+00 1.00128589e+00 1.70138763e-03 1.00468866e+00 9.99584500e-01
3.91000000e+01 1.00093075e+00 1.00090167e+00 1.13663489e-03 1.00317494e+00 9.99765032e-01
3.92000000e+01 1.00039259e+00 1.00051350e+00 5.67384677e-04 1.00164826e+00 9.99946110e-01
3.93000000e+01 9.99856408e-01 1.00012532e+00 -6.12580706e-07 1.00012410e+00 1.00012593e+00
3.94000000e+01 9.99327515e-01 9.99741011e-01 -5.61723120e-04 9.98617565e-01 1.00030273e+00
3.95000000e+01 9.98811062e-01 9.99364302e-01 -1.11048300e-03 9.97143336e-01 1.00047479e+00
3.96000000e+01 9.98312014e-01 9.98998778e-01 -1.64164737e-03 9.95715484e-01 1.00064043e+00
3.97000000e+01 9.97835101e-01 9.98647837e-01 -2.15023551e-03 9.94347366e-01 1.00079807e+00
3.98000000e+01 9.97384773e-01 9.98314665e-01 -2.63157161e-03 9.93051522e-01 1.00094624e+00
3.99000000e+01 9.96965167e-01 9.98002214e-01 -3.08132108e-03 9.91839572e-01 1.00108354e+00
4.00000000e+01 9.96580066e-01 9.97713186e-01 -3.49552240e-03 9.90722141e-01 1.00120871e+00
4.01000000e+01 9.96232872e-01 9.97450013e-01 -3.87061461e-03 9.89708784e-01 1.00132063e+00
4.02000000e+01 9.95926579e-01 9.97214845e-01 -4.20346046e-03 9.88807924e-01 1.00141831e+00
4.03000000e+01 9.95663749e-01 9.97009543e-01 -4.49136538e-03 9.88026812e-01 1.00150091e+00
4.04000000e+01 9.95446496e-01 9.96835666e-01 -4.73209243e-03 9.87371481e-01 1.00156776e+00
4.05000000e+01 9.95276469e-01 9.96694469e-01 -4.92387323e-03 9.86846723e-01 1.00161834e+00
4.06000000e+01 9.95154844e-01 9.96586899e-01 -5.06541528e-03 9.86456068e-01 1.00165231e+00
4.07000000e+01 9.95082321e-01 9.96513591e-01 -5.15590557e-03 9.86201780e-01 1.00166950e+00
4.08000000e+01 9.95059118e-01 9.96474872e-01 -5.19501075e-03 9.86084850e-01 1.00166988e+00
4.09000000e+01 9.95084978e-01 9.96470758e-01 -5.18287395e-03 9.86105010e-01 1.00165363e+00
4.10000000e+01 9.95159174e-01 9.96500962e-01 -5.12010829e-03 9.86260745e-01 1.00162107e+00
4.11000000e+01 9.95280520e-01 9.96564894e-01 -5.00778729e-03 9.86549319e-01 1.00157268e+00
4.12000000e+01 9.95447389e-01 9.96661670e-01 -4.84743207e-03 9.86966806e-01 1.00150910e+00
4.13000000e+01 9.95657728e-01 9.96790121e-01 -4.64099553e-03 9.87508130e-01 1.00143112e+00
4.14000000e+01 9.95909082e-01 9.96948800e-01 -4.39084348e-03 9.88167113e-01 1.00133964e+00
4.15000000e+01 9.96198621e-01 9.97135993e-01 -4.09973279e-03 9.88936527e-01 1.00123573e+00
4.16000000e+01 9.96523166e-01 9.97349735e-01 -3.77078651e-03 9.89808162e-01 1.00112052e+00
4.17000000e+01 9.96879225e-01 9.97587822e-01 -3.40746609e-03 9.90772890e-01 1.00099529e+00
4.18000000e+01 9.97263025e-01 9.97847830e-01 -3.01354068e-03 9.91820749e-01 1.00086137e+00
4.19000000e+01 9.97670550e-01 9.98127133e-01 -2.59305365e-03 9.92941026e-01 1.00072019e+00
4.20000000e+01 9.98097583e-01 9.98422924e-01 -2.15028635e-03 9.94122351e-01 1.00057321e+00
4.21000000e+01 9.98539742e-01 9.98732240e-01 -1.68971934e-03 9.95352801e-01 1.00042196e+00
4.22000000e+01 9.98992529e-01 9.99051986e-01 -1.21599117e-03 9.96620004e-01 1.00026798e+00
4.23000000e+01 9.99451373e-01 9.99378964e-01 -7.33855105e-04 9.97911253e-01 1.00011282e+00
4.24000000e+01 9.99911670e-01 9.99709901e-01 -2.48133913e-04 9.99213633e-01 9.99958035e-01
4.25000000e+01 1.00036884e+00 1.00004148e+00 2.36326830e-04 1.00051414e+00 9.99805156e-01
4.26000000e+01 1.00081835e+00 1.00037038e+00 7.14706514e-04 1.00179980e+00 9.99655678e-01
4.27000000e+01 1.00125579e+00 1.00069331e+00 1.18225790e-03 1.00305782e+00 9.99511050e-01
4.28000000e+01 1.00167689e+00 1.00100701e+00 1.63435562e-03 1.00427572e+00 9.99372655e-01
4.29000000e+01 1.00207758e+00 1.00130835e+00 2.06654421e-03 1.00544143e+00 9.99241802e-01
4.30000000e+01 1.00245402e+00 1.00159430e+00 2.47458507e-03 1.00654347e+00 9.99119714e-01
4.31000000e+01 1.00280263e+00 1.00186202e+00 2.85450165e-03 1.00757102e+00 9.99007513e-01
4.32000000e+01 1.00312015e+00 1.00210884e+00 3.20262234e-03 1.00851408e+00 9.98906215e-01
4.33000000e+01 1.00340365e+00 1.00233234e+00 3.51562029e-03 1.00936358e+00 9.98816717e-01
4.34000000e+01 1.00365058e+00 1.00253034e+00 3.79054960e-03 1.01011144e+00 9.98739792e-01
4.35000000e+01 1.00385876e+00 1.00270096e+00 4.02487729e-03 1.01075071e+00 9.98676081e-01
4.36000000e+01 1.00402643e+00 1.00284260e+00 4.21651044e-03 1.01127562e+00 9.98626090e-01
4.37000000e+01 1.00415226e+00 1.00295401e+00 4.36381816e-03 1.01168164e+00 9.98590187e-01
4.38000000e+01 1.00423535e+00 1.00303424e+00 4.46564788e-03 1.01196554e+00 9.98568595e-01
4.39000000e+01 1.00427523e+00 1.00308273e+00 4.52133580e-03 1.01212541e+00 9.98561398e-01
4.40000000e+01 1.00427191e+00 1.00309925e+00 4.53071117e-03 1.01216067e+00 9.98568534e-01
4.41000000e+01 1.00422580e+00 1.00308390e+00 4.49409454e-03 1.01207209e+00 9.98589805e-01
4.42000000e+01 1.00413776e+00 1.00303716e+00 4.41228977e-03 1.01186174e+00 9.98624874e-01
4.43000000e+01 1.00400907e+00 1.00295984e+00 4.28657031e-03 1.01153298e+00 9.98673271e-01
4.44000000e+01 1.00384140e+00 1.00285306e+00 4.11865960e-03 1.01109038e+00 9.98734400e-01
4.45000000e+01 1.00363682e+00 1.00271825e+00 3.91070645e-03 1.01053966e+00 9.98807545e-01
4.46000000e+01 1.00339773e+00 1.00255713e+00 3.66525539e-03 1.00988764e+00 9.98891879e-01
4.47000000e+01 1.00312686e+00 1.00237168e+00 3.38521287e-03 1.00914211e+00 9.98986469e-01
4.48000000e+01 1.00282724e+00 1.00216410e+00 3.07380981e-03 1.00831172e+00 9.99090293e-01
4.49000000e+01 1.00250216e+00 1.00193680e+00 2.73456102e-03 1.00740593e+00 9.99202243e-01
4.50000000e+01 1.00215512e+00 1.00169236e+00 2.37122234e-03 1.00643481e+00 9.99321142e-01
4.51000000e+01 1.00178982e+00 1.00143350e+00 1.98774604e-03 1.00540899e+00 9.99445753e-01
4.52000000e+01 1.00141007e+00 1.00116303e+00 1.58823521e-03 1.00433950e+00 9.99574794e-01
4.53000000e+01 1.00101983e+00 1.00088385e+00 1.17689772e-03 1.00323764e+00 9.99706949e-01
4.54000000e+01 1.00062307e+00 1.00059888e+00 7.58000411e-04 1.00211488e+00 9.99840881e-01
4.55000000e+01 1.00022382e+00 1.00031107e+00 3.35823999e-04 1.00098272e+00 9.99975248e-01
4.56000000e+01 9.99826078e-01 1.00002333e+00 -8.53807053e-05 9.99852569e-01 1.00010871e+00
4.57000000e+01 9.99433773e-01 9.99738519e-01 -5.01434921e-04 9.98735649e-01 1.00023995e+00
4.58000000e+01 9.99050746e-01 9.99459420e-01 -9.08271933e-04 9.97642876e-01 1.00036769e+00
4.59000000e+01 9.98680703e-01 9.99188710e-01 -1.30197473e-03 9.96584760e-01 1.00049068e+00
4.60000000e+01 9.98327179e-01 9.98928939e-01 -1.67881097e-03 9.95571317e-01 1.00060775e+00
4.61000000e+01 9.97993510e-01 9.98682507e-01 -2.03526517e-03 9.94611976e-01 1.00071777e+00
4.62000000e+01 9.97682802e-01 9.98451648e-01 -2.36806778e-03 9.93715513e-01 1.00081972e+00
4.63000000e+01 9.97397904e-01 9.98238414e-01 -2.67422127e-03 9.92889971e-01 1.00091264e+00
4.64000000e+01 9.97141379e-01 9.98044656e-01 -2.95102299e-03 9.92142611e-01 1.00099568e+00
4.65000000e+01 9.96915492e-01 9.97872020e-01 -3.19608492e-03 9.91479850e-01 1.00106810e+00
4.66000000e+01 9.96722185e-01 9.97721929e-01 -3.40735021e-03 9.90907228e-01 1.00112928e+00
4.67000000e+01 9.96563062e-01 9.97595580e-01 -3.58310656e-03 9.90429367e-01 1.00117869e+00
4.68000000e+01 9.96439381e-01 9.97493939e-01 -3.72199656e-03 9.90049945e-01 1.00121594e+00
4.69000000e+01 9.96352045e-01 9.97417730e-01 -3.82302495e-03 9.89771680e-01 1.00124075e+00
4.70000000e+01 9.96301594e-01 9.97367441e-01 -3.88556288e-03 9.89596315e-01 1.00125300e+00
4.71000000e+01 9.96288205e-01 9.97343316e-01 -3.90934929e-03 9.89524618e-01 1.00125267e+00
