# k S000 S110 S112 S10 S11
0.00000000e+00 1.56250000e-02 1.58970235e-02 -1.17924666e-01 7.80047692e-01 1.13382169e+00
1.00000000e-01 1.56362352e-02 1.58516188e-02 -1.17817391e-01 7.80216836e-01 1.13366901e+00
2.00000000e-01 1.56699977e-02 1.57159125e-02 -1.17495963e-01 7.80723987e-01 1.13321188e+00
3.00000000e-01 1.57264587e-02 1.54914213e-02 -1.16961559e-01 7.81568303e-01 1.13245298e+00
4.00000000e-01 1.58059054e-02 1.51806481e-02 -1.16216139e-01 7.82748370e-01 1.13139679e+00
5.00000000e-01 1.59087439e-02 1.47870456e-02 -1.15262427e-01 7.84262191e-01 1.13004947e+00
6.00000000e-01 1.60355031e-02 1.43149661e-02 -1.14103898e-01 7.86107171e-01 1.12841886e+00
7.00000000e-01 1.61868404e-02 1.37695990e-02 -1.12744754e-01 7.88280090e-01 1.12651435e+00
8.00000000e-01 1.63635478e-02 1.31568955e-02 -1.11189905e-01 7.90777085e-01 1.12434680e+00
9.00000000e-01 1.65665604e-02 1.24834847e-02 -1.09444937e-01 7.93593610e-01 1.12192842e+00
1.00000000e+00 1.67969662e-02 1.17565798e-02 -1.07516084e-01 7.96724411e-01 1.11927266e+00
1.10000000e+00 1.70560174e-02 1.09838777e-02 -1.05410196e-01 8.00163487e-01 1.11639407e+00
1.20000000e+00 1.73451438e-02 1.01734532e-02 -1.03134703e-01 8.03904047e-01 1.11330816e+00
1.30000000e+00 1.76659689e-02 9.33364916e-03 -1.00697586e-01 8.07938477e-01 1.11003124e+00
1.40000000e+00 1.80203277e-02 8.47296520e-03 -9.81073361e-02 8.12258293e-01 1.10658030e+00
1.50000000e+00 1.84102876e-02 7.59994596e-03 -9.53729228e-02 8.16854100e-01 1.10297287e+00
1.60000000e+00 1.88381731e-02 6.72307080e-03 -9.25037577e-02 8.21715555e-01 1.09922683e+00
1.70000000e+00 1.93065933e-02 5.85064670e-03 -8.95096605e-02 8.26831326e-01 1.09536031e+00
1.80000000e+00 1.98184744e-02 4.99070556e-03 -8.64008252e-02 8.32189055e-01 1.09139153e+00
1.90000000e+00 2.03770965e-02 4.15090745e-03 -8.31877867e-02 8.37775334e-01 1.08733869e+00
2.00000000e+00 2.09861365e-02 3.33845106e-03 -7.98813883e-02 8.43575674e-01 1.08321984e+00
2.10000000e+00 2.16497180e-02 2.55999236e-03 -7.64927493e-02 8.49574494e-01 1.07905274e+00
2.20000000e+00 2.23724682e-02 1.82157249e-03 -7.30332327e-02 8.55755107e-01 1.07485481e+00
2.30000000e+00 2.31595842e-02 1.12855572e-03 -6.95144132e-02 8.62099729e-01 1.07064297e+00
2.40000000e+00 2.40169107e-02 4.85578085e-04 -6.59480435e-02 8.68589491e-01 1.06643362e+00
2.50000000e+00 2.49510294e-02 -1.03492640e-04 -6.23460205e-02 8.75204466e-01 1.06224253e+00
2.60000000e+00 2.59693644e-02 -6.35585430e-04 -5.87203491e-02 8.81923716e-01 1.05808476e+00
2.70000000e+00 2.70803044e-02 -1.10844258e-03 -5.50831045e-02 8.88725348e-01 1.05397466e+00
2.80000000e+00 2.82933476e-02 -1.52062438e-03 -5.14463913e-02 8.95586593e-01 1.04992577e+00
2.90000000e+00 2.96192714e-02 -1.87150186e-03 -4.78223001e-02 9.02483898e-01 1.04595080e+00
3.00000000e+00 3.10703326e-02 -2.16123805e-03 -4.42228608e-02 9.09393040e-01 1.04206162e+00
3.10000000e+00 3.26605057e-02 -2.39075787e-03 -4.06599918e-02 9.16289259e-01 1.03826923e+00
3.20000000e+00 3.44057657e-02 -2.56170749e-03 -3.71454464e-02 9.23147400e-01 1.03458374e+00
3.30000000e+00 3.63244258e-02 -2.67640369e-03 -3.36907554e-02 9.29942086e-01 1.03101435e+00
3.40000000e+00 3.84375426e-02 -2.73777428e-03 -3.03071656e-02 9.36647894e-01 1.02756939e+00
3.50000000e+00 4.07694031e-02 -2.74929049e-03 -2.70055771e-02 9.43239555e-01 1.02425629e+00
3.60000000e+00 4.33481140e-02 -2.71489266e-03 -2.37964764e-02 9.49692154e-01 1.02108158e+00
3.70000000e+00 4.62063168e-02 -2.63891055e-03 -2.06898695e-02 9.55981350e-01 1.01805096e+00
3.80000000e+00 4.93820606e-02 -2.52597963e-03 -1.76952133e-02 9.62083594e-01 1.01516923e+00
3.90000000e+00 5.29198715e-02 -2.38095519e-03 -1.48213483e-02 9.67976348e-01 1.01244039e+00
4.00000000e+00 5.68720704e-02 -2.20882552e-03 -1.20764321e-02 9.73638310e-01 1.00986761e+00
4.10000000e+00 6.13004057e-02 -2.01462617e-03 -9.46787652e-03 9.79049621e-01 1.00745325e+00
4.20000000e+00 6.62780873e-02 -1.80335671e-03 -7.00228829e-03 9.84192067e-01 1.00519893e+00
4.30000000e+00 7.18923352e-02 -1.57990162e-03 -4.68541575e-03 9.89049267e-01 1.00310551e+00
4.40000000e+00 7.82475928e-02 -1.34895691e-03 -2.52210181e-03 9.93606839e-01 1.00117314e+00
4.50000000e+00 8.54696046e-02 -1.11496358e-03 -5.16245046e-04 9.97852546e-01 9.99401281e-01
4.60000000e+00 9.37106241e-02 -8.82049372e-04 1.32923040e-03 1.00177641e+00 9.97788720e-01
4.70000000e+00 1.03156114e-01 -6.53979510e-04 3.01239525e-03 1.00537081e+00 9.96333625e-01
4.80000000e+00 1.14033421e-01 -4.34117221e-04 4.53232509e-03 1.00863053e+00 9.95033558e-01
4.90000000e+00 1.26623107e-01 -2.25394503e-04 5.88909976e-03 1.01155281e+00 9.93885506e-01
5.00000000e+00 1.41273826e-01 -3.02932366e-05 7.08379172e-03 1.01413729e+00 9.92885915e-01
5.10000000e+00 1.58422056e-01 1.49163451e-04 8.11844379e-03 1.01638605e+00 9.92030720e-01
5.20000000e+00 1.78618403e-01 3.11409956e-04 8.99603636e-03 1.01830348e+00 9.91315374e-01
5.30000000e+00 2.02562960e-01 4.55327721e-04 9.72044486e-03 1.01989622e+00 9.90734883e-01
5.40000000e+00 2.31153109e-01 5.80226358e-04 1.02963881e-02 1.02117300e+00 9.90283838e-01
5.50000000e+00 2.65548470e-01 6.85817378e-04 1.07293687e-02 1.02214455e+00 9.89956449e-01
5.60000000e+00 3.07259349e-01 7.72181693e-04 1.10256063e-02 1.02282339e+00 9.89746575e-01
5.70000000e+00 3.58267017e-01 8.39732132e-04 1.11919654e-02 1.02322366e+00 9.89647767e-01
5.80000000e+00 4.21185862e-01 8.89172268e-04 1.12358782e-02 1.02336093e+00 9.89653294e-01
5.90000000e+00 4.99477335e-01 9.21452863e-04 1.11652651e-02 1.02325198e+00 9.89756188e-01
6.00000000e+00 5.97719407e-01 9.37727191e-04 1.09884523e-02 1.02291463e+00 9.89949275e-01
6.10000000e+00 7.21912059e-01 9.39306432e-04 1.07140896e-02 1.02236749e+00 9.90225217e-01
6.20000000e+00 8.79734647e-01 9.27616230e-04 1.03510683e-02 1.02162975e+00 9.90576548e-01
6.30000000e+00 1.08051310e+00 9.04155369e-04 9.90844060e-03 1.02072104e+00 9.90995715e-01
6.40000000e+00 1.33431520e+00 8.70457379e-04 9.39534154e-03 1.01966114e+00 9.91475116e-01
6.50000000e+00 1.64899246e+00 8.28055733e-04 8.82091449e-03 1.01846988e+00 9.92007141e-01
6.60000000e+00 2.02335590e+00 7.78453117e-04 8.19424018e-03 1.01716693e+00 9.92584213e-01
6.70000000e+00 2.43544072e+00 7.23095105e-04 7.52427050e-03 1.01577164e+00 9.93198825e-01
6.80000000e+00 2.83044882e+00 6.63348423e-04 6.81976706e-03 1.01430288e+00 9.93843581e-01
6.90000000e+00 3.12438998e+00 6.00483814e-04 6.08924499e-03 1.01277897e+00 9.94511239e-01
7.00000000e+00 3.24003571e+00 5.35663413e-04 5.34092211e-03 1.01121751e+00 9.95194741e-01
7.10000000e+00 3.15655506e+00 4.69932425e-04 4.58267346e-03 1.00963528e+00 9.95887259e-01
7.20000000e+00 2.92094227e+00 4.04214779e-04 3.82199138e-03 1.00804820e+00 9.96582223e-01
7.30000000e+00 2.60993549e+00 3.39312383e-04 3.06595077e-03 1.00647121e+00 9.97273362e-01
7.40000000e+00 2.28783617e+00 2.75907547e-04 2.32117976e-03 1.00491827e+00 9.97954728e-01
7.50000000e+00 1.99141800e+00 2.14568068e-04 1.59383523e-03 1.00340224e+00 9.98620733e-01
7.60000000e+00 1.73497407e+00 1.55754505e-04 8.89583286e-04 1.00193492e+00 9.99266171e-01
7.70000000e+00 1.52001152e+00 9.98291279e-05 2.13584255e-04 1.00052700e+00 9.99886245e-01
7.80000000e+00 1.34244616e+00 4.70660425e-05 -4.29517948e-04 9.99188030e-01 1.00047658e+00
7.90000000e+00 1.19653200e+00 -2.33796413e-06 -1.03560238e-03 9.97926457e-01 1.00103326e+00
8.00000000e+00 1.07662852e+00 -4.82523011e-05 -1.60107377e-03 9.96749600e-01 1.00155282e+00
8.10000000e+00 9.77839440e-01 -9.06015619e-05 -2.12286168e-03 9.95663675e-01 1.00203226e+00
8.20000000e+00 8.96141529e-01 -1.29354964e-04 -2.59841629e-03 9.94673812e-01 1.00246906e+00
8.30000000e+00 8.28314129e-01 -1.64516527e-04 -3.02570106e-03 9.93784081e-01 1.00286118e+00
8.40000000e+00 7.71809301e-01 -1.96116220e-04 -3.40318256e-03 9.92997519e-01 1.00320707e+00
8.50000000e+00 7.24619695e-01 -2.24202248e-04 -3.72981757e-03 9.92316163e-01 1.00350562e+00
8.60000000e+00 6.85163905e-01 -2.48834595e-04 -4.00503775e-03 9.91741090e-01 1.00375620e+00
8.70000000e+00 6.52193463e-01 -2.70079877e-04 -4.22873204e-03 9.91272456e-01 1.00395865e+00
8.80000000e+00 6.24719806e-01 -2.88007521e-04 -4.40122690e-03 9.90909539e-01 1.00411322e+00
8.90000000e+00 6.01957831e-01 -3.02687230e-04 -4.52326471e-03 9.90650783e-01 1.00422058e+00
9.00000000e+00 5.83282577e-01 -3.14187647e-04 -4.59598042e-03 9.90493852e-01 1.00428179e+00
9.10000000e+00 5.68196046e-01 -3.22576110e-04 -4.62087653e-03 9.90435671e-01 1.00429830e+00
9.20000000e+00 5.56301790e-01 -3.27919355e-04 -4.59979679e-03 9.90472487e-01 1.00427188e+00
9.30000000e+00 5.47285380e-01 -3.30284993e-04 -4.53489852e-03 9.90599918e-01 1.00420461e+00
9.40000000e+00 5.40899377e-01 -3.29743594e-04 -4.42862395e-03 9.90813009e-01 1.00409888e+00
9.50000000e+00 5.36951712e-01 -3.26371182e-04 -4.28367052e-03 9.91106288e-01 1.00395730e+00
9.60000000e+00 5.35296676e-01 -3.20251952e-04 -4.10296049e-03 9.91473827e-01 1.00378271e+00
9.70000000e+00 5.35827912e-01 -3.11481035e-04 -3.88960995e-03 9.91909299e-01 1.00357813e+00
9.80000000e+00 5.38472938e-01 -3.00167125e-04 -3.64689735e-03 9.92406038e-01 1.00334673e+00
9.90000000e+00 5.43188822e-01 -2.86434833e-04 -3.37823185e-03 9.92957101e-01 1.00309180e+00
1.00000000e+01 5.49958742e-01 -2.70426609e-04 -3.08712154e-03 9.93555330e-01 1.00281669e+00
1.01000000e+01 5.58789157e-01 -2.52304142e-04 -2.77714179e-03 9.94193412e-01 1.00252484e+00
1.02000000e+01 5.69707409e-01 -2.32249133e-04 -2.45190398e-03 9.94863943e-01 1.00221965e+00
1.03000000e+01 5.82759533e-01 -2.10463403e-04 -2.11502458e-03 9.95559487e-01 1.00190456e+00
1.04000000e+01 5.98008088e-01 -1.87168293e-04 -1.77009506e-03 9.96272642e-01 1.00158293e+00
1.05000000e+01 6.15529805e-01 -1.62603358e-04 -1.42065266e-03 9.96996091e-01 1.00125805e+00
1.06000000e+01 6.35412820e-01 -1.37024380e-04 -1.07015216e-03 9.97722671e-01 1.00093313e+00
1.07000000e+01 6.57753213e-01 -1.10700759e-04 -7.21939094e-04 9.98445421e-01 1.00061124e+00
1.08000000e+01 6.82650573e-01 -8.39123399e-05 -3.79224295e-04 9.99157639e-01 1.00029531e+00
1.09000000e+01 7.10202220e-01 -5.69457734e-05 -4.50601945e-05 9.99852934e-01 9.99988114e-01
1.10000000e+01 7.40495700e-01 -3.00905231e-05 2.77681076e-04 1.00052527e+00 9.99692228e-01
1.11000000e+01 7.73599152e-01 -3.63462257e-06 5.86327573e-04 1.00116902e+00 9.99410038e-01
1.12000000e+01 8.09549135e-01 2.21396845e-05 8.78425271e-04 1.00177899e+00 9.99143714e-01
1.13000000e+01 8.48335611e-01 4.69603007e-05 1.15175352e-03 1.00235047e+00 9.98895207e-01
1.14000000e+01 8.89883960e-01 7.05695039e-05 1.40433807e-03 1.00287925e+00 9.98666231e-01
1.15000000e+01 9.34034227e-01 9.27279319e-05 1.63446169e-03 1.00336165e+00 9.98458266e-01
1.16000000e+01 9.80518371e-01 1.13218218e-04 1.84067213e-03 1.00379456e+00 9.98272546e-01
1.17000000e+01 1.02893702e+00 1.31848180e-04 2.02178756e-03 1.00417542e+00 9.98110061e-01
1.18000000e+01 1.07873824e+00 1.48453495e-04 2.17689940e-03 1.00450225e+00 9.97971554e-01
1.19000000e+01 1.12920194e+00 1.62899785e-04 2.30537255e-03 1.00477364e+00 9.97857527e-01
1.20000000e+01 1.17943444e+00 1.75084086e-04 2.40684309e-03 1.00498877e+00 9.97768241e-01
1.21000000e+01 1.22837836e+00 1.84935674e-04 2.48121348e-03 1.00514736e+00 9.97703722e-01
1.22000000e+01 1.27484251e+00 1.92416245e-04 2.52864546e-03 1.00524971e+00 9.97663771e-01
1.23000000e+01 1.31755449e+00 1.97519468e-04 2.54955062e-03 1.00529662e+00 9.97647969e-01
1.24000000e+01 1.35523558e+00 2.00269946e-04 2.54457895e-03 1.00528943e+00 9.97655691e-01
1.25000000e+01 1.38669226e+00 2.00721630e-04 2.51460537e-03 1.00522993e+00 9.97686116e-01
1.26000000e+01 1.41091444e+00 1.98955750e-04 2.46071466e-03 1.00512039e+00 9.97738241e-01
1.27000000e+01 1.42716587e+00 1.95078345e-04 2.38418466e-03 1.00496345e+00 9.97810894e-01
1.28000000e+01 1.43505225e+00 1.89217451e-04 2.28646831e-03 1.00476215e+00 9.97902749e-01
1.29000000e+01 1.43455477e+00 1.81520054e-04 2.16917452e-03 1.00451987e+00 9.98012346e-01
1.30000000e+01 1.42602362e+00 1.72148881e-04 2.03404809e-03 1.00424025e+00 9.98138101e-01
1.31000000e+01 1.41013334e+00 1.61279117e-04 1.88294910e-03 1.00392718e+00 9.98278330e-01
1.32000000e+01 1.38780942e+00 1.49095125e-04 1.71783179e-03 1.00358476e+00 9.98431263e-01
1.33000000e+01 1.36013937e+00 1.35787255e-04 1.54072326e-03 1.00321723e+00 9.98595064e-01
1.34000000e+01 1.32828240e+00 1.21548792e-04 1.35370218e-03 1.00282895e+00 9.98767847e-01
1.35000000e+01 1.29338915e+00 1.06573118e-04 1.15887767e-03 1.00242433e+00 9.98947695e-01
1.36000000e+01 1.25653888e+00 9.10511148e-05 9.58368699e-04 1.00200779e+00 9.99132682e-01
1.37000000e+01 1.21869674e+00 7.51688585e-05 7.54283941e-04 1.00158374e+00 9.99320885e-01
1.38000000e+01 1.18069034e+00 5.91056238e-05 5.48702470e-04 1.00115651e+00 9.99510403e-01
1.39000000e+01 1.14320241e+00 4.30322057e-05 3.43655337e-04 1.00073034e+00 9.99699377e-01
1.40000000e+01 1.10677532e+00 2.71095657e-05 1.41108186e-04 1.00030933e+00 9.99886001e-01
1.41000000e+01 1.07182334e+00 1.14877905e-05 -5.70549620e-05 9.99897378e-01 1.00006854e+00
1.42000000e+01 1.03864914e+00 -3.69465168e-06 -2.49046665e-04 9.99498212e-01 1.00024535e+00
1.43000000e+01 1.00746169e+00 -1.83113838e-05 -4.33189664e-04 9.99115309e-01 1.00041488e+00
1.44000000e+01 9.78393946e-01 -3.22483500e-05 -6.07929068e-04 9.98751894e-01 1.00057568e+00
1.45000000e+01 9.51518948e-01 -4.54038383e-05 -7.71843059e-04 9.98410910e-01 1.00072644e+00
1.46000000e+01 9.26863978e-01 -5.76883320e-05 -9.23652084e-04 9.98095007e-01 1.00086596e+00
1.47000000e+01 9.04422464e-01 -6.90242276e-05 -1.06222651e-03 9.97806523e-01 1.00099320e+00
1.48000000e+01 8.84163762e-01 -7.93454559e-05 -1.18659269e-03 9.97547469e-01 1.00110725e+00
1.49000000e+01 8.66040960e-01 -8.85970409e-05 -1.29593754e-03 9.97319528e-01 1.00120734e+00
1.50000000e+01 8.49996993e-01 -9.67346280e-05 -1.38961151e-03 9.97124042e-01 1.00129288e+00
1.51000000e+01 8.35969320e-01 -1.03724010e-04 -1.46713004e-03 9.96962016e-01 1.00136341e+00
1.52000000e+01 8.23893420e-01 -1.09540671e-04 -1.52817358e-03 9.96834112e-01 1.00141863e+00
1.53000000e+01 8.13705329e-01 -1.14169367e-04 -1.57258611e-03 9.96740658e-01 1.00145842e+00
1.54000000e+01 8.05343414e-01 -1.17603759e-04 -1.60037228e-03 9.96681652e-01 1.00148277e+00
1.55000000e+01 7.98749551e-01 -1.19846088e-04 -1.61169325e-03 9.96656767e-01 1.00149185e+00
1.56000000e+01 7.93869805e-01 -1.20906919e-04 -1.60686124e-03 9.96665371e-01 1.00148595e+00
1.57000000e+01 7.90654743e-01 -1.20804921e-04 -1.58633286e-03 9.96706529e-01 1.00146553e+00
1.58000000e+01 7.89059431e-01 -1.19566696e-04 -1.55070142e-03 9.96779030e-01 1.00143113e+00
1.59000000e+01 7.89043182e-01 -1.17226631e-04 -1.50068815e-03 9.96881397e-01 1.00138346e+00
1.60000000e+01 7.90569078e-01 -1.13826762e-04 -1.43713251e-03 9.97011908e-01 1.00132331e+00
1.61000000e+01 7.93603309e-01 -1.09416630e-04 -1.36098171e-03 9.97168620e-01 1.00125157e+00
1.62000000e+01 7.98114327e-01 -1.04053120e-04 -1.27327943e-03 9.97349388e-01 1.00116923e+00
1.63000000e+01 8.04071829e-01 -9.78002465e-05 -1.17515403e-03 9.97551892e-01 1.00107735e+00
1.64000000e+01 8.11445560e-01 -9.07288866e-05 -1.06780617e-03 9.97773659e-01 1.00097708e+00
1.65000000e+01 8.20203952e-01 -8.29164348e-05 -9.52496095e-04 9.98012091e-01 1.00086958e+00
1.66000000e+01 8.30312571e-01 -7.44463680e-05 -8.30530570e-04 9.98264492e-01 1.00075608e+00
1.67000000e+01 8.41732394e-01 -6.54077135e-05 -7.03249741e-04 9.98528093e-01 1.00063784e+00
1.68000000e+01 8.54417906e-01 -5.58944114e-05 -5.72013893e-04 9.98800078e-01 1.00051612e+00
1.69000000e+01 8.68315041e-01 -4.60045721e-05 -4.38190295e-04 9.99077615e-01 1.00039219e+00
1.70000000e+01 8.83358991e-01 -3.58396290e-05 -3.03140237e-04 9.99357880e-01 1.00026730e+00
1.71000000e+01 8.99471930e-01 -2.55033950e-05 -1.68206354e-04 9.99638084e-01 1.00014270e+00
1.72000000e+01 9.16560733e-01 -1.51010317e-05 -3.47003718e-05 9.99915498e-01 1.00001960e+00
1.73000000e+01 9.34514767e-01 -4.73794864e-06 9.61086500e-05 1.00018748e+00 9.99899153e-01
1.74000000e+01 9.53203908e-01 5.48135278e-06 2.23005446e-04 1.00045149e+00 9.99782476e-01
1.75000000e+01 9.72476922e-01 1.54544673e-05 3.44838974e-04 1.00070513e+00 9.99670615e-01
1.76000000e+01 9.92160406e-01 2.50822849e-05 4.60532045e-04 1.00094615e+00 9.99564550e-01
1.77000000e+01 1.01205851e+00 3.42701755e-05 5.69090082e-04 1.00117245e+00 9.99465180e-01
1.78000000e+01 1.03195361e+00 4.29291367e-05 6.69608931e-04 1.00138215e+00 9.99373320e-01
1.79000000e+01 1.05160824e+00 5.09768777e-05 7.61281669e-04 1.00157354e+00 9.99289695e-01
1.80000000e+01 1.07076828e+00 5.83388192e-05 8.43404353e-04 1.00174515e+00 9.99214934e-01
1.81000000e+01 1.08916772e+00 6.49489853e-05 9.15380680e-04 1.00189571e+00 9.99149568e-01
1.82000000e+01 1.10653475e+00 7.07507707e-05 9.76725517e-04 1.00202420e+00 9.99094025e-01
1.83000000e+01 1.12259929e+00 7.56975652e-05 1.02706730e-03 1.00212983e+00 9.99048630e-01
1.84000000e+01 1.13710144e+00 7.97532259e-05 1.06614927e-03 1.00221205e+00 9.99013604e-01
1.85000000e+01 1.14980067e+00 8.28923850e-05 1.09382960e-03 1.00227055e+00 9.98989063e-01
1.86000000e+01 1.16048494e+00 8.51005928e-05 1.11008040e-03 1.00230526e+00 9.98975020e-01
1.87000000e+01 1.16897936e+00 8.63742915e-05 1.11498559e-03 1.00231635e+00 9.98971389e-01
1.88000000e+01 1.17515354e+00 8.67206262e-05 1.10873779e-03 1.00230420e+00 9.98977983e-01
1.89000000e+01 1.17892712e+00 8.61570993e-05 1.09163420e-03 1.00226943e+00 9.98994523e-01
1.90000000e+01 1.18027304e+00 8.47110790e-05 1.06407148e-03 1.00221285e+00 9.99020640e-01
1.91000000e+01 1.17921819e+00 8.24191761e-05 1.02653987e-03 1.00213550e+00 9.99055879e-01
1.92000000e+01 1.17584147e+00 7.93265054e-05 9.79616465e-04 1.00203856e+00 9.99099710e-01
1.93000000e+01 1.17026950e+00 7.54858499e-05 9.23957758e-04 1.00192340e+00 9.99151528e-01
1.94000000e+01 1.16267022e+00 7.09567480e-05 8.60291639e-04 1.00179154e+00 9.99210665e-01
1.95000000e+01 1.15324512e+00 6.58045230e-05 7.89408819e-04 1.00164462e+00 9.99276396e-01
1.96000000e+01 1.14222060e+00 6.00992776e-05 7.12153851e-04 1.00148441e+00 9.99347945e-01
1.97000000e+01 1.12983913e+00 5.39148707e-05 6.29415817e-04 1.00131275e+00 9.99424499e-01
1.98000000e+01 1.11635077e+00 4.73278981e-05 5.42118786e-04 1.00113157e+00 9.99505209e-01
1.99000000e+01 1.10200544e+00 4.04166935e-05 4.51212149e-04 1.00094284e+00 9.99589205e-01
2.00000000e+01 1.08704640e+00 3.32603659e-05 3.57660913e-04 1.00074858e+00 9.99675599e-01
2.01000000e+01 1.07170492e+00 2.59378865e-05 2.62436062e-04 1.00055081e+00 9.99763502e-01
2.02000000e+01 1.05619632e+00 1.85272370e-05 1.66505074e-04 1.00035154e+00 9.99852022e-01
2.03000000e+01 1.04071732e+00 1.11046278e-05 7.08226698e-05 1.00015275e+00 9.99940282e-01
2.04000000e+01 1.02544451e+00 3.74379147e-06 -2.36781073e-05 9.99956388e-01 1.00002742e+00
2.05000000e+01 1.01053377e+00 -3.48464395e-06 -1.16094412e-04 9.99764327e-01 1.00011261e+00
2.06000000e+01 9.96120590e-01 -1.05137011e-05 -2.05561652e-04 9.99578363e-01 1.00019505e+00
2.07000000e+01 9.82320851e-01 -1.72805196e-05 -2.91260999e-04 9.99400197e-01 1.00027398e+00
2.08000000e+01 9.69232145e-01 -2.37267457e-05 -3.72426315e-04 9.99231421e-01 1.00034870e+00
2.09000000e+01 9.56935299e-01 -2.97988480e-05 -4.48350431e-04 9.99073500e-01 1.00041855e+00
2.10000000e+01 9.45496051e-01 -3.54483676e-05 -5.18390736e-04 9.98927770e-01 1.00048294e+00
2.11000000e+01 9.34966768e-01 -4.06321052e-05 -5.81974044e-04 9.98795420e-01 1.00054134e+00
2.12000000e+01 9.25388121e-01 -4.53122555e-05 -6.38600715e-04 9.98677486e-01 1.00059329e+00
2.13000000e+01 9.16790652e-01 -4.94564930e-05 -6.87847994e-04 9.98574848e-01 1.00063839e+00
2.14000000e+01 9.09196221e-01 -5.30380175e-05 -7.29372566e-04 9.98488217e-01 1.00067633e+00
2.15000000e+01 9.02619280e-01 -5.60355651e-05 -7.62912321e-04 9.98418140e-01 1.00070688e+00
2.16000000e+01 8.97067989e-01 -5.84333887e-05 -7.88287321e-04 9.98364992e-01 1.00072985e+00
2.17000000e+01 8.92545148e-01 -6.02212153e-05 -8.05399977e-04 9.98328979e-01 1.00074518e+00
2.18000000e+01 8.89048966e-01 -6.13941804e-05 -8.14234466e-04 9.98310137e-01 1.00075284e+00
2.19000000e+01 8.86573656e-01 -6.19527443e-05 -8.14855377e-04 9.98308337e-01 1.00075290e+00
2.20000000e+01 8.85109879e-01 -6.19025897e-05 -8.07405649e-04 9.98323286e-01 1.00074550e+00
2.21000000e+01 8.84645037e-01 -6.12545024e-05 -7.92103793e-04 9.98354538e-01 1.00073085e+00
2.22000000e+01 8.85163431e-01 -6.00242322e-05 -7.69240478e-04 9.98401495e-01 1.00070922e+00
2.23000000e+01 8.86646287e-01 -5.82323349e-05 -7.39174481e-04 9.98463419e-01 1.00068094e+00
2.24000000e+01 8.89071674e-01 -5.59039906e-05 -7.02328079e-04 9.98539440e-01 1.00064642e+00
2.25000000e+01 8.92414310e-01 -5.30687978e-05 -6.59181920e-04 9.98628567e-01 1.00060611e+00
2.26000000e+01 8.96645280e-01 -4.97605389e-05 -6.10269428e-04 9.98729701e-01 1.00056051e+00
2.27000000e+01 9.01731673e-01 -4.60169150e-05 -5.56170803e-04 9.98841641e-01 1.00051015e+00
2.28000000e+01 9.07636156e-01 -4.18792479e-05 -4.97506676e-04 9.98963107e-01 1.00045563e+00
2.29000000e+01 9.14316501e-01 -3.73921472e-05 -4.34931482e-04 9.99092745e-01 1.00039754e+00
2.30000000e+01 9.21725079e-01 -3.26031401e-05 -3.69126615e-04 9.99229144e-01 1.00033652e+00
2.31000000e+01 9.29808364e-01 -2.75622664e-05 -3.00793435e-04 9.99370851e-01 1.00027323e+00
2.32000000e+01 9.38506443e-01 -2.23216366e-05 -2.30646186e-04 9.99516386e-01 1.00020832e+00
2.33000000e+01 9.47752593e-01 -1.69349574e-05 -1.59404904e-04 9.99664255e-01 1.00014247e+00
2.34000000e+01 9.57472945e-01 -1.14570258e-05 -8.77883687e-05 9.99812966e-01 1.00007633e+00
2.35000000e+01 9.67586272e-01 -5.94319831e-06 -1.65071781e-05 9.99961042e-01 1.00001056e+00
2.36000000e+01 9.78003951e-01 -4.48838690e-07 5.37430039e-05 1.00010704e+00 9.99945808e-01
2.37000000e+01 9.88630129e-01 4.97124785e-06 1.22287953e-04 1.00024955e+00 9.99882683e-01
2.38000000e+01 9.99362148e-01 1.02633872e-05 1.88481088e-04 1.00038723e+00 9.99821782e-01
2.39000000e+01 1.01009124e+00 1.53756070e-05 2.51709326e-04 1.00051879e+00 9.99763666e-01
2.40000000e+01 1.02070356e+00 2.02581980e-05 3.11398511e-04 1.00064306e+00 9.99708860e-01
2.41000000e+01 1.03108151e+00 2.48642546e-05 3.67018409e-04 1.00075890e+00 9.99657846e-01
2.42000000e+01 1.04110540e+00 2.91501895e-05 4.18087183e-04 1.00086532e+00 9.99611063e-01
2.43000000e+01 1.05065547e+00 3.30762094e-05 4.64175343e-04 1.00096143e+00 9.99568901e-01
2.44000000e+01 1.05961406e+00 3.66067477e-05 5.04909126e-04 1.00104642e+00 9.99531698e-01
2.45000000e+01 1.06786814e+00 3.97108426e-05 5.39973281e-04 1.00111966e+00 9.99499738e-01
2.46000000e+01 1.07531179e+00 4.23624582e-05 5.69113240e-04 1.00118059e+00 9.99473249e-01
2.47000000e+01 1.08184880e+00 4.45407392e-05 5.92136660e-04 1.00122881e+00 9.99452404e-01
2.48000000e+01 1.08739516e+00 4.62301979e-05 6.08914341e-04 1.00126406e+00 9.99437316e-01
2.49000000e+01 1.09188130e+00 4.74208290e-05 6.19380499e-04 1.00128618e+00 9.99428040e-01
2.50000000e+01 1.09525396e+00 4.81081513e-05 6.23532420e-04 1.00129517e+00 9.99424576e-01
2.51000000e+01 1.09747770e+00 4.82931769e-05 6.21429495e-04 1.00129115e+00 9.99426864e-01
2.52000000e+01 1.09853579e+00 4.79823080e-05 6.13191664e-04 1.00127437e+00 9.99434791e-01
2.53000000e+01 1.09843056e+00 4.71871664e-05 5.98997285e-04 1.00124518e+00 9.99448190e-01
2.54000000e+01 1.09718319e+00 4.59243568e-05 5.79080463e-04 1.00120409e+00 9.99466844e-01
2.55000000e+01 1.09483282e+00 4.42151727e-05 5.53727873e-04 1.00115167e+00 9.99490487e-01
2.56000000e+01 1.09143523e+00 4.20852489e-05 5.23275121e-04 1.00108864e+00 9.99518810e-01
2.57000000e+01 1.08706100e+00 3.95641674e-05 4.88102671e-04 1.00101577e+00 9.99551461e-01
2.58000000e+01 1.08179336e+00 3.66850271e-05 4.48631414e-04 1.00093395e+00 9.99588054e-01
2.59000000e+01 1.07572581e+00 3.34839819e-05 4.05317895e-04 1.00084412e+00 9.99628166e-01
2.60000000e+01 1.06895957e+00 2.99997580e-05 3.58649279e-04 1.00074730e+00 9.99671350e-01
2.61000000e+01 1.06160111e+00 2.62731572e-05 3.09138096e-04 1.00064455e+00 9.99717135e-01
2.62000000e+01 1.05375971e+00 2.23465547e-05 2.57316820e-04 1.00053698e+00 9.99765030e-01
2.63000000e+01 1.04554523e+00 1.82633989e-05 2.03732349e-04 1.00042573e+00 9.99814531e-01
2.64000000e+01 1.03706612e+00 1.40677190e-05 1.48940425e-04 1.00031195e+00 9.99865127e-01
2.65000000e+01 1.02842768e+00 9.80364914e-06 9.35000715e-05 1.00019680e+00 9.99916304e-01
2.66000000e+01 1.01973068e+00 5.51497118e-06 3.79680741e-05 1.00008145e+00 9.99967547e-01
2.67000000e+01 1.01107023e+00 1.24468359e-06 -1.71064120e-05 9.99967032e-01 1.00001835e+00
2.68000000e+01 1.00253498e+00 -2.96540172e-06 -7.11871023e-05 9.99854660e-01 1.00006822e+00
2.69000000e+01 9.94206534e-01 -7.07503095e-06 -1.23755610e-04 9.99745414e-01 1.00011668e+00
2.70000000e+01 9.86159186e-01 -1.10458468e-05 -1.74316218e-04 9.99640322e-01 1.00016327e+00
2.71000000e+01 9.78459778e-01 -1.48416924e-05 -2.22400360e-04 9.99540358e-01 1.00020756e+00
2.72000000e+01 9.71167764e-01 -1.84288805e-05 -2.67570761e-04 9.99446430e-01 1.00024914e+00
2.73000000e+01 9.64335396e-01 -2.17764279e-05 -3.09425216e-04 9.99359373e-01 1.00028765e+00
2.74000000e+01 9.58007997e-01 -2.48562562e-05 -3.47599969e-04 9.99279944e-01 1.00032274e+00
2.75000000e+01 9.52224303e-01 -2.76433596e-05 -3.81772670e-04 9.99208811e-01 1.00035413e+00
2.76000000e+01 9.47016841e-01 -3.01159416e-05 -4.11664887e-04 9.99146554e-01 1.00038155e+00
2.77000000e+01 9.42412322e-01 -3.22555217e-05 -4.37044163e-04 9.99093656e-01 1.00040479e+00
2.78000000e+01 9.38432024e-01 -3.40470142e-05 -4.57725592e-04 9.99050502e-01 1.00042368e+00
2.79000000e+01 9.35092159e-01 -3.54787802e-05 -4.73572923e-04 9.99017375e-01 1.00043809e+00
2.80000000e+01 9.32404210e-01 -3.65426548e-05 -4.84499175e-04 9.98994459e-01 1.00044796e+00
2.81000000e+01 9.30375222e-01 -3.72339502e-05 -4.90466775e-04 9.98981832e-01 1.00045323e+00
2.82000000e+01 9.29008057e-01 -3.75514365e-05 -4.91487221e-04 9.98979474e-01 1.00045394e+00
2.83000000e+01 9.28301592e-01 -3.74972998e-05 -4.87620273e-04 9.98987262e-01 1.00045012e+00
2.84000000e+01 9.28250876e-01 -3.70770800e-05 -4.78972700e-04 9.99004978e-01 1.00044190e+00
2.85000000e+01 9.28847234e-01 -3.62995866e-05 -4.65696588e-04 9.99032307e-01 1.00042940e+00
2.86000000e+01 9.30078328e-01 -3.51767942e-05 -4.47987240e-04 9.99068849e-01 1.00041281e+00
2.87000000e+01 9.31928176e-01 -3.37237162e-05 -4.26080688e-04 9.99114115e-01 1.00039236e+00
2.88000000e+01 9.34377137e-01 -3.19582586e-05 -4.00250848e-04 9.99167540e-01 1.00036829e+00
2.89000000e+01 9.37401864e-01 -2.99010512e-05 -3.70806343e-04 9.99228486e-01 1.00034091e+00
2.90000000e+01 9.40975240e-01 -2.75752587e-05 -3.38087044e-04 9.99296251e-01 1.00031051e+00
2.91000000e+01 9.45066304e-01 -2.50063695e-05 -3.02460343e-04 9.99370073e-01 1.00027745e+00
2.92000000e+01 9.49640169e-01 -2.22219643e-05 -2.64317215e-04 9.99449144e-01 1.00024210e+00
2.93000000e+01 9.54657964e-01 -1.92514641e-05 -2.24068101e-04 9.99532612e-01 1.00020482e+00
2.94000000e+01 9.60076794e-01 -1.61258587e-05 -1.82138651e-04 9.99619597e-01 1.00016601e+00
2.95000000e+01 9.65849736e-01 -1.28774172e-05 -1.38965375e-04 9.99709192e-01 1.00012609e+00
2.96000000e+01 9.71925901e-01 -9.53938245e-06 -9.49912439e-05 9.99800478e-01 1.00008545e+00
2.97000000e+01 9.78250549e-01 -6.14565140e-06 -5.06612754e-05 9.99892532e-01 1.00004452e+00
2.98000000e+01 9.84765302e-01 -2.73044419e-06 -6.41815900e-06 9.99984433e-01 1.00000369e+00
2.99000000e+01 9.91408444e-01 6.72034664e-07 3.73020464e-05 1.00007528e+00 9.99963370e-01
3.00000000e+01 9.98115328e-01 4.02793964e-06 8.00740985e-05 1.00016418e+00 9.99923954e-01
3.01000000e+01 1.00481890e+00 7.30412807e-06 1.21487602e-04 1.00025028e+00 9.99885817e-01
3.02000000e+01 1.01145035e+00 1.04685004e-05 1.61150845e-04 1.00033277e+00 9.99849318e-01
3.03000000e+01 1.01793987e+00 1.34903323e-05 1.98694408e-04 1.00041088e+00 9.99814796e-01
3.04000000e+01 1.02421750e+00 1.63405944e-05 2.33774514e-04 1.00048389e+00 9.99782566e-01
3.05000000e+01 1.03021417e+00 1.89922546e-05 2.66076078e-04 1.00055114e+00 9.99752916e-01
3.06000000e+01 1.03586269e+00 2.14205598e-05 2.95315452e-04 1.00061205e+00 9.99726105e-01
3.07000000e+01 1.04109886e+00 2.36032909e-05 3.21242817e-04 1.00066609e+00 9.99702360e-01
3.08000000e+01 1.04586267e+00 2.55209897e-05 3.43644219e-04 1.00071281e+00 9.99681877e-01
3.09000000e+01 1.05009933e+00 2.71571520e-05 3.62343226e-04 1.00075184e+00 9.99664814e-01
3.10000000e+01 1.05376042e+00 2.84983861e-05 3.77202193e-04 1.00078290e+00 9.99651296e-01
3.11000000e+01 1.05680480e+00 2.95345323e-05 3.88123136e-04 1.00080578e+00 9.99641411e-01
3.12000000e+01 1.05919950e+00 3.02587433e-05 3.95048193e-04 1.00082036e+00 9.99635211e-01
3.13000000e+01 1.06092039e+00 3.06675247e-05 3.97959696e-04 1.00082659e+00 9.99632708e-01
3.14000000e+01 1.06195267e+00 3.07607332e-05 3.96879834e-04 1.00082452e+00 9.99633881e-01
3.15000000e+01 1.06229113e+00 3.05415355e-05 3.91869934e-04 1.00081428e+00 9.99638672e-01
3.16000000e+01 1.06194019e+00 3.00163275e-05 3.83029363e-04 1.00079608e+00 9.99646987e-01
3.17000000e+01 1.06091375e+00 2.91946162e-05 3.70494063e-04 1.00077018e+00 9.99658701e-01
3.18000000e+01 1.05923473e+00 2.80888655e-05 3.54434750e-04 1.00073696e+00 9.99673654e-01
3.19000000e+01 1.05693453e+00 2.67143112e-05 3.35054793e-04 1.00069682e+00 9.99691660e-01
3.20000000e+01 1.05405217e+00 2.50887456e-05 3.12587787e-04 1.00065026e+00 9.99712501e-01
3.21000000e+01 1.05063343e+00 2.32322780e-05 2.87294875e-04 1.00059782e+00 9.99735937e-01
3.22000000e+01 1.04672980e+00 2.11670734e-05 2.59461819e-04 1.00054009e+00 9.99761705e-01
3.23000000e+01 1.04239738e+00 1.89170744e-05 2.29395874e-04 1.00047771e+00 9.99789521e-01
3.24000000e+01 1.03769577e+00 1.65077102e-05 1.97422487e-04 1.00041135e+00 9.99819085e-01
3.25000000e+01 1.03268695e+00 1.39655974e-05 1.63881865e-04 1.00034173e+00 9.99850084e-01
3.26000000e+01 1.02743425e+00 1.13182367e-05 1.29125434e-04 1.00026957e+00 9.99882193e-01
3.27000000e+01 1.02200127e+00 8.59370834e-06 9.35122448e-05 1.00019562e+00 9.99915081e-01
3.28000000e+01 1.01645106e+00 5.82037174e-06 5.74053388e-05 1.00012063e+00 9.99948415e-01
3.29000000e+01 1.01084524e+00 3.02657195e-06 2.11681324e-05 1.00004536e+00 9.99981858e-01
3.30000000e+01 1.00524334e+00 2.40355596e-07 -1.48391612e-05 9.99970562e-01 1.00001508e+00
3.31000000e+01 9.99702234e-01 -2.51080037e-06 -5.02630304e-05 9.99896963e-01 1.00004775e+00
3.32000000e+01 9.94275610e-01 -5.20024507e-06 -8.47600532e-05 9.99825280e-01 1.00007956e+00
3.33000000e+01 9.89013661e-01 -7.80239334e-06 -1.18000142e-04 9.99756197e-01 1.00011020e+00
3.34000000e+01 9.83962797e-01 -1.02929471e-05 -1.49669619e-04 9.99690368e-01 1.00013938e+00
3.35000000e+01 9.79165471e-01 -1.26490976e-05 -1.79474088e-04 9.99628403e-01 1.00016682e+00
3.36000000e+01 9.74660077e-01 -1.48497067e-05 -2.07141085e-04 9.99570868e-01 1.00019229e+00
3.37000000e+01 9.70480911e-01 -1.68754686e-05 -2.32422481e-04 9.99518280e-01 1.00021555e+00
3.38000000e+01 9.66658179e-01 -1.87090499e-05 -2.55096617e-04 9.99471098e-01 1.00023639e+00
3.39000000e+01 9.63218046e-01 -2.03352093e-05 -2.74970156e-04 9.99429724e-01 1.00025463e+00
3.40000000e+01 9.60182719e-01 -2.17408958e-05 -2.91879635e-04 9.99394500e-01 1.00027014e+00
3.41000000e+01 9.57570536e-01 -2.29153276e-05 -3.05692709e-04 9.99365699e-01 1.00028278e+00
3.42000000e+01 9.55396076e-01 -2.38500501e-05 -3.16309075e-04 9.99343532e-01 1.00029246e+00
3.43000000e+01 9.53670262e-01 -2.45389749e-05 -3.23661080e-04 9.99328139e-01 1.00029912e+00
3.44000000e+01 9.52400470e-01 -2.49783989e-05 -3.27713996e-04 9.99319594e-01 1.00030274e+00
3.45000000e+01 9.51590628e-01 -2.51670055e-05 -3.28465980e-04 9.99317901e-01 1.00030330e+00
3.46000000e+01 9.51241298e-01 -2.51058467e-05 -3.25947708e-04 9.99322999e-01 1.00030084e+00
3.47000000e+01 9.51349758e-01 -2.47983079e-05 -3.20221705e-04 9.99334758e-01 1.00029542e+00
3.48000000e+01 9.51910063e-01 -2.42500546e-05 -3.11381364e-04 9.99352987e-01 1.00028713e+00
3.49000000e+01 9.52913100e-01 -2.34689621e-05 -2.99549687e-04 9.99377432e-01 1.00027608e+00
3.50000000e+01 9.54346628e-01 -2.24650279e-05 -2.84877743e-04 9.99407779e-01 1.00026241e+00
3.51000000e+01 9.56195315e-01 -2.12502679e-05 -2.67542875e-04 9.99443664e-01 1.00024629e+00
3.52000000e+01 9.58440776e-01 -1.98385965e-05 -2.47746670e-04 9.99484668e-01 1.00022791e+00
3.53000000e+01 9.61061597e-01 -1.82456897e-05 -2.25712713e-04 9.99530329e-01 1.00020747e+00
3.54000000e+01 9.64033385e-01 -1.64888352e-05 -2.01684157e-04 9.99580143e-01 1.00018520e+00
3.55000000e+01 9.67328818e-01 -1.45867658e-05 -1.75921119e-04 9.99633571e-01 1.00016133e+00
3.56000000e+01 9.70917713e-01 -1.25594809e-05 -1.48697947e-04 9.99690045e-01 1.00013614e+00
3.57000000e+01 9.74767126e-01 -1.04280544e-05 -1.20300369e-04 9.99748971e-01 1.00010987e+00
3.58000000e+01 9.78841477e-01 -8.21443217e-06 -9.10225651e-05 9.99809740e-01 1.00008281e+00
3.59000000e+01 9.83102722e-01 -5.94121941e-06 -6.11641881e-05 9.99871730e-01 1.00005522e+00
3.60000000e+01 9.87510552e-01 -3.63145994e-06 -3.10273558e-05 9.99934314e-01 1.00002740e+00
3.61000000e+01 9.92022663e-01 -1.30840973e-06 -9.13654355e-07 9.99996864e-01 9.99999605e-01
3.62000000e+01 9.96595062e-01 1.00469365e-06 2.88788242e-05 1.00005876e+00 9.99972126e-01
3.63000000e+01 1.00118243e+00 3.28486303e-06 5.80583801e-05 1.00011940e+00 9.99945226e-01
3.64000000e+01 1.00573856e+00 5.50959274e-06 8.63425121e-05 1.00017819e+00 9.99919167e-01
3.65000000e+01 1.01021681e+00 7.65708611e-06 1.13460605e-04 1.00023458e+00 9.99894196e-01
3.66000000e+01 1.01457066e+00 9.70647678e-06 1.39156471e-04 1.00028802e+00 9.99870550e-01
3.67000000e+01 1.01875425e+00 1.16380409e-05 1.63190731e-04 1.00033802e+00 9.99848447e-01
3.68000000e+01 1.02272300e+00 1.34333979e-05 1.85342993e-04 1.00038412e+00 9.99828090e-01
3.69000000e+01 1.02643423e+00 1.50756968e-05 2.05413834e-04 1.00042590e+00 9.99809662e-01
3.70000000e+01 1.02984781e+00 1.65497858e-05 2.23226549e-04 1.00046300e+00 9.99793323e-01
3.71000000e+01 1.03292676e+00 1.78423630e-05 2.38628658e-04 1.00049510e+00 9.99779214e-01
3.72000000e+01 1.03563784e+00 1.89421062e-05 2.51493158e-04 1.00052193e+00 9.99767449e-01
3.73000000e+01 1.03795214e+00 1.98397793e-05 2.61719515e-04 1.00054328e+00 9.99758120e-01
3.74000000e+01 1.03984551e+00 2.05283157e-05 2.69234374e-04 1.00055900e+00 9.99751294e-01
3.75000000e+01 1.04129905e+00 2.10028753e-05 2.73992007e-04 1.00056899e+00 9.99747011e-01
3.76000000e+01 1.04229937e+00 2.12608761e-05 2.75974467e-04 1.00057321e+00 9.99745286e-01
3.77000000e+01 1.04283880e+00 2.13019998e-05 2.75191480e-04 1.00057168e+00 9.99746111e-01
3.78000000e+01 1.04291557e+00 2.11281715e-05 2.71680052e-04 1.00056449e+00 9.99749448e-01
3.79000000e+01 1.04253370e+00 2.07435133e-05 2.65503819e-04 1.00055175e+00 9.99755240e-01
3.80000000e+01 1.04170296e+00 2.01542739e-05 2.56752134e-04 1.00053366e+00 9.99763402e-01
3.81000000e+01 1.04043860e+00 1.93687348e-05 2.45538914e-04 1.00051045e+00 9.99773830e-01
3.82000000e+01 1.03876100e+00 1.83970951e-05 2.32001252e-04 1.00048240e+00 9.99786396e-01
3.83000000e+01 1.03669529e+00 1.72513357e-05 2.16297814e-04 1.00044985e+00 9.99800954e-01
3.84000000e+01 1.03427081e+00 1.59450671e-05 1.98607047e-04 1.00041316e+00 9.99817338e-01
3.85000000e+01 1.03152058e+00 1.44933611e-05 1.79125197e-04 1.00037274e+00 9.99835368e-01
3.86000000e+01 1.02848069e+00 1.29125695e-05 1.58064189e-04 1.00032904e+00 9.99854848e-01
3.87000000e+01 1.02518970e+00 1.12201337e-05 1.35649361e-04 1.00028252e+00 9.99875571e-01
3.88000000e+01 1.02168797e+00 9.43438528e-06 1.12117096e-04 1.00023367e+00 9.99897317e-01
3.89000000e+01 1.01801710e+00 7.57434274e-06 8.77123700e-05 1.00018300e+00 9.99919862e-01
3.90000000e+01 1.01421931e+00 5.65950496e-06 6.26862446e-05 1.00013103e+00 9.99942973e-01
3.91000000e+01 1.01033686e+00 3.70964512e-06 3.72933198e-05 1.00007830e+00 9.99966416e-01
3.92000000e+01 1.00641158e+00 1.74460663e-06 1.17891856e-05 1.00002532e+00 9.99989955e-01
3.93000000e+01 1.00248436e+00 -2.15896311e-07 -1.35721110e-05 9.99972640e-01 1.00001336e+00
3.94000000e+01 9.98594773e-01 -2.15247195e-06 -3.85405560e-05 9.99920766e-01 1.00003639e+00
3.95000000e+01 9.94780706e-01 -4.04623591e-06 -6.28725922e-05 9.99870209e-01 1.00005883e+00
3.96000000e+01 9.91078051e-01 -5.87898656e-06 -8.63334529e-05 9.99821454e-01 1.00008045e+00
3.97000000e+01 9.87520467e-01 -7.63336931e-06 -1.08699385e-04 9.99774968e-01 1.00010107e+00
3.98000000e+01 9.84139179e-01 -9.29302879e-06 -1.29759740e-04 9.99731187e-01 1.00012047e+00
3.99000000e+01 9.80962826e-01 -1.08427480e-05 -1.49318914e-04 9.99690519e-01 1.00013848e+00
4.00000000e+01 9.78017346e-01 -1.22685739e-05 -1.67198119e-04 9.99653335e-01 1.00015493e+00
4.01000000e+01 9.75325904e-01 -1.35579284e-05 -1.83236972e-04 9.99619968e-01 1.00016968e+00
4.02000000e+01 9.72908837e-01 -1.46997047e-05 -1.97294890e-04 9.99590711e-01 1.00018260e+00
4.03000000e+01 9.70783638e-01 -1.56843493e-05 -2.09252268e-04 9.99565811e-01 1.00019357e+00
4.04000000e+01 9.68964947e-01 -1.65039283e-05 -2.19011447e-04 9.99545473e-01 1.00020251e+00
4.05000000e+01 9.67464565e-01 -1.71521788e-05 -2.26497459e-04 9.99529853e-01 1.00020935e+00
4.06000000e+01 9.66291475e-01 -1.76245455e-05 -2.31658532e-04 9.99519058e-01 1.00021403e+00
4.07000000e+01 9.65451874e-01 -1.79182019e-05 -2.34466375e-04 9.99513149e-01 1.00021655e+00
4.08000000e+01 9.64949203e-01 -1.80320575e-05 -2.34916223e-04 9.99512135e-01 1.00021688e+00
4.09000000e+01 9.64784191e-01 -1.79667495e-05 -2.33026655e-04 9.99515980e-01 1.00021506e+00
4.10000000e+01 9.64954891e-01 -1.77246207e-05 -2.28839180e-04 9.99524597e-01 1.00021111e+00
4.11000000e+01 9.65456727e-01 -1.73096833e-05 -2.22417610e-04 9.99537855e-01 1.00020511e+00
4.12000000e+01 9.66282533e-01 -1.67275686e-05 -2.13847219e-04 9.99555578e-01 1.00019712e+00
4.13000000e+01 9.67422601e-01 -1.59854639e-05 -2.03233692e-04 9.99577547e-01 1.00018725e+00
4.14000000e+01 9.68864733e-01 -1.50920356e-05 -1.90701896e-04 9.99603504e-01 1.00017561e+00
4.15000000e+01 9.70594295e-01 -1.40573401e-05 -1.76394465e-04 9.99633154e-01 1.00016234e+00
4.16000000e+01 9.72594286e-01 -1.28927229e-05 -1.60470232e-04 9.99666167e-01 1.00014758e+00
4.17000000e+01 9.74845408e-01 -1.16107064e-05 -1.43102507e-04 9.99702184e-01 1.00013149e+00
4.18000000e+01 9.77326162e-01 -1.02248659e-05 -1.24477239e-04 9.99740821e-01 1.00011425e+00
4.19000000e+01 9.80012952e-01 -8.74969762e-06 -1.04791063e-04 9.99781668e-01 1.00009604e+00
4.20000000e+01 9.82880213e-01 -7.20047631e-06 -8.42492648e-05 9.99824301e-01 1.00007705e+00
4.21000000e+01 9.85900563e-01 -5.59310594e-06 -6.30636730e-05 9.99868280e-01 1.00005747e+00
4.22000000e+01 9.89044980e-01 -3.94396356e-06 -4.14505125e-05 9.99913155e-01 1.00003751e+00
4.23000000e+01 9.92283008e-01 -2.26973802e-06 -1.96282284e-05 9.99958474e-01 1.00001736e+00
4.24000000e+01 9.95582992e-01 -5.87264986e-07 2.18469000e-06 1.00000378e+00 9.99997228e-01
4.25000000e+01 9.98912346e-01 1.08664026e-06 2.37718682e-05 1.00004863e+00 9.99977315e-01
4.26000000e+01 1.00223785e+00 2.73535044e-06 4.49211644e-05 1.00009258e+00 9.99957814e-01
4.27000000e+01 1.00552597e+00 4.34259262e-06 6.54267280e-05 1.00013520e+00 9.99938916e-01
4.28000000e+01 1.00874321e+00 5.89261151e-06 8.50909782e-05 1.00017607e+00 9.99920802e-01
4.29000000e+01 1.01185652e+00 7.37032783e-06 1.03726482e-04 1.00021482e+00 9.99903644e-01
4.30000000e+01 1.01483362e+00 8.76148990e-06 1.21157720e-04 1.00025108e+00 9.99887604e-01
4.31000000e+01 1.01764348e+00 1.00528167e-05 1.37222712e-04 1.00028450e+00 9.99872830e-01
4.32000000e+01 1.02025668e+00 1.12321308e-05 1.51774500e-04 1.00031478e+00 9.99859458e-01
4.33000000e+01 1.02264580e+00 1.22884790e-05 1.64682469e-04 1.00034165e+00 9.99847606e-01
4.34000000e+01 1.02478585e+00 1.32122400e-05 1.75833494e-04 1.00036488e+00 9.99837379e-01
4.35000000e+01 1.02665461e+00 1.39952171e-05 1.85132899e-04 1.00038426e+00 9.99828862e-01
4.36000000e+01 1.02823294e+00 1.46307148e-05 1.92505235e-04 1.00039964e+00 9.99822125e-01
4.37000000e+01 1.02950511e+00 1.51135993e-05 1.97894847e-04 1.00041090e+00 9.99817219e-01
4.38000000e+01 1.03045898e+00 1.54403404e-05 2.01266254e-04 1.00041797e+00 9.99814174e-01
4.39000000e+01 1.03108623e+00 1.56090361e-05 2.02604315e-04 1.00042082e+00 9.99813005e-01
4.40000000e+01 1.03138243e+00 1.56194191e-05 2.01914195e-04 1.00041945e+00 9.99813705e-01
4.41000000e+01 1.03134713e+00 1.54728442e-05 1.99221134e-04 1.00041392e+00 9.99816252e-01
4.42000000e+01 1.03098381e+00 1.51722594e-05 1.94570009e-04 1.00040431e+00 9.99820602e-01
4.43000000e+01 1.03029978e+00 1.47221577e-05 1.88024717e-04 1.00039077e+00 9.99826697e-01
4.44000000e+01 1.02930608e+00 1.41285144e-05 1.79667368e-04 1.00037346e+00 9.99834461e-01
4.45000000e+01 1.02801722e+00 1.33987073e-05 1.69597303e-04 1.00035259e+00 9.99843801e-01
4.46000000e+01 1.02645095e+00 1.25414237e-05 1.57929956e-04 1.00032840e+00 9.99854611e-01
4.47000000e+01 1.02462792e+00 1.15665539e-05 1.44795566e-04 1.00030116e+00 9.99866771e-01
4.48000000e+01 1.02257136e+00 1.04850733e-05 1.30337745e-04 1.00027116e+00 9.99880147e-01
4.49000000e+01 1.02030670e+00 9.30891511e-06 1.14711941e-04 1.00023873e+00 9.99894597e-01
4.50000000e+01 1.01786115e+00 8.05083456e-06 9.80837876e-05 1.00020422e+00 9.99909967e-01
4.51000000e+01 1.01526335e+00 6.72426704e-06 8.06273703e-05 1.00016798e+00 9.99926097e-01
4.52000000e+01 1.01254293e+00 5.34318165e-06 6.25234282e-05 1.00013039e+00 9.99942820e-01
4.53000000e+01 1.00973012e+00 3.92193191e-06 4.39575027e-05 1.00009184e+00 9.99959964e-01
4.54000000e+01 1.00685542e+00 2.47510545e-06 2.51180586e-05 1.00005271e+00 9.99977357e-01
4.55000000e+01 1.00394916e+00 1.01737424e-06 6.19459184e-06 1.00001341e+00 9.99994823e-01
4.56000000e+01 1.00104125e+00 -4.36652959e-07 -1.26242540e-05 9.99974315e-01 1.00001219e+00
4.57000000e+01 9.98160845e-01 -1.87257460e-06 -3.11525463e-05 9.99935822e-01 1.00002928e+00
4.58000000e+01 9.95336053e-01 -3.27633534e-06 -4.92088779e-05 9.99898306e-01 1.00004593e+00
4.59000000e+01 9.92593731e-01 -4.63435886e-06 -6.66181198e-05 9.99862129e-01 1.00006198e+00
4.60000000e+01 9.89959258e-01 -5.93367335e-06 -8.32130966e-05 9.99827640e-01 1.00007728e+00
4.61000000e+01 9.87456363e-01 -7.16202882e-06 -9.88361679e-05 9.99795166e-01 1.00009167e+00
4.62000000e+01 9.85106974e-01 -8.30800525e-06 -1.13340701e-04 9.99765011e-01 1.00010503e+00
4.63000000e+01 9.82931100e-01 -9.36111099e-06 -1.26592422e-04 9.99737454e-01 1.00011723e+00
4.64000000e+01 9.80946734e-01 -1.03118709e-05 -1.38470636e-04 9.99712747e-01 1.00012816e+00
4.65000000e+01 9.79169779e-01 -1.11519034e-05 -1.48869294e-04 9.99691110e-01 1.00013772e+00
4.66000000e+01 9.77613990e-01 -1.18739866e-05 -1.57697920e-04 9.99672730e-01 1.00014582e+00
4.67000000e+01 9.76290946e-01 -1.24721132e-05 -1.64882362e-04 9.99657763e-01 1.00015241e+00
4.68000000e+01 9.75210015e-01 -1.29415329e-05 -1.70365388e-04 9.99646328e-01 1.00015742e+00
4.69000000e+01 9.74378353e-01 -1.32787842e-05 -1.74107101e-04 9.99638507e-01 1.00016083e+00
4.70000000e+01 9.73800898e-01 -1.34817134e-05 -1.76085189e-04 9.99634348e-01 1.00016260e+00
4.71000000e+01 9.73480382e-01 -1.35494830e-05 -1.76294990e-04 9.99633861e-01 1.00016275e+00
