# k S000 S110 S112 S10 S11
0.00000000e+00 4.55625000e-01 1.11206032e+00 -9.95946642e-01 1.20167038e-01 3.10800697e+00
1.00000000e-01 4.55861396e-01 1.10750812e+00 -9.93624970e-01 1.20258183e-01 3.10113309e+00
2.00000000e-01 4.56571065e-01 1.09399230e+00 -9.86730106e-01 1.20532089e-01 3.08072241e+00
3.00000000e-01 4.57755450e-01 1.07192463e+00 -9.75467231e-01 1.20990164e-01 3.04739186e+00
4.00000000e-01 4.59416950e-01 1.04195768e+00 -9.60161454e-01 1.21634774e-01 3.00211913e+00
5.00000000e-01 4.61558903e-01 1.00493908e+00 -9.41234908e-01 1.22469260e-01 2.94617398e+00
6.00000000e-01 4.64185569e-01 9.61855845e-01 -9.19178936e-01 1.23497972e-01 2.88103478e+00
7.00000000e-01 4.67302105e-01 9.13775439e-01 -8.94524565e-01 1.24726310e-01 2.80830000e+00
8.00000000e-01 4.70914534e-01 8.61789228e-01 -8.67814228e-01 1.26160771e-01 2.72960346e+00
9.00000000e-01 4.75029701e-01 8.06963144e-01 -8.39577063e-01 1.27809018e-01 2.64654021e+00
1.00000000e+00 4.79655220e-01 7.50298357e-01 -8.10309205e-01 1.29679947e-01 2.56060756e+00
1.10000000e+00 4.84799420e-01 6.92703162e-01 -7.80459692e-01 1.31783778e-01 2.47316285e+00
1.20000000e+00 4.90471258e-01 6.34975796e-01 -7.50421822e-01 1.34132151e-01 2.38539762e+00
1.30000000e+00 4.96680236e-01 5.77796871e-01 -7.20529312e-01 1.36738246e-01 2.29832618e+00
1.40000000e+00 5.03436290e-01 5.21729572e-01 -6.91056331e-01 1.39616911e-01 2.21278590e+00
1.50000000e+00 5.10749661e-01 4.67225578e-01 -6.62220382e-01 1.42784815e-01 2.12944596e+00
1.60000000e+00 5.18630743e-01 4.14634767e-01 -6.34187077e-01 1.46260613e-01 2.04882184e+00
1.70000000e+00 5.27089905e-01 3.64217082e-01 -6.07075967e-01 1.50065148e-01 1.97129305e+00
1.80000000e+00 5.36137287e-01 3.16155231e-01 -5.80966785e-01 1.54221660e-01 1.89712202e+00
1.90000000e+00 5.45782558e-01 2.70567293e-01 -5.55905629e-01 1.58756034e-01 1.82647292e+00
2.00000000e+00 5.56034645e-01 2.27518588e-01 -5.31910755e-01 1.63697078e-01 1.75942934e+00
2.10000000e+00 5.66901419e-01 1.87032442e-01 -5.08977807e-01 1.69076828e-01 1.69601025e+00
2.20000000e+00 5.78389342e-01 1.49099658e-01 -4.87084381e-01 1.74930895e-01 1.63618404e+00
2.30000000e+00 5.90503068e-01 1.13686666e-01 -4.66193908e-01 1.81298850e-01 1.57988057e+00
2.40000000e+00 6.03245008e-01 8.07423907e-02 -4.46258869e-01 1.88224652e-01 1.52700126e+00
2.50000000e+00 6.16614835e-01 5.02039485e-02 -4.27223413e-01 1.95757122e-01 1.47742736e+00
2.60000000e+00 6.30608961e-01 2.20013026e-02 -4.09025419e-01 2.03950465e-01 1.43102672e+00
2.70000000e+00 6.45219962e-01 -3.93897606e-03 -3.91598091e-01 2.12864843e-01 1.38765911e+00
2.80000000e+00 6.60435977e-01 -2.76907093e-02 -3.74871148e-01 2.22566995e-01 1.34718044e+00
2.90000000e+00 6.76240070e-01 -4.93257414e-02 -3.58771675e-01 2.33130908e-01 1.30944593e+00
3.00000000e+00 6.92609588e-01 -6.89120875e-02 -3.43224695e-01 2.44638523e-01 1.27431261e+00
3.10000000e+00 7.09515516e-01 -8.65125022e-02 -3.28153510e-01 2.57180477e-01 1.24164101e+00
3.20000000e+00 7.26921848e-01 -1.02183390e-01 -3.13479880e-01 2.70856849e-01 1.21129649e+00
3.30000000e+00 7.44785012e-01 -1.15973994e-01 -2.99124055e-01 2.85777897e-01 1.18315006e+00
3.40000000e+00 7.63053366e-01 -1.27925823e-01 -2.85004727e-01 3.02064723e-01 1.15707890e+00
3.50000000e+00 7.81666795e-01 -1.38072278e-01 -2.71038944e-01 3.19849833e-01 1.13296667e+00
3.60000000e+00 8.00556466e-01 -1.46438477e-01 -2.57142022e-01 3.39277479e-01 1.11070355e+00
3.70000000e+00 8.19644746e-01 -1.53041288e-01 -2.43227517e-01 3.60503679e-01 1.09018623e+00
3.80000000e+00 8.38845352e-01 -1.57889583e-01 -2.29207326e-01 3.83695764e-01 1.07131774e+00
3.90000000e+00 8.58063753e-01 -1.60984784e-01 -2.14991996e-01 4.09031224e-01 1.05400721e+00
4.00000000e+00 8.77197854e-01 -1.62321754e-01 -2.00491326e-01 4.36695593e-01 1.03816957e+00
4.10000000e+00 8.96138991e-01 -1.61890163e-01 -1.85615400e-01 4.66879036e-01 1.02372524e+00
4.20000000e+00 9.14773245e-01 -1.59676428e-01 -1.70276191e-01 4.99771190e-01 1.01059976e+00
4.30000000e+00 9.32983070e-01 -1.55666416e-01 -1.54389893e-01 5.35553798e-01 9.98723476e-01
4.40000000e+00 9.50649210e-01 -1.49849073e-01 -1.37880189e-01 5.74390549e-01 9.88031116e-01
4.50000000e+00 9.67652871e-01 -1.42221162e-01 -1.20682630e-01 6.16413578e-01 9.78461467e-01
4.60000000e+00 9.83878082e-01 -1.32793293e-01 -1.02750295e-01 6.61706117e-01 9.69957002e-01
4.70000000e+00 9.99214169e-01 -1.21597307e-01 -8.40608371e-02 7.10281019e-01 9.62463530e-01
4.80000000e+00 1.01355825e+00 -1.08695004e-01 -6.46248615e-02 7.62055273e-01 9.55929857e-01
4.90000000e+00 1.02681763e+00 -9.41879123e-02 -4.44953699e-02 8.16821348e-01 9.50307458e-01
5.00000000e+00 1.03891205e+00 -7.82275030e-02 -2.37776586e-02 8.74217180e-01 9.45550156e-01
5.10000000e+00 1.04977557e+00 -6.10247942e-02 -2.63861821e-03 9.33697969e-01 9.41613824e-01
5.20000000e+00 1.05935813e+00 -4.28577970e-02 1.86861083e-02 9.94514420e-01 9.38456095e-01
5.30000000e+00 1.06762665e+00 -2.40748209e-02 3.98890952e-02 1.05570337e+00 9.36036084e-01
5.40000000e+00 1.07456556e+00 -5.09143631e-03 6.05944314e-02 1.11609743e+00 9.34314132e-01
5.50000000e+00 1.08017691e+00 1.36208748e-02 8.03693132e-02 1.17435950e+00 9.33251562e-01
5.60000000e+00 1.08447989e+00 3.15554781e-02 9.87450305e-02 1.22904554e+00 9.32810448e-01
5.70000000e+00 1.08750987e+00 4.82002933e-02 1.15246883e-01 1.27869406e+00 9.32953411e-01
5.80000000e+00 1.08931709e+00 6.30739376e-02 1.29430513e-01 1.32193496e+00 9.33643424e-01
5.90000000e+00 1.08996492e+00 7.57637750e-02 1.40920129e-01 1.35760403e+00 9.34843646e-01
6.00000000e+00 1.08952796e+00 8.59600408e-02 1.49442772e-01 1.38484558e+00 9.36517269e-01
6.10000000e+00 1.08808988e+00 9.34802612e-02 1.54852868e-01 1.40318600e+00 9.38627393e-01
6.20000000e+00 1.08574133e+00 9.82797801e-02 1.57142850e-01 1.41256548e+00 9.41136930e-01
6.30000000e+00 1.08257776e+00 1.00446973e-01 1.56438446e-01 1.41332386e+00 9.44008527e-01
6.40000000e+00 1.07869736e+00 1.00184802e-01 1.52980280e-01 1.40614536e+00 9.47204522e-01
6.50000000e+00 1.07419922e+00 9.77828095e-02 1.47095879e-01 1.39197457e+00 9.50686930e-01
6.60000000e+00 1.06918163e+00 9.35847928e-02 1.39167330e-01 1.37191945e+00 9.54417462e-01
6.70000000e+00 1.06374057e+00 8.79571800e-02 1.29599608e-01 1.34715640e+00 9.58357572e-01
6.80000000e+00 1.05796856e+00 8.12618899e-02 1.18793351e-01 1.31884859e+00 9.62468539e-01
6.90000000e+00 1.05195362e+00 7.38357715e-02 1.07124182e-01 1.28808414e+00 9.66711589e-01
7.00000000e+00 1.04577855e+00 6.59771544e-02 9.49291179e-02 1.25583539e+00 9.71048036e-01
7.10000000e+00 1.03952036e+00 5.79388793e-02 8.24994124e-02 1.22293770e+00 9.75439467e-01
7.20000000e+00 1.03324998e+00 4.99265371e-02 7.00785922e-02 1.19008372e+00 9.79847945e-01
7.30000000e+00 1.02703200e+00 4.21004361e-02 5.78641904e-02 1.15782882e+00 9.84236246e-01
7.40000000e+00 1.02092472e+00 3.45799187e-02 4.60118075e-02 1.12660353e+00 9.88568111e-01
7.50000000e+00 1.01498015e+00 2.74488945e-02 3.46403751e-02 1.09672964e+00 9.92808519e-01
7.60000000e+00 1.00924422e+00 2.07617604e-02 2.38377942e-02 1.06843735e+00 9.96923966e-01
7.70000000e+00 1.00375698e+00 1.45491533e-02 1.36664027e-02 1.04188196e+00 1.00088275e+00
7.80000000e+00 9.98552945e-01 8.82320849e-03 4.16795121e-03 1.01715911e+00 1.00465526e+00
7.90000000e+00 9.93661322e-01 3.58216337e-03 -4.63206587e-03 9.94318032e-01 1.00821423e+00
8.00000000e+00 9.89106397e-01 -1.18574342e-03 -1.27207662e-02 9.73372724e-01 1.01153502e+00
8.10000000e+00 9.84907851e-01 -5.49905496e-03 -2.00948935e-02 9.54311158e-01 1.01459584e+00
8.20000000e+00 9.81081086e-01 -9.38050370e-03 -2.67584257e-02 9.37102645e-01 1.01737792e+00
8.30000000e+00 9.77637544e-01 -1.28549681e-02 -3.27206939e-02 9.21703644e-01 1.01986573e+00
8.40000000e+00 9.74585011e-01 -1.59478992e-02 -3.79949317e-02 9.08062237e-01 1.02204703e+00
8.50000000e+00 9.71927897e-01 -1.86841428e-02 -4.25971723e-02 8.96121512e-01 1.02391303e+00
8.60000000e+00 9.69667496e-01 -2.10870894e-02 -4.65454280e-02 8.85822055e-01 1.02545834e+00
8.70000000e+00 9.67802224e-01 -2.31780944e-02 -4.98590887e-02 8.77103728e-01 1.02668099e+00
8.80000000e+00 9.66327839e-01 -2.49761192e-02 -5.25584947e-02 8.69906891e-01 1.02758238e+00
8.90000000e+00 9.65237637e-01 -2.64975521e-02 -5.46646416e-02 8.64173165e-01 1.02816709e+00
9.00000000e+00 9.64522629e-01 -2.77561756e-02 -5.61989879e-02 8.59845849e-01 1.02844281e+00
9.10000000e+00 9.64171703e-01 -2.87632513e-02 -5.71833416e-02 8.56870065e-01 1.02842009e+00
9.20000000e+00 9.64171772e-01 -2.95277002e-02 -5.76398073e-02 8.55192685e-01 1.02811211e+00
9.30000000e+00 9.64507910e-01 -3.00563586e-02 -5.75907808e-02 8.54762080e-01 1.02753442e+00
9.40000000e+00 9.65163478e-01 -3.03542940e-02 -5.70589813e-02 8.55527744e-01 1.02670469e+00
9.50000000e+00 9.66120249e-01 -3.04251662e-02 -5.60675138e-02 8.57439806e-01 1.02564235e+00
9.60000000e+00 9.67358524e-01 -3.02716236e-02 -5.46399575e-02 8.60448461e-01 1.02436833e+00
9.70000000e+00 9.68857254e-01 -2.98957215e-02 -5.28004732e-02 8.64503332e-01 1.02290475e+00
9.80000000e+00 9.70594159e-01 -2.92993555e-02 -5.05739293e-02 8.69552786e-01 1.02127457e+00
9.90000000e+00 9.72545858e-01 -2.84846988e-02 -4.79860397e-02 8.75543222e-01 1.01950134e+00
1.00000000e+01 9.74688001e-01 -2.74546363e-02 -4.50635109e-02 8.82418342e-01 1.01760887e+00
1.01000000e+01 9.76995415e-01 -2.62131846e-02 -4.18341930e-02 8.90118429e-01 1.01562101e+00
1.02000000e+01 9.79442254e-01 -2.47658912e-02 -3.83272272e-02 8.98579654e-01 1.01356134e+00
1.03000000e+01 9.82002168e-01 -2.31202010e-02 -3.45731844e-02 9.07733430e-01 1.01145298e+00
1.04000000e+01 9.84648478e-01 -2.12857812e-02 -3.06041843e-02 9.17505850e-01 1.00931840e+00
1.05000000e+01 9.87354365e-01 -1.92747935e-02 -2.64539853e-02 9.27817236e-01 1.00717919e+00
1.06000000e+01 9.90093067e-01 -1.71021017e-02 -2.21580346e-02 9.38581829e-01 1.00505593e+00
1.07000000e+01 9.92838090e-01 -1.47854042e-02 -1.77534661e-02 9.49707664e-01 1.00296806e+00
1.08000000e+01 9.95563425e-01 -1.23452796e-02 -1.32790342e-02 9.61096652e-01 1.00093375e+00
1.09000000e+01 9.98243766e-01 -9.80513471e-03 -8.77497132e-03 9.72644923e-01 9.98969837e-01
1.10000000e+01 1.00085473e+00 -7.19104803e-03 -4.28276121e-03 9.84243430e-01 9.97091713e-01
1.11000000e+01 1.00337309e+00 -4.53150140e-03 1.55181701e-04 9.95778862e-01 9.95313317e-01
1.12000000e+01 1.00577699e+00 -1.85699899e-03 4.49592858e-03 1.00713486e+00 9.93647072e-01
1.13000000e+01 1.00804611e+00 8.00423836e-04 8.69654776e-03 1.01819352e+00 9.92103876e-01
1.14000000e+01 1.01016194e+00 3.40779301e-03 1.27147044e-02 1.02883720e+00 9.90693089e-01
1.15000000e+01 1.01210788e+00 5.93187494e-03 1.65093351e-02 1.03895055e+00 9.89422540e-01
1.16000000e+01 1.01386944e+00 8.33992115e-03 2.00413778e-02 1.04842268e+00 9.88298543e-01
1.17000000e+01 1.01543433e+00 1.06004513e-02 2.32745312e-02 1.05714951e+00 9.87325920e-01
1.18000000e+01 1.01679262e+00 1.26840431e-02 2.61760133e-02 1.06503607e+00 9.86508030e-01
1.19000000e+01 1.01793675e+00 1.45640938e-02 2.87172845e-02 1.07199866e+00 9.85846809e-01
1.20000000e+01 1.01886159e+00 1.62175173e-02 3.08747016e-02 1.07796692e+00 9.85342816e-01
1.21000000e+01 1.01956448e+00 1.76253437e-02 3.26300672e-02 1.08288548e+00 9.84995276e-01
1.22000000e+01 1.02004515e+00 1.87731895e-02 3.39710469e-02 1.08671528e+00 9.84802143e-01
1.23000000e+01 1.02030569e+00 1.96515765e-02 3.48914295e-02 1.08943444e+00 9.84760147e-01
1.24000000e+01 1.02035048e+00 2.02560837e-02 3.53912173e-02 1.09103852e+00 9.84864866e-01
1.25000000e+01 1.02018601e+00 2.05873281e-02 3.54765404e-02 1.09154041e+00 9.85110788e-01
1.26000000e+01 1.01982080e+00 2.06507775e-02 3.51594004e-02 1.09096958e+00 9.85491377e-01
1.27000000e+01 1.01926521e+00 2.04564124e-02 3.44572583e-02 1.08937093e+00 9.85999154e-01
1.28000000e+01 1.01853124e+00 2.00182570e-02 3.33924883e-02 1.08680323e+00 9.86625769e-01
1.29000000e+01 1.01763235e+00 1.93538090e-02 3.19917274e-02 1.08333726e+00 9.87362082e-01
1.30000000e+01 1.01658326e+00 1.84834007e-02 3.02851510e-02 1.07905370e+00 9.88198250e-01
1.31000000e+01 1.01539970e+00 1.74295231e-02 2.83057095e-02 1.07404094e+00 9.89123814e-01
1.32000000e+01 1.01409821e+00 1.62161456e-02 2.60883557e-02 1.06839286e+00 9.90127790e-01
1.33000000e+01 1.01269594e+00 1.48680602e-02 2.36692943e-02 1.06220665e+00 9.91198766e-01
1.34000000e+01 1.01121042e+00 1.34102728e-02 2.10852748e-02 1.05558082e+00 9.92324998e-01
1.35000000e+01 1.00965933e+00 1.18674607e-02 1.83729486e-02 1.04861336e+00 9.93494512e-01
1.36000000e+01 1.00806037e+00 1.02635084e-02 1.55683012e-02 1.04140011e+00 9.94695207e-01
1.37000000e+01 1.00643101e+00 8.62112823e-03 1.27061695e-02 1.03403347e+00 9.95914959e-01
1.38000000e+01 1.00478836e+00 6.96156774e-03 9.81984282e-03 1.02660125e+00 9.97141725e-01
1.39000000e+01 1.00314900e+00 5.30440074e-03 6.94074996e-03 1.01918590e+00 9.98363651e-01
1.40000000e+01 1.00152886e+00 3.66739640e-03 4.09822376e-03 1.01186384e+00 9.99569173e-01
1.41000000e+01 9.99943053e-01 2.06645761e-03 1.31933784e-03 1.00470513e+00 1.00074712e+00
1.42000000e+01 9.98405832e-01 5.15618886e-04 -1.37119413e-03 9.97773231e-01 1.00188681e+00
1.43000000e+01 9.96930447e-01 -9.72906984e-04 -3.95106585e-03 9.91124961e-01 1.00297816e+00
1.44000000e+01 9.95529089e-01 -2.38864407e-03 -6.40038210e-03 9.84810592e-01 1.00401174e+00
1.45000000e+01 9.94212827e-01 -3.72274066e-03 -8.70162793e-03 9.78874003e-01 1.00497889e+00
1.46000000e+01 9.92991555e-01 -4.96783821e-03 -1.08396115e-02 9.73352939e-01 1.00587177e+00
1.47000000e+01 9.91873960e-01 -6.11793043e-03 -1.28013881e-02 9.68279293e-01 1.00668346e+00
1.48000000e+01 9.90867494e-01 -7.16821964e-03 -1.45761716e-02 9.63679437e-01 1.00740795e+00
1.49000000e+01 9.89978366e-01 -8.11497675e-03 -1.61552391e-02 9.59574545e-01 1.00804026e+00
1.50000000e+01 9.89211531e-01 -8.95540951e-03 -1.75318320e-02 9.55980927e-01 1.00857642e+00
1.51000000e+01 9.88570701e-01 -9.68754293e-03 -1.87010580e-02 9.52910341e-01 1.00901352e+00
1.52000000e+01 9.88058355e-01 -1.03101147e-02 -1.96597959e-02 9.50370293e-01 1.00934968e+00
1.53000000e+01 9.87675764e-01 -1.08224872e-02 -2.04066048e-02 9.48364303e-01 1.00958412e+00
1.54000000e+01 9.87423014e-01 -1.12245772e-02 -2.09416388e-02 9.46892145e-01 1.00971706e+00
1.55000000e+01 9.87299043e-01 -1.15168031e-02 -2.12665689e-02 9.45950059e-01 1.00974977e+00
1.56000000e+01 9.87301681e-01 -1.17000505e-02 -2.13845098e-02 9.45530930e-01 1.00968446e+00
1.57000000e+01 9.87427696e-01 -1.17756523e-02 -2.12999540e-02 9.45624440e-01 1.00952430e+00
1.58000000e+01 9.87672847e-01 -1.17453856e-02 -2.10187105e-02 9.46217193e-01 1.00927332e+00
1.59000000e+01 9.88031935e-01 -1.16114802e-02 -2.05478483e-02 9.47292823e-01 1.00893637e+00
1.60000000e+01 9.88498871e-01 -1.13766381e-02 -1.98956432e-02 9.48832075e-01 1.00851901e+00
1.61000000e+01 9.89066737e-01 -1.10440612e-02 -1.90715268e-02 9.50812885e-01 1.00802747e+00
1.62000000e+01 9.89727862e-01 -1.06174842e-02 -1.80860357e-02 9.53210444e-01 1.00746855e+00
1.63000000e+01 9.90473890e-01 -1.01012098e-02 -1.69507595e-02 9.55997271e-01 1.00684955e+00
1.64000000e+01 9.91295866e-01 -9.50014311e-03 -1.56782864e-02 9.59143284e-01 1.00617814e+00
1.65000000e+01 9.92184318e-01 -8.81982289e-03 -1.42821436e-02 9.62615890e-01 1.00546232e+00
1.66000000e+01 9.93129341e-01 -8.06644521e-03 -1.27767307e-02 9.66380093e-01 1.00471029e+00
1.67000000e+01 9.94120691e-01 -7.24687795e-03 -1.11772454e-02 9.70398631e-01 1.00393037e+00
1.68000000e+01 9.95147878e-01 -6.36866267e-03 -9.49959822e-03 9.74632141e-01 1.00313094e+00
1.69000000e+01 9.96200261e-01 -5.44000162e-03 -7.76031596e-03 9.79039366e-01 1.00232031e+00
1.70000000e+01 9.97267145e-01 -4.46972781e-03 -5.97643181e-03 9.83577409e-01 1.00150670e+00
1.71000000e+01 9.98337877e-01 -3.46725670e-03 -4.16536164e-03 9.88202020e-01 1.00069810e+00
1.72000000e+01 9.99401952e-01 -2.44251841e-03 -2.34476585e-03 9.92867950e-01 9.99902247e-01
1.73000000e+01 1.00044910e+00 -1.40587017e-03 -5.32397063e-04 9.97529336e-01 9.99126527e-01
1.74000000e+01 1.00146939e+00 -3.67989588e-04 1.25406563e-03 1.00214014e+00 9.98377945e-01
1.75000000e+01 1.00245333e+00 6.60250074e-04 2.99719444e-03 1.00665464e+00 9.97663056e-01
1.76000000e+01 1.00339191e+00 1.66792058e-03 4.68000024e-03 1.01102792e+00 9.96987920e-01
1.77000000e+01 1.00427676e+00 2.64419233e-03 6.28612682e-03 1.01521645e+00 9.96358066e-01
1.78000000e+01 1.00510016e+00 3.57849736e-03 7.80004813e-03 1.01917859e+00 9.95778449e-01
1.79000000e+01 1.00585515e+00 4.46069730e-03 9.20726446e-03 1.02287523e+00 9.95253433e-01
1.80000000e+01 1.00653558e+00 5.28125164e-03 1.04944927e-02 1.02627024e+00 9.94786759e-01
1.81000000e+01 1.00713615e+00 6.03138105e-03 1.16498461e-02 1.02933107e+00 9.94381535e-01
1.82000000e+01 1.00765247e+00 6.70322058e-03 1.26629975e-02 1.03202922e+00 9.94040223e-01
1.83000000e+01 1.00808109e+00 7.28995770e-03 1.35253226e-02 1.03434060e+00 9.93764635e-01
1.84000000e+01 1.00841950e+00 7.78595048e-03 1.42300176e-02 1.03624599e+00 9.93555933e-01
1.85000000e+01 1.00866618e+00 8.18682188e-03 1.47721879e-02 1.03773120e+00 9.93414634e-01
1.86000000e+01 1.00882055e+00 8.48952698e-03 1.51489049e-02 1.03878734e+00 9.93340622e-01
1.87000000e+01 1.00888301e+00 8.69239099e-03 1.53592286e-02 1.03941085e+00 9.93333162e-01
1.88000000e+01 1.00885488e+00 8.79511694e-03 1.54041961e-02 1.03960351e+00 9.93390921e-01
1.89000000e+01 1.00873837e+00 8.79876327e-03 1.52867746e-02 1.03937231e+00 9.93511989e-01
1.90000000e+01 1.00853656e+00 8.70569243e-03 1.50117825e-02 1.03872926e+00 9.93693910e-01
1.91000000e+01 1.00825331e+00 8.51949306e-03 1.45857798e-02 1.03769105e+00 9.93933713e-01
1.92000000e+01 1.00789326e+00 8.24487877e-03 1.40169313e-02 1.03627874e+00 9.94227947e-01
1.93000000e+01 1.00746168e+00 7.88756756e-03 1.33148474e-02 1.03451726e+00 9.94572720e-01
1.94000000e+01 1.00696448e+00 7.45414644e-03 1.24904072e-02 1.03243496e+00 9.94963739e-01
1.95000000e+01 1.00640808e+00 6.95192582e-03 1.15555681e-02 1.03006306e+00 9.95396358e-01
1.96000000e+01 1.00579936e+00 6.38878853e-03 1.05231677e-02 1.02743512e+00 9.95865621e-01
1.97000000e+01 1.00514555e+00 5.77303798e-03 9.40672332e-03 1.02458648e+00 9.96366315e-01
1.98000000e+01 1.00445416e+00 5.11324967e-03 8.22023175e-03 1.02155371e+00 9.96893018e-01
1.99000000e+01 1.00373291e+00 4.41812974e-03 6.97797587e-03 1.01837408e+00 9.97440154e-01
2.00000000e+01 1.00298960e+00 3.69638351e-03 5.69433954e-03 1.01508506e+00 9.98002044e-01
2.01000000e+01 1.00223209e+00 2.95659648e-03 4.38363447e-03 1.01172387e+00 9.98572962e-01
2.02000000e+01 1.00146818e+00 2.20712935e-03 3.05994103e-03 1.00832701e+00 9.99147188e-01
2.03000000e+01 1.00070553e+00 1.45602804e-03 1.73696434e-03 1.00492996e+00 9.99719064e-01
2.04000000e+01 9.99951629e-01 7.10949035e-04 4.27906570e-04 1.00156676e+00 1.00028304e+00
2.05000000e+01 9.99213682e-01 -2.09001896e-05 -8.54644401e-04 9.98269811e-01 1.00083374e+00
2.06000000e+01 9.98498574e-01 -7.32806420e-04 -2.09881010e-03 9.95069573e-01 1.00136600e+00
2.07000000e+01 9.97812809e-01 -1.41858271e-03 -3.29350100e-03 9.91994415e-01 1.00187492e+00
2.08000000e+01 9.97162456e-01 -2.07258859e-03 -4.42848130e-03 9.89070449e-01 1.00235589e+00
2.09000000e+01 9.96553103e-01 -2.68973997e-03 -5.49442019e-03 9.86321420e-01 1.00280468e+00
2.10000000e+01 9.95989823e-01 -3.26551058e-03 -6.48293066e-03 9.83768628e-01 1.00321742e+00
2.11000000e+01 9.95477137e-01 -3.79592651e-03 -7.38659734e-03 9.81430879e-01 1.00359067e+00
2.12000000e+01 9.95018986e-01 -4.27755562e-03 -8.19899447e-03 9.79324455e-01 1.00392144e+00
2.13000000e+01 9.94618710e-01 -4.70749333e-03 -8.91469541e-03 9.77463116e-01 1.00420720e+00
2.14000000e+01 9.94279035e-01 -5.08334623e-03 -9.52927477e-03 9.75858104e-01 1.00444593e+00
2.15000000e+01 9.94002057e-01 -5.40321473e-03 -1.00393042e-02 9.74518177e-01 1.00463609e+00
2.16000000e+01 9.93789244e-01 -5.66567587e-03 -1.04423428e-02 9.73449639e-01 1.00477667e+00
2.17000000e+01 9.93641429e-01 -5.86976689e-03 -1.07369228e-02 9.72656388e-01 1.00486716e+00
2.18000000e+01 9.93558823e-01 -6.01497045e-03 -1.09225317e-02 9.72139966e-01 1.00490756e+00
2.19000000e+01 9.93541019e-01 -6.10120163e-03 -1.09995898e-02 9.71899619e-01 1.00489839e+00
2.20000000e+01 9.93587011e-01 -6.12879692e-03 -1.09694262e-02 9.71932351e-01 1.00484063e+00
2.21000000e+01 9.93695214e-01 -6.09850523e-03 -1.08342497e-02 9.72232995e-01 1.00473574e+00
2.22000000e+01 9.93863486e-01 -6.01148057e-03 -1.05971190e-02 9.72794281e-01 1.00458564e+00
2.23000000e+01 9.94089155e-01 -5.86927607e-03 -1.02619080e-02 9.73606908e-01 1.00439263e+00
2.24000000e+01 9.94369058e-01 -5.67383873e-03 -9.83326918e-03 9.74659623e-01 1.00415943e+00
2.25000000e+01 9.94699567e-01 -5.42750424e-03 -9.31659340e-03 9.75939309e-01 1.00388909e+00
2.26000000e+01 9.95076636e-01 -5.13299120e-03 -8.71796576e-03 9.77431077e-01 1.00358497e+00
2.27000000e+01 9.95495839e-01 -4.79339373e-03 -8.04411800e-03 9.79118370e-01 1.00325072e+00
2.28000000e+01 9.95952417e-01 -4.41217183e-03 -7.30237650e-03 9.80983075e-01 1.00289020e+00
2.29000000e+01 9.96441325e-01 -3.99313856e-03 -6.50060580e-03 9.83005650e-01 1.00250747e+00
2.30000000e+01 9.96957283e-01 -3.54044324e-03 -5.64714740e-03 9.85165262e-01 1.00210670e+00
2.31000000e+01 9.97494827e-01 -3.05854997e-03 -4.75075356e-03 9.87439943e-01 1.00169220e+00
2.32000000e+01 9.98048361e-01 -2.55221104e-03 -3.82051603e-03 9.89806757e-01 1.00126830e+00
2.33000000e+01 9.98612212e-01 -2.02643443e-03 -2.86578984e-03 9.92241986e-01 1.00083936e+00
2.34000000e+01 9.99180688e-01 -1.48644558e-03 -1.89611212e-03 9.94721330e-01 1.00040967e+00
2.35000000e+01 9.99748125e-01 -9.37643025e-04 -9.21116479e-04 9.97220124e-01 9.99983473e-01
2.36000000e+01 1.00030895e+00 -3.85548227e-04 4.95566325e-05 9.99713565e-01 9.99564895e-01
2.37000000e+01 1.00085773e+00 1.64250007e-04 1.00635280e-03 1.00217696e+00 9.99157897e-01
2.38000000e+01 1.00138922e+00 7.06155915e-04 1.93989886e-03 1.00458595e+00 9.98766257e-01
2.39000000e+01 1.00189842e+00 1.23463106e-03 2.84109935e-03 1.00691683e+00 9.98393532e-01
2.40000000e+01 1.00238061e+00 1.74426142e-03 3.70123285e-03 1.00914673e+00 9.98043029e-01
2.41000000e+01 1.00283143e+00 2.22982603e-03 4.51204677e-03 1.01125392e+00 9.97717779e-01
2.42000000e+01 1.00324686e+00 2.68636559e-03 5.26584904e-03 1.01321806e+00 9.97420517e-01
2.43000000e+01 1.00362330e+00 3.10924974e-03 5.95559503e-03 1.01502044e+00 9.97153655e-01
2.44000000e+01 1.00395760e+00 3.49424112e-03 6.57496801e-03 1.01664418e+00 9.96919273e-01
2.45000000e+01 1.00424707e+00 3.83755475e-03 7.11845157e-03 1.01807446e+00 9.96719103e-01
2.46000000e+01 1.00448951e+00 4.13591127e-03 7.58139242e-03 1.01929870e+00 9.96554519e-01
2.47000000e+01 1.00468322e+00 4.38658242e-03 7.96005213e-03 1.02030669e+00 9.96426530e-01
2.48000000e+01 1.00482703e+00 4.58742780e-03 8.25164676e-03 1.02109072e+00 9.96335781e-01
2.49000000e+01 1.00492028e+00 4.73692167e-03 8.45437333e-03 1.02164567e+00 9.96282548e-01
2.50000000e+01 1.00496283e+00 4.83416938e-03 8.56742265e-03 1.02196901e+00 9.96266747e-01
2.51000000e+01 1.00495506e+00 4.87891281e-03 8.59097801e-03 1.02206087e+00 9.96287935e-01
2.52000000e+01 1.00489785e+00 4.87152487e-03 8.52620006e-03 1.02192392e+00 9.96345325e-01
2.53000000e+01 1.00479256e+00 4.81299330e-03 8.37519799e-03 1.02156339e+00 9.96437795e-01
2.54000000e+01 1.00464102e+00 4.70489444e-03 8.14098793e-03 1.02098687e+00 9.96563907e-01
2.55000000e+01 1.00444550e+00 4.54935759e-03 7.82743944e-03 1.02020424e+00 9.96721918e-01
2.56000000e+01 1.00420865e+00 4.34902136e-03 7.43921143e-03 1.01922744e+00 9.96909810e-01
2.57000000e+01 1.00393353e+00 4.10698301e-03 6.98167900e-03 1.01807034e+00 9.97125304e-01
2.58000000e+01 1.00362351e+00 3.82674242e-03 6.46085261e-03 1.01674845e+00 9.97365890e-01
2.59000000e+01 1.00328224e+00 3.51214203e-03 5.88329166e-03 1.01527873e+00 9.97628850e-01
2.60000000e+01 1.00291365e+00 3.16730432e-03 5.25601378e-03 1.01367933e+00 9.97911291e-01
2.61000000e+01 1.00252185e+00 2.79656836e-03 4.58640184e-03 1.01196937e+00 9.98210167e-01
2.62000000e+01 1.00211111e+00 2.40442662e-03 3.88211029e-03 1.01016865e+00 9.98522316e-01
2.63000000e+01 1.00168584e+00 1.99546355e-03 3.15097209e-03 1.00829741e+00 9.98844491e-01
2.64000000e+01 1.00125048e+00 1.57429678e-03 2.40090803e-03 1.00637611e+00 9.99173389e-01
2.65000000e+01 1.00080952e+00 1.14552201e-03 1.63983914e-03 1.00442520e+00 9.99505683e-01
2.66000000e+01 1.00036742e+00 7.13662185e-04 8.75603654e-04 1.00246487e+00 9.99838059e-01
2.67000000e+01 9.99928549e-01 2.83121549e-04 1.15878988e-04 1.00051488e+00 1.00016724e+00
2.68000000e+01 9.99497201e-01 -1.41855182e-04 -6.31890451e-04 9.98594364e-01 1.00049004e+00
2.69000000e+01 9.99077505e-01 -5.57218349e-04 -1.36055926e-03 9.96721663e-01 1.00080334e+00
2.70000000e+01 9.98673406e-01 -9.59143648e-04 -2.06334059e-03 9.94914175e-01 1.00110420e+00
2.71000000e+01 9.98288630e-01 -1.34405735e-03 -2.73385907e-03 9.93188225e-01 1.00138980e+00
2.72000000e+01 9.97926653e-01 -1.70865676e-03 -3.36619714e-03 9.91558949e-01 1.00165754e+00
2.73000000e+01 9.97590669e-01 -2.04992626e-03 -3.95493502e-03 9.90040204e-01 1.00190501e+00
2.74000000e+01 9.97283568e-01 -2.36514941e-03 -4.49518428e-03 9.88644482e-01 1.00213003e+00
2.75000000e+01 9.97007915e-01 -2.65191759e-03 -4.98261548e-03 9.87382851e-01 1.00233070e+00
2.76000000e+01 9.96765926e-01 -2.90813561e-03 -5.41348003e-03 9.86264904e-01 1.00250534e+00
2.77000000e+01 9.96559460e-01 -3.13202486e-03 -5.78462677e-03 9.85298722e-01 1.00265260e+00
2.78000000e+01 9.96390006e-01 -3.32212439e-03 -6.09351330e-03 9.84490849e-01 1.00277139e+00
2.79000000e+01 9.96258670e-01 -3.47729028e-03 -6.33821269e-03 9.83846284e-01 1.00286092e+00
2.80000000e+01 9.96166178e-01 -3.59669380e-03 -6.51741560e-03 9.83368475e-01 1.00292072e+00
2.81000000e+01 9.96112872e-01 -3.67981846e-03 -6.63042826e-03 9.83059325e-01 1.00295061e+00
2.82000000e+01 9.96098712e-01 -3.72645627e-03 -6.67716641e-03 9.82919211e-01 1.00295071e+00
2.83000000e+01 9.96123282e-01 -3.73670327e-03 -6.65814551e-03 9.82947006e-01 1.00292144e+00
2.84000000e+01 9.96185801e-01 -3.71095447e-03 -6.57446719e-03 9.83140111e-01 1.00286351e+00
2.85000000e+01 9.96285133e-01 -3.64989812e-03 -6.42780234e-03 9.83494497e-01 1.00277790e+00
2.86000000e+01 9.96419806e-01 -3.55450924e-03 -6.22037060e-03 9.84004750e-01 1.00266586e+00
2.87000000e+01 9.96588024e-01 -3.42604223e-03 -5.95491664e-03 9.84664124e-01 1.00252887e+00
2.88000000e+01 9.96787692e-01 -3.26602255e-03 -5.63468292e-03 9.85464612e-01 1.00236866e+00
2.89000000e+01 9.97016440e-01 -3.07623695e-03 -5.26337932e-03 9.86397004e-01 1.00218714e+00
2.90000000e+01 9.97271646e-01 -2.85872231e-03 -4.84514936e-03 9.87450979e-01 1.00198643e+00
2.91000000e+01 9.97550461e-01 -2.61575265e-03 -4.38453320e-03 9.88615181e-01 1.00176878e+00
2.92000000e+01 9.97849847e-01 -2.34982410e-03 -3.88642741e-03 9.89877321e-01 1.00153660e+00
2.93000000e+01 9.98166598e-01 -2.06363769e-03 -3.35604163e-03 9.91224279e-01 1.00129240e+00
2.94000000e+01 9.98497379e-01 -1.76007966e-03 -2.79885219e-03 9.92642216e-01 1.00103877e+00
2.95000000e+01 9.98838757e-01 -1.44219925e-03 -2.22055284e-03 9.94116695e-01 1.00077835e+00
2.96000000e+01 9.99187232e-01 -1.11318388e-03 -1.62700288e-03 9.95632810e-01 1.00051382e+00
2.97000000e+01 9.99539278e-01 -7.76331669e-04 -1.02417289e-03 9.97175323e-01 1.00024784e+00
2.98000000e+01 9.99891373e-01 -4.35021550e-04 -4.18088519e-04 9.98728801e-01 9.99983067e-01
2.99000000e+01 1.00024003e+00 -9.26809624e-05 1.85227301e-04 1.00027777e+00 9.99722092e-01
3.00000000e+01 1.00058185e+00 2.47248423e-04 7.79813202e-04 1.00180687e+00 9.99467435e-01
3.01000000e+01 1.00091351e+00 5.81346661e-04 1.35982863e-03 1.00330100e+00 9.99221518e-01
3.02000000e+01 1.00123186e+00 9.06252670e-04 1.91961291e-03 1.00474548e+00 9.98986640e-01
3.03000000e+01 1.00153390e+00 1.21870201e-03 2.45374336e-03 1.00612619e+00 9.98764959e-01
3.04000000e+01 1.00181681e+00 1.51556471e-03 2.95709172e-03 1.00742975e+00 9.98558473e-01
3.05000000e+01 1.00207803e+00 1.79388240e-03 3.42487808e-03 1.00864364e+00 9.98369004e-01
3.06000000e+01 1.00231522e+00 2.05090419e-03 3.85272150e-03 1.00975635e+00 9.98198183e-01
3.07000000e+01 1.00252631e+00 2.28412041e-03 4.23668651e-03 1.01075749e+00 9.98047434e-01
3.08000000e+01 1.00270952e+00 2.49129371e-03 4.57332480e-03 1.01163794e+00 9.97917969e-01
3.09000000e+01 1.00286337e+00 2.67048664e-03 4.85971125e-03 1.01238991e+00 9.97810775e-01
3.10000000e+01 1.00298668e+00 2.82008536e-03 5.09347386e-03 1.01300703e+00 9.97726612e-01
3.11000000e+01 1.00307861e+00 2.93881869e-03 5.27281682e-03 1.01348445e+00 9.97666002e-01
3.12000000e+01 1.00313863e+00 3.02577232e-03 5.39653650e-03 1.01381885e+00 9.97629236e-01
3.13000000e+01 1.00316655e+00 3.08039773e-03 5.46403003e-03 1.01400846e+00 9.97616368e-01
3.14000000e+01 1.00316249e+00 3.10251572e-03 5.47529620e-03 1.01405311e+00 9.97627220e-01
3.15000000e+01 1.00312690e+00 3.09231439e-03 5.43092889e-03 1.01395417e+00 9.97661386e-01
3.16000000e+01 1.00306055e+00 3.05034187e-03 5.33210303e-03 1.01371455e+00 9.97718239e-01
3.17000000e+01 1.00296448e+00 2.97749377e-03 5.18055346e-03 1.01333860e+00 9.97796940e-01
3.18000000e+01 1.00284004e+00 2.87499586e-03 4.97854715e-03 1.01283209e+00 9.97896449e-01
3.19000000e+01 1.00268883e+00 2.74438241e-03 4.72884919e-03 1.01220208e+00 9.98015533e-01
3.20000000e+01 1.00251272e+00 2.58747059e-03 4.43468340e-03 1.01145684e+00 9.98152787e-01
3.21000000e+01 1.00231379e+00 2.40633173e-03 4.09968818e-03 1.01060571e+00 9.98306644e-01
3.22000000e+01 1.00209431e+00 2.20325991e-03 3.72786836e-03 1.00965900e+00 9.98475392e-01
3.23000000e+01 1.00185673e+00 1.98073872e-03 3.32354400e-03 1.00862783e+00 9.98657195e-01
3.24000000e+01 1.00160367e+00 1.74140667e-03 2.89129690e-03 1.00752400e+00 9.98850110e-01
3.25000000e+01 1.00133783e+00 1.48802213e-03 2.43591565e-03 1.00635985e+00 9.99052106e-01
3.26000000e+01 1.00106204e+00 1.22342829e-03 1.96234010e-03 1.00514811e+00 9.99261088e-01
3.27000000e+01 1.00077915e+00 9.50518665e-04 1.47560589e-03 1.00390173e+00 9.99474913e-01
3.28000000e+01 1.00049207e+00 6.72203862e-04 9.80789925e-04 1.00263378e+00 9.99691414e-01
3.29000000e+01 1.00020370e+00 3.91379787e-04 4.82957232e-04 1.00135729e+00 9.99908423e-01
3.30000000e+01 9.99916913e-01 1.10897834e-04 -1.28901021e-05 1.00008512e+00 1.00012379e+00
3.31000000e+01 9.99634530e-01 -1.66462751e-04 -5.01861484e-04 9.98829814e-01 1.00033540e+00
3.32000000e+01 9.99359287e-01 -4.38020128e-04 -9.79223463e-04 9.97603533e-01 1.00054120e+00
3.33000000e+01 9.99093812e-01 -7.01212609e-04 -1.44044215e-03 9.96417903e-01 1.00073923e+00
3.34000000e+01 9.98840604e-01 -9.53618869e-04 -1.88122216e-03 9.95283937e-01 1.00092760e+00
3.35000000e+01 9.98602005e-01 -1.19297561e-03 -2.29754190e-03 9.94211941e-01 1.00110457e+00
3.36000000e+01 9.98380186e-01 -1.41719274e-03 -2.68568515e-03 9.93211437e-01 1.00126849e+00
3.37000000e+01 9.98177123e-01 -1.62436625e-03 -3.04226875e-03 9.92291096e-01 1.00141790e+00
3.38000000e+01 9.97994583e-01 -1.81278875e-03 -3.36426652e-03 9.91458678e-01 1.00155148e+00
3.39000000e+01 9.97834111e-01 -1.98095806e-03 -3.64902937e-03 9.90720983e-01 1.00166807e+00
3.40000000e+01 9.97697018e-01 -2.12758382e-03 -3.89430166e-03 9.90083813e-01 1.00176672e+00
3.41000000e+01 9.97584368e-01 -2.25159237e-03 -4.09823386e-03 9.89551940e-01 1.00184664e+00
3.42000000e+01 9.97496975e-01 -2.35213007e-03 -4.25939171e-03 9.89129087e-01 1.00190726e+00
3.43000000e+01 9.97435400e-01 -2.42856518e-03 -4.37676178e-03 9.88817911e-01 1.00194820e+00
3.44000000e+01 9.97399942e-01 -2.48048842e-03 -4.44975373e-03 9.88620004e-01 1.00196927e+00
3.45000000e+01 9.97390646e-01 -2.50771235e-03 -4.47819929e-03 9.88535889e-01 1.00197049e+00
3.46000000e+01 9.97407300e-01 -2.51026954e-03 -4.46234795e-03 9.88565035e-01 1.00195208e+00
3.47000000e+01 9.97449443e-01 -2.48840972e-03 -4.40285969e-03 9.88705871e-01 1.00191445e+00
3.48000000e+01 9.97516372e-01 -2.44259583e-03 -4.30079460e-03 9.88955815e-01 1.00185820e+00
3.49000000e+01 9.97607150e-01 -2.37349893e-03 -4.15759959e-03 9.89311302e-01 1.00178410e+00
3.50000000e+01 9.97720617e-01 -2.28199202e-03 -3.97509229e-03 9.89767823e-01 1.00169310e+00
3.51000000e+01 9.97855407e-01 -2.16914273e-03 -3.75544213e-03 9.90319973e-01 1.00158630e+00
3.52000000e+01 9.98009957e-01 -2.03620474e-03 -3.50114877e-03 9.90961498e-01 1.00146494e+00
3.53000000e+01 9.98182532e-01 -1.88460785e-03 -3.21501792e-03 9.91685356e-01 1.00133041e+00
3.54000000e+01 9.98371236e-01 -1.71594673e-03 -2.90013469e-03 9.92483784e-01 1.00118419e+00
3.55000000e+01 9.98574034e-01 -1.53196828e-03 -2.55983448e-03 9.93348363e-01 1.00102787e+00
3.56000000e+01 9.98788776e-01 -1.33455740e-03 -2.19767179e-03 9.94270099e-01 1.00086311e+00
3.57000000e+01 9.99013213e-01 -1.12572134e-03 -1.81738681e-03 9.95239505e-01 1.00069167e+00
3.58000000e+01 9.99245025e-01 -9.07572532e-04 -1.42287024e-03 9.96246687e-01 1.00051530e+00
3.59000000e+01 9.99481844e-01 -6.82309919e-04 -1.01812638e-03 9.97281437e-01 1.00033582e+00
3.60000000e+01 9.99721271e-01 -4.52198942e-04 -6.07234922e-04 9.98333331e-01 1.00015504e+00
3.61000000e+01 9.99960908e-01 -2.19550225e-04 -1.94311571e-04 9.99391827e-01 9.99974761e-01
3.62000000e+01 1.00019838e+00 1.33028399e-05 2.16532002e-04 1.00044637e+00 9.99796771e-01
3.63000000e+01 1.00043134e+00 2.44027415e-04 6.21228631e-04 1.00148648e+00 9.99622799e-01
3.64000000e+01 1.00065754e+00 4.70315198e-04 1.01579608e-03 1.00250191e+00 9.99454519e-01
3.65000000e+01 1.00087480e+00 6.89906767e-04 1.39637698e-03 1.00348266e+00 9.99293530e-01
3.66000000e+01 1.00108104e+00 9.00615969e-04 1.75927789e-03 1.00441917e+00 9.99141338e-01
3.67000000e+01 1.00127432e+00 1.10035400e-03 2.10100688e-03 1.00530237e+00 9.98999347e-01
3.68000000e+01 1.00145286e+00 1.28715279e-03 2.41830932e-03 1.00612377e+00 9.98868843e-01
3.69000000e+01 1.00161504e+00 1.45918735e-03 2.70820121e-03 1.00687559e+00 9.98750986e-01
3.70000000e+01 1.00175939e+00 1.61479666e-03 2.96799982e-03 1.00755080e+00 9.98646797e-01
3.71000000e+01 1.00188468e+00 1.75250273e-03 3.19535093e-03 1.00814320e+00 9.98557152e-01
3.72000000e+01 1.00198984e+00 1.87102747e-03 3.38825253e-03 1.00864753e+00 9.98482775e-01
3.73000000e+01 1.00207404e+00 1.96930718e-03 3.54507441e-03 1.00905946e+00 9.98424233e-01
3.74000000e+01 1.00213666e+00 2.04650414e-03 3.66457355e-03 1.00937565e+00 9.98381931e-01
3.75000000e+01 1.00217729e+00 2.10201536e-03 3.74590484e-03 1.00959383e+00 9.98356111e-01
3.76000000e+01 1.00219577e+00 2.13547810e-03 3.78862723e-03 1.00971273e+00 9.98346851e-01
3.77000000e+01 1.00219214e+00 2.14677225e-03 3.79270502e-03 1.00973218e+00 9.98354067e-01
3.78000000e+01 1.00216667e+00 2.13601935e-03 3.75850438e-03 1.00965303e+00 9.98377515e-01
3.79000000e+01 1.00211986e+00 2.10357850e-03 3.68678522e-03 1.00947715e+00 9.98416793e-01
3.80000000e+01 1.00205239e+00 2.05003909e-03 3.57868847e-03 1.00920742e+00 9.98471351e-01
3.81000000e+01 1.00196516e+00 1.97621064e-03 3.43571906e-03 1.00884765e+00 9.98540492e-01
3.82000000e+01 1.00185925e+00 1.88310990e-03 3.25972494e-03 1.00840256e+00 9.98623385e-01
3.83000000e+01 1.00173592e+00 1.77194550e-03 3.05287236e-03 1.00787769e+00 9.98719073e-01
3.84000000e+01 1.00159658e+00 1.64410055e-03 2.81761802e-03 1.00727934e+00 9.98826483e-01
3.85000000e+01 1.00144281e+00 1.50111341e-03 2.55667832e-03 1.00661447e+00 9.98944435e-01
3.86000000e+01 1.00127628e+00 1.34465704e-03 2.27299642e-03 1.00589065e+00 9.99071661e-01
3.87000000e+01 1.00109879e+00 1.17651738e-03 1.96970733e-03 1.00511593e+00 9.99206810e-01
3.88000000e+01 1.00091224e+00 9.98571025e-04 1.65010180e-03 1.00429877e+00 9.99348469e-01
3.89000000e+01 1.00071856e+00 8.12762574e-04 1.31758932e-03 1.00344794e+00 9.99495173e-01
3.90000000e+01 1.00051977e+00 6.21082083e-04 9.75660787e-04 1.00257240e+00 9.99645421e-01
3.91000000e+01 1.00031789e+00 4.25542823e-04 6.27851251e-04 1.00168125e+00 9.99797692e-01
3.92000000e+01 1.00011497e+00 2.28159684e-04 2.77703214e-04 1.00078357e+00 9.99950456e-01
3.93000000e+01 9.99913021e-01 3.09284586e-05 -7.12691617e-05 9.99888390e-01 1.00010220e+00
3.94000000e+01 9.99714046e-01 -1.64193789e-04 -4.15614576e-04 9.99004577e-01 1.00025142e+00
3.95000000e+01 9.99519981e-01 -3.55307112e-04 -7.51977531e-04 9.98140738e-01 1.00039667e+00
3.96000000e+01 9.99332698e-01 -5.40585697e-04 -1.07712942e-03 9.97305155e-01 1.00053654e+00
3.97000000e+01 9.99153978e-01 -7.18293410e-04 -1.38799754e-03 9.96505712e-01 1.00066970e+00
3.98000000e+01 9.98985500e-01 -8.86797839e-04 -1.68169185e-03 9.95749818e-01 1.00079489e+00
3.99000000e+01 9.98828824e-01 -1.04458280e-03 -1.95552929e-03 9.95044359e-01 1.00091095e+00
4.00000000e+01 9.98685374e-01 -1.19025928e-03 -2.20705563e-03 9.94395629e-01 1.00101680e+00
4.01000000e+01 9.98556432e-01 -1.32257494e-03 -2.43406464e-03 9.93809296e-01 1.00111149e+00
4.02000000e+01 9.98443121e-01 -1.44042208e-03 -2.63461468e-03 9.93290349e-01 1.00119419e+00
4.03000000e+01 9.98346400e-01 -1.54284420e-03 -2.80704254e-03 9.92843071e-01 1.00126420e+00
4.04000000e+01 9.98267057e-01 -1.62904129e-03 -2.94997459e-03 9.92471010e-01 1.00132093e+00
4.05000000e+01 9.98205698e-01 -1.69837369e-03 -3.06233527e-03 9.92176956e-01 1.00136396e+00
4.06000000e+01 9.98162749e-01 -1.75036481e-03 -3.14335290e-03 9.91962929e-01 1.00139299e+00
4.07000000e+01 9.98138452e-01 -1.78470267e-03 -3.19256280e-03 9.91830172e-01 1.00140786e+00
4.08000000e+01 9.98132862e-01 -1.80124025e-03 -3.20980791e-03 9.91779144e-01 1.00140857e+00
4.09000000e+01 9.98145850e-01 -1.79999477e-03 -3.19523675e-03 9.91809532e-01 1.00139524e+00
4.10000000e+01 9.98177110e-01 -1.78114593e-03 -3.14929899e-03 9.91920256e-01 1.00136815e+00
4.11000000e+01 9.98226155e-01 -1.74503305e-03 -3.07273849e-03 9.92109490e-01 1.00132771e+00
4.12000000e+01 9.98292333e-01 -1.69215118e-03 -2.96658403e-03 9.92374681e-01 1.00127443e+00
4.13000000e+01 9.98374828e-01 -1.62314619e-03 -2.83213773e-03 9.92712578e-01 1.00120899e+00
4.14000000e+01 9.98472670e-01 -1.53880879e-03 -2.67096122e-03 9.93119269e-01 1.00113215e+00
4.15000000e+01 9.98584750e-01 -1.44006747e-03 -2.48485970e-03 9.93590213e-01 1.00104479e+00
4.16000000e+01 9.98709829e-01 -1.32798044e-03 -2.27586396e-03 9.94120292e-01 1.00094788e+00
4.17000000e+01 9.98846549e-01 -1.20372640e-03 -2.04621046e-03 9.94703853e-01 1.00084248e+00
4.18000000e+01 9.98993451e-01 -1.06859432e-03 -1.79831963e-03 9.95334766e-01 1.00072973e+00
4.19000000e+01 9.99148988e-01 -9.23972139e-04 -1.53477247e-03 9.96006483e-01 1.00061080e+00
4.20000000e+01 9.99311543e-01 -7.71334385e-04 -1.25828565e-03 9.96712094e-01 1.00048695e+00
4.21000000e+01 9.99479441e-01 -6.12228877e-04 -9.71685333e-04 9.97444400e-01 1.00035946e+00
4.22000000e+01 9.99650970e-01 -4.48262440e-04 -6.77879788e-04 9.98195978e-01 1.00022962e+00
4.23000000e+01 9.99824396e-01 -2.81085803e-04 -3.79831143e-04 9.98959252e-01 1.00009875e+00
4.24000000e+01 9.99997981e-01 -1.12377748e-04 -8.05264500e-05 9.99726569e-01 9.99968149e-01
4.25000000e+01 1.00017000e+00 5.61713327e-05 2.17051664e-04 1.00049027e+00 9.99839120e-01
4.26000000e+01 1.00033876e+00 2.22876342e-04 5.09954468e-04 1.00124279e+00 9.99712922e-01
4.27000000e+01 1.00050261e+00 3.86074648e-04 7.95296439e-04 1.00197667e+00 9.99590778e-01
4.28000000e+01 1.00065996e+00 5.44143327e-04 1.07028410e-03 1.00268471e+00 9.99473859e-01
4.29000000e+01 1.00080932e+00 6.95516269e-04 1.33224406e-03 1.00336000e+00 9.99363272e-01
4.30000000e+01 1.00094925e+00 8.38700915e-04 1.57864995e-03 1.00399600e+00 9.99260051e-01
4.31000000e+01 1.00107845e+00 9.72294388e-04 1.80714787e-03 1.00458659e+00 9.99165147e-01
4.32000000e+01 1.00119573e+00 1.09499878e-03 2.01558018e-03 1.00512616e+00 9.99079419e-01
4.33000000e+01 1.00130003e+00 1.20563538e-03 2.20200714e-03 1.00560965e+00 9.99003628e-01
4.34000000e+01 1.00139042e+00 1.30315756e-03 2.36472623e-03 1.00603261e+00 9.98938431e-01
4.35000000e+01 1.00146613e+00 1.38666219e-03 2.50228896e-03 1.00639124e+00 9.98884373e-01
4.36000000e+01 1.00152653e+00 1.45539933e-03 2.61351470e-03 1.00668243e+00 9.98841885e-01
4.37000000e+01 1.00157115e+00 1.50878009e-03 2.69750165e-03 1.00690378e+00 9.98811278e-01
4.38000000e+01 1.00159969e+00 1.54638240e-03 2.75363461e-03 1.00705365e+00 9.98792748e-01
4.39000000e+01 1.00161202e+00 1.56795487e-03 2.78158943e-03 1.00713113e+00 9.98786365e-01
4.40000000e+01 1.00160816e+00 1.57341829e-03 2.78133426e-03 1.00713609e+00 9.98792084e-01
4.41000000e+01 1.00158829e+00 1.56286516e-03 2.75312744e-03 1.00706912e+00 9.98809738e-01
4.42000000e+01 1.00155275e+00 1.53655695e-03 2.69751212e-03 1.00693158e+00 9.98839045e-01
4.43000000e+01 1.00150205e+00 1.49491938e-03 2.61530771e-03 1.00672553e+00 9.98879612e-01
4.44000000e+01 1.00143683e+00 1.43853562e-03 2.50759842e-03 1.00645373e+00 9.98930937e-01
4.45000000e+01 1.00135787e+00 1.36813775e-03 2.37571879e-03 1.00611958e+00 9.98992419e-01
4.46000000e+01 1.00126609e+00 1.28459650e-03 2.22123676e-03 1.00572707e+00 9.99063360e-01
4.47000000e+01 1.00116252e+00 1.18890945e-03 2.04593436e-03 1.00528078e+00 9.99142975e-01
4.48000000e+01 1.00104830e+00 1.08218809e-03 1.85178624e-03 1.00478576e+00 9.99230402e-01
4.49000000e+01 1.00092466e+00 9.65643675e-04 1.64093663e-03 1.00424752e+00 9.99324707e-01
4.50000000e+01 1.00079294e+00 8.40572345e-04 1.41567467e-03 1.00367192e+00 9.99424898e-01
4.51000000e+01 1.00065450e+00 7.08339639e-04 1.17840875e-03 1.00306516e+00 9.99529931e-01
4.52000000e+01 1.00051080e+00 5.70364648e-04 9.31640060e-04 1.00243364e+00 9.99638725e-01
4.53000000e+01 1.00036331e+00 4.28104030e-04 6.77935671e-04 1.00178398e+00 9.99750168e-01
4.54000000e+01 1.00021353e+00 2.83036112e-04 4.19901474e-04 1.00112284e+00 9.99863135e-01
4.55000000e+01 1.00006297e+00 1.36645252e-04 1.60155316e-04 1.00045696e+00 9.99976490e-01
4.56000000e+01 9.99913139e-01 -9.59334852e-06 -9.86994262e-05 9.99793008e-01 1.00008911e+00
4.57000000e+01 9.99765512e-01 -1.54228236e-04 -3.54099550e-04 9.99137573e-01 1.00019987e+00
4.58000000e+01 9.99621537e-01 -2.95845567e-04 -6.03546770e-04 9.98497061e-01 1.00030770e+00
4.59000000e+01 9.99482609e-01 -4.33082132e-04 -8.44631294e-04 9.97877655e-01 1.00041155e+00
4.60000000e+01 9.99350059e-01 -5.64637452e-04 -1.07505402e-03 9.97285255e-01 1.00051042e+00
4.61000000e+01 9.99225144e-01 -6.89284887e-04 -1.29264723e-03 9.96725421e-01 1.00060336e+00
4.62000000e+01 9.99109033e-01 -8.05881705e-04 -1.49539357e-03 9.96203331e-01 1.00068951e+00
4.63000000e+01 9.99002798e-01 -9.13378088e-04 -1.68144327e-03 9.95723735e-01 1.00076807e+00
4.64000000e+01 9.98907402e-01 -1.01082505e-03 -1.84912950e-03 9.95290916e-01 1.00083830e+00
4.65000000e+01 9.98823694e-01 -1.09738129e-03 -1.99698172e-03 9.94908655e-01 1.00089960e+00
4.66000000e+01 9.98752400e-01 -1.17231894e-03 -2.12373706e-03 9.94580207e-01 1.00095142e+00
4.67000000e+01 9.98694117e-01 -1.23502830e-03 -2.22834963e-03 9.94308272e-01 1.00099332e+00
4.68000000e+01 9.98649308e-01 -1.28502145e-03 -2.30999777e-03 9.94094983e-01 1.00102498e+00
4.69000000e+01 9.98618299e-01 -1.32193496e-03 -2.36808922e-03 9.93941887e-01 1.00104615e+00
4.70000000e+01 9.98601280e-01 -1.34553151e-03 -2.40226417e-03 9.93849940e-01 1.00105673e+00
4.71000000e+01 9.98598298e-01 -1.35570054e-03 -2.41239634e-03 9.93819507e-01 1.00105670e+00
