# k S000 S110 S112 S10 S11
0.00000000e+00 4.00000000e-02 1.59081975e+01 -7.95253644e+00 3.12459078e-03 2.38607339e+01
1.00000000e-01 4.00302356e-02 1.55190503e+01 -7.75796182e+00 3.12662614e-03 2.32770121e+01
2.00000000e-01 4.01211034e-02 1.44595110e+01 -7.22818913e+00 3.13274134e-03 2.16877001e+01
3.00000000e-01 4.02730877e-02 1.29862436e+01 -6.49155031e+00 3.14296422e-03 1.94777939e+01
4.00000000e-01 4.04870015e-02 1.13714526e+01 -5.68414762e+00 3.15734133e-03 1.70556002e+01
5.00000000e-01 4.07639946e-02 9.81214946e+00 -4.90448676e+00 3.17593840e-03 1.47166362e+01
6.00000000e-01 4.11055657e-02 8.41277173e+00 -4.20478645e+00 3.19884096e-03 1.26175582e+01
7.00000000e-01 4.15135782e-02 7.20871088e+00 -3.60274236e+00 3.22615507e-03 1.08114532e+01
8.00000000e-01 4.19902800e-02 6.19622761e+00 -3.09648480e+00 3.25800826e-03 9.29271241e+00
9.00000000e-01 4.25383275e-02 5.35421994e+00 -2.67546270e+00 3.29455073e-03 8.02968264e+00
1.00000000e+00 4.31608147e-02 4.65660282e+00 -2.32663343e+00 3.33595671e-03 6.98323625e+00
1.10000000e+00 4.38613073e-02 4.07820579e+00 -2.03741168e+00 3.38242605e-03 6.11561748e+00
1.20000000e+00 4.46438831e-02 3.59704578e+00 -1.79680580e+00 3.43418617e-03 5.39385158e+00
1.30000000e+00 4.55131784e-02 3.19483129e+00 -1.59566990e+00 3.49149419e-03 4.79050118e+00
1.40000000e+00 4.64744427e-02 2.85671309e+00 -1.42657922e+00 3.55463948e-03 4.28329231e+00
1.50000000e+00 4.75336014e-02 2.57078001e+00 -1.28357803e+00 3.62394656e-03 3.85435805e+00
1.60000000e+00 4.86973282e-02 2.32752263e+00 -1.16191142e+00 3.69977837e-03 3.48943405e+00
1.70000000e+00 4.99731296e-02 2.11935189e+00 -1.05778468e+00 3.78254007e-03 3.17713657e+00
1.80000000e+00 5.13694409e-02 1.94019778e+00 -9.68162551e-01 3.87268340e-03 2.90836034e+00
1.90000000e+00 5.28957389e-02 1.78518655e+00 -8.90607922e-01 3.97071157e-03 2.67579448e+00
2.00000000e+00 5.45626702e-02 1.65038622e+00 -8.23154518e-01 4.07718495e-03 2.47354074e+00
2.10000000e+00 5.63822019e-02 1.53260768e+00 -7.64207478e-01 4.19272751e-03 2.29681516e+00
2.20000000e+00 5.83677938e-02 1.42924992e+00 -7.12465945e-01 4.31803424e-03 2.14171587e+00
2.30000000e+00 6.05346004e-02 1.33817954e+00 -6.66862829e-01 4.45387965e-03 2.00504237e+00
2.40000000e+00 6.28997044e-02 1.25763682e+00 -6.26517848e-01 4.60112752e-03 1.88415467e+00
2.50000000e+00 6.54823897e-02 1.18616231e+00 -5.90700784e-01 4.76074213e-03 1.77686309e+00
2.60000000e+00 6.83044593e-02 1.12253906e+00 -5.58802632e-01 4.93380122e-03 1.68134170e+00
2.70000000e+00 7.13906085e-02 1.06574715e+00 -5.30312822e-01 5.12151092e-03 1.59605998e+00
2.80000000e+00 7.47688615e-02 1.01492753e+00 -5.04801152e-01 5.32522312e-03 1.51972868e+00
2.90000000e+00 7.84710862e-02 9.69353225e-01 -4.81903385e-01 5.54645560e-03 1.45125661e+00
3.00000000e+00 8.25336003e-02 9.28406309e-01 -4.61309697e-01 5.78691542e-03 1.38971601e+00
3.10000000e+00 8.69978878e-02 8.91559271e-01 -4.42755372e-01 6.04852631e-03 1.33431464e+00
3.20000000e+00 9.19114495e-02 8.58359984e-01 -4.26013262e-01 6.33346070e-03 1.28437325e+00
3.30000000e+00 9.73288117e-02 8.28419458e-01 -4.10887640e-01 6.64417733e-03 1.23930710e+00
3.40000000e+00 1.03312730e-01 8.01401817e-01 -3.97209176e-01 6.98346561e-03 1.19861099e+00
3.50000000e+00 1.09935627e-01 7.77016082e-01 -3.84830792e-01 7.35449804e-03 1.16184687e+00
3.60000000e+00 1.17281310e-01 7.55009372e-01 -3.73624240e-01 7.76089242e-03 1.12863361e+00
3.70000000e+00 1.25447038e-01 7.35161279e-01 -3.63477247e-01 8.20678597e-03 1.09863853e+00
3.80000000e+00 1.34546005e-01 7.17279184e-01 -3.54291130e-01 8.69692398e-03 1.07157031e+00
3.90000000e+00 1.44710327e-01 7.01194342e-01 -3.45978788e-01 9.23676626e-03 1.04717313e+00
4.00000000e+00 1.56094648e-01 6.86758606e-01 -3.38462995e-01 9.83261549e-03 1.02522160e+00
4.10000000e+00 1.68880492e-01 6.73841670e-01 -3.31674949e-01 1.04917729e-02 1.00551662e+00
4.20000000e+00 1.83281500e-01 6.62328746e-01 -3.25553009e-01 1.12227276e-02 9.87881755e-01
4.30000000e+00 1.99549752e-01 6.52118608e-01 -3.20041610e-01 1.20353888e-02 9.72160218e-01
4.40000000e+00 2.17983337e-01 6.43121947e-01 -3.15090288e-01 1.29413706e-02 9.58212235e-01
4.50000000e+00 2.38935390e-01 6.35259981e-01 -3.10652818e-01 1.39543459e-02 9.45912799e-01
4.60000000e+00 2.62824767e-01 6.28463310e-01 -3.06686412e-01 1.50904857e-02 9.35149723e-01
4.70000000e+00 2.90148469e-01 6.22670962e-01 -3.03150976e-01 1.63690107e-02 9.25821938e-01
4.80000000e+00 3.21495761e-01 6.17829639e-01 -3.00008376e-01 1.78128869e-02 9.17838015e-01
4.90000000e+00 3.57563608e-01 6.13893140e-01 -2.97221715e-01 1.94497095e-02 9.11114855e-01
5.00000000e+00 3.99172444e-01 6.10821969e-01 -2.94754567e-01 2.13128364e-02 9.05576536e-01
5.10000000e+00 4.47280219e-01 6.08583140e-01 -2.92570144e-01 2.34428513e-02 9.01153284e-01
5.20000000e+00 5.02990875e-01 6.07150194e-01 -2.90630361e-01 2.58894718e-02 8.97780555e-01
5.30000000e+00 5.67550499e-01 6.06503489e-01 -2.88894715e-01 2.87140595e-02 8.95398203e-01
5.40000000e+00 6.42319910e-01 6.06630811e-01 -2.87318926e-01 3.19929588e-02 8.93949738e-01
5.50000000e+00 7.28706101e-01 6.07528422e-01 -2.85853218e-01 3.58219864e-02 8.93381639e-01
5.60000000e+00 8.28026895e-01 6.09202677e-01 -2.84440067e-01 4.03225417e-02 8.93642744e-01
5.70000000e+00 9.41275437e-01 6.11672464e-01 -2.83011215e-01 4.56500346e-02 8.94683678e-01
5.80000000e+00 1.06874923e+00 6.14972790e-01 -2.81483556e-01 5.20056779e-02 8.96456347e-01
5.90000000e+00 1.20952417e+00 6.19160059e-01 -2.79753405e-01 5.96532484e-02 8.98913464e-01
6.00000000e+00 1.36080637e+00 6.24319870e-01 -2.77688270e-01 6.89433294e-02 9.02008140e-01
6.10000000e+00 1.51730085e+00 6.30578681e-01 -2.75114817e-01 8.03490484e-02 9.05693498e-01
6.20000000e+00 1.67088798e+00 6.38121536e-01 -2.71800821e-01 9.45198938e-02 9.09922357e-01
6.30000000e+00 1.81101417e+00 6.47219532e-01 -2.67427417e-01 1.12364698e-01 9.14646949e-01
6.40000000e+00 1.92611819e+00 6.58273474e-01 -2.61545221e-01 1.35183031e-01 9.19818695e-01
6.50000000e+00 2.00598632e+00 6.71885216e-01 -2.53502819e-01 1.64879577e-01 9.25388035e-01
6.60000000e+00 2.04428502e+00 6.88978190e-01 -2.42326128e-01 2.04325933e-01 9.31304318e-01
6.70000000e+00 2.04015065e+00 7.11008927e-01 -2.26506828e-01 2.57995271e-01 9.37515756e-01
6.80000000e+00 1.99807934e+00 7.40354915e-01 -2.03614525e-01 3.33125864e-01 9.43969440e-01
6.90000000e+00 1.92627925e+00 7.81062491e-01 -1.69548944e-01 4.41964604e-01 9.50611435e-01
7.00000000e+00 1.83438842e+00 8.40373917e-01 -1.17013020e-01 6.06347877e-01 9.57386938e-01
7.10000000e+00 1.73151287e+00 9.32047918e-01 -3.21925933e-02 8.67662731e-01 9.64240511e-01
7.20000000e+00 1.62507246e+00 1.08404301e+00 1.12926621e-01 1.30989625e+00 9.71116391e-01
7.30000000e+00 1.52043747e+00 1.35690812e+00 3.78949261e-01 2.11480664e+00 9.77958862e-01
7.40000000e+00 1.42108485e+00 1.88248608e+00 8.97773387e-01 3.67803285e+00 9.84712690e-01
7.50000000e+00 1.32898700e+00 2.85814559e+00 1.86682197e+00 6.59178952e+00 9.91323620e-01
7.60000000e+00 1.24503777e+00 3.87938848e+00 2.88164957e+00 9.64268762e+00 9.97738910e-01
7.70000000e+00 1.16941950e+00 3.45847298e+00 2.45456508e+00 8.36760314e+00 1.00390790e+00
7.80000000e+00 1.10188155e+00 2.41843047e+00 1.40864786e+00 5.23572618e+00 1.00978261e+00
7.90000000e+00 1.04193519e+00 1.75095378e+00 7.35635463e-01 3.22222470e+00 1.01531832e+00
8.00000000e+00 9.88981595e-01 1.38944702e+00 3.68972914e-01 2.12739285e+00 1.02047411e+00
8.10000000e+00 9.42391513e-01 1.18624670e+00 1.61033242e-01 1.50831319e+00 1.02521346e+00
8.20000000e+00 9.01551975e-01 1.06410611e+00 3.46014247e-02 1.13330896e+00 1.02950469e+00
8.30000000e+00 8.65891498e-01 9.86017630e-01 -4.73037360e-02 8.91410158e-01 1.03332137e+00
8.40000000e+00 8.34891872e-01 9.33455893e-01 -1.03186771e-01 7.27082352e-01 1.03664266e+00
8.50000000e+00 8.08091856e-01 8.96537693e-01 -1.42915881e-01 6.10705930e-01 1.03945357e+00
8.60000000e+00 7.85086248e-01 8.69661559e-01 -1.72083484e-01 5.25494591e-01 1.04174504e+00
8.70000000e+00 7.65522491e-01 8.49481364e-01 -1.94032630e-01 4.61416104e-01 1.04351399e+00
8.80000000e+00 7.49096123e-01 8.33907570e-01 -2.10855668e-01 4.12196235e-01 1.04476324e+00
8.90000000e+00 7.35545867e-01 8.21586385e-01 -2.23914895e-01 3.73756595e-01 1.04550128e+00
9.00000000e+00 7.24648778e-01 8.11613941e-01 -2.34128089e-01 3.43357764e-01 1.04574203e+00
9.10000000e+00 7.16215673e-01 8.03372209e-01 -2.42132202e-01 3.19107805e-01 1.04550441e+00
9.20000000e+00 7.10086950e-01 7.96430975e-01 -2.48380941e-01 2.99669092e-01 1.04481192e+00
9.30000000e+00 7.06128801e-01 7.90487170e-01 -2.53204915e-01 2.84077341e-01 1.04369209e+00
9.40000000e+00 7.04229811e-01 7.85326125e-01 -2.56849817e-01 2.71626492e-01 1.04217594e+00
9.50000000e+00 7.04297888e-01 7.80796124e-01 -2.59501281e-01 2.61793562e-01 1.04029741e+00
9.60000000e+00 7.06257457e-01 7.76791283e-01 -2.61301409e-01 2.54188465e-01 1.03809269e+00
9.70000000e+00 7.10046876e-01 7.73239766e-01 -2.62359948e-01 2.48519870e-01 1.03559971e+00
9.80000000e+00 7.15615979e-01 7.70095546e-01 -2.62761953e-01 2.44571640e-01 1.03285750e+00
9.90000000e+00 7.22923697e-01 7.67332554e-01 -2.62573078e-01 2.42186397e-01 1.02990563e+00
1.00000000e+01 7.31935688e-01 7.64940512e-01 -2.61843235e-01 2.41254041e-01 1.02678375e+00
1.01000000e+01 7.42621900e-01 7.62921959e-01 -2.60609088e-01 2.41703783e-01 1.02353105e+00
1.02000000e+01 7.54954027e-01 7.61290180e-01 -2.58895709e-01 2.43498762e-01 1.02018589e+00
1.03000000e+01 7.68902780e-01 7.60067815e-01 -2.56717591e-01 2.46632634e-01 1.01678541e+00
1.04000000e+01 7.84434949e-01 7.59286042e-01 -2.54079153e-01 2.51127736e-01 1.01336520e+00
1.05000000e+01 8.01510206e-01 7.58984225e-01 -2.50974826e-01 2.57034573e-01 1.00995905e+00
1.06000000e+01 8.20077646e-01 7.59210006e-01 -2.47388747e-01 2.64432512e-01 1.00659875e+00
1.07000000e+01 8.40072076e-01 7.60019806e-01 -2.43294087e-01 2.73431632e-01 1.00331389e+00
1.08000000e+01 8.61410095e-01 7.61479753e-01 -2.38652002e-01 2.84175749e-01 1.00013176e+00
1.09000000e+01 8.83986085e-01 7.63667066e-01 -2.33410163e-01 2.96846741e-01 9.97077229e-01
1.10000000e+01 9.07668232e-01 7.66671939e-01 -2.27500817e-01 3.11670306e-01 9.94172756e-01
1.11000000e+01 9.32294826e-01 7.70600007e-01 -2.20838305e-01 3.28923396e-01 9.91438312e-01
1.12000000e+01 9.57671119e-01 7.75575472e-01 -2.13315934e-01 3.48943605e-01 9.88891406e-01
1.13000000e+01 9.83567103e-01 7.81745019e-01 -2.04802085e-01 3.72140848e-01 9.86547104e-01
1.14000000e+01 1.00971661e+00 7.89282619e-01 -1.95135453e-01 3.99011713e-01 9.84418072e-01
1.15000000e+01 1.03581821e+00 7.98395356e-01 -1.84119268e-01 4.30156820e-01 9.82514625e-01
1.16000000e+01 1.06153826e+00 8.09330338e-01 -1.71514456e-01 4.66301425e-01 9.80844794e-01
1.17000000e+01 1.08651652e+00 8.22382645e-01 -1.57031752e-01 5.08319142e-01 9.79414397e-01
1.18000000e+01 1.11037444e+00 8.37904056e-01 -1.40323056e-01 5.57257943e-01 9.78227112e-01
1.19000000e+01 1.13272616e+00 8.56311759e-01 -1.20972802e-01 6.14366155e-01 9.77284560e-01
1.20000000e+01 1.15319177e+00 8.78095413e-01 -9.84909751e-02 6.81113463e-01 9.76586388e-01
1.21000000e+01 1.17141224e+00 9.03819299e-01 -7.23110512e-02 7.59197197e-01 9.76130350e-01
1.22000000e+01 1.18706502e+00 9.34113629e-01 -4.17987695e-02 8.50516090e-01 9.75912399e-01
1.23000000e+01 1.19987909e+00 9.69644800e-01 -6.28196686e-03 9.57080866e-01 9.75926766e-01
1.24000000e+01 1.20964814e+00 1.01104822e+00 3.48821575e-02 1.08081253e+00 9.76166058e-01
1.25000000e+01 1.21624070e+00 1.05879992e+00 8.21785805e-02 1.22315708e+00 9.76621339e-01
1.26000000e+01 1.21960620e+00 1.11299819e+00 1.35715956e-01 1.38443010e+00 9.77282231e-01
1.27000000e+01 1.21977631e+00 1.17303312e+00 1.94896118e-01 1.56282536e+00 9.78137003e-01
1.28000000e+01 1.21686172e+00 1.23715999e+00 2.57987311e-01 1.75313461e+00 9.79172676e-01
1.29000000e+01 1.21104449e+00 1.30208351e+00 3.21708386e-01 1.94550028e+00 9.80375122e-01
1.30000000e+01 1.20256699e+00 1.36280313e+00 3.81073954e-01 2.12495104e+00 9.81729179e-01
1.31000000e+01 1.19171858e+00 1.41307397e+00 4.29855206e-01 2.27278438e+00 9.83218760e-01
1.32000000e+01 1.17882113e+00 1.44670378e+00 4.61876797e-01 2.37045737e+00 9.84826982e-01
1.33000000e+01 1.16421467e+00 1.45939567e+00 4.72859386e-01 2.40511445e+00 9.86536288e-01
1.34000000e+01 1.14824407e+00 1.45024281e+00 4.61914220e-01 2.37407125e+00 9.88328586e-01
1.35000000e+01 1.13124759e+00 1.42195986e+00 4.31774470e-01 2.28550880e+00 9.90185392e-01
1.36000000e+01 1.11354754e+00 1.37973516e+00 3.87647177e-01 2.15502951e+00 9.92087978e-01
1.37000000e+01 1.09544340e+00 1.32947737e+00 3.35459847e-01 2.00039706e+00 9.94017524e-01
1.38000000e+01 1.07720719e+00 1.27638429e+00 2.80429002e-01 1.83724229e+00 9.95955284e-01
1.39000000e+01 1.05908085e+00 1.22425612e+00 2.26373379e-01 1.67700288e+00 9.97882741e-01
1.40000000e+01 1.04127544e+00 1.17544776e+00 1.75665980e-01 1.52677972e+00 9.99781780e-01
1.41000000e+01 1.02397164e+00 1.13115333e+00 1.29518483e-01 1.39019029e+00 1.00163484e+00
1.42000000e+01 1.00732126e+00 1.09177026e+00 8.83451530e-02 1.26846057e+00 1.00342511e+00
1.43000000e+01 9.91449432e-01 1.05721321e+00 5.20765910e-02 1.16136640e+00 1.00513662e+00
1.44000000e+01 9.76457215e-01 1.02714014e+00 2.03856535e-02 1.06791144e+00 1.00675448e+00
1.45000000e+01 9.62424352e-01 1.00109767e+00 -7.16728540e-03 9.86763102e-01 1.00826496e+00
1.46000000e+01 9.49412039e-01 9.78606752e-01 -3.10488705e-02 9.16509011e-01 1.00965562e+00
1.47000000e+01 9.37465583e-01 9.59208646e-01 -5.17068340e-02 8.55794978e-01 1.01091548e+00
1.48000000e+01 9.26616856e-01 9.42486797e-01 -6.95482633e-02 8.03390270e-01 1.01203506e+00
1.49000000e+01 9.16886506e-01 9.28074719e-01 -8.49317789e-02 7.58211161e-01 1.01300650e+00
1.50000000e+01 9.08285908e-01 9.15656406e-01 -9.81671951e-02 7.19322016e-01 1.01382360e+00
1.51000000e+01 9.00818829e-01 9.04963037e-01 -1.09518852e-01 6.85925333e-01 1.01448189e+00
1.52000000e+01 8.94482828e-01 8.95768157e-01 -1.19210455e-01 6.57347247e-01 1.01497861e+00
1.53000000e+01 8.89270408e-01 8.87882495e-01 -1.27430258e-01 6.33021980e-01 1.01531275e+00
1.54000000e+01 8.85169921e-01 8.81149005e-01 -1.34335995e-01 6.12477014e-01 1.01548500e+00
1.55000000e+01 8.82166266e-01 8.75438396e-01 -1.40059307e-01 5.95319781e-01 1.01549770e+00
1.56000000e+01 8.80241383e-01 8.70645243e-01 -1.44709563e-01 5.81226116e-01 1.01535481e+00
1.57000000e+01 8.79374577e-01 8.66684671e-01 -1.48377096e-01 5.69930479e-01 1.01506177e+00
1.58000000e+01 8.79542681e-01 8.63489568e-01 -1.51135887e-01 5.61217794e-01 1.01462545e+00
1.59000000e+01 8.80720077e-01 8.61008264e-01 -1.53045767e-01 5.54916729e-01 1.01405403e+00
1.60000000e+01 8.82878601e-01 8.59202620e-01 -1.54154208e-01 5.50894203e-01 1.01335683e+00
1.61000000e+01 8.85987334e-01 8.58046454e-01 -1.54497749e-01 5.49050956e-01 1.01254420e+00
1.62000000e+01 8.90012299e-01 8.57524260e-01 -1.54103137e-01 5.49317986e-01 1.01162740e+00
1.63000000e+01 8.94916087e-01 8.57630168e-01 -1.52988218e-01 5.51653733e-01 1.01061839e+00
1.64000000e+01 9.00657423e-01 8.58367095e-01 -1.51162625e-01 5.56041846e-01 1.00952972e+00
1.65000000e+01 9.07190683e-01 8.59746062e-01 -1.48628317e-01 5.62489429e-01 1.00837438e+00
1.66000000e+01 9.14465401e-01 8.61785626e-01 -1.45379990e-01 5.71025646e-01 1.00716562e+00
1.67000000e+01 9.22425768e-01 8.64511392e-01 -1.41405417e-01 5.81700558e-01 1.00591681e+00
1.68000000e+01 9.31010170e-01 8.67955572e-01 -1.36685753e-01 5.94584066e-01 1.00464133e+00
1.69000000e+01 9.40150780e-01 8.72156528e-01 -1.31195855e-01 6.09764818e-01 1.00335238e+00
1.70000000e+01 9.49773239e-01 8.77158249e-01 -1.24904677e-01 6.27348895e-01 1.00206293e+00
1.71000000e+01 9.59796473e-01 8.83009688e-01 -1.17775819e-01 6.47458051e-01 1.00078551e+00
1.72000000e+01 9.70132668e-01 8.89763867e-01 -1.09768315e-01 6.70227236e-01 9.99532182e-01
1.73000000e+01 9.80687450e-01 8.97476622e-01 -1.00837791e-01 6.95801039e-01 9.98314413e-01
1.74000000e+01 9.91360303e-01 9.06204863e-01 -9.09381234e-02 7.24328616e-01 9.97142986e-01
1.75000000e+01 1.00204525e+00 9.16004139e-01 -8.00237909e-02 7.55956557e-01 9.96027930e-01
1.76000000e+01 1.01263184e+00 9.26925324e-01 -6.80531335e-02 7.90819057e-01 9.94978457e-01
1.77000000e+01 1.02300639e+00 9.39010161e-01 -5.49927487e-02 8.29024663e-01 9.94002909e-01
1.78000000e+01 1.03305360e+00 9.52285429e-01 -4.08232816e-02 8.70638866e-01 9.93108710e-01
1.79000000e+01 1.04265837e+00 9.66755512e-01 -2.55468238e-02 9.15661864e-01 9.92302335e-01
1.80000000e+01 1.05170788e+00 9.82393238e-01 -9.19604430e-03 9.64001150e-01 9.91589283e-01
1.81000000e+01 1.06009386e+00 9.99129074e-01 8.15501451e-03 1.01543910e+00 9.90974059e-01
1.82000000e+01 1.06771494e+00 1.01683905e+00 2.63788820e-02 1.06959682e+00 9.90460169e-01
1.83000000e+01 1.07447903e+00 1.03533236e+00 4.52822458e-02 1.12589685e+00 9.90050117e-01
1.84000000e+01 1.08030550e+00 1.05434016e+00 6.45947513e-02 1.18352966e+00 9.89745409e-01
1.85000000e+01 1.08512731e+00 1.07350791e+00 8.39613380e-02 1.24143058e+00 9.89546570e-01
1.86000000e+01 1.08889270e+00 1.09239428e+00 1.02941114e-01 1.29827650e+00 9.89453163e-01
1.87000000e+01 1.09156648e+00 1.11047985e+00 1.21016038e-01 1.35251193e+00 9.89463811e-01
1.88000000e+01 1.09313093e+00 1.12718841e+00 1.37612181e-01 1.40241277e+00 9.89576231e-01
1.89000000e+01 1.09358608e+00 1.14192194e+00 1.52134664e-01 1.44619127e+00 9.89787273e-01
1.90000000e+01 1.09294950e+00 1.15410755e+00 1.64014595e-01 1.48213674e+00 9.90092959e-01
1.91000000e+01 1.09125554e+00 1.16325124e+00 1.72762714e-01 1.50877667e+00 9.90488530e-01
1.92000000e+01 1.08855412e+00 1.16898989e+00 1.78021385e-01 1.52503266e+00 9.90968503e-01
1.93000000e+01 1.08490907e+00 1.17113181e+00 1.79605088e-01 1.53034198e+00 9.91526721e-01
1.94000000e+01 1.08039623e+00 1.16967741e+00 1.77520987e-01 1.52471938e+00 9.92156420e-01
1.95000000e+01 1.07510121e+00 1.16481549e+00 1.71965199e-01 1.50874589e+00 9.92850295e-01
1.96000000e+01 1.06911718e+00 1.15689656e+00 1.63295997e-01 1.48348855e+00 9.93600562e-01
1.97000000e+01 1.06254251e+00 1.14638924e+00 1.51990200e-01 1.45036964e+00 9.94399042e-01
1.98000000e+01 1.05547858e+00 1.13382910e+00 1.38591876e-01 1.41101286e+00 9.95237228e-01
1.99000000e+01 1.04802771e+00 1.11976887e+00 1.23662496e-01 1.36709386e+00 9.96106370e-01
2.00000000e+01 1.04029130e+00 1.10473700e+00 1.07739442e-01 1.32021588e+00 9.96997554e-01
2.01000000e+01 1.03236821e+00 1.08920825e+00 9.13064632e-02 1.27182117e+00 9.97901784e-01
2.02000000e+01 1.02435337e+00 1.07358668e+00 7.47766063e-02 1.22313989e+00 9.98810071e-01
2.03000000e+01 1.01633679e+00 1.05819946e+00 5.84859531e-02 1.17517137e+00 9.99713509e-01
2.04000000e+01 1.00840265e+00 1.04329880e+00 4.26954335e-02 1.12868967e+00 1.00060337e+00
2.05000000e+01 1.00062878e+00 1.02906899e+00 2.75978268e-02 1.08426465e+00 1.00147117e+00
2.06000000e+01 9.93086320e-01 1.01563623e+00 1.33274598e-02 1.04229115e+00 1.00230877e+00
2.07000000e+01 9.85839502e-01 1.00307917e+00 -2.92592478e-05 1.00302065e+00 1.00310843e+00
2.08000000e+01 9.78945692e-01 9.91439219e-01 -1.24236905e-02 9.66591838e-01 1.00386291e+00
2.09000000e+01 9.72455485e-01 9.80729624e-01 -2.38358846e-02 9.33057855e-01 1.00456551e+00
2.10000000e+01 9.66412922e-01 9.70943269e-01 -3.42668753e-02 9.02409519e-01 1.00521014e+00
2.11000000e+01 9.60855766e-01 9.62059014e-01 -4.37323882e-02 8.74594238e-01 1.00579140e+00
2.12000000e+01 9.55815820e-01 9.54046719e-01 -5.22578668e-02 8.49530985e-01 1.00630459e+00
2.13000000e+01 9.51319272e-01 9.46871112e-01 -5.98746430e-02 8.27121826e-01 1.00674575e+00
2.14000000e+01 9.47387035e-01 9.40494696e-01 -6.66170623e-02 8.07260572e-01 1.00711176e+00
2.15000000e+01 9.44035080e-01 9.34879881e-01 -7.25203755e-02 7.89839130e-01 1.00740026e+00
2.16000000e+01 9.41274750e-01 9.29990495e-01 -7.76192344e-02 7.74752026e-01 1.00760973e+00
2.17000000e+01 9.39113041e-01 9.25792840e-01 -8.19466494e-02 7.61899541e-01 1.00773949e+00
2.18000000e+01 9.37552849e-01 9.22256368e-01 -8.55332971e-02 7.51189774e-01 1.00778967e+00
2.19000000e+01 9.36593183e-01 9.19354105e-01 -8.84070894e-02 7.42539926e-01 1.00776119e+00
2.20000000e+01 9.36229337e-01 9.17062860e-01 -9.05929348e-02 7.35876990e-01 1.00765579e+00
2.21000000e+01 9.36453020e-01 9.15363294e-01 -9.21126409e-02 7.31138012e-01 1.00747594e+00
2.22000000e+01 9.37252463e-01 9.14239869e-01 -9.29849226e-02 7.28270024e-01 1.00722479e+00
2.23000000e+01 9.38612477e-01 9.13680714e-01 -9.32254895e-02 7.27229735e-01 1.00690620e+00
2.24000000e+01 9.40514498e-01 9.13677420e-01 -9.28471979e-02 7.27983024e-01 1.00652462e+00
2.25000000e+01 9.42936604e-01 9.14224771e-01 -9.18602568e-02 7.30504258e-01 1.00608503e+00
2.26000000e+01 9.45853521e-01 9.15320426e-01 -9.02724888e-02 7.34775448e-01 1.00559291e+00
2.27000000e+01 9.49236616e-01 9.16964527e-01 -8.80896464e-02 7.40785234e-01 1.00505417e+00
2.28000000e+01 9.53053902e-01 9.19159255e-01 -8.53157925e-02 7.48527670e-01 1.00447505e+00
2.29000000e+01 9.57270044e-01 9.21908298e-01 -8.19537566e-02 7.58000785e-01 1.00386205e+00
2.30000000e+01 9.61846400e-01 9.25216231e-01 -7.80056816e-02 7.69204868e-01 1.00322191e+00
2.31000000e+01 9.66741080e-01 9.29087793e-01 -7.34736788e-02 7.82140435e-01 1.00256147e+00
2.32000000e+01 9.71909059e-01 9.33527025e-01 -6.83606106e-02 7.96805804e-01 1.00188764e+00
2.33000000e+01 9.77302333e-01 9.38536277e-01 -6.26710215e-02 8.13194234e-01 1.00120730e+00
2.34000000e+01 9.82870152e-01 9.44115035e-01 -5.64122363e-02 8.31290562e-01 1.00052727e+00
2.35000000e+01 9.88559303e-01 9.50258581e-01 -4.95956405e-02 8.51067300e-01 9.99854222e-01
2.36000000e+01 9.94314493e-01 9.56956459e-01 -4.22381504e-02 8.72480159e-01 9.99194610e-01
2.37000000e+01 1.00007879e+00 9.64190764e-01 -3.43638680e-02 8.95463028e-01 9.98554632e-01
2.38000000e+01 1.00579418e+00 9.71934271e-01 -2.60058975e-02 9.19922476e-01 9.97940169e-01
2.39000000e+01 1.01140214e+00 9.80148464e-01 -1.72082715e-02 9.45731921e-01 9.97356735e-01
2.40000000e+01 1.01684440e+00 9.88781533e-01 -8.02790589e-03 9.72725721e-01 9.96809439e-01
2.41000000e+01 1.02206361e+00 9.97766485e-01 1.46354477e-03 1.00069357e+00 9.96302940e-01
2.42000000e+01 1.02700421e+00 1.00701952e+00 1.11781013e-02 1.02937572e+00 9.95841420e-01
2.43000000e+01 1.03161324e+00 1.01643892e+00 2.10103629e-02 1.05845964e+00 9.95428553e-01
2.44000000e+01 1.03584118e+00 1.02590464e+00 3.08371560e-02 1.08757895e+00 9.95067482e-01
2.45000000e+01 1.03964280e+00 1.03527901e+00 4.05182060e-02 1.11631542e+00 9.94760802e-01
2.46000000e+01 1.04297792e+00 1.04440864e+00 4.98980962e-02 1.14420484e+00 9.94510548e-01
2.47000000e+01 1.04581211e+00 1.05312791e+00 5.88097179e-02 1.17074734e+00 9.94318187e-01
2.48000000e+01 1.04811739e+00 1.06126392e+00 6.70793032e-02 1.19542253e+00 9.94184616e-01
2.49000000e+01 1.04987264e+00 1.06864312e+00 7.45329574e-02 1.21770904e+00 9.94110163e-01
2.50000000e+01 1.05106402e+00 1.07509899e+00 8.10043988e-02 1.23710779e+00 9.94094593e-01
2.51000000e+01 1.05168518e+00 1.08048051e+00 8.63433821e-02 1.25316727e+00 9.94137124e-01
2.52000000e+01 1.05173731e+00 1.08466053e+00 9.04240908e-02 1.26550871e+00 9.94236438e-01
2.53000000e+01 1.05122901e+00 1.08754336e+00 9.31526643e-02 1.27384869e+00 9.94390700e-01
2.54000000e+01 1.05017606e+00 1.08907062e+00 9.44730329e-02 1.27801669e+00 9.94597588e-01
2.55000000e+01 1.04860099e+00 1.08922469e+00 9.43703785e-02 1.27796545e+00 9.94854314e-01
2.56000000e+01 1.04653256e+00 1.08802947e+00 9.28718090e-02 1.27377309e+00 9.95157660e-01
2.57000000e+01 1.04400507e+00 1.08554819e+00 9.00441843e-02 1.26563656e+00 9.95504008e-01
2.58000000e+01 1.04105766e+00 1.08187877e+00 8.59893884e-02 1.25385755e+00 9.95889381e-01
2.59000000e+01 1.03773351e+00 1.07714712e+00 8.08376404e-02 1.23882241e+00 9.96309484e-01
2.60000000e+01 1.03407902e+00 1.07149936e+00 7.47396209e-02 1.22097861e+00 9.96759743e-01
2.61000000e+01 1.03014296e+00 1.06509359e+00 6.78582353e-02 1.20081006e+00 9.97235356e-01
2.62000000e+01 1.02597565e+00 1.05809209e+00 6.03607571e-02 1.17881360e+00 9.97731333e-01
2.63000000e+01 1.02162820e+00 1.05065448e+00 5.24119278e-02 1.15547833e+00 9.98242551e-01
2.64000000e+01 1.01715178e+00 1.04293218e+00 4.41683747e-02 1.13126893e+00 9.98763802e-01
2.65000000e+01 1.01259691e+00 1.03506434e+00 3.57745014e-02 1.10661335e+00 9.99289841e-01
2.66000000e+01 1.00801292e+00 1.02717527e+00 2.73598263e-02 1.08189492e+00 9.99815440e-01
2.67000000e+01 1.00344741e+00 1.01937305e+00 1.90376175e-02 1.05744829e+00 1.00033543e+00
2.68000000e+01 9.98945802e-01 1.01174938e+00 1.09046004e-02 1.03355858e+00 1.00084478e+00
2.69000000e+01 9.94551005e-01 1.00438007e+00 3.04148442e-03 1.01046304e+00 1.00133859e+00
2.70000000e+01 9.90303117e-01 9.97326248e-01 -4.48593742e-03 9.88354373e-01 1.00181219e+00
2.71000000e+01 9.86239210e-01 9.90635828e-01 -1.16253319e-02 9.67385164e-01 1.00226116e+00
2.72000000e+01 9.82393181e-01 9.84345196e-01 -1.83361903e-02 9.47672815e-01 1.00268139e+00
2.73000000e+01 9.78795646e-01 9.78480930e-01 -2.45881503e-02 9.29304630e-01 1.00306908e+00
2.74000000e+01 9.75473887e-01 9.73061457e-01 -3.03593697e-02 9.12342718e-01 1.00342083e+00
2.75000000e+01 9.72451836e-01 9.68098595e-01 -3.56350161e-02 8.96828562e-01 1.00373361e+00
2.76000000e+01 9.69750084e-01 9.63598936e-01 -4.04059095e-02 8.82787117e-01 1.00400485e+00
2.77000000e+01 9.67385921e-01 9.59565062e-01 -4.46673317e-02 8.70230399e-01 1.00423239e+00
2.78000000e+01 9.65373383e-01 9.55996577e-01 -4.84180081e-02 8.59160561e-01 1.00441459e+00
2.79000000e+01 9.63723317e-01 9.52890972e-01 -5.16592544e-02 8.49572464e-01 1.00455023e+00
2.80000000e+01 9.62443451e-01 9.50244334e-01 -5.43942751e-02 8.41455783e-01 1.00463861e+00
2.81000000e+01 9.61538463e-01 9.48051905e-01 -5.66276032e-02 8.34796699e-01 1.00467951e+00
2.82000000e+01 9.61010057e-01 9.46308522e-01 -5.83646624e-02 8.29579197e-01 1.00467318e+00
2.83000000e+01 9.60857026e-01 9.45008925e-01 -5.96114415e-02 8.25786042e-01 1.00462037e+00
2.84000000e+01 9.61075328e-01 9.44147978e-01 -6.03742653e-02 8.23399447e-01 1.00452224e+00
2.85000000e+01 9.61658142e-01 9.43720788e-01 -6.06596542e-02 8.22401480e-01 1.00438044e+00
2.86000000e+01 9.62595938e-01 9.43722745e-01 -6.04742616e-02 8.22774222e-01 1.00419701e+00
2.87000000e+01 9.63876535e-01 9.44149484e-01 -5.98248844e-02 8.24499715e-01 1.00397437e+00
2.88000000e+01 9.65485165e-01 9.44996775e-01 -5.87185403e-02 8.27559694e-01 1.00371531e+00
2.89000000e+01 9.67404543e-01 9.46260349e-01 -5.71626095e-02 8.31935130e-01 1.00342296e+00
2.90000000e+01 9.69614942e-01 9.47935656e-01 -5.51650402e-02 8.37605575e-01 1.00310070e+00
2.91000000e+01 9.72094279e-01 9.50017556e-01 -5.27346139e-02 8.44548329e-01 1.00275217e+00
2.92000000e+01 9.74818216e-01 9.52499957e-01 -4.98812731e-02 8.52737411e-01 1.00238123e+00
2.93000000e+01 9.77760279e-01 9.55375379e-01 -4.66165081e-02 8.62142363e-01 1.00199189e+00
2.94000000e+01 9.80892001e-01 9.58634468e-01 -4.29538026e-02 8.72726862e-01 1.00158827e+00
2.95000000e+01 9.84183086e-01 9.62265455e-01 -3.89091327e-02 8.84447189e-01 1.00117459e+00
2.96000000e+01 9.87601607e-01 9.66253564e-01 -3.45015137e-02 8.97250536e-01 1.00075508e+00
2.97000000e+01 9.91114233e-01 9.70580388e-01 -2.97535828e-02 9.11073222e-01 1.00033397e+00
2.98000000e+01 9.94686485e-01 9.75223243e-01 -2.46922015e-02 9.25838840e-01 9.99915444e-01
2.99000000e+01 9.98283032e-01 9.80154530e-01 -1.93490563e-02 9.41456418e-01 9.99503587e-01
3.00000000e+01 1.00186801e+00 9.85341129e-01 -1.37612253e-02 9.57818679e-01 9.99102355e-01
3.01000000e+01 1.00540540e+00 9.90743866e-01 -7.97167393e-03 9.74800519e-01 9.98715540e-01
3.02000000e+01 1.00885938e+00 9.96317104e-01 -2.02963251e-03 9.92257839e-01 9.98346736e-01
3.03000000e+01 1.01219474e+00 1.00200850e+00 4.00919688e-03 1.01002690e+00 9.97999305e-01
3.04000000e+01 1.01537733e+00 1.00775901e+00 1.00826636e-02 1.02792434e+00 9.97676350e-01
3.05000000e+01 1.01837447e+00 1.01350317e+00 1.61224799e-02 1.04574813e+00 9.97380691e-01
3.06000000e+01 1.02115538e+00 1.01916972e+00 2.20548754e-02 1.06327947e+00 9.97114843e-01
3.07000000e+01 1.02369161e+00 1.02468263e+00 2.78016373e-02 1.08028591e+00 9.96880994e-01
3.08000000e+01 1.02595746e+00 1.02996255e+00 3.32815578e-02 1.09652567e+00 9.96680995e-01
3.09000000e+01 1.02793031e+00 1.03492863e+00 3.84122841e-02 1.11175320e+00 9.96516344e-01
3.10000000e+01 1.02959099e+00 1.03950070e+00 4.31125288e-02 1.12572576e+00 9.96388176e-01
3.11000000e+01 1.03092405e+00 1.04360182e+00 4.73045594e-02 1.13821094e+00 9.96297261e-01
3.12000000e+01 1.03191796e+00 1.04716085e+00 5.09168463e-02 1.14899454e+00 9.96244003e-01
3.13000000e+01 1.03256532e+00 1.05011515e+00 5.38867145e-02 1.15788858e+00 9.96228435e-01
3.14000000e+01 1.03286290e+00 1.05241305e+00 5.61628219e-02 1.16473870e+00 9.96250231e-01
3.15000000e+01 1.03281168e+00 1.05401599e+00 5.77072829e-02 1.16943056e+00 9.96308708e-01
3.16000000e+01 1.03241676e+00 1.05490011e+00 5.84972700e-02 1.17189465e+00 9.96402840e-01
3.17000000e+01 1.03168730e+00 1.05505723e+00 5.85259632e-02 1.17210916e+00 9.96531270e-01
3.18000000e+01 1.03063623e+00 1.05449509e+00 5.78027689e-02 1.17010063e+00 9.96692326e-01
3.19000000e+01 1.02928009e+00 1.05323683e+00 5.63527914e-02 1.16594242e+00 9.96884043e-01
3.20000000e+01 1.02763864e+00 1.05131979e+00 5.42156079e-02 1.15975101e+00 9.97104182e-01
3.21000000e+01 1.02573456e+00 1.04879371e+00 5.14434516e-02 1.15168061e+00 9.97350254e-01
3.22000000e+01 1.02359304e+00 1.04571850e+00 4.80989551e-02 1.14191641e+00 9.97619546e-01
3.23000000e+01 1.02124136e+00 1.04216177e+00 4.42526248e-02 1.13066702e+00 9.97909150e-01
3.24000000e+01 1.01870851e+00 1.03819622e+00 3.99802261e-02 1.11815667e+00 9.98215991e-01
3.25000000e+01 1.01602471e+00 1.03389710e+00 3.53602407e-02 1.10461758e+00 9.98536859e-01
3.26000000e+01 1.01322100e+00 1.02933997e+00 3.04715312e-02 1.09028303e+00 9.98868439e-01
3.27000000e+01 1.01032889e+00 1.02459866e+00 2.53913106e-02 1.07538128e+00 9.99207349e-01
3.28000000e+01 1.00737989e+00 1.01974364e+00 2.01934756e-02 1.06013059e+00 9.99550165e-01
3.29000000e+01 1.00440520e+00 1.01484079e+00 1.49473276e-02 1.04473544e+00 9.99893462e-01
3.30000000e+01 1.00143536e+00 1.00995052e+00 9.71667308e-03 1.02938386e+00 1.00023384e+00
3.31000000e+01 9.98499972e-01 1.00512725e+00 4.55927298e-03 1.01424580e+00 1.00056798e+00
3.32000000e+01 9.95627416e-01 1.00041922e+00 -4.73404651e-04 9.99472410e-01 1.00089262e+00
3.33000000e+01 9.92844630e-01 9.95868489e-01 -5.33618191e-03 9.85196125e-01 1.00120467e+00
3.34000000e+01 9.90176913e-01 9.91511190e-01 -9.98997359e-03 9.71531243e-01 1.00150116e+00
3.35000000e+01 9.87647762e-01 9.87377882e-01 -1.44014477e-02 9.58574986e-01 1.00177933e+00
3.36000000e+01 9.85278743e-01 9.83494016e-01 -1.85425914e-02 9.46408834e-01 1.00203661e+00
3.37000000e+01 9.83089379e-01 9.79880450e-01 -2.23902221e-02 9.35100006e-01 1.00227067e+00
3.38000000e+01 9.81097078e-01 9.76553973e-01 -2.59254773e-02 9.24703019e-01 1.00247945e+00
3.39000000e+01 9.79317069e-01 9.73527839e-01 -2.91333083e-02 9.15261223e-01 1.00266115e+00
3.40000000e+01 9.77762367e-01 9.70812260e-01 -3.20019963e-02 9.06808267e-01 1.00281426e+00
3.41000000e+01 9.76443749e-01 9.68414866e-01 -3.45227051e-02 8.99369456e-01 1.00293757e+00
3.42000000e+01 9.75369747e-01 9.66341123e-01 -3.66890789e-02 8.92962965e-01 1.00303020e+00
3.43000000e+01 9.74546650e-01 9.64594681e-01 -3.84968904e-02 8.87600900e-01 1.00309157e+00
3.44000000e+01 9.73978519e-01 9.63177685e-01 -3.99437410e-02 8.83290203e-01 1.00312143e+00
3.45000000e+01 9.73667206e-01 9.62091013e-01 -4.10288156e-02 8.80033382e-01 1.00311983e+00
3.46000000e+01 9.73612387e-01 9.61334471e-01 -4.17526890e-02 8.77829093e-01 1.00308716e+00
3.47000000e+01 9.73811592e-01 9.60906922e-01 -4.21171842e-02 8.76672554e-01 1.00302411e+00
3.48000000e+01 9.74260253e-01 9.60806371e-01 -4.21252795e-02 8.76555812e-01 1.00293165e+00
3.49000000e+01 9.74951746e-01 9.61029996e-01 -4.17810634e-02 8.77467869e-01 1.00281106e+00
3.50000000e+01 9.75877452e-01 9.61574133e-01 -4.10897331e-02 8.79394667e-01 1.00266387e+00
3.51000000e+01 9.77026814e-01 9.62434216e-01 -4.00576359e-02 8.82318945e-01 1.00249185e+00
3.52000000e+01 9.78387414e-01 9.63604675e-01 -3.86923502e-02 8.86219975e-01 1.00229703e+00
3.53000000e+01 9.79945049e-01 9.65078793e-01 -3.70028032e-02 8.91073187e-01 1.00208160e+00
3.54000000e+01 9.81683827e-01 9.66848533e-01 -3.49994212e-02 8.96849691e-01 1.00184795e+00
3.55000000e+01 9.83586270e-01 9.68904329e-01 -3.26943106e-02 9.03515708e-01 1.00159864e+00
3.56000000e+01 9.85633435e-01 9.71234856e-01 -3.01014613e-02 9.11031933e-01 1.00133632e+00
3.57000000e+01 9.87805044e-01 9.73826777e-01 -2.72369693e-02 9.19352838e-01 1.00106375e+00
3.58000000e+01 9.90079640e-01 9.76664485e-01 -2.41192686e-02 9.28425948e-01 1.00078375e+00
3.59000000e+01 9.92434747e-01 9.79729842e-01 -2.07693625e-02 9.38191117e-01 1.00049920e+00
3.60000000e+01 9.94847064e-01 9.83001927e-01 -1.72110434e-02 9.48579840e-01 1.00021297e+00
3.61000000e+01 9.97292658e-01 9.86456820e-01 -1.34710856e-02 9.59514648e-01 9.99927905e-01
3.62000000e+01 9.99747186e-01 9.90067419e-01 -9.57939487e-03 9.70908629e-01 9.99646813e-01
3.63000000e+01 1.00218613e+00 9.93803329e-01 -5.56909634e-03 9.82665137e-01 9.99372426e-01
3.64000000e+01 1.00458505e+00 9.97630832e-01 -1.47654086e-03 9.94677750e-01 9.99107373e-01
3.65000000e+01 1.00691981e+00 1.00151295e+00 2.65879115e-03 1.00683053e+00 9.98854159e-01
3.66000000e+01 1.00916691e+00 1.00540965e+00 6.79450742e-03 1.01899867e+00 9.98615144e-01
3.67000000e+01 1.01130367e+00 1.00927818e+00 1.08856605e-02 1.03104950e+00 9.98392519e-01
3.68000000e+01 1.01330856e+00 1.01307354e+00 1.48852562e-02 1.04284405e+00 9.98188286e-01
3.69000000e+01 1.01516145e+00 1.01674916e+00 1.87449187e-02 1.05423900e+00 9.98004245e-01
3.70000000e+01 1.01684385e+00 1.02025769e+00 2.24157114e-02 1.06508911e+00 9.97841979e-01
3.71000000e+01 1.01833914e+00 1.02355194e+00 2.58490985e-02 1.07525013e+00 9.97702838e-01
3.72000000e+01 1.01963281e+00 1.02658595e+00 2.89980218e-02 1.08458200e+00 9.97587932e-01
3.73000000e+01 1.02071262e+00 1.02931618e+00 3.18180577e-02 1.09295230e+00 9.97498123e-01
3.74000000e+01 1.02156878e+00 1.03170262e+00 3.42686041e-02 1.10023983e+00 9.97434019e-01
3.75000000e+01 1.02219407e+00 1.03371001e+00 3.63140413e-02 1.10633810e+00 9.97395971e-01
3.76000000e+01 1.02258390e+00 1.03530888e+00 3.79248062e-02 1.11115849e+00 9.97384075e-01
3.77000000e+01 1.02273640e+00 1.03647649e+00 3.90783172e-02 1.11463312e+00 9.97398169e-01
3.78000000e+01 1.02265238e+00 1.03719754e+00 3.97596955e-02 1.11671693e+00 9.97437843e-01
3.79000000e+01 1.02233533e+00 1.03746468e+00 3.99622349e-02 1.11738914e+00 9.97502440e-01
3.80000000e+01 1.02179132e+00 1.03727866e+00 3.96875933e-02 1.11665385e+00 9.97591070e-01
3.81000000e+01 1.02102889e+00 1.03664831e+00 3.89456909e-02 1.11453969e+00 9.97702616e-01
3.82000000e+01 1.02005892e+00 1.03559007e+00 3.77543248e-02 1.11109872e+00 9.97835750e-01
3.83000000e+01 1.01889444e+00 1.03412747e+00 3.61385245e-02 1.10640452e+00 9.97988946e-01
3.84000000e+01 1.01755040e+00 1.03229019e+00 3.41296913e-02 1.10054957e+00 9.98160497e-01
3.85000000e+01 1.01604349e+00 1.03011311e+00 3.17645739e-02 1.09364226e+00 9.98348534e-01
3.86000000e+01 1.01439186e+00 1.02763518e+00 2.90841410e-02 1.08580347e+00 9.98551043e-01
3.87000000e+01 1.01261487e+00 1.02489830e+00 2.61324100e-02 1.07716312e+00 9.98765885e-01
3.88000000e+01 1.01073284e+00 1.02194611e+00 2.29552899e-02 1.06785669e+00 9.98990824e-01
3.89000000e+01 1.00876678e+00 1.01882303e+00 1.95994869e-02 1.05802200e+00 9.99223541e-01
3.90000000e+01 1.00673813e+00 1.01557317e+00 1.61115120e-02 1.04779620e+00 9.99461662e-01
3.91000000e+01 1.00466852e+00 1.01223960e+00 1.25368176e-02 1.03731324e+00 9.99702782e-01
3.92000000e+01 1.00257952e+00 1.00886357e+00 8.91908002e-03 1.02670173e+00 9.99944487e-01
3.93000000e+01 1.00049240e+00 1.00548401e+00 5.29963183e-03 1.01608327e+00 1.00018438e+00
3.94000000e+01 9.98427941e-01 1.00213713e+00 1.71704236e-03 1.00557122e+00 1.00042009e+00
3.95000000e+01 9.96406244e-01 9.98856166e-01 -1.79316518e-03 9.95269835e-01 1.00064933e+00
3.96000000e+01 9.94446532e-01 9.95671209e-01 -5.19867432e-03 9.85273860e-01 1.00086988e+00
3.97000000e+01 9.92567010e-01 9.92609207e-01 -8.47043196e-03 9.75668343e-01 1.00107964e+00
3.98000000e+01 9.90784726e-01 9.89693995e-01 -1.15826199e-02 9.66528755e-01 1.00127661e+00
3.99000000e+01 9.89115451e-01 9.86946412e-01 -1.45125601e-02 9.57921292e-01 1.00145897e+00
4.00000000e+01 9.87573576e-01 9.84384463e-01 -1.72405719e-02 9.49903320e-01 1.00162504e+00
4.01000000e+01 9.86172035e-01 9.82023508e-01 -1.97497966e-02 9.42523915e-01 1.00177331e+00
4.02000000e+01 9.84922231e-01 9.79876470e-01 -2.20260039e-02 9.35824462e-01 1.00190247e+00
4.03000000e+01 9.83833981e-01 9.77954045e-01 -2.40573912e-02 9.29839263e-01 1.00201144e+00
4.04000000e+01 9.82915485e-01 9.76264913e-01 -2.58343864e-02 9.24596141e-01 1.00209930e+00
4.05000000e+01 9.82173289e-01 9.74815931e-01 -2.73494601e-02 9.20117011e-01 1.00216539e+00
4.06000000e+01 9.81612273e-01 9.73612306e-01 -2.85969550e-02 9.16418396e-01 1.00220926e+00
4.07000000e+01 9.81235644e-01 9.72657754e-01 -2.95729340e-02 9.13511886e-01 1.00223069e+00
4.08000000e+01 9.81044940e-01 9.71954623e-01 -3.02750522e-02 9.11404519e-01 1.00222968e+00
4.09000000e+01 9.81040040e-01 9.71503999e-01 -3.07024538e-02 9.10099092e-01 1.00220645e+00
4.10000000e+01 9.81219187e-01 9.71305777e-01 -3.08556937e-02 9.09594390e-01 1.00216147e+00
4.11000000e+01 9.81579017e-01 9.71358707e-01 -3.07366854e-02 9.09885336e-01 1.00209539e+00
4.12000000e+01 9.82114595e-01 9.71660409e-01 -3.03486741e-02 9.10963061e-01 1.00200908e+00
4.13000000e+01 9.82819461e-01 9.72207373e-01 -2.96962336e-02 9.12814906e-01 1.00190361e+00
4.14000000e+01 9.83685682e-01 9.72994918e-01 -2.87852861e-02 9.15424346e-01 1.00178020e+00
4.15000000e+01 9.84703920e-01 9.74017141e-01 -2.76231425e-02 9.18770856e-01 1.00164028e+00
4.16000000e+01 9.85863499e-01 9.75266844e-01 -2.62185597e-02 9.22829725e-01 1.00148540e+00
4.17000000e+01 9.87152490e-01 9.76735444e-01 -2.45818134e-02 9.27571818e-01 1.00131726e+00
4.18000000e+01 9.88557800e-01 9.78412870e-01 -2.27247807e-02 9.32963309e-01 1.00113765e+00
4.19000000e+01 9.90065278e-01 9.80287456e-01 -2.06610284e-02 9.38965400e-01 1.00094848e+00
4.20000000e+01 9.91659830e-01 9.82345834e-01 -1.84059011e-02 9.45534032e-01 1.00075174e+00
4.21000000e+01 9.93325539e-01 9.84572830e-01 -1.59766036e-02 9.52619623e-01 1.00054943e+00
4.22000000e+01 9.95045803e-01 9.86951375e-01 -1.33922686e-02 9.60166838e-01 1.00034364e+00
4.23000000e+01 9.96803482e-01 9.89462440e-01 -1.06740022e-02 9.68114436e-01 1.00013644e+00
4.24000000e+01 9.98581055e-01 9.92084999e-01 -7.84489930e-03 9.76395200e-01 9.99929898e-01
4.25000000e+01 1.00036078e+00 9.94796034e-01 -4.93001783e-03 9.84935998e-01 9.99726052e-01
4.26000000e+01 1.00212489e+00 9.97570591e-01 -1.95630391e-03 9.93657983e-01 9.99526895e-01
4.27000000e+01 1.00385572e+00 1.00038189e+00 1.04754145e-03 1.00247698e+00 9.99334352e-01
4.28000000e+01 1.00553597e+00 1.00320152e+00 4.05126191e-03 1.01130405e+00 9.99150263e-01
4.29000000e+01 1.00714881e+00 1.00599968e+00 7.02331731e-03 1.02004632e+00 9.98976364e-01
4.30000000e+01 1.00867813e+00 1.00874551e+00 9.93123076e-03 1.02860797e+00 9.98814275e-01
4.31000000e+01 1.01010868e+00 1.01140749e+00 1.27420111e-02 1.03689151e+00 9.98665481e-01
4.32000000e+01 1.01142626e+00 1.01395397e+00 1.54226469e-02 1.04479926e+00 9.98531324e-01
4.33000000e+01 1.01261791e+00 1.01635365e+00 1.79406631e-02 1.05223498e+00 9.98412986e-01
4.34000000e+01 1.01367201e+00 1.01857621e+00 2.02647274e-02 1.05910567e+00 9.98311485e-01
4.35000000e+01 1.01457849e+00 1.02059295e+00 2.23652874e-02 1.06532352e+00 9.98227662e-01
4.36000000e+01 1.01532887e+00 1.02237740e+00 2.42152171e-02 1.07080783e+00 9.98162179e-01
4.37000000e+01 1.01591645e+00 1.02390596e+00 2.57904465e-02 1.07548685e+00 9.98115508e-01
4.38000000e+01 1.01633630e+00 1.02515849e+00 2.70705479e-02 1.07929958e+00 9.98087938e-01
4.39000000e+01 1.01658537e+00 1.02611882e+00 2.80392504e-02 1.08219732e+00 9.98079565e-01
4.40000000e+01 1.01666250e+00 1.02677516e+00 2.86848592e-02 1.08414487e+00 9.98090296e-01
4.41000000e+01 1.01656842e+00 1.02712041e+00 2.90005563e-02 1.08512152e+00 9.98119855e-01
4.42000000e+01 1.01630572e+00 1.02715235e+00 2.89845687e-02 1.08512149e+00 9.98167780e-01
4.43000000e+01 1.01587883e+00 1.02687363e+00 2.86401931e-02 1.08415402e+00 9.98233437e-01
4.44000000e+01 1.01529388e+00 1.02629170e+00 2.79756789e-02 1.08224306e+00 9.98316022e-01
4.45000000e+01 1.01455869e+00 1.02541855e+00 2.70039726e-02 1.07942649e+00 9.98414573e-01
4.46000000e+01 1.01368257e+00 1.02427032e+00 2.57423409e-02 1.07575500e+00 9.98527979e-01
4.47000000e+01 1.01267625e+00 1.02286688e+00 2.42118887e-02 1.07129066e+00 9.98654991e-01
4.48000000e+01 1.01155168e+00 1.02123124e+00 2.24369990e-02 1.06610524e+00 9.98794241e-01
4.49000000e+01 1.01032191e+00 1.01938897e+00 2.04447195e-02 1.06027840e+00 9.98944246e-01
4.50000000e+01 1.00900089e+00 1.01736756e+00 1.82641231e-02 1.05389580e+00 9.99103435e-01
4.51000000e+01 1.00760328e+00 1.01519582e+00 1.59256685e-02 1.04704716e+00 9.99270154e-01
4.52000000e+01 1.00614434e+00 1.01290327e+00 1.34605837e-02 1.03982444e+00 9.99442691e-01
4.53000000e+01 1.00463966e+00 1.01051958e+00 1.09002911e-02 1.03232016e+00 9.99619289e-01
4.54000000e+01 1.00310504e+00 1.00807405e+00 8.27588923e-03 1.02462583e+00 9.99798164e-01
4.55000000e+01 1.00155632e+00 1.00559523e+00 5.61770151e-03 1.01683063e+00 9.99977525e-01
4.56000000e+01 1.00000917e+00 1.00311048e+00 2.95489627e-03 1.00902028e+00 1.00015559e+00
4.57000000e+01 9.98478988e-01 1.00064577e+00 3.15180739e-04 1.00127614e+00 1.00033059e+00
4.58000000e+01 9.96980717e-01 9.98225399e-01 -2.27543391e-03 9.93674531e-01 1.00050083e+00
4.59000000e+01 9.95528726e-01 9.95871851e-01 -4.79280088e-03 9.86286249e-01 1.00066465e+00
4.60000000e+01 9.94136681e-01 9.93605728e-01 -7.21474626e-03 9.79176235e-01 1.00082047e+00
4.61000000e+01 9.92817437e-01 9.91445690e-01 -9.52112563e-03 9.72403439e-01 1.00096682e+00
4.62000000e+01 9.91582937e-01 9.89408461e-01 -1.16938373e-02 9.66020786e-01 1.00110230e+00
4.63000000e+01 9.90444125e-01 9.87508862e-01 -1.37168009e-02 9.60075260e-01 1.00122566e+00
4.64000000e+01 9.89410874e-01 9.85759870e-01 -1.55759092e-02 9.54608052e-01 1.00133578e+00
4.65000000e+01 9.88491919e-01 9.84172700e-01 -1.72589618e-02 9.49654777e-01 1.00143166e+00
4.66000000e+01 9.87694809e-01 9.82756886e-01 -1.87555865e-02 9.45245713e-01 1.00151247e+00
4.67000000e+01 9.87025861e-01 9.81520376e-01 -2.00571549e-02 9.41406066e-01 1.00157753e+00
4.68000000e+01 9.86490136e-01 9.80469622e-01 -2.11566976e-02 9.38156226e-01 1.00162632e+00
4.69000000e+01 9.86091409e-01 9.79609665e-01 -2.20488229e-02 9.35512020e-01 1.00165849e+00
4.70000000e+01 9.85832166e-01 9.78944215e-01 -2.27296414e-02 9.33484932e-01 1.00167386e+00
4.71000000e+01 9.85713591e-01 9.78475712e-01 -2.31967009e-02 9.32082310e-01 1.00167241e+00
