# k S000 S110 S112 S10 S11
0.00000000e+00 1.56250000e-02 4.01914972e+00 -2.49711630e+00 2.49171227e-02 7.51626601e+00
1.00000000e-01 1.56362352e-02 3.98421157e+00 -2.47963802e+00 2.49355324e-02 7.46384959e+00
2.00000000e-01 1.56699977e-02 3.88240922e+00 -2.42870918e+00 2.49908567e-02 7.31111840e+00
3.00000000e-01 1.57264587e-02 3.72215327e+00 -2.34853494e+00 2.50833848e-02 7.07068821e+00
4.00000000e-01 1.58059054e-02 3.51560669e+00 -2.24519655e+00 2.52136010e-02 6.76080324e+00
5.00000000e-01 1.59087439e-02 3.27658337e+00 -2.12560059e+00 2.53821906e-02 6.40218396e+00
6.00000000e-01 1.60355031e-02 3.01859899e+00 -1.99650447e+00 2.55900462e-02 6.01510347e+00
7.00000000e-01 1.61868404e-02 2.75347794e+00 -1.86381983e+00 2.58382776e-02 5.61729777e+00
8.00000000e-01 1.63635478e-02 2.49063388e+00 -1.73225283e+00 2.61282232e-02 5.22288671e+00
9.00000000e-01 1.65665604e-02 2.23692400e+00 -1.60523127e+00 2.64614639e-02 4.84215527e+00
1.00000000e+00 1.67969662e-02 1.99688111e+00 -1.48502064e+00 2.68398404e-02 4.48190175e+00
1.10000000e+00 1.70560174e-02 1.77313083e+00 -1.37293268e+00 2.72654730e-02 4.14606351e+00
1.20000000e+00 1.73451438e-02 1.56685233e+00 -1.26955577e+00 2.77407851e-02 3.83640810e+00
1.30000000e+00 1.76659689e-02 1.37820002e+00 -1.17496574e+00 2.82685309e-02 3.55316576e+00
1.40000000e+00 1.80203277e-02 1.20665004e+00 -1.08889911e+00 2.88518269e-02 3.29554915e+00
1.50000000e+00 1.84102876e-02 1.05126486e+00 -1.01088534e+00 2.94941887e-02 3.06215020e+00
1.60000000e+00 1.88381731e-02 9.10884026e-01 -9.40342226e-01 3.01995737e-02 2.85122625e+00
1.70000000e+00 1.93065933e-02 7.84255298e-01 -8.76641434e-01 3.09724300e-02 2.66089673e+00
1.80000000e+00 1.98184744e-02 6.70120360e-01 -8.19151304e-01 3.18177530e-02 2.48927166e+00
1.90000000e+00 2.03770965e-02 5.67267787e-01 -7.67263318e-01 3.27411510e-02 2.33453111e+00
2.00000000e+00 2.09861365e-02 4.74563236e-01 -7.20407157e-01 3.37489211e-02 2.19497039e+00
2.10000000e+00 2.16497180e-02 3.90964331e-01 -6.78058098e-01 3.48481361e-02 2.06902243e+00
2.20000000e+00 2.23724682e-02 3.15525660e-01 -6.39739456e-01 3.60467468e-02 1.95526512e+00
2.30000000e+00 2.31595842e-02 2.47397606e-01 -6.05021953e-01 3.73536996e-02 1.85241956e+00
2.40000000e+00 2.40169107e-02 1.85821606e-01 -5.73521266e-01 3.87790738e-02 1.75934287e+00
2.50000000e+00 2.49510294e-02 1.30123494e-01 -5.44894626e-01 4.03342422e-02 1.67501812e+00
2.60000000e+00 2.59693644e-02 7.97060362e-02 -5.18836989e-01 4.20320583e-02 1.59854303e+00
2.70000000e+00 2.70803044e-02 3.40413328e-02 -4.95077128e-01 4.38870761e-02 1.52911846e+00
2.80000000e+00 2.82933476e-02 -7.33650567e-03 -4.73373843e-01 4.59158088e-02 1.46603734e+00
2.90000000e+00 2.96192714e-02 -4.48381867e-02 -4.53512390e-01 4.81370340e-02 1.40867420e+00
3.00000000e+00 3.10703326e-02 -7.88254534e-02 -4.35301196e-01 5.05721541e-02 1.35647574e+00
3.10000000e+00 3.26605057e-02 -1.09616655e-01 -4.18568860e-01 5.32456255e-02 1.30895220e+00
3.20000000e+00 3.44057657e-02 -1.37491675e-01 -4.03161428e-01 5.61854685e-02 1.26566975e+00
3.30000000e+00 3.63244258e-02 -1.62696240e-01 -3.88939941e-01 5.94238777e-02 1.22624370e+00
3.40000000e+00 3.84375426e-02 -1.85445659e-01 -3.75778193e-01 6.29979545e-02 1.19033253e+00
3.50000000e+00 4.07694031e-02 -2.05928026e-01 -3.63560693e-01 6.69505883e-02 1.15763267e+00
3.60000000e+00 4.33481140e-02 -2.24306925e-01 -3.52180775e-01 7.13315236e-02 1.12787385e+00
3.70000000e+00 4.62063168e-02 -2.40723689e-01 -3.41538829e-01 7.61986540e-02 1.10081514e+00
3.80000000e+00 4.93820606e-02 -2.55299217e-01 -3.31540591e-01 8.16196008e-02 1.07624137e+00
3.90000000e+00 5.29198715e-02 -2.68135393e-01 -3.22095481e-01 8.76736452e-02 1.05396009e+00
4.00000000e+00 5.68720704e-02 -2.79316096e-01 -3.13114900e-01 9.44541043e-02 1.03379880e+00
4.10000000e+00 6.13004057e-02 -2.88907803e-01 -3.04510466e-01 1.02071266e-01 1.01560266e+00
4.20000000e+00 6.62780873e-02 -2.96959767e-01 -2.96192102e-01 1.10656030e-01 9.99232335e-01
4.30000000e+00 7.18923352e-02 -3.03503733e-01 -2.88065912e-01 1.20364442e-01 9.84562179e-01
4.40000000e+00 7.82475928e-02 -3.08553129e-01 -2.80031749e-01 1.31383374e-01 9.71478620e-01
4.50000000e+00 8.54696046e-02 -3.12101643e-01 -2.71980353e-01 1.43937651e-01 9.59878710e-01
4.60000000e+00 9.37106241e-02 -3.14121085e-01 -2.63789931e-01 1.58299053e-01 9.49668846e-01
4.70000000e+00 1.03156114e-01 -3.14558346e-01 -2.55321980e-01 1.74797693e-01 9.40763634e-01
4.80000000e+00 1.14033421e-01 -3.13331269e-01 -2.46416136e-01 1.93836459e-01 9.33084867e-01
4.90000000e+00 1.26623107e-01 -3.10323147e-01 -2.36883751e-01 2.15909351e-01 9.26560604e-01
5.00000000e+00 1.41273826e-01 -3.05375517e-01 -2.26499863e-01 2.41624758e-01 9.21124346e-01
5.10000000e+00 1.58422056e-01 -2.98278841e-01 -2.14993125e-01 2.71734908e-01 9.16714285e-01
5.20000000e+00 1.78618403e-01 -2.88760637e-01 -2.02033259e-01 3.07172846e-01 9.13272622e-01
5.30000000e+00 2.02562960e-01 -2.76470639e-01 -1.87215585e-01 3.49098191e-01 9.10744946e-01
5.40000000e+00 2.31153109e-01 -2.60962781e-01 -1.70042447e-01 3.98952325e-01 9.09079666e-01
5.50000000e+00 2.65548470e-01 -2.41674390e-01 -1.49901880e-01 4.58521850e-01 9.08227490e-01
5.60000000e+00 3.07259349e-01 -2.17904350e-01 -1.26045297e-01 5.30005057e-01 9.08140947e-01
5.70000000e+00 3.58267017e-01 -1.88794881e-01 -9.75688356e-02 6.16067448e-01 9.08773955e-01
5.80000000e+00 4.21185862e-01 -1.53327257e-01 -6.34086740e-02 7.19855395e-01 9.10081417e-01
5.90000000e+00 4.99477335e-01 -1.10352046e-01 -2.23709173e-02 8.44906120e-01 9.12018872e-01
6.00000000e+00 5.97719407e-01 -5.86914631e-02 2.67663746e-02 9.94841286e-01 9.14542162e-01
6.10000000e+00 7.21912059e-01 2.62518433e-03 8.50180242e-02 1.17266123e+00 9.17607160e-01
6.20000000e+00 8.79734647e-01 7.39117266e-02 1.52742208e-01 1.37939614e+00 9.21169519e-01
6.30000000e+00 1.08051310e+00 1.54096883e-01 2.28912408e-01 1.61192170e+00 9.25184475e-01
6.40000000e+00 1.33431520e+00 2.39781593e-01 3.10174901e-01 1.86013140e+00 9.29606691e-01
6.50000000e+00 1.64899246e+00 3.24466889e-01 3.90076744e-01 2.10462038e+00 9.34390146e-01
6.60000000e+00 2.02335590e+00 3.98766100e-01 4.59278027e-01 2.31732215e+00 9.39488073e-01
6.70000000e+00 2.43544072e+00 4.52433098e-01 5.07580141e-01 2.46759338e+00 9.44852957e-01
6.80000000e+00 2.83044882e+00 4.77943802e-01 5.27507223e-01 2.53295825e+00 9.50436578e-01
6.90000000e+00 3.12438998e+00 4.73613953e-01 5.17423837e-01 2.50846163e+00 9.56190116e-01
7.00000000e+00 3.24003571e+00 4.43964544e-01 4.81900238e-01 2.40776502e+00 9.62064307e-01
7.10000000e+00 3.15655506e+00 3.97215713e-01 4.29206048e-01 2.25562781e+00 9.68009665e-01
7.20000000e+00 2.92094227e+00 3.41972715e-01 3.67995968e-01 2.07796465e+00 9.73976747e-01
7.30000000e+00 2.60993549e+00 2.85041213e-01 3.05124736e-01 1.89529068e+00 9.79916477e-01
7.40000000e+00 2.28783617e+00 2.30797042e-01 2.45016529e-01 1.72083010e+00 9.85780512e-01
7.50000000e+00 1.99141800e+00 1.81529005e-01 1.90007358e-01 1.56154372e+00 9.91521648e-01
7.60000000e+00 1.73497407e+00 1.38088646e-01 1.40994394e-01 1.42007743e+00 9.97094252e-01
7.70000000e+00 1.52001152e+00 1.00478386e-01 9.80236646e-02 1.29652572e+00 1.00245472e+00
7.80000000e+00 1.34244616e+00 6.82671231e-02 6.07051770e-02 1.18967748e+00 1.00756195e+00
7.90000000e+00 1.19653200e+00 4.08457267e-02 2.84679623e-02 1.09778165e+00 1.01237776e+00
8.00000000e+00 1.07662852e+00 1.75687854e-02 7.01379484e-04 1.01897154e+00 1.01686741e+00
8.10000000e+00 9.77839440e-01 -2.17447765e-03 -2.31743768e-02 9.51476769e-01 1.02099990e+00
8.20000000e+00 8.96141529e-01 -1.89298003e-02 -4.36782368e-02 8.93713726e-01 1.02474844e+00
8.30000000e+00 8.28314129e-01 -3.31690843e-02 -6.12597670e-02 8.44311382e-01 1.02809068e+00
8.40000000e+00 7.71809301e-01 -4.52922554e-02 -7.63012717e-02 8.02105201e-01 1.03100902e+00
8.50000000e+00 7.24619695e-01 -5.56337732e-02 -8.91244713e-02 7.66117284e-01 1.03349070e+00
8.60000000e+00 6.85163905e-01 -6.44706616e-02 -9.99986178e-02 7.35532103e-01 1.03552796e+00
8.70000000e+00 6.52193463e-01 -7.20305248e-02 -1.09148516e-01 7.09672443e-01 1.03711799e+00
8.80000000e+00 6.24719806e-01 -7.84988811e-02 -1.16761777e-01 6.87977565e-01 1.03826290e+00
8.90000000e+00 6.01957831e-01 -8.40255785e-02 -1.22995071e-01 6.69984279e-01 1.03896949e+00
9.00000000e+00 5.83282577e-01 -8.87302810e-02 -1.27979381e-01 6.55310958e-01 1.03924910e+00
9.10000000e+00 5.68196046e-01 -9.27071021e-02 -1.31824325e-01 6.43644247e-01 1.03911722e+00
9.20000000e+00 5.56301790e-01 -9.60284995e-02 -1.34621697e-01 6.34728106e-01 1.03859320e+00
9.30000000e+00 5.47285380e-01 -9.87485491e-02 -1.36448322e-01 6.28354807e-01 1.03769977e+00
9.40000000e+00 5.40899377e-01 -1.00905703e-01 -1.37368372e-01 6.24357553e-01 1.03646267e+00
9.50000000e+00 5.36951712e-01 -1.02525132e-01 -1.37435234e-01 6.22604400e-01 1.03491010e+00
9.60000000e+00 5.35296676e-01 -1.03620718e-01 -1.36693031e-01 6.22993221e-01 1.03307231e+00
9.70000000e+00 5.35827912e-01 -1.04196790e-01 -1.35177862e-01 6.25447486e-01 1.03098107e+00
9.80000000e+00 5.38472938e-01 -1.04249634e-01 -1.32918849e-01 6.29912669e-01 1.02866921e+00
9.90000000e+00 5.43188822e-01 -1.03768845e-01 -1.29939031e-01 6.36353093e-01 1.02617019e+00
1.00000000e+01 5.49958742e-01 -1.02738568e-01 -1.26256180e-01 6.44749073e-01 1.02351761e+00
1.01000000e+01 5.58789157e-01 -1.01138660e-01 -1.21883564e-01 6.55094211e-01 1.02074490e+00
1.02000000e+01 5.69707409e-01 -9.89458306e-02 -1.16830736e-01 6.67392698e-01 1.01788490e+00
1.03000000e+01 5.82759533e-01 -9.61347941e-02 -1.11104356e-01 6.81656493e-01 1.01496956e+00
1.04000000e+01 5.98008088e-01 -9.26794864e-02 -1.04709139e-01 6.97902235e-01 1.01202965e+00
1.05000000e+01 6.15529805e-01 -8.85543857e-02 -9.76489301e-02 7.16147754e-01 1.00909454e+00
1.06000000e+01 6.35412820e-01 -8.37359906e-02 -8.99279864e-02 7.36408037e-01 1.00619200e+00
1.07000000e+01 6.57753213e-01 -7.82044996e-02 -8.15524952e-02 7.58690510e-01 1.00334800e+00
1.08000000e+01 6.82650573e-01 -7.19457330e-02 -7.25323699e-02 7.82989527e-01 1.00058664e+00
1.09000000e+01 7.10202220e-01 -6.49533319e-02 -6.28833549e-02 8.09279958e-01 9.97930023e-01
1.10000000e+01 7.40495700e-01 -5.72312443e-02 -5.26294481e-02 8.37509860e-01 9.95398204e-01
1.11000000e+01 7.73599152e-01 -4.87964862e-02 -4.18056217e-02 8.67592270e-01 9.93009136e-01
1.12000000e+01 8.09549135e-01 -3.96821161e-02 -3.04607817e-02 8.99396320e-01 9.90778666e-01
1.13000000e+01 8.48335611e-01 -2.99403091e-02 -1.86608431e-02 9.32738005e-01 9.88720534e-01
1.14000000e+01 8.89883960e-01 -1.96453369e-02 -6.49172951e-03 9.67371204e-01 9.86846393e-01
1.15000000e+01 9.34034227e-01 -8.89617970e-03 5.93798387e-03 1.00297979e+00 9.85165836e-01
1.16000000e+01 9.80518371e-01 2.18159696e-03 1.84951506e-02 1.03917190e+00 9.83686446e-01
1.17000000e+01 1.02893702e+00 1.34351406e-02 3.10213000e-02 1.07547774e+00 9.82413841e-01
1.18000000e+01 1.07873824e+00 2.46852645e-02 4.33335322e-02 1.11135233e+00 9.81351732e-01
1.19000000e+01 1.12920194e+00 3.57295090e-02 5.52275152e-02 1.14618454e+00 9.80501994e-01
1.20000000e+01 1.17943444e+00 4.63476456e-02 6.64829218e-02 1.17931349e+00 9.79864724e-01
1.21000000e+01 1.22837836e+00 5.63097298e-02 7.68714103e-02 1.21005255e+00 9.79438319e-01
1.22000000e+01 1.27484251e+00 6.53864738e-02 8.61669235e-02 1.23772032e+00 9.79219550e-01
1.23000000e+01 1.31755449e+00 7.33613091e-02 9.41576736e-02 1.26167666e+00 9.79203636e-01
1.24000000e+01 1.35523558e+00 8.00431109e-02 1.00658787e-01 1.28136068e+00 9.79384324e-01
1.25000000e+01 1.38669226e+00 8.52782608e-02 1.05524283e-01 1.29632683e+00 9.79753978e-01
1.26000000e+01 1.41091444e+00 8.89606268e-02 1.08656971e-01 1.30627457e+00 9.80303656e-01
1.27000000e+01 1.42716587e+00 9.10381981e-02 1.10014993e-01 1.31106818e+00 9.81023205e-01
1.28000000e+01 1.43505225e+00 9.15155245e-02 1.09614172e-01 1.31074387e+00 9.81901352e-01
1.29000000e+01 1.43455477e+00 9.04517015e-02 1.07525898e-01 1.30550350e+00 9.82925803e-01
1.30000000e+01 1.42602362e+00 8.79542772e-02 1.03870934e-01 1.29569615e+00 9.84083343e-01
1.31000000e+01 1.41013334e+00 8.41700026e-02 9.88100584e-02 1.28179012e+00 9.85359944e-01
1.32000000e+01 1.38780942e+00 7.92736806e-02 9.25328025e-02 1.26433929e+00 9.86740878e-01
1.33000000e+01 1.36013937e+00 7.34564561e-02 8.52456219e-02 1.24394770e+00 9.88210834e-01
1.34000000e+01 1.32828240e+00 6.69147408e-02 7.71606989e-02 1.22123614e+00 9.89754042e-01
1.35000000e+01 1.29338915e+00 5.98406692e-02 6.84862696e-02 1.19681321e+00 9.91354400e-01
1.36000000e+01 1.25653888e+00 5.24146087e-02 5.94190014e-02 1.17125261e+00 9.92995607e-01
1.37000000e+01 1.21869674e+00 4.47999000e-02 5.01385968e-02 1.14507709e+00 9.94661303e-01
1.38000000e+01 1.18069034e+00 3.71397211e-02 4.08045176e-02 1.11874876e+00 9.96335203e-01
1.39000000e+01 1.14320241e+00 2.95557858e-02 3.15545416e-02 1.09266487e+00 9.98001244e-01
1.40000000e+01 1.10677532e+00 2.21484919e-02 2.25047686e-02 1.06715803e+00 9.99643723e-01
1.41000000e+01 1.07182334e+00 1.49981196e-02 1.37506781e-02 1.04249948e+00 1.00124744e+00
1.42000000e+01 1.03864914e+00 8.16671067e-03 5.36886973e-03 1.01890445e+00 1.00279784e+00
1.43000000e+01 1.00746169e+00 1.70032052e-03 -2.58081839e-03 9.96538684e-01 1.00428114e+00
1.44000000e+01 9.78393946e-01 -4.36859669e-03 -1.00530516e-02 9.75525300e-01 1.00568445e+00
1.45000000e+01 9.51518948e-01 -1.00188399e-02 -1.70147695e-02 9.55951621e-01 1.00699593e+00
1.46000000e+01 9.26863978e-01 -1.52382635e-02 -2.34430970e-02 9.37875542e-01 1.00820483e+00
1.47000000e+01 9.04422464e-01 -2.00217973e-02 -2.93234603e-02 9.21331282e-01 1.00930166e+00
1.48000000e+01 8.84163762e-01 -2.43697135e-02 -3.46479369e-02 9.06334413e-01 1.01027822e+00
1.49000000e+01 8.66040960e-01 -2.82861508e-02 -3.94138471e-02 8.92886155e-01 1.01112770e+00
1.50000000e+01 8.49996993e-01 -3.17778853e-02 -4.36225754e-02 8.80976964e-01 1.01184469e+00
1.51000000e+01 8.35969320e-01 -3.48533307e-02 -4.72786050e-02 8.70589459e-01 1.01242527e+00
1.52000000e+01 8.23893420e-01 -3.75217464e-02 -5.03887418e-02 8.61700770e-01 1.01286700e+00
1.53000000e+01 8.13705329e-01 -3.97926293e-02 -5.29615035e-02 8.54284364e-01 1.01316887e+00
1.54000000e+01 8.05343414e-01 -4.16752660e-02 -5.50066519e-02 8.48311430e-01 1.01333139e+00
1.55000000e+01 7.98749551e-01 -4.31784245e-02 -5.65348475e-02 8.43751881e-01 1.01335642e+00
1.56000000e+01 7.93869805e-01 -4.43101661e-02 -5.75574067e-02 8.40575020e-01 1.01324724e+00
1.57000000e+01 7.90654743e-01 -4.50777621e-02 -5.80861493e-02 8.38749939e-01 1.01300839e+00
1.58000000e+01 7.89059431e-01 -4.54876994e-02 -5.81333209e-02 8.38245659e-01 1.01264562e+00
1.59000000e+01 7.89043182e-01 -4.55457660e-02 -5.77115820e-02 8.39031070e-01 1.01216582e+00
1.60000000e+01 7.90569078e-01 -4.52572047e-02 -5.68340557e-02 8.41074684e-01 1.01157685e+00
1.61000000e+01 7.93603309e-01 -4.46269279e-02 -5.55144277e-02 8.44344217e-01 1.01088750e+00
1.62000000e+01 7.98114327e-01 -4.36597870e-02 -5.37670941e-02 8.48806025e-01 1.01010731e+00
1.63000000e+01 8.04071829e-01 -4.23608890e-02 -5.16073522e-02 8.54424407e-01 1.00924646e+00
1.64000000e+01 8.11445560e-01 -4.07359562e-02 -4.90516317e-02 8.61160780e-01 1.00831568e+00
1.65000000e+01 8.20203952e-01 -3.87917221e-02 -4.61177609e-02 8.68972756e-01 1.00732604e+00
1.66000000e+01 8.30312571e-01 -3.65363559e-02 -4.28252647e-02 8.77813115e-01 1.00628891e+00
1.67000000e+01 8.41732394e-01 -3.39799098e-02 -3.91956849e-02 8.87628720e-01 1.00521578e+00
1.68000000e+01 8.54417906e-01 -3.11347762e-02 -3.52529179e-02 8.98359388e-01 1.00411814e+00
1.69000000e+01 8.68315041e-01 -2.80161453e-02 -3.10235557e-02 9.09936743e-01 1.00300741e+00
1.70000000e+01 8.83358991e-01 -2.46424448e-02 -2.65372175e-02 9.22283120e-01 1.00189477e+00
1.71000000e+01 8.99471930e-01 -2.10357462e-02 -2.18268531e-02 9.35310548e-01 1.00079111e+00
1.72000000e+01 9.16560733e-01 -1.72221123e-02 -1.69289981e-02 9.48919891e-01 9.99706886e-01
1.73000000e+01 9.34514767e-01 -1.32318644e-02 -1.18839547e-02 9.63000226e-01 9.98652090e-01
1.74000000e+01 9.53203908e-01 -9.09973812e-03 -6.73587166e-03 9.77428519e-01 9.97636134e-01
1.75000000e+01 9.72476922e-01 -4.86490154e-03 -1.53269439e-03 9.92069710e-01 9.96667793e-01
1.76000000e+01 9.92160406e-01 -5.70805454e-04 3.67404326e-03 1.00677728e+00 9.95755151e-01
1.77000000e+01 1.01205851e+00 3.73515896e-03 8.82961140e-03 1.02139438e+00 9.94905548e-01
1.78000000e+01 1.03195361e+00 8.00221515e-03 1.38766805e-02 1.03575558e+00 9.94125535e-01
1.79000000e+01 1.05160824e+00 1.21769794e-02 1.87561327e-02 1.04968924e+00 9.93420847e-01
1.80000000e+01 1.07076828e+00 1.62044599e-02 2.34080857e-02 1.06302063e+00 9.92796374e-01
1.81000000e+01 1.08916772e+00 2.00292604e-02 2.77731139e-02 1.07557549e+00 9.92256147e-01
1.82000000e+01 1.10653475e+00 2.35969521e-02 3.17936301e-02 1.08718421e+00 9.91803322e-01
1.83000000e+01 1.12259929e+00 2.68555630e-02 3.54153782e-02 1.09768632e+00 9.91440185e-01
1.84000000e+01 1.13710144e+00 2.97571157e-02 3.85889670e-02 1.10693505e+00 9.91168149e-01
1.85000000e+01 1.14980067e+00 3.22591330e-02 4.12713656e-02 1.11480186e+00 9.90987767e-01
1.86000000e+01 1.16048494e+00 3.43260239e-02 4.34272744e-02 1.12118057e+00 9.90898750e-01
1.87000000e+01 1.16897936e+00 3.59302652e-02 4.50302841e-02 1.12599083e+00 9.90899981e-01
1.88000000e+01 1.17515354e+00 3.70533005e-02 4.60637482e-02 1.12918080e+00 9.90989552e-01
1.89000000e+01 1.17892712e+00 3.76860984e-02 4.65213087e-02 1.13072872e+00 9.91164790e-01
1.90000000e+01 1.18027304e+00 3.78293332e-02 4.64070400e-02 1.13064341e+00 9.91422293e-01
1.91000000e+01 1.17921819e+00 3.74931800e-02 4.57352019e-02 1.12896358e+00 9.91757978e-01
1.92000000e+01 1.17584147e+00 3.66967431e-02 4.45296218e-02 1.12575599e+00 9.92167121e-01
1.93000000e+01 1.17026950e+00 3.54671633e-02 4.28227514e-02 1.12111267e+00 9.92644412e-01
1.94000000e+01 1.16267022e+00 3.38384687e-02 4.06544633e-02 1.11514740e+00 9.93184005e-01
1.95000000e+01 1.15324512e+00 3.18502484e-02 3.80706663e-02 1.10799158e+00 9.93779582e-01
1.96000000e+01 1.14222060e+00 2.95462315e-02 3.51218228e-02 1.09978988e+00 9.94424409e-01
1.97000000e+01 1.12983913e+00 2.69728542e-02 3.18614515e-02 1.09069576e+00 9.95111403e-01
1.98000000e+01 1.11635077e+00 2.41778853e-02 2.83446854e-02 1.08086726e+00 9.95833200e-01
1.99000000e+01 1.10200544e+00 2.12091705e-02 2.46269466e-02 1.07046306e+00 9.96582224e-01
2.00000000e+01 1.08704640e+00 1.81135367e-02 2.07627793e-02 1.05963910e+00 9.97350757e-01
2.01000000e+01 1.07170492e+00 1.49358837e-02 1.68048693e-02 1.04854562e+00 9.98131014e-01
2.02000000e+01 1.05619632e+00 1.17184733e-02 1.28032595e-02 1.03732499e+00 9.98915214e-01
2.03000000e+01 1.04071732e+00 8.50041261e-03 8.80476072e-03 1.02610993e+00 9.99695652e-01
2.04000000e+01 1.02544451e+00 5.31732079e-03 4.85254531e-03 1.01502241e+00 1.00046478e+00
2.05000000e+01 1.01053377e+00 2.20115659e-03 9.85904438e-04 1.00417297e+00 1.00121525e+00
2.06000000e+01 9.96120590e-01 -8.19815560e-04 -2.75985499e-03 9.93660474e-01 1.00194004e+00
2.07000000e+01 9.82320851e-01 -3.72094813e-03 -6.35339878e-03 9.83572254e-01 1.00263245e+00
2.08000000e+01 9.69232145e-01 -6.48104743e-03 -9.76726453e-03 9.73984424e-01 1.00328622e+00
2.09000000e+01 9.56935299e-01 -9.08214923e-03 -1.29776951e-02 9.64962460e-01 1.00389555e+00
2.10000000e+01 9.45496051e-01 -1.15092549e-02 -1.59644276e-02 9.56561890e-01 1.00445517e+00
2.11000000e+01 9.34966768e-01 -1.37500468e-02 -1.87104555e-02 9.48829042e-01 1.00496041e+00
2.12000000e+01 9.25388121e-01 -1.57945985e-02 -2.12017794e-02 9.41801843e-01 1.00540718e+00
2.13000000e+01 9.16790652e-01 -1.76350924e-02 -2.34271590e-02 9.35510590e-01 1.00579207e+00
2.14000000e+01 9.09196221e-01 -1.92655545e-02 -2.53778731e-02 9.29978699e-01 1.00611232e+00
2.15000000e+01 9.02619280e-01 -2.06816123e-02 -2.70474975e-02 9.25223393e-01 1.00636589e+00
2.16000000e+01 8.97067989e-01 -2.18802826e-02 -2.84317030e-02 9.21256311e-01 1.00655142e+00
2.17000000e+01 8.92545148e-01 -2.28597905e-02 -2.95280781e-02 9.18084053e-01 1.00666829e+00
2.18000000e+01 8.89048966e-01 -2.36194227e-02 -3.03359767e-02 9.15708624e-01 1.00671655e+00
2.19000000e+01 8.86573656e-01 -2.41594140e-02 -3.08563924e-02 9.14127801e-01 1.00669698e+00
2.20000000e+01 8.85109879e-01 -2.44808676e-02 -3.10918591e-02 9.13335414e-01 1.00661099e+00
2.21000000e+01 8.84645037e-01 -2.45857079e-02 -3.10463761e-02 9.13321540e-01 1.00646067e+00
2.22000000e+01 8.85163431e-01 -2.44766632e-02 -3.07253570e-02 9.14072623e-01 1.00624869e+00
2.23000000e+01 8.86646287e-01 -2.41572759e-02 -3.01356006e-02 9.15571523e-01 1.00597832e+00
2.24000000e+01 8.89071674e-01 -2.36319383e-02 -2.92852810e-02 9.17797500e-01 1.00565334e+00
2.25000000e+01 8.92414310e-01 -2.29059496e-02 -2.81839543e-02 9.20726142e-01 1.00527800e+00
2.26000000e+01 8.96645280e-01 -2.19855899e-02 -2.68425797e-02 9.24329251e-01 1.00485699e+00
2.27000000e+01 9.01731673e-01 -2.08782088e-02 -2.52735495e-02 9.28574692e-01 1.00439534e+00
2.28000000e+01 9.07636156e-01 -1.95923214e-02 -2.34907267e-02 9.33426225e-01 1.00389841e+00
2.29000000e+01 9.14316501e-01 -1.81377082e-02 -2.15094829e-02 9.38843326e-01 1.00337177e+00
2.30000000e+01 9.21725079e-01 -1.65255117e-02 -1.93467333e-02 9.44781022e-01 1.00282122e+00
2.31000000e+01 9.29808364e-01 -1.47683245e-02 -1.70209626e-02 9.51189750e-01 1.00225264e+00
2.32000000e+01 9.38506443e-01 -1.28802618e-02 -1.45522353e-02 9.58015268e-01 1.00167197e+00
2.33000000e+01 9.47752593e-01 -1.08770101e-02 -1.19621849e-02 9.65198620e-01 1.00108517e+00
2.34000000e+01 9.57472945e-01 -8.77584688e-03 -9.27397447e-03 9.72676204e-01 1.00049813e+00
2.35000000e+01 9.67586272e-01 -6.59562217e-03 -6.51222238e-03 9.80379933e-01 9.99916600e-01
2.36000000e+01 9.78003951e-01 -4.35669688e-03 -3.70288719e-03 9.88237529e-01 9.99346190e-01
2.37000000e+01 9.88630129e-01 -2.08083096e-03 -8.73105853e-04 9.96172957e-01 9.98792275e-01
2.38000000e+01 9.99362148e-01 2.08982645e-04 1.94901874e-03 1.00410702e+00 9.98259964e-01
2.39000000e+01 1.01009124e+00 2.48874113e-03 4.73468342e-03 1.01195811e+00 9.97754058e-01
2.40000000e+01 1.02070356e+00 4.73371264e-03 7.45470393e-03 1.01964312e+00 9.97279009e-01
2.41000000e+01 1.03108151e+00 6.91877259e-03 1.00798854e-02 1.02707854e+00 9.96838887e-01
2.42000000e+01 1.04110540e+00 9.01879029e-03 1.25814385e-02 1.03418167e+00 9.96437352e-01
2.43000000e+01 1.05065547e+00 1.10090575e-02 1.49314337e-02 1.04087192e+00 9.96077624e-01
2.44000000e+01 1.05961406e+00 1.28657474e-02 1.71032800e-02 1.04707231e+00 9.95762467e-01
2.45000000e+01 1.06786814e+00 1.45663891e-02 1.90722169e-02 1.05271082e+00 9.95494172e-01
2.46000000e+01 1.07531179e+00 1.60903420e-02 2.08157992e-02 1.05772194e+00 9.95274543e-01
2.47000000e+01 1.08184880e+00 1.74192496e-02 2.23143587e-02 1.06204797e+00 9.95104891e-01
2.48000000e+01 1.08739516e+00 1.85374560e-02 2.35514236e-02 1.06564030e+00 9.94986032e-01
2.49000000e+01 1.09188130e+00 1.94323657e-02 2.45140769e-02 1.06846052e+00 9.94918289e-01
2.50000000e+01 1.09525396e+00 2.00947300e-02 2.51932370e-02 1.07048120e+00 9.94901493e-01
2.51000000e+01 1.09747770e+00 2.05188483e-02 2.55838497e-02 1.07168655e+00 9.94934999e-01
2.52000000e+01 1.09853579e+00 2.07026727e-02 2.56849796e-02 1.07207263e+00 9.95017693e-01
2.53000000e+01 1.09843056e+00 2.06478142e-02 2.54997985e-02 1.07164741e+00 9.95148016e-01
2.54000000e+01 1.09718319e+00 2.03594479e-02 2.50354707e-02 1.07043039e+00 9.95323977e-01
2.55000000e+01 1.09483282e+00 1.98461255e-02 2.43029411e-02 1.06845201e+00 9.95543184e-01
2.56000000e+01 1.09143523e+00 1.91195036e-02 2.33166358e-02 1.06575278e+00 9.95802868e-01
2.57000000e+01 1.08706100e+00 1.81940009e-02 2.20940901e-02 1.06238218e+00 9.96099911e-01
2.58000000e+01 1.08179336e+00 1.70864031e-02 2.06555196e-02 1.05839744e+00 9.96430883e-01
2.59000000e+01 1.07572581e+00 1.58154296e-02 1.90233520e-02 1.05386213e+00 9.96792078e-01
2.60000000e+01 1.06895957e+00 1.44012844e-02 1.72217400e-02 1.04884476e+00 9.97179544e-01
2.61000000e+01 1.06160111e+00 1.28652044e-02 1.52760705e-02 1.04341735e+00 9.97589134e-01
2.62000000e+01 1.05375971e+00 1.12290234e-02 1.32124874e-02 1.03765400e+00 9.98016536e-01
2.63000000e+01 1.04554523e+00 9.51476381e-03 1.10574410e-02 1.03162965e+00 9.98457323e-01
2.64000000e+01 1.03706612e+00 7.74426680e-03 8.83727432e-03 1.02541882e+00 9.98906992e-01
2.65000000e+01 1.02842768e+00 5.93886720e-03 6.57785520e-03 1.01909458e+00 9.99361012e-01
2.66000000e+01 1.01973068e+00 4.11911870e-03 4.30425692e-03 1.01272763e+00 9.99814862e-01
2.67000000e+01 1.01107023e+00 2.30457004e-03 2.04049102e-03 1.00638555e+00 1.00026408e+00
2.68000000e+01 1.00253498e+00 5.13591578e-04 -1.90709032e-04 1.00013217e+00 1.00070430e+00
2.69000000e+01 9.94206534e-01 -1.23675042e-03 -2.36805526e-03 9.94027139e-01 1.00113130e+00
2.70000000e+01 9.86159186e-01 -2.93077608e-03 -4.47182775e-03 9.88125568e-01 1.00154105e+00
2.71000000e+01 9.78459778e-01 -4.55423606e-03 -6.48395691e-03 9.82477850e-01 1.00192972e+00
2.72000000e+01 9.71167764e-01 -6.09432329e-03 -8.38807106e-03 9.77129535e-01 1.00229375e+00
2.73000000e+01 9.64335396e-01 -7.53965828e-03 -1.01695148e-02 9.72121312e-01 1.00262986e+00
2.74000000e+01 9.58007997e-01 -8.88025410e-03 -1.18153437e-02 9.67489058e-01 1.00293509e+00
2.75000000e+01 9.52224303e-01 -1.01074666e-02 -1.33143013e-02 9.63263931e-01 1.00320683e+00
2.76000000e+01 9.47016841e-01 -1.12139348e-02 -1.46567817e-02 9.59472502e-01 1.00344285e+00
2.77000000e+01 9.42412322e-01 -1.21935169e-02 -1.58347845e-02 9.56136914e-01 1.00364127e+00
2.78000000e+01 9.38432024e-01 -1.30412243e-02 -1.68418631e-02 9.53275049e-01 1.00380064e+00
2.79000000e+01 9.35092159e-01 -1.37531587e-02 -1.76730718e-02 9.50900698e-01 1.00391991e+00
2.80000000e+01 9.32404210e-01 -1.43264537e-02 -1.83249131e-02 9.49023720e-01 1.00399846e+00
2.81000000e+01 9.30375222e-01 -1.47592230e-02 -1.87952872e-02 9.47650203e-01 1.00403606e+00
2.82000000e+01 9.29008057e-01 -1.50505175e-02 -1.90834450e-02 9.46782592e-01 1.00403293e+00
2.83000000e+01 9.28301592e-01 -1.52002906e-02 -1.91899468e-02 9.46419816e-01 1.00398966e+00
2.84000000e+01 9.28250876e-01 -1.52093735e-02 -1.91166246e-02 9.46557377e-01 1.00390725e+00
2.85000000e+01 9.28847234e-01 -1.50794588e-02 -1.88665505e-02 9.47187440e-01 1.00378709e+00
2.86000000e+01 9.30078328e-01 -1.48130935e-02 -1.84440095e-02 9.48298888e-01 1.00363092e+00
2.87000000e+01 9.31928176e-01 -1.44136782e-02 -1.78544759e-02 9.49877370e-01 1.00344080e+00
2.88000000e+01 9.34377137e-01 -1.38854733e-02 -1.71045926e-02 9.51905342e-01 1.00321912e+00
2.89000000e+01 9.37401864e-01 -1.32336086e-02 -1.62021519e-02 9.54362088e-01 1.00296854e+00
2.90000000e+01 9.40975240e-01 -1.24640949e-02 -1.51560757e-02 9.57223754e-01 1.00269198e+00
2.91000000e+01 9.45066304e-01 -1.15838356e-02 -1.39763931e-02 9.60463378e-01 1.00239256e+00
2.92000000e+01 9.49640169e-01 -1.06006354e-02 -1.26742139e-02 9.64050937e-01 1.00207358e+00
2.93000000e+01 9.54657964e-01 -9.52320245e-03 -1.12616953e-02 9.67953407e-01 1.00173849e+00
2.94000000e+01 9.60076794e-01 -8.36114305e-03 -9.75199871e-03 9.72134860e-01 1.00139086e+00
2.95000000e+01 9.65849736e-01 -7.12494415e-03 -8.15923541e-03 9.76556585e-01 1.00103429e+00
2.96000000e+01 9.71925901e-01 -5.82594199e-03 -6.49839786e-03 9.81177262e-01 1.00067246e+00
2.97000000e+01 9.78250549e-01 -4.47627386e-03 -4.78527480e-03 9.85953177e-01 1.00030900e+00
2.98000000e+01 9.84765302e-01 -3.08881093e-03 -3.03634817e-03 9.90838493e-01 9.99947537e-01
2.99000000e+01 9.91408444e-01 -1.67707031e-03 -1.26867049e-03 9.95785589e-01 9.99591600e-01
3.00000000e+01 9.98115328e-01 -2.55105217e-04 5.00278231e-04 1.00074545e+00 9.99244617e-01
3.01000000e+01 1.00481890e+00 1.16262717e-03 2.25275397e-03 1.00566814e+00 9.98909873e-01
3.02000000e+01 1.01145035e+00 2.56141956e-03 3.97093205e-03 1.01050328e+00 9.98590488e-01
3.03000000e+01 1.01793987e+00 3.92648878e-03 5.63710852e-03 1.01520071e+00 9.98289380e-01
3.04000000e+01 1.02421750e+00 5.24316776e-03 7.23391688e-03 1.01971100e+00 9.98009251e-01
3.05000000e+01 1.03021417e+00 6.49711171e-03 8.74455651e-03 1.02398622e+00 9.97752555e-01
3.06000000e+01 1.03586269e+00 7.67451408e-03 1.01530280e-02 1.02798057e+00 9.97521486e-01
3.07000000e+01 1.04109886e+00 8.76232654e-03 1.14443699e-02 1.03165107e+00 9.97317957e-01
3.08000000e+01 1.04586267e+00 9.74847711e-03 1.26048907e-02 1.03495826e+00 9.97143586e-01
3.09000000e+01 1.05009933e+00 1.06220797e-02 1.36223889e-02 1.03786686e+00 9.96999691e-01
3.10000000e+01 1.05376042e+00 1.13736283e-02 1.44863555e-02 1.04034634e+00 9.96887273e-01
3.11000000e+01 1.05680480e+00 1.19951689e-02 1.51881507e-02 1.04237147e+00 9.96807018e-01
3.12000000e+01 1.05919950e+00 1.24804439e-02 1.57211506e-02 1.04392275e+00 9.96759293e-01
3.13000000e+01 1.06092039e+00 1.28250031e-02 1.60808565e-02 1.04498672e+00 9.96744147e-01
3.14000000e+01 1.06195267e+00 1.30262767e-02 1.62649653e-02 1.04555621e+00 9.96761311e-01
3.15000000e+01 1.06229113e+00 1.30836092e-02 1.62733960e-02 1.04563040e+00 9.96810213e-01
3.16000000e+01 1.06194019e+00 1.29982521e-02 1.61082736e-02 1.04521480e+00 9.96889978e-01
3.17000000e+01 1.06091375e+00 1.27733155e-02 1.57738691e-02 1.04432105e+00 9.96999446e-01
3.18000000e+01 1.05923473e+00 1.24136820e-02 1.52764985e-02 1.04296668e+00 9.97137183e-01
3.19000000e+01 1.05693453e+00 1.19258849e-02 1.46243855e-02 1.04117466e+00 9.97301499e-01
3.20000000e+01 1.05405217e+00 1.13179574e-02 1.38274906e-02 1.03897294e+00 9.97490467e-01
3.21000000e+01 1.05063343e+00 1.05992559e-02 1.28973152e-02 1.03639389e+00 9.97701941e-01
3.22000000e+01 1.04672980e+00 9.78026633e-03 1.18466840e-02 1.03347363e+00 9.97933582e-01
3.23000000e+01 1.04239738e+00 8.87239822e-03 1.06895157e-02 1.03025143e+00 9.98182883e-01
3.24000000e+01 1.03769577e+00 7.88777345e-03 9.44058592e-03 1.02676895e+00 9.98447188e-01
3.25000000e+01 1.03268695e+00 6.83901627e-03 8.11529041e-03 1.02306960e+00 9.98723726e-01
3.26000000e+01 1.02743425e+00 5.73904939e-03 6.72941342e-03 1.01919788e+00 9.99009636e-01
3.27000000e+01 1.02200127e+00 4.60090122e-03 5.29890648e-03 1.01519871e+00 9.99301995e-01
3.28000000e+01 1.01645106e+00 3.43752782e-03 3.83968146e-03 1.01111689e+00 9.99597846e-01
3.29000000e+01 1.01084524e+00 2.26165246e-03 2.36742114e-03 1.00699649e+00 9.99894231e-01
3.30000000e+01 1.00524334e+00 1.08562455e-03 8.97409119e-04 1.00288044e+00 1.00018822e+00
3.31000000e+01 9.99702234e-01 -7.87011769e-05 -5.55619533e-04 9.98810060e-01 1.00047692e+00
3.32000000e+01 9.94275610e-01 -1.22006514e-03 -1.97760662e-03 9.94824722e-01 1.00075754e+00
3.33000000e+01 9.89013661e-01 -2.32788367e-03 -3.35527853e-03 9.90961559e-01 1.00102739e+00
3.34000000e+01 9.83962797e-01 -3.39231131e-03 -4.67623429e-03 9.87255220e-01 1.00128392e+00
3.35000000e+01 9.79165471e-01 -4.40428624e-03 -5.92901521e-03 9.83737683e-01 1.00152473e+00
3.36000000e+01 9.74660077e-01 -5.35556093e-03 -7.10315801e-03 9.80438123e-01 1.00174760e+00
3.37000000e+01 9.70480911e-01 -6.23871990e-03 -8.18923317e-03 9.77382814e-01 1.00195051e+00
3.38000000e+01 9.66658179e-01 -7.04718705e-03 -9.17887054e-03 9.74595072e-01 1.00213168e+00
3.39000000e+01 9.63218046e-01 -7.77522455e-03 -1.00647743e-02 9.72095227e-01 1.00228955e+00
3.40000000e+01 9.60182719e-01 -8.41792541e-03 -1.08407287e-02 9.69900617e-01 1.00242280e+00
3.41000000e+01 9.57570536e-01 -8.97120163e-03 -1.15015975e-02 9.68025603e-01 1.00253040e+00
3.42000000e+01 9.55396076e-01 -9.43176958e-03 -1.20433166e-02 9.66481597e-01 1.00261155e+00
3.43000000e+01 9.53670262e-01 -9.79713402e-03 -1.24628837e-02 9.65277099e-01 1.00266575e+00
3.44000000e+01 9.52400470e-01 -1.00655720e-02 -1.27583443e-02 9.64417739e-01 1.00269277e+00
3.45000000e+01 9.51590628e-01 -1.02361172e-02 -1.29287753e-02 9.63906332e-01 1.00269266e+00
3.46000000e+01 9.51241298e-01 -1.03085461e-02 -1.29742675e-02 9.63742919e-01 1.00266572e+00
3.47000000e+01 9.51349758e-01 -1.02833651e-02 -1.28959068e-02 9.63924821e-01 1.00261254e+00
3.48000000e+01 9.51910063e-01 -1.01617997e-02 -1.26957542e-02 9.64446692e-01 1.00253395e+00
3.49000000e+01 9.52913100e-01 -9.94578500e-03 -1.23768244e-02 9.65300566e-01 1.00243104e+00
3.50000000e+01 9.54346628e-01 -9.63795729e-03 -1.19430640e-02 9.66475915e-01 1.00230511e+00
3.51000000e+01 9.56195315e-01 -9.24164571e-03 -1.13993267e-02 9.67959701e-01 1.00215768e+00
3.52000000e+01 9.58440776e-01 -8.76086373e-03 -1.07513467e-02 9.69736443e-01 1.00199048e+00
3.53000000e+01 9.61061597e-01 -8.20029892e-03 -1.00057086e-02 9.71788284e-01 1.00180541e+00
3.54000000e+01 9.64033385e-01 -7.56530006e-03 -9.16981294e-03 9.74095074e-01 1.00160451e+00
3.55000000e+01 9.67328818e-01 -6.86186046e-03 -8.25183711e-03 9.76634465e-01 1.00138998e+00
3.56000000e+01 9.70917713e-01 -6.09659599e-03 -7.26068951e-03 9.79382025e-01 1.00116409e+00
3.57000000e+01 9.74767126e-01 -5.27671686e-03 -6.20595698e-03 9.82311369e-01 1.00092924e+00
3.58000000e+01 9.78841477e-01 -4.40999155e-03 -5.09784395e-03 9.85394321e-01 1.00068785e+00
3.59000000e+01 9.83102722e-01 -3.50470223e-03 -3.94710274e-03 9.88601092e-01 1.00044240e+00
3.60000000e+01 9.87510552e-01 -2.56959041e-03 -2.76495431e-03 9.91900501e-01 1.00019536e+00
3.61000000e+01 9.92022663e-01 -1.61379233e-03 -1.56299902e-03 9.95260210e-01 9.99949207e-01
3.62000000e+01 9.96595062e-01 -6.46763681e-04 -3.53117225e-04 9.98647002e-01 9.99706354e-01
3.63000000e+01 1.00118243e+00 3.21806393e-04 8.52639915e-04 1.00202709e+00 9.99469166e-01
3.64000000e+01 1.00573856e+00 1.28209158e-03 2.04216906e-03 1.00536643e+00 9.99239923e-01
3.65000000e+01 1.01021681e+00 2.22423415e-03 3.20344149e-03 1.00863112e+00 9.99020793e-01
3.66000000e+01 1.01457066e+00 3.13845892e-03 4.32463682e-03 1.01178773e+00 9.98813822e-01
3.67000000e+01 1.01875425e+00 4.01519363e-03 5.39428153e-03 1.01480376e+00 9.98620912e-01
3.68000000e+01 1.02272300e+00 4.84519364e-03 6.40139018e-03 1.01764797e+00 9.98443803e-01
3.69000000e+01 1.02643423e+00 5.61966830e-03 7.33560655e-03 1.02029088e+00 9.98284062e-01
3.70000000e+01 1.02984781e+00 6.33040615e-03 8.18734172e-03 1.02270509e+00 9.98143064e-01
3.71000000e+01 1.03292676e+00 6.96989599e-03 8.94790598e-03 1.02486571e+00 9.98021990e-01
3.72000000e+01 1.03563784e+00 7.53144042e-03 9.60963130e-03 1.02675070e+00 9.97921809e-01
3.73000000e+01 1.03795214e+00 8.00925890e-03 1.01659812e-02 1.02834122e+00 9.97843278e-01
3.74000000e+01 1.03984551e+00 8.39857733e-03 1.06116450e-02 1.02962187e+00 9.97786932e-01
3.75000000e+01 1.04129905e+00 8.69570140e-03 1.09426139e-02 1.03058093e+00 9.97753087e-01
3.76000000e+01 1.04229937e+00 8.89807156e-03 1.11562363e-02 1.03121054e+00 9.97741835e-01
3.77000000e+01 1.04283880e+00 9.00429804e-03 1.12512515e-02 1.03150680e+00 9.97753047e-01
3.78000000e+01 1.04291557e+00 9.01417463e-03 1.12277996e-02 1.03146977e+00 9.97786375e-01
3.79000000e+01 1.04253370e+00 8.92867117e-03 1.10874087e-02 1.03110349e+00 9.97841262e-01
3.80000000e+01 1.04170296e+00 8.74990481e-03 1.08329587e-02 1.03041582e+00 9.97916946e-01
3.81000000e+01 1.04043860e+00 8.48109127e-03 1.04686229e-02 1.02941834e+00 9.98012468e-01
3.82000000e+01 1.03876100e+00 8.12647768e-03 9.99979018e-03 1.02812606e+00 9.98126687e-01
3.83000000e+01 1.03669529e+00 7.69125903e-03 9.43296860e-03 1.02655720e+00 9.98258290e-01
3.84000000e+01 1.03427081e+00 7.18148113e-03 8.77567423e-03 1.02473283e+00 9.98405807e-01
3.85000000e+01 1.03152058e+00 6.60393267e-03 8.03630762e-03 1.02267655e+00 9.98567625e-01
3.86000000e+01 1.02848069e+00 5.96602965e-03 7.22402147e-03 1.02041407e+00 9.98742008e-01
3.87000000e+01 1.02518970e+00 5.27569512e-03 6.34858252e-03 1.01797286e+00 9.98927113e-01
3.88000000e+01 1.02168797e+00 4.54123738e-03 5.42023099e-03 1.01538170e+00 9.99121006e-01
3.89000000e+01 1.01801710e+00 3.77122928e-03 4.44954031e-03 1.01267031e+00 9.99321689e-01
3.90000000e+01 1.01421931e+00 2.97439115e-03 3.44728010e-03 1.00986895e+00 9.99527111e-01
3.91000000e+01 1.01033686e+00 2.15947954e-03 2.42428442e-03 1.00700805e+00 9.99735195e-01
3.92000000e+01 1.00641158e+00 1.33518347e-03 1.39132747e-03 1.00411784e+00 9.99943856e-01
3.93000000e+01 1.00248436e+00 5.10029401e-04 3.59007971e-04 1.00122805e+00 1.00015102e+00
3.94000000e+01 9.98594773e-01 -3.07704060e-04 -6.62356377e-04 9.98367583e-01 1.00035465e+00
3.95000000e+01 9.94780706e-01 -1.11006134e-03 -1.66282403e-03 9.95564291e-01 1.00055276e+00
3.96000000e+01 9.91078051e-01 -1.88947478e-03 -2.63291374e-03 9.92844698e-01 1.00074344e+00
3.97000000e+01 9.87520467e-01 -2.63881956e-03 -3.56367784e-03 9.90233825e-01 1.00092486e+00
3.98000000e+01 9.84139179e-01 -3.35145888e-03 -4.44676498e-03 9.87755011e-01 1.00109531e+00
3.99000000e+01 9.80962826e-01 -4.02128036e-03 -5.27447267e-03 9.85429774e-01 1.00125319e+00
4.00000000e+01 9.78017346e-01 -4.64272431e-03 -6.03979048e-03 9.83277695e-01 1.00139707e+00
4.01000000e+01 9.75325904e-01 -5.21080482e-03 -6.73643454e-03 9.81316326e-01 1.00152563e+00
4.02000000e+01 9.72908837e-01 -5.72112462e-03 -7.35887415e-03 9.79561127e-01 1.00163775e+00
4.03000000e+01 9.70783638e-01 -6.16988478e-03 -7.90235146e-03 9.78025412e-01 1.00173247e+00
4.04000000e+01 9.68964947e-01 -6.55389000e-03 -8.36289493e-03 9.76720320e-01 1.00180900e+00
4.05000000e+01 9.67464565e-01 -6.87055049e-03 -8.73732740e-03 9.75654795e-01 1.00186678e+00
4.06000000e+01 9.66291475e-01 -7.11788108e-03 -9.02326948e-03 9.74835580e-01 1.00190539e+00
4.07000000e+01 9.65451874e-01 -7.29449828e-03 -9.21913876e-03 9.74267224e-01 1.00192464e+00
4.08000000e+01 9.64949203e-01 -7.39961573e-03 -9.32414548e-03 9.73952093e-01 1.00192453e+00
4.09000000e+01 9.64784191e-01 -7.43303838e-03 -9.33828484e-03 9.73890392e-01 1.00190525e+00
4.10000000e+01 9.64954891e-01 -7.39515569e-03 -9.26232644e-03 9.74080191e-01 1.00186717e+00
4.11000000e+01 9.65456727e-01 -7.28693385e-03 -9.09780074e-03 9.74517465e-01 1.00181087e+00
4.12000000e+01 9.66282533e-01 -7.10990694e-03 -8.84698268e-03 9.75196128e-01 1.00173708e+00
4.13000000e+01 9.67422601e-01 -6.86616692e-03 -8.51287235e-03 9.76108088e-01 1.00164671e+00
4.14000000e+01 9.68864733e-01 -6.55835204e-03 -8.09917252e-03 9.77243303e-01 1.00154082e+00
4.15000000e+01 9.70594295e-01 -6.18963325e-03 -7.61026267e-03 9.78589841e-01 1.00142063e+00
4.16000000e+01 9.72594286e-01 -5.76369823e-03 -7.05116930e-03 9.80133963e-01 1.00128747e+00
4.17000000e+01 9.74845408e-01 -5.28473238e-03 -6.42753208e-03 9.81860203e-01 1.00114280e+00
4.18000000e+01 9.77326162e-01 -4.75739616e-03 -5.74556531e-03 9.83751473e-01 1.00098817e+00
4.19000000e+01 9.80012952e-01 -4.18679835e-03 -5.01201453e-03 9.85789173e-01 1.00082522e+00
4.20000000e+01 9.82880213e-01 -3.57846447e-03 -4.23410770e-03 9.87953320e-01 1.00065564e+00
4.21000000e+01 9.85900563e-01 -2.93830002e-03 -3.41950066e-03 9.90222699e-01 1.00048120e+00
4.22000000e+01 9.89044980e-01 -2.27254805e-03 -2.57621678e-03 9.92575018e-01 1.00030367e+00
4.23000000e+01 9.92283008e-01 -1.58774077e-03 -1.71258057e-03 9.94987098e-01 1.00012484e+00
4.24000000e+01 9.95582992e-01 -8.90645140e-04 -8.37145385e-04 9.97435064e-01 9.99946500e-01
4.25000000e+01 9.98912346e-01 -1.88202429e-04 4.13846432e-05 9.99894567e-01 9.99770413e-01
4.26000000e+01 1.00223785e+00 5.12537923e-04 9.14237823e-04 1.00234101e+00 9.99598300e-01
4.27000000e+01 1.00552597e+00 1.20448971e-03 1.77266281e-03 1.00474982e+00 9.99431827e-01
4.28000000e+01 1.00874321e+00 1.88060585e-03 2.60802020e-03 1.00709665e+00 9.99272586e-01
4.29000000e+01 1.01185652e+00 2.53395784e-03 3.41187677e-03 1.00935771e+00 9.99122081e-01
4.30000000e+01 1.01483362e+00 3.15781754e-03 4.17610101e-03 1.01151002e+00 9.98981717e-01
4.31000000e+01 1.01764348e+00 3.74573994e-03 4.89295850e-03 1.01353166e+00 9.98852781e-01
4.32000000e+01 1.02025668e+00 4.29164533e-03 5.55520535e-03 1.01540206e+00 9.98736440e-01
4.33000000e+01 1.02264580e+00 4.78989919e-03 6.15617819e-03 1.01710226e+00 9.98633721e-01
4.34000000e+01 1.02478585e+00 5.23538809e-03 6.68987853e-03 1.01861515e+00 9.98545510e-01
4.35000000e+01 1.02665461e+00 5.62358983e-03 7.15105008e-03 1.01992569e+00 9.98472540e-01
4.36000000e+01 1.02823294e+00 5.95063603e-03 7.53524691e-03 1.02102113e+00 9.98415389e-01
4.37000000e+01 1.02950511e+00 6.21336584e-03 7.83889117e-03 1.02189115e+00 9.98374475e-01
4.38000000e+01 1.03045898e+00 6.40936911e-03 8.05931876e-03 1.02252801e+00 9.98350050e-01
4.39000000e+01 1.03108623e+00 6.53701811e-03 8.19481198e-03 1.02292664e+00 9.98342206e-01
4.40000000e+01 1.03138243e+00 6.59548688e-03 8.24461814e-03 1.02308472e+00 9.98350869e-01
4.41000000e+01 1.03134713e+00 6.58475772e-03 8.20895396e-03 1.02300267e+00 9.98375804e-01
4.42000000e+01 1.03098381e+00 6.50561478e-03 8.08899536e-03 1.02268361e+00 9.98416619e-01
4.43000000e+01 1.03029978e+00 6.35962481e-03 7.88685312e-03 1.02213333e+00 9.98472772e-01
4.44000000e+01 1.02930608e+00 6.14910584e-03 7.60553497e-03 1.02136018e+00 9.98543571e-01
4.45000000e+01 1.02801722e+00 5.87708456e-03 7.24889508e-03 1.02037487e+00 9.98628189e-01
4.46000000e+01 1.02645095e+00 5.54724368e-03 6.82157227e-03 1.01919039e+00 9.98725671e-01
4.47000000e+01 1.02462792e+00 5.16386054e-03 6.32891835e-03 1.01782170e+00 9.98834942e-01
4.48000000e+01 1.02257136e+00 4.73173883e-03 5.77691841e-03 1.01628558e+00 9.98954820e-01
4.49000000e+01 1.02030670e+00 4.25613471e-03 5.17210467e-03 1.01460034e+00 9.99084030e-01
4.50000000e+01 1.01786115e+00 3.74267948e-03 4.52146597e-03 1.01278561e+00 9.99221214e-01
4.51000000e+01 1.01526335e+00 3.19730013e-03 3.83235449e-03 1.01086201e+00 9.99364946e-01
4.52000000e+01 1.01254293e+00 2.62613968e-03 3.11239161e-03 1.00885092e+00 9.99513748e-01
4.53000000e+01 1.00973012e+00 2.03547860e-03 2.36937446e-03 1.00677423e+00 9.99666104e-01
4.54000000e+01 1.00685542e+00 1.43165873e-03 1.61118467e-03 1.00465403e+00 9.99820474e-01
4.55000000e+01 1.00394916e+00 8.21010776e-04 8.45700562e-04 1.00251241e+00 9.99975310e-01
4.56000000e+01 1.00104125e+00 2.09786341e-04 8.07138266e-05 1.00037121e+00 1.00012907e+00
4.57000000e+01 9.98160845e-01 -3.95904859e-04 -6.76148406e-04 9.98251798e-01 1.00028024e+00
4.58000000e+01 9.95336053e-01 -9.90152111e-04 -1.41749556e-03 9.96174857e-01 1.00042734e+00
4.59000000e+01 9.92593731e-01 -1.56729486e-03 -2.13623920e-03 9.94160227e-01 1.00056894e+00
4.60000000e+01 9.89959258e-01 -2.12196785e-03 -2.82565198e-03 9.92226728e-01 1.00070368e+00
4.61000000e+01 9.87456363e-01 -2.64914027e-03 -3.47941993e-03 9.90392020e-01 1.00083028e+00
4.62000000e+01 9.85106974e-01 -3.14414921e-03 -4.09168811e-03 9.88672475e-01 1.00094754e+00
4.63000000e+01 9.82931100e-01 -3.60272763e-03 -4.65709984e-03 9.87083073e-01 1.00105437e+00
4.64000000e+01 9.80946734e-01 -4.02102731e-03 -5.17082984e-03 9.85637313e-01 1.00114980e+00
4.65000000e+01 9.79169779e-01 -4.39563717e-03 -5.62861149e-03 9.84347140e-01 1.00123297e+00
4.66000000e+01 9.77613990e-01 -4.72359756e-03 -6.02675874e-03 9.83222885e-01 1.00130316e+00
4.67000000e+01 9.76290946e-01 -5.00241068e-03 -6.36218295e-03 9.82273223e-01 1.00135977e+00
4.68000000e+01 9.75210015e-01 -5.23004798e-03 -6.63240507e-03 9.81505142e-01 1.00140236e+00
4.69000000e+01 9.74378353e-01 -5.40495456e-03 -6.83556354e-03 9.80923918e-01 1.00143061e+00
4.70000000e+01 9.73800898e-01 -5.52605117e-03 -6.97041819e-03 9.80533112e-01 1.00144437e+00
4.71000000e+01 9.73480382e-01 -5.59273397e-03 -7.03635039e-03 9.80334565e-01 1.00144362e+00
