# k S000 S110 S112 S10 S11
0.00000000e+00 4.00000000e-02 1.01052137e+00 -9.65302765e-02 8.17460816e-01 1.10705165e+00
1.00000000e-01 4.00302356e-02 1.01049113e+00 -9.64414062e-02 8.17608321e-01 1.10693254e+00
2.00000000e-01 4.01211034e-02 1.01040077e+00 -9.61751200e-02 8.18050526e-01 1.10657589e+00
3.00000000e-01 4.02730877e-02 1.01025128e+00 -9.57323907e-02 8.18786500e-01 1.10598367e+00
4.00000000e-01 4.04870015e-02 1.01004436e+00 -9.51148339e-02 8.19814688e-01 1.10515919e+00
5.00000000e-01 4.07639946e-02 1.00978230e+00 -9.43246998e-02 8.21132902e-01 1.10410700e+00
6.00000000e-01 4.11055657e-02 1.00946803e+00 -9.33648621e-02 8.22738308e-01 1.10283289e+00
7.00000000e-01 4.15135782e-02 1.00910502e+00 -9.22388034e-02 8.24627417e-01 1.10134383e+00
8.00000000e-01 4.19902800e-02 1.00869726e+00 -9.09505984e-02 8.26796066e-01 1.09964786e+00
9.00000000e-01 4.25383275e-02 1.00824919e+00 -8.95048946e-02 8.29239401e-01 1.09775408e+00
1.00000000e+00 4.31608147e-02 1.00776564e+00 -8.79068906e-02 8.31951858e-01 1.09567253e+00
1.10000000e+00 4.38613073e-02 1.00725177e+00 -8.61623127e-02 8.34927141e-01 1.09341408e+00
1.20000000e+00 4.46438831e-02 1.00671298e+00 -8.42773901e-02 8.38158202e-01 1.09099037e+00
1.30000000e+00 4.55131784e-02 1.00615488e+00 -8.22588284e-02 8.41637220e-01 1.08841370e+00
1.40000000e+00 4.64744427e-02 1.00558314e+00 -8.01137820e-02 8.45355578e-01 1.08569692e+00
1.50000000e+00 4.75336014e-02 1.00500350e+00 -7.78498264e-02 8.49303848e-01 1.08285333e+00
1.60000000e+00 4.86973282e-02 1.00442163e+00 -7.54749286e-02 8.53471769e-01 1.07989655e+00
1.70000000e+00 4.99731296e-02 1.00384307e+00 -7.29974178e-02 8.57848237e-01 1.07684049e+00
1.80000000e+00 5.13694409e-02 1.00327321e+00 -7.04259555e-02 8.62421294e-01 1.07369916e+00
1.90000000e+00 5.28957389e-02 1.00271713e+00 -6.77695046e-02 8.67178125e-01 1.07048664e+00
2.00000000e+00 5.45626702e-02 1.00217965e+00 -6.50372982e-02 8.72105054e-01 1.06721695e+00
2.10000000e+00 5.63822019e-02 1.00166518e+00 -6.22388083e-02 8.77187561e-01 1.06390399e+00
2.20000000e+00 5.83677938e-02 1.00117771e+00 -5.93837128e-02 8.82410288e-01 1.06056143e+00
2.30000000e+00 6.05346004e-02 1.00072080e+00 -5.64818620e-02 8.87757076e-01 1.05720266e+00
2.40000000e+00 6.28997044e-02 1.00029748e+00 -5.35432447e-02 8.93210987e-01 1.05384072e+00
2.50000000e+00 6.54823897e-02 9.99910265e-01 -5.05779515e-02 8.98754362e-01 1.05048822e+00
2.60000000e+00 6.83044593e-02 9.99561144e-01 -4.75961380e-02 9.04368868e-01 1.04715728e+00
2.70000000e+00 7.13906085e-02 9.99251543e-01 -4.46079855e-02 9.10035573e-01 1.04385953e+00
2.80000000e+00 7.47688615e-02 9.98982341e-01 -4.16236603e-02 9.15735020e-01 1.04060600e+00
2.90000000e+00 7.84710862e-02 9.98753870e-01 -3.86532711e-02 9.21447328e-01 1.03740714e+00
3.00000000e+00 8.25336003e-02 9.98565935e-01 -3.57068243e-02 9.27152287e-01 1.03427276e+00
3.10000000e+00 8.69978878e-02 9.98417835e-01 -3.27941772e-02 9.32829480e-01 1.03121201e+00
3.20000000e+00 9.19114495e-02 9.98308388e-01 -2.99249904e-02 9.38458408e-01 1.02823338e+00
3.30000000e+00 9.73288117e-02 9.98235977e-01 -2.71086775e-02 9.44018623e-01 1.02534465e+00
3.40000000e+00 1.03312730e-01 9.98198584e-01 -2.43543544e-02 9.49489875e-01 1.02255294e+00
3.50000000e+00 1.09935627e-01 9.98193839e-01 -2.16707876e-02 9.54852264e-01 1.01986463e+00
3.60000000e+00 1.17281310e-01 9.98219076e-01 -1.90663425e-02 9.60086391e-01 1.01728542e+00
3.70000000e+00 1.25447038e-01 9.98271381e-01 -1.65489314e-02 9.65173518e-01 1.01482031e+00
3.80000000e+00 1.34546005e-01 9.98347654e-01 -1.41259631e-02 9.70095727e-01 1.01247362e+00
3.90000000e+00 1.44710327e-01 9.98444662e-01 -1.18042947e-02 9.74836073e-01 1.01024896e+00
4.00000000e+00 1.56094648e-01 9.98559103e-01 -9.59018468e-03 9.79378733e-01 1.00814929e+00
4.10000000e+00 1.68880492e-01 9.98687654e-01 -7.48925073e-03 9.83709152e-01 1.00617690e+00
4.20000000e+00 1.83281500e-01 9.98827032e-01 -5.50643084e-03 9.87814170e-01 1.00433346e+00
4.30000000e+00 1.99549752e-01 9.98974042e-01 -3.64594972e-03 9.91682142e-01 1.00261999e+00
4.40000000e+00 2.17983337e-01 9.99125623e-01 -1.91129079e-03 9.95303042e-01 1.00103691e+00
4.50000000e+00 2.38935390e-01 9.99278894e-01 -3.05174375e-04 9.98668545e-01 9.99584068e-01
4.60000000e+00 2.62824767e-01 9.99431183e-01 1.17045726e-03 1.00177210e+00 9.98260725e-01
4.70000000e+00 2.90148469e-01 9.99580064e-01 2.51444773e-03 1.00460896e+00 9.97065616e-01
4.80000000e+00 3.21495761e-01 9.99723377e-01 3.72642692e-03 1.00717623e+00 9.95996950e-01
4.90000000e+00 3.57563608e-01 9.99859248e-01 4.80680376e-03 1.00947286e+00 9.95052445e-01
5.00000000e+00 3.99172444e-01 9.99986096e-01 5.75675156e-03 1.01149960e+00 9.94229344e-01
5.10000000e+00 4.47280219e-01 1.00010264e+00 6.57818595e-03 1.01325901e+00 9.93524452e-01
5.20000000e+00 5.02990875e-01 1.00020789e+00 7.27373587e-03 1.01475536e+00 9.92934152e-01
5.30000000e+00 5.67550499e-01 1.00030115e+00 7.84670797e-03 1.01599456e+00 9.92454441e-01
5.40000000e+00 6.42319910e-01 1.00038200e+00 8.30104512e-03 1.01698409e+00 9.92080953e-01
5.50000000e+00 7.28706101e-01 1.00045027e+00 8.64127952e-03 1.01773283e+00 9.91808992e-01
5.60000000e+00 8.28026895e-01 1.00050604e+00 8.87248139e-03 1.01825100e+00 9.91633558e-01
5.70000000e+00 9.41275437e-01 1.00054958e+00 9.00020386e-03 1.01854999e+00 9.91549381e-01
5.80000000e+00 1.06874923e+00 1.00058138e+00 9.03042503e-03 1.01864223e+00 9.91550951e-01
5.90000000e+00 1.20952417e+00 1.00060204e+00 8.96948792e-03 1.01854101e+00 9.91632550e-01
6.00000000e+00 1.36080637e+00 1.00061232e+00 8.82403925e-03 1.01826040e+00 9.91788285e-01
6.10000000e+00 1.51730085e+00 1.00061309e+00 8.60096782e-03 1.01781502e+00 9.92012119e-01
6.20000000e+00 1.67088798e+00 1.00060525e+00 8.30734322e-03 1.01721994e+00 9.92297910e-01
6.30000000e+00 1.81101417e+00 1.00058979e+00 7.95035558e-03 1.01649051e+00 9.92639438e-01
6.40000000e+00 1.92611819e+00 1.00056770e+00 7.53725699e-03 1.01564222e+00 9.93030445e-01
6.50000000e+00 2.00598632e+00 1.00053997e+00 7.07530518e-03 1.01469058e+00 9.93464666e-01
6.60000000e+00 2.04428502e+00 1.00050757e+00 6.57170978e-03 1.01365099e+00 9.93935862e-01
6.70000000e+00 2.04015065e+00 1.00047144e+00 6.03358181e-03 1.01253860e+00 9.94437859e-01
6.80000000e+00 1.99807934e+00 1.00043246e+00 5.46788636e-03 1.01136824e+00 9.94964576e-01
6.90000000e+00 1.92627925e+00 1.00039146e+00 4.88139907e-03 1.01015426e+00 9.95510060e-01
7.00000000e+00 1.83438842e+00 1.00034918e+00 4.28066625e-03 1.00891052e+00 9.96068518e-01
7.10000000e+00 1.73151287e+00 1.00030632e+00 3.67196893e-03 1.00765025e+00 9.96634347e-01
7.20000000e+00 1.62507246e+00 1.00026345e+00 3.06129088e-03 1.00638603e+00 9.97202161e-01
7.30000000e+00 1.52043747e+00 1.00022111e+00 2.45429044e-03 1.00512970e+00 9.97766824e-01
7.40000000e+00 1.42108485e+00 1.00017975e+00 1.85627627e-03 1.00389230e+00 9.98323472e-01
7.50000000e+00 1.32898700e+00 1.00013972e+00 1.27218699e-03 1.00268409e+00 9.98867534e-01
7.60000000e+00 1.24503777e+00 1.00010133e+00 7.06574309e-04 1.00151448e+00 9.99394760e-01
7.70000000e+00 1.16941950e+00 1.00006483e+00 1.63589885e-04 1.00039201e+00 9.99901236e-01
7.80000000e+00 1.10188155e+00 1.00003037e+00 -3.53024482e-04 9.99324326e-01 1.00038340e+00
7.90000000e+00 1.04193519e+00 9.99998111e-01 -8.39943369e-04 9.98318224e-01 1.00083805e+00
8.00000000e+00 9.88981595e-01 9.99968120e-01 -1.29426115e-03 9.97379598e-01 1.00126238e+00
8.10000000e+00 9.42391513e-01 9.99940455e-01 -1.71349247e-03 9.96513470e-01 1.00165395e+00
8.20000000e+00 9.01551975e-01 9.99915136e-01 -2.09556996e-03 9.95723996e-01 1.00201071e+00
8.30000000e+00 8.65891498e-01 9.99892161e-01 -2.43883928e-03 9.95014483e-01 1.00233100e+00
8.40000000e+00 8.34891872e-01 9.99871515e-01 -2.74205179e-03 9.94387411e-01 1.00261357e+00
8.50000000e+00 8.08091856e-01 9.99853164e-01 -3.00435489e-03 9.93844455e-01 1.00285752e+00
8.60000000e+00 7.85086248e-01 9.99837073e-01 -3.22528020e-03 9.93386513e-01 1.00306235e+00
8.70000000e+00 7.65522491e-01 9.99823199e-01 -3.40472980e-03 9.93013739e-01 1.00322793e+00
8.80000000e+00 7.49096123e-01 9.99811495e-01 -3.54296061e-03 9.92725574e-01 1.00335446e+00
8.90000000e+00 7.35545867e-01 9.99801919e-01 -3.64056714e-03 9.92520785e-01 1.00344249e+00
9.00000000e+00 7.24648778e-01 9.99794425e-01 -3.69846259e-03 9.92397500e-01 1.00349289e+00
9.10000000e+00 7.16215673e-01 9.99788969e-01 -3.71785872e-03 9.92353252e-01 1.00350683e+00
9.20000000e+00 7.10086950e-01 9.99785508e-01 -3.70024436e-03 9.92385019e-01 1.00348575e+00
9.30000000e+00 7.06128801e-01 9.99783997e-01 -3.64736287e-03 9.92489271e-01 1.00343136e+00
9.40000000e+00 7.04229811e-01 9.99784389e-01 -3.56118866e-03 9.92662012e-01 1.00334558e+00
9.50000000e+00 7.04297888e-01 9.99786635e-01 -3.44390285e-03 9.92898829e-01 1.00323054e+00
9.60000000e+00 7.06257457e-01 9.99790678e-01 -3.29786842e-03 9.93194941e-01 1.00308855e+00
9.70000000e+00 7.10046876e-01 9.99796455e-01 -3.12560470e-03 9.93545246e-01 1.00292206e+00
9.80000000e+00 7.15615979e-01 9.99803895e-01 -2.92976162e-03 9.93944372e-01 1.00273366e+00
9.90000000e+00 7.22923697e-01 9.99812915e-01 -2.71309377e-03 9.94386728e-01 1.00252601e+00
1.00000000e+01 7.31935688e-01 9.99823421e-01 -2.47843440e-03 9.94866552e-01 1.00230186e+00
1.01000000e+01 7.42621900e-01 9.99835306e-01 -2.22866959e-03 9.95377966e-01 1.00206398e+00
1.02000000e+01 7.54954027e-01 9.99848450e-01 -1.96671273e-03 9.95915024e-01 1.00181516e+00
1.03000000e+01 7.68902780e-01 9.99862721e-01 -1.69547941e-03 9.96471762e-01 1.00155820e+00
1.04000000e+01 7.84434949e-01 9.99877973e-01 -1.41786302e-03 9.97042247e-01 1.00129584e+00
1.05000000e+01 8.01510206e-01 9.99894050e-01 -1.13671109e-03 9.97620628e-01 1.00103076e+00
1.06000000e+01 8.20077646e-01 9.99910783e-01 -8.54802609e-04 9.98201178e-01 1.00076559e+00
1.07000000e+01 8.40072076e-01 9.99927996e-01 -5.74826421e-04 9.98778344e-01 1.00050282e+00
1.08000000e+01 8.61410095e-01 9.99945507e-01 -2.99360926e-04 9.99346785e-01 1.00024487e+00
1.09000000e+01 8.83986085e-01 9.99963128e-01 -3.08551513e-05 9.99901418e-01 9.99993983e-01
1.10000000e+01 9.07668232e-01 9.99980670e-01 2.28388627e-04 1.00043745e+00 9.99752281e-01
1.11000000e+01 9.32294826e-01 9.99997945e-01 4.76230611e-04 1.00095041e+00 9.99521714e-01
1.12000000e+01 9.57671119e-01 1.00001477e+00 7.10707434e-04 1.00143618e+00 9.99304062e-01
1.13000000e+01 9.83567103e-01 1.00003097e+00 9.30044255e-04 1.00189105e+00 9.99100922e-01
1.14000000e+01 1.00971661e+00 1.00004637e+00 1.13266492e-03 1.00231170e+00 9.98913702e-01
1.15000000e+01 1.03581821e+00 1.00006082e+00 1.31720009e-03 1.00269522e+00 9.98743618e-01
1.16000000e+01 1.06153826e+00 1.00007418e+00 1.48249342e-03 1.00303916e+00 9.98591683e-01
1.17000000e+01 1.08651652e+00 1.00008632e+00 1.62760552e-03 1.00334153e+00 9.98458712e-01
1.18000000e+01 1.11037444e+00 1.00009714e+00 1.75181602e-03 1.00360077e+00 9.98345319e-01
1.19000000e+01 1.13272616e+00 1.00010654e+00 1.85462350e-03 1.00381579e+00 9.98251919e-01
1.20000000e+01 1.15319177e+00 1.00011447e+00 1.93574346e-03 1.00398596e+00 9.98178730e-01
1.21000000e+01 1.17141224e+00 1.00012088e+00 1.99510429e-03 1.00411109e+00 9.98125777e-01
1.22000000e+01 1.18706502e+00 1.00012574e+00 2.03284150e-03 1.00419142e+00 9.98092900e-01
1.23000000e+01 1.19987909e+00 1.00012905e+00 2.04929008e-03 1.00422763e+00 9.98079762e-01
1.24000000e+01 1.20964814e+00 1.00013083e+00 2.04497532e-03 1.00422078e+00 9.98085852e-01
1.25000000e+01 1.21624070e+00 1.00013110e+00 2.02060202e-03 1.00417231e+00 9.98110501e-01
1.26000000e+01 1.21960620e+00 1.00012993e+00 1.97704246e-03 1.00408402e+00 9.98152891e-01
1.27000000e+01 1.21977631e+00 1.00012739e+00 1.91532304e-03 1.00395803e+00 9.98212065e-01
1.28000000e+01 1.21686172e+00 1.00012355e+00 1.83661000e-03 1.00379677e+00 9.98286938e-01
1.29000000e+01 1.21104449e+00 1.00011851e+00 1.74219415e-03 1.00360290e+00 9.98376317e-01
1.30000000e+01 1.20256699e+00 1.00011238e+00 1.63347500e-03 1.00337933e+00 9.98478908e-01
1.31000000e+01 1.19171858e+00 1.00010528e+00 1.51194432e-03 1.00312917e+00 9.98593334e-01
1.32000000e+01 1.17882113e+00 1.00009732e+00 1.37916934e-03 1.00285565e+00 9.98718147e-01
1.33000000e+01 1.16421467e+00 1.00008862e+00 1.23677583e-03 1.00256217e+00 9.98851845e-01
1.34000000e+01 1.14824407e+00 1.00007932e+00 1.08643111e-03 1.00225218e+00 9.98992888e-01
1.35000000e+01 1.13124759e+00 1.00006954e+00 9.29827222e-04 1.00192919e+00 9.99139709e-01
1.36000000e+01 1.11354754e+00 1.00005940e+00 7.68664480e-04 1.00159673e+00 9.99290732e-01
1.37000000e+01 1.09544340e+00 1.00004902e+00 6.04635348e-04 1.00125829e+00 9.99444387e-01
1.38000000e+01 1.07720719e+00 1.00003853e+00 4.39408989e-04 1.00091735e+00 9.99599121e-01
1.39000000e+01 1.05908085e+00 1.00002803e+00 2.74616477e-04 1.00057726e+00 9.99753414e-01
1.40000000e+01 1.04127544e+00 1.00001763e+00 1.11836827e-04 1.00024130e+00 9.99905792e-01
1.41000000e+01 1.02397164e+00 1.00000742e+00 -4.74160584e-05 9.99912592e-01 1.00005484e+00
1.42000000e+01 1.00732126e+00 9.99997507e-01 -2.01705460e-04 9.99594096e-01 1.00019921e+00
1.43000000e+01 9.91449432e-01 9.99987958e-01 -3.49682834e-04 9.99288593e-01 1.00033764e+00
1.44000000e+01 9.76457215e-01 9.99978854e-01 -4.90097682e-04 9.98998659e-01 1.00046895e+00
1.45000000e+01 9.62424352e-01 9.99970260e-01 -6.21806242e-04 9.98726648e-01 1.00059207e+00
1.46000000e+01 9.49412039e-01 9.99962236e-01 -7.43778967e-04 9.98474678e-01 1.00070601e+00
1.47000000e+01 9.37465583e-01 9.99954832e-01 -8.55106764e-04 9.98244618e-01 1.00080994e+00
1.48000000e+01 9.26616856e-01 9.99948090e-01 -9.55005979e-04 9.98038078e-01 1.00090310e+00
1.49000000e+01 9.16886506e-01 9.99942048e-01 -1.04282213e-03 9.97856404e-01 1.00098487e+00
1.50000000e+01 9.08285908e-01 9.99936735e-01 -1.11803239e-03 9.97700670e-01 1.00105477e+00
1.51000000e+01 9.00818829e-01 9.99932172e-01 -1.18024681e-03 9.97571679e-01 1.00111242e+00
1.52000000e+01 8.94482828e-01 9.99928376e-01 -1.22920840e-03 9.97469960e-01 1.00115758e+00
1.53000000e+01 8.89270408e-01 9.99925357e-01 -1.26479195e-03 9.97395774e-01 1.00119015e+00
1.54000000e+01 8.85169921e-01 9.99923120e-01 -1.28700177e-03 9.97349116e-01 1.00121012e+00
1.55000000e+01 8.82166266e-01 9.99921661e-01 -1.29596833e-03 9.97329725e-01 1.00121763e+00
1.56000000e+01 8.80241383e-01 9.99920976e-01 -1.29194386e-03 9.97337088e-01 1.00121292e+00
1.57000000e+01 8.79374577e-01 9.99921050e-01 -1.27529703e-03 9.97370456e-01 1.00119635e+00
1.58000000e+01 8.79542681e-01 9.99921868e-01 -1.24650660e-03 9.97428854e-01 1.00116837e+00
1.59000000e+01 8.80720077e-01 9.99923405e-01 -1.20615443e-03 9.97511096e-01 1.00112956e+00
1.60000000e+01 8.82878601e-01 9.99925636e-01 -1.15491758e-03 9.97615800e-01 1.00108055e+00
1.61000000e+01 8.85987334e-01 9.99928526e-01 -1.09355978e-03 9.97741406e-01 1.00102209e+00
1.62000000e+01 8.90012299e-01 9.99932039e-01 -1.02292238e-03 9.97886195e-01 1.00095496e+00
1.63000000e+01 8.94916087e-01 9.99936133e-01 -9.43914742e-04 9.98048304e-01 1.00088005e+00
1.64000000e+01 9.00657423e-01 9.99940762e-01 -8.57504222e-04 9.98225753e-01 1.00079827e+00
1.65000000e+01 9.07190683e-01 9.99945874e-01 -7.64705881e-04 9.98416462e-01 1.00071058e+00
1.66000000e+01 9.14465401e-01 9.99951415e-01 -6.66571953e-04 9.98618271e-01 1.00061799e+00
1.67000000e+01 9.22425768e-01 9.99957326e-01 -5.64181197e-04 9.98828964e-01 1.00052151e+00
1.68000000e+01 9.31010170e-01 9.99963547e-01 -4.58628229e-04 9.99046290e-01 1.00042217e+00
1.69000000e+01 9.40150780e-01 9.99970012e-01 -3.51012912e-04 9.99267986e-01 1.00032103e+00
1.70000000e+01 9.49773239e-01 9.99976656e-01 -2.42429915e-04 9.99491797e-01 1.00021909e+00
1.71000000e+01 9.59796473e-01 9.99983411e-01 -1.33958524e-04 9.99715494e-01 1.00011737e+00
1.72000000e+01 9.70132668e-01 9.99990208e-01 -2.66527868e-05 9.99936903e-01 1.00001686e+00
1.73000000e+01 9.80687450e-01 9.99996978e-01 7.84679084e-05 1.00015391e+00 9.99918510e-01
1.74000000e+01 9.91360303e-01 1.00000365e+00 1.80427757e-04 1.00036451e+00 9.99823225e-01
1.75000000e+01 1.00204525e+00 1.00001017e+00 2.78302882e-04 1.00056677e+00 9.99731863e-01
1.76000000e+01 1.01263184e+00 1.00001645e+00 3.71229026e-04 1.00075891e+00 9.99645224e-01
1.77000000e+01 1.02300639e+00 1.00002245e+00 4.58408543e-04 1.00093927e+00 9.99564043e-01
1.78000000e+01 1.03305360e+00 1.00002810e+00 5.39116620e-04 1.00110634e+00 9.99488986e-01
1.79000000e+01 1.04265837e+00 1.00003336e+00 6.12706689e-04 1.00125877e+00 9.99420648e-01
1.80000000e+01 1.05170788e+00 1.00003816e+00 6.78614993e-04 1.00139539e+00 9.99359544e-01
1.81000000e+01 1.06009386e+00 1.00004247e+00 7.36364272e-04 1.00151520e+00 9.99306107e-01
1.82000000e+01 1.06771494e+00 1.00004625e+00 7.85566552e-04 1.00161739e+00 9.99260688e-01
1.83000000e+01 1.07447903e+00 1.00004948e+00 8.25925018e-04 1.00170133e+00 9.99223555e-01
1.84000000e+01 1.08030550e+00 1.00005212e+00 8.57234982e-04 1.00176659e+00 9.99194888e-01
1.85000000e+01 1.08512731e+00 1.00005417e+00 8.79383939e-04 1.00181294e+00 9.99174784e-01
1.86000000e+01 1.08889270e+00 1.00005560e+00 8.92350737e-04 1.00184031e+00 9.99163254e-01
1.87000000e+01 1.09156648e+00 1.00005643e+00 8.96203877e-04 1.00184884e+00 9.99160227e-01
1.88000000e+01 1.09313093e+00 1.00005665e+00 8.91098986e-04 1.00183885e+00 9.99165553e-01
1.89000000e+01 1.09358608e+00 1.00005628e+00 8.77275499e-04 1.00181083e+00 9.99179004e-01
1.90000000e+01 1.09294950e+00 1.00005533e+00 8.55052594e-04 1.00176544e+00 9.99200278e-01
1.91000000e+01 1.09125554e+00 1.00005383e+00 8.24824439e-04 1.00170348e+00 9.99229006e-01
1.92000000e+01 1.08855412e+00 1.00005181e+00 7.87054821e-04 1.00162592e+00 9.99264752e-01
1.93000000e+01 1.08490907e+00 1.00004929e+00 7.42271202e-04 1.00153384e+00 9.99307024e-01
1.94000000e+01 1.08039623e+00 1.00004633e+00 6.91058293e-04 1.00142845e+00 9.99355276e-01
1.95000000e+01 1.07510121e+00 1.00004297e+00 6.34051205e-04 1.00131107e+00 9.99408915e-01
1.96000000e+01 1.06911718e+00 1.00003924e+00 5.71928262e-04 1.00118309e+00 9.99467309e-01
1.97000000e+01 1.06254251e+00 1.00003520e+00 5.05403547e-04 1.00104600e+00 9.99529793e-01
1.98000000e+01 1.05547858e+00 1.00003089e+00 4.35219266e-04 1.00090133e+00 9.99595673e-01
1.99000000e+01 1.04802771e+00 1.00002638e+00 3.62138003e-04 1.00075065e+00 9.99664238e-01
2.00000000e+01 1.04029130e+00 1.00002170e+00 2.86934943e-04 1.00059557e+00 9.99734766e-01
2.01000000e+01 1.03236821e+00 1.00001692e+00 2.10390140e-04 1.00043770e+00 9.99806526e-01
2.02000000e+01 1.02435337e+00 1.00001207e+00 1.33280907e-04 1.00027864e+00 9.99878794e-01
2.03000000e+01 1.01633679e+00 1.00000723e+00 5.63743908e-05 1.00011997e+00 9.99950851e-01
2.04000000e+01 1.00840265e+00 1.00000242e+00 -1.95795976e-05 9.99963258e-01 1.00002200e+00
2.05000000e+01 1.00062878e+00 9.99997694e-01 -9.38554378e-05 9.99809984e-01 1.00009155e+00
2.06000000e+01 9.93086320e-01 9.99993103e-01 -1.65758179e-04 9.99661586e-01 1.00015886e+00
2.07000000e+01 9.85839502e-01 9.99988682e-01 -2.34629592e-04 9.99519423e-01 1.00022331e+00
2.08000000e+01 9.78945692e-01 9.99984471e-01 -2.99853751e-04 9.99384763e-01 1.00028432e+00
2.09000000e+01 9.72455485e-01 9.99980505e-01 -3.60862095e-04 9.99258780e-01 1.00034137e+00
2.10000000e+01 9.66412922e-01 9.99976814e-01 -4.17137946e-04 9.99142538e-01 1.00039395e+00
2.11000000e+01 9.60855766e-01 9.99973429e-01 -4.68220437e-04 9.99036988e-01 1.00044165e+00
2.12000000e+01 9.55815820e-01 9.99970372e-01 -5.13707843e-04 9.98942956e-01 1.00048408e+00
2.13000000e+01 9.51319272e-01 9.99967666e-01 -5.53260283e-04 9.98861145e-01 1.00052093e+00
2.14000000e+01 9.47387035e-01 9.99965328e-01 -5.86601797e-04 9.98792124e-01 1.00055193e+00
2.15000000e+01 9.44035080e-01 9.99963371e-01 -6.13521767e-04 9.98736328e-01 1.00057689e+00
2.16000000e+01 9.41274750e-01 9.99961807e-01 -6.33875713e-04 9.98694055e-01 1.00059568e+00
2.17000000e+01 9.39113041e-01 9.99960641e-01 -6.47585442e-04 9.98665470e-01 1.00060823e+00
2.18000000e+01 9.37552849e-01 9.99959877e-01 -6.54638573e-04 9.98650600e-01 1.00061452e+00
2.19000000e+01 9.36593183e-01 9.99959515e-01 -6.55087460e-04 9.98649340e-01 1.00061460e+00
2.20000000e+01 9.36229337e-01 9.99959550e-01 -6.49047517e-04 9.98661455e-01 1.00060860e+00
2.21000000e+01 9.36453020e-01 9.99959977e-01 -6.36694987e-04 9.98686587e-01 1.00059667e+00
2.22000000e+01 9.37252463e-01 9.99960784e-01 -6.18264175e-04 9.98724255e-01 1.00057905e+00
2.23000000e+01 9.38612477e-01 9.99961958e-01 -5.94044185e-04 9.98773869e-01 1.00055600e+00
2.24000000e+01 9.40514498e-01 9.99963482e-01 -5.64375195e-04 9.98834732e-01 1.00052786e+00
2.25000000e+01 9.42936604e-01 9.99965337e-01 -5.29644316e-04 9.98906049e-01 1.00049498e+00
2.26000000e+01 9.45853521e-01 9.99967502e-01 -4.90281072e-04 9.98986940e-01 1.00045778e+00
2.27000000e+01 9.49236616e-01 9.99969950e-01 -4.46752559e-04 9.99076445e-01 1.00041670e+00
2.28000000e+01 9.53053902e-01 9.99972656e-01 -3.99558327e-04 9.99173540e-01 1.00037221e+00
2.29000000e+01 9.57270044e-01 9.99975590e-01 -3.49225027e-04 9.99277140e-01 1.00032482e+00
2.30000000e+01 9.61846400e-01 9.99978721e-01 -2.96300903e-04 9.99386120e-01 1.00027502e+00
2.31000000e+01 9.66741080e-01 9.99982017e-01 -2.41350144e-04 9.99499316e-01 1.00022337e+00
2.32000000e+01 9.71909059e-01 9.99985442e-01 -1.84947193e-04 9.99615548e-01 1.00017039e+00
2.33000000e+01 9.77302333e-01 9.99988962e-01 -1.27671028e-04 9.99733620e-01 1.00011663e+00
2.34000000e+01 9.82870152e-01 9.99992542e-01 -7.00994979e-05 9.99852343e-01 1.00006264e+00
2.35000000e+01 9.88559303e-01 9.99996145e-01 -1.28037505e-05 9.99970537e-01 1.00000895e+00
2.36000000e+01 9.94314493e-01 9.99999734e-01 4.36571883e-05 1.00008705e+00 9.99956077e-01
2.37000000e+01 1.00007879e+00 1.00000327e+00 9.87416395e-05 1.00020076e+00 9.99904533e-01
2.38000000e+01 1.00579418e+00 1.00000673e+00 1.51930250e-04 1.00031059e+00 9.99854801e-01
2.39000000e+01 1.01140214e+00 1.00001007e+00 2.02730682e-04 1.00041553e+00 9.99807339e-01
2.40000000e+01 1.01684440e+00 1.00001326e+00 2.50681971e-04 1.00051462e+00 9.99762577e-01
2.41000000e+01 1.02206361e+00 1.00001627e+00 2.95358512e-04 1.00060698e+00 9.99720908e-01
2.42000000e+01 1.02700421e+00 1.00001906e+00 3.36373652e-04 1.00069181e+00 9.99682691e-01
2.43000000e+01 1.03161324e+00 1.00002163e+00 3.73382842e-04 1.00076839e+00 9.99648244e-01
2.44000000e+01 1.03584118e+00 1.00002393e+00 4.06086333e-04 1.00083610e+00 9.99617845e-01
2.45000000e+01 1.03964280e+00 1.00002596e+00 4.34231401e-04 1.00089442e+00 9.99591726e-01
2.46000000e+01 1.04297792e+00 1.00002769e+00 4.57614075e-04 1.00094292e+00 9.99570073e-01
2.47000000e+01 1.04581211e+00 1.00002911e+00 4.76080365e-04 1.00098127e+00 9.99553027e-01
2.48000000e+01 1.04811739e+00 1.00003021e+00 4.89526981e-04 1.00100926e+00 9.99540682e-01
2.49000000e+01 1.04987264e+00 1.00003098e+00 4.97901549e-04 1.00102679e+00 9.99533083e-01
2.50000000e+01 1.05106402e+00 1.00003143e+00 5.01202322e-04 1.00103384e+00 9.99530229e-01
2.51000000e+01 1.05168518e+00 1.00003155e+00 4.99477401e-04 1.00103051e+00 9.99532073e-01
2.52000000e+01 1.05173731e+00 1.00003135e+00 4.92823483e-04 1.00101699e+00 9.99538522e-01
2.53000000e+01 1.05122901e+00 1.00003082e+00 4.81384145e-04 1.00099359e+00 9.99549440e-01
2.54000000e+01 1.05017606e+00 1.00003000e+00 4.65347705e-04 1.00096069e+00 9.99564650e-01
2.55000000e+01 1.04860099e+00 1.00002888e+00 4.44944671e-04 1.00091877e+00 9.99583935e-01
2.56000000e+01 1.04653256e+00 1.00002749e+00 4.20444822e-04 1.00086838e+00 9.99607042e-01
2.57000000e+01 1.04400507e+00 1.00002584e+00 3.92153948e-04 1.00081015e+00 9.99633685e-01
2.58000000e+01 1.04105766e+00 1.00002396e+00 3.60410287e-04 1.00074478e+00 9.99663546e-01
2.59000000e+01 1.03773351e+00 1.00002186e+00 3.25580710e-04 1.00067303e+00 9.99696284e-01
2.60000000e+01 1.03407902e+00 1.00001959e+00 2.88056679e-04 1.00059570e+00 9.99731531e-01
2.61000000e+01 1.03014296e+00 1.00001715e+00 2.48250030e-04 1.00051365e+00 9.99768902e-01
2.62000000e+01 1.02597565e+00 1.00001459e+00 2.06588633e-04 1.00042776e+00 9.99807998e-01
2.63000000e+01 1.02162820e+00 1.00001192e+00 1.63511951e-04 1.00033894e+00 9.99848407e-01
2.64000000e+01 1.01715178e+00 1.00000918e+00 1.19466575e-04 1.00024811e+00 9.99889711e-01
2.65000000e+01 1.01259691e+00 1.00000639e+00 7.49017439e-05 1.00015619e+00 9.99931490e-01
2.66000000e+01 1.00801292e+00 1.00000359e+00 3.02649234e-05 1.00006412e+00 9.99973325e-01
2.67000000e+01 1.00344741e+00 1.00000080e+00 -1.40025351e-05 9.99972794e-01 1.00001480e+00
2.68000000e+01 9.98945802e-01 9.99998049e-01 -5.74696027e-05 9.99883110e-01 1.00005552e+00
2.69000000e+01 9.94551005e-01 9.99995364e-01 -9.97196171e-05 9.99795925e-01 1.00009508e+00
2.70000000e+01 9.90303117e-01 9.99992770e-01 -1.40354122e-04 9.99712062e-01 1.00013312e+00
2.71000000e+01 9.86239210e-01 9.99990290e-01 -1.78996471e-04 9.99632298e-01 1.00016929e+00
2.72000000e+01 9.82393181e-01 9.99987947e-01 -2.15295163e-04 9.99557357e-01 1.00020324e+00
2.73000000e+01 9.78795646e-01 9.99985761e-01 -2.48926886e-04 9.99487907e-01 1.00023469e+00
2.74000000e+01 9.75473887e-01 9.99983749e-01 -2.79599238e-04 9.99424550e-01 1.00026335e+00
2.75000000e+01 9.72451836e-01 9.99981929e-01 -3.07053113e-04 9.99367822e-01 1.00028898e+00
2.76000000e+01 9.69750084e-01 9.99980314e-01 -3.31064722e-04 9.99318185e-01 1.00031138e+00
2.77000000e+01 9.67385921e-01 9.99978917e-01 -3.51447255e-04 9.99276022e-01 1.00033036e+00
2.78000000e+01 9.65373383e-01 9.99977747e-01 -3.68052154e-04 9.99241643e-01 1.00034580e+00
2.79000000e+01 9.63723317e-01 9.99976813e-01 -3.80769998e-04 9.99215273e-01 1.00035758e+00
2.80000000e+01 9.62443451e-01 9.99976119e-01 -3.89531007e-04 9.99197057e-01 1.00036565e+00
2.81000000e+01 9.61538463e-01 9.99975669e-01 -3.94305152e-04 9.99187058e-01 1.00036997e+00
2.82000000e+01 9.61010057e-01 9.99975462e-01 -3.95101876e-04 9.99185259e-01 1.00037056e+00
2.83000000e+01 9.60857026e-01 9.99975499e-01 -3.91969455e-04 9.99191560e-01 1.00036747e+00
2.84000000e+01 9.61075328e-01 9.99975775e-01 -3.84993976e-04 9.99205787e-01 1.00036077e+00
2.85000000e+01 9.61658142e-01 9.99976285e-01 -3.74297979e-04 9.99227689e-01 1.00035058e+00
2.86000000e+01 9.62595938e-01 9.99977020e-01 -3.60038760e-04 9.99256942e-01 1.00033706e+00
2.87000000e+01 9.63876535e-01 9.99977970e-01 -3.42406367e-04 9.99293158e-01 1.00032038e+00
2.88000000e+01 9.65485165e-01 9.99979125e-01 -3.21621303e-04 9.99335883e-01 1.00030075e+00
2.89000000e+01 9.67404543e-01 9.99980471e-01 -2.97931967e-04 9.99384607e-01 1.00027840e+00
2.90000000e+01 9.69614942e-01 9.99981991e-01 -2.71611862e-04 9.99438768e-01 1.00025360e+00
2.91000000e+01 9.72094279e-01 9.99983671e-01 -2.42956595e-04 9.99497758e-01 1.00022663e+00
2.92000000e+01 9.74818216e-01 9.99985491e-01 -2.12280704e-04 9.99560930e-01 1.00019777e+00
2.93000000e+01 9.77760279e-01 9.99987433e-01 -1.79914338e-04 9.99627604e-01 1.00016735e+00
2.94000000e+01 9.80892001e-01 9.99989476e-01 -1.46199833e-04 9.99697076e-01 1.00013568e+00
2.95000000e+01 9.84183086e-01 9.99991599e-01 -1.11488209e-04 9.99768622e-01 1.00010309e+00
2.96000000e+01 9.87601607e-01 9.99993780e-01 -7.61356312e-05 9.99841509e-01 1.00006992e+00
2.97000000e+01 9.91114233e-01 9.99995998e-01 -4.04998610e-05 9.99914998e-01 1.00003650e+00
2.98000000e+01 9.94686485e-01 9.99998229e-01 -4.93673536e-06 9.99988356e-01 1.00000317e+00
2.99000000e+01 9.98283032e-01 1.00000045e+00 3.02032889e-05 1.00006086e+00 9.99970249e-01
3.00000000e+01 1.00186801e+00 1.00000264e+00 6.45784983e-05 1.00013180e+00 9.99938066e-01
3.01000000e+01 1.00540540e+00 1.00000478e+00 9.78591591e-05 1.00020050e+00 9.99906925e-01
3.02000000e+01 1.00885938e+00 1.00000685e+00 1.29730597e-04 1.00026631e+00 9.99877121e-01
3.03000000e+01 1.01219474e+00 1.00000882e+00 1.59896093e-04 1.00032862e+00 9.99848929e-01
3.04000000e+01 1.01537733e+00 1.00001069e+00 1.88079567e-04 1.00038685e+00 9.99822607e-01
3.05000000e+01 1.01837447e+00 1.00001242e+00 2.14028028e-04 1.00044047e+00 9.99798390e-01
3.06000000e+01 1.02115538e+00 1.00001400e+00 2.37513766e-04 1.00048903e+00 9.99776489e-01
3.07000000e+01 1.02369161e+00 1.00001543e+00 2.58336274e-04 1.00053210e+00 9.99757092e-01
3.08000000e+01 1.02595746e+00 1.00001668e+00 2.76323874e-04 1.00056933e+00 9.99740356e-01
3.09000000e+01 1.02793031e+00 1.00001775e+00 2.91335040e-04 1.00060042e+00 9.99726413e-01
3.10000000e+01 1.02959099e+00 1.00001862e+00 3.03259415e-04 1.00062514e+00 9.99715364e-01
3.11000000e+01 1.03092405e+00 1.00001930e+00 3.12018501e-04 1.00064334e+00 9.99707280e-01
3.12000000e+01 1.03191796e+00 1.00001977e+00 3.17566031e-04 1.00065490e+00 9.99702205e-01
3.13000000e+01 1.03256532e+00 1.00002004e+00 3.19888016e-04 1.00065981e+00 9.99700149e-01
3.14000000e+01 1.03286290e+00 1.00002010e+00 3.19002481e-04 1.00065810e+00 9.99701094e-01
3.15000000e+01 1.03281168e+00 1.00001995e+00 3.14958876e-04 1.00064987e+00 9.99704994e-01
3.16000000e+01 1.03241676e+00 1.00001961e+00 3.07837199e-04 1.00063528e+00 9.99711771e-01
3.17000000e+01 1.03168730e+00 1.00001907e+00 2.97746818e-04 1.00061456e+00 9.99721324e-01
3.18000000e+01 1.03063623e+00 1.00001835e+00 2.84825025e-04 1.00058800e+00 9.99733523e-01
3.19000000e+01 1.02928009e+00 1.00001745e+00 2.69235328e-04 1.00055592e+00 9.99748214e-01
3.20000000e+01 1.02763864e+00 1.00001639e+00 2.51165515e-04 1.00051872e+00 9.99765221e-01
3.21000000e+01 1.02573456e+00 1.00001517e+00 2.30825491e-04 1.00047682e+00 9.99784347e-01
3.22000000e+01 1.02359304e+00 1.00001382e+00 2.08444939e-04 1.00043071e+00 9.99805378e-01
3.23000000e+01 1.02124136e+00 1.00001235e+00 1.84270804e-04 1.00038089e+00 9.99828082e-01
3.24000000e+01 1.01870851e+00 1.00001078e+00 1.58564647e-04 1.00032791e+00 9.99852214e-01
3.25000000e+01 1.01602471e+00 1.00000912e+00 1.31599887e-04 1.00027232e+00 9.99877517e-01
3.26000000e+01 1.01322100e+00 1.00000739e+00 1.03658962e-04 1.00021471e+00 9.99903729e-01
3.27000000e+01 1.01032889e+00 1.00000561e+00 7.50304387e-05 1.00015567e+00 9.99930577e-01
3.28000000e+01 1.00737989e+00 1.00000380e+00 4.60060964e-05 1.00009581e+00 9.99957789e-01
3.29000000e+01 1.00440520e+00 1.00000197e+00 1.68780207e-05 1.00003573e+00 9.99985092e-01
3.30000000e+01 1.00143536e+00 1.00000015e+00 -1.20642710e-05 9.99976021e-01 1.00001221e+00
3.31000000e+01 9.98499972e-01 9.99998352e-01 -4.05366423e-05 9.99917279e-01 1.00003889e+00
3.32000000e+01 9.95627416e-01 9.99996595e-01 -6.82630604e-05 9.99860069e-01 1.00006486e+00
3.33000000e+01 9.92844630e-01 9.99994895e-01 -9.49782071e-05 9.99804939e-01 1.00008987e+00
3.34000000e+01 9.90176913e-01 9.99993268e-01 -1.20429950e-04 9.99752408e-01 1.00011370e+00
3.35000000e+01 9.87647762e-01 9.99991729e-01 -1.44381656e-04 9.99702966e-01 1.00013611e+00
3.36000000e+01 9.85278743e-01 9.99990292e-01 -1.66614323e-04 9.99657063e-01 1.00015691e+00
3.37000000e+01 9.83089379e-01 9.99988968e-01 -1.86928512e-04 9.99615111e-01 1.00017590e+00
3.38000000e+01 9.81097078e-01 9.99987771e-01 -2.05146069e-04 9.99577479e-01 1.00019292e+00
3.39000000e+01 9.79317069e-01 9.99986709e-01 -2.21111615e-04 9.99544486e-01 1.00020782e+00
3.40000000e+01 9.77762367e-01 9.99985791e-01 -2.34693793e-04 9.99516403e-01 1.00022048e+00
3.41000000e+01 9.76443749e-01 9.99985024e-01 -2.45786275e-04 9.99493452e-01 1.00023081e+00
3.42000000e+01 9.75369747e-01 9.99984414e-01 -2.54308503e-04 9.99475797e-01 1.00023872e+00
3.43000000e+01 9.74546650e-01 9.99983965e-01 -2.60206180e-04 9.99463552e-01 1.00024417e+00
3.44000000e+01 9.73978519e-01 9.99983678e-01 -2.63451488e-04 9.99456775e-01 1.00024713e+00
3.45000000e+01 9.73667206e-01 9.99983556e-01 -2.64043060e-04 9.99455469e-01 1.00024760e+00
3.46000000e+01 9.73612387e-01 9.99983596e-01 -2.62005684e-04 9.99459585e-01 1.00024560e+00
3.47000000e+01 9.73811592e-01 9.99983798e-01 -2.57389759e-04 9.99469018e-01 1.00024119e+00
3.48000000e+01 9.74260253e-01 9.99984157e-01 -2.50270511e-04 9.99483616e-01 1.00023443e+00
3.49000000e+01 9.74951746e-01 9.99984668e-01 -2.40746969e-04 9.99503174e-01 1.00022542e+00
3.50000000e+01 9.75877452e-01 9.99985325e-01 -2.28940733e-04 9.99527443e-01 1.00021427e+00
3.51000000e+01 9.77026814e-01 9.99986119e-01 -2.14994519e-04 9.99556130e-01 1.00020111e+00
3.52000000e+01 9.78387414e-01 9.99987042e-01 -1.99070533e-04 9.99588901e-01 1.00018611e+00
3.53000000e+01 9.79945049e-01 9.99988084e-01 -1.81348656e-04 9.99625386e-01 1.00016943e+00
3.54000000e+01 9.81683827e-01 9.99989232e-01 -1.62024486e-04 9.99665183e-01 1.00015126e+00
3.55000000e+01 9.83586270e-01 9.99990475e-01 -1.41307245e-04 9.99707861e-01 1.00013178e+00
3.56000000e+01 9.85633435e-01 9.99991800e-01 -1.19417578e-04 9.99752965e-01 1.00011122e+00
3.57000000e+01 9.87805044e-01 9.99993193e-01 -9.65852564e-05 9.99800023e-01 1.00008978e+00
3.58000000e+01 9.90079640e-01 9.99994640e-01 -7.30468246e-05 9.99848546e-01 1.00006769e+00
3.59000000e+01 9.92434747e-01 9.99996125e-01 -4.90432006e-05 9.99898039e-01 1.00004517e+00
3.60000000e+01 9.94847064e-01 9.99997635e-01 -2.48172594e-05 9.99948000e-01 1.00002245e+00
3.61000000e+01 9.97292658e-01 9.99999152e-01 -6.11422666e-07 9.99997929e-01 9.99999764e-01
3.62000000e+01 9.99747186e-01 1.00000066e+00 2.33347221e-05 1.00004733e+00 9.99977329e-01
3.63000000e+01 1.00218613e+00 1.00000215e+00 4.67867506e-05 1.00009573e+00 9.99955366e-01
3.64000000e+01 1.00458505e+00 1.00000361e+00 6.95176558e-05 1.00014264e+00 9.99934089e-01
3.65000000e+01 1.00691981e+00 1.00000501e+00 9.13100058e-05 1.00018763e+00 9.99913699e-01
3.66000000e+01 1.00916691e+00 1.00000635e+00 1.11957986e-04 1.00023026e+00 9.99894390e-01
3.67000000e+01 1.01130367e+00 1.00000761e+00 1.31269306e-04 1.00027015e+00 9.99876340e-01
3.68000000e+01 1.01330856e+00 1.00000878e+00 1.49066952e-04 1.00030692e+00 9.99859715e-01
3.69000000e+01 1.01516145e+00 1.00000985e+00 1.65190774e-04 1.00034024e+00 9.99844663e-01
3.70000000e+01 1.01684385e+00 1.00001082e+00 1.79498889e-04 1.00036981e+00 9.99831318e-01
3.71000000e+01 1.01833914e+00 1.00001166e+00 1.91868887e-04 1.00039540e+00 9.99819792e-01
3.72000000e+01 1.01963281e+00 1.00001238e+00 2.02198836e-04 1.00041678e+00 9.99810180e-01
3.73000000e+01 1.02071262e+00 1.00001296e+00 2.10408075e-04 1.00043378e+00 9.99802556e-01
3.74000000e+01 1.02156878e+00 1.00001341e+00 2.16437785e-04 1.00044629e+00 9.99796976e-01
3.75000000e+01 1.02219407e+00 1.00001372e+00 2.20251338e-04 1.00045423e+00 9.99793472e-01
3.76000000e+01 1.02258390e+00 1.00001389e+00 2.21834430e-04 1.00045756e+00 9.99792057e-01
3.77000000e+01 1.02273640e+00 1.00001392e+00 2.21194986e-04 1.00045631e+00 9.99792722e-01
3.78000000e+01 1.02265238e+00 1.00001380e+00 2.18362845e-04 1.00045053e+00 9.99795440e-01
3.79000000e+01 1.02233533e+00 1.00001355e+00 2.13389234e-04 1.00044033e+00 9.99800162e-01
3.80000000e+01 1.02179132e+00 1.00001317e+00 2.06346042e-04 1.00042586e+00 9.99806820e-01
3.81000000e+01 1.02102889e+00 1.00001265e+00 1.97324884e-04 1.00040730e+00 9.99815327e-01
3.82000000e+01 1.02005892e+00 1.00001202e+00 1.86435991e-04 1.00038489e+00 9.99825581e-01
3.83000000e+01 1.01889444e+00 1.00001127e+00 1.73806927e-04 1.00035888e+00 9.99837461e-01
3.84000000e+01 1.01755040e+00 1.00001041e+00 1.59581140e-04 1.00032958e+00 9.99850833e-01
3.85000000e+01 1.01604349e+00 1.00000947e+00 1.43916380e-04 1.00029730e+00 9.99865549e-01
3.86000000e+01 1.01439186e+00 1.00000843e+00 1.26982991e-04 1.00026240e+00 9.99881450e-01
3.87000000e+01 1.01261487e+00 1.00000733e+00 1.08962094e-04 1.00022525e+00 9.99898364e-01
3.88000000e+01 1.01073284e+00 1.00000616e+00 9.00436847e-05 1.00018625e+00 9.99916116e-01
3.89000000e+01 1.00876678e+00 1.00000494e+00 7.04246639e-05 1.00014579e+00 9.99934520e-01
3.90000000e+01 1.00673813e+00 1.00000369e+00 5.03068221e-05 1.00010431e+00 9.99953386e-01
3.91000000e+01 1.00466852e+00 1.00000242e+00 2.98947955e-05 1.00006221e+00 9.99972524e-01
3.92000000e+01 1.00257952e+00 1.00000114e+00 9.39401718e-06 1.00001992e+00 9.99991741e-01
3.93000000e+01 1.00049240e+00 9.99999854e-01 -1.09913188e-05 9.99977872e-01 1.00001085e+00
3.94000000e+01 9.98427941e-01 9.99998589e-01 -3.10602584e-05 9.99936469e-01 1.00002965e+00
3.95000000e+01 9.96406244e-01 9.99997352e-01 -5.06170361e-05 9.99896118e-01 1.00004797e+00
3.96000000e+01 9.94446532e-01 9.99996155e-01 -6.94729513e-05 9.99857209e-01 1.00006563e+00
3.97000000e+01 9.92567010e-01 9.99995009e-01 -8.74481562e-05 9.99820112e-01 1.00008246e+00
3.98000000e+01 9.90784726e-01 9.99993924e-01 -1.04373337e-04 9.99785178e-01 1.00009830e+00
3.99000000e+01 9.89115451e-01 9.99992912e-01 -1.20091275e-04 9.99752730e-01 1.00011300e+00
4.00000000e+01 9.87573576e-01 9.99991981e-01 -1.34458273e-04 9.99723064e-01 1.00012644e+00
4.01000000e+01 9.86172035e-01 9.99991139e-01 -1.47345429e-04 9.99696448e-01 1.00013848e+00
4.02000000e+01 9.84922231e-01 9.99990393e-01 -1.58639765e-04 9.99673113e-01 1.00014903e+00
4.03000000e+01 9.83833981e-01 9.99989750e-01 -1.68245169e-04 9.99653260e-01 1.00015800e+00
4.04000000e+01 9.82915485e-01 9.99989215e-01 -1.76083181e-04 9.99637048e-01 1.00016530e+00
4.05000000e+01 9.82173289e-01 9.99988792e-01 -1.82093585e-04 9.99624604e-01 1.00017089e+00
4.06000000e+01 9.81612273e-01 9.99988483e-01 -1.86234819e-04 9.99616014e-01 1.00017472e+00
4.07000000e+01 9.81235644e-01 9.99988292e-01 -1.88484206e-04 9.99611323e-01 1.00017678e+00
4.08000000e+01 9.81044940e-01 9.99988218e-01 -1.88837986e-04 9.99610542e-01 1.00017706e+00
4.09000000e+01 9.81040040e-01 9.99988261e-01 -1.87311171e-04 9.99613639e-01 1.00017557e+00
4.10000000e+01 9.81219187e-01 9.99988420e-01 -1.83937211e-04 9.99620545e-01 1.00017236e+00
4.11000000e+01 9.81579017e-01 9.99988691e-01 -1.78767491e-04 9.99631156e-01 1.00016746e+00
4.12000000e+01 9.82114595e-01 9.99989072e-01 -1.71870649e-04 9.99645331e-01 1.00016094e+00
4.13000000e+01 9.82819461e-01 9.99989557e-01 -1.63331733e-04 9.99662894e-01 1.00015289e+00
4.14000000e+01 9.83685682e-01 9.99990142e-01 -1.53251209e-04 9.99683639e-01 1.00014339e+00
4.15000000e+01 9.84703920e-01 9.99990818e-01 -1.41743826e-04 9.99707330e-01 1.00013256e+00
4.16000000e+01 9.85863499e-01 9.99991579e-01 -1.28937346e-04 9.99733705e-01 1.00012052e+00
4.17000000e+01 9.87152490e-01 9.99992417e-01 -1.14971164e-04 9.99762475e-01 1.00010739e+00
4.18000000e+01 9.88557800e-01 9.99993323e-01 -9.99948286e-05 9.99793333e-01 1.00009332e+00
4.19000000e+01 9.90065278e-01 9.99994287e-01 -8.41664650e-05 9.99825954e-01 1.00007845e+00
4.20000000e+01 9.91659830e-01 9.99995300e-01 -6.76511417e-05 9.99859997e-01 1.00006295e+00
4.21000000e+01 9.93325539e-01 9.99996350e-01 -5.06191753e-05 9.99895112e-01 1.00004697e+00
4.22000000e+01 9.95045803e-01 9.99997427e-01 -3.32444016e-05 9.99930939e-01 1.00003067e+00
4.23000000e+01 9.96803482e-01 9.99998521e-01 -1.57024269e-05 9.99967117e-01 1.00001422e+00
4.24000000e+01 9.98581055e-01 9.99999621e-01 1.83112169e-06 1.00000328e+00 9.99997790e-01
4.25000000e+01 1.00036078e+00 1.00000071e+00 1.91823311e-05 1.00003908e+00 9.99981532e-01
4.26000000e+01 1.00212489e+00 1.00000179e+00 3.61807051e-05 1.00007415e+00 9.99965611e-01
4.27000000e+01 1.00385572e+00 1.00000284e+00 5.26608176e-05 1.00010816e+00 9.99950181e-01
4.28000000e+01 1.00553597e+00 1.00000385e+00 6.84639022e-05 1.00014078e+00 9.99935390e-01
4.29000000e+01 1.00714881e+00 1.00000482e+00 8.34393608e-05 1.00017170e+00 9.99921380e-01
4.30000000e+01 1.00867813e+00 1.00000573e+00 9.74461796e-05 1.00020062e+00 9.99908282e-01
4.31000000e+01 1.01010868e+00 1.00000657e+00 1.10354237e-04 1.00022728e+00 9.99896217e-01
4.32000000e+01 1.01142626e+00 1.00000734e+00 1.22045491e-04 1.00025143e+00 9.99885296e-01
4.33000000e+01 1.01261791e+00 1.00000803e+00 1.32415041e-04 1.00027286e+00 9.99875616e-01
4.34000000e+01 1.01367201e+00 1.00000863e+00 1.41372045e-04 1.00029138e+00 9.99867262e-01
4.35000000e+01 1.01457849e+00 1.00000915e+00 1.48840494e-04 1.00030683e+00 9.99860305e-01
4.36000000e+01 1.01532887e+00 1.00000956e+00 1.54759826e-04 1.00031908e+00 9.99854800e-01
4.37000000e+01 1.01591645e+00 1.00000988e+00 1.59085391e-04 1.00032805e+00 9.99850790e-01
4.38000000e+01 1.01633630e+00 1.00001009e+00 1.61788750e-04 1.00033367e+00 9.99848300e-01
4.39000000e+01 1.01658537e+00 1.00001020e+00 1.62857805e-04 1.00033591e+00 9.99847340e-01
4.40000000e+01 1.01666250e+00 1.00001020e+00 1.62296773e-04 1.00033480e+00 9.99847908e-01
4.41000000e+01 1.01656842e+00 1.00001011e+00 1.60126002e-04 1.00033036e+00 9.99849983e-01
4.42000000e+01 1.01630572e+00 1.00000991e+00 1.56381616e-04 1.00032268e+00 9.99853530e-01
4.43000000e+01 1.01587883e+00 1.00000962e+00 1.51115019e-04 1.00031185e+00 9.99858503e-01
4.44000000e+01 1.01529388e+00 1.00000923e+00 1.44392245e-04 1.00029801e+00 9.99864837e-01
4.45000000e+01 1.01455869e+00 1.00000875e+00 1.36293174e-04 1.00028134e+00 9.99872459e-01
4.46000000e+01 1.01368257e+00 1.00000819e+00 1.26910614e-04 1.00026201e+00 9.99881281e-01
4.47000000e+01 1.01267625e+00 1.00000755e+00 1.16349265e-04 1.00024025e+00 9.99891206e-01
4.48000000e+01 1.01155168e+00 1.00000685e+00 1.04724574e-04 1.00021630e+00 9.99902124e-01
4.49000000e+01 1.01032191e+00 1.00000608e+00 9.21614956e-05 1.00019040e+00 9.99913918e-01
4.50000000e+01 1.00900089e+00 1.00000526e+00 7.87931690e-05 1.00016284e+00 9.99926464e-01
4.51000000e+01 1.00760328e+00 1.00000439e+00 6.47595246e-05 1.00013391e+00 9.99939631e-01
4.52000000e+01 1.00614434e+00 1.00000349e+00 5.02058384e-05 1.00010390e+00 9.99953282e-01
4.53000000e+01 1.00463966e+00 1.00000256e+00 3.52812459e-05 1.00007312e+00 9.99967278e-01
4.54000000e+01 1.00310504e+00 1.00000161e+00 2.01372318e-05 1.00004189e+00 9.99981477e-01
4.55000000e+01 1.00155632e+00 1.00000066e+00 4.92610951e-06 1.00001051e+00 9.99995736e-01
4.56000000e+01 1.00000917e+00 9.99999712e-01 -1.02004928e-05 9.99979311e-01 1.00000991e+00
4.57000000e+01 9.98478988e-01 9.99998774e-01 -2.50931259e-05 9.99948587e-01 1.00002387e+00
4.58000000e+01 9.96980717e-01 9.99997857e-01 -3.96059781e-05 9.99918645e-01 1.00003746e+00
4.59000000e+01 9.95528726e-01 9.99996969e-01 -5.35982843e-05 9.99889773e-01 1.00005057e+00
4.60000000e+01 9.94136681e-01 9.99996121e-01 -6.69356735e-05 9.99862249e-01 1.00006306e+00
4.61000000e+01 9.92817437e-01 9.99995318e-01 -7.94914400e-05 9.99836335e-01 1.00007481e+00
4.62000000e+01 9.91582937e-01 9.99994569e-01 -9.11477280e-05 9.99812274e-01 1.00008572e+00
4.63000000e+01 9.90444125e-01 9.99993882e-01 -1.01796619e-04 9.99790288e-01 1.00009568e+00
4.64000000e+01 9.89410874e-01 9.99993261e-01 -1.11341109e-04 9.99770578e-01 1.00010460e+00
4.65000000e+01 9.88491919e-01 9.99992712e-01 -1.19695977e-04 9.99753320e-01 1.00011241e+00
4.66000000e+01 9.87694809e-01 9.99992240e-01 -1.26788516e-04 9.99738663e-01 1.00011903e+00
4.67000000e+01 9.87025861e-01 9.99991850e-01 -1.32559152e-04 9.99726732e-01 1.00012441e+00
4.68000000e+01 9.86490136e-01 9.99991543e-01 -1.36961910e-04 9.99717620e-01 1.00012851e+00
4.69000000e+01 9.86091409e-01 9.99991323e-01 -1.39964760e-04 9.99711394e-01 1.00013129e+00
4.70000000e+01 9.85832166e-01 9.99991191e-01 -1.41549807e-04 9.99708091e-01 1.00013274e+00
4.71000000e+01 9.85713591e-01 9.99991147e-01 -1.41713353e-04 9.99707720e-01 1.00013286e+00
