# k S000 S110 S112 S10 S11
0.00000000e+00 4.55625000e-01 7.29290404e-04 -2.59763798e-02 9.48776531e-01 1.02670567e+00
1.00000000e-01 4.55861396e-01 7.27139969e-04 -2.59510826e-02 9.48824975e-01 1.02667822e+00
2.00000000e-01 4.56571065e-01 7.20713753e-04 -2.58752921e-02 9.48970129e-01 1.02659601e+00
3.00000000e-01 4.57755450e-01 7.10086646e-04 -2.57493121e-02 9.49211463e-01 1.02645940e+00
4.00000000e-01 4.59416950e-01 6.95382207e-04 -2.55736467e-02 9.49548089e-01 1.02626903e+00
5.00000000e-01 4.61558903e-01 6.76770810e-04 -2.53489989e-02 9.49978773e-01 1.02602577e+00
6.00000000e-01 4.64185569e-01 6.54467084e-04 -2.50762667e-02 9.50501934e-01 1.02573073e+00
7.00000000e-01 4.67302105e-01 6.28726705e-04 -2.47565391e-02 9.51115648e-01 1.02538527e+00
8.00000000e-01 4.70914534e-01 5.99842586e-04 -2.43910911e-02 9.51817660e-01 1.02499093e+00
9.00000000e-01 4.75029701e-01 5.68140539e-04 -2.39813777e-02 9.52605385e-01 1.02454952e+00
1.00000000e+00 4.79655220e-01 5.33974477e-04 -2.35290271e-02 9.53475920e-01 1.02406300e+00
1.10000000e+00 4.84799420e-01 4.97721239e-04 -2.30358330e-02 9.54426055e-01 1.02353355e+00
1.20000000e+00 4.90471258e-01 4.59775137e-04 -2.25037464e-02 9.55452282e-01 1.02296352e+00
1.30000000e+00 4.96680236e-01 4.20542301e-04 -2.19348661e-02 9.56550810e-01 1.02235541e+00
1.40000000e+00 5.03436290e-01 3.80434926e-04 -2.13314291e-02 9.57717577e-01 1.02171186e+00
1.50000000e+00 5.10749661e-01 3.39865522e-04 -2.06957997e-02 9.58948266e-01 1.02103567e+00
1.60000000e+00 5.18630743e-01 2.99241249e-04 -2.00304584e-02 9.60238324e-01 1.02032970e+00
1.70000000e+00 5.27089905e-01 2.58958447e-04 -1.93379903e-02 9.61582978e-01 1.01959695e+00
1.80000000e+00 5.36137287e-01 2.19397426e-04 -1.86210721e-02 9.62977253e-01 1.01884047e+00
1.90000000e+00 5.45782558e-01 1.80917624e-04 -1.78824598e-02 9.64415998e-01 1.01806338e+00
2.00000000e+00 5.56034645e-01 1.43853188e-04 -1.71249752e-02 9.65893903e-01 1.01726883e+00
2.10000000e+00 5.66901419e-01 1.08509049e-04 -1.63514919e-02 9.67405525e-01 1.01646000e+00
2.20000000e+00 5.78389342e-01 7.51575542e-05 -1.55649217e-02 9.68945314e-01 1.01564008e+00
2.30000000e+00 5.90503068e-01 4.40356931e-05 -1.47682002e-02 9.70507635e-01 1.01481224e+00
2.40000000e+00 6.03245008e-01 1.53429515e-05 -1.39642723e-02 9.72086798e-01 1.01397962e+00
2.50000000e+00 6.16614835e-01 -1.07601787e-05 -1.31560777e-02 9.73677085e-01 1.01314532e+00
2.60000000e+00 6.30608961e-01 -3.41530318e-05 -1.23465364e-02 9.75272774e-01 1.01231238e+00
2.70000000e+00 6.45219962e-01 -5.47549420e-05 -1.15385343e-02 9.76868176e-01 1.01148378e+00
2.80000000e+00 6.60435977e-01 -7.25247748e-05 -1.07349087e-02 9.78457658e-01 1.01066238e+00
2.90000000e+00 6.76240070e-01 -8.74598428e-05 -9.93843435e-03 9.80035671e-01 1.00985097e+00
3.00000000e+00 6.92609588e-01 -9.95942443e-05 -9.15180968e-03 9.81596786e-01 1.00905222e+00
3.10000000e+00 7.09515516e-01 -1.08996670e-04 -8.37764341e-03 9.83135717e-01 1.00826865e+00
3.20000000e+00 7.26921848e-01 -1.15767740e-04 -7.61844179e-03 9.84647349e-01 1.00750267e+00
3.30000000e+00 7.44785012e-01 -1.20036921e-04 -6.87659634e-03 9.86126770e-01 1.00675656e+00
3.40000000e+00 7.63053366e-01 -1.21959116e-04 -6.15437235e-03 9.87569296e-01 1.00603241e+00
3.50000000e+00 7.81666795e-01 -1.21710981e-04 -5.45389805e-03 9.88970493e-01 1.00533219e+00
3.60000000e+00 8.00556466e-01 -1.19487049e-04 -4.77715480e-03 9.90326203e-01 1.00465767e+00
3.70000000e+00 8.19644746e-01 -1.15495749e-04 -4.12596804e-03 9.91632568e-01 1.00401047e+00
3.80000000e+00 8.38845352e-01 -1.09955392e-04 -3.50199935e-03 9.92886046e-01 1.00339204e+00
3.90000000e+00 8.58063753e-01 -1.03090197e-04 -2.90673958e-03 9.94083431e-01 1.00280365e+00
4.00000000e+00 8.77197854e-01 -9.51264284e-05 -2.34150303e-03 9.95221868e-01 1.00224638e+00
4.10000000e+00 8.96138991e-01 -8.62887185e-05 -1.80742291e-03 9.96298865e-01 1.00172113e+00
4.20000000e+00 9.14773245e-01 -7.67966294e-05 -1.30544787e-03 9.97312308e-01 1.00122865e+00
4.30000000e+00 9.32983070e-01 -6.68615072e-05 -8.36339929e-04 9.98260459e-01 1.00076948e+00
4.40000000e+00 9.50649210e-01 -5.66836745e-05 -4.00673501e-04 9.99141969e-01 1.00034399e+00
4.50000000e+00 9.67652871e-01 -4.64499958e-05 1.16423459e-06 9.99955878e-01 9.99952386e-01
4.60000000e+00 9.83878082e-01 -3.63318419e-05 3.68971748e-04 1.00070161e+00 9.99594696e-01
4.70000000e+00 9.99214169e-01 -2.64834682e-05 7.02730355e-04 1.00137898e+00 9.99270786e-01
4.80000000e+00 1.01355825e+00 -1.70408155e-05 1.00260022e-03 1.00198816e+00 9.98980359e-01
4.90000000e+00 1.02681763e+00 -8.12072782e-06 1.26891520e-03 1.00252971e+00 9.98722964e-01
5.00000000e+00 1.03891205e+00 1.79421572e-07 1.50217665e-03 1.00300453e+00 9.98498003e-01
5.10000000e+00 1.04977557e+00 7.78171760e-06 1.70304609e-03 1.00341387e+00 9.98304736e-01
5.20000000e+00 1.05935813e+00 1.46273303e-05 1.87233708e-03 1.00375930e+00 9.98142290e-01
5.30000000e+00 1.06762665e+00 2.06758144e-05 2.01100606e-03 1.00404269e+00 9.98009670e-01
5.40000000e+00 1.07456556e+00 2.59041200e-05 2.12014251e-03 1.00426619e+00 9.97905762e-01
5.50000000e+00 1.08017691e+00 3.03053554e-05 2.20095839e-03 1.00443222e+00 9.97829347e-01
5.60000000e+00 1.08447989e+00 3.38873489e-05 2.25477701e-03 1.00454344e+00 9.97779110e-01
5.70000000e+00 1.08750987e+00 3.66710528e-05 2.28302134e-03 1.00460271e+00 9.97753650e-01
5.80000000e+00 1.08931709e+00 3.86888383e-05 2.28720203e-03 1.00461309e+00 9.97751487e-01
5.90000000e+00 1.08996492e+00 3.99827259e-05 2.26890508e-03 1.00457779e+00 9.97771078e-01
6.00000000e+00 1.08952796e+00 4.06025946e-05 2.22977934e-03 1.00450016e+00 9.97810823e-01
6.10000000e+00 1.08808988e+00 4.06044107e-05 2.17152398e-03 1.00438365e+00 9.97869080e-01
6.20000000e+00 1.08574133e+00 4.00485133e-05 2.09587590e-03 1.00423180e+00 9.97944173e-01
6.30000000e+00 1.08257776e+00 3.89979896e-05 2.00459733e-03 1.00404819e+00 9.98034401e-01
6.40000000e+00 1.07869736e+00 3.75171661e-05 1.89946359e-03 1.00383644e+00 9.98138054e-01
6.50000000e+00 1.07419922e+00 3.56702413e-05 1.78225117e-03 1.00360017e+00 9.98253419e-01
6.60000000e+00 1.06918163e+00 3.35200739e-05 1.65472615e-03 1.00334297e+00 9.98378794e-01
6.70000000e+00 1.06374057e+00 3.11271418e-05 1.51863310e-03 1.00306839e+00 9.98512494e-01
6.80000000e+00 1.05796856e+00 2.85486759e-05 1.37568447e-03 1.00277992e+00 9.98652864e-01
6.90000000e+00 1.05195362e+00 2.58379726e-05 1.22755053e-03 1.00248094e+00 9.98798287e-01
7.00000000e+00 1.04577855e+00 2.30438807e-05 1.07585001e-03 1.00217474e+00 9.98947194e-01
7.10000000e+00 1.03952036e+00 2.02104569e-05 9.22141329e-04 1.00186449e+00 9.99098069e-01
7.20000000e+00 1.03324998e+00 1.73767780e-05 7.67914560e-04 1.00155321e+00 9.99249462e-01
7.30000000e+00 1.02703200e+00 1.45768973e-05 6.14584164e-04 1.00124375e+00 9.99399993e-01
7.40000000e+00 1.02092472e+00 1.18399282e-05 4.63482463e-04 1.00093880e+00 9.99548357e-01
7.50000000e+00 1.01498015e+00 9.19023707e-06 3.15853911e-04 1.00064090e+00 9.99693336e-01
7.60000000e+00 1.00924422e+00 6.64772765e-06 1.72850158e-04 1.00035235e+00 9.99833798e-01
7.70000000e+00 1.00375698e+00 4.22819508e-06 3.55259366e-05 1.00007528e+00 9.99968702e-01
7.80000000e+00 9.98552945e-01 1.94373223e-06 -9.51642627e-05 9.99811615e-01 1.00009711e+00
7.90000000e+00 9.93661322e-01 -1.96831825e-07 -2.18368697e-04 9.99563066e-01 1.00021817e+00
8.00000000e+00 9.89106397e-01 -2.18747861e-06 -3.33340091e-04 9.99331132e-01 1.00033115e+00
8.10000000e+00 9.84907851e-01 -4.02454860e-06 -4.39436570e-04 9.99117102e-01 1.00043541e+00
8.20000000e+00 9.81081086e-01 -5.70630570e-06 -5.36121838e-04 9.98922050e-01 1.00053042e+00
8.30000000e+00 9.77637544e-01 -7.23253016e-06 -6.22964611e-04 9.98746838e-01 1.00061573e+00
8.40000000e+00 9.74585011e-01 -8.60414995e-06 -6.99637344e-04 9.98592121e-01 1.00069103e+00
8.50000000e+00 9.71927897e-01 -9.82291835e-06 -7.65914273e-04 9.98458349e-01 1.00075609e+00
8.60000000e+00 9.69667496e-01 -1.08911430e-05 -8.21668809e-04 9.98345771e-01 1.00081078e+00
8.70000000e+00 9.67802224e-01 -1.18114693e-05 -8.66870324e-04 9.98254448e-01 1.00085506e+00
8.80000000e+00 9.66327839e-01 -1.25867191e-05 -9.01580366e-04 9.98184253e-01 1.00088899e+00
8.90000000e+00 9.65237637e-01 -1.32197828e-05 -9.25948346e-04 9.98134884e-01 1.00091273e+00
9.00000000e+00 9.64522629e-01 -1.37135624e-05 -9.40206732e-04 9.98105873e-01 1.00092649e+00
9.10000000e+00 9.64171703e-01 -1.40709599e-05 -9.44665822e-04 9.98096597e-01 1.00093059e+00
9.20000000e+00 9.64171772e-01 -1.42949056e-05 -9.39708107e-04 9.98106289e-01 1.00092541e+00
9.30000000e+00 9.64507910e-01 -1.43884190e-05 -9.25782314e-04 9.98134047e-01 1.00091139e+00
9.40000000e+00 9.65163478e-01 -1.43546945e-05 -9.03397140e-04 9.98178851e-01 1.00088904e+00
9.50000000e+00 9.66120249e-01 -1.41972047e-05 -8.73114763e-04 9.98239573e-01 1.00085892e+00
9.60000000e+00 9.67358524e-01 -1.39198111e-05 -8.35544158e-04 9.98314992e-01 1.00082162e+00
9.70000000e+00 9.68857254e-01 -1.35268779e-05 -7.91334281e-04 9.98403805e-01 1.00077781e+00
9.80000000e+00 9.70594159e-01 -1.30233773e-05 -7.41167174e-04 9.98504642e-01 1.00072814e+00
9.90000000e+00 9.72545858e-01 -1.24149837e-05 -6.85751038e-04 9.98616083e-01 1.00067334e+00
1.00000000e+01 9.74688001e-01 -1.17081487e-05 -6.25813325e-04 9.98736665e-01 1.00061411e+00
1.01000000e+01 9.76995415e-01 -1.09101523e-05 -5.62093908e-04 9.98864902e-01 1.00055118e+00
1.02000000e+01 9.79442254e-01 -1.00291291e-05 -4.95338367e-04 9.98999294e-01 1.00048531e+00
1.03000000e+01 9.82002168e-01 -9.07406444e-06 -4.26291445e-04 9.99138343e-01 1.00041722e+00
1.04000000e+01 9.84648478e-01 -8.05476112e-06 -3.55690717e-04 9.99280564e-01 1.00034764e+00
1.05000000e+01 9.87354365e-01 -6.98177685e-06 -2.84260516e-04 9.99424497e-01 1.00027728e+00
1.06000000e+01 9.90093067e-01 -5.86633321e-06 -2.12706156e-04 9.99568721e-01 1.00020684e+00
1.07000000e+01 9.92838090e-01 -4.72019882e-06 -1.41708490e-04 9.99711863e-01 1.00013699e+00
1.08000000e+01 9.95563425e-01 -3.55555006e-06 -7.19188372e-05 9.99852607e-01 1.00006836e+00
1.09000000e+01 9.98243766e-01 -2.38481309e-06 -3.95431247e-06 9.99989707e-01 1.00000157e+00
1.10000000e+01 1.00085473e+00 -1.22049198e-06 6.16064181e-05 1.00012199e+00 9.99937173e-01
1.11000000e+01 1.00337309e+00 -7.49878485e-08 1.24226929e-04 1.00024838e+00 9.99875698e-01
1.12000000e+01 1.00577699e+00 1.03958580e-06 1.83416356e-04 1.00036787e+00 9.99817623e-01
1.13000000e+01 1.00804611e+00 2.11158636e-06 2.38732228e-04 1.00047958e+00 9.99763379e-01
1.14000000e+01 1.01016194e+00 3.13001891e-06 2.89782807e-04 1.00058270e+00 9.99713347e-01
1.15000000e+01 1.01210788e+00 4.08470180e-06 3.36228912e-04 1.00067654e+00 9.99667856e-01
1.16000000e+01 1.01386944e+00 4.96641674e-06 3.77785248e-04 1.00076054e+00 9.99627181e-01
1.17000000e+01 1.01543433e+00 5.76703968e-06 4.14221222e-04 1.00083421e+00 9.99591546e-01
1.18000000e+01 1.01679262e+00 6.47964940e-06 4.45361259e-04 1.00089720e+00 9.99561118e-01
1.19000000e+01 1.01793675e+00 7.09861160e-06 4.71084635e-04 1.00094927e+00 9.99536014e-01
1.20000000e+01 1.01886159e+00 7.61963684e-06 4.91324828e-04 1.00099027e+00 9.99516295e-01
1.21000000e+01 1.01956448e+00 8.03981168e-06 5.06068417e-04 1.00102018e+00 9.99501971e-01
1.22000000e+01 1.02004515e+00 8.35760316e-06 5.15353543e-04 1.00103906e+00 9.99493004e-01
1.23000000e+01 1.02030569e+00 8.57283716e-06 5.19267963e-04 1.00104711e+00 9.99489305e-01
1.24000000e+01 1.02035048e+00 8.68665245e-06 5.17946717e-04 1.00104458e+00 9.99490740e-01
1.25000000e+01 1.02018601e+00 8.70143225e-06 5.11569451e-04 1.00103184e+00 9.99497132e-01
1.26000000e+01 1.01982080e+00 8.62071604e-06 5.00357414e-04 1.00100934e+00 9.99508263e-01
1.27000000e+01 1.01926521e+00 8.44909455e-06 4.84570176e-04 1.00097759e+00 9.99523879e-01
1.28000000e+01 1.01853124e+00 8.19209127e-06 4.64502101e-04 1.00093720e+00 9.99543690e-01
1.29000000e+01 1.01763235e+00 7.85603390e-06 4.40478605e-04 1.00088881e+00 9.99567377e-01
1.30000000e+01 1.01658326e+00 7.44791922e-06 4.12852255e-04 1.00083315e+00 9.99594596e-01
1.31000000e+01 1.01539970e+00 6.97527496e-06 3.81998726e-04 1.00077097e+00 9.99624977e-01
1.32000000e+01 1.01409821e+00 6.44602183e-06 3.48312677e-04 1.00070307e+00 9.99658133e-01
1.33000000e+01 1.01269594e+00 5.86833890e-06 3.12203566e-04 1.00063028e+00 9.99693665e-01
1.34000000e+01 1.01121042e+00 5.25053496e-06 2.74091460e-04 1.00055343e+00 9.99731159e-01
1.35000000e+01 1.00965933e+00 4.60092829e-06 2.34402868e-04 1.00047341e+00 9.99770198e-01
1.36000000e+01 1.00806037e+00 3.92773671e-06 1.93566625e-04 1.00039106e+00 9.99810361e-01
1.37000000e+01 1.00643101e+00 3.23897940e-06 1.52009884e-04 1.00030726e+00 9.99851229e-01
1.38000000e+01 1.00478836e+00 2.54239152e-06 1.10154232e-04 1.00022285e+00 9.99892388e-01
1.39000000e+01 1.00314900e+00 1.84535205e-06 6.84119562e-05 1.00013867e+00 9.99933433e-01
1.40000000e+01 1.00152886e+00 1.15482509e-06 2.71825144e-05 1.00005552e+00 9.99973972e-01
1.41000000e+01 9.99943053e-01 4.77314240e-07 -1.31507966e-05 9.99974176e-01 1.00001363e+00
1.42000000e+01 9.98405832e-01 -1.81170691e-07 -5.22239255e-05 9.99895371e-01 1.00005204e+00
1.43000000e+01 9.96930447e-01 -8.15135426e-07 -8.96948972e-05 9.99819795e-01 1.00008888e+00
1.44000000e+01 9.95529089e-01 -1.41961283e-06 -1.25246366e-04 9.99748088e-01 1.00012383e+00
1.45000000e+01 9.94212827e-01 -1.99016566e-06 -1.58587876e-04 9.99680834e-01 1.00015660e+00
1.46000000e+01 9.92991555e-01 -2.52288199e-06 -1.89457824e-04 9.99618561e-01 1.00018693e+00
1.47000000e+01 9.91873960e-01 -3.01436489e-06 -2.17625099e-04 9.99561735e-01 1.00021461e+00
1.48000000e+01 9.90867494e-01 -3.46171778e-06 -2.42890413e-04 9.99510757e-01 1.00023943e+00
1.49000000e+01 9.89978366e-01 -3.86252708e-06 -2.65087305e-04 9.99465963e-01 1.00026122e+00
1.50000000e+01 9.89211531e-01 -4.21484328e-06 -2.84082818e-04 9.99427620e-01 1.00027987e+00
1.51000000e+01 9.88570701e-01 -4.51716168e-06 -2.99777861e-04 9.99395927e-01 1.00029526e+00
1.52000000e+01 9.88058355e-01 -4.76840374e-06 -3.12107254e-04 9.99371017e-01 1.00030734e+00
1.53000000e+01 9.87675764e-01 -4.96789975e-06 -3.21039459e-04 9.99352953e-01 1.00031607e+00
1.54000000e+01 9.87423014e-01 -5.11537330e-06 -3.26576016e-04 9.99341733e-01 1.00032146e+00
1.55000000e+01 9.87299043e-01 -5.21092770e-06 -3.28750695e-04 9.99337288e-01 1.00032354e+00
1.56000000e+01 9.87301681e-01 -5.25503464e-06 -3.27628368e-04 9.99339488e-01 1.00032237e+00
1.57000000e+01 9.87427696e-01 -5.24852451e-06 -3.23303634e-04 9.99348144e-01 1.00031806e+00
1.58000000e+01 9.87672847e-01 -5.19257835e-06 -3.15899200e-04 9.99363009e-01 1.00031071e+00
1.59000000e+01 9.88031935e-01 -5.08872068e-06 -3.05564043e-04 9.99383783e-01 1.00030048e+00
1.60000000e+01 9.88498871e-01 -4.93881268e-06 -2.92471383e-04 9.99410118e-01 1.00028753e+00
1.61000000e+01 9.89066737e-01 -4.74504488e-06 -2.76816475e-04 9.99441622e-01 1.00027207e+00
1.62000000e+01 9.89727862e-01 -4.50992873e-06 -2.58814251e-04 9.99477862e-01 1.00025430e+00
1.63000000e+01 9.90473890e-01 -4.23628619e-06 -2.38696843e-04 9.99518370e-01 1.00023446e+00
1.64000000e+01 9.91295866e-01 -3.92723668e-06 -2.16710990e-04 9.99562651e-01 1.00021278e+00
1.65000000e+01 9.92184318e-01 -3.58618072e-06 -1.93115388e-04 9.99610183e-01 1.00018953e+00
1.66000000e+01 9.93129341e-01 -3.21677985e-06 -1.68177973e-04 9.99660427e-01 1.00016496e+00
1.67000000e+01 9.94120691e-01 -2.82293226e-06 -1.42173193e-04 9.99712831e-01 1.00013935e+00
1.68000000e+01 9.95147878e-01 -2.40874413e-06 -1.15379268e-04 9.99766833e-01 1.00011297e+00
1.69000000e+01 9.96200261e-01 -1.97849649e-06 -8.80754873e-05 9.99821871e-01 1.00008610e+00
1.70000000e+01 9.97267145e-01 -1.53660779e-06 -6.05395470e-05 9.99877384e-01 1.00005900e+00
1.71000000e+01 9.98337877e-01 -1.08759252e-06 -3.30449654e-05 9.99932822e-01 1.00003196e+00
1.72000000e+01 9.99401952e-01 -6.36016296e-07 -5.85859151e-06 9.99987647e-01 1.00000522e+00
1.73000000e+01 1.00044910e+00 -1.86448106e-07 2.07617699e-05 1.00004134e+00 9.99979052e-01
1.74000000e+01 1.00146939e+00 2.56589536e-07 4.65695985e-05 1.00009340e+00 9.99953687e-01
1.75000000e+01 1.00245333e+00 6.88671631e-07 7.13317454e-05 1.00014335e+00 9.99929357e-01
1.76000000e+01 1.00339191e+00 1.10552199e-06 9.48303497e-05 1.00019077e+00 9.99906275e-01
1.77000000e+01 1.00427676e+00 1.50306374e-06 1.16864573e-04 1.00023523e+00 9.99884638e-01
1.78000000e+01 1.00510016e+00 1.87746807e-06 1.37252135e-04 1.00027638e+00 9.99864625e-01
1.79000000e+01 1.00585515e+00 2.22520016e-06 1.55830647e-04 1.00031389e+00 9.99846395e-01
1.80000000e+01 1.00653558e+00 2.54306134e-06 1.72458725e-04 1.00034746e+00 9.99830084e-01
1.81000000e+01 1.00713615e+00 2.82822661e-06 1.87016884e-04 1.00037686e+00 9.99815811e-01
1.82000000e+01 1.00765247e+00 3.07827678e-06 1.99408211e-04 1.00040189e+00 9.99803670e-01
1.83000000e+01 1.00808109e+00 3.29122451e-06 2.09558804e-04 1.00042241e+00 9.99793732e-01
1.84000000e+01 1.00841950e+00 3.46553385e-06 2.17417990e-04 1.00043830e+00 9.99786048e-01
1.85000000e+01 1.00866618e+00 3.60013280e-06 2.22958318e-04 1.00044952e+00 9.99780642e-01
1.86000000e+01 1.00882055e+00 3.69441890e-06 2.26175329e-04 1.00045605e+00 9.99777519e-01
1.87000000e+01 1.00888301e+00 3.74825770e-06 2.27087119e-04 1.00045792e+00 9.99776661e-01
1.88000000e+01 1.00885488e+00 3.76197429e-06 2.25733690e-04 1.00045523e+00 9.99778028e-01
1.89000000e+01 1.00873837e+00 3.73633832e-06 2.22176114e-04 1.00044809e+00 9.99781560e-01
1.90000000e+01 1.00853656e+00 3.67254282e-06 2.16495509e-04 1.00043666e+00 9.99787177e-01
1.91000000e+01 1.00825331e+00 3.57217746e-06 2.08791847e-04 1.00042116e+00 9.99794780e-01
1.92000000e+01 1.00789326e+00 3.43719701e-06 1.99182609e-04 1.00040180e+00 9.99804255e-01
1.93000000e+01 1.00746168e+00 3.26988561e-06 1.87801299e-04 1.00037887e+00 9.99815469e-01
1.94000000e+01 1.00696448e+00 3.07281787e-06 1.74795836e-04 1.00035266e+00 9.99828277e-01
1.95000000e+01 1.00640808e+00 2.84881743e-06 1.60326840e-04 1.00032350e+00 9.99842522e-01
1.96000000e+01 1.00579936e+00 2.60091408e-06 1.44565838e-04 1.00029173e+00 9.99858035e-01
1.97000000e+01 1.00514555e+00 2.33230006e-06 1.27693397e-04 1.00025772e+00 9.99874639e-01
1.98000000e+01 1.00445416e+00 2.04628649e-06 1.09897205e-04 1.00022184e+00 9.99892149e-01
1.99000000e+01 1.00373291e+00 1.74626065e-06 9.13701339e-05 1.00018449e+00 9.99910376e-01
2.00000000e+01 1.00298960e+00 1.43564464e-06 7.23082793e-05 1.00014605e+00 9.99929127e-01
2.01000000e+01 1.00223209e+00 1.11785623e-06 5.29090173e-05 1.00010694e+00 9.99948209e-01
2.02000000e+01 1.00146818e+00 7.96272159e-07 3.33690832e-05 1.00006753e+00 9.99967427e-01
2.03000000e+01 1.00070553e+00 4.74194350e-07 1.38826952e-05 1.00002824e+00 9.99986591e-01
2.04000000e+01 9.99951629e-01 1.54819341e-07 -5.36026083e-06 9.99989434e-01 1.00000552e+00
2.05000000e+01 9.99213682e-01 -1.58788993e-07 -2.41759710e-05 9.99951489e-01 1.00002402e+00
2.06000000e+01 9.98498574e-01 -4.63723298e-07 -4.23883404e-05 9.99914760e-01 1.00004192e+00
2.07000000e+01 9.97812809e-01 -7.57253223e-07 -5.98305357e-05 9.99879582e-01 1.00005907e+00
2.08000000e+01 9.97162456e-01 -1.03684264e-06 -7.63464099e-05 9.99846270e-01 1.00007531e+00
2.09000000e+01 9.96553103e-01 -1.30016373e-06 -9.17917979e-05 9.99815116e-01 1.00009049e+00
2.10000000e+01 9.95989823e-01 -1.54510823e-06 -1.06035674e-04 9.99786384e-01 1.00010449e+00
2.11000000e+01 9.95477137e-01 -1.76979597e-06 -1.18961163e-04 9.99760308e-01 1.00011719e+00
2.12000000e+01 9.95018986e-01 -1.97258115e-06 -1.30466395e-04 9.99737095e-01 1.00012849e+00
2.13000000e+01 9.94618710e-01 -2.15205642e-06 -1.40465207e-04 9.99716918e-01 1.00013831e+00
2.14000000e+01 9.94279035e-01 -2.30705526e-06 -1.48887677e-04 9.99699918e-01 1.00014658e+00
2.15000000e+01 9.94002057e-01 -2.43665271e-06 -1.55680495e-04 9.99686202e-01 1.00015324e+00
2.16000000e+01 9.93789244e-01 -2.54016484e-06 -1.60807171e-04 9.99675845e-01 1.00015827e+00
2.17000000e+01 9.93641429e-01 -2.61714705e-06 -1.64248080e-04 9.99668887e-01 1.00016163e+00
2.18000000e+01 9.93558823e-01 -2.66739134e-06 -1.66000339e-04 9.99665332e-01 1.00016333e+00
2.19000000e+01 9.93541019e-01 -2.69092269e-06 -1.66077535e-04 9.99665154e-01 1.00016339e+00
2.20000000e+01 9.93587011e-01 -2.68799461e-06 -1.64509297e-04 9.99668293e-01 1.00016182e+00
2.21000000e+01 9.93695214e-01 -2.65908382e-06 -1.61340723e-04 9.99674659e-01 1.00015868e+00
2.22000000e+01 9.93863486e-01 -2.60488406e-06 -1.56631670e-04 9.99684132e-01 1.00015403e+00
2.23000000e+01 9.94089155e-01 -2.52629890e-06 -1.50455918e-04 9.99696562e-01 1.00014793e+00
2.24000000e+01 9.94369058e-01 -2.42443369e-06 -1.42900208e-04 9.99711775e-01 1.00014048e+00
2.25000000e+01 9.94699567e-01 -2.30058614e-06 -1.34063185e-04 9.99729573e-01 1.00013176e+00
2.26000000e+01 9.95076636e-01 -2.15623586e-06 -1.24054235e-04 9.99749735e-01 1.00012190e+00
2.27000000e+01 9.95495839e-01 -1.99303245e-06 -1.12992243e-04 9.99772022e-01 1.00011100e+00
2.28000000e+01 9.95952417e-01 -1.81278214e-06 -1.01004283e-04 9.99796179e-01 1.00009919e+00
2.29000000e+01 9.96441325e-01 -1.61743300e-06 -8.82242502e-05 9.99821934e-01 1.00008661e+00
2.30000000e+01 9.96957283e-01 -1.40905851e-06 -7.47914501e-05 9.99849008e-01 1.00007338e+00
2.31000000e+01 9.97494827e-01 -1.18983965e-06 -6.08491595e-05 9.99877112e-01 1.00005966e+00
2.32000000e+01 9.98048361e-01 -9.62045460e-07 -4.65431749e-05 9.99905952e-01 1.00004558e+00
2.33000000e+01 9.98612212e-01 -7.28012241e-07 -3.20203588e-05 9.99935231e-01 1.00003129e+00
2.34000000e+01 9.99180688e-01 -4.90121451e-07 -1.74272012e-05 9.99964655e-01 1.00001694e+00
2.35000000e+01 9.99748125e-01 -2.50776571e-07 -2.90840684e-06 9.99993932e-01 1.00000266e+00
2.36000000e+01 1.00030895e+00 -1.23791505e-08 1.13944765e-05 1.00002278e+00 9.99988593e-01
2.37000000e+01 1.00085773e+00 2.22695697e-07 2.53443774e-05 1.00005091e+00 9.99974878e-01
2.38000000e+01 1.00138922e+00 4.52124005e-07 3.88099558e-05 1.00007807e+00 9.99961642e-01
2.39000000e+01 1.00189842e+00 6.73657538e-07 5.16667827e-05 1.00010401e+00 9.99949007e-01
2.40000000e+01 1.00238061e+00 8.85147875e-07 6.37984345e-05 1.00012848e+00 9.99937087e-01
2.41000000e+01 1.00283143e+00 1.08456963e-06 7.50974918e-05 1.00015128e+00 9.99925987e-01
2.42000000e+01 1.00324686e+00 1.27004239e-06 8.54664368e-05 1.00017220e+00 9.99915804e-01
2.43000000e+01 1.00362330e+00 1.43985109e-06 9.48184398e-05 1.00019108e+00 9.99906621e-01
2.44000000e+01 1.00395760e+00 1.59246437e-06 1.03078031e-04 1.00020775e+00 9.99898514e-01
2.45000000e+01 1.00424707e+00 1.72655069e-06 1.10181649e-04 1.00022209e+00 9.99891545e-01
2.46000000e+01 1.00448951e+00 1.84099187e-06 1.16078072e-04 1.00023400e+00 9.99885763e-01
2.47000000e+01 1.00468322e+00 1.93489390e-06 1.20728714e-04 1.00024339e+00 9.99881206e-01
2.48000000e+01 1.00482703e+00 2.00759478e-06 1.24107804e-04 1.00025022e+00 9.99877900e-01
2.49000000e+01 1.00492028e+00 2.05866926e-06 1.26202427e-04 1.00025446e+00 9.99875856e-01
2.50000000e+01 1.00496283e+00 2.08793050e-06 1.27012452e-04 1.00025611e+00 9.99875075e-01
2.51000000e+01 1.00495506e+00 2.09542864e-06 1.26550328e-04 1.00025520e+00 9.99875545e-01
2.52000000e+01 1.00489785e+00 2.08144625e-06 1.24840765e-04 1.00025176e+00 9.99877241e-01
2.53000000e+01 1.00479256e+00 2.04649096e-06 1.21920301e-04 1.00024589e+00 9.99880126e-01
2.54000000e+01 1.00464102e+00 1.99128524e-06 1.17836764e-04 1.00023766e+00 9.99884155e-01
2.55000000e+01 1.00444550e+00 1.91675373e-06 1.12648624e-04 1.00022721e+00 9.99889268e-01
2.56000000e+01 1.00420865e+00 1.82400831e-06 1.06424263e-04 1.00021467e+00 9.99895400e-01
2.57000000e+01 1.00393353e+00 1.71433122e-06 9.92411522e-05 1.00020020e+00 9.99902473e-01
2.58000000e+01 1.00362351e+00 1.58915652e-06 9.11849572e-05 1.00018396e+00 9.99910404e-01
2.59000000e+01 1.00328224e+00 1.45005029e-06 8.23485770e-05 1.00016615e+00 9.99919101e-01
2.60000000e+01 1.00291365e+00 1.29868992e-06 7.28311271e-05 1.00014696e+00 9.99928468e-01
2.61000000e+01 1.00252185e+00 1.13684272e-06 6.27368782e-05 1.00012661e+00 9.99938400e-01
2.62000000e+01 1.00211111e+00 9.66344356e-07 5.21741612e-05 1.00010531e+00 9.99948792e-01
2.63000000e+01 1.00168584e+00 7.89077272e-07 4.12542494e-05 1.00008330e+00 9.99959535e-01
2.64000000e+01 1.00125048e+00 6.06949520e-07 3.00902291e-05 1.00006079e+00 9.99970517e-01
2.65000000e+01 1.00080952e+00 4.21874167e-07 1.87958701e-05 1.00003801e+00 9.99981626e-01
2.66000000e+01 1.00036742e+00 2.35749559e-07 7.48450613e-06 1.00001520e+00 9.99992751e-01
2.67000000e+01 9.99928549e-01 5.04406288e-08 -3.73206353e-06 9.99992586e-01 1.00000378e+00
2.68000000e+01 9.99497201e-01 -1.32238589e-07 -1.47446407e-05 9.99970378e-01 1.00001461e+00
2.69000000e+01 9.99077505e-01 -3.10541124e-07 -2.54476542e-05 9.99948794e-01 1.00002514e+00
2.70000000e+01 9.98673406e-01 -4.82801818e-07 -3.57401351e-05 9.99928037e-01 1.00003526e+00
2.71000000e+01 9.98288630e-01 -6.47450607e-07 -4.55266332e-05 9.99908299e-01 1.00004488e+00
2.72000000e+01 9.97926653e-01 -8.03024317e-07 -5.47180659e-05 9.99889761e-01 1.00005392e+00
2.73000000e+01 9.97590669e-01 -9.48176971e-07 -6.32324937e-05 9.99872587e-01 1.00006228e+00
2.74000000e+01 9.97283568e-01 -1.08168863e-06 -7.09958144e-05 9.99856927e-01 1.00006991e+00
2.75000000e+01 9.97007915e-01 -1.20247284e-06 -7.79423716e-05 9.99842913e-01 1.00007674e+00
2.76000000e+01 9.96765926e-01 -1.30958266e-06 -8.40154725e-05 9.99830659e-01 1.00008271e+00
2.77000000e+01 9.96559460e-01 -1.40221547e-06 -8.91678115e-05 9.99820262e-01 1.00008777e+00
2.78000000e+01 9.96390006e-01 -1.47971644e-06 -9.33617964e-05 9.99811797e-01 1.00009188e+00
2.79000000e+01 9.96258670e-01 -1.54158096e-06 -9.65697761e-05 9.99805319e-01 1.00009503e+00
2.80000000e+01 9.96166178e-01 -1.58745580e-06 -9.87741686e-05 9.99800864e-01 1.00009719e+00
2.81000000e+01 9.96112872e-01 -1.61713936e-06 -9.99674899e-05 9.99798448e-01 1.00009835e+00
2.82000000e+01 9.96098712e-01 -1.63058080e-06 -1.00152284e-04 9.99798065e-01 1.00009852e+00
2.83000000e+01 9.96123282e-01 -1.62787825e-06 -9.93409576e-05 9.99799690e-01 1.00009771e+00
2.84000000e+01 9.96185801e-01 -1.60927603e-06 -9.75555201e-05 9.99803280e-01 1.00009595e+00
2.85000000e+01 9.96285133e-01 -1.57516094e-06 -9.48272356e-05 9.99808770e-01 1.00009325e+00
2.86000000e+01 9.96419806e-01 -1.52605763e-06 -9.11961891e-05 9.99816082e-01 1.00008967e+00
2.87000000e+01 9.96588024e-01 -1.46262302e-06 -8.67107730e-05 9.99825116e-01 1.00008525e+00
2.88000000e+01 9.96787692e-01 -1.38563979e-06 -8.14271004e-05 9.99835760e-01 1.00008004e+00
2.89000000e+01 9.97016440e-01 -1.29600893e-06 -7.54083510e-05 9.99847887e-01 1.00007411e+00
2.90000000e+01 9.97271646e-01 -1.19474140e-06 -6.87240577e-05 9.99861357e-01 1.00006753e+00
2.91000000e+01 9.97550461e-01 -1.08294878e-06 -6.14493409e-05 9.99876018e-01 1.00006037e+00
2.92000000e+01 9.97849847e-01 -9.61833113e-07 -5.36640982e-05 9.99891710e-01 1.00005270e+00
2.93000000e+01 9.98166598e-01 -8.32675788e-07 -4.54521596e-05 9.99908263e-01 1.00004462e+00
2.94000000e+01 9.98497379e-01 -6.96825664e-07 -3.69004147e-05 9.99925502e-01 1.00003620e+00
2.95000000e+01 9.98838757e-01 -5.55686381e-07 -2.80979220e-05 9.99943248e-01 1.00002754e+00
2.96000000e+01 9.99187232e-01 -4.10703014e-07 -1.91350092e-05 9.99961319e-01 1.00001872e+00
2.97000000e+01 9.99539278e-01 -2.63348135e-07 -1.01023720e-05 9.99979532e-01 1.00000984e+00
2.98000000e+01 9.99891373e-01 -1.15107419e-07 -1.09018231e-06 9.99997705e-01 1.00000098e+00
2.99000000e+01 1.00024003e+00 3.25350671e-08 7.81278787e-06 1.00001566e+00 9.99992220e-01
3.00000000e+01 1.00058185e+00 1.78111748e-07 1.65200170e-05 1.00003322e+00 9.99983658e-01
3.01000000e+01 1.00091351e+00 3.20186416e-07 2.49480518e-05 1.00005022e+00 9.99975372e-01
3.02000000e+01 1.00123186e+00 4.57368926e-07 3.30172846e-05 1.00006649e+00 9.99967440e-01
3.03000000e+01 1.00153390e+00 5.88329512e-07 4.06526829e-05 1.00008189e+00 9.99959936e-01
3.04000000e+01 1.00181681e+00 7.11812550e-07 4.77844655e-05 1.00009628e+00 9.99952927e-01
3.05000000e+01 1.00207803e+00 8.26649558e-07 5.43487182e-05 1.00010952e+00 9.99946478e-01
3.06000000e+01 1.00231522e+00 9.31771268e-07 6.02879446e-05 1.00012151e+00 9.99940644e-01
3.07000000e+01 1.00252631e+00 1.02621858e-06 6.55515469e-05 1.00013213e+00 9.99935475e-01
3.08000000e+01 1.00270952e+00 1.10915222e-06 7.00962337e-05 1.00014130e+00 9.99931013e-01
3.09000000e+01 1.00286337e+00 1.17986107e-06 7.38863509e-05 1.00014895e+00 9.99927294e-01
3.10000000e+01 1.00298668e+00 1.23776880e-06 7.68941337e-05 1.00015503e+00 9.99924344e-01
3.11000000e+01 1.00307861e+00 1.28243906e-06 7.90998784e-05 1.00015948e+00 9.99922183e-01
3.12000000e+01 1.00313863e+00 1.31357880e-06 8.04920330e-05 1.00016230e+00 9.99920822e-01
3.13000000e+01 1.00316655e+00 1.33103998e-06 8.10672075e-05 1.00016347e+00 9.99920264e-01
3.14000000e+01 1.00316249e+00 1.33481945e-06 8.08301033e-05 1.00016300e+00 9.99920505e-01
3.15000000e+01 1.00312690e+00 1.32505710e-06 7.97933651e-05 1.00016091e+00 9.99921532e-01
3.16000000e+01 1.00306055e+00 1.30203240e-06 7.79773567e-05 1.00015726e+00 9.99923325e-01
3.17000000e+01 1.00296448e+00 1.26615922e-06 7.54098635e-05 1.00015209e+00 9.99925856e-01
3.18000000e+01 1.00284004e+00 1.21797926e-06 7.21257274e-05 1.00014547e+00 9.99929092e-01
3.19000000e+01 1.00268883e+00 1.15815396e-06 6.81664153e-05 1.00013749e+00 9.99932992e-01
3.20000000e+01 1.00251272e+00 1.08745535e-06 6.35795303e-05 1.00012825e+00 9.99937508e-01
3.21000000e+01 1.00231379e+00 1.00675559e-06 5.84182668e-05 1.00011784e+00 9.99942588e-01
3.22000000e+01 1.00209431e+00 9.17015827e-07 5.27408192e-05 1.00010640e+00 9.99948176e-01
3.23000000e+01 1.00185673e+00 8.19274145e-07 4.66097484e-05 1.00009404e+00 9.99954210e-01
3.24000000e+01 1.00160367e+00 7.14633048e-07 4.00913129e-05 1.00008090e+00 9.99960623e-01
3.25000000e+01 1.00133783e+00 6.04246544e-07 3.32547732e-05 1.00006711e+00 9.99967349e-01
3.26000000e+01 1.00106204e+00 4.89307041e-07 2.61716739e-05 1.00005283e+00 9.99974318e-01
3.27000000e+01 1.00077915e+00 3.71032212e-07 1.89151136e-05 1.00003820e+00 9.99981456e-01
3.28000000e+01 1.00049207e+00 2.50652001e-07 1.15590077e-05 1.00002337e+00 9.99988692e-01
3.29000000e+01 1.00020370e+00 1.29395907e-07 4.17735255e-06 1.00000848e+00 9.99995952e-01
3.30000000e+01 9.99916913e-01 8.48068371e-09 -3.15650237e-06 9.99993695e-01 1.00000316e+00
3.31000000e+01 9.99634530e-01 -1.10901432e-07 -1.03705668e-05 9.99979148e-01 1.00001026e+00
3.32000000e+01 9.99359287e-01 -2.27593855e-07 -1.73949005e-05 9.99964983e-01 1.00001717e+00
3.33000000e+01 9.99093812e-01 -3.40486083e-07 -2.41622753e-05 9.99951335e-01 1.00002382e+00
3.34000000e+01 9.98840604e-01 -4.48523333e-07 -3.06088028e-05 9.99938334e-01 1.00003016e+00
3.35000000e+01 9.98602005e-01 -5.50715360e-07 -3.66745218e-05 9.99926100e-01 1.00003612e+00
3.36000000e+01 9.98380186e-01 -6.46144398e-07 -4.23039405e-05 9.99914746e-01 1.00004166e+00
3.37000000e+01 9.98177123e-01 -7.33972213e-07 -4.74465279e-05 9.99904373e-01 1.00004671e+00
3.38000000e+01 9.97994583e-01 -8.13446250e-07 -5.20571518e-05 9.99895072e-01 1.00005124e+00
3.39000000e+01 9.97834111e-01 -8.83904878e-07 -5.60964579e-05 9.99886923e-01 1.00005521e+00
3.40000000e+01 9.97697018e-01 -9.44781725e-07 -5.95311884e-05 9.99879993e-01 1.00005859e+00
3.41000000e+01 9.97584368e-01 -9.95609128e-07 -6.23344373e-05 9.99874336e-01 1.00006134e+00
3.42000000e+01 9.97496975e-01 -1.03602070e-06 -6.44858399e-05 9.99869992e-01 1.00006345e+00
3.43000000e+01 9.97435400e-01 -1.06575306e-06 -6.59716973e-05 9.99866991e-01 1.00006491e+00
3.44000000e+01 9.97399942e-01 -1.08464664e-06 -6.67850330e-05 9.99865345e-01 1.00006570e+00
3.45000000e+01 9.97390646e-01 -1.09264579e-06 -6.69255840e-05 9.99865056e-01 1.00006583e+00
3.46000000e+01 9.97407300e-01 -1.08979798e-06 -6.63997259e-05 9.99866111e-01 1.00006531e+00
3.47000000e+01 9.97449443e-01 -1.07625224e-06 -6.52203341e-05 9.99868483e-01 1.00006414e+00
3.48000000e+01 9.97516372e-01 -1.05225679e-06 -6.34065825e-05 9.99872135e-01 1.00006235e+00
3.49000000e+01 9.97607150e-01 -1.01815601e-06 -6.09836839e-05 9.99877014e-01 1.00005997e+00
3.50000000e+01 9.97720617e-01 -9.74386518e-07 -5.79825728e-05 9.99883060e-01 1.00005701e+00
3.51000000e+01 9.97855407e-01 -9.21472640e-07 -5.44395373e-05 9.99890199e-01 1.00005352e+00
3.52000000e+01 9.98009957e-01 -8.60021111e-07 -5.03958014e-05 9.99898348e-01 1.00004954e+00
3.53000000e+01 9.98182532e-01 -7.90715104e-07 -4.58970644e-05 9.99907415e-01 1.00004511e+00
3.54000000e+01 9.98371236e-01 -7.14307597e-07 -4.09930012e-05 9.99917300e-01 1.00004028e+00
3.55000000e+01 9.98574034e-01 -6.31614118e-07 -3.57367299e-05 9.99927895e-01 1.00003511e+00
3.56000000e+01 9.98788776e-01 -5.43504900e-07 -3.01842502e-05 9.99939088e-01 1.00002964e+00
3.57000000e+01 9.99013213e-01 -4.50896507e-07 -2.43938615e-05 9.99950761e-01 1.00002394e+00
3.58000000e+01 9.99245025e-01 -3.54742972e-07 -1.84255629e-05 9.99962794e-01 1.00001807e+00
3.59000000e+01 9.99481844e-01 -2.56026532e-07 -1.23404451e-05 9.99975063e-01 1.00001208e+00
3.60000000e+01 9.99721271e-01 -1.55748028e-07 -6.20007621e-06 9.99987444e-01 1.00000604e+00
3.61000000e+01 9.99960908e-01 -5.49170465e-08 -6.58914541e-08 9.99999813e-01 1.00000001e+00
3.62000000e+01 1.00019838e+00 4.54580826e-08 6.00141073e-06 1.00001205e+00 9.99994044e-01
3.63000000e+01 1.00043134e+00 1.44380350e-07 1.19424580e-05 1.00002403e+00 9.99988202e-01
3.64000000e+01 1.00065754e+00 2.40874074e-07 1.76997743e-05 1.00003564e+00 9.99982541e-01
3.65000000e+01 1.00087480e+00 3.33994741e-07 2.32183254e-05 1.00004677e+00 9.99977116e-01
3.66000000e+01 1.00108104e+00 4.22838563e-07 2.84460343e-05 1.00005731e+00 9.99971977e-01
3.67000000e+01 1.00127432e+00 5.06551638e-07 3.33342625e-05 1.00006718e+00 9.99967172e-01
3.68000000e+01 1.00145286e+00 5.84338598e-07 3.78382520e-05 1.00007626e+00 9.99962746e-01
3.69000000e+01 1.00161504e+00 6.55470631e-07 4.19175247e-05 1.00008449e+00 9.99958738e-01
3.70000000e+01 1.00175939e+00 7.19292778e-07 4.55362352e-05 1.00009179e+00 9.99955183e-01
3.71000000e+01 1.00188468e+00 7.75230402e-07 4.86634747e-05 1.00009810e+00 9.99952112e-01
3.72000000e+01 1.00198984e+00 8.22794747e-07 5.12735229e-05 1.00010337e+00 9.99949549e-01
3.73000000e+01 1.00207404e+00 8.61587518e-07 5.33460461e-05 1.00010755e+00 9.99947516e-01
3.74000000e+01 1.00213666e+00 8.91304412e-07 5.48662406e-05 1.00011062e+00 9.99946025e-01
3.75000000e+01 1.00217729e+00 9.11737570e-07 5.58249197e-05 1.00011256e+00 9.99945087e-01
3.76000000e+01 1.00219577e+00 9.22776903e-07 5.62185452e-05 1.00011336e+00 9.99944704e-01
3.77000000e+01 1.00219214e+00 9.24410308e-07 5.60492021e-05 1.00011302e+00 9.99944875e-01
3.78000000e+01 1.00216667e+00 9.16722757e-07 5.53245191e-05 1.00011157e+00 9.99945592e-01
3.79000000e+01 1.00211986e+00 8.99894290e-07 5.40575350e-05 1.00010901e+00 9.99946842e-01
3.80000000e+01 1.00205239e+00 8.74196965e-07 5.22665129e-05 1.00010541e+00 9.99948608e-01
3.81000000e+01 1.00196516e+00 8.39990792e-07 4.99747057e-05 1.00010079e+00 9.99950865e-01
3.82000000e+01 1.00185925e+00 7.97718747e-07 4.72100745e-05 1.00009522e+00 9.99953588e-01
3.83000000e+01 1.00173592e+00 7.47900932e-07 4.40049634e-05 1.00008876e+00 9.99956743e-01
3.84000000e+01 1.00159658e+00 6.91127974e-07 4.03957349e-05 1.00008148e+00 9.99960295e-01
3.85000000e+01 1.00144281e+00 6.28053772e-07 3.64223695e-05 1.00007347e+00 9.99964206e-01
3.86000000e+01 1.00127628e+00 5.59387678e-07 3.21280337e-05 1.00006482e+00 9.99968431e-01
3.87000000e+01 1.00109879e+00 4.85886247e-07 2.75586216e-05 1.00005560e+00 9.99972927e-01
3.88000000e+01 1.00091224e+00 4.08344644e-07 2.27622731e-05 1.00004593e+00 9.99977646e-01
3.89000000e+01 1.00071856e+00 3.27587839e-07 1.77888770e-05 1.00003591e+00 9.99982539e-01
3.90000000e+01 1.00051977e+00 2.44461684e-07 1.26895601e-05 1.00002562e+00 9.99987555e-01
3.91000000e+01 1.00031789e+00 1.59823983e-07 7.51617060e-06 1.00001519e+00 9.99992644e-01
3.92000000e+01 1.00011497e+00 7.45356623e-08 2.32075921e-06 1.00000472e+00 9.99997754e-01
3.93000000e+01 9.99913021e-01 -1.05478862e-08 -2.84493640e-06 9.99994300e-01 1.00000283e+00
3.94000000e+01 9.99714046e-01 -9.45851811e-08 -7.92999863e-06 9.99984045e-01 1.00000784e+00
3.95000000e+01 9.99519981e-01 -1.76756685e-07 -1.28848239e-05 9.99974054e-01 1.00001271e+00
3.96000000e+01 9.99332698e-01 -2.56272427e-07 -1.76615985e-05 9.99964421e-01 1.00001741e+00
3.97000000e+01 9.99153978e-01 -3.32379147e-07 -2.22147521e-05 9.99955238e-01 1.00002188e+00
3.98000000e+01 9.98985500e-01 -4.04366927e-07 -2.65013847e-05 9.99946593e-01 1.00002610e+00
3.99000000e+01 9.98828824e-01 -4.71575251e-07 -3.04816627e-05 9.99938565e-01 1.00003001e+00
4.00000000e+01 9.98685374e-01 -5.33398479e-07 -3.41191815e-05 9.99931228e-01 1.00003359e+00
4.01000000e+01 9.98556432e-01 -5.89290703e-07 -3.73812894e-05 9.99924648e-01 1.00003679e+00
4.02000000e+01 9.98443121e-01 -6.38769956e-07 -4.02393732e-05 9.99918882e-01 1.00003960e+00
4.03000000e+01 9.98346400e-01 -6.81421782e-07 -4.26690996e-05 9.99913980e-01 1.00004199e+00
4.04000000e+01 9.98267057e-01 -7.16902146e-07 -4.46506132e-05 9.99909982e-01 1.00004393e+00
4.05000000e+01 9.98205698e-01 -7.44939688e-07 -4.61686877e-05 9.99906918e-01 1.00004542e+00
4.06000000e+01 9.98162749e-01 -7.65337316e-07 -4.72128309e-05 9.99904809e-01 1.00004645e+00
4.07000000e+01 9.98138452e-01 -7.77973144e-07 -4.77773414e-05 9.99903667e-01 1.00004700e+00
4.08000000e+01 9.98132862e-01 -7.82800787e-07 -4.78613181e-05 9.99903495e-01 1.00004708e+00
4.09000000e+01 9.98145850e-01 -7.79849012e-07 -4.74686220e-05 9.99904283e-01 1.00004669e+00
4.10000000e+01 9.98177110e-01 -7.69220762e-07 -4.66077922e-05 9.99906015e-01 1.00004584e+00
4.11000000e+01 9.98226155e-01 -7.51091561e-07 -4.52919156e-05 9.99908665e-01 1.00004454e+00
4.12000000e+01 9.98292333e-01 -7.25707317e-07 -4.35384545e-05 9.99912197e-01 1.00004281e+00
4.13000000e+01 9.98374828e-01 -6.93381533e-07 -4.13690314e-05 9.99916569e-01 1.00004068e+00
4.14000000e+01 9.98472670e-01 -6.54491954e-07 -3.88091764e-05 9.99921727e-01 1.00003815e+00
4.15000000e+01 9.98584750e-01 -6.09476666e-07 -3.58880369e-05 9.99927614e-01 1.00003528e+00
4.16000000e+01 9.98709829e-01 -5.58829665e-07 -3.26380561e-05 9.99934165e-01 1.00003208e+00
4.17000000e+01 9.98846549e-01 -5.03095939e-07 -2.90946209e-05 9.99941308e-01 1.00002859e+00
4.18000000e+01 9.98993451e-01 -4.42866087e-07 -2.52956849e-05 9.99948966e-01 1.00002485e+00
4.19000000e+01 9.99148988e-01 -3.78770512e-07 -2.12813693e-05 9.99957058e-01 1.00002090e+00
4.20000000e+01 9.99311543e-01 -3.11473233e-07 -1.70935460e-05 9.99965501e-01 1.00001678e+00
4.21000000e+01 9.99479441e-01 -2.41665369e-07 -1.27754082e-05 9.99974208e-01 1.00001253e+00
4.22000000e+01 9.99650970e-01 -1.70058346e-07 -8.37103118e-06 9.99983088e-01 1.00000820e+00
4.23000000e+01 9.99824396e-01 -9.73768696e-08 -3.92492855e-06 9.99992053e-01 1.00000383e+00
4.24000000e+01 9.99997981e-01 -2.43517677e-08 5.18391128e-07 1.00000101e+00 9.99999457e-01
4.25000000e+01 1.00017000e+00 4.82872762e-08 4.91486411e-06 1.00000988e+00 9.99995133e-01
4.26000000e+01 1.00033876e+00 1.19818990e-07 9.22130258e-06 1.00001856e+00 9.99990899e-01
4.27000000e+01 1.00050261e+00 1.89537722e-07 1.33958132e-05 1.00002698e+00 9.99986794e-01
4.28000000e+01 1.00065996e+00 2.56760510e-07 1.73981990e-05 1.00003505e+00 9.99982859e-01
4.29000000e+01 1.00080932e+00 3.20833928e-07 2.11903408e-05 1.00004270e+00 9.99979130e-01
4.30000000e+01 1.00094925e+00 3.81140640e-07 2.47365550e-05 1.00004985e+00 9.99975645e-01
4.31000000e+01 1.00107845e+00 4.37105575e-07 2.80039235e-05 1.00005644e+00 9.99972433e-01
4.32000000e+01 1.00119573e+00 4.88201655e-07 3.09625937e-05 1.00006241e+00 9.99969526e-01
4.33000000e+01 1.00130003e+00 5.33955006e-07 3.35860456e-05 1.00006771e+00 9.99966948e-01
4.34000000e+01 1.00139042e+00 5.73949583e-07 3.58513232e-05 1.00007228e+00 9.99964723e-01
4.35000000e+01 1.00146613e+00 6.07831161e-07 3.77392290e-05 1.00007609e+00 9.99962869e-01
4.36000000e+01 1.00152653e+00 6.35310631e-07 3.92344794e-05 1.00007910e+00 9.99961401e-01
4.37000000e+01 1.00157115e+00 6.56166579e-07 4.03258204e-05 1.00008131e+00 9.99960330e-01
4.38000000e+01 1.00159969e+00 6.70247096e-07 4.10061019e-05 1.00008268e+00 9.99959664e-01
4.39000000e+01 1.00161202e+00 6.77470816e-07 4.12723112e-05 1.00008322e+00 9.99959405e-01
4.40000000e+01 1.00160816e+00 6.77827175e-07 4.11255655e-05 1.00008293e+00 9.99959552e-01
4.41000000e+01 1.00158829e+00 6.71375874e-07 4.05710633e-05 1.00008181e+00 9.99960100e-01
4.42000000e+01 1.00155275e+00 6.58245582e-07 3.96179961e-05 1.00007989e+00 9.99961040e-01
4.43000000e+01 1.00150205e+00 6.38631893e-07 3.82794214e-05 1.00007720e+00 9.99962359e-01
4.44000000e+01 1.00143683e+00 6.12794568e-07 3.65720993e-05 1.00007376e+00 9.99964041e-01
4.45000000e+01 1.00135787e+00 5.81054111e-07 3.45162925e-05 1.00006961e+00 9.99966065e-01
4.46000000e+01 1.00126609e+00 5.43787726e-07 3.21355353e-05 1.00006481e+00 9.99968408e-01
4.47000000e+01 1.00116252e+00 5.01424722e-07 2.94563712e-05 1.00005941e+00 9.99971045e-01
4.48000000e+01 1.00104830e+00 4.54441416e-07 2.65080633e-05 1.00005347e+00 9.99973946e-01
4.49000000e+01 1.00092466e+00 4.03355624e-07 2.33222808e-05 1.00004705e+00 9.99977081e-01
4.50000000e+01 1.00079294e+00 3.48720789e-07 1.99327644e-05 1.00004021e+00 9.99980416e-01
4.51000000e+01 1.00065450e+00 2.91119848e-07 1.63749738e-05 1.00003304e+00 9.99983916e-01
4.52000000e+01 1.00051080e+00 2.31158888e-07 1.26857221e-05 1.00002560e+00 9.99987545e-01
4.53000000e+01 1.00036331e+00 1.69460685e-07 8.90279950e-06 1.00001798e+00 9.99991267e-01
4.54000000e+01 1.00021353e+00 1.06658193e-07 5.06459081e-06 1.00001024e+00 9.99995042e-01
4.55000000e+01 1.00006297e+00 4.33880523e-08 1.20969080e-06 1.00000246e+00 9.99998834e-01
4.56000000e+01 9.99913139e-01 -1.97158098e-08 -2.62347954e-06 9.99994733e-01 1.00000260e+00
4.57000000e+01 9.99765512e-01 -8.20284249e-08 -6.39705145e-06 9.99987124e-01 1.00000632e+00
4.58000000e+01 9.99621537e-01 -1.42939821e-07 -1.00740780e-05 9.99979709e-01 1.00000993e+00
4.59000000e+01 9.99482609e-01 -2.01860791e-07 -1.36188917e-05 9.99972560e-01 1.00001342e+00
4.60000000e+01 9.99350059e-01 -2.58228348e-07 -1.69974456e-05 9.99965747e-01 1.00001674e+00
4.61000000e+01 9.99225144e-01 -3.11510828e-07 -2.01776365e-05 9.99959333e-01 1.00001987e+00
4.62000000e+01 9.99109033e-01 -3.61212598e-07 -2.31296050e-05 9.99953380e-01 1.00002277e+00
4.63000000e+01 9.99002798e-01 -4.06878340e-07 -2.58260119e-05 9.99947941e-01 1.00002542e+00
4.64000000e+01 9.98907402e-01 -4.48096890e-07 -2.82422863e-05 9.99943067e-01 1.00002779e+00
4.65000000e+01 9.98823694e-01 -4.84504604e-07 -3.03568451e-05 9.99938802e-01 1.00002987e+00
4.66000000e+01 9.98752400e-01 -5.15788236e-07 -3.21512807e-05 9.99935182e-01 1.00003164e+00
4.67000000e+01 9.98694117e-01 -5.41687322e-07 -3.36105156e-05 9.99932237e-01 1.00003307e+00
4.68000000e+01 9.98649308e-01 -5.61996054e-07 -3.47229231e-05 9.99929992e-01 1.00003416e+00
4.69000000e+01 9.98618299e-01 -5.76564644e-07 -3.54804133e-05 9.99928463e-01 1.00003490e+00
4.70000000e+01 9.98601280e-01 -5.85300174e-07 -3.58784823e-05 9.99927658e-01 1.00003529e+00
4.71000000e+01 9.98598298e-01 -5.88166936e-07 -3.59162268e-05 9.99927579e-01 1.00003533e+00
