# k S000 S110 S112 S10 S11
0.00000000e+00 4.00000000e-02 3.43397979e+00 -2.20143814e+00 3.11035157e-02 6.63541793e+00
1.00000000e-01 4.00302356e-02 3.40735748e+00 -2.18811536e+00 3.11267620e-02 6.59547283e+00
2.00000000e-01 4.01211034e-02 3.32949336e+00 -2.14914837e+00 3.11966230e-02 6.47864172e+00
3.00000000e-01 4.02730877e-02 3.20603140e+00 -2.08735897e+00 3.13134677e-02 6.29339037e+00
4.00000000e-01 4.04870015e-02 3.04528188e+00 -2.00690198e+00 3.14779148e-02 6.05218386e+00
5.00000000e-01 4.07639946e-02 2.85693357e+00 -1.91262136e+00 3.16908395e-02 5.76955493e+00
6.00000000e-01 4.11055657e-02 2.65079210e+00 -1.80941936e+00 3.19533823e-02 5.46021146e+00
7.00000000e-01 4.15135782e-02 2.43579691e+00 -1.70176497e+00 3.22669613e-02 5.13756188e+00
8.00000000e-01 4.19902800e-02 2.21942470e+00 -1.59339571e+00 3.26332866e-02 4.81282040e+00
9.00000000e-01 4.25383275e-02 2.00745969e+00 -1.48720266e+00 3.30543793e-02 4.49466235e+00
1.00000000e+00 4.31608147e-02 1.80403777e+00 -1.38525259e+00 3.35325927e-02 4.18929036e+00
1.10000000e+00 4.38613073e-02 1.61185399e+00 -1.28889168e+00 3.40706385e-02 3.90074567e+00
1.20000000e+00 4.46438831e-02 1.43243956e+00 -1.19888397e+00 3.46716174e-02 3.63132354e+00
1.30000000e+00 4.55131784e-02 1.26644399e+00 -1.11555247e+00 3.53390538e-02 3.38199646e+00
1.40000000e+00 4.64744427e-02 1.11388660e+00 -1.03890483e+00 3.60769377e-02 3.15279143e+00
1.50000000e+00 4.75336014e-02 9.74362585e-01 -9.68736407e-01 3.68897716e-02 2.94309899e+00
1.60000000e+00 4.86973282e-02 8.47201977e-01 -9.04709676e-01 3.77826259e-02 2.75191165e+00
1.70000000e+00 4.99731296e-02 7.31586445e-01 -8.46412621e-01 3.87612021e-02 2.57799907e+00
1.80000000e+00 5.13694409e-02 6.26631601e-01 -7.93399847e-01 3.98319061e-02 2.42003145e+00
1.90000000e+00 5.28957389e-02 5.31442598e-01 -7.45220332e-01 4.10019334e-02 2.27666293e+00
2.00000000e+00 5.45626702e-02 4.45149914e-01 -7.01435274e-01 4.22793662e-02 2.14658519e+00
2.10000000e+00 5.63822019e-02 3.66930951e-01 -6.61628832e-01 4.36732876e-02 2.02855978e+00
2.20000000e+00 5.83677938e-02 2.96021773e-01 -6.25413930e-01 4.51939126e-02 1.92143570e+00
2.30000000e+00 6.05346004e-02 2.31722209e-01 -5.92434734e-01 4.68527413e-02 1.82415694e+00
2.40000000e+00 6.28997044e-02 1.73396623e-01 -5.62366943e-01 4.86627365e-02 1.73576357e+00
2.50000000e+00 6.54823897e-02 1.20472000e-01 -5.34916735e-01 5.06385313e-02 1.65538874e+00
2.60000000e+00 6.83044593e-02 7.24344650e-02 -5.09818897e-01 5.27966719e-02 1.58225336e+00
2.70000000e+00 7.13906085e-02 2.88249879e-02 -4.86834543e-01 5.51559023e-02 1.51565953e+00
2.80000000e+00 7.47688615e-02 -1.07652137e-02 -4.65748644e-01 5.77374988e-02 1.45498343e+00
2.90000000e+00 7.84710862e-02 -4.66992709e-02 -4.46367532e-01 6.05656645e-02 1.39966826e+00
3.00000000e+00 8.25336003e-02 -7.92990523e-02 -4.28516476e-01 6.36679958e-02 1.34921742e+00
3.10000000e+00 8.69978878e-02 -1.08849238e-01 -4.12037363e-01 6.70760359e-02 1.30318813e+00
3.20000000e+00 9.19114495e-02 -1.35601017e-01 -3.96786525e-01 7.08259331e-02 1.26118551e+00
3.30000000e+00 9.73288117e-02 -1.59775382e-01 -3.82632696e-01 7.49592264e-02 1.22285731e+00
3.40000000e+00 1.03312730e-01 -1.81566018e-01 -3.69455097e-01 7.95237872e-02 1.18788908e+00
3.50000000e+00 1.09935627e-01 -2.01141792e-01 -3.57141629e-01 8.45749502e-02 1.15599984e+00
3.60000000e+00 1.17281310e-01 -2.18648847e-01 -3.45587138e-01 9.01768771e-02 1.12693829e+00
3.70000000e+00 1.25447038e-01 -2.34212316e-01 -3.34691738e-01 9.64042076e-02 1.10047942e+00
3.80000000e+00 1.34546005e-01 -2.47937663e-01 -3.24359137e-01 1.03344063e-01 1.07642147e+00
3.90000000e+00 1.44710327e-01 -2.59911645e-01 -3.14494933e-01 1.11098489e-01 1.05458329e+00
4.00000000e+00 1.56094648e-01 -2.70202889e-01 -3.05004836e-01 1.19787440e-01 1.03480195e+00
4.10000000e+00 1.68880492e-01 -2.78862064e-01 -2.95792749e-01 1.29552439e-01 1.01693068e+00
4.20000000e+00 1.83281500e-01 -2.85921617e-01 -2.86758649e-01 1.40561084e-01 1.00083703e+00
4.30000000e+00 1.99549752e-01 -2.91395017e-01 -2.77796192e-01 1.53012599e-01 9.86401175e-01
4.40000000e+00 2.17983337e-01 -2.95275440e-01 -2.68789933e-01 1.67144693e-01 9.73514493e-01
4.50000000e+00 2.38935390e-01 -2.97533814e-01 -2.59612066e-01 1.83242053e-01 9.62078252e-01
4.60000000e+00 2.62824767e-01 -2.98116092e-01 -2.50118533e-01 2.01646842e-01 9.52002442e-01
4.70000000e+00 2.90148469e-01 -2.96939624e-01 -2.40144352e-01 2.22771673e-01 9.43204728e-01
4.80000000e+00 3.21495761e-01 -2.93888466e-01 -2.29497978e-01 2.47115577e-01 9.35609513e-01
4.90000000e+00 3.57563608e-01 -2.88807445e-01 -2.17954529e-01 2.75283496e-01 9.29147084e-01
5.00000000e+00 3.99172444e-01 -2.81494838e-01 -2.05247684e-01 3.08009794e-01 9.23752847e-01
5.10000000e+00 4.47280219e-01 -2.71693589e-01 -1.91060212e-01 3.46185988e-01 9.19366623e-01
5.20000000e+00 5.02990875e-01 -2.59081230e-01 -1.75013243e-01 3.90892284e-01 9.15932014e-01
5.30000000e+00 5.67550499e-01 -2.43259091e-01 -1.56654903e-01 4.43431103e-01 9.13395812e-01
5.40000000e+00 6.42319910e-01 -2.23742304e-01 -1.35449777e-01 5.05358142e-01 9.11707472e-01
5.50000000e+00 7.28706101e-01 -1.99953736e-01 -1.10772351e-01 5.78501562e-01 9.10818615e-01
5.60000000e+00 8.28026895e-01 -1.71227847e-01 -8.19104251e-02 6.64951302e-01 9.10682578e-01
5.70000000e+00 9.41275437e-01 -1.36835178e-01 -4.80891815e-02 7.66986459e-01 9.11254003e-01
5.80000000e+00 1.06874923e+00 -9.60450862e-02 -8.53354917e-03 8.86887816e-01 9.12488463e-01
5.90000000e+00 1.20952417e+00 -4.82529885e-02 3.74048933e-02 1.02655680e+00 9.14342118e-01
6.00000000e+00 1.36080637e+00 6.79519402e-03 9.00237779e-02 1.18684275e+00 9.16771416e-01
6.10000000e+00 1.51730085e+00 6.86552267e-02 1.48922403e-01 1.36650003e+00 9.19732824e-01
6.20000000e+00 1.67088798e+00 1.35728100e-01 2.12545500e-01 1.56081910e+00 9.23182600e-01
6.30000000e+00 1.81101417e+00 2.04810413e-01 2.77733804e-01 1.76027802e+00 9.27076609e-01
6.40000000e+00 1.92611819e+00 2.70922098e-01 3.39551923e-01 1.95002594e+00 9.31370176e-01
6.50000000e+00 2.00598632e+00 3.27785911e-01 3.91767926e-01 2.11132176e+00 9.36017984e-01
6.60000000e+00 2.04428502e+00 3.69166414e-01 4.28192382e-01 2.22555118e+00 9.40974032e-01
6.70000000e+00 2.04015065e+00 3.90721635e-01 4.44530012e-01 2.27978166e+00 9.46191623e-01
6.80000000e+00 1.99807934e+00 3.91433515e-01 4.39810091e-01 2.27105370e+00 9.51623424e-01
6.90000000e+00 1.92627925e+00 3.73753125e-01 4.16531557e-01 2.20681624e+00 9.57221568e-01
7.00000000e+00 1.83438842e+00 3.42445350e-01 3.79507539e-01 2.10146043e+00 9.62937811e-01
7.10000000e+00 1.73151287e+00 3.02932720e-01 3.34208970e-01 1.97135066e+00 9.68723750e-01
7.20000000e+00 1.62507246e+00 2.59992054e-01 2.85460973e-01 1.83091400e+00 9.74531082e-01
7.30000000e+00 1.52043747e+00 2.17146506e-01 2.36834588e-01 1.69081568e+00 9.80311918e-01
7.40000000e+00 1.42108485e+00 1.76627037e-01 1.90607898e-01 1.55784283e+00 9.86019138e-01
7.50000000e+00 1.32898700e+00 1.39622430e-01 1.48015647e-01 1.43565372e+00 9.91606782e-01
7.60000000e+00 1.24503777e+00 1.06597161e-01 1.09566693e-01 1.32573055e+00 9.97030467e-01
7.70000000e+00 1.16941950e+00 7.75664080e-02 7.53185836e-02 1.22820358e+00 1.00224782e+00
7.80000000e+00 1.10188155e+00 5.22961872e-02 4.50772461e-02 1.14245068e+00 1.00721894e+00
7.90000000e+00 1.04193519e+00 3.04343680e-02 1.85275692e-02 1.06748951e+00 1.01190680e+00
8.00000000e+00 9.88981595e-01 1.15899112e-02 -4.68778070e-03 1.00221435e+00 1.01627769e+00
8.10000000e+00 9.42391513e-01 -4.62265570e-03 -2.49242713e-02 9.45528802e-01 1.02030162e+00
8.20000000e+00 9.01551975e-01 -1.85604973e-02 -4.25131093e-02 8.96413284e-01 1.02395261e+00
8.30000000e+00 8.65891498e-01 -3.05425991e-02 -5.77516606e-02 8.53954080e-01 1.02720906e+00
8.40000000e+00 8.34891872e-01 -4.08471280e-02 -7.09010377e-02 8.17350797e-01 1.03005391e+00
8.50000000e+00 8.08091856e-01 -4.97126081e-02 -8.21874332e-02 7.85912525e-01 1.03247483e+00
8.60000000e+00 7.85086248e-01 -5.73409195e-02 -9.18051975e-02 7.59048685e-01 1.03446428e+00
8.70000000e+00 7.65522491e-01 -6.39010009e-02 -9.99205426e-02 7.36257914e-01 1.03601954e+00
8.80000000e+00 7.49096123e-01 -6.95326597e-02 -1.06675273e-01 7.17116795e-01 1.03714261e+00
8.90000000e+00 7.35545867e-01 -7.43501908e-02 -1.12190247e-01 7.01269315e-01 1.03784006e+00
9.00000000e+00 7.24648778e-01 -7.84456762e-02 -1.16568453e-01 6.88417417e-01 1.03812278e+00
9.10000000e+00 7.16215673e-01 -8.18919298e-02 -1.19897658e-01 6.78312755e-01 1.03800573e+00
9.20000000e+00 7.10086950e-01 -8.47450947e-02 -1.22252656e-01 6.70749594e-01 1.03750756e+00
9.30000000e+00 7.06128801e-01 -8.70469272e-02 -1.23697162e-01 6.65558750e-01 1.03665023e+00
9.40000000e+00 7.04229811e-01 -8.88268048e-02 -1.24285390e-01 6.62602414e-01 1.03545859e+00
9.50000000e+00 7.04297888e-01 -9.01035022e-02 -1.24063381e-01 6.61769736e-01 1.03395988e+00
9.60000000e+00 7.06257457e-01 -9.08867719e-02 -1.23070116e-01 6.62972996e-01 1.03218334e+00
9.70000000e+00 7.10046876e-01 -9.11787697e-02 -1.21338483e-01 6.66144264e-01 1.03015971e+00
9.80000000e+00 7.15615979e-01 -9.09753574e-02 -1.18896125e-01 6.71232392e-01 1.02792077e+00
9.90000000e+00 7.22923697e-01 -9.02673164e-02 -1.15766215e-01 6.78200253e-01 1.02549890e+00
1.00000000e+01 7.31935688e-01 -8.90415040e-02 -1.11968201e-01 6.87022093e-01 1.02292670e+00
1.01000000e+01 7.42621900e-01 -8.72819830e-02 -1.07518555e-01 6.97680907e-01 1.02023657e+00
1.02000000e+01 7.54954027e-01 -8.49711557e-02 -1.02431555e-01 7.10165734e-01 1.01746040e+00
1.03000000e+01 7.68902780e-01 -8.20909332e-02 -9.67201510e-02 7.24468765e-01 1.01462922e+00
1.04000000e+01 7.84434949e-01 -7.86239717e-02 -9.03969214e-02 7.40582186e-01 1.01177295e+00
1.05000000e+01 8.01510206e-01 -7.45550036e-02 -8.34751766e-02 7.58494643e-01 1.00892017e+00
1.06000000e+01 8.20077646e-01 -6.98722908e-02 -7.59702147e-02 7.78187280e-01 1.00609792e+00
1.07000000e+01 8.40072076e-01 -6.45692212e-02 -6.79007581e-02 7.99629263e-01 1.00333154e+00
1.08000000e+01 8.61410095e-01 -5.86460555e-02 -5.92905765e-02 8.22772792e-01 1.00064452e+00
1.09000000e+01 8.83986085e-01 -5.21118229e-02 -5.01702872e-02 8.47547603e-01 9.98058464e-01
1.10000000e+01 9.07668232e-01 -4.49863351e-02 -4.05793035e-02 8.73855058e-01 9.95592968e-01
1.11000000e+01 9.32294826e-01 -3.73022627e-02 -3.05678699e-02 9.01561997e-01 9.93265607e-01
1.12000000e+01 9.57671119e-01 -2.91071788e-02 -2.01990864e-02 9.30494648e-01 9.91091908e-01
1.13000000e+01 9.83567103e-01 -2.04654308e-02 -9.55077962e-03 9.60433010e-01 9.89085349e-01
1.14000000e+01 1.00971661e+00 -1.14596543e-02 1.28296795e-03 9.91106282e-01 9.87257378e-01
1.15000000e+01 1.03581821e+00 -2.19169791e-03 1.21908649e-02 1.02219003e+00 9.85617437e-01
1.16000000e+01 1.06153826e+00 7.21730360e-03 2.30442984e-02 1.05330590e+00 9.84173005e-01
1.17000000e+01 1.08651652e+00 1.66279783e-02 3.36983351e-02 1.08402465e+00 9.82929643e-01
1.18000000e+01 1.11037444e+00 2.58851294e-02 4.39940784e-02 1.11387329e+00 9.81891051e-01
1.19000000e+01 1.13272616e+00 3.48216706e-02 5.37625433e-02 1.14234676e+00 9.81059127e-01
1.20000000e+01 1.15319177e+00 4.32641127e-02 6.28300775e-02 1.16892427e+00 9.80434035e-01
1.21000000e+01 1.17141224e+00 5.10394403e-02 7.10251683e-02 1.19308978e+00 9.80014272e-01
1.22000000e+01 1.18706502e+00 5.79830063e-02 7.81862664e-02 1.21435554e+00 9.79796740e-01
1.23000000e+01 1.19987909e+00 6.39468619e-02 8.41700388e-02 1.23228694e+00 9.79776823e-01
1.24000000e+01 1.20964814e+00 6.88077763e-02 8.88593112e-02 1.24652640e+00 9.79948465e-01
1.25000000e+01 1.21624070e+00 7.24741386e-02 9.21698888e-02 1.25681392e+00 9.80304250e-01
1.26000000e+01 1.21960620e+00 7.48909922e-02 9.40555058e-02 1.26300200e+00 9.80835486e-01
1.27000000e+01 1.21977631e+00 7.60426390e-02 9.45103420e-02 1.26506332e+00 9.81532297e-01
1.28000000e+01 1.21686172e+00 7.59525424e-02 9.35688342e-02 1.26309021e+00 9.82383708e-01
1.29000000e+01 1.21104449e+00 7.46805963e-02 9.13028490e-02 1.25728629e+00 9.83377747e-01
1.30000000e+01 1.20256699e+00 7.23181449e-02 8.78166020e-02 1.24795135e+00 9.84501543e-01
1.31000000e+01 1.19171858e+00 6.89813801e-02 8.32399497e-02 1.23546128e+00 9.85741430e-01
1.32000000e+01 1.17882113e+00 6.48038652e-02 7.77208029e-02 1.22024547e+00 9.87083062e-01
1.33000000e+01 1.16421467e+00 5.99289349e-02 7.14174107e-02 1.20276376e+00 9.88511524e-01
1.34000000e+01 1.14824407e+00 5.45026148e-02 6.44911591e-02 1.18348493e+00 9.90011456e-01
1.35000000e+01 1.13124759e+00 4.86675320e-02 5.71003563e-02 1.16286824e+00 9.91567176e-01
1.36000000e+01 1.11354754e+00 4.25580930e-02 4.93952807e-02 1.14134865e+00 9.93162812e-01
1.37000000e+01 1.09544340e+00 3.62970208e-02 4.15145839e-02 1.11932619e+00 9.94782437e-01
1.38000000e+01 1.07720719e+00 2.99931933e-02 3.35829938e-02 1.09715918e+00 9.96410200e-01
1.39000000e+01 1.05908085e+00 2.37406278e-02 2.57101602e-02 1.07516095e+00 9.98030468e-01
1.40000000e+01 1.04127544e+00 1.76183972e-02 1.79904335e-02 1.05359926e+00 9.99627964e-01
1.41000000e+01 1.02397164e+00 1.16912509e-02 1.05033483e-02 1.03269795e+00 1.00118790e+00
1.42000000e+01 1.00732126e+00 6.01072132e-03 3.31459604e-03 1.01263991e+00 1.00269613e+00
1.43000000e+01 9.91449432e-01 6.16527915e-04 -3.52270097e-03 9.93571126e-01 1.00413923e+00
1.44000000e+01 9.76457215e-01 -4.46187609e-03 -9.96656552e-03 9.75604993e-01 1.00550469e+00
1.45000000e+01 9.62424352e-01 -9.20373068e-03 -1.59847075e-02 9.58826854e-01 1.00678098e+00
1.46000000e+01 9.49412039e-01 -1.35954532e-02 -2.15531130e-02 9.43298321e-01 1.00795766e+00
1.47000000e+01 9.37465583e-01 -1.76292346e-02 -2.66547328e-02 9.29061300e-01 1.00902550e+00
1.48000000e+01 9.26616856e-01 -2.13017790e-02 -3.12783030e-02 9.16141615e-01 1.00997652e+00
1.49000000e+01 9.16886506e-01 -2.46132040e-02 -3.54173085e-02 9.04552179e-01 1.01080410e+00
1.50000000e+01 9.08285908e-01 -2.75661020e-02 -3.90690949e-02 8.94295708e-01 1.01150299e+00
1.51000000e+01 9.00818829e-01 -3.01647608e-02 -4.22341202e-02 8.85366999e-01 1.01206936e+00
1.52000000e+01 8.94482828e-01 -3.24145316e-02 -4.49153391e-02 8.77754790e-01 1.01250081e+00
1.53000000e+01 8.89270408e-01 -3.43213340e-02 -4.71177049e-02 8.71443256e-01 1.01279637e+00
1.54000000e+01 8.85169921e-01 -3.58912844e-02 -4.88477787e-02 8.66413158e-01 1.01295649e+00
1.55000000e+01 8.82166266e-01 -3.71304335e-02 -5.01134309e-02 8.62642705e-01 1.01298300e+00
1.56000000e+01 8.80241383e-01 -3.80446034e-02 -5.09236253e-02 8.60108146e-01 1.01287902e+00
1.57000000e+01 8.79374577e-01 -3.86393101e-02 -5.12882753e-02 8.58784139e-01 1.01264897e+00
1.58000000e+01 8.79542681e-01 -3.89197626e-02 -5.12181623e-02 8.58643913e-01 1.01229840e+00
1.59000000e+01 8.80720077e-01 -3.88909303e-02 -5.07249102e-02 8.59659249e-01 1.01183398e+00
1.60000000e+01 8.82878601e-01 -3.85576686e-02 -4.98210085e-02 8.61800314e-01 1.01126334e+00
1.61000000e+01 8.85987334e-01 -3.79248976e-02 -4.85198804e-02 8.65035342e-01 1.01059498e+00
1.62000000e+01 8.90012299e-01 -3.69978252e-02 -4.68359880e-02 8.69330199e-01 1.00983816e+00
1.63000000e+01 8.94916087e-01 -3.57822098e-02 -4.47849738e-02 8.74647843e-01 1.00900276e+00
1.64000000e+01 9.00657423e-01 -3.42846545e-02 -4.23838304e-02 8.80947685e-01 1.00809918e+00
1.65000000e+01 9.07190683e-01 -3.25129270e-02 -3.96510951e-02 8.88184883e-01 1.00713817e+00
1.66000000e+01 9.14465401e-01 -3.04762961e-02 -3.66070631e-02 8.96309578e-01 1.00613077e+00
1.67000000e+01 9.22425768e-01 -2.81858765e-02 -3.32740103e-02 9.05266103e-01 1.00508813e+00
1.68000000e+01 9.31010170e-01 -2.56549718e-02 -2.96764191e-02 9.14992190e-01 1.00402145e+00
1.69000000e+01 9.40150780e-01 -2.28994015e-02 -2.58411931e-02 9.25418212e-01 1.00294179e+00
1.70000000e+01 9.49773239e-01 -1.99378004e-02 -2.17978509e-02 9.36466498e-01 1.00186005e+00
1.71000000e+01 9.59796473e-01 -1.67918727e-02 -1.75786799e-02 9.48050768e-01 1.00078681e+00
1.72000000e+01 9.70132668e-01 -1.34865824e-02 -1.32188368e-02 9.60075744e-01 9.99732254e-01
1.73000000e+01 9.80687450e-01 -1.00502632e-02 -8.75637347e-03 9.72436990e-01 9.98706110e-01
1.74000000e+01 9.91360303e-01 -6.51462595e-03 -4.23216956e-03 9.85021035e-01 9.97717544e-01
1.75000000e+01 1.00204525e+00 -2.91464661e-03 3.10245703e-04 9.97705845e-01 9.96775108e-01
1.76000000e+01 1.01263184e+00 7.11683138e-04 4.82500045e-03 1.01036168e+00 9.95886683e-01
1.77000000e+01 1.02300639e+00 4.32375436e-03 9.26432792e-03 1.02285241e+00 9.95059426e-01
1.78000000e+01 1.03305360e+00 7.87889562e-03 1.35791620e-02 1.03503722e+00 9.94299734e-01
1.79000000e+01 1.04265837e+00 1.13330828e-02 1.77198795e-02 1.04677284e+00 9.93613203e-01
1.80000000e+01 1.05170788e+00 1.46417929e-02 2.16371794e-02 1.05791615e+00 9.93004614e-01
1.81000000e+01 1.06009386e+00 1.77609811e-02 2.52830761e-02 1.06832713e+00 9.92477905e-01
1.82000000e+01 1.06771494e+00 2.06481469e-02 2.86119772e-02 1.07787210e+00 9.92036170e-01
1.83000000e+01 1.07447903e+00 2.32634484e-02 3.15817997e-02 1.08642705e+00 9.91681649e-01
1.84000000e+01 1.08030550e+00 2.55708119e-02 3.41550769e-02 1.09388097e+00 9.91415735e-01
1.85000000e+01 1.08512731e+00 2.75389806e-02 3.62999980e-02 1.10013898e+00 9.91238983e-01
1.86000000e+01 1.08889270e+00 2.91424454e-02 3.79913230e-02 1.10512509e+00 9.91151122e-01
1.87000000e+01 1.09156648e+00 3.03622038e-02 3.92111208e-02 1.10878445e+00 9.91151083e-01
1.88000000e+01 1.09313093e+00 3.11863016e-02 3.99492850e-02 1.11108487e+00 9.91237017e-01
1.89000000e+01 1.09358608e+00 3.16101261e-02 4.02037949e-02 1.11201772e+00 9.91406331e-01
1.90000000e+01 1.09294950e+00 3.16364330e-02 3.99807073e-02 1.11159785e+00 9.91655726e-01
1.91000000e+01 1.09125554e+00 3.12751109e-02 3.92938792e-02 1.10986287e+00 9.91981232e-01
1.92000000e+01 1.08855412e+00 3.05426990e-02 3.81644410e-02 1.10687158e+00 9.92378258e-01
1.93000000e+01 1.08490907e+00 2.94616943e-02 3.66200537e-02 1.10270180e+00 9.92841641e-01
1.94000000e+01 1.08039623e+00 2.80596921e-02 3.46939968e-02 1.09744769e+00 9.93365695e-01
1.95000000e+01 1.07510121e+00 2.63684125e-02 3.24241376e-02 1.09121669e+00 9.93944275e-01
1.96000000e+01 1.06911718e+00 2.44226681e-02 2.98518390e-02 1.08412635e+00 9.94570829e-01
1.97000000e+01 1.06254251e+00 2.22593266e-02 2.70208588e-02 1.07630104e+00 9.95238468e-01
1.98000000e+01 1.05547858e+00 1.99163136e-02 2.39762868e-02 1.06786889e+00 9.95940027e-01
1.99000000e+01 1.04802771e+00 1.74316959e-02 2.07635606e-02 1.05895882e+00 9.96668135e-01
2.00000000e+01 1.04029130e+00 1.48428740e-02 1.74275886e-02 1.04969805e+00 9.97415285e-01
2.01000000e+01 1.03236821e+00 1.21859012e-02 1.40119978e-02 1.04020990e+00 9.98173903e-01
2.02000000e+01 1.02435337e+00 9.49493867e-03 1.05585186e-02 1.03061198e+00 9.98936420e-01
2.03000000e+01 1.01633679e+00 6.80184610e-03 7.10650381e-03 1.02101485e+00 9.99695342e-01
2.04000000e+01 1.00840265e+00 4.13590144e-03 3.69257817e-03 1.01152106e+00 1.00044332e+00
2.05000000e+01 1.00062878e+00 1.52363712e-03 3.50405485e-04 1.00222445e+00 1.00117323e+00
2.06000000e+01 9.93086320e-01 -1.01122220e-03 -2.88944036e-03 9.93209897e-01 1.00187822e+00
2.07000000e+01 9.85839502e-01 -3.44773755e-03 -5.99951737e-03 9.84553228e-01 1.00255178e+00
2.08000000e+01 9.78945692e-01 -5.76766675e-03 -8.95548684e-03 9.76321360e-01 1.00318782e+00
2.09000000e+01 9.72455485e-01 -7.95532558e-03 -1.17360307e-02 9.68572613e-01 1.00378071e+00
2.10000000e+01 9.66412922e-01 -9.99741448e-03 -1.43227291e-02 9.61357127e-01 1.00432531e+00
2.11000000e+01 9.60855766e-01 -1.18828248e-02 -1.66999125e-02 9.54717350e-01 1.00481709e+00
2.12000000e+01 9.55815820e-01 -1.36024361e-02 -1.88544982e-02 9.48688567e-01 1.00525206e+00
2.13000000e+01 9.51319272e-01 -1.51489150e-02 -2.07758215e-02 9.43299442e-01 1.00562691e+00
2.14000000e+01 9.47387035e-01 -1.65165225e-02 -2.24554690e-02 9.38572540e-01 1.00593895e+00
2.15000000e+01 9.44035080e-01 -1.77009365e-02 -2.38871190e-02 9.34524826e-01 1.00618618e+00
2.16000000e+01 9.41274750e-01 -1.86990936e-02 -2.50663945e-02 9.31168117e-01 1.00636730e+00
2.17000000e+01 9.39113041e-01 -1.95090540e-02 -2.59907302e-02 9.28509486e-01 1.00648168e+00
2.18000000e+01 9.37552849e-01 -2.01298896e-02 -2.66592567e-02 9.26551597e-01 1.00652937e+00
2.19000000e+01 9.36593183e-01 -2.05615982e-02 -2.70727021e-02 9.25292998e-01 1.00651110e+00
2.20000000e+01 9.36229337e-01 -2.08050418e-02 -2.72333114e-02 9.24728335e-01 1.00642827e+00
2.21000000e+01 9.36453020e-01 -2.08619102e-02 -2.71447829e-02 9.24848524e-01 1.00628287e+00
2.22000000e+01 9.37252463e-01 -2.07347060e-02 -2.68122216e-02 9.25640851e-01 1.00607752e+00
2.23000000e+01 9.38612477e-01 -2.04267520e-02 -2.62421069e-02 9.27089034e-01 1.00581535e+00
2.24000000e+01 9.40514498e-01 -1.99422152e-02 -2.54422743e-02 9.29173236e-01 1.00550006e+00
2.25000000e+01 9.42936604e-01 -1.92861478e-02 -2.44219063e-02 9.31870040e-01 1.00513576e+00
2.26000000e+01 9.45853521e-01 -1.84645396e-02 -2.31915334e-02 9.35152394e-01 1.00472699e+00
2.27000000e+01 9.49236616e-01 -1.74843781e-02 -2.17630392e-02 9.38989543e-01 1.00427866e+00
2.28000000e+01 9.53053902e-01 -1.63537141e-02 -2.01496672e-02 9.43346951e-01 1.00379595e+00
2.29000000e+01 9.57270044e-01 -1.50817255e-02 -1.83660261e-02 9.48186222e-01 1.00328430e+00
2.30000000e+01 9.61846400e-01 -1.36787766e-02 -1.64280884e-02 9.53465047e-01 1.00274931e+00
2.31000000e+01 9.66741080e-01 -1.21564667e-02 -1.43531789e-02 9.59137176e-01 1.00219671e+00
2.32000000e+01 9.71909059e-01 -1.05276625e-02 -1.21599469e-02 9.65152444e-01 1.00163228e+00
2.33000000e+01 9.77302333e-01 -8.80650944e-03 -9.86831983e-03 9.71456851e-01 1.00106181e+00
2.34000000e+01 9.82870152e-01 -7.00841681e-03 -7.49943003e-03 9.77992723e-01 1.00049101e+00
2.35000000e+01 9.88559303e-01 -5.15001051e-03 -5.07551411e-03 9.84698961e-01 9.99925504e-01
2.36000000e+01 9.94314493e-01 -3.24905063e-03 -2.61977808e-03 9.91511393e-01 9.99370727e-01
2.37000000e+01 1.00007879e+00 -1.32430930e-03 -1.56226621e-04 9.98363237e-01 9.98831917e-01
2.38000000e+01 1.00579418e+00 6.04592821e-04 2.29054574e-03 1.00518568e+00 9.98314047e-01
2.39000000e+01 1.01140214e+00 2.51739252e-03 4.69560201e-03 1.01190860e+00 9.97821791e-01
2.40000000e+01 1.01684440e+00 4.39343109e-03 7.03394736e-03 1.01846133e+00 9.97359484e-01
2.41000000e+01 1.02206361e+00 6.21193951e-03 9.28084762e-03 1.02477363e+00 9.96931092e-01
2.42000000e+01 1.02700421e+00 7.95235641e-03 1.14121763e-02 1.03077671e+00 9.96540180e-01
2.43000000e+01 1.03161324e+00 9.59467128e-03 1.34047824e-02 1.03640424e+00 9.96189889e-01
2.44000000e+01 1.03584118e+00 1.11197834e-02 1.52368698e-02 1.04159352e+00 9.95882914e-01
2.45000000e+01 1.03964280e+00 1.25098653e-02 1.68883766e-02 1.04628662e+00 9.95621489e-01
2.46000000e+01 1.04297792e+00 1.37487182e-02 1.83413416e-02 1.05043140e+00 9.95407377e-01
2.47000000e+01 1.04581211e+00 1.48221054e-02 1.95802460e-02 1.05398260e+00 9.95241859e-01
2.48000000e+01 1.04811739e+00 1.57180527e-02 2.05923152e-02 1.05690268e+00 9.95125738e-01
2.49000000e+01 1.04987264e+00 1.64271000e-02 2.13677705e-02 1.05916264e+00 9.95059330e-01
2.50000000e+01 1.05106402e+00 1.69424973e-02 2.19000188e-02 1.06074253e+00 9.95042478e-01
2.51000000e+01 1.05168518e+00 1.72603333e-02 2.21857730e-02 1.06163188e+00 9.95074560e-01
2.52000000e+01 1.05173731e+00 1.73795942e-02 2.22250967e-02 1.06182979e+00 9.95154497e-01
2.53000000e+01 1.05122901e+00 1.73021478e-02 2.20213724e-02 1.06134489e+00 9.95280775e-01
2.54000000e+01 1.05017606e+00 1.70326570e-02 2.15811945e-02 1.06019505e+00 9.95451463e-01
2.55000000e+01 1.04860099e+00 1.65784244e-02 2.09141904e-02 1.05840681e+00 9.95664234e-01
2.56000000e+01 1.04653256e+00 1.59491776e-02 2.00327800e-02 1.05601474e+00 9.95916398e-01
2.57000000e+01 1.04400507e+00 1.51568051e-02 1.89518808e-02 1.05306057e+00 9.96204924e-01
2.58000000e+01 1.04105766e+00 1.42150523e-02 1.76885731e-02 1.04959220e+00 9.96526479e-01
2.59000000e+01 1.03773351e+00 1.31391928e-02 1.62617363e-02 1.04566267e+00 9.96877456e-01
2.60000000e+01 1.03407902e+00 1.19456855e-02 1.46916694e-02 1.04132902e+00 9.97254016e-01
2.61000000e+01 1.03014296e+00 1.06518316e-02 1.29997093e-02 1.03665125e+00 9.97652122e-01
2.62000000e+01 1.02597565e+00 9.27544039e-03 1.12078569e-02 1.03169115e+00 9.98067583e-01
2.63000000e+01 1.02162820e+00 7.83451498e-03 9.33842146e-03 1.02651136e+00 9.98496094e-01
2.64000000e+01 1.01715178e+00 6.34696449e-03 7.41369051e-03 1.02117435e+00 9.98933274e-01
2.65000000e+01 1.01259691e+00 4.83034845e-03 5.45563200e-03 1.01574161e+00 9.99374716e-01
2.66000000e+01 1.00801292e+00 3.30165687e-03 3.48563140e-03 1.01027292e+00 9.99816025e-01
2.67000000e+01 1.00344741e+00 1.77712733e-03 1.52426650e-03 1.00482566e+00 1.00025286e+00
2.68000000e+01 9.98945802e-01 2.72099207e-04 -4.08880088e-04 9.99454339e-01 1.00068098e+00
2.69000000e+01 9.94551005e-01 -1.19909680e-03 -2.29537197e-03 9.94210159e-01 1.00109628e+00
2.70000000e+01 9.90303117e-01 -2.62321630e-03 -4.11803569e-03 9.89140712e-01 1.00149482e+00
2.71000000e+01 9.86239210e-01 -3.98814960e-03 -5.86104613e-03 9.84289758e-01 1.00187290e+00
2.72000000e+01 9.82393181e-01 -5.28294472e-03 -7.50998445e-03 9.79697086e-01 1.00222704e+00
2.73000000e+01 9.78795646e-01 -6.49780940e-03 -9.05187204e-03 9.75398447e-01 1.00255406e+00
2.74000000e+01 9.75473887e-01 -7.62409631e-03 -1.04751848e-02 9.71425534e-01 1.00285109e+00
2.75000000e+01 9.72451836e-01 -8.65427556e-03 -1.17698513e-02 9.67806022e-01 1.00311558e+00
2.76000000e+01 9.69750084e-01 -9.58189851e-03 -1.29272385e-02 9.64563625e-01 1.00334534e+00
2.77000000e+01 9.67385921e-01 -1.04015563e-02 -1.39401283e-02 9.61718187e-01 1.00353857e+00
2.78000000e+01 9.65373383e-01 -1.11088359e-02 -1.48026880e-02 9.59285788e-01 1.00369385e+00
2.79000000e+01 9.63723317e-01 -1.17002773e-02 -1.55104365e-02 9.57278850e-01 1.00381016e+00
2.80000000e+01 9.62443451e-01 -1.21733319e-02 -1.60602087e-02 9.55706251e-01 1.00388688e+00
2.81000000e+01 9.61538463e-01 -1.25263262e-02 -1.64501203e-02 9.54573433e-01 1.00392379e+00
2.82000000e+01 9.61010057e-01 -1.27584300e-02 -1.66795322e-02 9.53882506e-01 1.00392110e+00
2.83000000e+01 9.60857026e-01 -1.28696307e-02 -1.67490181e-02 9.53632333e-01 1.00387939e+00
2.84000000e+01 9.61075328e-01 -1.28607136e-02 -1.66603327e-02 9.53818621e-01 1.00379962e+00
2.85000000e+01 9.61658142e-01 -1.27332485e-02 -1.64163828e-02 9.54433986e-01 1.00368313e+00
2.86000000e+01 9.62595938e-01 -1.24895809e-02 -1.60212001e-02 9.55468019e-01 1.00353162e+00
2.87000000e+01 9.63876535e-01 -1.21328293e-02 -1.54799152e-02 9.56907340e-01 1.00334709e+00
2.88000000e+01 9.65485165e-01 -1.16668840e-02 -1.47987311e-02 9.58735654e-01 1.00313185e+00
2.89000000e+01 9.67404543e-01 -1.10964097e-02 -1.39848976e-02 9.60933795e-01 1.00288849e+00
2.90000000e+01 9.69614942e-01 -1.04268467e-02 -1.30466819e-02 9.63479789e-01 1.00261984e+00
2.91000000e+01 9.72094279e-01 -9.66441193e-03 -1.19933370e-02 9.66348914e-01 1.00232893e+00
2.92000000e+01 9.74818216e-01 -8.81609514e-03 -1.08350638e-02 9.69513777e-01 1.00201897e+00
2.93000000e+01 9.77760279e-01 -7.88965016e-03 -9.58296717e-03 9.72944416e-01 1.00169332e+00
2.94000000e+01 9.80892001e-01 -6.89357776e-03 -8.24900303e-03 9.76608416e-01 1.00135543e+00
2.95000000e+01 9.84183086e-01 -5.83709867e-03 -6.84591489e-03 9.80471072e-01 1.00100882e+00
2.96000000e+01 9.87601607e-01 -4.73011454e-03 -5.38715885e-03 9.84495568e-01 1.00065704e+00
2.97000000e+01 9.91114233e-01 -3.58315530e-03 -3.88681519e-03 9.88643214e-01 1.00030366e+00
2.98000000e+01 9.94686485e-01 -2.40731123e-03 -2.35948556e-03 9.92873718e-01 9.99952174e-01
2.99000000e+01 9.98283032e-01 -1.21414904e-03 -8.20175356e-04 9.97145500e-01 9.99606026e-01
3.00000000e+01 1.00186801e+00 -1.56112703e-05 7.15839258e-04 1.00141607e+00 9.99268549e-01
3.01000000e+01 1.00540540e+00 1.17610066e-03 2.23315889e-03 1.00564242e+00 9.98942942e-01
3.02000000e+01 1.00885938e+00 2.34865910e-03 3.71642224e-03 1.00978150e+00 9.98632237e-01
3.03000000e+01 1.01219474e+00 3.48975685e-03 5.15047922e-03 1.01379072e+00 9.98339278e-01
3.04000000e+01 1.01537733e+00 4.58726549e-03 6.52057352e-03 1.01762841e+00 9.98066692e-01
3.05000000e+01 1.01837447e+00 5.62940259e-03 7.81253136e-03 1.02125447e+00 9.97816871e-01
3.06000000e+01 1.02115538e+00 6.60490368e-03 9.01295257e-03 1.02463081e+00 9.97591951e-01
3.07000000e+01 1.02369161e+00 7.50319511e-03 1.01093997e-02 1.02772199e+00 9.97393795e-01
3.08000000e+01 1.02595746e+00 8.31456284e-03 1.10905801e-02 1.03049572e+00 9.97223983e-01
3.09000000e+01 1.02793031e+00 9.03031235e-03 1.19465169e-02 1.03292335e+00 9.97083795e-01
3.10000000e+01 1.02959099e+00 9.64291477e-03 1.26687025e-02 1.03498032e+00 9.96974212e-01
3.11000000e+01 1.03092405e+00 1.01461345e-02 1.32502312e-02 1.03664660e+00 9.96895903e-01
3.12000000e+01 1.03191796e+00 1.05351339e-02 1.36859060e-02 1.03790695e+00 9.96849228e-01
3.13000000e+01 1.03256532e+00 1.08065525e-02 1.39723165e-02 1.03875119e+00 9.96834236e-01
3.14000000e+01 1.03286290e+00 1.09585559e-02 1.41078852e-02 1.03917433e+00 9.96850671e-01
3.15000000e+01 1.03281168e+00 1.09908556e-02 1.40928799e-02 1.03917662e+00 9.96897976e-01
3.16000000e+01 1.03241676e+00 1.09046968e-02 1.39293933e-02 1.03876348e+00 9.96975304e-01
3.17000000e+01 1.03168730e+00 1.07028160e-02 1.36212890e-02 1.03794539e+00 9.97081527e-01
3.18000000e+01 1.03063623e+00 1.03893702e-02 1.31741164e-02 1.03673760e+00 9.97215254e-01
3.19000000e+01 1.02928009e+00 9.96983916e-03 1.25949979e-02 1.03515984e+00 9.97374841e-01
3.20000000e+01 1.02763864e+00 9.45090628e-03 1.18924903e-02 1.03323589e+00 9.97558416e-01
3.21000000e+01 1.02573456e+00 8.84032016e-03 1.10764270e-02 1.03099317e+00 9.97763893e-01
3.22000000e+01 1.02359304e+00 8.14674287e-03 1.01577439e-02 1.02846223e+00 9.97988999e-01
3.23000000e+01 1.02124136e+00 7.37958904e-03 9.14829538e-03 1.02567618e+00 9.98231294e-01
3.24000000e+01 1.01870851e+00 6.54886059e-03 8.06066351e-03 1.02267019e+00 9.98488197e-01
3.25000000e+01 1.01602471e+00 5.66498166e-03 6.90796738e-03 1.01948092e+00 9.98757014e-01
3.26000000e+01 1.01322100e+00 4.73863767e-03 5.70367497e-03 1.01614599e+00 9.99034963e-01
3.27000000e+01 1.01032889e+00 3.78062209e-03 4.46142226e-03 1.01270347e+00 9.99319200e-01
3.28000000e+01 1.00737989e+00 2.80169372e-03 3.19484239e-03 1.00919138e+00 9.99606851e-01
3.29000000e+01 1.00440520e+00 1.81244670e-03 1.91740744e-03 1.00564726e+00 9.99895039e-01
3.30000000e+01 1.00143536e+00 8.23194688e-04 6.42284480e-04 1.00210776e+00 1.00018091e+00
3.31000000e+01 9.98499972e-01 -1.56129845e-04 -6.17792987e-04 9.98608284e-01 1.00046166e+00
3.32000000e+01 9.95627416e-01 -1.11606116e-03 -1.85063761e-03 9.95182664e-01 1.00073458e+00
3.33000000e+01 9.92844630e-01 -2.04767076e-03 -3.04470491e-03 9.91862919e-01 1.00099703e+00
3.34000000e+01 9.90176913e-01 -2.94262375e-03 -4.18917466e-03 9.88679027e-01 1.00124655e+00
3.35000000e+01 9.87647762e-01 -3.79322198e-03 -5.27401757e-03 9.85658743e-01 1.00148080e+00
3.36000000e+01 9.85278743e-01 -4.59243550e-03 -6.29004858e-03 9.82827467e-01 1.00169761e+00
3.37000000e+01 9.83089379e-01 -5.33392366e-03 -7.22896795e-03 9.80208140e-01 1.00189504e+00
3.38000000e+01 9.81097078e-01 -6.01204748e-03 -8.08339143e-03 9.77821170e-01 1.00207134e+00
3.39000000e+01 9.79317069e-01 -6.62187494e-03 -8.84687108e-03 9.75684383e-01 1.00222500e+00
3.40000000e+01 9.77762367e-01 -7.15918060e-03 -9.51390788e-03 9.73813004e-01 1.00235473e+00
3.41000000e+01 9.76443749e-01 -7.62044105e-03 -1.00799577e-02 9.72219644e-01 1.00245952e+00
3.42000000e+01 9.75369747e-01 -8.00282734e-03 -1.05414313e-02 9.70914310e-01 1.00253860e+00
3.43000000e+01 9.74546650e-01 -8.30419568e-03 -1.08956905e-02 9.69904423e-01 1.00259149e+00
3.44000000e+01 9.73978519e-01 -8.52307703e-03 -1.11410390e-02 9.69194845e-01 1.00261796e+00
3.45000000e+01 9.73667206e-01 -8.65866651e-03 -1.12767123e-02 9.68787909e-01 1.00261805e+00
3.46000000e+01 9.73612387e-01 -8.71081288e-03 -1.13028628e-02 9.68683462e-01 1.00259205e+00
3.47000000e+01 9.73811592e-01 -8.68000850e-03 -1.12205442e-02 9.68878903e-01 1.00254054e+00
3.48000000e+01 9.74260253e-01 -8.56737976e-03 -1.10316930e-02 9.69369234e-01 1.00246431e+00
3.49000000e+01 9.74951746e-01 -8.37467766e-03 -1.07391081e-02 9.70147106e-01 1.00236443e+00
3.50000000e+01 9.75877452e-01 -8.10426855e-03 -1.03464275e-02 9.71202876e-01 1.00224216e+00
3.51000000e+01 9.77026814e-01 -7.75912411e-03 -9.85810332e-03 9.72524669e-01 1.00209898e+00
3.52000000e+01 9.78387414e-01 -7.34281023e-03 -9.27937253e-03 9.74098445e-01 1.00193656e+00
3.53000000e+01 9.79945049e-01 -6.85947391e-03 -8.61622477e-03 9.75908077e-01 1.00175675e+00
3.54000000e+01 9.81683827e-01 -6.31382720e-03 -7.87536550e-03 9.77935442e-01 1.00156154e+00
3.55000000e+01 9.83586270e-01 -5.71112760e-03 -7.06417430e-03 9.80160524e-01 1.00135305e+00
3.56000000e+01 9.85633435e-01 -5.05715358e-03 -6.19065751e-03 9.82561531e-01 1.00113350e+00
3.57000000e+01 9.87805044e-01 -4.35817464e-03 -5.26339455e-03 9.85115036e-01 1.00090522e+00
3.58000000e+01 9.90079640e-01 -3.62091502e-03 -4.29147743e-03 9.87796130e-01 1.00067056e+00
3.59000000e+01 9.92434747e-01 -2.85251014e-03 -3.28444301e-03 9.90578604e-01 1.00043193e+00
3.60000000e+01 9.94847064e-01 -2.06045551e-03 -2.25219751e-03 9.93435149e-01 1.00019174e+00
3.61000000e+01 9.97292658e-01 -1.25254756e-03 -1.20493347e-03 9.96337585e-01 9.99952386e-01
3.62000000e+01 9.99747186e-01 -4.36816317e-04 -1.53039005e-04 9.99257106e-01 9.99716223e-01
3.63000000e+01 1.00218613e+00 3.78549813e-04 8.93000092e-04 1.00216455e+00 9.99485550e-01
3.64000000e+01 1.00458505e+00 1.18528676e-03 1.92270471e-03 1.00503070e+00 9.99262582e-01
3.65000000e+01 1.00691981e+00 1.97514415e-03 2.92571230e-03 1.00782657e+00 9.99049432e-01
3.66000000e+01 1.00916691e+00 2.73998008e-03 3.89189090e-03 1.01052376e+00 9.98848089e-01
3.67000000e+01 1.01130367e+00 3.47186003e-03 4.81145568e-03 1.01309477e+00 9.98660404e-01
3.68000000e+01 1.01330856e+00 4.16315783e-03 5.67508612e-03 1.01551333e+00 9.98488072e-01
3.69000000e+01 1.01516145e+00 4.80665701e-03 6.47404161e-03 1.01775474e+00 9.98332615e-01
3.70000000e+01 1.01684385e+00 5.39564994e-03 7.20027326e-03 1.01979620e+00 9.98195377e-01
3.71000000e+01 1.01833914e+00 5.92403281e-03 7.84652939e-03 1.02161709e+00 9.98077503e-01
3.72000000e+01 1.01963281e+00 6.38639366e-03 8.40645234e-03 1.02319930e+00 9.97979941e-01
3.73000000e+01 1.02071262e+00 6.77809154e-03 8.87466421e-03 1.02452742e+00 9.97903427e-01
3.74000000e+01 1.02156878e+00 7.09532439e-03 9.24683943e-03 1.02558900e+00 9.97848485e-01
3.75000000e+01 1.02219407e+00 7.33518390e-03 9.51976209e-03 1.02637471e+00 9.97815422e-01
3.76000000e+01 1.02258390e+00 7.49569569e-03 9.69136675e-03 1.02687843e+00 9.97804329e-01
3.77000000e+01 1.02273640e+00 7.57584380e-03 9.76076140e-03 1.02709737e+00 9.97815082e-01
3.78000000e+01 1.02265238e+00 7.57557869e-03 9.72823199e-03 1.02703204e+00 9.97847347e-01
3.79000000e+01 1.02233533e+00 7.49580877e-03 9.59522853e-03 1.02668627e+00 9.97900580e-01
3.80000000e+01 1.02179132e+00 7.33837554e-03 9.36433303e-03 1.02606704e+00 9.97974043e-01
3.81000000e+01 1.02102889e+00 7.10601341e-03 9.03921023e-03 1.02518443e+00 9.98066803e-01
3.82000000e+01 1.02005892e+00 6.80229535e-03 8.62454248e-03 1.02405138e+00 9.98177753e-01
3.83000000e+01 1.01889444e+00 6.43156595e-03 8.12595055e-03 1.02268347e+00 9.98305615e-01
3.84000000e+01 1.01755040e+00 5.99886403e-03 7.54990235e-03 1.02109867e+00 9.98448962e-01
3.85000000e+01 1.01604349e+00 5.50983676e-03 6.90361197e-03 1.01931706e+00 9.98606225e-01
3.86000000e+01 1.01439186e+00 4.97064765e-03 6.19493138e-03 1.01736051e+00 9.98775716e-01
3.87000000e+01 1.01261487e+00 4.38788085e-03 5.43223724e-03 1.01525236e+00 9.98955644e-01
3.88000000e+01 1.01073284e+00 3.76844372e-03 4.62431528e-03 1.01301707e+00 9.99144128e-01
3.89000000e+01 1.00876678e+00 3.11947001e-03 3.78024453e-03 1.01067996e+00 9.99339225e-01
3.90000000e+01 1.00673813e+00 2.44822549e-03 2.90928338e-03 1.00826679e+00 9.99538942e-01
3.91000000e+01 1.00466852e+00 1.76201761e-03 2.02075940e-03 1.00580354e+00 9.99741258e-01
3.92000000e+01 1.00257952e+00 1.06811056e-03 1.12396442e-03 1.00331604e+00 9.99944146e-01
3.93000000e+01 1.00049240e+00 3.73646878e-04 2.28056105e-04 1.00082976e+00 1.00014559e+00
3.94000000e+01 9.98427941e-01 -3.14423766e-04 -6.58033014e-04 9.98369510e-01 1.00034361e+00
3.95000000e+01 9.96406244e-01 -9.89408141e-04 -1.52567843e-03 9.95959235e-01 1.00053627e+00
3.96000000e+01 9.94446532e-01 -1.64492513e-03 -2.36663806e-03 9.93621799e-01 1.00072171e+00
3.97000000e+01 9.92567010e-01 -2.27495367e-03 -3.17311814e-03 9.91378810e-01 1.00089816e+00
3.98000000e+01 9.90784726e-01 -2.87387313e-03 -3.93783051e-03 9.89250466e-01 1.00106396e+00
3.99000000e+01 9.89115451e-01 -3.43649663e-03 -4.65404174e-03 9.87255420e-01 1.00121755e+00
4.00000000e+01 9.87573576e-01 -3.95809785e-03 -5.31561442e-03 9.85410673e-01 1.00135752e+00
4.01000000e+01 9.86172035e-01 -4.43443190e-03 -5.91704102e-03 9.83731486e-01 1.00148261e+00
4.02000000e+01 9.84922231e-01 -4.86175100e-03 -6.45347102e-03 9.82231307e-01 1.00159172e+00
4.03000000e+01 9.83833981e-01 -5.23681563e-03 -6.92073181e-03 9.80921721e-01 1.00168392e+00
4.04000000e+01 9.82915485e-01 -5.55690186e-03 -7.31534384e-03 9.79812410e-01 1.00175844e+00
4.05000000e+01 9.82173289e-01 -5.81980539e-03 -7.63453082e-03 9.78911133e-01 1.00181473e+00
4.06000000e+01 9.81612273e-01 -6.02384297e-03 -7.87622517e-03 9.78223707e-01 1.00185238e+00
4.07000000e+01 9.81235644e-01 -6.16785158e-03 -8.03906940e-03 9.77754010e-01 1.00187122e+00
4.08000000e+01 9.81044940e-01 -6.25118578e-03 -8.12241362e-03 9.77503987e-01 1.00187123e+00
4.09000000e+01 9.81040040e-01 -6.27371354e-03 -8.12630961e-03 9.77473667e-01 1.00185260e+00
4.10000000e+01 9.81219187e-01 -6.23581060e-03 -8.05150148e-03 9.77661186e-01 1.00181569e+00
4.11000000e+01 9.81579017e-01 -6.13835352e-03 -7.89941319e-03 9.78062820e-01 1.00176106e+00
4.12000000e+01 9.82114595e-01 -5.98271130e-03 -7.67213282e-03 9.78673023e-01 1.00168942e+00
4.13000000e+01 9.82819461e-01 -5.77073550e-03 -7.37239368e-03 9.79484477e-01 1.00160166e+00
4.14000000e+01 9.83685682e-01 -5.50474857e-03 -7.00355206e-03 9.80488147e-01 1.00149880e+00
4.15000000e+01 9.84703920e-01 -5.18753002e-03 -6.56956139e-03 9.81673347e-01 1.00138203e+00
4.16000000e+01 9.85863499e-01 -4.82230031e-03 -6.07494281e-03 9.83027814e-01 1.00125264e+00
4.17000000e+01 9.87152490e-01 -4.41270176e-03 -5.52475168e-03 9.84537795e-01 1.00111205e+00
4.18000000e+01 9.88557800e-01 -3.96277632e-03 -4.92453990e-03 9.86188144e-01 1.00096176e+00
4.19000000e+01 9.90065278e-01 -3.47693966e-03 -4.28031389e-03 9.87962433e-01 1.00080337e+00
4.20000000e+01 9.91659830e-01 -2.95995128e-03 -3.59848785e-03 9.89843073e-01 1.00063854e+00
4.21000000e+01 9.93325539e-01 -2.41688026e-03 -2.88583237e-03 9.91811455e-01 1.00046895e+00
4.22000000e+01 9.95045803e-01 -1.85306654e-03 -2.14941817e-03 9.93848097e-01 1.00029635e+00
4.23000000e+01 9.96803482e-01 -1.27407742e-03 -1.39655515e-03 9.95932812e-01 1.00012248e+00
4.24000000e+01 9.98581055e-01 -6.85659484e-04 -6.34726942e-04 9.98044887e-01 9.99949067e-01
4.25000000e+01 1.00036078e+00 -9.36859379e-05 1.28478916e-04 1.00016327e+00 9.99777835e-01
4.26000000e+01 1.00212489e+00 4.95900216e-04 8.85444416e-04 1.00226679e+00 9.99610456e-01
4.27000000e+01 1.00385572e+00 1.07714677e-03 1.62859773e-03 1.00433434e+00 9.99448549e-01
4.28000000e+01 1.00553597e+00 1.64415599e-03 2.35049213e-03 1.00634514e+00 9.99293664e-01
4.29000000e+01 1.00714881e+00 2.19115046e-03 3.04388633e-03 1.00827892e+00 9.99147264e-01
4.30000000e+01 1.00867813e+00 2.71254036e-03 3.70182501e-03 1.01011619e+00 9.99010715e-01
4.31000000e+01 1.01010868e+00 3.20299070e-03 4.31771843e-03 1.01183843e+00 9.98885272e-01
4.32000000e+01 1.01142626e+00 3.65748765e-03 4.88541972e-03 1.01342833e+00 9.98772068e-01
4.33000000e+01 1.01261791e+00 4.07140238e-03 5.39929852e-03 1.01487000e+00 9.98672104e-01
4.34000000e+01 1.01367201e+00 4.44055123e-03 5.85430945e-03 1.01614917e+00 9.98586242e-01
4.35000000e+01 1.01457849e+00 4.76125086e-03 6.24605423e-03 1.01725336e+00 9.98515197e-01
4.36000000e+01 1.01532887e+00 5.03036706e-03 6.57083592e-03 1.01817204e+00 9.98459531e-01
4.37000000e+01 1.01591645e+00 5.24535615e-03 6.82570428e-03 1.01889676e+00 9.98419652e-01
4.38000000e+01 1.01633630e+00 5.40429796e-03 7.00849115e-03 1.01942128e+00 9.98395807e-01
4.39000000e+01 1.01658537e+00 5.50591947e-03 7.11783501e-03 1.01974159e+00 9.98388084e-01
4.40000000e+01 1.01666250e+00 5.54960878e-03 7.15319428e-03 1.01985600e+00 9.98396415e-01
4.41000000e+01 1.01656842e+00 5.53541882e-03 7.11484894e-03 1.01976512e+00 9.98420570e-01
4.42000000e+01 1.01630572e+00 5.46406092e-03 7.00389049e-03 1.01947184e+00 9.98460170e-01
4.43000000e+01 1.01587883e+00 5.33688841e-03 6.82220055e-03 1.01898129e+00 9.98514688e-01
4.44000000e+01 1.01529388e+00 5.15587068e-03 6.57241852e-03 1.01830071e+00 9.98583452e-01
4.45000000e+01 1.01455869e+00 4.92355847e-03 6.25789921e-03 1.01743936e+00 9.98665659e-01
4.46000000e+01 1.01368257e+00 4.64304118e-03 5.88266127e-03 1.01640836e+00 9.98760380e-01
4.47000000e+01 1.01267625e+00 4.31789747e-03 5.45132771e-03 1.01522055e+00 9.98866570e-01
4.48000000e+01 1.01155168e+00 3.95214016e-03 4.96905979e-03 1.01389026e+00 9.98983080e-01
4.49000000e+01 1.01032191e+00 3.55015678e-03 4.44148562e-03 1.01243313e+00 9.99108671e-01
4.50000000e+01 1.00900089e+00 3.11664719e-03 3.87462485e-03 1.01086590e+00 9.99242022e-01
4.51000000e+01 1.00760328e+00 2.65655932e-03 3.27481109e-03 1.00920618e+00 9.99381748e-01
4.52000000e+01 1.00614434e+00 2.17502457e-03 2.64861312e-03 1.00747225e+00 9.99526411e-01
4.53000000e+01 1.00463966e+00 1.67729377e-03 2.00275647e-03 1.00568281e+00 9.99674537e-01
4.54000000e+01 1.00310504e+00 1.16867485e-03 1.34404630e-03 1.00385677e+00 9.99824629e-01
4.55000000e+01 1.00155632e+00 6.54473168e-04 6.79292809e-04 1.00201306e+00 9.99975180e-01
4.56000000e+01 1.00000917e+00 1.39935033e-04 1.52398919e-05 1.00017041e+00 1.00012470e+00
4.57000000e+01 9.98478988e-01 -3.69804752e-04 -6.41502093e-04 9.98347191e-01 1.00027170e+00
4.58000000e+01 9.96980717e-01 -8.69771104e-04 -1.28451899e-03 9.96561191e-01 1.00041475e+00
4.59000000e+01 9.95528726e-01 -1.35519228e-03 -1.90765048e-03 9.94829507e-01 1.00055246e+00
4.60000000e+01 9.94136681e-01 -1.82153876e-03 -2.50504245e-03 9.93168376e-01 1.00068350e+00
4.61000000e+01 9.92817437e-01 -2.26455751e-03 -3.07119389e-03 9.91593055e-01 1.00080664e+00
4.62000000e+01 9.91582937e-01 -2.68030154e-03 -3.60099849e-03 9.90117701e-01 1.00092070e+00
4.63000000e+01 9.90444125e-01 -3.06515515e-03 -4.08978070e-03 9.88755283e-01 1.00102463e+00
4.64000000e+01 9.89410874e-01 -3.41585495e-03 -4.53332670e-03 9.87517492e-01 1.00111747e+00
4.65000000e+01 9.88491919e-01 -3.72950707e-03 -4.92791030e-03 9.86414672e-01 1.00119840e+00
4.66000000e+01 9.87694809e-01 -4.00360083e-03 -5.27031405e-03 9.85455771e-01 1.00126671e+00
4.67000000e+01 9.87025861e-01 -4.23601920e-03 -5.55784583e-03 9.84648289e-01 1.00132183e+00
4.68000000e+01 9.86490136e-01 -4.42504629e-03 -5.78835114e-03 9.83998251e-01 1.00136330e+00
4.69000000e+01 9.86091409e-01 -4.56937238e-03 -5.96022141e-03 9.83510185e-01 1.00139085e+00
4.70000000e+01 9.85832166e-01 -4.66809640e-03 -6.07239839e-03 9.83187107e-01 1.00140430e+00
4.71000000e+01 9.85713591e-01 -4.72072640e-03 -6.12437506e-03 9.83030523e-01 1.00140365e+00
