# k S000 S110 S112 S10 S11
0.00000000e+00 9.37890625e-02 2.78215215e+00 -1.87039519e+00 4.13617763e-02 5.65254733e+00
1.00000000e-01 9.38608646e-02 2.76348668e+00 -1.86104680e+00 4.13930827e-02 5.62453347e+00
2.00000000e-01 9.40766496e-02 2.70866453e+00 -1.83358868e+00 4.14871696e-02 5.54225320e+00
3.00000000e-01 9.44375570e-02 2.62102911e+00 -1.78969229e+00 4.16445383e-02 5.41072140e+00
4.00000000e-01 9.49454985e-02 2.50560403e+00 -1.73186900e+00 4.18660318e-02 5.23747303e+00
5.00000000e-01 9.56031767e-02 2.36842206e+00 -1.66313461e+00 4.21528418e-02 5.03155666e+00
6.00000000e-01 9.64141121e-02 2.21582668e+00 -1.58666008e+00 4.25065218e-02 4.80248676e+00
7.00000000e-01 9.73826781e-02 2.05387621e+00 -1.50547360e+00 4.29290032e-02 4.55934982e+00
8.00000000e-01 9.85141448e-02 1.88792413e+00 -1.42225076e+00 4.34226158e-02 4.31017489e+00
9.00000000e-01 9.98147327e-02 1.72239097e+00 -1.33920043e+00 4.39901134e-02 4.06159140e+00
1.00000000e+00 1.01291676e-01 1.56070031e+00 -1.25803280e+00 4.46347027e-02 3.81873311e+00
1.10000000e+00 1.02953300e-01 1.40533175e+00 -1.17998584e+00 4.53600801e-02 3.58531759e+00
1.20000000e+00 1.04809103e-01 1.25794214e+00 -1.10588583e+00 4.61704721e-02 3.36382797e+00
1.30000000e+00 1.06869864e-01 1.11951523e+00 -1.03622227e+00 4.70706848e-02 3.15573750e+00
1.40000000e+00 1.09147758e-01 9.90512588e-01 -9.71223214e-01 4.80661596e-02 2.96173580e+00
1.50000000e+00 1.11656484e-01 8.71009749e-01 -9.10923355e-01 4.91630385e-02 2.78193310e+00
1.60000000e+00 1.14411427e-01 7.60810655e-01 -8.55221208e-01 5.03682396e-02 2.61603186e+00
1.70000000e+00 1.17429827e-01 6.59538863e-01 -8.03924660e-01 5.16895438e-02 2.46346352e+00
1.80000000e+00 1.20730980e-01 5.66707261e-01 -7.56785783e-01 5.31356950e-02 2.32349304e+00
1.90000000e+00 1.24336468e-01 4.81769465e-01 -7.13526474e-01 5.47165164e-02 2.19529594e+00
2.00000000e+00 1.28270413e-01 4.04156439e-01 -6.73856697e-01 5.64430440e-02 2.07801314e+00
2.10000000e+00 1.32559775e-01 3.33301643e-01 -6.37486981e-01 5.83276819e-02 1.97078862e+00
2.20000000e+00 1.37234689e-01 2.68657590e-01 -6.04136605e-01 6.03843813e-02 1.87279419e+00
2.30000000e+00 1.42328840e-01 2.09706100e-01 -5.73538625e-01 6.26288493e-02 1.78324472e+00
2.40000000e+00 1.47879900e-01 1.55964080e-01 -5.45442645e-01 6.50787908e-02 1.70140672e+00
2.50000000e+00 1.53930017e-01 1.06986202e-01 -5.19616005e-01 6.77541906e-02 1.62660221e+00
2.60000000e+00 1.60526369e-01 6.23654738e-02 -4.95843915e-01 7.06776428e-02 1.55820939e+00
2.70000000e+00 1.67721797e-01 2.17324695e-02 -4.73928867e-01 7.38747362e-02 1.49566134e+00
2.80000000e+00 1.75575512e-01 -1.52462789e-02 -4.53689608e-01 7.73745059e-02 1.43844333e+00
2.90000000e+00 1.84153895e-01 -4.88703414e-02 -4.34959847e-01 8.12099648e-02 1.38608951e+00
3.00000000e+00 1.93531392e-01 -7.94076528e-02 -4.17586809e-01 8.54187294e-02 1.33817916e+00
3.10000000e+00 2.03791515e-01 -1.07096803e-01 -4.01429719e-01 9.00437597e-02 1.29433292e+00
3.20000000e+00 2.15027946e-01 -1.32149239e-01 -3.86358263e-01 9.51342346e-02 1.25420902e+00
3.30000000e+00 2.27345754e-01 -1.54751301e-01 -3.72251053e-01 1.00746592e-01 1.21749975e+00
3.40000000e+00 2.40862706e-01 -1.75066044e-01 -3.58994094e-01 1.06945768e-01 1.18392805e+00
3.50000000e+00 2.55710671e-01 -1.93234811e-01 -3.46479259e-01 1.13806671e-01 1.15324445e+00
3.60000000e+00 2.72037069e-01 -2.09378540e-01 -3.34602755e-01 1.21415950e-01 1.12522422e+00
3.70000000e+00 2.90006326e-01 -2.23598779e-01 -3.23263556e-01 1.29874108e-01 1.09966478e+00
3.80000000e+00 3.09801241e-01 -2.35978399e-01 -3.12361779e-01 1.39298042e-01 1.07638338e+00
3.90000000e+00 3.31624130e-01 -2.46581983e-01 -3.01796962e-01 1.49824094e-01 1.05521498e+00
4.00000000e+00 3.55697574e-01 -2.55455867e-01 -2.91466208e-01 1.61611717e-01 1.03601034e+00
4.10000000e+00 3.82264470e-01 -2.62627809e-01 -2.81262152e-01 1.74847888e-01 1.01863434e+00
4.20000000e+00 4.11587012e-01 -2.68106245e-01 -2.71070673e-01 1.89752409e-01 1.00296443e+00
4.30000000e+00 4.43944069e-01 -2.71879090e-01 -2.60768328e-01 2.06584253e-01 9.88889238e-01
4.40000000e+00 4.79626247e-01 -2.73912040e-01 -2.50219410e-01 2.25649140e-01 9.76307370e-01
4.50000000e+00 5.18927719e-01 -2.74146328e-01 -2.39272585e-01 2.47308503e-01 9.65126257e-01
4.60000000e+00 5.62133705e-01 -2.72495900e-01 -2.27757062e-01 2.71989976e-01 9.55261161e-01
4.70000000e+00 6.09502262e-01 -2.68844008e-01 -2.15478268e-01 3.00199455e-01 9.46634260e-01
4.80000000e+00 6.61238989e-01 -2.63039275e-01 -2.02213095e-01 3.32534535e-01 9.39173819e-01
4.90000000e+00 7.17463370e-01 -2.54891436e-01 -1.87704876e-01 3.69698811e-01 9.32813440e-01
5.00000000e+00 7.78166013e-01 -2.44167161e-01 -1.71658531e-01 4.12515776e-01 9.27491370e-01
5.10000000e+00 8.43157224e-01 -2.30586772e-01 -1.53736646e-01 4.61939935e-01 9.23149874e-01
5.20000000e+00 9.12009389e-01 -2.13823301e-01 -1.33557960e-01 5.19060779e-01 9.19734660e-01
5.30000000e+00 9.83998707e-01 -1.93506344e-01 -1.10700690e-01 5.85092276e-01 9.17194345e-01
5.40000000e+00 1.05805570e+00 -1.69234675e-01 -8.47146471e-02 6.61336031e-01 9.15479972e-01
5.50000000e+00 1.13273793e+00 -1.40603590e-01 -5.51481461e-02 7.49100118e-01 9.14544556e-01
5.60000000e+00 1.20624109e+00 -1.07255383e-01 -2.15980584e-02 8.49548500e-01 9.14342675e-01
5.70000000e+00 1.27646352e+00 -6.89632050e-02 1.62067058e-02 9.63450207e-01 9.14830089e-01
5.80000000e+00 1.34113302e+00 -2.57578856e-02 5.82787164e-02 1.09079955e+00 9.15963398e-01
5.90000000e+00 1.39799145e+00 2.18999278e-02 1.04200199e-01 1.23030033e+00 9.17699729e-01
6.00000000e+00 1.44501568e+00 7.29193620e-02 1.52922903e-01 1.37876517e+00 9.19996459e-01
6.10000000e+00 1.48063768e+00 1.25402954e-01 2.02591979e-01 1.53058691e+00 9.22810975e-01
6.20000000e+00 1.50391900e+00 1.76590865e-01 2.50490403e-01 1.67757167e+00 9.26100462e-01
6.30000000e+00 1.51464224e+00 2.23045981e-01 2.93224237e-01 1.80949446e+00 9.29821743e-01
6.40000000e+00 1.51330109e+00 2.61154138e-01 3.27222992e-01 1.91560012e+00 9.33931146e-01
6.50000000e+00 1.50099696e+00 2.87869296e-01 3.49484875e-01 1.98683905e+00 9.38384421e-01
6.60000000e+00 1.47927089e+00 3.01450232e-01 3.58313529e-01 2.01807729e+00 9.43136703e-01
6.70000000e+00 1.44991027e+00 3.01863103e-01 3.53720582e-01 2.00930427e+00 9.48142521e-01
6.80000000e+00 1.41476643e+00 2.90667431e-01 3.37311578e-01 1.96529059e+00 9.53355852e-01
6.90000000e+00 1.37560820e+00 2.70475290e-01 3.11745056e-01 1.89396540e+00 9.58730234e-01
7.00000000e+00 1.33402211e+00 2.44262336e-01 2.80043418e-01 1.80434917e+00 9.64218918e-01
7.10000000e+00 1.29135821e+00 2.14798273e-01 2.45023191e-01 1.70484465e+00 9.69775082e-01
7.20000000e+00 1.24871321e+00 1.84321655e-01 2.08969573e-01 1.60226080e+00 9.75352082e-01
7.30000000e+00 1.20694009e+00 1.54444159e-01 1.73540406e-01 1.50152497e+00 9.80903752e-01
7.40000000e+00 1.16667350e+00 1.26203086e-01 1.39818344e-01 1.40583977e+00 9.86384743e-01
7.50000000e+00 1.12836263e+00 1.00179493e-01 1.08428605e-01 1.31703670e+00 9.91750888e-01
7.60000000e+00 1.09230561e+00 7.66262905e-02 7.96666853e-02 1.23595966e+00 9.96959605e-01
7.70000000e+00 1.05868179e+00 5.55788102e-02 5.36085119e-02 1.16279583e+00 1.00197030e+00
7.80000000e+00 1.02758016e+00 3.69392988e-02 3.01945226e-02 1.09732834e+00 1.00674478e+00
7.90000000e+00 9.99023043e-01 2.05365816e-02 9.28892285e-03 1.03911443e+00 1.01124766e+00
8.00000000e+00 9.72985259e-01 6.16576238e-03 -9.28100355e-03 9.87603755e-01 1.01544677e+00
8.10000000e+00 9.49409177e-01 -6.38669509e-03 -2.57001733e-02 9.42212958e-01 1.01931348e+00
8.20000000e+00 9.28216205e-01 -1.73279692e-02 -4.01510240e-02 9.02369983e-01 1.02282305e+00
8.30000000e+00 9.09315399e-01 -2.68505373e-02 -5.28054387e-02 8.67538585e-01 1.02595490e+00
8.40000000e+00 8.92609747e-01 -3.51280706e-02 -6.38208493e-02 8.37230231e-01 1.02869278e+00
8.50000000e+00 8.78000644e-01 -4.23139367e-02 -7.33388799e-02 8.11008303e-01 1.03102494e+00
8.60000000e+00 8.65390966e-01 -4.85412456e-02 -8.14854635e-02 7.88487827e-01 1.03294422e+00
8.70000000e+00 8.54687095e-01 -5.39237632e-02 -8.83717515e-02 7.69332734e-01 1.03444799e+00
8.80000000e+00 8.45800146e-01 -5.85572743e-02 -9.40953998e-02 7.53251926e-01 1.03553813e+00
8.90000000e+00 8.38646591e-01 -6.25211442e-02 -9.87419805e-02 7.39994895e-01 1.03622084e+00
9.00000000e+00 8.33148464e-01 -6.58799300e-02 -1.02386380e-01 7.29347311e-01 1.03650645e+00
9.10000000e+00 8.29233217e-01 -6.86849652e-02 -1.05094104e-01 7.21126827e-01 1.03640914e+00
9.20000000e+00 8.26833355e-01 -7.09758729e-02 -1.06922470e-01 7.15179188e-01 1.03594660e+00
9.30000000e+00 8.25885871e-01 -7.27819945e-02 -1.07921658e-01 7.11374689e-01 1.03513966e+00
9.40000000e+00 8.26331557e-01 -7.41237290e-02 -1.08135657e-01 7.09604956e-01 1.03401193e+00
9.50000000e+00 8.28114200e-01 -7.50137908e-02 -1.07603093e-01 7.09780024e-01 1.03258930e+00
9.60000000e+00 8.31179691e-01 -7.54583948e-02 -1.06357979e-01 7.11825647e-01 1.03089958e+00
9.70000000e+00 8.35475068e-01 -7.54583818e-02 -1.04430411e-01 7.15680797e-01 1.02897203e+00
9.80000000e+00 8.40947492e-01 -7.50102995e-02 -1.01847213e-01 7.21295275e-01 1.02683691e+00
9.90000000e+00 8.47543192e-01 -7.41074543e-02 -9.86325801e-02 7.28627386e-01 1.02452513e+00
1.00000000e+01 8.55206356e-01 -7.27409493e-02 -9.48087261e-02 7.37641598e-01 1.02206778e+00
1.01000000e+01 8.63878018e-01 -7.09007251e-02 -9.03965591e-02 7.48306157e-01 1.01949583e+00
1.02000000e+01 8.73494933e-01 -6.85766193e-02 -8.54164112e-02 7.60590558e-01 1.01683979e+00
1.03000000e+01 8.83988486e-01 -6.57594589e-02 -7.98888335e-02 7.74462874e-01 1.01412937e+00
1.04000000e+01 8.95283642e-01 -6.24421990e-02 -7.38354731e-02 7.89886855e-01 1.01139327e+00
1.05000000e+01 9.07297994e-01 -5.86211147e-02 -6.72800401e-02 8.06818805e-01 1.00865893e+00
1.06000000e+01 9.19940952e-01 -5.42970503e-02 -6.02493660e-02 8.25204218e-01 1.00595232e+00
1.07000000e+01 9.33113105e-01 -4.94767192e-02 -5.27745480e-02 8.44974185e-01 1.00329783e+00
1.08000000e+01 9.46705845e-01 -4.41740365e-02 -4.48921572e-02 8.66041649e-01 1.00071812e+00
1.09000000e+01 9.60601283e-01 -3.84114524e-02 -3.66454777e-02 8.88297592e-01 9.98234025e-01
1.10000000e+01 9.74672536e-01 -3.22212362e-02 -2.80857219e-02 9.11607320e-01 9.95864486e-01
1.11000000e+01 9.88784433e-01 -2.56466383e-02 -1.92731495e-02 9.35807063e-01 9.93626511e-01
1.12000000e+01 1.00279468e+00 -1.87428391e-02 -1.02779928e-02 9.60701175e-01 9.91535154e-01
1.13000000e+01 1.01655554e+00 -1.15775710e-02 -1.18107412e-03 9.86060281e-01 9.89603503e-01
1.14000000e+01 1.02991592e+00 -4.23128543e-03 7.92601638e-03 1.01162075e+00 9.87842698e-01
1.15000000e+01 1.04272407e+00 3.20326816e-03 1.69413180e-02 1.03708590e+00 9.86261950e-01
1.16000000e+01 1.05483053e+00 1.06221754e-02 2.57535981e-02 1.06212937e+00 9.84868577e-01
1.17000000e+01 1.06609148e+00 1.79122970e-02 3.42442483e-02 1.08640079e+00 9.83668049e-01
1.18000000e+01 1.07637221e+00 2.49540588e-02 4.22900238e-02 1.10953411e+00 9.82664035e-01
1.19000000e+01 1.08555066e+00 3.16250606e-02 4.97665957e-02 1.13115825e+00 9.81858465e-01
1.20000000e+01 1.09352075e+00 3.78043808e-02 5.65527933e-02 1.15090997e+00 9.81251588e-01
1.21000000e+01 1.10019536e+00 4.33773538e-02 6.25353166e-02 1.16844799e+00 9.80842037e-01
1.22000000e+01 1.10550883e+00 4.82405077e-02 6.76136042e-02 1.18346772e+00 9.80626904e-01
1.23000000e+01 1.10941873e+00 5.23062826e-02 7.17044786e-02 1.19571524e+00 9.80601804e-01
1.24000000e+01 1.11190694e+00 5.55071264e-02 7.47461672e-02 1.20499946e+00 9.80760959e-01
1.25000000e+01 1.11297979e+00 5.77985958e-02 7.67013237e-02 1.21120124e+00 9.81097272e-01
1.26000000e+01 1.11266743e+00 5.91611725e-02 7.75587618e-02 1.21427870e+00 9.81602411e-01
1.27000000e+01 1.11102239e+00 5.96006318e-02 7.73337388e-02 1.21426811e+00 9.82266893e-01
1.28000000e+01 1.10811743e+00 5.91469550e-02 7.60667778e-02 1.21128051e+00 9.83080177e-01
1.29000000e+01 1.10404284e+00 5.78519265e-02 7.38211710e-02 1.20549427e+00 9.84030755e-01
1.30000000e+01 1.09890341e+00 5.57856829e-02 7.06794306e-02 1.19714454e+00 9.85106252e-01
1.31000000e+01 1.09281506e+00 5.30325638e-02 6.67390364e-02 1.18651064e+00 9.86293527e-01
1.32000000e+01 1.08590156e+00 4.96866437e-02 6.21078601e-02 1.17390236e+00 9.87578784e-01
1.33000000e+01 1.07829126e+00 4.58473051e-02 5.68996258e-02 1.15964656e+00 9.88947679e-01
1.34000000e+01 1.07011405e+00 4.16151544e-02 5.12297083e-02 1.14407457e+00 9.90385446e-01
1.35000000e+01 1.06149866e+00 3.70884976e-02 4.52114874e-02 1.12751147e+00 9.91877010e-01
1.36000000e+01 1.05257039e+00 3.23605076e-02 3.89533893e-02 1.11026729e+00 9.93407118e-01
1.37000000e+01 1.04344913e+00 2.75171264e-02 3.25566602e-02 1.09263045e+00 9.94960466e-01
1.38000000e+01 1.03424795e+00 2.26356817e-02 2.61138512e-02 1.07486338e+00 9.96521830e-01
1.39000000e+01 1.02507194e+00 1.77841445e-02 1.97079443e-02 1.05720003e+00 9.98076200e-01
1.40000000e+01 1.01601755e+00 1.30209291e-02 1.34120187e-02 1.03984497e+00 9.99608910e-01
1.41000000e+01 1.00717219e+00 8.39511962e-03 7.28934745e-03 1.02297381e+00 1.00110577e+00
1.42000000e+01 9.98614061e-01 3.94701329e-03 1.39381177e-03 1.00673464e+00 1.00255320e+00
1.43000000e+01 9.90412324e-01 -2.91123301e-04 -4.22946594e-03 9.91249945e-01 1.00393834e+00
1.44000000e+01 9.82627325e-01 -4.29417287e-03 -9.54335801e-03 9.76619111e-01 1.00524919e+00
1.45000000e+01 9.75311009e-01 -8.04323185e-03 -1.45179051e-02 9.62920958e-01 1.00647467e+00
1.46000000e+01 9.68507401e-01 -1.15246754e-02 -1.91294804e-02 9.50216364e-01 1.00760481e+00
1.47000000e+01 9.62253132e-01 -1.47292626e-02 -2.33599838e-02 9.38550770e-01 1.00863072e+00
1.48000000e+01 9.56577991e-01 -1.76513096e-02 -2.71960890e-02 9.27956512e-01 1.00954478e+00
1.49000000e+01 9.51505464e-01 -2.02879462e-02 -3.06285630e-02 9.18454928e-01 1.01034062e+00
1.50000000e+01 9.47053256e-01 -2.26384666e-02 -3.36516617e-02 9.10058210e-01 1.01101320e+00
1.51000000e+01 9.43233780e-01 -2.47037753e-02 -3.62626075e-02 9.02771010e-01 1.01155883e+00
1.52000000e+01 9.40054589e-01 -2.64859295e-02 -3.84611449e-02 8.96591781e-01 1.01197522e+00
1.53000000e+01 9.37518774e-01 -2.79877716e-02 -4.02491711e-02 8.91513886e-01 1.01226140e+00
1.54000000e+01 9.35625292e-01 -2.92126489e-02 -4.16304370e-02 8.87526477e-01 1.01241779e+00
1.55000000e+01 9.34369252e-01 -3.01642122e-02 -4.26103110e-02 8.84615166e-01 1.01244610e+00
1.56000000e+01 9.33742144e-01 -3.08462872e-02 -4.31956013e-02 8.82762510e-01 1.01234931e+00
1.57000000e+01 9.33732018e-01 -3.12628122e-02 -4.33944293e-02 8.81948329e-01 1.01213162e+00
1.58000000e+01 9.34323623e-01 -3.14178344e-02 -4.32161499e-02 8.82149866e-01 1.01179832e+00
1.59000000e+01 9.35498498e-01 -3.13155594e-02 -4.26713131e-02 8.83341814e-01 1.01135575e+00
1.60000000e+01 9.37235045e-01 -3.09604462e-02 -4.17716611e-02 8.85496232e-01 1.01081121e+00
1.61000000e+01 9.39508560e-01 -3.03573423e-02 -4.05301589e-02 8.88582340e-01 1.01017282e+00
1.62000000e+01 9.42291260e-01 -2.95116524e-02 -3.89610507e-02 8.92566246e-01 1.00944940e+00
1.63000000e+01 9.45552297e-01 -2.84295340e-02 -3.70799402e-02 8.97410586e-01 1.00865041e+00
1.64000000e+01 9.49257768e-01 -2.71181135e-02 -3.49038881e-02 9.03074110e-01 1.00778577e+00
1.65000000e+01 9.53370746e-01 -2.55857155e-02 -3.24515223e-02 9.09511240e-01 1.00686581e+00
1.66000000e+01 9.57851323e-01 -2.38420968e-02 -2.97431540e-02 9.16671595e-01 1.00590106e+00
1.67000000e+01 9.62656686e-01 -2.18986775e-02 -2.68008924e-02 9.24499538e-01 1.00490221e+00
1.68000000e+01 9.67741236e-01 -1.97687583e-02 -2.36487501e-02 9.32933742e-01 1.00387999e+00
1.69000000e+01 9.73056755e-01 -1.74677153e-02 -2.03127299e-02 9.41906825e-01 1.00284501e+00
1.70000000e+01 9.78552629e-01 -1.50131590e-02 -1.68208822e-02 9.51345077e-01 1.00180772e+00
1.71000000e+01 9.84176142e-01 -1.24250469e-02 -1.32033229e-02 9.61168307e-01 1.00077828e+00
1.72000000e+01 9.89872838e-01 -9.72573722e-03 -9.49219829e-03 9.71289866e-01 9.99766461e-01
1.73000000e+01 9.95586954e-01 -6.93997198e-03 -5.72158841e-03 9.81616851e-01 9.98781616e-01
1.74000000e+01 1.00126194e+00 -4.09477754e-03 -1.92733496e-03 9.92050553e-01 9.97832557e-01
1.75000000e+01 1.00684101e+00 -1.21927449e-03 1.85321294e-03 1.00248715e+00 9.96927513e-01
1.76000000e+01 1.01226785e+00 1.65561032e-03 5.58154275e-03 1.01281870e+00 9.96074068e-01
1.77000000e+01 1.01748725e+00 4.49753210e-03 9.21841477e-03 1.02293436e+00 9.95279117e-01
1.78000000e+01 1.02244587e+00 7.27321487e-03 1.27243888e-02 1.03272199e+00 9.94548826e-01
1.79000000e+01 1.02709304e+00 9.94902912e-03 1.60604338e-02 1.04206990e+00 9.93888595e-01
1.80000000e+01 1.03138146e+00 1.24916467e-02 1.91886073e-02 1.05086886e+00 9.93303039e-01
1.81000000e+01 1.03526799e+00 1.48687530e-02 2.20727852e-02 1.05901432e+00 9.92795968e-01
1.82000000e+01 1.03871437e+00 1.70497912e-02 2.46794158e-02 1.06640862e+00 9.92370375e-01
1.83000000e+01 1.04168781e+00 1.90067085e-02 2.69782699e-02 1.07296325e+00 9.92028439e-01
1.84000000e+01 1.04416157e+00 2.07146699e-02 2.89431521e-02 1.07860097e+00 9.91771518e-01
1.85000000e+01 1.04611538e+00 2.21527072e-02 3.05525409e-02 1.08325779e+00 9.91600166e-01
1.86000000e+01 1.04753577e+00 2.33042690e-02 3.17901238e-02 1.08688452e+00 9.91514145e-01
1.87000000e+01 1.04841625e+00 2.41576437e-02 3.26452013e-02 1.08944805e+00 9.91512442e-01
1.88000000e+01 1.04875733e+00 2.47062336e-02 3.31129349e-02 1.09093210e+00 9.91593299e-01
1.89000000e+01 1.04856638e+00 2.49486656e-02 3.31944278e-02 1.09133752e+00 9.91754238e-01
1.90000000e+01 1.04785745e+00 2.48887344e-02 3.28966339e-02 1.09068200e+00 9.91992101e-01
1.91000000e+01 1.04665081e+00 2.45351837e-02 3.22320986e-02 1.08899938e+00 9.92303085e-01
1.92000000e+01 1.04497250e+00 2.39013393e-02 3.12185493e-02 1.08633844e+00 9.92682790e-01
1.93000000e+01 1.04285371e+00 2.30046171e-02 2.98783550e-02 1.08276133e+00 9.93126262e-01
1.94000000e+01 1.04033014e+00 2.18659338e-02 2.82378859e-02 1.07834171e+00 9.93628048e-01
1.95000000e+01 1.03744125e+00 2.05090512e-02 2.63268029e-02 1.07316266e+00 9.94182248e-01
1.96000000e+01 1.03422952e+00 1.89598874e-02 2.41773106e-02 1.06731451e+00 9.94782577e-01
1.97000000e+01 1.03073969e+00 1.72458258e-02 2.18234057e-02 1.06089264e+00 9.95422420e-01
1.98000000e+01 1.02701802e+00 1.53950492e-02 1.93001473e-02 1.05399534e+00 9.96094902e-01
1.99000000e+01 1.02311157e+00 1.34359225e-02 1.66429749e-02 1.04672187e+00 9.96792948e-01
2.00000000e+01 1.01906754e+00 1.13964416e-02 1.38870901e-02 1.03917062e+00 9.97509351e-01
2.01000000e+01 1.01493262e+00 9.30376064e-03 1.10669159e-02 1.03143759e+00 9.98236845e-01
2.02000000e+01 1.01075249e+00 7.18380336e-03 8.21563939e-03 1.02361508e+00 9.98968164e-01
2.03000000e+01 1.00657131e+00 5.06096005e-03 5.36484117e-03 1.01579064e+00 9.99696119e-01
2.04000000e+01 1.00243131e+00 2.95786758e-03 2.54420720e-03 1.00804628e+00 1.00041366e+00
2.05000000e+01 9.98372460e-01 8.95265976e-04 -2.18680505e-04 1.00045790e+00 1.00111395e+00
2.06000000e+01 9.94432186e-01 -1.10807677e-03 -2.89848308e-03 9.93094957e-01 1.00179041e+00
2.07000000e+01 9.90645164e-01 -3.03538148e-03 -5.47218284e-03 9.86020253e-01 1.00243680e+00
2.08000000e+01 9.87043164e-01 -4.87182670e-03 -7.91910987e-03 9.79289954e-01 1.00304728e+00
2.09000000e+01 9.83654943e-01 -6.60448017e-03 -1.02209271e-02 9.72953666e-01 1.00361645e+00
2.10000000e+01 9.80506185e-01 -8.22220297e-03 -1.23615834e-02 9.67054630e-01 1.00413938e+00
2.11000000e+01 9.77619472e-01 -9.71553550e-03 -1.43272426e-02 9.61629979e-01 1.00461171e+00
2.12000000e+01 9.75014290e-01 -1.10765734e-02 -1.61061975e-02 9.56711032e-01 1.00502962e+00
2.13000000e+01 9.72707056e-01 -1.22988406e-02 -1.76887734e-02 9.52323613e-01 1.00538993e+00
2.14000000e+01 9.70711160e-01 -1.33771652e-02 -1.90672287e-02 9.48488377e-01 1.00569006e+00
2.15000000e+01 9.69037026e-01 -1.43075627e-02 -2.02356560e-02 9.45221125e-01 1.00592809e+00
2.16000000e+01 9.67692174e-01 -1.50871309e-02 -2.11898859e-02 9.42533097e-01 1.00610275e+00
2.17000000e+01 9.66681295e-01 -1.57139582e-02 -2.19273991e-02 9.40431244e-01 1.00621344e+00
2.18000000e+01 9.66006325e-01 -1.61870471e-02 -2.24472454e-02 9.38918462e-01 1.00626020e+00
2.19000000e+01 9.65666519e-01 -1.65062552e-02 -2.27499726e-02 9.37993800e-01 1.00624372e+00
2.20000000e+01 9.65658531e-01 -1.66722512e-02 -2.28375645e-02 9.37652620e-01 1.00616531e+00
2.21000000e+01 9.65976483e-01 -1.66864883e-02 -2.27133893e-02 9.37886733e-01 1.00602690e+00
2.22000000e+01 9.66612048e-01 -1.65511927e-02 -2.23821564e-02 9.38684494e-01 1.00583096e+00
2.23000000e+01 9.67554524e-01 -1.62693647e-02 -2.18498816e-02 9.40030872e-01 1.00558052e+00
2.24000000e+01 9.68790915e-01 -1.58447929e-02 -2.11238589e-02 9.41907489e-01 1.00527907e+00
2.25000000e+01 9.70306014e-01 -1.52820770e-02 -2.02126374e-02 9.44292648e-01 1.00493056e+00
2.26000000e+01 9.72082495e-01 -1.45866576e-02 -1.91260013e-02 9.47161340e-01 1.00453934e+00
2.27000000e+01 9.74101015e-01 -1.37648496e-02 -1.78749503e-02 9.50485250e-01 1.00411010e+00
2.28000000e+01 9.76340322e-01 -1.28238762e-02 -1.64716785e-02 9.54232767e-01 1.00364780e+00
2.29000000e+01 9.78777383e-01 -1.17718999e-02 -1.49295488e-02 9.58369003e-01 1.00315765e+00
2.30000000e+01 9.81387525e-01 -1.06180460e-02 -1.32630587e-02 9.62855836e-01 1.00264501e+00
2.31000000e+01 9.84144600e-01 -9.37241684e-03 -1.14877968e-02 9.67651990e-01 1.00211538e+00
2.32000000e+01 9.87021160e-01 -8.04609023e-03 -9.62038391e-03 9.72713142e-01 1.00157429e+00
2.33000000e+01 9.89988668e-01 -6.65110114e-03 -7.67839888e-03 9.77992101e-01 1.00102730e+00
2.34000000e+01 9.93017722e-01 -5.20040153e-03 -5.68028340e-03 9.83439032e-01 1.00047988e+00
2.35000000e+01 9.96078303e-01 -3.70779614e-03 -3.64522563e-03 9.89001753e-01 9.99937429e-01
2.36000000e+01 9.99140051e-01 -2.18785187e-03 -1.59301967e-03 9.94626109e-01 9.99405168e-01
2.37000000e+01 1.00217255e+00 -6.55779232e-04 4.56099863e-04 1.00025642e+00 9.98888121e-01
2.38000000e+01 1.00514566e+00 8.72714584e-04 2.48164832e-03 1.00583601e+00 9.98391066e-01
2.39000000e+01 1.00802979e+00 2.38160034e-03 4.46310565e-03 1.01130781e+00 9.97918495e-01
2.40000000e+01 1.01079629e+00 3.85472715e-03 6.38015298e-03 1.01661503e+00 9.97474574e-01
2.41000000e+01 1.01341775e+00 5.27604542e-03 8.21292775e-03 1.02170190e+00 9.97063118e-01
2.42000000e+01 1.01586836e+00 6.62984750e-03 9.94229249e-03 1.02651443e+00 9.96687555e-01
2.43000000e+01 1.01812419e+00 7.90102043e-03 1.15501115e-02 1.03100124e+00 9.96350909e-01
2.44000000e+01 1.02016355e+00 9.07530343e-03 1.30195280e-02 1.03511436e+00 9.96055775e-01
2.45000000e+01 1.02196722e+00 1.01395425e-02 1.43352341e-02 1.03881001e+00 9.95804308e-01
2.46000000e+01 1.02351875e+00 1.10819335e-02 1.54837255e-02 1.04204938e+00 9.95598208e-01
2.47000000e+01 1.02480464e+00 1.18922457e-02 1.64535315e-02 1.04479931e+00 9.95438714e-01
2.48000000e+01 1.02581453e+00 1.25620166e-02 1.72354133e-02 1.04703284e+00 9.95326603e-01
2.49000000e+01 1.02654132e+00 1.30847119e-02 1.78225227e-02 1.04872976e+00 9.95262189e-01
2.50000000e+01 1.02698123e+00 1.34558441e-02 1.82105155e-02 1.04987688e+00 9.95245329e-01
2.51000000e+01 1.02713381e+00 1.36730443e-02 1.83976149e-02 1.05046827e+00 9.95275429e-01
2.52000000e+01 1.02700195e+00 1.37360858e-02 1.83846224e-02 1.05050533e+00 9.95351463e-01
2.53000000e+01 1.02659175e+00 1.36468589e-02 1.81748764e-02 1.04999661e+00 9.95471983e-01
2.54000000e+01 1.02591239e+00 1.34092965e-02 1.77741591e-02 1.04895761e+00 9.95635137e-01
2.55000000e+01 1.02497596e+00 1.30292571e-02 1.71905561e-02 1.04741037e+00 9.95838701e-01
2.56000000e+01 1.02379722e+00 1.25143670e-02 1.64342741e-02 1.04538292e+00 9.96080093e-01
2.57000000e+01 1.02239336e+00 1.18738310e-02 1.55174219e-02 1.04290867e+00 9.96356409e-01
2.58000000e+01 1.02078368e+00 1.11182166e-02 1.44537655e-02 1.04002575e+00 9.96664451e-01
2.59000000e+01 1.01898934e+00 1.02592225e-02 1.32584616e-02 1.03677615e+00 9.97000761e-01
2.60000000e+01 1.01703298e+00 9.30943635e-03 1.19477814e-02 1.03320500e+00 9.97361655e-01
2.61000000e+01 1.01493843e+00 8.28209216e-03 1.05388305e-02 1.02935975e+00 9.97743262e-01
2.62000000e+01 1.01273036e+00 7.19083318e-03 9.04927314e-03 1.02528938e+00 9.98141560e-01
2.63000000e+01 1.01043397e+00 6.04948639e-03 7.49706751e-03 1.02104362e+00 9.98552419e-01
2.64000000e+01 1.00807469e+00 4.87185414e-03 5.90021645e-03 1.01667229e+00 9.98971638e-01
2.65000000e+01 1.00567786e+00 3.67152621e-03 4.27653891e-03 1.01222460e+00 9.99394987e-01
2.66000000e+01 1.00326850e+00 2.46171517e-03 2.64346424e-03 1.00774864e+00 9.99818251e-01
2.67000000e+01 1.00087099e+00 1.25511627e-03 1.01785135e-03 1.00329082e+00 1.00023726e+00
2.68000000e+01 9.98508926e-01 6.37920508e-05 -5.84166568e-04 9.98895459e-01 1.00064796e+00
2.69000000e+01 9.96204837e-01 -1.10091883e-03 -2.14731222e-03 9.94604457e-01 1.00104639e+00
2.70000000e+01 9.93980060e-01 -2.22847015e-03 -3.65727008e-03 9.90456990e-01 1.00142880e+00
2.71000000e+01 9.91854568e-01 -3.30915590e-03 -5.10076982e-03 9.86489304e-01 1.00179161e+00
2.72000000e+01 9.89846842e-01 -4.33413991e-03 -6.46564911e-03 9.82734562e-01 1.00213151e+00
2.73000000e+01 9.87973765e-01 -5.29546976e-03 -7.74089835e-03 9.79222734e-01 1.00244543e+00
2.74000000e+01 9.86250535e-01 -6.18607796e-03 -8.91668952e-03 9.75980543e-01 1.00273061e+00
2.75000000e+01 9.84690602e-01 -6.99977300e-03 -9.98439179e-03 9.73031443e-01 1.00298462e+00
2.76000000e+01 9.83305614e-01 -7.73122294e-03 -1.09365761e-02 9.70395625e-01 1.00320535e+00
2.77000000e+01 9.82105388e-01 -8.37593395e-03 -1.17670111e-02 9.68090044e-01 1.00339108e+00
2.78000000e+01 9.81097889e-01 -8.93022595e-03 -1.24706519e-02 9.66128470e-01 1.00354043e+00
2.79000000e+01 9.80289220e-01 -9.39120724e-03 -1.30436244e-02 9.64521544e-01 1.00365242e+00
2.80000000e+01 9.79683629e-01 -9.75674948e-03 -1.34832051e-02 9.63276840e-01 1.00372646e+00
2.81000000e+01 9.79283524e-01 -1.00254645e-02 -1.37877993e-02 9.62398937e-01 1.00376233e+00
2.82000000e+01 9.79089487e-01 -1.01966834e-02 -1.39569170e-02 9.61889483e-01 1.00376023e+00
2.83000000e+01 9.79100313e-01 -1.02704390e-02 -1.39911482e-02 9.61747265e-01 1.00372071e+00
2.84000000e+01 9.79313045e-01 -1.02474510e-02 -1.38921371e-02 9.61968275e-01 1.00364469e+00
2.85000000e+01 9.79723014e-01 -1.01291148e-02 -1.36625562e-02 9.62545773e-01 1.00353344e+00
2.86000000e+01 9.80323900e-01 -9.91749282e-03 -1.33060792e-02 9.63470349e-01 1.00338859e+00
2.87000000e+01 9.81107787e-01 -9.61530757e-03 -1.28273530e-02 9.64729986e-01 1.00321205e+00
2.88000000e+01 9.82065232e-01 -9.22593654e-03 -1.22319678e-02 9.66310128e-01 1.00300603e+00
2.89000000e+01 9.83185340e-01 -8.75340680e-03 -1.15264248e-02 9.68193744e-01 1.00277302e+00
2.90000000e+01 9.84455856e-01 -8.20238872e-03 -1.07181008e-02 9.70361410e-01 1.00251571e+00
2.91000000e+01 9.85863250e-01 -7.57818717e-03 -9.81520815e-03 9.72791397e-01 1.00223702e+00
2.92000000e+01 9.87392834e-01 -6.88672895e-03 -8.82674951e-03 9.75459772e-01 1.00194002e+00
2.93000000e+01 9.89028869e-01 -6.13454483e-03 -7.76246644e-03 9.78340522e-01 1.00162792e+00
2.94000000e+01 9.90754695e-01 -5.32874491e-03 -6.63278022e-03 9.81405695e-01 1.00130404e+00
2.95000000e+01 9.92552870e-01 -4.47698591e-03 -5.44872451e-03 9.84625565e-01 1.00097174e+00
2.96000000e+01 9.94405320e-01 -3.58742913e-03 -4.22186861e-03 9.87968834e-01 1.00063444e+00
2.97000000e+01 9.96293495e-01 -2.66868822e-03 -2.96423108e-03 9.91402850e-01 1.00029554e+00
2.98000000e+01 9.98198541e-01 -1.72976588e-03 -1.68818296e-03 9.94893868e-01 9.99958417e-01
2.99000000e+01 1.00010148e+00 -7.79979372e-04 -4.06340817e-04 9.98407339e-01 9.99626361e-01
3.00000000e+01 1.00198339e+00 1.71125430e-04 8.68550137e-04 1.00190823e+00 9.99302575e-01
3.01000000e+01 1.00382561e+00 1.11387069e-03 2.12374219e-03 1.00536136e+00 9.98990129e-01
3.02000000e+01 1.00560990e+00 2.03855321e-03 3.34661926e-03 1.00873179e+00 9.98691934e-01
3.03000000e+01 1.00731869e+00 2.93555945e-03 4.52483742e-03 1.01198523e+00 9.98410722e-01
3.04000000e+01 1.00893523e+00 3.79548708e-03 5.64646968e-03 1.01508843e+00 9.98149017e-01
3.05000000e+01 1.01044378e+00 4.60927069e-03 6.70015257e-03 1.01800958e+00 9.97909118e-01
3.06000000e+01 1.01182983e+00 5.36830890e-03 7.67523160e-03 1.02071877e+00 9.97693077e-01
3.07000000e+01 1.01308020e+00 6.06458989e-03 8.56190249e-03 1.02318839e+00 9.97502687e-01
3.08000000e+01 1.01418326e+00 6.69081201e-03 9.35134477e-03 1.02539350e+00 9.97339467e-01
3.09000000e+01 1.01512903e+00 7.24049622e-03 1.00358446e-02 1.02731219e+00 9.97204652e-01
3.10000000e+01 1.01590929e+00 7.70808716e-03 1.06089032e-02 1.02892589e+00 9.97099184e-01
3.11000000e+01 1.01651768e+00 8.08903977e-03 1.10653286e-02 1.03021970e+00 9.97023711e-01
3.12000000e+01 1.01694979e+00 8.37988894e-03 1.14013066e-02 1.03118250e+00 9.96978582e-01
3.13000000e+01 1.01720316e+00 8.57829994e-03 1.16144511e-02 1.03180720e+00 9.96963849e-01
3.14000000e+01 1.01727730e+00 8.68309814e-03 1.17038303e-02 1.03209076e+00 9.96979268e-01
3.15000000e+01 1.01717370e+00 8.69427720e-03 1.16699684e-02 1.03203421e+00 9.97024309e-01
3.16000000e+01 1.01689579e+00 8.61298545e-03 1.15148240e-02 1.03164263e+00 9.97098161e-01
3.17000000e+01 1.01644881e+00 8.44149128e-03 1.12417443e-02 1.03092498e+00 9.97199747e-01
3.18000000e+01 1.01583980e+00 8.18312852e-03 1.08553970e-02 1.02989392e+00 9.97327732e-01
3.19000000e+01 1.01507743e+00 7.84222393e-03 1.03616825e-02 1.02856559e+00 9.97480541e-01
3.20000000e+01 1.01417189e+00 7.42400907e-03 9.76762831e-03 1.02695927e+00 9.97656381e-01
3.21000000e+01 1.01313475e+00 6.93451942e-03 9.08126861e-03 1.02509706e+00 9.97853251e-01
3.22000000e+01 1.01197874e+00 6.38048377e-03 8.31151260e-03 1.02300351e+00 9.98068971e-01
3.23000000e+01 1.01071765e+00 5.76920698e-03 7.46800471e-03 1.02070522e+00 9.98301202e-01
3.24000000e+01 1.00936610e+00 5.10844947e-03 6.56097998e-03 1.01823041e+00 9.98547469e-01
3.25000000e+01 1.00793936e+00 4.40630617e-03 5.60111813e-03 1.01560854e+00 9.98805188e-01
3.26000000e+01 1.00645318e+00 3.67108791e-03 4.59939889e-03 1.01286989e+00 9.99071689e-01
3.27000000e+01 1.00492360e+00 2.91120751e-03 3.56696157e-03 1.01004513e+00 9.99344246e-01
3.28000000e+01 1.00336675e+00 2.13507266e-03 2.51497098e-03 1.00716501e+00 9.99620102e-01
3.29000000e+01 1.00179870e+00 1.35098714e-03 1.45449149e-03 1.00425997e+00 9.99896496e-01
3.30000000e+01 1.00023530e+00 5.67061574e-04 3.96370779e-04 1.00135980e+00 1.00017069e+00
3.31000000e+01 9.98692010e-01 -2.08865695e-04 -6.48865880e-04 9.98493403e-01 1.00044000e+00
3.32000000e+01 9.97183753e-01 -9.69297138e-04 -1.67111021e-03 9.95688482e-01 1.00070181e+00
3.33000000e+01 9.95724805e-01 -1.70713418e-03 -2.66075415e-03 9.92971358e-01 1.00095362e+00
3.34000000e+01 9.94328668e-01 -2.41572521e-03 -3.60876183e-03 9.90366751e-01 1.00119304e+00
3.35000000e+01 9.93007962e-01 -3.08890417e-03 -4.50673070e-03 9.87897634e-01 1.00141783e+00
3.36000000e+01 9.91774336e-01 -3.72102034e-03 -5.34694235e-03 9.85585095e-01 1.00162592e+00
3.37000000e+01 9.90638390e-01 -4.30696056e-03 -6.12240371e-03 9.83448232e-01 1.00181544e+00
3.38000000e+01 9.89609609e-01 -4.84216451e-03 -6.82687950e-03 9.81504076e-01 1.00198471e+00
3.39000000e+01 9.88696304e-01 -5.32263442e-03 -7.45491676e-03 9.79767532e-01 1.00213228e+00
3.40000000e+01 9.87905573e-01 -5.74494004e-03 -8.00186230e-03 9.78251335e-01 1.00225692e+00
3.41000000e+01 9.87243266e-01 -6.10621981e-03 -8.46387389e-03 9.76966032e-01 1.00235765e+00
3.42000000e+01 9.86713963e-01 -6.40417918e-03 -8.83792601e-03 9.75919969e-01 1.00243375e+00
3.43000000e+01 9.86320959e-01 -6.63708683e-03 -9.12181081e-03 9.75119292e-01 1.00248472e+00
3.44000000e+01 9.86066263e-01 -6.80376927e-03 -9.31413480e-03 9.74567961e-01 1.00251037e+00
3.45000000e+01 9.85950599e-01 -6.90360445e-03 -9.41431193e-03 9.74267772e-01 1.00251071e+00
3.46000000e+01 9.85973420e-01 -6.93651467e-03 -9.42255313e-03 9.74218379e-01 1.00248604e+00
3.47000000e+01 9.86132932e-01 -6.90295883e-03 -9.33985290e-03 9.74417335e-01 1.00243689e+00
3.48000000e+01 9.86426116e-01 -6.80392431e-03 -9.16797270e-03 9.74860130e-01 1.00236405e+00
3.49000000e+01 9.86848769e-01 -6.64091811e-03 -8.90942147e-03 9.75540239e-01 1.00226850e+00
3.50000000e+01 9.87395546e-01 -6.41595712e-03 -8.56743302e-03 9.76449177e-01 1.00215148e+00
3.51000000e+01 9.88060010e-01 -6.13155725e-03 -8.14594013e-03 9.77576562e-01 1.00201438e+00
3.52000000e+01 9.88834693e-01 -5.79072083e-03 -7.64954514e-03 9.78910189e-01 1.00185882e+00
3.53000000e+01 9.89711159e-01 -5.39692183e-03 -7.08348670e-03 9.80436105e-01 1.00168656e+00
3.54000000e+01 9.90680081e-01 -4.95408837e-03 -6.45360241e-03 9.82138707e-01 1.00149951e+00
3.55000000e+01 9.91731320e-01 -4.46658183e-03 -5.76628686e-03 9.84000844e-01 1.00129971e+00
3.56000000e+01 9.92854013e-01 -3.93917206e-03 -5.02844484e-03 9.86003938e-01 1.00108927e+00
3.57000000e+01 9.94036671e-01 -3.37700810e-03 -4.24743938e-03 9.88128113e-01 1.00087043e+00
3.58000000e+01 9.95267283e-01 -2.78558395e-03 -3.43103436e-03 9.90352347e-01 1.00064545e+00
3.59000000e+01 9.96533421e-01 -2.17069898e-03 -2.58733166e-03 9.92654638e-01 1.00041663e+00
3.60000000e+01 9.97822358e-01 -1.53841271e-03 -1.72470267e-03 9.95012182e-01 1.00018629e+00
3.61000000e+01 9.99121189e-01 -8.94993970e-04 -8.51714481e-04 9.97401577e-01 9.99956721e-01
3.62000000e+01 1.00041695e+00 -2.46864386e-04 2.29491318e-05 9.99799034e-01 9.99730186e-01
3.63000000e+01 1.00169677e+00 3.99463425e-04 8.90571189e-04 1.00218061e+00 9.99508892e-01
3.64000000e+01 1.00294795e+00 1.03745245e-03 1.74248896e-03 1.00452243e+00 9.99294963e-01
3.65000000e+01 1.00415814e+00 1.66061198e-03 2.57018434e-03 1.00680098e+00 9.99090428e-01
3.66000000e+01 1.00531546e+00 2.26257134e-03 3.36537611e-03 1.00899332e+00 9.98897195e-01
3.67000000e+01 1.00640861e+00 2.83715573e-03 4.12011274e-03 1.01107738e+00 9.98717043e-01
3.68000000e+01 1.00742700e+00 3.37846255e-03 4.82686420e-03 1.01303219e+00 9.98551598e-01
3.69000000e+01 1.00836087e+00 3.88093693e-03 5.47861142e-03 1.01483816e+00 9.98402326e-01
3.70000000e+01 1.00920137e+00 4.33944486e-03 6.06893138e-03 1.01647731e+00 9.98270513e-01
3.71000000e+01 1.00994069e+00 4.74934220e-03 6.59207646e-03 1.01793350e+00 9.98157266e-01
3.72000000e+01 1.01057215e+00 5.10653804e-03 7.04304613e-03 1.01919263e+00 9.98063492e-01
3.73000000e+01 1.01109022e+00 5.40755084e-03 7.41764951e-03 1.02024285e+00 9.97989901e-01
3.74000000e+01 1.01149063e+00 5.64955595e-03 7.71255737e-03 1.02107467e+00 9.97936999e-01
3.75000000e+01 1.01177039e+00 5.83042327e-03 7.92534230e-03 1.02168111e+00 9.97905081e-01
3.76000000e+01 1.01192780e+00 5.94874408e-03 8.05450606e-03 1.02205776e+00 9.97894238e-01
3.77000000e+01 1.01196250e+00 6.00384643e-03 8.09949356e-03 1.02220283e+00 9.97904353e-01
3.78000000e+01 1.01187543e+00 5.99579858e-03 8.06069302e-03 1.02211718e+00 9.97935106e-01
3.79000000e+01 1.01166881e+00 5.92540059e-03 7.93942236e-03 1.02180425e+00 9.97985978e-01
3.80000000e+01 1.01134611e+00 5.79416428e-03 7.73790220e-03 1.02126997e+00 9.98056262e-01
3.81000000e+01 1.01091197e+00 5.60428220e-03 7.45921616e-03 1.02052271e+00 9.98145066e-01
3.82000000e+01 1.01037218e+00 5.35858646e-03 7.10725938e-03 1.01957311e+00 9.98251327e-01
3.83000000e+01 1.00973354e+00 5.06049870e-03 6.68667661e-03 1.01843385e+00 9.98373822e-01
3.84000000e+01 1.00900380e+00 4.71397231e-03 6.20279127e-03 1.01711955e+00 9.98511181e-01
3.85000000e+01 1.00819158e+00 4.32342864e-03 5.66152704e-03 1.01564648e+00 9.98661902e-01
3.86000000e+01 1.00730618e+00 3.89368864e-03 5.06932387e-03 1.01403234e+00 9.98824365e-01
3.87000000e+01 1.00635756e+00 3.42990144e-03 4.43304986e-03 1.01229600e+00 9.98996852e-01
3.88000000e+01 1.00535616e+00 2.93747164e-03 3.75991101e-03 1.01045729e+00 9.99177561e-01
3.89000000e+01 1.00431279e+00 2.42198652e-03 3.05736025e-03 1.00853671e+00 9.99364626e-01
3.90000000e+01 1.00323851e+00 1.88914475e-03 2.33300736e-03 1.00655516e+00 9.99556137e-01
3.91000000e+01 1.00214453e+00 1.34468754e-03 1.59453115e-03 1.00453375e+00 9.99750156e-01
3.92000000e+01 1.00104205e+00 7.94333466e-04 8.49594998e-04 1.00249352e+00 9.99944738e-01
3.93000000e+01 9.99942173e-01 2.43717547e-04 1.05766785e-04 1.00045525e+00 1.00013795e+00
3.94000000e+01 9.98855806e-01 -3.01664712e-04 -6.29556001e-04 9.98439223e-01 1.00032789e+00
3.95000000e+01 9.97793524e-01 -8.36507946e-04 -1.34921545e-03 9.96465061e-01 1.00051271e+00
3.96000000e+01 9.96765500e-01 -1.35574203e-03 -2.04635630e-03 9.94551545e-01 1.00069061e+00
3.97000000e+01 9.95781404e-01 -1.85457161e-03 -2.71448261e-03 9.92716463e-01 1.00085991e+00
3.98000000e+01 9.94850325e-01 -2.32851014e-03 -3.34750808e-03 9.90976474e-01 1.00101900e+00
3.99000000e+01 9.93980701e-01 -2.77340872e-03 -3.93979999e-03 9.89346991e-01 1.00116639e+00
4.00000000e+01 9.93180248e-01 -3.18547995e-03 -4.48621696e-03 9.87842086e-01 1.00130074e+00
4.01000000e+01 9.92455909e-01 -3.56131728e-03 -4.98214073e-03 9.86474401e-01 1.00142082e+00
4.02000000e+01 9.91813803e-01 -3.89791022e-03 -5.42350238e-03 9.85255085e-01 1.00152559e+00
4.03000000e+01 9.91259187e-01 -4.19265589e-03 -5.80680312e-03 9.84193738e-01 1.00161415e+00
4.04000000e+01 9.90796424e-01 -4.44336728e-03 -6.12913021e-03 9.83298372e-01 1.00168576e+00
4.05000000e+01 9.90428956e-01 -4.64827871e-03 -6.38816815e-03 9.82575385e-01 1.00173989e+00
4.06000000e+01 9.90159294e-01 -4.80604878e-03 -6.58220566e-03 9.82029540e-01 1.00177616e+00
4.07000000e+01 9.89989004e-01 -4.91576120e-03 -6.71013850e-03 9.81663962e-01 1.00179438e+00
4.08000000e+01 9.89918707e-01 -4.97692371e-03 -6.77146862e-03 9.81480139e-01 1.00179454e+00
4.09000000e+01 9.89948088e-01 -4.98946522e-03 -6.76629962e-03 9.81477936e-01 1.00177683e+00
4.10000000e+01 9.90075901e-01 -4.95373144e-03 -6.69532883e-03 9.81655611e-01 1.00174160e+00
4.11000000e+01 9.90299998e-01 -4.87047882e-03 -6.55983599e-03 9.82009849e-01 1.00168936e+00
4.12000000e+01 9.90617346e-01 -4.74086702e-03 -6.36166868e-03 9.82535796e-01 1.00162080e+00
4.13000000e+01 9.91024066e-01 -4.56644959e-03 -6.10322439e-03 9.83227102e-01 1.00153677e+00
4.14000000e+01 9.91515469e-01 -4.34916284e-03 -5.78742931e-03 9.84075979e-01 1.00143827e+00
4.15000000e+01 9.92086099e-01 -4.09131275e-03 -5.41771366e-03 9.85073260e-01 1.00132640e+00
4.16000000e+01 9.92729791e-01 -3.79555950e-03 -4.99798359e-03 9.86208473e-01 1.00120242e+00
4.17000000e+01 9.93439718e-01 -3.46489969e-03 -4.53258951e-03 9.87469921e-01 1.00106769e+00
4.18000000e+01 9.94208465e-01 -3.10264565e-03 -4.02629072e-03 9.88844773e-01 1.00092365e+00
4.19000000e+01 9.95028087e-01 -2.71240195e-03 -3.48421635e-03 9.90319165e-01 1.00077181e+00
4.20000000e+01 9.95890191e-01 -2.29803861e-03 -2.91182262e-03 9.91878316e-01 1.00061378e+00
4.21000000e+01 9.96786008e-01 -1.86366120e-03 -2.31484628e-03 9.93506646e-01 1.00045119e+00
4.22000000e+01 9.97706480e-01 -1.41357734e-03 -1.69925453e-03 9.95187914e-01 1.00028568e+00
4.23000000e+01 9.98642344e-01 -9.52259983e-04 -1.07119147e-03 9.96905357e-01 1.00011893e+00
4.24000000e+01 9.99584219e-01 -4.84307360e-04 -4.36921323e-04 9.98641850e-01 9.99952614e-01
4.25000000e+01 1.00052271e+00 -1.43997977e-05 1.97231102e-04 1.00038006e+00 9.99788369e-01
4.26000000e+01 1.00144847e+00 4.52746195e-04 8.24942316e-04 1.00210263e+00 9.99627804e-01
4.27000000e+01 1.00235234e+00 9.12426211e-04 1.43995383e-03 1.00379233e+00 9.99472472e-01
4.28000000e+01 1.00322541e+00 1.35999803e-03 2.03613694e-03 1.00543227e+00 9.99323861e-01
4.29000000e+01 1.00405911e+00 1.79093286e-03 2.60755774e-03 1.00700605e+00 9.99183375e-01
4.30000000e+01 1.00484531e+00 2.20086697e-03 3.14854169e-03 1.00849795e+00 9.99052325e-01
4.31000000e+01 1.00557640e+00 2.58565291e-03 3.65373656e-03 1.00989313e+00 9.98931916e-01
4.32000000e+01 1.00624539e+00 2.94140940e-03 4.11817295e-03 1.01117776e+00 9.98823236e-01
4.33000000e+01 1.00684595e+00 3.26456890e-03 4.53732127e-03 1.01233921e+00 9.98727248e-01
4.34000000e+01 1.00737248e+00 3.55192211e-03 4.90714420e-03 1.01336621e+00 9.98644778e-01
4.35000000e+01 1.00782020e+00 3.80065822e-03 5.22414371e-03 1.01424895e+00 9.98576515e-01
4.36000000e+01 1.00818517e+00 4.00840030e-03 5.48540162e-03 1.01497920e+00 9.98522999e-01
4.37000000e+01 1.00846435e+00 4.17323490e-03 5.68861305e-03 1.01555046e+00 9.98484622e-01
4.38000000e+01 1.00865560e+00 4.29373522e-03 5.83211195e-03 1.01595796e+00 9.98461623e-01
4.39000000e+01 1.00875773e+00 4.36897749e-03 5.91488829e-03 1.01619875e+00 9.98454089e-01
4.40000000e+01 1.00877048e+00 4.39854992e-03 5.93659646e-03 1.01627174e+00 9.98461953e-01
4.41000000e+01 1.00869453e+00 4.38255430e-03 5.89755486e-03 1.01617766e+00 9.98484999e-01
4.42000000e+01 1.00853148e+00 4.32160011e-03 5.79873654e-03 1.01591907e+00 9.98522864e-01
4.43000000e+01 1.00828384e+00 4.21679133e-03 5.64175122e-03 1.01550029e+00 9.98575040e-01
4.44000000e+01 1.00795495e+00 4.06970635e-03 5.42881905e-03 1.01492734e+00 9.98640887e-01
4.45000000e+01 1.00754897e+00 3.88237141e-03 5.16273676e-03 1.01420784e+00 9.98719635e-01
4.46000000e+01 1.00707083e+00 3.65722827e-03 4.84683674e-03 1.01335090e+00 9.98810392e-01
4.47000000e+01 1.00652612e+00 3.39709689e-03 4.48494007e-03 1.01236698e+00 9.98912157e-01
4.48000000e+01 1.00592108e+00 3.10513388e-03 4.08130444e-03 1.01126774e+00 9.99023829e-01
4.49000000e+01 1.00526248e+00 2.78478764e-03 3.64056773e-03 1.01006592e+00 9.99144220e-01
4.50000000e+01 1.00455756e+00 2.43975123e-03 3.16768861e-03 1.00877513e+00 9.99272063e-01
4.51000000e+01 1.00381392e+00 2.07391371e-03 2.66788493e-03 1.00740968e+00 9.99406029e-01
4.52000000e+01 1.00303949e+00 1.69131094e-03 2.14657103e-03 1.00598445e+00 9.99544740e-01
4.53000000e+01 1.00224237e+00 1.29607661e-03 1.60929493e-03 1.00451467e+00 9.99686782e-01
4.54000000e+01 1.00143081e+00 8.92394376e-04 1.06167625e-03 1.00301575e+00 9.99830718e-01
4.55000000e+01 1.00061307e+00 4.84451530e-04 5.09345620e-04 1.00150314e+00 9.99975106e-01
4.56000000e+01 9.99797374e-01 7.63950113e-05 -4.21136316e-05 9.99992168e-01 1.00011851e+00
4.57000000e+01 9.98991805e-01 -3.27709958e-04 -5.87220964e-04 9.98497848e-01 1.00025951e+00
4.58000000e+01 9.98204239e-01 -7.23918210e-04 -1.12065084e-03 9.97034780e-01 1.00039673e+00
4.59000000e+01 9.97442272e-01 -1.10843970e-03 -1.63728124e-03 9.95616998e-01 1.00052884e+00
4.60000000e+01 9.96713144e-01 -1.47767118e-03 -2.13223823e-03 9.94257852e-01 1.00065457e+00
4.61000000e+01 9.96023681e-01 -1.82822442e-03 -2.60093638e-03 9.92969903e-01 1.00077271e+00
4.62000000e+01 9.95380237e-01 -2.15695098e-03 -3.03911497e-03 9.91764819e-01 1.00088216e+00
4.63000000e+01 9.94788640e-01 -2.46096367e-03 -3.44286990e-03 9.90653297e-01 1.00098191e+00
4.64000000e+01 9.94254146e-01 -2.73765477e-03 -3.80868140e-03 9.89644982e-01 1.00107103e+00
4.65000000e+01 9.93781400e-01 -2.98471122e-03 -4.13343757e-03 9.88748414e-01 1.00114873e+00
4.66000000e+01 9.93374403e-01 -3.20012692e-03 -4.41445380e-03 9.87970965e-01 1.00121433e+00
4.67000000e+01 9.93036482e-01 -3.38221245e-03 -4.64948840e-03 9.87318811e-01 1.00126728e+00
4.68000000e+01 9.92770271e-01 -3.52960226e-03 -4.83675436e-03 9.86796889e-01 1.00130715e+00
4.69000000e+01 9.92577694e-01 -3.64125959e-03 -4.97492744e-03 9.86408886e-01 1.00133367e+00
4.70000000e+01 9.92459960e-01 -3.71647935e-03 -5.06315086e-03 9.86157219e-01 1.00134667e+00
4.71000000e+01 9.92417552e-01 -3.75488890e-03 -5.10103651e-03 9.86043038e-01 1.00134615e+00
