# k S000 S110 S112 S10 S11
0.00000000e+00 9.37890625e-02 2.87889592e-01 -4.75430762e-01 3.37028068e-01 1.76332035e+00
1.00000000e-01 9.38608646e-02 2.87037230e-01 -4.74900306e-01 3.37236617e-01 1.76193754e+00
2.00000000e-01 9.40766496e-02 2.84493006e-01 -4.73315028e-01 3.37862949e-01 1.75780803e+00
3.00000000e-01 9.44375570e-02 2.80295102e-01 -4.70692991e-01 3.38909121e-01 1.75098809e+00
4.00000000e-01 9.49454985e-02 2.74505815e-01 -4.67063626e-01 3.40378564e-01 1.74156944e+00
5.00000000e-01 9.56031767e-02 2.67209631e-01 -4.62466769e-01 3.42276093e-01 1.72967640e+00
6.00000000e-01 9.64141121e-02 2.58510688e-01 -4.56951388e-01 3.44607912e-01 1.71546208e+00
7.00000000e-01 9.73826781e-02 2.48529769e-01 -4.50574070e-01 3.47381629e-01 1.69910384e+00
8.00000000e-01 9.85141448e-02 2.37400991e-01 -4.43397365e-01 3.50606261e-01 1.68079836e+00
9.00000000e-01 9.98147327e-02 2.25268340e-01 -4.35488044e-01 3.54292252e-01 1.66075638e+00
1.00000000e+00 1.01291676e-01 2.12282220e-01 -4.26915371e-01 3.58451477e-01 1.63919759e+00
1.10000000e+00 1.02953300e-01 1.98596151e-01 -4.17749447e-01 3.63097257e-01 1.61634560e+00
1.20000000e+00 1.04809103e-01 1.84363730e-01 -4.08059685e-01 3.68244359e-01 1.59242342e+00
1.30000000e+00 1.06869864e-01 1.69735938e-01 -3.97913471e-01 3.73908995e-01 1.56764941e+00
1.40000000e+00 1.09147758e-01 1.54858848e-01 -3.87375017e-01 3.80108813e-01 1.54223387e+00
1.50000000e+00 1.11656484e-01 1.39871765e-01 -3.76504445e-01 3.86862875e-01 1.51637621e+00
1.60000000e+00 1.14411427e-01 1.24905790e-01 -3.65357085e-01 3.94191620e-01 1.49026288e+00
1.70000000e+00 1.17429827e-01 1.10082798e-01 -3.53982993e-01 4.02116812e-01 1.46406579e+00
1.80000000e+00 1.20730980e-01 9.55147814e-02 -3.42426661e-01 4.10661460e-01 1.43794144e+00
1.90000000e+00 1.24336468e-01 8.13035301e-02 -3.30726911e-01 4.19849709e-01 1.41203044e+00
2.00000000e+00 1.28270413e-01 6.75405777e-02 -3.18916940e-01 4.29706698e-01 1.38645752e+00
2.10000000e+00 1.32559775e-01 5.43073722e-02 -3.07024499e-01 4.40258373e-01 1.36133187e+00
2.20000000e+00 1.37234689e-01 4.16756121e-02 -2.95072181e-01 4.51531251e-01 1.33674779e+00
2.30000000e+00 1.42328840e-01 2.97076992e-02 -2.83077791e-01 4.63552117e-01 1.31278549e+00
2.40000000e+00 1.47879900e-01 1.84572615e-02 -2.71054802e-01 4.76347658e-01 1.28951206e+00
2.50000000e+00 1.53930017e-01 7.96970772e-03 -2.59012850e-01 4.89944008e-01 1.26698256e+00
2.60000000e+00 1.60526369e-01 -1.71722251e-03 -2.46958288e-01 5.04366202e-01 1.24524107e+00
2.70000000e+00 1.67721797e-01 -1.05729410e-02 -2.34894768e-01 5.19637524e-01 1.22432183e+00
2.80000000e+00 1.75575512e-01 -1.85735484e-02 -2.22823859e-01 5.35778734e-01 1.20425031e+00
2.90000000e+00 1.84153895e-01 -2.57014448e-02 -2.10745691e-01 5.52807174e-01 1.18504425e+00
3.00000000e+00 1.93531392e-01 -3.19450268e-02 -1.98659622e-01 5.70735729e-01 1.16671460e+00
3.10000000e+00 2.03791515e-01 -3.72984787e-02 -1.86564935e-01 5.89571652e-01 1.14926646e+00
3.20000000e+00 2.15027946e-01 -4.17616617e-02 -1.74461546e-01 6.09315246e-01 1.13269988e+00
3.30000000e+00 2.27345754e-01 -4.53401005e-02 -1.62350744e-01 6.29958412e-01 1.11701064e+00
3.40000000e+00 2.40862706e-01 -4.80450606e-02 -1.50235928e-01 6.51483083e-01 1.10219087e+00
3.50000000e+00 2.55710671e-01 -4.98937052e-02 -1.38123363e-01 6.73859568e-01 1.08822966e+00
3.60000000e+00 2.72037069e-01 -5.09093158e-02 -1.26022914e-01 6.97044855e-01 1.07511360e+00
3.70000000e+00 2.90006326e-01 -5.11215510e-02 -1.13948760e-01 7.20980929e-01 1.06282721e+00
3.80000000e+00 3.09801241e-01 -5.05667158e-02 -1.01920047e-01 7.45593190e-01 1.05135333e+00
3.90000000e+00 3.31624130e-01 -4.92880035e-02 -8.99614672e-02 7.70789062e-01 1.04067346e+00
4.00000000e+00 3.55697574e-01 -4.73356685e-02 -7.81037044e-02 7.96456923e-01 1.03076804e+00
4.10000000e+00 3.82264470e-01 -4.47670820e-02 -6.63837251e-02 8.22465468e-01 1.02161664e+00
4.20000000e+00 4.11587012e-01 -4.16466212e-02 -5.48448564e-02 8.48663666e-01 1.01319824e+00
4.30000000e+00 4.43944069e-01 -3.80453435e-02 -4.35366135e-02 8.74881429e-01 1.00549127e+00
4.40000000e+00 4.79626247e-01 -3.40403997e-02 -3.25142337e-02 9.00931133e-01 9.98473834e-01
4.50000000e+00 5.18927719e-01 -2.97141549e-02 -2.18378893e-02 9.26610067e-01 9.92123734e-01
4.60000000e+00 5.62133705e-01 -2.51529972e-02 -1.15715644e-02 9.51703874e-01 9.86418567e-01
4.70000000e+00 6.09502262e-01 -2.04458389e-02 -1.78160290e-03 9.75990955e-01 9.81335764e-01
4.80000000e+00 6.61238989e-01 -1.56823386e-02 7.46503985e-03 9.99247741e-01 9.76852622e-01
4.90000000e+00 7.17463370e-01 -1.09509017e-02 1.61027824e-02 1.02125466e+00 9.72946316e-01
5.00000000e+00 7.78166013e-01 -6.33654269e-03 2.40695513e-02 1.04180256e+00 9.69593906e-01
5.10000000e+00 8.43157224e-01 -1.91871807e-03 3.13089559e-02 1.06069919e+00 9.66772326e-01
5.20000000e+00 9.12009389e-01 2.23074984e-03 3.77723770e-02 1.07777550e+00 9.64458373e-01
5.30000000e+00 9.83998707e-01 6.04952927e-03 4.34208418e-02 1.09289121e+00 9.62628687e-01
5.40000000e+00 1.05805570e+00 9.48629784e-03 4.82265639e-02 1.10593943e+00 9.61259734e-01
5.50000000e+00 1.13273793e+00 1.25018250e-02 5.21740468e-02 1.11684992e+00 9.60327778e-01
5.60000000e+00 1.20624109e+00 1.50695515e-02 5.52606843e-02 1.12559092e+00 9.59808867e-01
5.70000000e+00 1.27646352e+00 1.71756367e-02 5.74968250e-02 1.13216929e+00 9.59678812e-01
5.80000000e+00 1.34113302e+00 1.88184874e-02 5.89053141e-02 1.13662912e+00 9.59913173e-01
5.90000000e+00 1.39799145e+00 2.00078169e-02 5.95205591e-02 1.13904894e+00 9.60487258e-01
6.00000000e+00 1.44501568e+00 2.07633184e-02 5.93872034e-02 1.13953773e+00 9.61376115e-01
6.10000000e+00 1.48063768e+00 2.11130559e-02 5.85585062e-02 1.13823007e+00 9.62554550e-01
6.20000000e+00 1.50391900e+00 2.10916845e-02 5.70945449e-02 1.13528077e+00 9.63997140e-01
6.30000000e+00 1.51464224e+00 2.07386156e-02 5.50603486e-02 1.13085931e+00 9.65678267e-01
6.40000000e+00 1.51330109e+00 2.00962252e-02 5.25240652e-02 1.12514436e+00 9.67572160e-01
6.50000000e+00 1.50099696e+00 1.92081917e-02 4.95552442e-02 1.11831868e+00 9.69652947e-01
6.60000000e+00 1.47927089e+00 1.81180245e-02 4.62232986e-02 1.11056462e+00 9.71894726e-01
6.70000000e+00 1.44991027e+00 1.68678243e-02 4.25961853e-02 1.10206019e+00 9.74271639e-01
6.80000000e+00 1.41476643e+00 1.54972934e-02 3.87393241e-02 1.09297594e+00 9.76757969e-01
6.90000000e+00 1.37560820e+00 1.40429981e-02 3.47147562e-02 1.08347251e+00 9.79328242e-01
7.00000000e+00 1.33402211e+00 1.25378694e-02 3.05805302e-02 1.07369893e+00 9.81957339e-01
7.10000000e+00 1.29135821e+00 1.10109185e-02 2.63902947e-02 1.06379151e+00 9.84620624e-01
7.20000000e+00 1.24871321e+00 9.48713892e-03 2.21930682e-02 1.05387328e+00 9.87294071e-01
7.30000000e+00 1.20694009e+00 7.98756156e-03 1.80331568e-02 1.04405388e+00 9.89954405e-01
7.40000000e+00 1.16667350e+00 6.52943099e-03 1.39501894e-02 1.03442981e+00 9.92579242e-01
7.50000000e+00 1.12836263e+00 5.12647197e-03 9.97924192e-03 1.02508496e+00 9.95147230e-01
7.60000000e+00 1.09230561e+00 3.78921825e-03 6.15102473e-03 1.01609127e+00 9.97638194e-01
7.70000000e+00 1.05868179e+00 2.52537918e-03 2.49211296e-03 1.00750961e+00 1.00003327e+00
7.80000000e+00 1.02758016e+00 1.34022375e-03 -9.74799427e-04 9.99390625e-01 1.00231502e+00
7.90000000e+00 9.99023043e-01 2.36965196e-04 -4.23063488e-03 9.91775695e-01 1.00446760e+00
8.00000000e+00 9.72985259e-01 -7.82866943e-04 -7.25966767e-03 9.84697798e-01 1.00647680e+00
8.10000000e+00 9.49409177e-01 -1.71907744e-03 -1.00492670e-02 9.78182389e-01 1.00833019e+00
8.20000000e+00 9.28216205e-01 -2.57248589e-03 -1.25896526e-02 9.72248209e-01 1.01001717e+00
8.30000000e+00 9.09315399e-01 -3.34464210e-03 -1.48736669e-02 9.66908024e-01 1.01152902e+00
8.40000000e+00 8.92609747e-01 -4.03757927e-03 -1.68965636e-02 9.62169294e-01 1.01285898e+00
8.50000000e+00 8.78000644e-01 -4.65360637e-03 -1.86558149e-02 9.58034764e-01 1.01400221e+00
8.60000000e+00 8.65390966e-01 -5.19513967e-03 -2.01509355e-02 9.54502989e-01 1.01495580e+00
8.70000000e+00 8.54687095e-01 -5.66457249e-03 -2.13833232e-02 9.51568781e-01 1.01571875e+00
8.80000000e+00 8.45800146e-01 -6.06418117e-03 -2.23561142e-02 9.49223590e-01 1.01629193e+00
8.90000000e+00 8.38646591e-01 -6.39606481e-03 -2.30740519e-02 9.47455831e-01 1.01667799e+00
9.00000000e+00 8.33148464e-01 -6.66211564e-03 -2.35433676e-02 9.46251149e-01 1.01688125e+00
9.10000000e+00 8.29233217e-01 -6.86401663e-03 -2.37716710e-02 9.45592641e-01 1.01690765e+00
9.20000000e+00 8.26833355e-01 -7.00326252e-03 -2.37678495e-02 9.45461039e-01 1.01676459e+00
9.30000000e+00 8.25885871e-01 -7.08120041e-03 -2.35419736e-02 9.45834852e-01 1.01646077e+00
9.40000000e+00 8.26331557e-01 -7.09908586e-03 -2.31052089e-02 9.46690496e-01 1.01600612e+00
9.50000000e+00 8.28114200e-01 -7.05815041e-03 -2.24697309e-02 9.48002388e-01 1.01541158e+00
9.60000000e+00 8.31179691e-01 -6.95967657e-03 -2.16486430e-02 9.49743037e-01 1.01468897e+00
9.70000000e+00 8.35475068e-01 -6.80507632e-03 -2.06558949e-02 9.51883134e-01 1.01385082e+00
9.80000000e+00 8.40947492e-01 -6.59596942e-03 -1.95062020e-02 9.54391627e-01 1.01291023e+00
9.90000000e+00 8.47543192e-01 -6.33425796e-03 -1.82149620e-02 9.57235818e-01 1.01188070e+00
1.00000000e+01 8.55206356e-01 -6.02219397e-03 -1.67981698e-02 9.60381466e-01 1.01077598e+00
1.01000000e+01 8.63878018e-01 -5.66243716e-03 -1.52723280e-02 9.63792907e-01 1.00960989e+00
1.02000000e+01 8.73494933e-01 -5.25810025e-03 -1.36543531e-02 9.67433194e-01 1.00839625e+00
1.03000000e+01 8.83988486e-01 -4.81277980e-03 -1.19614752e-02 9.71264270e-01 1.00714870e+00
1.04000000e+01 8.95283642e-01 -4.33057099e-03 -1.02111322e-02 9.75247165e-01 1.00588056e+00
1.05000000e+01 9.07297994e-01 -3.81606512e-03 -8.42085661e-03 9.79342222e-01 1.00460479e+00
1.06000000e+01 9.19940952e-01 -3.27432943e-03 -6.60815566e-03 9.83509359e-01 1.00333383e+00
1.07000000e+01 9.33113105e-01 -2.71086919e-03 -4.79038471e-03 9.87708361e-01 1.00207952e+00
1.08000000e+01 9.46705845e-01 -2.13157260e-03 -2.98461468e-03 9.91899198e-01 1.00085304e+00
1.09000000e+01 9.60601283e-01 -1.54263994e-03 -1.20749439e-03 9.96042371e-01 9.99664854e-01
1.10000000e+01 9.74672536e-01 -9.50498456e-04 5.24890508e-04 1.00009928e+00 9.98524611e-01
1.11000000e+01 9.88784433e-01 -3.61705543e-04 2.19716024e-03 1.00403261e+00 9.97441134e-01
1.12000000e+01 1.00279468e+00 2.17157212e-04 3.79478297e-03 1.00780672e+00 9.96422374e-01
1.13000000e+01 1.01655554e+00 7.79595855e-04 5.30421357e-03 1.01138802e+00 9.95475382e-01
1.14000000e+01 1.02991592e+00 1.31931838e-03 6.71302627e-03 1.01474537e+00 9.94606292e-01
1.15000000e+01 1.04272407e+00 1.83034798e-03 8.01003827e-03 1.01785042e+00 9.93820310e-01
1.16000000e+01 1.05483053e+00 2.30713160e-03 9.18542114e-03 1.02067797e+00 9.93121710e-01
1.17000000e+01 1.06609148e+00 2.74464038e-03 1.02307973e-02 1.02320624e+00 9.92513843e-01
1.18000000e+01 1.07637221e+00 3.13845879e-03 1.11393191e-02 1.02541710e+00 9.91999140e-01
1.19000000e+01 1.08555066e+00 3.48485969e-03 1.19057273e-02 1.02729631e+00 9.91579132e-01
1.20000000e+01 1.09352075e+00 3.78086303e-03 1.25263886e-02 1.02883364e+00 9.91254474e-01
1.21000000e+01 1.10019536e+00 4.02427662e-03 1.29993102e-02 1.03002290e+00 9.91024966e-01
1.22000000e+01 1.10550883e+00 4.21371798e-03 1.33241302e-02 1.03086198e+00 9.90889588e-01
1.23000000e+01 1.10941873e+00 4.34861705e-03 1.35020852e-02 1.03135279e+00 9.90846532e-01
1.24000000e+01 1.11190694e+00 4.42920024e-03 1.35359554e-02 1.03150111e+00 9.90893245e-01
1.25000000e+01 1.11297979e+00 4.45645694e-03 1.34299880e-02 1.03131643e+00 9.91026469e-01
1.26000000e+01 1.11266743e+00 4.43209017e-03 1.31898018e-02 1.03081169e+00 9.91242288e-01
1.27000000e+01 1.11102239e+00 4.35845368e-03 1.28222748e-02 1.03000300e+00 9.91536179e-01
1.28000000e+01 1.10811743e+00 4.23847789e-03 1.23354175e-02 1.02890931e+00 9.91903060e-01
1.29000000e+01 1.10404284e+00 4.07558769e-03 1.17382363e-02 1.02755206e+00 9.92337351e-01
1.30000000e+01 1.09890341e+00 3.87361478e-03 1.10405875e-02 1.02595479e+00 9.92833027e-01
1.31000000e+01 1.09281506e+00 3.63670761e-03 1.02530282e-02 1.02414276e+00 9.93383679e-01
1.32000000e+01 1.08590156e+00 3.36924147e-03 9.38666423e-03 1.02214257e+00 9.93982577e-01
1.33000000e+01 1.07829126e+00 3.07573136e-03 8.45300015e-03 1.01998173e+00 9.94622731e-01
1.34000000e+01 1.07011405e+00 2.76074977e-03 7.46379240e-03 1.01768833e+00 9.95296957e-01
1.35000000e+01 1.06149866e+00 2.42885100e-03 6.43090837e-03 1.01529067e+00 9.95997943e-01
1.36000000e+01 1.05257039e+00 2.08450361e-03 5.36619316e-03 1.01281689e+00 9.96718310e-01
1.37000000e+01 1.04344913e+00 1.73203180e-03 4.28134523e-03 1.01029472e+00 9.97450687e-01
1.38000000e+01 1.03424795e+00 1.37556634e-03 3.18780229e-03 1.00775117e+00 9.98187764e-01
1.39000000e+01 1.02507194e+00 1.01900508e-03 2.09663779e-03 1.00521228e+00 9.98922367e-01
1.40000000e+01 1.01601755e+00 6.65983054e-04 1.01846861e-03 1.00270292e+00 9.99647514e-01
1.41000000e+01 1.00717219e+00 3.19851495e-04 -3.66260427e-05 1.00024660e+00 1.00035648e+00
1.42000000e+01 9.98614061e-01 -1.63348628e-05 -1.05917470e-03 9.97865316e-01 1.00104284e+00
1.43000000e+01 9.90412324e-01 -3.39823129e-04 -2.04037295e-03 9.95579431e-01 1.00170055e+00
1.44000000e+01 9.82627325e-01 -6.48161298e-04 -2.97213257e-03 9.93407574e-01 1.00232397e+00
1.45000000e+01 9.75311009e-01 -9.39192093e-04 -3.84712091e-03 9.91366566e-01 1.00290793e+00
1.46000000e+01 9.68507401e-01 -1.21104277e-03 -4.65879130e-03 9.89471375e-01 1.00344775e+00
1.47000000e+01 9.62253132e-01 -1.46211196e-03 -5.40140518e-03 9.87735078e-01 1.00393929e+00
1.48000000e+01 9.56577991e-01 -1.69105470e-03 -6.07004638e-03 9.86168853e-01 1.00437899e+00
1.49000000e+01 9.51505464e-01 -1.89676649e-03 -6.66062863e-03 9.84781976e-01 1.00476386e+00
1.50000000e+01 9.47053256e-01 -2.07836739e-03 -7.16989642e-03 9.83581840e-01 1.00509153e+00
1.51000000e+01 9.43233780e-01 -2.23518674e-03 -7.59542029e-03 9.82573973e-01 1.00536023e+00
1.52000000e+01 9.40054589e-01 -2.36674915e-03 -7.93558660e-03 9.81762078e-01 1.00556884e+00
1.53000000e+01 9.37518774e-01 -2.47276225e-03 -8.18958261e-03 9.81148073e-01 1.00571682e+00
1.54000000e+01 9.35625292e-01 -2.55310636e-03 -8.35737705e-03 9.80732140e-01 1.00580427e+00
1.55000000e+01 9.34369252e-01 -2.60782625e-03 -8.43969658e-03 9.80512781e-01 1.00583187e+00
1.56000000e+01 9.33742144e-01 -2.63712502e-03 -8.43799852e-03 9.80486878e-01 1.00580087e+00
1.57000000e+01 9.33732018e-01 -2.64135996e-03 -8.35443984e-03 9.80649760e-01 1.00571308e+00
1.58000000e+01 9.34323623e-01 -2.62104010e-03 -8.19184296e-03 9.80995274e-01 1.00557080e+00
1.59000000e+01 9.35498498e-01 -2.57682506e-03 -7.95365818e-03 9.81515859e-01 1.00537683e+00
1.60000000e+01 9.37235045e-01 -2.50952497e-03 -7.64392303e-03 9.82202629e-01 1.00513440e+00
1.61000000e+01 9.39508560e-01 -2.42010074e-03 -7.26721874e-03 9.83045462e-01 1.00484712e+00
1.62000000e+01 9.42291260e-01 -2.30966433e-03 -6.82862372e-03 9.84033088e-01 1.00451896e+00
1.63000000e+01 9.45552297e-01 -2.17947847e-03 -6.33366431e-03 9.85153193e-01 1.00415419e+00
1.64000000e+01 9.49257768e-01 -2.03095521e-03 -5.78826291e-03 9.86392519e-01 1.00375731e+00
1.65000000e+01 9.53370746e-01 -1.86565303e-03 -5.19868353e-03 9.87736980e-01 1.00333303e+00
1.66000000e+01 9.57851323e-01 -1.68527182e-03 -4.57147509e-03 9.89171778e-01 1.00288620e+00
1.67000000e+01 9.62656686e-01 -1.49164559e-03 -3.91341248e-03 9.90681529e-01 1.00242177e+00
1.68000000e+01 9.67741236e-01 -1.28673243e-03 -3.23143587e-03 9.92250396e-01 1.00194470e+00
1.69000000e+01 9.73056755e-01 -1.07260175e-03 -2.53258841e-03 9.93862221e-01 1.00145999e+00
1.70000000e+01 9.78552629e-01 -8.51418517e-04 -1.82395273e-03 9.95500676e-01 1.00097253e+00
1.71000000e+01 9.84176142e-01 -6.25424650e-04 -1.11258681e-03 9.97149402e-01 1.00048716e+00
1.72000000e+01 9.89872838e-01 -3.96917689e-04 -4.05459591e-04 9.98792163e-01 1.00000854e+00
1.73000000e+01 9.95586954e-01 -1.68226995e-04 2.90613116e-04 1.00041300e+00 9.99541160e-01
1.74000000e+01 1.00126194e+00 5.83121402e-05 9.69031617e-04 1.00199638e+00 9.99089281e-01
1.75000000e+01 1.00684101e+00 2.80386011e-04 1.62347373e-03 1.00352733e+00 9.98656912e-01
1.76000000e+01 1.01226785e+00 4.95731087e-04 2.24795378e-03 1.00499164e+00 9.98247777e-01
1.77000000e+01 1.01748725e+00 7.02163058e-04 2.83687847e-03 1.00637592e+00 9.97865285e-01
1.78000000e+01 1.02244587e+00 8.97605680e-04 3.38509886e-03 1.00766780e+00 9.97512507e-01
1.79000000e+01 1.02709304e+00 1.08011873e-03 3.88795784e-03 1.00885603e+00 9.97192161e-01
1.80000000e+01 1.03138146e+00 1.24792440e-03 4.34133219e-03 1.00993059e+00 9.96906592e-01
1.81000000e+01 1.03526799e+00 1.39943147e-03 4.74166884e-03 1.01088277e+00 9.96657763e-01
1.82000000e+01 1.03871437e+00 1.53325666e-03 5.08601456e-03 1.01170529e+00 9.96447242e-01
1.83000000e+01 1.04168781e+00 1.64824263e-03 5.37203876e-03 1.01239232e+00 9.96276204e-01
1.84000000e+01 1.04416157e+00 1.74347220e-03 5.59804893e-03 1.01293957e+00 9.96145423e-01
1.85000000e+01 1.04611538e+00 1.81827842e-03 5.76299854e-03 1.01334428e+00 9.96055280e-01
1.86000000e+01 1.04753577e+00 1.87225031e-03 5.86648738e-03 1.01360523e+00 9.96005763e-01
1.87000000e+01 1.04841625e+00 1.90523421e-03 5.90875417e-03 1.01372274e+00 9.95996480e-01
1.88000000e+01 1.04875733e+00 1.91733068e-03 5.89066184e-03 1.01369865e+00 9.96026669e-01
1.89000000e+01 1.04856638e+00 1.90888721e-03 5.81367567e-03 1.01353624e+00 9.96095212e-01
1.90000000e+01 1.04785745e+00 1.88048696e-03 5.67983472e-03 1.01324016e+00 9.96200652e-01
1.91000000e+01 1.04665081e+00 1.83293385e-03 5.49171711e-03 1.01281637e+00 9.96341217e-01
1.92000000e+01 1.04497250e+00 1.76723463e-03 5.25239991e-03 1.01227203e+00 9.96514835e-01
1.93000000e+01 1.04285371e+00 1.68457820e-03 4.96541408e-03 1.01161541e+00 9.96719164e-01
1.94000000e+01 1.04033014e+00 1.58631299e-03 4.63469552e-03 1.01085570e+00 9.96951617e-01
1.95000000e+01 1.03744125e+00 1.47392276e-03 4.26453293e-03 1.01000299e+00 9.97209390e-01
1.96000000e+01 1.03422952e+00 1.34900166e-03 3.85951320e-03 1.00906803e+00 9.97489488e-01
1.97000000e+01 1.03073969e+00 1.21322889e-03 3.42446531e-03 1.00806216e+00 9.97788764e-01
1.98000000e+01 1.02701802e+00 1.06834362e-03 2.96440345e-03 1.00699715e+00 9.98103940e-01
1.99000000e+01 1.02311157e+00 9.16120657e-04 2.48447017e-03 1.00588506e+00 9.98431650e-01
2.00000000e+01 1.01906754e+00 7.58347246e-04 1.98988015e-03 1.00473811e+00 9.98768467e-01
2.01000000e+01 1.01493262e+00 5.96801399e-04 1.48586533e-03 1.00356853e+00 9.99110936e-01
2.02000000e+01 1.01075249e+00 4.33231994e-04 9.77622035e-04 1.00238848e+00 9.99455610e-01
2.03000000e+01 1.00657131e+00 2.69340872e-04 4.70260382e-04 1.00120986e+00 9.99799080e-01
2.04000000e+01 1.00243131e+00 1.06767052e-04 -3.12434047e-05 1.00004428e+00 1.00013801e+00
2.05000000e+01 9.98372460e-01 -5.29268860e-05 -5.22091515e-04 9.98902890e-01 1.00046916e+00
2.06000000e+01 9.94432186e-01 -2.08266270e-04 -9.97705625e-04 9.97796322e-01 1.00078944e+00
2.07000000e+01 9.90645164e-01 -3.57873719e-04 -1.45376430e-03 9.96734598e-01 1.00109589e+00
2.08000000e+01 9.87043164e-01 -5.00476571e-04 -1.88623656e-03 9.95727050e-01 1.00138576e+00
2.09000000e+01 9.83654943e-01 -6.34912516e-04 -2.29141160e-03 9.94782264e-01 1.00165650e+00
2.10000000e+01 9.80506185e-01 -7.60133618e-04 -2.66592446e-03 9.93908017e-01 1.00190579e+00
2.11000000e+01 9.77619472e-01 -8.75208940e-04 -3.00677785e-03 9.93111235e-01 1.00213157e+00
2.12000000e+01 9.75014290e-01 -9.79325976e-04 -3.31135991e-03 9.92397954e-01 1.00233203e+00
2.13000000e+01 9.72707056e-01 -1.07179111e-03 -3.57745828e-03 9.91773292e-01 1.00250567e+00
2.14000000e+01 9.70711160e-01 -1.15202930e-03 -3.80327019e-03 9.91241430e-01 1.00265124e+00
2.15000000e+01 9.69037026e-01 -1.21958315e-03 -3.98740899e-03 9.90805599e-01 1.00276783e+00
2.16000000e+01 9.67692174e-01 -1.27411153e-03 -4.12890707e-03 9.90468074e-01 1.00285480e+00
2.17000000e+01 9.66681295e-01 -1.31538795e-03 -4.22721524e-03 9.90230182e-01 1.00291183e+00
2.18000000e+01 9.66006325e-01 -1.34329858e-03 -4.28219887e-03 9.90092304e-01 1.00293890e+00
2.19000000e+01 9.65666519e-01 -1.35784026e-03 -4.29413072e-03 9.90053898e-01 1.00293629e+00
2.20000000e+01 9.65658531e-01 -1.35911828e-03 -4.26368076e-03 9.90113520e-01 1.00290456e+00
2.21000000e+01 9.65976483e-01 -1.34734402e-03 -4.19190302e-03 9.90268850e-01 1.00284456e+00
2.22000000e+01 9.66612048e-01 -1.32283250e-03 -4.08021953e-03 9.90516728e-01 1.00275739e+00
2.23000000e+01 9.67554524e-01 -1.28599964e-03 -3.93040174e-03 9.90853197e-01 1.00264440e+00
2.24000000e+01 9.68790915e-01 -1.23735923e-03 -3.74454926e-03 9.91273542e-01 1.00250719e+00
2.25000000e+01 9.70306014e-01 -1.17751951e-03 -3.52506632e-03 9.91772348e-01 1.00234755e+00
2.26000000e+01 9.72082495e-01 -1.10717929e-03 -3.27463596e-03 9.92343549e-01 1.00216746e+00
2.27000000e+01 9.74101015e-01 -1.02712339e-03 -2.99619215e-03 9.92980492e-01 1.00196907e+00
2.28000000e+01 9.76340322e-01 -9.38217462e-04 -2.69289009e-03 9.93676002e-01 1.00175467e+00
2.29000000e+01 9.78777383e-01 -8.41401987e-04 -2.36807482e-03 9.94422448e-01 1.00152667e+00
2.30000000e+01 9.81387525e-01 -7.37685433e-04 -2.02524835e-03 9.95211818e-01 1.00128756e+00
2.31000000e+01 9.84144600e-01 -6.28136490e-04 -1.66803564e-03 9.96035792e-01 1.00103990e+00
2.32000000e+01 9.87021160e-01 -5.13875387e-04 -1.30014955e-03 9.96885826e-01 1.00078627e+00
2.33000000e+01 9.89988668e-01 -3.96064283e-04 -9.25355144e-04 9.97753225e-01 1.00052929e+00
2.34000000e+01 9.93017722e-01 -2.75896771e-04 -5.47433563e-04 9.98629236e-01 1.00027154e+00
2.35000000e+01 9.96078303e-01 -1.54586575e-04 -1.70145867e-04 9.99505122e-01 1.00001556e+00
2.36000000e+01 9.99140051e-01 -3.33555348e-05 2.02802910e-04 1.00037225e+00 9.99763842e-01
2.37000000e+01 1.00217255e+00 8.65789689e-05 5.67799103e-04 1.00122218e+00 9.99518780e-01
2.38000000e+01 1.00514566e+00 2.04016993e-04 9.21354811e-04 1.00204673e+00 9.99282662e-01
2.39000000e+01 1.00802979e+00 3.17789213e-04 1.26014099e-03 1.00283807e+00 9.99057648e-01
2.40000000e+01 1.01079629e+00 4.26770098e-04 1.58101888e-03 1.00358881e+00 9.98845751e-01
2.41000000e+01 1.01341775e+00 5.29890846e-04 1.88106943e-03 1.00429203e+00 9.98648821e-01
2.42000000e+01 1.01586836e+00 6.26151844e-04 2.15762035e-03 1.00494139e+00 9.98468531e-01
2.43000000e+01 1.01812419e+00 7.14634420e-04 2.40827049e-03 1.00553118e+00 9.98306364e-01
2.44000000e+01 1.02016355e+00 7.94511653e-04 2.63091131e-03 1.00605633e+00 9.98163600e-01
2.45000000e+01 1.02196722e+00 8.65058025e-04 2.82374501e-03 1.00651255e+00 9.98041313e-01
2.46000000e+01 1.02351875e+00 9.25657723e-04 2.98529933e-03 1.00689626e+00 9.97940358e-01
2.47000000e+01 1.02480464e+00 9.75811424e-04 3.11443868e-03 1.00720469e+00 9.97861373e-01
2.48000000e+01 1.02581453e+00 1.01514142e-03 3.21037148e-03 1.00743588e+00 9.97804770e-01
2.49000000e+01 1.02654132e+00 1.04339501e-03 3.27265378e-03 1.00758870e+00 9.97770741e-01
2.50000000e+01 1.02698123e+00 1.06044606e-03 3.30118892e-03 1.00766282e+00 9.97759257e-01
2.51000000e+01 1.02713381e+00 1.06629476e-03 3.29622348e-03 1.00765874e+00 9.97770071e-01
2.52000000e+01 1.02700195e+00 1.06106561e-03 3.25833950e-03 1.00757774e+00 9.97802726e-01
2.53000000e+01 1.02659175e+00 1.04500358e-03 3.18844305e-03 1.00742189e+00 9.97856561e-01
2.54000000e+01 1.02591239e+00 1.01846879e-03 3.08774960e-03 1.00719397e+00 9.97930719e-01
2.55000000e+01 1.02497596e+00 9.81929563e-04 2.95776608e-03 1.00689746e+00 9.98024163e-01
2.56000000e+01 1.02379722e+00 9.35954270e-04 2.80027018e-03 1.00653649e+00 9.98135684e-01
2.57000000e+01 1.02239336e+00 8.81201949e-04 2.61728714e-03 1.00611578e+00 9.98263915e-01
2.58000000e+01 1.02078368e+00 8.18412063e-04 2.41106428e-03 1.00564054e+00 9.98407348e-01
2.59000000e+01 1.01898934e+00 7.48393523e-04 2.18404372e-03 1.00511648e+00 9.98564350e-01
2.60000000e+01 1.01703298e+00 6.72013216e-04 1.93883364e-03 1.00454968e+00 9.98733180e-01
2.61000000e+01 1.01493843e+00 5.90184263e-04 1.67817847e-03 1.00394654e+00 9.98912006e-01
2.62000000e+01 1.01273036e+00 5.03854212e-04 1.40492830e-03 1.00331371e+00 9.99098926e-01
2.63000000e+01 1.01043397e+00 4.13993347e-04 1.12200803e-03 1.00265801e+00 9.99291985e-01
2.64000000e+01 1.00807469e+00 3.21583302e-04 8.32386501e-04 1.00198636e+00 9.99489197e-01
2.65000000e+01 1.00567786e+00 2.27606132e-04 5.39045901e-04 1.00130570e+00 9.99688560e-01
2.66000000e+01 1.00326850e+00 1.33033962e-04 2.44951938e-04 1.00062294e+00 9.99888082e-01
2.67000000e+01 1.00087099e+00 3.88193242e-05 -4.69751169e-05 9.99944869e-01 1.00008579e+00
2.68000000e+01 9.98508926e-01 -5.41137337e-05 -3.33888154e-04 9.99278110e-01 1.00027977e+00
2.69000000e+01 9.96204837e-01 -1.44877727e-04 -6.13039512e-04 9.98629043e-01 1.00046816e+00
2.70000000e+01 9.93980060e-01 -2.32628958e-04 -8.81805624e-04 9.98003760e-01 1.00064918e+00
2.71000000e+01 9.91854568e-01 -3.16573885e-04 -1.13770984e-03 9.97408006e-01 1.00082114e+00
2.72000000e+01 9.89846842e-01 -3.95974644e-04 -1.37844329e-03 9.96847139e-01 1.00098247e+00
2.73000000e+01 9.87973765e-01 -4.70153750e-04 -1.60188365e-03 9.96326079e-01 1.00113173e+00
2.74000000e+01 9.86250535e-01 -5.38498017e-04 -1.80611174e-03 9.95849279e-01 1.00126761e+00
2.75000000e+01 9.84690602e-01 -6.00461746e-04 -1.98942586e-03 9.95420687e-01 1.00138896e+00
2.76000000e+01 9.83305614e-01 -6.55569231e-04 -2.15035383e-03 9.95043723e-01 1.00149478e+00
2.77000000e+01 9.82105388e-01 -7.03416647e-04 -2.28766270e-03 9.94721258e-01 1.00158425e+00
2.78000000e+01 9.81097889e-01 -7.43673362e-04 -2.40036609e-03 9.94455594e-01 1.00165669e+00
2.79000000e+01 9.80289220e-01 -7.76082735e-04 -2.48772926e-03 9.94248459e-01 1.00171165e+00
2.80000000e+01 9.79683629e-01 -8.00462447e-04 -2.54927178e-03 9.94100994e-01 1.00174881e+00
2.81000000e+01 9.79283524e-01 -8.16704389e-04 -2.58476799e-03 9.94013760e-01 1.00176806e+00
2.82000000e+01 9.79089487e-01 -8.24774152e-04 -2.59424516e-03 9.93986736e-01 1.00176947e+00
2.83000000e+01 9.79100313e-01 -8.24710138e-04 -2.57797953e-03 9.94019331e-01 1.00175327e+00
2.84000000e+01 9.79313045e-01 -8.16622289e-04 -2.53649017e-03 9.94110397e-01 1.00171987e+00
2.85000000e+01 9.79723014e-01 -8.00690457e-04 -2.47053085e-03 9.94258248e-01 1.00166984e+00
2.86000000e+01 9.80323900e-01 -7.77162397e-04 -2.38107999e-03 9.94460678e-01 1.00160392e+00
2.87000000e+01 9.81107787e-01 -7.46351368e-04 -2.26932865e-03 9.94714991e-01 1.00152298e+00
2.88000000e+01 9.82065232e-01 -7.08633348e-04 -2.13666688e-03 9.95018033e-01 1.00142803e+00
2.89000000e+01 9.83185340e-01 -6.64443811e-04 -1.98466843e-03 9.95366219e-01 1.00132022e+00
2.90000000e+01 9.84455856e-01 -6.14274086e-04 -1.81507391e-03 9.95755578e-01 1.00120080e+00
2.91000000e+01 9.85863250e-01 -5.58667242e-04 -1.62977263e-03 9.96181787e-01 1.00107111e+00
2.92000000e+01 9.87392834e-01 -4.98213520e-04 -1.43078324e-03 9.96640220e-01 1.00093257e+00
2.93000000e+01 9.89028869e-01 -4.33545289e-04 -1.22023328e-03 9.97125988e-01 1.00078669e+00
2.94000000e+01 9.90754695e-01 -3.65331532e-04 -1.00033788e-03 9.97633993e-01 1.00063501e+00
2.95000000e+01 9.92552870e-01 -2.94271877e-04 -7.73377790e-04 9.98158973e-01 1.00047911e+00
2.96000000e+01 9.94405320e-01 -2.21090196e-04 -5.41676818e-04 9.98695556e-01 1.00032059e+00
2.97000000e+01 9.96293495e-01 -1.46527821e-04 -3.07579064e-04 9.99238314e-01 1.00016105e+00
2.98000000e+01 9.98198541e-01 -7.13364075e-05 -7.34259940e-05 9.99781812e-01 1.00000209e+00
2.99000000e+01 1.00010148e+00 3.72947253e-06 1.58466348e-04 1.00032066e+00 9.99845263e-01
3.00000000e+01 1.00198339e+00 7.79199352e-05 3.85829789e-04 1.00084958e+00 9.99692090e-01
3.01000000e+01 1.00382561e+00 1.50497504e-04 6.06465920e-04 1.00136343e+00 9.99544032e-01
3.02000000e+01 1.00560990e+00 2.20744842e-04 8.18267210e-04 1.00185728e+00 9.99402478e-01
3.03000000e+01 1.00731869e+00 2.87972388e-04 1.01923712e-03 1.00232645e+00 9.99268735e-01
3.04000000e+01 1.00893523e+00 3.51525792e-04 1.20750900e-03 1.00276654e+00 9.99144017e-01
3.05000000e+01 1.01044378e+00 4.10793033e-04 1.38136360e-03 1.00317352e+00 9.99029429e-01
3.06000000e+01 1.01182983e+00 4.65211103e-04 1.53924496e-03 1.00354370e+00 9.98925966e-01
3.07000000e+01 1.01308020e+00 5.14272157e-04 1.67977450e-03 1.00387382e+00 9.98834498e-01
3.08000000e+01 1.01418326e+00 5.57529012e-04 1.80176327e-03 1.00416106e+00 9.98755766e-01
3.09000000e+01 1.01512903e+00 5.94599914e-04 1.90422202e-03 1.00440304e+00 9.98690378e-01
3.10000000e+01 1.01590929e+00 6.25172488e-04 1.98636920e-03 1.00459791e+00 9.98638803e-01
3.11000000e+01 1.01651768e+00 6.49006797e-04 2.04763669e-03 1.00474428e+00 9.98601370e-01
3.12000000e+01 1.01694979e+00 6.65937474e-04 2.08767315e-03 1.00484128e+00 9.98578264e-01
3.13000000e+01 1.01720316e+00 6.75874879e-04 2.10634517e-03 1.00488857e+00 9.98569530e-01
3.14000000e+01 1.01727730e+00 6.78805280e-04 2.10373600e-03 1.00488628e+00 9.98575069e-01
3.15000000e+01 1.01717370e+00 6.74790058e-04 2.08014204e-03 1.00483507e+00 9.98594648e-01
3.16000000e+01 1.01689579e+00 6.63963956e-04 2.03606711e-03 1.00473610e+00 9.98627897e-01
3.17000000e+01 1.01644881e+00 6.46532426e-04 1.97221459e-03 1.00459096e+00 9.98674318e-01
3.18000000e+01 1.01583980e+00 6.22768122e-04 1.88947757e-03 1.00440172e+00 9.98733291e-01
3.19000000e+01 1.01507743e+00 5.93006612e-04 1.78892707e-03 1.00417086e+00 9.98804080e-01
3.20000000e+01 1.01417189e+00 5.57641412e-04 1.67179870e-03 1.00390124e+00 9.98885843e-01
3.21000000e+01 1.01313475e+00 5.17118405e-04 1.53947766e-03 1.00359607e+00 9.98977641e-01
3.22000000e+01 1.01197874e+00 4.71929784e-04 1.39348249e-03 1.00325889e+00 9.99078447e-01
3.23000000e+01 1.01071765e+00 4.22607604e-04 1.23544773e-03 1.00289350e+00 9.99187160e-01
3.24000000e+01 1.00936610e+00 3.69717049e-04 1.06710563e-03 1.00250393e+00 9.99302611e-01
3.25000000e+01 1.00793936e+00 3.13849542e-04 8.90267199e-04 1.00209438e+00 9.99423582e-01
3.26000000e+01 1.00645318e+00 2.55615781e-04 7.06802851e-04 1.00166922e+00 9.99548813e-01
3.27000000e+01 1.00492360e+00 1.95638808e-04 5.18622716e-04 1.00123288e+00 9.99677016e-01
3.28000000e+01 1.00336675e+00 1.34547199e-04 3.27656999e-04 1.00078986e+00 9.99806890e-01
3.29000000e+01 1.00179870e+00 7.29684624e-05 1.35836491e-04 1.00034464e+00 9.99937132e-01
3.30000000e+01 1.00023530e+00 1.15227043e-05 -5.49265515e-05 9.99901670e-01 1.00006645e+00
3.31000000e+01 9.98692010e-01 -4.91833695e-05 -2.42756964e-04 9.99465303e-01 1.00019357e+00
3.32000000e+01 9.97183753e-01 -1.08562070e-04 -4.25834511e-04 9.99039769e-01 1.00031727e+00
3.33000000e+01 9.95724805e-01 -1.66049923e-04 -6.02410840e-04 9.98629128e-01 1.00043636e+00
3.34000000e+01 9.94328668e-01 -2.21112421e-04 -7.70825416e-04 9.98237237e-01 1.00054971e+00
3.35000000e+01 9.93007962e-01 -2.73248310e-04 -9.29520314e-04 9.97867711e-01 1.00065627e+00
3.36000000e+01 9.91774336e-01 -3.21993408e-04 -1.07705375e-03 9.97523899e-01 1.00075506e+00
3.37000000e+01 9.90638390e-01 -3.66923947e-04 -1.21211228e-03 9.97208851e-01 1.00084519e+00
3.38000000e+01 9.89609609e-01 -4.07659452e-04 -1.33352154e-03 9.96925297e-01 1.00092586e+00
3.39000000e+01 9.88696304e-01 -4.43865159e-04 -1.44025555e-03 9.96675624e-01 1.00099639e+00
3.40000000e+01 9.87905573e-01 -4.75253992e-04 -1.53144442e-03 9.96461857e-01 1.00105619e+00
3.41000000e+01 9.87243266e-01 -5.01588108e-04 -1.60638054e-03 9.96285651e-01 1.00110479e+00
3.42000000e+01 9.86713963e-01 -5.22680031e-04 -1.66452313e-03 9.96148274e-01 1.00114184e+00
3.43000000e+01 9.86320959e-01 -5.38393395e-04 -1.70550121e-03 9.96050604e-01 1.00116711e+00
3.44000000e+01 9.86066263e-01 -5.48643293e-04 -1.72911501e-03 9.95993127e-01 1.00118047e+00
3.45000000e+01 9.85950599e-01 -5.53396267e-04 -1.73533568e-03 9.95975932e-01 1.00118194e+00
3.46000000e+01 9.85973420e-01 -5.52669939e-04 -1.72430355e-03 9.95998723e-01 1.00117163e+00
3.47000000e+01 9.86132932e-01 -5.46532285e-04 -1.69632486e-03 9.96060818e-01 1.00114979e+00
3.48000000e+01 9.86426116e-01 -5.35100571e-04 -1.65186692e-03 9.96161166e-01 1.00111677e+00
3.49000000e+01 9.86848769e-01 -5.18539948e-04 -1.59155195e-03 9.96298356e-01 1.00107301e+00
3.50000000e+01 9.87395546e-01 -4.97061708e-04 -1.51614951e-03 9.96470639e-01 1.00101909e+00
3.51000000e+01 9.88060010e-01 -4.70921202e-04 -1.42656765e-03 9.96675943e-01 1.00095565e+00
3.52000000e+01 9.88834693e-01 -4.40415430e-04 -1.32384288e-03 9.96911899e-01 1.00088343e+00
3.53000000e+01 9.89711159e-01 -4.05880290e-04 -1.20912900e-03 9.97175862e-01 1.00080325e+00
3.54000000e+01 9.90680081e-01 -3.67687504e-04 -1.08368501e-03 9.97464942e-01 1.00071600e+00
3.55000000e+01 9.91731320e-01 -3.26241221e-04 -9.48861957e-04 9.97776035e-01 1.00062262e+00
3.56000000e+01 9.92854013e-01 -2.81974313e-04 -8.06089203e-04 9.98105847e-01 1.00052411e+00
3.57000000e+01 9.94036671e-01 -2.35344369e-04 -6.56859886e-04 9.98450936e-01 1.00042152e+00
3.58000000e+01 9.95267283e-01 -1.86829419e-04 -5.02715929e-04 9.98807739e-01 1.00031589e+00
3.59000000e+01 9.96533421e-01 -1.36923407e-04 -3.45232644e-04 9.99172611e-01 1.00020831e+00
3.60000000e+01 9.97822358e-01 -8.61314502e-05 -1.86003103e-04 9.99541862e-01 1.00009987e+00
3.61000000e+01 9.99121189e-01 -3.49649200e-05 -2.66223994e-05 9.99911790e-01 9.99991657e-01
3.62000000e+01 1.00041695e+00 1.60636119e-05 1.31328019e-04 1.00027872e+00 9.99884736e-01
3.63000000e+01 1.00169677e+00 6.64455066e-05 2.86295823e-04 1.00063904e+00 9.99780150e-01
3.64000000e+01 1.00294795e+00 1.15681217e-04 4.36772904e-04 1.00098923e+00 9.99678908e-01
3.65000000e+01 1.00415814e+00 1.63285414e-04 5.81309977e-04 1.00132591e+00 9.99581975e-01
3.66000000e+01 1.00531546e+00 2.08792014e-04 7.18530510e-04 1.00164585e+00 9.99490262e-01
3.67000000e+01 1.00640861e+00 2.51759041e-04 8.47143873e-04 1.00194605e+00 9.99404615e-01
3.68000000e+01 1.00742700e+00 2.91773266e-04 9.65957527e-04 1.00222369e+00 9.99325816e-01
3.69000000e+01 1.00836087e+00 3.28454542e-04 1.07388817e-03 1.00247623e+00 9.99254566e-01
3.70000000e+01 1.00920137e+00 3.61459791e-04 1.16997170e-03 1.00270140e+00 9.99191488e-01
3.71000000e+01 1.00994069e+00 3.90486568e-04 1.25337186e-03 1.00289723e+00 9.99137115e-01
3.72000000e+01 1.01057215e+00 4.15276161e-04 1.32338759e-03 1.00306205e+00 9.99091889e-01
3.73000000e+01 1.01109022e+00 4.35616170e-04 1.37945884e-03 1.00319453e+00 9.99056157e-01
3.74000000e+01 1.01149063e+00 4.51342534e-04 1.42117096e-03 1.00329368e+00 9.99030172e-01
3.75000000e+01 1.01177039e+00 4.62340973e-04 1.44825748e-03 1.00335886e+00 9.99014083e-01
3.76000000e+01 1.01192780e+00 4.68547829e-04 1.46060137e-03 1.00338975e+00 9.99007946e-01
3.77000000e+01 1.01196250e+00 4.69950289e-04 1.45823474e-03 1.00338642e+00 9.99011716e-01
3.78000000e+01 1.01187543e+00 4.66585998e-04 1.44133696e-03 1.00334926e+00 9.99025249e-01
3.79000000e+01 1.01166881e+00 4.58542074e-04 1.41023125e-03 1.00327900e+00 9.99048311e-01
3.80000000e+01 1.01134611e+00 4.45953537e-04 1.36537993e-03 1.00317671e+00 9.99080574e-01
3.81000000e+01 1.01091197e+00 4.29001195e-04 1.30737807e-03 1.00304376e+00 9.99121623e-01
3.82000000e+01 1.01037218e+00 4.07909025e-04 1.23694607e-03 1.00288180e+00 9.99170963e-01
3.83000000e+01 1.00973354e+00 3.82941077e-04 1.15492084e-03 1.00269278e+00 9.99228020e-01
3.84000000e+01 1.00900380e+00 3.54397990e-04 1.06224602e-03 1.00247889e+00 9.99292152e-01
3.85000000e+01 1.00819158e+00 3.22613140e-04 9.59961150e-04 1.00224254e+00 9.99362652e-01
3.86000000e+01 1.00730618e+00 2.87948507e-04 8.49190029e-04 1.00198633e+00 9.99438758e-01
3.87000000e+01 1.00635756e+00 2.50790319e-04 7.31128407e-04 1.00171305e+00 9.99519662e-01
3.88000000e+01 1.00535616e+00 2.11544527e-04 6.07031067e-04 1.00142561e+00 9.99604513e-01
3.89000000e+01 1.00431279e+00 1.70632188e-04 4.78198528e-04 1.00112703e+00 9.99692434e-01
3.90000000e+01 1.00323851e+00 1.28484809e-04 3.45963479e-04 1.00082041e+00 9.99782521e-01
3.91000000e+01 1.00214453e+00 8.55397088e-05 2.11677090e-04 1.00050889e+00 9.99873863e-01
3.92000000e+01 1.00104205e+00 4.22354618e-05 7.66953488e-05 1.00019563e+00 9.99965540e-01
3.93000000e+01 9.99942173e-01 -9.92541849e-07 -5.76344377e-05 9.99883739e-01 1.00005664e+00
3.94000000e+01 9.98855806e-01 -4.37163641e-05 -1.89986856e-04 9.99576310e-01 1.00014627e+00
3.95000000e+01 9.97793524e-01 -8.55195826e-05 -3.19071174e-04 9.99276338e-01 1.00023355e+00
3.96000000e+01 9.96765500e-01 -1.26001116e-04 -4.43643596e-04 9.98986712e-01 1.00031764e+00
3.97000000e+01 9.95781404e-01 -1.64778787e-04 -5.62518877e-04 9.98710183e-01 1.00039774e+00
3.98000000e+01 9.94850325e-01 -2.01492595e-04 -6.74581189e-04 9.98449345e-01 1.00047309e+00
3.99000000e+01 9.93980701e-01 -2.35807698e-04 -7.78794163e-04 9.98206604e-01 1.00054299e+00
4.00000000e+01 9.93180248e-01 -2.67417071e-04 -8.74210018e-04 9.97984163e-01 1.00060679e+00
4.01000000e+01 9.92455909e-01 -2.96043852e-04 -9.59977714e-04 9.97784001e-01 1.00066393e+00
4.02000000e+01 9.91813803e-01 -3.21443369e-04 -1.03535007e-03 9.97607856e-01 1.00071391e+00
4.03000000e+01 9.91259187e-01 -3.43404837e-04 -1.09968979e-03 9.97457216e-01 1.00075628e+00
4.04000000e+01 9.90796424e-01 -3.61752739e-04 -1.15247441e-03 9.97333298e-01 1.00079072e+00
4.05000000e+01 9.90428956e-01 -3.76347886e-04 -1.19330004e-03 9.97237052e-01 1.00081695e+00
4.06000000e+01 9.90159294e-01 -3.87088170e-04 -1.22188397e-03 9.97169144e-01 1.00083480e+00
4.07000000e+01 9.89989004e-01 -3.93909001e-04 -1.23806614e-03 9.97129959e-01 1.00084416e+00
4.08000000e+01 9.89918707e-01 -3.96783444e-04 -1.24180939e-03 9.97119598e-01 1.00084503e+00
4.09000000e+01 9.89948088e-01 -3.95722065e-04 -1.23319859e-03 9.97137881e-01 1.00083748e+00
4.10000000e+01 9.90075901e-01 -3.90772468e-04 -1.21243862e-03 9.97184350e-01 1.00082167e+00
4.11000000e+01 9.90299998e-01 -3.82018565e-04 -1.17985124e-03 9.97258279e-01 1.00079783e+00
4.12000000e+01 9.90617346e-01 -3.69579547e-04 -1.13587092e-03 9.97358679e-01 1.00076629e+00
4.13000000e+01 9.91024066e-01 -3.53608590e-04 -1.08103962e-03 9.97484312e-01 1.00072743e+00
4.14000000e+01 9.91515469e-01 -3.34291277e-04 -1.01600060e-03 9.97633708e-01 1.00068171e+00
4.15000000e+01 9.92086099e-01 -3.11843770e-04 -9.41491344e-04 9.97805174e-01 1.00062965e+00
4.16000000e+01 9.92729791e-01 -2.86510708e-04 -8.58335630e-04 9.97996818e-01 1.00057182e+00
4.17000000e+01 9.93439718e-01 -2.58562874e-04 -7.67434846e-04 9.98206567e-01 1.00050887e+00
4.18000000e+01 9.94208465e-01 -2.28294610e-04 -6.69758609e-04 9.98432188e-01 1.00044146e+00
4.19000000e+01 9.95028087e-01 -1.96021021e-04 -5.66334804e-04 9.98671309e-01 1.00037031e+00
4.20000000e+01 9.95890191e-01 -1.62074965e-04 -4.58239117e-04 9.98921447e-01 1.00029616e+00
4.21000000e+01 9.96786008e-01 -1.26803862e-04 -3.46584164e-04 9.99180028e-01 1.00021978e+00
4.22000000e+01 9.97706480e-01 -9.05663353e-05 -2.32508325e-04 9.99444417e-01 1.00014194e+00
4.23000000e+01 9.98642344e-01 -5.37287237e-05 -1.17164382e-04 9.99711943e-01 1.00006344e+00
4.24000000e+01 9.99584219e-01 -1.66614792e-05 -1.70807420e-06 9.99979922e-01 9.99985047e-01
4.25000000e+01 1.00052271e+00 2.02645010e-05 1.12713321e-04 1.00024569e+00 9.99907551e-01
4.26000000e+01 1.00144847e+00 5.66815825e-05 2.24972265e-04 1.00050663e+00 9.99831709e-01
4.27000000e+01 1.00235234e+00 9.22290961e-05 3.33971992e-04 1.00076017e+00 9.99758257e-01
4.28000000e+01 1.00322541e+00 1.26556998e-04 4.38657176e-04 1.00100387e+00 9.99687900e-01
4.29000000e+01 1.00405911e+00 1.59329441e-04 5.38024134e-04 1.00123538e+00 9.99621305e-01
4.30000000e+01 1.00484531e+00 1.90228218e-04 6.31130462e-04 1.00145249e+00 9.99559098e-01
4.31000000e+01 1.00557640e+00 2.18956028e-04 7.17104002e-04 1.00165316e+00 9.99501852e-01
4.32000000e+01 1.00624539e+00 2.45239529e-04 7.95151048e-04 1.00183554e+00 9.99450088e-01
4.33000000e+01 1.00684595e+00 2.68832137e-04 8.64563716e-04 1.00199796e+00 9.99404268e-01
4.34000000e+01 1.00737248e+00 2.89516525e-04 9.24726389e-04 1.00213897e+00 9.99364790e-01
4.35000000e+01 1.00782020e+00 3.07106796e-04 9.75121193e-04 1.00225735e+00 9.99331986e-01
4.36000000e+01 1.00818517e+00 3.21450303e-04 1.01533242e-03 1.00235212e+00 9.99306118e-01
4.37000000e+01 1.00846435e+00 3.32429080e-04 1.04504990e-03 1.00242253e+00 9.99287379e-01
4.38000000e+01 1.00865560e+00 3.39960874e-04 1.06407123e-03 1.00246810e+00 9.99275890e-01
4.39000000e+01 1.00875773e+00 3.43999763e-04 1.07230291e-03 1.00248861e+00 9.99271697e-01
4.40000000e+01 1.00877048e+00 3.44536355e-04 1.06976035e-03 1.00248406e+00 9.99274776e-01
4.41000000e+01 1.00869453e+00 3.41597558e-04 1.05656672e-03 1.00245473e+00 9.99285031e-01
4.42000000e+01 1.00853148e+00 3.35245948e-04 1.03295074e-03 1.00240115e+00 9.99302295e-01
4.43000000e+01 1.00828384e+00 3.25578722e-04 9.99243397e-04 1.00232407e+00 9.99326335e-01
4.44000000e+01 1.00795495e+00 3.12726277e-04 9.55873627e-04 1.00222447e+00 9.99356853e-01
4.45000000e+01 1.00754897e+00 2.96850426e-04 9.03363045e-04 1.00210358e+00 9.99393487e-01
4.46000000e+01 1.00707083e+00 2.78142291e-04 8.42319786e-04 1.00196278e+00 9.99435823e-01
4.47000000e+01 1.00652612e+00 2.56819885e-04 7.73431513e-04 1.00180368e+00 9.99483388e-01
4.48000000e+01 1.00592108e+00 2.33125455e-04 6.97457700e-04 1.00162804e+00 9.99535668e-01
4.49000000e+01 1.00526248e+00 2.07322590e-04 6.15221269e-04 1.00143777e+00 9.99592101e-01
4.50000000e+01 1.00455756e+00 1.79693156e-04 5.27599677e-04 1.00123489e+00 9.99652093e-01
4.51000000e+01 1.00381392e+00 1.50534093e-04 4.35515559e-04 1.00102157e+00 9.99715019e-01
4.52000000e+01 1.00303949e+00 1.20154123e-04 3.39927029e-04 1.00080001e+00 9.99780227e-01
4.53000000e+01 1.00224237e+00 8.88703976e-05 2.41817742e-04 1.00057251e+00 9.99847053e-01
4.54000000e+01 1.00143081e+00 5.70051406e-05 1.42186820e-04 1.00034138e+00 9.99914818e-01
4.55000000e+01 1.00061307e+00 2.48823095e-05 4.20387587e-05 1.00010896e+00 9.99982844e-01
4.56000000e+01 9.99797374e-01 -7.17567618e-06 -5.76266039e-05 9.99877571e-01 1.00005045e+00
4.57000000e+01 9.98991805e-01 -3.88511158e-05 -1.55823936e-04 9.99649501e-01 1.00011697e+00
4.58000000e+01 9.98204239e-01 -6.98340834e-05 -2.51591999e-04 9.99426982e-01 1.00018176e+00
4.59000000e+01 9.97442272e-01 -9.98253349e-05 -3.44002874e-04 9.99212169e-01 1.00024418e+00
4.60000000e+01 9.96713144e-01 -1.28539042e-04 -4.32170751e-04 9.99007119e-01 1.00030363e+00
4.61000000e+01 9.96023681e-01 -1.55705336e-04 -5.15260192e-04 9.98813774e-01 1.00035955e+00
4.62000000e+01 9.95380237e-01 -1.81072641e-04 -5.92493810e-04 9.98633940e-01 1.00041142e+00
4.63000000e+01 9.94788640e-01 -2.04409792e-04 -6.63159289e-04 9.98469272e-01 1.00045875e+00
4.64000000e+01 9.94254146e-01 -2.25507916e-04 -7.26615694e-04 9.98321261e-01 1.00050111e+00
4.65000000e+01 9.93781400e-01 -2.44182081e-04 -7.82299020e-04 9.98191220e-01 1.00053812e+00
4.66000000e+01 9.93374403e-01 -2.60272699e-04 -8.29726943e-04 9.98080273e-01 1.00056945e+00
4.67000000e+01 9.93036482e-01 -2.73646683e-04 -8.68502729e-04 9.97989348e-01 1.00059486e+00
4.68000000e+01 9.92770271e-01 -2.84198358e-04 -8.98318292e-04 9.97919165e-01 1.00061412e+00
4.69000000e+01 9.92577694e-01 -2.91850125e-04 -9.18956365e-04 9.97870237e-01 1.00062711e+00
4.70000000e+01 9.92459960e-01 -2.96552872e-04 -9.30291791e-04 9.97842864e-01 1.00063374e+00
4.71000000e+01 9.92417552e-01 -2.98286145e-04 -9.32291917e-04 9.97837130e-01 1.00063401e+00
