# k S000 S110 S112 S10 S11
0.00000000e+00 2.08979592e-01 9.85404921e+00 -5.42390080e+00 6.24760120e-03 1.62779500e+01
1.00000000e-01 2.09128492e-01 9.67595554e+00 -5.33485185e+00 6.25184400e-03 1.60108074e+01
2.00000000e-01 2.09575862e-01 9.17581217e+00 -5.08477379e+00 6.26459230e-03 1.52605860e+01
3.00000000e-01 2.10323710e-01 8.44088690e+00 -4.71730050e+00 6.28590696e-03 1.41581874e+01
4.00000000e-01 2.11375404e-01 7.57750640e+00 -4.28559526e+00 6.31588964e-03 1.28631017e+01
5.00000000e-01 2.12735687e-01 6.67992681e+00 -3.83678607e+00 6.35468406e-03 1.15167129e+01
6.00000000e-01 2.14410714e-01 5.81487535e+00 -3.40423643e+00 6.40247731e-03 1.02191118e+01
7.00000000e-01 2.16408095e-01 5.02066077e+00 -3.00710063e+00 6.45950156e-03 9.02776141e+00
8.00000000e-01 2.18736944e-01 4.31367213e+00 -2.65357305e+00 6.52603628e-03 7.96724517e+00
9.00000000e-01 2.21407940e-01 3.69623605e+00 -2.34481682e+00 6.60241089e-03 7.04105286e+00
1.00000000e+00 2.24433405e-01 3.16297274e+00 -2.07814187e+00 6.68900800e-03 6.24111460e+00
1.10000000e+00 2.27827379e-01 2.70504208e+00 -1.84912790e+00 6.78626715e-03 5.55416998e+00
1.20000000e+00 2.31605716e-01 2.31263878e+00 -1.65287204e+00 6.89468917e-03 4.96551082e+00
1.30000000e+00 2.35786186e-01 1.97629935e+00 -1.48464225e+00 7.01484133e-03 4.46094160e+00
1.40000000e+00 2.40388590e-01 1.68749125e+00 -1.34017194e+00 7.14736319e-03 4.02766320e+00
1.50000000e+00 2.45434880e-01 1.43880444e+00 -1.21575574e+00 7.29297338e-03 3.65456018e+00
1.60000000e+00 2.50949297e-01 1.22394095e+00 -1.10824424e+00 7.45247739e-03 3.33218519e+00
1.70000000e+00 2.56958506e-01 1.03761350e+00 -1.01499336e+00 7.62677648e-03 3.05260686e+00
1.80000000e+00 2.63491753e-01 8.75412631e-01 -9.33797876e-01 7.81687791e-03 2.80921051e+00
1.90000000e+00 2.70581011e-01 7.33671846e-01 -8.62823970e-01 8.02390674e-03 2.59649582e+00
2.00000000e+00 2.78261144e-01 6.09344162e-01 -8.00547521e-01 8.24911927e-03 2.40989168e+00
2.10000000e+00 2.86570058e-01 4.99894847e-01 -7.45700464e-01 8.49391853e-03 2.24559531e+00
2.20000000e+00 2.95548856e-01 4.03210914e-01 -6.97225521e-01 8.75987216e-03 2.10043643e+00
2.30000000e+00 3.05241967e-01 3.17526064e-01 -6.54238666e-01 9.04873291e-03 1.97176473e+00
2.40000000e+00 3.15697265e-01 2.41359052e-01 -6.15998295e-01 9.36246238e-03 1.85735735e+00
2.50000000e+00 3.26966151e-01 1.73463357e-01 -5.81880049e-01 9.70325844e-03 1.75534341e+00
2.60000000e+00 3.39103582e-01 1.12786189e-01 -5.51356301e-01 1.00735871e-02 1.66414249e+00
2.70000000e+00 3.52168035e-01 5.84351135e-02 -5.23979447e-01 1.04762193e-02 1.58241456e+00
2.80000000e+00 3.66221388e-01 9.65086850e-03 -4.99368297e-01 1.09142744e-02 1.50901917e+00
2.90000000e+00 3.81328668e-01 -3.42148281e-02 -4.77196951e-01 1.13912700e-02 1.44298212e+00
3.00000000e+00 3.97557660e-01 -7.37174254e-02 -4.57185697e-01 1.19111813e-02 1.38346827e+00
3.10000000e+00 4.14978303e-01 -1.09334426e-01 -4.39093532e-01 1.24785101e-02 1.32975911e+00
3.20000000e+00 4.33661856e-01 -1.41477630e-01 -4.22712001e-01 1.30983670e-02 1.28123437e+00
3.30000000e+00 4.53679746e-01 -1.70503246e-01 -4.07860093e-01 1.37765679e-02 1.23735685e+00
3.40000000e+00 4.75102054e-01 -1.96720250e-01 -3.94380001e-01 1.45197487e-02 1.19765975e+00
3.50000000e+00 4.97995550e-01 -2.20397336e-01 -3.82133581e-01 1.53355029e-02 1.16173625e+00
3.60000000e+00 5.22421221e-01 -2.41768697e-01 -3.70999379e-01 1.62325447e-02 1.12923068e+00
3.70000000e+00 5.48431197e-01 -2.61038856e-01 -3.60870119e-01 1.72209069e-02 1.09983126e+00
3.80000000e+00 5.76065027e-01 -2.78386702e-01 -3.51650560e-01 1.83121782e-02 1.07326386e+00
3.90000000e+00 6.05345250e-01 -2.93968873e-01 -3.43255667e-01 1.95197919e-02 1.04928679e+00
4.00000000e+00 6.36272260e-01 -3.07922588e-01 -3.35609017e-01 2.08593775e-02 1.02768643e+00
4.10000000e+00 6.68818503e-01 -3.20368010e-01 -3.28641399e-01 2.23491916e-02 1.00827339e+00
4.20000000e+00 7.02922140e-01 -3.31410221e-01 -3.22289565e-01 2.40106478e-02 9.90879344e-01
4.30000000e+00 7.38480402e-01 -3.41140840e-01 -3.16495093e-01 2.58689747e-02 9.75354252e-01
4.40000000e+00 7.75342991e-01 -3.49639340e-01 -3.11203313e-01 2.79540342e-02 9.61563973e-01
4.50000000e+00 8.13306050e-01 -3.56974080e-01 -3.06362286e-01 3.03013491e-02 9.49388206e-01
4.60000000e+00 8.52107340e-01 -3.63203067e-01 -3.01921766e-01 3.29534008e-02 9.38718700e-01
4.70000000e+00 8.91423436e-01 -3.68374455e-01 -2.97832133e-01 3.59612793e-02 9.29457678e-01
4.80000000e+00 9.30869793e-01 -3.72526756e-01 -2.94043222e-01 3.93867995e-02 9.21516467e-01
4.90000000e+00 9.70004559e-01 -3.75688741e-01 -2.90503011e-01 4.33052360e-02 9.14814270e-01
5.00000000e+00 1.00833682e+00 -3.77878974e-01 -2.87156068e-01 4.78088898e-02 9.09277093e-01
5.10000000e+00 1.04533971e+00 -3.79104888e-01 -2.83941665e-01 5.30117829e-02 9.04836776e-01
5.20000000e+00 1.08046824e+00 -3.79361283e-01 -2.80791408e-01 5.90559011e-02 9.01430125e-01
5.30000000e+00 1.11318122e+00 -3.78628051e-01 -2.77626182e-01 6.61195853e-02 8.98998131e-01
5.40000000e+00 1.14296593e+00 -3.76866845e-01 -2.74352105e-01 7.44289450e-02 8.97485261e-01
5.50000000e+00 1.16936358e+00 -3.74016266e-01 -2.70855079e-01 8.42735761e-02 8.96838813e-01
5.60000000e+00 1.19199316e+00 -3.69984943e-01 -2.66993275e-01 9.60285073e-02 8.97008332e-01
5.70000000e+00 1.21057154e+00 -3.64641521e-01 -2.62586592e-01 1.10185295e-01 8.97945071e-01
5.80000000e+00 1.22492748e+00 -3.57800070e-01 -2.57401571e-01 1.27396789e-01 8.99601501e-01
5.90000000e+00 1.23500833e+00 -3.49198511e-01 -2.51129389e-01 1.48542712e-01 9.01930878e-01
6.00000000e+00 1.24087878e+00 -3.38466268e-01 -2.43353101e-01 1.74827531e-01 9.04886833e-01
6.10000000e+00 1.24271224e+00 -3.25074803e-01 -2.33497834e-01 2.07929530e-01 9.08423030e-01
6.20000000e+00 1.24077603e+00 -3.08260487e-01 -2.20753337e-01 2.50232838e-01 9.12492851e-01
6.30000000e+00 1.23541225e+00 -2.86901575e-01 -2.03950712e-01 3.05197001e-01 9.17049137e-01
6.40000000e+00 1.22701653e+00 -2.59317413e-01 -1.81361394e-01 3.77959800e-01 9.22043981e-01
6.50000000e+00 1.21601658e+00 -2.22933041e-01 -1.50361614e-01 4.76343732e-01 9.27428572e-01
6.60000000e+00 1.20285226e+00 -1.73707822e-01 -1.06860915e-01 6.12570348e-01 9.33153093e-01
6.70000000e+00 1.18795836e+00 -1.05152360e-01 -4.43190472e-02 8.06209545e-01 9.39166687e-01
6.80000000e+00 1.17175089e+00 -6.66559464e-03 4.79169259e-02 1.08916826e+00 9.45417479e-01
6.90000000e+00 1.15461679e+00 1.39020281e-01 1.87167606e-01 1.51335549e+00 9.51852675e-01
7.00000000e+00 1.13690732e+00 3.58349029e-01 3.99930313e-01 2.15820966e+00 9.58418716e-01
7.10000000e+00 1.11893433e+00 6.82274538e-01 7.17213024e-01 3.11670059e+00 9.65061514e-01
7.20000000e+00 1.10096912e+00 1.10747925e+00 1.13575250e+00 4.37898425e+00 9.71726745e-01
7.30000000e+00 1.08324321e+00 1.49378650e+00 1.51542628e+00 5.52463906e+00 9.78360215e-01
7.40000000e+00 1.06595047e+00 1.57236192e+00 1.58745365e+00 5.74726921e+00 9.84908277e-01
7.50000000e+00 1.04925016e+00 1.30575651e+00 1.31443821e+00 4.93463293e+00 9.91318303e-01
7.60000000e+00 1.03327041e+00 9.35259191e-01 9.37719992e-01 3.81069917e+00 9.97539199e-01
7.70000000e+00 1.01811198e+00 6.24383137e-01 6.20861192e-01 2.86610552e+00 1.00352194e+00
7.80000000e+00 1.00385191e+00 4.00810383e-01 3.91590229e-01 2.18399084e+00 1.00922015e+00
7.90000000e+00 9.90546936e-01 2.45914329e-01 2.31323703e-01 1.70856173e+00 1.01459063e+00
8.00000000e+00 9.78236751e-01 1.38052975e-01 1.18459085e-01 1.37497114e+00 1.01959389e+00
8.10000000e+00 9.66946805e-01 6.14802395e-02 3.72855332e-02 1.13605131e+00 1.02419471e+00
8.20000000e+00 9.56690811e-01 5.86139293e-03 -2.25011270e-02 9.60859139e-01 1.02836252e+00
8.30000000e+00 9.47472888e-01 -3.54612243e-02 -6.75330762e-02 8.29472623e-01 1.03207185e+00
8.40000000e+00 9.39289360e-01 -6.68170012e-02 -1.02119606e-01 7.28943786e-01 1.03530261e+00
8.50000000e+00 9.32130262e-01 -9.10754534e-02 -1.29115736e-01 6.50693076e-01 1.03804028e+00
8.60000000e+00 9.25980557e-01 -1.10179852e-01 -1.50455958e-01 5.88908233e-01 1.04027611e+00
8.70000000e+00 9.20821111e-01 -1.25473942e-01 -1.67480978e-01 5.39564101e-01 1.04200704e+00
8.80000000e+00 9.16629460e-01 -1.37904505e-01 -1.81140188e-01 4.99815119e-01 1.04323568e+00
8.90000000e+00 9.13380379e-01 -1.48149320e-01 -1.92119444e-01 4.67611793e-01 1.04397012e+00
9.00000000e+00 9.11046302e-01 -1.56699727e-01 -2.00923348e-01 4.41453576e-01 1.04422362e+00
9.10000000e+00 9.09597608e-01 -1.63915039e-01 -2.07929304e-01 4.20226354e-01 1.04401426e+00
9.20000000e+00 9.09002789e-01 -1.70059150e-01 -2.13423685e-01 4.03093480e-01 1.04336453e+00
9.30000000e+00 9.09228529e-01 -1.75325662e-01 -2.17626473e-01 3.89421393e-01 1.04230081e+00
9.40000000e+00 9.10239713e-01 -1.79855437e-01 -2.20708280e-01 3.78728004e-01 1.04085284e+00
9.50000000e+00 9.11999367e-01 -1.83749077e-01 -2.22802263e-01 3.70646397e-01 1.03905319e+00
9.60000000e+00 9.14468569e-01 -1.87075917e-01 -2.24012548e-01 3.64898987e-01 1.03693663e+00
9.70000000e+00 9.17606323e-01 -1.89880580e-01 -2.24420212e-01 3.61278995e-01 1.03453963e+00
9.80000000e+00 9.21369422e-01 -1.92187802e-01 -2.24087552e-01 3.59637094e-01 1.03189975e+00
9.90000000e+00 9.25712307e-01 -1.94005970e-01 -2.23061099e-01 3.59871832e-01 1.02905513e+00
1.00000000e+01 9.30586951e-01 -1.95329729e-01 -2.21373720e-01 3.61922832e-01 1.02604399e+00
1.01000000e+01 9.35942752e-01 -1.96141840e-01 -2.19046028e-01 3.65766103e-01 1.02290419e+00
1.02000000e+01 9.41726480e-01 -1.96414468e-01 -2.16087263e-01 3.71411007e-01 1.01967280e+00
1.03000000e+01 9.47882275e-01 -1.96109992e-01 -2.12495739e-01 3.78898531e-01 1.01638575e+00
1.04000000e+01 9.54351701e-01 -1.95181424e-01 -2.08258955e-01 3.88300667e-01 1.01307753e+00
1.05000000e+01 9.61073891e-01 -1.93572478e-01 -2.03353408e-01 3.99720706e-01 1.00978093e+00
1.06000000e+01 9.67985766e-01 -1.91217344e-01 -1.97744151e-01 4.13294355e-01 1.00652681e+00
1.07000000e+01 9.75022354e-01 -1.88040195e-01 -1.91384135e-01 4.29191535e-01 1.00334394e+00
1.08000000e+01 9.82117210e-01 -1.83954471e-01 -1.84213368e-01 4.47618793e-01 1.00025890e+00
1.09000000e+01 9.89202930e-01 -1.78861987e-01 -1.76157932e-01 4.68822150e-01 9.97295945e-01
1.10000000e+01 9.96211773e-01 -1.72651937e-01 -1.67128937e-01 4.93090188e-01 9.94477000e-01
1.11000000e+01 1.00307636e+00 -1.65199918e-01 -1.57021513e-01 5.20757056e-01 9.91821595e-01
1.12000000e+01 1.00973046e+00 -1.56367131e-01 -1.45714011e-01 5.52204847e-01 9.89346880e-01
1.13000000e+01 1.01610986e+00 -1.46000057e-01 -1.33067698e-01 5.87864546e-01 9.87067641e-01
1.14000000e+01 1.02215322e+00 -1.33931013e-01 -1.18927346e-01 6.28214295e-01 9.84996333e-01
1.15000000e+01 1.02780300e+00 -1.19980214e-01 -1.03123343e-01 6.73773100e-01 9.83143129e-01
1.16000000e+01 1.03300636e+00 -1.03960254e-01 -8.54762304e-02 7.25087285e-01 9.81515977e-01
1.17000000e+01 1.03771599e+00 -8.56842530e-02 -6.58049212e-02 7.82705905e-01 9.80120668e-01
1.18000000e+01 1.04189089e+00 -6.49793670e-02 -4.39402754e-02 8.47140082e-01 9.78960908e-01
1.19000000e+01 1.04549708e+00 -4.17077145e-02 -1.97461075e-02 9.18800071e-01 9.78038393e-01
1.20000000e+01 1.04850808e+00 -1.57970027e-02 6.85011031e-03 9.97903218e-01 9.77352887e-01
1.21000000e+01 1.05090538e+00 1.27172392e-02 3.58149322e-02 1.08434710e+00 9.76902307e-01
1.22000000e+01 1.05267859e+00 4.36373803e-02 6.69545766e-02 1.17754653e+00 9.76682804e-01
1.23000000e+01 1.05382558e+00 7.65402783e-02 9.98514305e-02 1.27624314e+00 9.76688848e-01
1.24000000e+01 1.05435227e+00 1.10713533e-01 1.33800218e-01 1.37831397e+00 9.76913315e-01
1.25000000e+01 1.05427239e+00 1.45108438e-01 1.67760860e-01 1.48063016e+00 9.77347578e-01
1.26000000e+01 1.05360700e+00 1.78335053e-01 2.00353460e-01 1.57904197e+00 9.77981593e-01
1.27000000e+01 1.05238392e+00 2.08728134e-01 2.29924136e-01 1.66857640e+00 9.78803998e-01
1.28000000e+01 1.05063700e+00 2.34503412e-01 2.54701201e-01 1.74390581e+00 9.79802211e-01
1.29000000e+01 1.04840531e+00 2.53996934e-01 2.73034405e-01 1.80006574e+00 9.80962529e-01
1.30000000e+01 1.04573233e+00 2.65941053e-01 2.83670811e-01 1.83328268e+00 9.82270242e-01
1.31000000e+01 1.04266499e+00 2.69698585e-01 2.85988846e-01 1.84167628e+00 9.83709739e-01
1.32000000e+01 1.03925284e+00 2.65376052e-01 2.80111418e-01 1.82559889e+00 9.85264634e-01
1.33000000e+01 1.03554713e+00 2.53776886e-01 2.66858994e-01 1.78749487e+00 9.86917892e-01
1.34000000e+01 1.03159997e+00 2.36216650e-01 2.47564694e-01 1.73134604e+00 9.88651956e-01
1.35000000e+01 1.02746362e+00 2.14269361e-01 2.23820467e-01 1.66191030e+00 9.90448893e-01
1.36000000e+01 1.02318968e+00 1.89523350e-01 1.97232813e-01 1.58398898e+00 9.92290537e-01
1.37000000e+01 1.01882857e+00 1.63400835e-01 1.69242198e-01 1.50188523e+00 9.94158637e-01
1.38000000e+01 1.01442892e+00 1.37059103e-01 1.41024086e-01 1.41910728e+00 9.96035016e-01
1.39000000e+01 1.01003714e+00 1.11362929e-01 1.13461202e-01 1.33828533e+00 9.97901727e-01
1.40000000e+01 1.00569706e+00 8.69050167e-02 8.71638051e-02 1.26123263e+00 9.99741212e-01
1.41000000e+01 1.00144964e+00 6.40509729e-02 6.25145117e-02 1.18908000e+00 1.00153646e+00
1.42000000e+01 9.97332747e-01 4.29913569e-02 3.97201838e-02 1.12243172e+00 1.00327117e+00
1.43000000e+01 9.93380999e-01 2.37904215e-02 1.88605181e-02 1.06151146e+00 1.00492990e+00
1.44000000e+01 9.89625699e-01 6.42682123e-03 -7.13913798e-05 1.00628404e+00 1.00649821e+00
1.45000000e+01 9.86094777e-01 -9.17484088e-03 -1.71376435e-02 9.56549872e-01 1.00796280e+00
1.46000000e+01 9.82812795e-01 -2.31208788e-02 -3.24325206e-02 9.12014080e-01 1.00931164e+00
1.47000000e+01 9.79800981e-01 -3.55323077e-02 -4.60663854e-02 8.72334922e-01 1.01053408e+00
1.48000000e+01 9.77077290e-01 -4.65339438e-02 -5.81548755e-02 8.37156305e-01 1.01162093e+00
1.49000000e+01 9.74656479e-01 -5.62473954e-02 -6.88119749e-02 8.06128655e-01 1.01256458e+00
1.50000000e+01 9.72550202e-01 -6.47868034e-02 -7.81458131e-02 7.78921570e-01 1.01335901e+00
1.51000000e+01 9.70767113e-01 -7.22564625e-02 -8.62563271e-02 7.55230883e-01 1.01399986e+00
1.52000000e+01 9.69312965e-01 -7.87496945e-02 -9.32341528e-02 7.34782000e-01 1.01448446e+00
1.53000000e+01 9.68190725e-01 -8.43485266e-02 -9.91603020e-02 7.17330870e-01 1.01481178e+00
1.54000000e+01 9.67400676e-01 -8.91238704e-02 -1.04106318e-01 7.02663493e-01 1.01498245e+00
1.55000000e+01 9.66940525e-01 -9.31359964e-02 -1.08134708e-01 6.90594588e-01 1.01499871e+00
1.56000000e+01 9.66805505e-01 -9.64351659e-02 -1.11299509e-01 6.80965815e-01 1.01486434e+00
1.57000000e+01 9.66988481e-01 -9.90623383e-02 -1.13646921e-01 6.73643820e-01 1.01458458e+00
1.58000000e+01 9.67480040e-01 -1.01049897e-01 -1.15215928e-01 6.68518247e-01 1.01416603e+00
1.59000000e+01 9.68268599e-01 -1.02422368e-01 -1.16038913e-01 6.65499805e-01 1.01361654e+00
1.60000000e+01 9.69340502e-01 -1.03197115e-01 -1.16142225e-01 6.64518435e-01 1.01294511e+00
1.61000000e+01 9.70680122e-01 -1.03385004e-01 -1.15546714e-01 6.65521569e-01 1.01216171e+00
1.62000000e+01 9.72269968e-01 -1.02991052e-01 -1.14268237e-01 6.68472474e-01 1.01127718e+00
1.63000000e+01 9.74090802e-01 -1.02015056e-01 -1.12318146e-01 6.73348653e-01 1.01030309e+00
1.64000000e+01 9.76121762e-01 -1.00452228e-01 -1.09703770e-01 6.80140231e-01 1.00925154e+00
1.65000000e+01 9.78340492e-01 -9.82938489e-02 -1.06428929e-01 6.88848294e-01 1.00813508e+00
1.66000000e+01 9.80723299e-01 -9.55279656e-02 -1.02494477e-01 6.99483080e-01 1.00696651e+00
1.67000000e+01 9.83245307e-01 -9.21401623e-02 -9.78989383e-02 7.12061961e-01 1.00575878e+00
1.68000000e+01 9.85880639e-01 -8.81144329e-02 -9.26392388e-02 7.26607090e-01 1.00452481e+00
1.69000000e+01 9.88602614e-01 -8.34341949e-02 -8.67115920e-02 7.43142621e-01 1.00327740e+00
1.70000000e+01 9.91383958e-01 -7.80834833e-02 -8.01125704e-02 7.61691376e-01 1.00202909e+00
1.71000000e+01 9.94197031e-01 -7.20483686e-02 -7.28404103e-02 7.82270811e-01 1.00079204e+00
1.72000000e+01 9.97014077e-01 -6.53186406e-02 -6.48965925e-02 8.04888174e-01 9.99577952e-01
1.73000000e+01 9.99807478e-01 -5.78897987e-02 -5.62877381e-02 8.29534725e-01 9.98397939e-01
1.74000000e+01 1.00255003e+00 -4.97653749e-02 -4.70278485e-02 8.56178928e-01 9.97262474e-01
1.75000000e+01 1.00521519e+00 -4.09595985e-02 -3.71408968e-02 8.84758608e-01 9.96181298e-01
1.76000000e+01 1.00777743e+00 -3.15003766e-02 -2.66637452e-02 9.15172133e-01 9.95163369e-01
1.77000000e+01 1.01021242e+00 -2.14325173e-02 -1.56493145e-02 9.47268854e-01 9.94216797e-01
1.78000000e+01 1.01249738e+00 -1.08210521e-02 -4.16986400e-03 9.80839220e-01 9.93348812e-01
1.79000000e+01 1.01461130e+00 2.45567043e-04 7.67984657e-03 1.01560526e+00 9.92565720e-01
1.80000000e+01 1.01653519e+00 1.16527232e-02 1.97798376e-02 1.05121240e+00 9.91872886e-01
1.81000000e+01 1.01825232e+00 2.32577694e-02 3.19830614e-02 1.08722389e+00 9.91274708e-01
1.82000000e+01 1.01974840e+00 3.48895519e-02 4.41149346e-02 1.12311942e+00 9.90774617e-01
1.83000000e+01 1.02101173e+00 4.63498724e-02 5.59748017e-02 1.15829948e+00 9.90375071e-01
1.84000000e+01 1.02203335e+00 5.74173912e-02 6.73398331e-02 1.19209706e+00 9.90077558e-01
1.85000000e+01 1.02280713e+00 6.78543225e-02 7.79717073e-02 1.22379774e+00 9.89882615e-01
1.86000000e+01 1.02332976e+00 7.74159797e-02 8.76261382e-02 1.25266826e+00 9.89789842e-01
1.87000000e+01 1.02360081e+00 8.58628203e-02 9.60648952e-02 1.27799261e+00 9.89797925e-01
1.88000000e+01 1.02362266e+00 9.29741610e-02 1.03069488e-01 1.29911314e+00 9.89904673e-01
1.89000000e+01 1.02340042e+00 9.85622798e-02 1.08455231e-01 1.31547274e+00 9.90107049e-01
1.90000000e+01 1.02294181e+00 1.02485316e-01 1.12084107e-01 1.32665353e+00 9.90401209e-01
1.91000000e+01 1.02225699e+00 1.04657335e-01 1.13874780e-01 1.33240689e+00 9.90782555e-01
1.92000000e+01 1.02135840e+00 1.05054189e-01 1.13808408e-01 1.33267100e+00 9.91245781e-01
1.93000000e+01 1.02026048e+00 1.03714377e-01 1.11929449e-01 1.32757327e+00 9.91784928e-01
1.94000000e+01 1.01897952e+00 1.00734849e-01 1.08341401e-01 1.31741765e+00 9.92393447e-01
1.95000000e+01 1.01753332e+00 9.62624204e-02 1.03198159e-01 1.30265874e+00 9.93064261e-01
1.96000000e+01 1.01594098e+00 9.04820879e-02 9.66922544e-02 1.28386660e+00 9.93789833e-01
1.97000000e+01 1.01422259e+00 8.36037812e-02 8.90415437e-02 1.26168687e+00 9.94562238e-01
1.98000000e+01 1.01239900e+00 7.58491214e-02 8.04758879e-02 1.23680090e+00 9.95373234e-01
1.99000000e+01 1.01049153e+00 6.74394588e-02 7.12251151e-02 1.20988969e+00 9.96214344e-01
2.00000000e+01 1.00852169e+00 5.85860634e-02 6.15091315e-02 1.18160433e+00 9.97076932e-01
2.01000000e+01 1.00651099e+00 4.94828847e-02 5.15306004e-02 1.15254409e+00 9.97952284e-01
2.02000000e+01 1.00448067e+00 4.03019067e-02 4.14702163e-02 1.12324234e+00 9.98831690e-01
2.03000000e+01 1.00245150e+00 3.11908367e-02 3.14843112e-02 1.09415946e+00 9.99706526e-01
2.04000000e+01 1.00044356e+00 2.22727014e-02 2.17043703e-02 1.06568144e+00 1.00056833e+00
2.05000000e+01 9.98476120e-01 1.36468653e-02 1.22379703e-02 1.03812281e+00 1.00140890e+00
2.06000000e+01 9.96567449e-01 5.39100280e-03 3.17067395e-03 1.01173235e+00 1.00222033e+00
2.07000000e+01 9.94734683e-01 -2.43637811e-03 -5.43152040e-03 9.86700581e-01 1.00299514e+00
2.08000000e+01 9.92993720e-01 -9.79317945e-03 -1.35194930e-02 9.63167835e-01 1.00372631e+00
2.09000000e+01 9.91359126e-01 -1.66509558e-02 -2.10583107e-02 9.41232423e-01 1.00440735e+00
2.10000000e+01 9.89844051e-01 -2.29923106e-02 -2.80246831e-02 9.20958323e-01 1.00503237e+00
2.11000000e+01 9.88460175e-01 -2.88085380e-02 -3.44046577e-02 9.02382146e-01 1.00559612e+00
2.12000000e+01 9.87217659e-01 -3.40975555e-02 -4.01915992e-02 8.85519246e-01 1.00609404e+00
2.13000000e+01 9.86125115e-01 -3.88621393e-02 -4.53844625e-02 8.70368936e-01 1.00652232e+00
2.14000000e+01 9.85189588e-01 -4.31084525e-02 -4.99863515e-02 8.56918844e-01 1.00687790e+00
2.15000000e+01 9.84416552e-01 -4.68448440e-02 -5.40033399e-02 8.45148476e-01 1.00715850e+00
2.16000000e+01 9.83809905e-01 -5.00808908e-02 -5.74435249e-02 8.35032059e-01 1.00736263e+00
2.17000000e+01 9.83371991e-01 -5.28266522e-02 -6.03162854e-02 8.26540777e-01 1.00748963e+00
2.18000000e+01 9.83103616e-01 -5.50921079e-02 -6.26317148e-02 8.19644462e-01 1.00753961e+00
2.19000000e+01 9.83004082e-01 -5.68867539e-02 -6.44002019e-02 8.14312842e-01 1.00751345e+00
2.20000000e+01 9.83071219e-01 -5.82193325e-02 -6.56321379e-02 8.10516392e-01 1.00741281e+00
2.21000000e+01 9.83301434e-01 -5.90976779e-02 -6.63377308e-02 8.08226860e-01 1.00724005e+00
2.22000000e+01 9.83689756e-01 -5.95286617e-02 -6.65269126e-02 8.07417513e-01 1.00699825e+00
2.23000000e+01 9.84229903e-01 -5.95182266e-02 -6.62093265e-02 8.08063120e-01 1.00669110e+00
2.24000000e+01 9.84914339e-01 -5.90714989e-02 -6.53943884e-02 8.10139724e-01 1.00632289e+00
2.25000000e+01 9.85734350e-01 -5.81929741e-02 -6.40914148e-02 8.13624196e-01 1.00589844e+00
2.26000000e+01 9.86680121e-01 -5.68867720e-02 -6.23098165e-02 8.18493595e-01 1.00542304e+00
2.27000000e+01 9.87740826e-01 -5.51569569e-02 -6.00593540e-02 8.24724335e-01 1.00490240e+00
2.28000000e+01 9.88904718e-01 -5.30079255e-02 -5.73504566e-02 8.32291161e-01 1.00434253e+00
2.29000000e+01 9.90159232e-01 -5.04448573e-02 -5.41946049e-02 8.41165933e-01 1.00374975e+00
2.30000000e+01 9.91491094e-01 -4.74742307e-02 -5.06047749e-02 8.51316220e-01 1.00313054e+00
2.31000000e+01 9.92886434e-01 -4.41043996e-02 -4.65959460e-02 8.62703709e-01 1.00249155e+00
2.32000000e+01 9.94330915e-01 -4.03462285e-02 -4.21856653e-02 8.75282441e-01 1.00183944e+00
2.33000000e+01 9.95809855e-01 -3.62137769e-02 -3.73946649e-02 8.88996893e-01 1.00118089e+00
2.34000000e+01 9.97308367e-01 -3.17250213e-02 -3.22475184e-02 9.03779942e-01 1.00052250e+00
2.35000000e+01 9.98811496e-01 -2.69025964e-02 -2.67733187e-02 9.19550766e-01 9.99870722e-01
2.36000000e+01 1.00030436e+00 -2.17745290e-02 -2.10063534e-02 9.36212764e-01 9.99231824e-01
2.37000000e+01 1.00177230e+00 -1.63749304e-02 -1.49867406e-02 9.53651588e-01 9.98611810e-01
2.38000000e+01 1.00320103e+00 -1.07446021e-02 -8.76098442e-03 9.71733429e-01 9.98016382e-01
2.39000000e+01 1.00457676e+00 -4.93150250e-03 -2.38239357e-03 9.90303710e-01 9.97450891e-01
2.40000000e+01 1.00588636e+00 1.00898869e-03 4.08869560e-03 1.00918638e+00 9.96920293e-01
2.41000000e+01 1.00711749e+00 7.01407407e-03 1.05849604e-02 1.02818399e+00 9.96429114e-01
2.42000000e+01 1.00825873e+00 1.30138784e-02 1.70324641e-02 1.04707881e+00 9.95981414e-01
2.43000000e+01 1.00929969e+00 1.89321858e-02 2.33514204e-02 1.06563503e+00 9.95580765e-01
2.44000000e+01 1.01023114e+00 2.46876206e-02 2.94573966e-02 1.08360241e+00 9.95230224e-01
2.45000000e+01 1.01104506e+00 3.01952937e-02 3.52629772e-02 1.10072125e+00 9.94932316e-01
2.46000000e+01 1.01173479e+00 3.53689015e-02 4.06798755e-02 1.11672865e+00 9.94689026e-01
2.47000000e+01 1.01229504e+00 4.01232221e-02 4.56214369e-02 1.13136610e+00 9.94501785e-01
2.48000000e+01 1.01272195e+00 4.43769080e-02 5.00054343e-02 1.14438778e+00 9.94371474e-01
2.49000000e+01 1.01301314e+00 4.80554269e-02 5.37570073e-02 1.15556944e+00 9.94298420e-01
2.50000000e+01 1.01316767e+00 5.10939684e-02 5.68115620e-02 1.16471709e+00 9.94282406e-01
2.51000000e+01 1.01318611e+00 5.34401103e-02 5.91174266e-02 1.17167496e+00 9.94322684e-01
2.52000000e+01 1.01307042e+00 5.50560410e-02 6.06380585e-02 1.17633216e+00 9.94417983e-01
2.53000000e+01 1.01282398e+00 5.59201555e-02 6.13536211e-02 1.17862740e+00 9.94566534e-01
2.54000000e+01 1.01245150e+00 5.60278928e-02 6.12617986e-02 1.17855149e+00 9.94766094e-01
2.55000000e+01 1.01195891e+00 5.53917468e-02 6.03777794e-02 1.17614731e+00 9.95013967e-01
2.56000000e+01 1.01135334e+00 5.40404552e-02 5.87334151e-02 1.17150729e+00 9.95307040e-01
2.57000000e+01 1.01064293e+00 5.20174472e-02 5.63756347e-02 1.16476872e+00 9.95641813e-01
2.58000000e+01 1.00983681e+00 4.93786893e-02 5.33642537e-02 1.15610720e+00 9.96014436e-01
2.59000000e+01 1.00894487e+00 4.61901111e-02 4.97693610e-02 1.14572883e+00 9.96420750e-01
2.60000000e+01 1.00797775e+00 4.25248134e-02 4.56684843e-02 1.13386178e+00 9.96856329e-01
2.61000000e+01 1.00694659e+00 3.84602522e-02 4.11437315e-02 1.12074772e+00 9.97316521e-01
2.62000000e+01 1.00586298e+00 3.40755731e-02 3.62790782e-02 1.10663373e+00 9.97796495e-01
2.63000000e+01 1.00473879e+00 2.94492293e-02 3.11579390e-02 1.09176511e+00 9.98291290e-01
2.64000000e+01 1.00358606e+00 2.46569740e-02 2.58611117e-02 1.07637920e+00 9.98795862e-01
2.65000000e+01 1.00241682e+00 1.97702746e-02 2.04651428e-02 1.06070056e+00 9.99305132e-01
2.66000000e+01 1.00124304e+00 1.48551578e-02 1.50411227e-02 1.04493740e+00 9.99814035e-01
2.67000000e+01 1.00007644e+00 9.97146002e-03 9.65388845e-03 1.02927924e+00 1.00031757e+00
2.68000000e+01 9.98928444e-01 5.17244233e-03 4.36158947e-03 1.01389562e+00 1.00081085e+00
2.69000000e+01 9.97810019e-01 5.04709360e-04 -7.84439578e-04 9.98935830e-01 1.00128915e+00
2.70000000e+01 9.96731623e-01 -3.99162800e-03 -5.73956173e-03 9.84529249e-01 1.00174793e+00
2.71000000e+01 9.95703099e-01 -8.28260869e-03 -1.04655367e-02 9.70786318e-01 1.00218293e+00
2.72000000e+01 9.94733608e-01 -1.23399525e-02 -1.49300921e-02 9.57799863e-01 1.00259014e+00
2.73000000e+01 9.93831557e-01 -1.61405149e-02 -1.91064159e-02 9.45646653e-01 1.00296590e+00
2.74000000e+01 9.93004543e-01 -1.96657071e-02 -2.29726097e-02 9.34389074e-01 1.00330690e+00
2.75000000e+01 9.92259303e-01 -2.29009119e-02 -2.65111350e-02 9.24076818e-01 1.00361022e+00
2.76000000e+01 9.91601680e-01 -2.58349216e-02 -2.97082761e-02 9.14748526e-01 1.00387335e+00
2.77000000e+01 9.91036584e-01 -2.84594129e-02 -3.25536367e-02 9.06433314e-01 1.00409422e+00
2.78000000e+01 9.90567977e-01 -3.07684730e-02 -3.50396814e-02 8.99152164e-01 1.00427121e+00
2.79000000e+01 9.90198853e-01 -3.27581816e-02 -3.71613298e-02 8.92919159e-01 1.00440315e+00
2.80000000e+01 9.89931234e-01 -3.44262536e-02 -3.89156053e-02 8.87742536e-01 1.00448935e+00
2.81000000e+01 9.89766170e-01 -3.57717442e-02 -4.03013407e-02 8.83625574e-01 1.00452960e+00
2.82000000e+01 9.89703745e-01 -3.67948135e-02 -4.13189397e-02 8.80567307e-01 1.00452413e+00
2.83000000e+01 9.89743094e-01 -3.74965514e-02 -4.19701929e-02 8.78563063e-01 1.00447364e+00
2.84000000e+01 9.89882425e-01 -3.78788585e-02 -4.22581444e-02 8.77604853e-01 1.00437929e+00
2.85000000e+01 9.90119043e-01 -3.79443809e-02 -4.21870088e-02 8.77681601e-01 1.00424263e+00
2.86000000e+01 9.90449386e-01 -3.76964946e-02 -4.17621334e-02 8.78779239e-01 1.00406564e+00
2.87000000e+01 9.90869067e-01 -3.71393386e-02 -4.09900041e-02 8.80880653e-01 1.00385067e+00
2.88000000e+01 9.91372917e-01 -3.62778905e-02 -3.98782915e-02 8.83965527e-01 1.00360040e+00
2.89000000e+01 9.91955036e-01 -3.51180832e-02 -3.84359345e-02 8.88010048e-01 1.00331785e+00
2.90000000e+01 9.92608856e-01 -3.36669576e-02 -3.66732571e-02 8.92986528e-01 1.00300630e+00
2.91000000e+01 9.93327196e-01 -3.19328480e-02 -3.46021156e-02 8.98862921e-01 1.00266927e+00
2.92000000e+01 9.94102335e-01 -2.99255940e-02 -3.22360710e-02 9.05602264e-01 1.00231048e+00
2.93000000e+01 9.94926083e-01 -2.76567730e-02 -2.95905803e-02 9.13162066e-01 1.00193381e+00
2.94000000e+01 9.95789857e-01 -2.51399465e-02 -2.66832013e-02 9.21493651e-01 1.00154325e+00
2.95000000e+01 9.96684762e-01 -2.23909109e-02 -2.35338013e-02 9.30541486e-01 1.00114289e+00
2.96000000e+01 9.97601676e-01 -1.94279413e-02 -2.01647590e-02 9.40242541e-01 1.00073682e+00
2.97000000e+01 9.98531339e-01 -1.62720167e-02 -1.66011484e-02 9.50525686e-01 1.00032913e+00
2.98000000e+01 9.99464435e-01 -1.29470111e-02 -1.28708902e-02 9.61311208e-01 9.99923879e-01
2.99000000e+01 1.00039169e+00 -9.47983473e-03 -9.00485349e-03 9.72510458e-01 9.99525019e-01
3.00000000e+01 1.00130397e+00 -5.90050655e-03 -5.03689180e-03 9.84025710e-01 9.99136385e-01
3.01000000e+01 1.00219234e+00 -2.24214071e-03 -1.00379418e-03 9.95750271e-01 9.98761653e-01
3.02000000e+01 1.00304819e+00 1.45917253e-03 3.05486640e-03 1.00756891e+00 9.98404306e-01
3.03000000e+01 1.00386332e+00 5.16460740e-03 7.09700394e-03 1.01935862e+00 9.98067603e-01
3.04000000e+01 1.00462997e+00 8.83297860e-03 1.10784227e-02 1.03098982e+00 9.97754556e-01
3.05000000e+01 1.00534097e+00 1.24212609e-02 1.49533613e-02 1.04232798e+00 9.97467900e-01
3.06000000e+01 1.00598977e+00 1.58852538e-02 1.86751790e-02 1.05323561e+00 9.97210075e-01
3.07000000e+01 1.00657052e+00 1.91803846e-02 2.21971770e-02 1.06357474e+00 9.96983208e-01
3.08000000e+01 1.00707811e+00 2.22626318e-02 2.54735366e-02 1.07320970e+00 9.96789095e-01
3.09000000e+01 1.00750826e+00 2.50895419e-02 2.84603483e-02 1.08201024e+00 9.96629194e-01
3.10000000e+01 1.00785749e+00 2.76213010e-02 3.11166919e-02 1.08985468e+00 9.96504609e-01
3.11000000e+01 1.00812324e+00 2.98218151e-02 3.34057219e-02 1.09663326e+00 9.96416093e-01
3.12000000e+01 1.00830380e+00 3.16597453e-02 3.52957049e-02 1.10225115e+00 9.96364040e-01
3.13000000e+01 1.00839841e+00 3.31094435e-02 3.67609537e-02 1.10663135e+00 9.96348490e-01
3.14000000e+01 1.00840716e+00 3.41517348e-02 3.77826059e-02 1.10971695e+00 9.96369129e-01
3.15000000e+01 1.00833107e+00 3.47744999e-02 3.83491989e-02 1.11147290e+00 9.96425301e-01
3.16000000e+01 1.00817201e+00 3.49730225e-02 3.84570065e-02 1.11188704e+00 9.96516016e-01
3.17000000e+01 1.00793267e+00 3.47500804e-02 3.81101172e-02 1.11097031e+00 9.96639963e-01
3.18000000e+01 1.00761657e+00 3.41157760e-02 3.73202485e-02 1.10875627e+00 9.96795527e-01
3.19000000e+01 1.00722795e+00 3.30871182e-02 3.61063107e-02 1.10529974e+00 9.96980807e-01
3.20000000e+01 1.00677173e+00 3.16873846e-02 3.44937479e-02 1.10067488e+00 9.97193637e-01
3.21000000e+01 1.00625346e+00 2.99453049e-02 3.25136979e-02 1.09497270e+00 9.97431607e-01
3.22000000e+01 1.00567925e+00 2.78941127e-02 3.02020201e-02 1.08829815e+00 9.97692093e-01
3.23000000e+01 1.00505567e+00 2.55705228e-02 2.75982444e-02 1.08076701e+00 9.97972278e-01
3.24000000e+01 1.00438971e+00 2.30136835e-02 2.47444956e-02 1.07250267e+00 9.98269188e-01
3.25000000e+01 1.00368865e+00 2.02641551e-02 2.16844420e-02 1.06363304e+00 9.98579713e-01
3.26000000e+01 1.00296003e+00 1.73629544e-02 1.84623089e-02 1.05428757e+00 9.98900645e-01
3.27000000e+01 1.00221153e+00 1.43506978e-02 1.51219899e-02 1.04459468e+00 9.99228708e-01
3.28000000e+01 1.00145090e+00 1.12668649e-02 1.17062779e-02 1.03467942e+00 9.99560587e-01
3.29000000e+01 1.00068590e+00 8.14919409e-03 8.25622873e-03 1.02466165e+00 9.99892965e-01
3.30000000e+01 9.99924191e-01 5.03321346e-03 4.81065908e-03 1.01465453e+00 1.00022255e+00
3.31000000e+01 9.99173268e-01 1.95190223e-03 1.40577630e-03 1.00476345e+00 1.00054613e+00
3.32000000e+01 9.98440407e-01 -1.06452704e-03 -1.92507090e-03 9.95085331e-01 1.00086054e+00
3.33000000e+01 9.97732585e-01 -3.98873996e-03 -5.15153406e-03 9.85708192e-01 1.00116279e+00
3.34000000e+01 9.97056419e-01 -6.79630151e-03 -8.24631522e-03 9.76711068e-01 1.00145001e+00
3.35000000e+01 9.96418115e-01 -9.46562434e-03 -1.11851424e-02 9.68164091e-01 1.00171952e+00
3.36000000e+01 9.95823410e-01 -1.19778610e-02 -1.39466871e-02 9.60128765e-01 1.00196883e+00
3.37000000e+01 9.95277537e-01 -1.43167559e-02 -1.65124394e-02 9.52658365e-01 1.00219568e+00
3.38000000e+01 9.94785175e-01 -1.64684714e-02 -1.88665549e-02 9.45798419e-01 1.00239808e+00
3.39000000e+01 9.94350423e-01 -1.84214005e-02 -2.09956850e-02 9.39587230e-01 1.00257428e+00
3.40000000e+01 9.93976768e-01 -2.01659761e-02 -2.28888014e-02 9.34056421e-01 1.00272283e+00
3.41000000e+01 9.93667069e-01 -2.16944857e-02 -2.45370233e-02 9.29231468e-01 1.00284254e+00
3.42000000e+01 9.93423533e-01 -2.30008986e-02 -2.59334529e-02 9.25132196e-01 1.00293255e+00
3.43000000e+01 9.93247711e-01 -2.40807097e-02 -2.70730254e-02 9.21773239e-01 1.00299232e+00
3.44000000e+01 9.93140491e-01 -2.49308043e-02 -2.79523760e-02 9.19164444e-01 1.00302157e+00
3.45000000e+01 9.93102102e-01 -2.55493462e-02 -2.85697272e-02 9.17311200e-01 1.00302038e+00
3.46000000e+01 9.93132113e-01 -2.59356900e-02 -2.89247971e-02 9.16214716e-01 1.00298911e+00
3.47000000e+01 9.93229455e-01 -2.60903195e-02 -2.90187304e-02 9.15872220e-01 1.00292841e+00
3.48000000e+01 9.93392428e-01 -2.60148097e-02 -2.88540507e-02 9.16277089e-01 1.00283924e+00
3.49000000e+01 9.93618729e-01 -2.57118144e-02 -2.84346342e-02 9.17418917e-01 1.00272282e+00
3.50000000e+01 9.93905475e-01 -2.51850755e-02 -2.77657037e-02 9.19283517e-01 1.00258063e+00
3.51000000e+01 9.94249239e-01 -2.44394538e-02 -2.68538409e-02 9.21852864e-01 1.00241439e+00
3.52000000e+01 9.94646078e-01 -2.34809777e-02 -2.57070146e-02 9.25104993e-01 1.00222604e+00
3.53000000e+01 9.95091579e-01 -2.23169076e-02 -2.43346224e-02 9.29013848e-01 1.00201771e+00
3.54000000e+01 9.95580902e-01 -2.09558111e-02 -2.27475422e-02 9.33549104e-01 1.00179173e+00
3.55000000e+01 9.96108824e-01 -1.94076470e-02 -2.09581898e-02 9.38675973e-01 1.00155054e+00
3.56000000e+01 9.96669793e-01 -1.76838501e-02 -1.89805777e-02 9.44354994e-01 1.00129673e+00
3.57000000e+01 9.97257981e-01 -1.57974141e-02 -1.68303702e-02 9.50541845e-01 1.00103296e+00
3.58000000e+01 9.97867341e-01 -1.37629643e-02 -1.45249282e-02 9.57187179e-01 1.00076196e+00
3.59000000e+01 9.98491663e-01 -1.15968142e-02 -1.20833375e-02 9.64236511e-01 1.00048652e+00
3.60000000e+01 9.99124639e-01 -9.31699868e-03 -9.52641428e-03 9.71630173e-01 1.00020942e+00
3.61000000e+01 9.99759921e-01 -6.94327517e-03 -6.87667852e-03 9.79303368e-01 9.99933403e-01
3.62000000e+01 1.00039118e+00 -4.49708663e-03 -4.15828981e-03 9.87186334e-01 9.99661203e-01
3.63000000e+01 1.00101219e+00 -2.00147747e-03 -1.39693752e-03 9.95204648e-01 9.99395460e-01
3.64000000e+01 1.00161685e+00 5.19043072e-04 1.38032084e-03 1.00327968e+00 9.99138722e-01
3.65000000e+01 1.00219928e+00 3.03869579e-03 4.14527795e-03 1.01132925e+00 9.98893418e-01
3.66000000e+01 1.00275386e+00 5.53068792e-03 6.86885509e-03 1.01926840e+00 9.98661833e-01
3.67000000e+01 1.00327530e+00 7.96753193e-03 9.52144109e-03 1.02701041e+00 9.98446091e-01
3.68000000e+01 1.00375869e+00 1.03214247e-02 1.20732899e-02 1.03446800e+00 9.98248135e-01
3.69000000e+01 1.00419952e+00 1.25646814e-02 1.44949708e-02 1.04155462e+00 9.98069711e-01
3.70000000e+01 1.00459376e+00 1.46702153e-02 1.67578626e-02 1.04818594e+00 9.97912353e-01
3.71000000e+01 1.00493791e+00 1.66120504e-02 1.88346778e-02 1.05428141e+00 9.97777373e-01
3.72000000e+01 1.00522898e+00 1.83658505e-02 2.07000022e-02 1.05976585e+00 9.97665848e-01
3.73000000e+01 1.00546457e+00 1.99094461e-02 2.23308285e-02 1.06457110e+00 9.97578618e-01
3.74000000e+01 1.00564284e+00 2.12233383e-02 2.37070661e-02 1.06863747e+00 9.97516272e-01
3.75000000e+01 1.00576259e+00 2.22911583e-02 2.48120025e-02 1.07191516e+00 9.97479156e-01
3.76000000e+01 1.00582321e+00 2.31000605e-02 2.56326978e-02 1.07436546e+00 9.97467363e-01
3.77000000e+01 1.00582470e+00 2.36410333e-02 2.61602931e-02 1.07596162e+00 9.97480740e-01
3.78000000e+01 1.00576768e+00 2.39091095e-02 2.63902170e-02 1.07668954e+00 9.97518892e-01
3.79000000e+01 1.00565335e+00 2.39034687e-02 2.63222817e-02 1.07654803e+00 9.97581187e-01
3.80000000e+01 1.00548350e+00 2.36274248e-02 2.59606621e-02 1.07554875e+00 9.97666763e-01
3.81000000e+01 1.00526044e+00 2.30883013e-02 2.53137607e-02 1.07371582e+00 9.97774541e-01
3.82000000e+01 1.00498702e+00 2.22972005e-02 2.43939641e-02 1.07108513e+00 9.97903236e-01
3.83000000e+01 1.00466657e+00 2.12686784e-02 2.32173045e-02 1.06770329e+00 9.98051374e-01
3.84000000e+01 1.00430284e+00 2.00203421e-02 2.18030406e-02 1.06362642e+00 9.98217302e-01
3.85000000e+01 1.00389999e+00 1.85723895e-02 2.01731799e-02 1.05891875e+00 9.98399210e-01
3.86000000e+01 1.00346252e+00 1.69471095e-02 1.83519606e-02 1.05365103e+00 9.98595149e-01
3.87000000e+01 1.00299522e+00 1.51683672e-02 1.63653165e-02 1.04789900e+00 9.98803051e-01
3.88000000e+01 1.00250312e+00 1.32610906e-02 1.42403425e-02 1.04174178e+00 9.99020748e-01
3.89000000e+01 1.00199144e+00 1.12507777e-02 1.20047807e-02 1.03526034e+00 9.99245997e-01
3.90000000e+01 1.00146551e+00 9.16303875e-03 9.68653937e-03 1.02853612e+00 9.99476499e-01
3.91000000e+01 1.00093075e+00 7.02318391e-03 7.31325807e-03 1.02164970e+00 9.99709926e-01
3.92000000e+01 1.00039259e+00 4.85586441e-03 4.91192586e-03 1.01467972e+00 9.99943939e-01
3.93000000e+01 9.99856408e-01 2.68477111e-03 2.50855670e-03 1.00770188e+00 1.00017621e+00
3.94000000e+01 9.99327515e-01 5.32391615e-04 1.27923835e-04 1.00078824e+00 1.00040447e+00
3.95000000e+01 9.98811062e-01 -1.58017583e-03 -2.20664866e-03 9.94006527e-01 1.00062647e+00
3.96000000e+01 9.98312014e-01 -3.63335526e-03 -4.47344034e-03 9.87419764e-01 1.00084009e+00
3.97000000e+01 9.97835101e-01 -5.60917795e-03 -6.65244015e-03 9.81085942e-01 1.00104326e+00
3.98000000e+01 9.97384773e-01 -7.49132582e-03 -8.72540933e-03 9.75057856e-01 1.00123408e+00
3.99000000e+01 9.96965167e-01 -9.26513991e-03 -1.06759082e-02 9.69383044e-01 1.00141077e+00
4.00000000e+01 9.96580066e-01 -1.09176008e-02 -1.24892932e-02 9.64103813e-01 1.00157169e+00
4.01000000e+01 9.96232872e-01 -1.24372879e-02 -1.41526914e-02 9.59257329e-01 1.00171540e+00
4.02000000e+01 9.95926579e-01 -1.38143235e-02 -1.56549577e-02 9.54875761e-01 1.00184063e+00
4.03000000e+01 9.95663749e-01 -1.50403079e-02 -1.69866210e-02 9.50986450e-01 1.00194631e+00
4.04000000e+01 9.95446496e-01 -1.61082493e-02 -1.81398239e-02 9.47612103e-01 1.00203157e+00
4.05000000e+01 9.95276469e-01 -1.70124952e-02 -1.91082597e-02 9.44770985e-01 1.00209576e+00
4.06000000e+01 9.95154844e-01 -1.77486650e-02 -1.98871117e-02 9.42477111e-01 1.00213845e+00
4.07000000e+01 9.95082321e-01 -1.83135912e-02 -2.04729949e-02 9.40740419e-01 1.00215940e+00
4.08000000e+01 9.95059118e-01 -1.87052668e-02 -2.08639046e-02 9.39566924e-01 1.00215864e+00
4.09000000e+01 9.95084978e-01 -1.89228035e-02 -2.10591727e-02 9.38958851e-01 1.00213637e+00
4.10000000e+01 9.95159174e-01 -1.89664005e-02 -2.10594312e-02 9.38914737e-01 1.00209303e+00
4.11000000e+01 9.95280520e-01 -1.88373234e-02 -2.08665854e-02 9.39429506e-01 1.00202926e+00
4.12000000e+01 9.95447389e-01 -1.85378943e-02 -2.04837951e-02 9.40494516e-01 1.00194590e+00
4.13000000e+01 9.95657728e-01 -1.80714912e-02 -1.99154636e-02 9.42097582e-01 1.00184397e+00
4.14000000e+01 9.95909082e-01 -1.74425564e-02 -1.91672337e-02 9.44222976e-01 1.00172468e+00
4.15000000e+01 9.96198621e-01 -1.66566118e-02 -1.82459888e-02 9.46851411e-01 1.00158938e+00
4.16000000e+01 9.96523166e-01 -1.57202784e-02 -1.71598572e-02 9.49960007e-01 1.00143958e+00
4.17000000e+01 9.96879225e-01 -1.46412990e-02 -1.59182180e-02 9.53522265e-01 1.00127692e+00
4.18000000e+01 9.97263025e-01 -1.34285595e-02 -1.45317044e-02 9.57508032e-01 1.00110314e+00
4.19000000e+01 9.97670550e-01 -1.20921073e-02 -1.30122036e-02 9.61883486e-01 1.00092010e+00
4.20000000e+01 9.98097583e-01 -1.06431616e-02 -1.13728468e-02 9.66611145e-01 1.00072969e+00
4.21000000e+01 9.98539742e-01 -9.09411272e-03 -9.62799000e-03 9.71649907e-01 1.00053388e+00
4.22000000e+01 9.98992529e-01 -7.45850675e-03 -7.79317715e-03 9.76955139e-01 1.00033467e+00
4.23000000e+01 9.99451373e-01 -5.75101091e-03 -5.88508608e-03 9.82478817e-01 1.00013408e+00
4.24000000e+01 9.99911670e-01 -3.98735646e-03 -3.92145106e-03 9.88169741e-01 9.99934095e-01
4.25000000e+01 1.00036884e+00 -2.18425543e-03 -1.92095987e-03 9.93973825e-01 9.99736704e-01
4.26000000e+01 1.00081835e+00 -3.59288514e-04 9.68775043e-05 9.99834466e-01 9.99543834e-01
4.27000000e+01 1.00125579e+00 1.46923816e-03 2.11189045e-03 1.00569302e+00 9.99357348e-01
4.28000000e+01 1.00167689e+00 3.28246813e-03 4.10344047e-03 1.01148935e+00 9.99179028e-01
4.29000000e+01 1.00207758e+00 5.06120163e-03 6.05064464e-03 1.01716249e+00 9.99010557e-01
4.30000000e+01 1.00245402e+00 6.78613269e-03 7.93262806e-03 1.02265139e+00 9.98853505e-01
4.31000000e+01 1.00280263e+00 8.43811313e-03 9.72880192e-03 1.02789572e+00 9.98709311e-01
4.32000000e+01 1.00312015e+00 9.99843858e-03 1.14191620e-02 1.03283676e+00 9.98579277e-01
4.33000000e+01 1.00340365e+00 1.14491499e-02 1.29846013e-02 1.03741835e+00 9.98464549e-01
4.34000000e+01 1.00365058e+00 1.27733418e-02 1.44072282e-02 1.04158780e+00 9.98366114e-01
4.35000000e+01 1.00385876e+00 1.39554702e-02 1.56706816e-02 1.04529683e+00 9.98284789e-01
4.36000000e+01 1.00402643e+00 1.49816472e-02 1.67604317e-02 1.04850251e+00 9.98221215e-01
4.37000000e+01 1.00415226e+00 1.58399138e-02 1.76640581e-02 1.05116803e+00 9.98175856e-01
4.38000000e+01 1.00423535e+00 1.65204806e-02 1.83714924e-02 1.05326347e+00 9.98148988e-01
4.39000000e+01 1.00427523e+00 1.70159263e-02 1.88752177e-02 1.05476636e+00 9.98140709e-01
4.40000000e+01 1.00427191e+00 1.73213470e-02 1.91704173e-02 1.05566218e+00 9.98150930e-01
4.41000000e+01 1.00422580e+00 1.74344484e-02 1.92550648e-02 1.05594458e+00 9.98179384e-01
4.42000000e+01 1.00413776e+00 1.73555802e-02 1.91299532e-02 1.05561549e+00 9.98225627e-01
4.43000000e+01 1.00400907e+00 1.70877080e-02 1.87986621e-02 1.05468503e+00 9.98289046e-01
4.44000000e+01 1.00384140e+00 1.66363261e-02 1.82674629e-02 1.05317125e+00 9.98368863e-01
4.45000000e+01 1.00363682e+00 1.60093158e-02 1.75451674e-02 1.05109965e+00 9.98464148e-01
4.46000000e+01 1.00339773e+00 1.52167525e-02 1.66429260e-02 1.04850260e+00 9.98573826e-01
4.47000000e+01 1.00312686e+00 1.42706725e-02 1.55739819e-02 1.04541864e+00 9.98696691e-01
4.48000000e+01 1.00282724e+00 1.31848070e-02 1.43533931e-02 1.04189159e+00 9.98831414e-01
4.49000000e+01 1.00250216e+00 1.19742946e-02 1.29977303e-02 1.03796976e+00 9.98976564e-01
4.50000000e+01 1.00215512e+00 1.06553807e-02 1.15247625e-02 1.03370491e+00 9.99130618e-01
4.51000000e+01 1.00178982e+00 9.24511557e-03 9.95313878e-03 1.02915139e+00 9.99291977e-01
4.52000000e+01 1.00141007e+00 7.76105836e-03 8.30207676e-03 1.02436521e+00 9.99458982e-01
4.53000000e+01 1.00101983e+00 6.22099619e-03 6.59106457e-03 1.01940313e+00 9.99629932e-01
4.54000000e+01 1.00062307e+00 4.64268337e-03 4.83958331e-03 1.01432185e+00 9.99803100e-01
4.55000000e+01 1.00022382e+00 3.04360635e-03 3.06685473e-03 1.00917732e+00 9.99976752e-01
4.56000000e+01 9.99826078e-01 1.44077703e-03 1.29161746e-03 1.00402401e+00 1.00014916e+00
4.57000000e+01 9.99433773e-01 -1.49443592e-04 -4.68066417e-04 9.98914424e-01 1.00031862e+00
4.58000000e+01 9.99050746e-01 -1.71149139e-03 -2.19497402e-03 9.93898561e-01 1.00048348e+00
4.59000000e+01 9.98680703e-01 -3.23071552e-03 -3.87285421e-03 9.89023576e-01 1.00064214e+00
4.60000000e+01 9.98327179e-01 -4.69346704e-03 -5.48653176e-03 9.84333469e-01 1.00079306e+00
4.61000000e+01 9.97993510e-01 -6.08716233e-03 -7.02198548e-03 9.79868867e-01 1.00093482e+00
4.62000000e+01 9.97682802e-01 -7.40032431e-03 -8.46640319e-03 9.75666869e-01 1.00106608e+00
4.63000000e+01 9.97397904e-01 -8.62260475e-03 -9.80821663e-03 9.71760962e-01 1.00118561e+00
4.64000000e+01 9.97141379e-01 -9.74479101e-03 -1.10371196e-02 9.68180970e-01 1.00129233e+00
4.65000000e+01 9.96915492e-01 -1.07588007e-02 -1.21440728e-02 9.64953054e-01 1.00138527e+00
4.66000000e+01 9.96722185e-01 -1.16576670e-02 -1.31212976e-02 9.62099738e-01 1.00146363e+00
4.67000000e+01 9.96563062e-01 -1.24355184e-02 -1.39622629e-02 9.59639956e-01 1.00152674e+00
4.68000000e+01 9.96439381e-01 -1.30875544e-02 -1.46616663e-02 9.57589113e-01 1.00157411e+00
4.69000000e+01 9.96352045e-01 -1.36100202e-02 -1.52154127e-02 9.55959155e-01 1.00160539e+00
4.70000000e+01 9.96301594e-01 -1.40001813e-02 -1.56205910e-02 9.54758637e-01 1.00162041e+00
4.71000000e+01 9.96288205e-01 -1.42563014e-02 -1.58754523e-02 9.53992794e-01 1.00161915e+00
