# k S000 S110 S112 S10 S11
0.00000000e+00 4.55625000e-01 6.38486336e+00 -3.68618873e+00 1.24859025e-02 1.10710521e+01
1.00000000e-01 4.55861396e-01 6.30503108e+00 -3.64626816e+00 1.24947573e-02 1.09512992e+01
2.00000000e-01 4.56571065e-01 6.07590103e+00 -3.53168983e+00 1.25213656e-02 1.06075909e+01
3.00000000e-01 4.57755450e-01 5.72538274e+00 -3.35640844e+00 1.25658605e-02 1.00817912e+01
4.00000000e-01 4.59416950e-01 5.29106587e+00 -3.13921870e+00 1.26284648e-02 9.43028457e+00
5.00000000e-01 4.61558903e-01 4.81146141e+00 -2.89937596e+00 1.27094936e-02 8.71083736e+00
6.00000000e-01 4.64185569e-01 4.31955431e+00 -2.65337247e+00 1.28093575e-02 7.97292678e+00
7.00000000e-01 4.67302105e-01 3.83981345e+00 -2.41344244e+00 1.29285662e-02 7.25325589e+00
8.00000000e-01 4.70914534e-01 3.38805409e+00 -2.18749318e+00 1.30677339e-02 6.57554727e+00
9.00000000e-01 4.75029701e-01 2.97289077e+00 -1.97983159e+00 1.32275855e-02 5.95272236e+00
1.00000000e+00 4.79655220e-01 2.59768884e+00 -1.79213994e+00 1.34089640e-02 5.38982878e+00
1.10000000e+00 4.84799420e-01 2.26237346e+00 -1.62438031e+00 1.36128392e-02 4.88675378e+00
1.20000000e+00 4.90471258e-01 1.96484211e+00 -1.47550090e+00 1.38403180e-02 4.44034301e+00
1.30000000e+00 4.96680236e-01 1.70195504e+00 -1.34393119e+00 1.40926564e-02 4.04588622e+00
1.40000000e+00 5.03436290e-01 1.47017550e+00 -1.22790211e+00 1.43712731e-02 3.69807762e+00
1.50000000e+00 5.10749661e-01 1.26595395e+00 -1.12563809e+00 1.46777657e-02 3.39159204e+00
1.60000000e+00 5.18630743e-01 1.08593928e+00 -1.03546268e+00 1.50139291e-02 3.12140196e+00
1.70000000e+00 5.27089905e-01 9.27080388e-01 -9.55849306e-01 1.53817761e-02 2.88292969e+00
1.80000000e+00 5.36137287e-01 7.86661523e-01 -8.85438980e-01 1.57835628e-02 2.67210050e+00
1.90000000e+00 5.45782558e-01 6.62300240e-01 -8.23039212e-01 1.62218156e-02 2.48533945e+00
2.00000000e+00 5.56034645e-01 5.51925711e-01 -7.67613173e-01 1.66993643e-02 2.31953888e+00
2.10000000e+00 5.66901419e-01 4.53748265e-01 -7.18264443e-01 1.72193791e-02 2.17201271e+00
2.20000000e+00 5.78389342e-01 3.66226334e-01 -6.74220460e-01 1.77854138e-02 2.04044679e+00
2.30000000e+00 5.90503068e-01 2.88034217e-01 -6.34816381e-01 1.84014559e-02 1.92285060e+00
2.40000000e+00 6.03245008e-01 2.18032339e-01 -5.99480177e-01 1.90719845e-02 1.81751252e+00
2.50000000e+00 6.16614835e-01 1.55240711e-01 -5.67719336e-01 1.98020379e-02 1.72296005e+00
2.60000000e+00 6.30608961e-01 9.88157280e-02 -5.39109218e-01 2.05972917e-02 1.63792495e+00
2.70000000e+00 6.45219962e-01 4.80301648e-02 -5.13283007e-01 2.14641515e-02 1.56131317e+00
2.80000000e+00 6.60435977e-01 2.25606814e-03 -4.89923104e-01 2.24098600e-02 1.49217917e+00
2.90000000e+00 6.76240070e-01 -3.90497816e-02 -4.68753797e-01 2.34426236e-02 1.42970402e+00
3.00000000e+00 6.92609588e-01 -7.63581847e-02 -4.49535026e-01 2.45717624e-02 1.37317684e+00
3.10000000e+00 7.09515516e-01 -1.10077930e-01 -4.32057092e-01 2.58078861e-02 1.32197916e+00
3.20000000e+00 7.26921848e-01 -1.40564579e-01 -4.16136158e-01 2.71631044e-02 1.27557158e+00
3.30000000e+00 7.44785012e-01 -1.68127877e-01 -4.01610423e-01 2.86512769e-02 1.23348255e+00
3.40000000e+00 7.63053366e-01 -1.93038003e-01 -3.88336842e-01 3.02883125e-02 1.19529884e+00
3.50000000e+00 7.81666795e-01 -2.15530830e-01 -3.76188320e-01 3.20925291e-02 1.16065749e+00
3.60000000e+00 8.00556466e-01 -2.35812362e-01 -3.65051276e-01 3.40850869e-02 1.12923891e+00
3.70000000e+00 8.19644746e-01 -2.54062454e-01 -3.54823516e-01 3.62905151e-02 1.10076106e+00
3.80000000e+00 8.38845352e-01 -2.70437926e-01 -3.45412362e-01 3.87373512e-02 1.07497444e+00
3.90000000e+00 8.58063753e-01 -2.85075150e-01 -3.36732962e-01 4.14589254e-02 1.05165781e+00
4.00000000e+00 8.77197854e-01 -2.98092175e-01 -3.28706750e-01 4.44943238e-02 1.03061457e+00
4.10000000e+00 8.96138991e-01 -3.09590435e-01 -3.21259992e-01 4.78895807e-02 1.01166956e+00
4.20000000e+00 9.14773245e-01 -3.19656068e-01 -3.14322385e-01 5.16991611e-02 9.94666317e-01
4.30000000e+00 9.32983070e-01 -3.28360882e-01 -3.07825650e-01 5.59878169e-02 9.79464768e-01
4.40000000e+00 9.50649210e-01 -3.35762941e-01 -3.01702068e-01 6.08329234e-02 9.65939126e-01
4.50000000e+00 9.67652871e-01 -3.41906777e-01 -2.95882890e-01 6.63274423e-02 9.53976114e-01
4.60000000e+00 9.83878082e-01 -3.46823179e-01 -2.90296558e-01 7.25837048e-02 9.43473380e-01
4.70000000e+00 9.99214169e-01 -3.50528497e-01 -2.84866612e-01 7.97382780e-02 9.34338115e-01
4.80000000e+00 1.01355825e+00 -3.53023360e-01 -2.79509184e-01 8.79582718e-02 9.26485825e-01
4.90000000e+00 1.02681763e+00 -3.54290651e-01 -2.74129883e-01 9.74495836e-02 9.19839232e-01
5.00000000e+00 1.03891205e+00 -3.54292540e-01 -2.68619848e-01 1.08467765e-01 9.14327307e-01
5.10000000e+00 1.04977557e+00 -3.52966251e-01 -2.62850639e-01 1.21332472e-01 9.09884388e-01
5.20000000e+00 1.05935813e+00 -3.50218116e-01 -2.56667506e-01 1.36446871e-01 9.06449390e-01
5.30000000e+00 1.06762665e+00 -3.45915296e-01 -2.49880388e-01 1.54323929e-01 9.03965092e-01
5.40000000e+00 1.07456556e+00 -3.39874209e-01 -2.42251694e-01 1.75622403e-01 9.02377485e-01
5.50000000e+00 1.08017691e+00 -3.31844358e-01 -2.33479534e-01 2.01196575e-01 9.01635176e-01
5.60000000e+00 1.08447989e+00 -3.21485554e-01 -2.23174405e-01 2.32165636e-01 9.01688851e-01
5.70000000e+00 1.08750987e+00 -3.08335711e-01 -2.10826486e-01 2.70011317e-01 9.02490775e-01
5.80000000e+00 1.08931709e+00 -2.91765033e-01 -1.95759380e-01 3.16716207e-01 9.03994346e-01
5.90000000e+00 1.08996492e+00 -2.70910744e-01 -1.77064428e-01 3.74960399e-01 9.06153684e-01
6.00000000e+00 1.08952796e+00 -2.44584371e-01 -1.53507639e-01 4.48400352e-01 9.08923267e-01
6.10000000e+00 1.08808988e+00 -2.11141996e-01 -1.23399601e-01 5.42058801e-01 9.12257605e-01
6.20000000e+00 1.08574133e+00 -1.68309392e-01 -8.44203519e-02 6.62849904e-01 9.16110960e-01
6.30000000e+00 1.08257776e+00 -1.12967061e-01 -3.34041717e-02 8.20224596e-01 9.20437111e-01
6.40000000e+00 1.07869736e+00 -4.09473737e-02 3.38634608e-02 1.02677955e+00 9.25189165e-01
6.50000000e+00 1.07419922e+00 5.29677364e-02 1.22648311e-01 1.29826436e+00 9.30319425e-01
6.60000000e+00 1.06918163e+00 1.74326471e-01 2.38547170e-01 1.65142081e+00 9.35779301e-01
6.70000000e+00 1.06374057e+00 3.26409275e-01 3.84889984e-01 2.09618924e+00 9.41519291e-01
6.80000000e+00 1.05796856e+00 5.04074661e-01 5.56585647e-01 2.61724596e+00 9.47489014e-01
6.90000000e+00 1.05195362e+00 6.84389575e-01 7.30752270e-01 3.14589411e+00 9.53637305e-01
7.00000000e+00 1.04577855e+00 8.23217709e-01 8.63305329e-01 3.54982837e+00 9.59912380e-01
7.10000000e+00 1.03952036e+00 8.74840913e-01 9.08578855e-01 3.69199862e+00 9.66262058e-01
7.20000000e+00 1.03324998e+00 8.27718501e-01 8.55084456e-01 3.53788741e+00 9.72634045e-01
7.30000000e+00 1.02703200e+00 7.12629030e-01 7.33652747e-01 3.17993452e+00 9.78976283e-01
7.40000000e+00 1.02092472e+00 5.73223458e-01 5.87986114e-01 2.74919569e+00 9.85237344e-01
7.50000000e+00 1.01498015e+00 4.39770479e-01 4.48403604e-01 2.33657769e+00 9.91366875e-01
7.60000000e+00 1.00924422e+00 3.25247355e-01 3.27931280e-01 1.98110991e+00 9.97316076e-01
7.70000000e+00 1.00375698e+00 2.31938708e-01 2.28900502e-01 1.68973971e+00 1.00303821e+00
7.80000000e+00 9.98552945e-01 1.57604378e-01 1.49115278e-01 1.45583493e+00 1.00848910e+00
7.90000000e+00 9.93661322e-01 9.88018573e-02 8.51741733e-02 1.26915020e+00 1.01362768e+00
8.00000000e+00 9.89106397e-01 5.22386276e-02 3.38221616e-02 1.11988295e+00 1.01841647e+00
8.10000000e+00 9.84907851e-01 1.51770170e-02 -7.64498870e-03 9.99887040e-01 1.02282201e+00
8.20000000e+00 9.81081086e-01 -1.45340155e-02 -4.13493425e-02 9.02767299e-01 1.02681533e+00
8.30000000e+00 9.77637544e-01 -3.85450702e-02 -6.89173419e-02 8.23620246e-01 1.03037227e+00
8.40000000e+00 9.74585011e-01 -5.81122016e-02 -9.15859805e-02 7.58715837e-01 1.03347378e+00
8.50000000e+00 9.71927897e-01 -7.41903638e-02 -1.10296445e-01 7.05216746e-01 1.03610608e+00
8.60000000e+00 9.69667496e-01 -8.75074165e-02 -1.25768228e-01 6.60956127e-01 1.03826081e+00
8.70000000e+00 9.67802224e-01 -9.86201470e-02 -1.38555158e-01 6.24269537e-01 1.03993501e+00
8.80000000e+00 9.66327839e-01 -1.07955880e-01 -1.49086930e-01 5.93870259e-01 1.04113105e+00
8.90000000e+00 9.65237637e-01 -1.15843200e-01 -1.57699651e-01 5.68757498e-01 1.04185645e+00
9.00000000e+00 9.64522629e-01 -1.22534653e-01 -1.64658283e-01 5.48148782e-01 1.04212363e+00
9.10000000e+00 9.64171703e-01 -1.28223615e-01 -1.70173170e-01 5.31430045e-01 1.04194955e+00
9.20000000e+00 9.64171772e-01 -1.33056903e-01 -1.74412253e-01 5.18118591e-01 1.04135535e+00
9.30000000e+00 9.64507910e-01 -1.37144294e-01 -1.77510129e-01 5.07835448e-01 1.04036584e+00
9.40000000e+00 9.65163478e-01 -1.40565771e-01 -1.79574802e-01 5.00284625e-01 1.03900903e+00
9.50000000e+00 9.66120249e-01 -1.43377081e-01 -1.80692719e-01 4.95237480e-01 1.03731564e+00
9.60000000e+00 9.67358524e-01 -1.45614037e-01 -1.80932541e-01 4.92520881e-01 1.03531850e+00
9.70000000e+00 9.68857254e-01 -1.47295868e-01 -1.80347955e-01 4.92008221e-01 1.03305209e+00
9.80000000e+00 9.70594159e-01 -1.48427838e-01 -1.78979780e-01 4.93612602e-01 1.03055194e+00
9.90000000e+00 9.72545858e-01 -1.49003305e-01 -1.76857523e-01 4.97281649e-01 1.02785422e+00
1.00000000e+01 9.74688001e-01 -1.49005343e-01 -1.74000537e-01 5.02993583e-01 1.02499519e+00
1.01000000e+01 9.76995415e-01 -1.48408024e-01 -1.70418874e-01 5.10754227e-01 1.02201085e+00
1.02000000e+01 9.79442254e-01 -1.47177445e-01 -1.66113923e-01 5.20594709e-01 1.01893648e+00
1.03000000e+01 9.82002168e-01 -1.45272565e-01 -1.61078902e-01 5.32569631e-01 1.01580634e+00
1.04000000e+01 9.84648478e-01 -1.42645920e-01 -1.55299284e-01 5.46755512e-01 1.01265336e+00
1.05000000e+01 9.87354365e-01 -1.39244294e-01 -1.48753208e-01 5.63249291e-01 1.00950891e+00
1.06000000e+01 9.90093067e-01 -1.35009412e-01 -1.41411970e-01 5.82166647e-01 1.00640256e+00
1.07000000e+01 9.92838090e-01 -1.29878755e-01 -1.33240674e-01 6.03639896e-01 1.00336192e+00
1.08000000e+01 9.95563425e-01 -1.23786606e-01 -1.24199148e-01 6.27815099e-01 1.00041254e+00
1.09000000e+01 9.98243766e-01 -1.16665462e-01 -1.14243265e-01 6.54848007e-01 9.97577804e-01
1.10000000e+01 1.00085473e+00 -1.08447987e-01 -1.03326842e-01 6.84898330e-01 9.94878855e-01
1.11000000e+01 1.00337309e+00 -9.90696959e-02 -9.14042838e-02 7.18121737e-01 9.92334588e-01
1.12000000e+01 1.00577699e+00 -8.84726165e-02 -7.84342414e-02 7.54658901e-01 9.89961625e-01
1.13000000e+01 1.00804611e+00 -7.66101725e-02 -6.43845049e-02 7.94620818e-01 9.87774332e-01
1.14000000e+01 1.01016194e+00 -6.34535493e-02 -4.92383964e-02 8.38069658e-01 9.85784847e-01
1.15000000e+01 1.01210788e+00 -4.89997390e-02 -3.30028565e-02 8.84994548e-01 9.84003117e-01
1.16000000e+01 1.01386944e+00 -3.32813419e-02 -1.57182963e-02 9.35282065e-01 9.82436954e-01
1.17000000e+01 1.01543433e+00 -1.63779523e-02 2.52995555e-03 9.88681959e-01 9.81092092e-01
1.18000000e+01 1.01679262e+00 1.57143377e-03 2.15991807e-02 1.04476980e+00 9.79972253e-01
1.19000000e+01 1.01793675e+00 2.03561268e-02 4.12769074e-02 1.10290994e+00 9.79079219e-01
1.20000000e+01 1.01886159e+00 3.96834135e-02 6.12705061e-02 1.16222443e+00 9.78412907e-01
1.21000000e+01 1.01956448e+00 5.91727860e-02 8.12013417e-02 1.22157547e+00 9.77971444e-01
1.22000000e+01 1.02004515e+00 7.83578807e-02 1.00606632e-01 1.27957114e+00 9.77751249e-01
1.23000000e+01 1.02030569e+00 9.66992842e-02 1.18952172e-01 1.33460363e+00 9.77747112e-01
1.24000000e+01 1.02035048e+00 1.13610447e-01 1.35658165e-01 1.38492678e+00 9.77952282e-01
1.25000000e+01 1.02018601e+00 1.28496840e-01 1.50138292e-01 1.42877342e+00 9.78358549e-01
1.26000000e+01 1.01982080e+00 1.40805358e-01 1.61849022e-01 1.46450340e+00 9.78956336e-01
1.27000000e+01 1.01926521e+00 1.50077514e-01 1.70342724e-01 1.49076296e+00 9.79734790e-01
1.28000000e+01 1.01853124e+00 1.55997450e-01 1.75315570e-01 1.50662859e+00 9.80681880e-01
1.29000000e+01 1.01763235e+00 1.58425398e-01 1.76640904e-01 1.51170721e+00 9.81784494e-01
1.30000000e+01 1.01658326e+00 1.57409704e-01 1.74381154e-01 1.50617201e+00 9.83028549e-01
1.31000000e+01 1.01539970e+00 1.53175185e-01 1.68776085e-01 1.49072735e+00 9.84399100e-01
1.32000000e+01 1.01409821e+00 1.46091005e-01 1.60210550e-01 1.46651211e+00 9.85880455e-01
1.33000000e+01 1.01269594e+00 1.36625381e-01 1.49169079e-01 1.43496354e+00 9.87456302e-01
1.34000000e+01 1.01121042e+00 1.25296134e-01 1.36186301e-01 1.39766874e+00 9.89109833e-01
1.35000000e+01 1.00965933e+00 1.12625197e-01 1.21801312e-01 1.35622782e+00 9.90823884e-01
1.36000000e+01 1.00806037e+00 9.91025442e-02 1.06521473e-01 1.31214549e+00 9.92581071e-01
1.37000000e+01 1.00643101e+00 8.51618862e-02 9.07979499e-02 1.26675779e+00 9.94363936e-01
1.38000000e+01 1.00478836e+00 7.11677868e-02 7.50126898e-02 1.22119317e+00 9.96155097e-01
1.39000000e+01 1.00314900e+00 5.74122222e-02 5.94748258e-02 1.17636187e+00 9.97937396e-01
1.40000000e+01 1.00152886e+00 4.41178992e-02 4.44238430e-02 1.13296559e+00 9.99694056e-01
1.41000000e+01 9.99943053e-01 3.14457156e-02 3.00368880e-02 1.09151949e+00 1.00140883e+00
1.42000000e+01 9.98405832e-01 1.95042114e-02 1.64380706e-02 1.05238035e+00 1.00306614e+00
1.43000000e+01 9.96930447e-01 8.35945818e-03 3.70820863e-03 1.01577588e+00 1.00465125e+00
1.44000000e+01 9.95529089e-01 -1.95559711e-03 -8.10596630e-03 9.81832470e-01 1.00615037e+00
1.45000000e+01 9.94212827e-01 -1.14328670e-02 -1.89836725e-02 9.50599788e-01 1.00755081e+00
1.46000000e+01 9.92991555e-01 -2.00821472e-02 -2.89232206e-02 9.22071412e-01 1.00884107e+00
1.47000000e+01 9.91873960e-01 -2.79254379e-02 -3.79364397e-02 8.96201683e-01 1.01001100e+00
1.48000000e+01 9.90867494e-01 -3.49924556e-02 -4.60442796e-02 8.72918985e-01 1.01105182e+00
1.49000000e+01 9.89978366e-01 -4.13171770e-02 -5.32734290e-02 8.52135965e-01 1.01195625e+00
1.50000000e+01 9.89211531e-01 -4.69352427e-02 -5.96537751e-02 8.33757207e-01 1.01271853e+00
1.51000000e+01 9.88570701e-01 -5.18820574e-02 -6.52165409e-02 8.17684861e-01 1.01333448e+00
1.52000000e+01 9.88058355e-01 -5.61914405e-02 -6.99929538e-02 8.03822652e-01 1.01380151e+00
1.53000000e+01 9.87675764e-01 -5.98947086e-02 -7.40133255e-02 7.92078640e-01 1.01411862e+00
1.54000000e+01 9.87423014e-01 -6.30200878e-02 -7.73064435e-02 7.82367025e-01 1.01428636e+00
1.55000000e+01 9.87299043e-01 -6.55923811e-02 -7.98991968e-02 7.74609225e-01 1.01430682e+00
1.56000000e+01 9.87301681e-01 -6.76328283e-02 -8.18163773e-02 7.68734417e-01 1.01418355e+00
1.57000000e+01 9.87427696e-01 -6.91591153e-02 -8.30806136e-02 7.64679657e-01 1.01392150e+00
1.58000000e+01 9.87672847e-01 -7.01854979e-02 -8.37124030e-02 7.62389696e-01 1.01352691e+00
1.59000000e+01 9.88031935e-01 -7.07230168e-02 -8.37302228e-02 7.61816538e-01 1.01300721e+00
1.60000000e+01 9.88498871e-01 -7.07797889e-02 -8.31507052e-02 7.62918801e-01 1.01237092e+00
1.61000000e+01 9.89066737e-01 -7.03613637e-02 -8.19888689e-02 7.65660899e-01 1.01162751e+00
1.62000000e+01 9.89727862e-01 -6.94711403e-02 -8.02584038e-02 7.70012052e-01 1.01078726e+00
1.63000000e+01 9.90473890e-01 -6.81108442e-02 -7.79720112e-02 7.75945133e-01 1.00986117e+00
1.64000000e+01 9.91295866e-01 -6.62810645e-02 -7.51418017e-02 7.83435332e-01 1.00886074e+00
1.65000000e+01 9.92184318e-01 -6.39818564e-02 -7.17797579e-02 7.92458628e-01 1.00779790e+00
1.66000000e+01 9.93129341e-01 -6.12134125e-02 -6.78982675e-02 8.02990052e-01 1.00668486e+00
1.67000000e+01 9.94120691e-01 -5.79768095e-02 -6.35107353e-02 8.15001720e-01 1.00553393e+00
1.68000000e+01 9.95147878e-01 -5.42748333e-02 -5.86322776e-02 8.28460611e-01 1.00435744e+00
1.69000000e+01 9.96200261e-01 -5.01128843e-02 -5.32805043e-02 8.43326107e-01 1.00316762e+00
1.70000000e+01 9.97267145e-01 -4.54999608e-02 -4.74763859e-02 8.59547267e-01 1.00197643e+00
1.71000000e+01 9.98337877e-01 -4.04497121e-02 -4.12451974e-02 8.77059893e-01 1.00079549e+00
1.72000000e+01 9.99401952e-01 -3.49815425e-02 -3.46175233e-02 8.95783411e-01 9.99635981e-01
1.73000000e+01 1.00044910e+00 -2.91217375e-02 -2.76302936e-02 9.15617675e-01 9.98508556e-01
1.74000000e+01 1.00146939e+00 -2.29045696e-02 -2.03278090e-02 9.36439812e-01 9.97423239e-01
1.75000000e+01 1.00245333e+00 -1.63733237e-02 -1.27626948e-02 9.58101287e-01 9.96389371e-01
1.76000000e+01 1.00339191e+00 -9.58116327e-03 -4.99670666e-03 9.80425423e-01 9.95415543e-01
1.77000000e+01 1.00427676e+00 -2.59174670e-03 2.89870608e-03 1.00320567e+00 9.94509547e-01
1.78000000e+01 1.00510016e+00 4.52051812e-03 1.08421877e-02 1.02620489e+00 9.93678330e-01
1.79000000e+01 1.00585515e+00 1.16706927e-02 1.87427290e-02 1.04915615e+00 9.92927964e-01
1.80000000e+01 1.00653558e+00 1.87641129e-02 2.65004978e-02 1.07176511e+00 9.92263615e-01
1.81000000e+01 1.00713615e+00 2.56978704e-02 3.40083374e-02 1.09371455e+00 9.91689533e-01
1.82000000e+01 1.00765247e+00 3.23630278e-02 4.11539911e-02 1.11467101e+00 9.91209037e-01
1.83000000e+01 1.00808109e+00 3.86475635e-02 4.78230493e-02 1.13429366e+00 9.90824514e-01
1.84000000e+01 1.00841950e+00 4.44399752e-02 5.39025484e-02 1.15224507e+00 9.90537427e-01
1.85000000e+01 1.00866618e+00 4.96333823e-02 5.92850617e-02 1.16820351e+00 9.90348321e-01
1.86000000e+01 1.00882055e+00 5.41298912e-02 6.38730472e-02 1.18187599e+00 9.90256844e-01
1.87000000e+01 1.00888301e+00 5.78449132e-02 6.75831426e-02 1.19301120e+00 9.90261771e-01
1.88000000e+01 1.00885488e+00 6.07110932e-02 7.03500643e-02 1.20141122e+00 9.90361029e-01
1.89000000e+01 1.00873837e+00 6.26815039e-02 7.21297677e-02 1.20694104e+00 9.90551736e-01
1.90000000e+01 1.00853656e+00 6.37318133e-02 7.29015750e-02 1.20953496e+00 9.90830238e-01
1.91000000e+01 1.00825331e+00 6.38612223e-02 7.26690691e-02 1.20919936e+00 9.91192153e-01
1.92000000e+01 1.00789326e+00 6.30920933e-02 7.14596722e-02 1.20601144e+00 9.91632421e-01
1.93000000e+01 1.00746168e+00 6.14683233e-02 6.93229665e-02 1.20011426e+00 9.92145357e-01
1.94000000e+01 1.00696448e+00 5.90526393e-02 6.63279312e-02 1.19170850e+00 9.92724708e-01
1.95000000e+01 1.00640808e+00 5.59230872e-02 6.25593703e-02 1.18104183e+00 9.93363717e-01
1.96000000e+01 1.00579936e+00 5.21690421e-02 5.81138578e-02 1.16839676e+00 9.94055184e-01
1.97000000e+01 1.00514555e+00 4.78870717e-02 5.30955320e-02 1.15407814e+00 9.94791540e-01
1.98000000e+01 1.00445416e+00 4.31769559e-02 4.76120448e-02 1.13840105e+00 9.95564911e-01
1.99000000e+01 1.00373291e+00 3.81381048e-02 4.17709047e-02 1.12167991e+00 9.96367200e-01
2.00000000e+01 1.00298960e+00 3.28665401e-02 3.56763833e-02 1.10421931e+00 9.97190157e-01
2.01000000e+01 1.00223209e+00 2.74525275e-02 2.94270698e-02 1.08630667e+00 9.98025458e-01
2.02000000e+01 1.00146818e+00 2.19788779e-02 2.31140949e-02 1.06820707e+00 9.98864783e-01
2.03000000e+01 1.00070553e+00 1.65198809e-02 1.68199858e-02 1.05015985e+00 9.99699895e-01
2.04000000e+01 9.99951629e-01 1.11407951e-02 1.06180788e-02 1.03237695e+00 1.00052272e+00
2.05000000e+01 9.99213682e-01 5.89779866e-03 4.57239442e-03 1.01504259e+00 1.00132540e+00
2.06000000e+01 9.98498574e-01 8.38298926e-04 -1.26212705e-03 9.98314045e-01 1.00210043e+00
2.07000000e+01 9.97812809e-01 -3.99850027e-03 -6.83912917e-03 9.82323241e-01 1.00284063e+00
2.08000000e+01 9.97162456e-01 -8.58086178e-03 -1.21201694e-02 9.67178799e-01 1.00353931e+00
2.09000000e+01 9.96553103e-01 -1.28836845e-02 -1.70739506e-02 9.52968414e-01 1.00419027e+00
2.10000000e+01 9.95989823e-01 -1.68876393e-02 -2.16755140e-02 9.39761333e-01 1.00478787e+00
2.11000000e+01 9.95477137e-01 -2.05783162e-02 -2.59054370e-02 9.27610810e-01 1.00532712e+00
2.12000000e+01 9.95018986e-01 -2.39454176e-02 -2.97490700e-02 9.16556442e-01 1.00580365e+00
2.13000000e+01 9.94618710e-01 -2.69820171e-02 -3.31958319e-02 9.06626319e-01 1.00621381e+00
2.14000000e+01 9.94279035e-01 -2.96838983e-02 -3.62385773e-02 8.97838947e-01 1.00655468e+00
2.15000000e+01 9.94002057e-01 -3.20489802e-02 -3.88730426e-02 8.90204935e-01 1.00682406e+00
2.16000000e+01 9.93789244e-01 -3.40768306e-02 -4.10973706e-02 8.83728428e-01 1.00702054e+00
2.17000000e+01 9.93641429e-01 -3.57682662e-02 -4.29117145e-02 8.78408305e-01 1.00714345e+00
2.18000000e+01 9.93558823e-01 -3.71250359e-02 -4.43179155e-02 8.74239133e-01 1.00719288e+00
2.19000000e+01 9.93541019e-01 -3.81495822e-02 -4.53192507e-02 8.71211916e-01 1.00716967e+00
2.20000000e+01 9.93587011e-01 -3.88448753e-02 -4.59202455e-02 8.69314634e-01 1.00707537e+00
2.21000000e+01 9.93695214e-01 -3.92143156e-02 -4.61265465e-02 8.68532591e-01 1.00691223e+00
2.22000000e+01 9.93863486e-01 -3.92616976e-02 -4.59448486e-02 8.68848605e-01 1.00668315e+00
2.23000000e+01 9.94089155e-01 -3.89912307e-02 -4.53828732e-02 8.70243023e-01 1.00639164e+00
2.24000000e+01 9.94369058e-01 -3.84076131e-02 -4.44493923e-02 8.72693602e-01 1.00604178e+00
2.25000000e+01 9.94699567e-01 -3.75161522e-02 -4.31542954e-02 8.76175257e-01 1.00563814e+00
2.26000000e+01 9.95076636e-01 -3.63229284e-02 -4.15086948e-02 8.80659682e-01 1.00518577e+00
2.27000000e+01 9.95495839e-01 -3.48349971e-02 -3.95250654e-02 8.86114872e-01 1.00469007e+00
2.28000000e+01 9.95952417e-01 -3.30606227e-02 -3.72174152e-02 8.92504547e-01 1.00415679e+00
2.29000000e+01 9.96441325e-01 -3.10095398e-02 -3.46014798e-02 8.99787501e-01 1.00359194e+00
2.30000000e+01 9.96957283e-01 -2.86932337e-02 -3.16949364e-02 9.07916893e-01 1.00300170e+00
2.31000000e+01 9.97494827e-01 -2.61252320e-02 -2.85176287e-02 9.16839511e-01 1.00239240e+00
2.32000000e+01 9.98048361e-01 -2.33213966e-02 -2.50917924e-02 9.26495019e-01 1.00177040e+00
2.33000000e+01 9.98612212e-01 -2.03002045e-02 -2.14422718e-02 9.36815252e-01 1.00114207e+00
2.34000000e+01 9.99180688e-01 -1.70830034e-02 -1.75967121e-02 9.47723572e-01 1.00051371e+00
2.35000000e+01 9.99748125e-01 -1.36942240e-02 -1.35857126e-02 9.59134351e-01 9.99891489e-01
2.36000000e+01 1.00030895e+00 -1.01615336e-02 -9.44292272e-03 9.70952621e-01 9.99281389e-01
2.37000000e+01 1.00085773e+00 -6.51590878e-03 -5.20506177e-03 9.83073968e-01 9.98689153e-01
2.38000000e+01 1.00138922e+00 -2.79160882e-03 -9.11843036e-04 9.95384705e-01 9.98120234e-01
2.39000000e+01 1.00189842e+00 9.73970190e-04 3.39421726e-03 1.00776240e+00 9.97579753e-01
2.40000000e+01 1.00238061e+00 4.74057759e-03 7.66812278e-03 1.02007682e+00 9.97072455e-01
2.41000000e+01 1.00283143e+00 8.46553971e-03 1.18628647e-02 1.03219127e+00 9.96602675e-01
2.42000000e+01 1.00324686e+00 1.21043478e-02 1.59300410e-02 1.04396443e+00 9.96174307e-01
2.43000000e+01 1.00362330e+00 1.56114008e-02 1.98206255e-02 1.05525265e+00 9.95790775e-01
2.44000000e+01 1.00395760e+00 1.89408924e-02 2.34858767e-02 1.06591265e+00 9.95455016e-01
2.45000000e+01 1.00424707e+00 2.20478187e-02 2.68783625e-02 1.07580454e+00 9.95169456e-01
2.46000000e+01 1.00448951e+00 2.48890746e-02 2.99530684e-02 1.08479521e+00 9.94936006e-01
2.47000000e+01 1.00468322e+00 2.74245927e-02 3.26685437e-02 1.09276168e+00 9.94756049e-01
2.48000000e+01 1.00482703e+00 2.96184722e-02 3.49880338e-02 1.09959454e+00 9.94630438e-01
2.49000000e+01 1.00492028e+00 3.14400405e-02 3.68805392e-02 1.10520112e+00 9.94559501e-01
2.50000000e+01 1.00496283e+00 3.28647861e-02 3.83217433e-02 1.10950827e+00 9.94543043e-01
2.51000000e+01 1.00495506e+00 3.38751110e-02 3.92947534e-02 1.11246462e+00 9.94580358e-01
2.52000000e+01 1.00489785e+00 3.44608534e-02 3.97906100e-02 1.11404207e+00 9.94670243e-01
2.53000000e+01 1.00479256e+00 3.46195518e-02 3.98085320e-02 1.11423662e+00 9.94811020e-01
2.54000000e+01 1.00464102e+00 3.43564328e-02 3.93558825e-02 1.11306820e+00 9.95000550e-01
2.55000000e+01 1.00444550e+00 3.36841273e-02 3.84478595e-02 1.11057985e+00 9.95236268e-01
2.56000000e+01 1.00420865e+00 3.26221344e-02 3.71069307e-02 1.10683600e+00 9.95515204e-01
2.57000000e+01 1.00393353e+00 3.11960708e-02 3.53620508e-02 1.10192017e+00 9.95834020e-01
2.58000000e+01 1.00362351e+00 2.94367530e-02 3.32477086e-02 1.09593217e+00 9.96189044e-01
2.59000000e+01 1.00328224e+00 2.73791674e-02 3.08028597e-02 1.08898489e+00 9.96576308e-01
2.60000000e+01 1.00291365e+00 2.50613864e-02 2.80698021e-02 1.08120099e+00 9.96991584e-01
2.61000000e+01 1.00252185e+00 2.25234848e-02 2.50930509e-02 1.07270959e+00 9.97430434e-01
2.62000000e+01 1.00211111e+00 1.98065045e-02 2.19182593e-02 1.06364302e+00 9.97888245e-01
2.63000000e+01 1.00168584e+00 1.69515078e-02 1.85912263e-02 1.05413396e+00 9.98360281e-01
2.64000000e+01 1.00125048e+00 1.39987468e-02 1.51570204e-02 1.04431279e+00 9.98841726e-01
2.65000000e+01 1.00080952e+00 1.09869677e-02 1.16592369e-02 1.03430544e+00 9.99327731e-01
2.66000000e+01 1.00036742e+00 7.95285691e-03 8.13939702e-03 1.02423165e+00 9.99813460e-01
2.67000000e+01 9.99928549e-01 4.93062810e-03 4.63648884e-03 1.01420361e+00 1.00029414e+00
2.68000000e+01 9.99497201e-01 1.95174230e-03 1.18664092e-03 1.00432502e+00 1.00076510e+00
2.69000000e+01 9.99077505e-01 -9.55252811e-04 -2.17708288e-03 9.94690581e-01 1.00122183e+00
2.70000000e+01 9.98673406e-01 -3.76478043e-03 -5.42478398e-03 9.85385652e-01 1.00166000e+00
2.71000000e+01 9.98288630e-01 -6.45420702e-03 -8.52974250e-03 9.76486308e-01 1.00207554e+00
2.72000000e+01 9.97926653e-01 -9.00374788e-03 -1.14683613e-02 9.68059530e-01 1.00246461e+00
2.73000000e+01 9.97590669e-01 -1.13963232e-02 -1.42200574e-02 9.60163562e-01 1.00282373e+00
2.74000000e+01 9.97283568e-01 -1.36173808e-02 -1.67671169e-02 9.52848385e-01 1.00314974e+00
2.75000000e+01 9.97007915e-01 -1.56546988e-02 -1.90945261e-02 9.46156249e-01 1.00343983e+00
2.76000000e+01 9.96765926e-01 -1.74981817e-02 -2.11897918e-02 9.40122235e-01 1.00369161e+00
2.77000000e+01 9.96559460e-01 -1.91396571e-02 -2.30427582e-02 9.34774826e-01 1.00390310e+00
2.78000000e+01 9.96390006e-01 -2.05726845e-02 -2.46454309e-02 9.30136454e-01 1.00407275e+00
2.79000000e+01 9.96258670e-01 -2.17923781e-02 -2.59918107e-02 9.26224000e-01 1.00419943e+00
2.80000000e+01 9.96166178e-01 -2.27952513e-02 -2.70777441e-02 9.23049260e-01 1.00428249e+00
2.81000000e+01 9.96112872e-01 -2.35790839e-02 -2.79007916e-02 9.20619333e-01 1.00432171e+00
2.82000000e+01 9.96098712e-01 -2.41428148e-02 -2.84601165e-02 9.18936952e-01 1.00431730e+00
2.83000000e+01 9.96123282e-01 -2.44864603e-02 -2.87563953e-02 9.18000749e-01 1.00426994e+00
2.84000000e+01 9.96185801e-01 -2.46110589e-02 -2.87917493e-02 9.17805443e-01 1.00418069e+00
2.85000000e+01 9.96285133e-01 -2.45186407e-02 -2.85696965e-02 9.18341966e-01 1.00405106e+00
2.86000000e+01 9.96419806e-01 -2.42122212e-02 -2.80951248e-02 9.19597529e-01 1.00388290e+00
2.87000000e+01 9.96588024e-01 -2.36958171e-02 -2.73742819e-02 9.21555619e-01 1.00367846e+00
2.88000000e+01 9.96787692e-01 -2.29744816e-02 -2.64147825e-02 9.24195953e-01 1.00344030e+00
2.89000000e+01 9.97016440e-01 -2.20543565e-02 -2.52256292e-02 9.27494385e-01 1.00317127e+00
2.90000000e+01 9.97271646e-01 -2.09427379e-02 -2.38172438e-02 9.31422775e-01 1.00287451e+00
2.91000000e+01 9.97550461e-01 -1.96481510e-02 -2.22015060e-02 9.35948837e-01 1.00255336e+00
2.92000000e+01 9.97849847e-01 -1.81804296e-02 -2.03917956e-02 9.41035979e-01 1.00221137e+00
2.93000000e+01 9.98166598e-01 -1.65507960e-02 -1.84030326e-02 9.46643139e-01 1.00185224e+00
2.94000000e+01 9.98497379e-01 -1.47719341e-02 -1.62517113e-02 9.52724643e-01 1.00147978e+00
2.95000000e+01 9.98838757e-01 -1.28580509e-02 -1.39559212e-02 9.59230107e-01 1.00109787e+00
2.96000000e+01 9.99187232e-01 -1.08249192e-02 -1.15353506e-02 9.66104380e-01 1.00071043e+00
2.97000000e+01 9.99539278e-01 -8.68989495e-03 -9.01126359e-03 9.73287578e-01 1.00032137e+00
2.98000000e+01 9.99891373e-01 -6.47190167e-03 -6.40644699e-03 9.80715204e-01 9.99934545e-01
2.99000000e+01 1.00024003e+00 -4.19137596e-03 -3.74511829e-03 9.88318387e-01 9.99553742e-01
3.00000000e+01 1.00058185e+00 -1.87016763e-03 -1.05279051e-03 9.96024251e-01 9.99182623e-01
3.01000000e+01 1.00091351e+00 4.68610629e-04 1.64391169e-03 1.00375643e+00 9.98824699e-01
3.02000000e+01 1.00123186e+00 2.80078765e-03 4.31748776e-03 1.01143576e+00 9.98483300e-01
3.03000000e+01 1.00153390e+00 5.10139401e-03 6.93985035e-03 1.01898109e+00 9.98161544e-01
3.04000000e+01 1.00181681e+00 7.34497721e-03 9.48266688e-03 1.02631031e+00 9.97862310e-01
3.05000000e+01 1.00207803e+00 9.50596841e-03 1.19177497e-02 1.03334147e+00 9.97588219e-01
3.06000000e+01 1.00231522e+00 1.15590939e-02 1.42174884e-02 1.03999407e+00 9.97341606e-01
3.07000000e+01 1.00252631e+00 1.34798218e-02 1.63553137e-02 1.04619045e+00 9.97124508e-01
3.08000000e+01 1.00270952e+00 1.52448303e-02 1.83061809e-02 1.05185719e+00 9.96938649e-01
3.09000000e+01 1.00286337e+00 1.68324836e-02 2.00470567e-02 1.05692660e+00 9.96785427e-01
3.10000000e+01 1.00298668e+00 1.82232958e-02 2.15573916e-02 1.06133808e+00 9.96665904e-01
3.11000000e+01 1.00307861e+00 1.94003662e-02 2.28195605e-02 1.06503949e+00 9.96580806e-01
3.12000000e+01 1.00313863e+00 2.03497666e-02 2.38192517e-02 1.06798827e+00 9.96530515e-01
3.13000000e+01 1.00316655e+00 2.10608631e-02 2.45457879e-02 1.07015244e+00 9.96515075e-01
3.14000000e+01 1.00316249e+00 2.15265581e-02 2.49923641e-02 1.07151129e+00 9.96534194e-01
3.15000000e+01 1.00312690e+00 2.17434412e-02 2.51561915e-02 1.07205582e+00 9.96587250e-01
3.16000000e+01 1.00306055e+00 2.17118412e-02 2.50385394e-02 1.07178892e+00 9.96673302e-01
3.17000000e+01 1.00296448e+00 2.14357786e-02 2.46446754e-02 1.07072513e+00 9.96791103e-01
3.18000000e+01 1.00284004e+00 2.09228197e-02 2.39837043e-02 1.06889023e+00 9.96939115e-01
3.19000000e+01 1.00268883e+00 2.01838419e-02 2.30683157e-02 1.06632047e+00 9.97115526e-01
3.20000000e+01 1.00251272e+00 1.92327207e-02 2.19144506e-02 1.06306162e+00 9.97318270e-01
3.21000000e+01 1.00231379e+00 1.80859542e-02 2.05409041e-02 1.05916776e+00 9.97545050e-01
3.22000000e+01 1.00209431e+00 1.67622411e-02 1.89688799e-02 1.05470000e+00 9.97793361e-01
3.23000000e+01 1.00185673e+00 1.52820326e-02 1.72215152e-02 1.04972506e+00 9.98060517e-01
3.24000000e+01 1.00160367e+00 1.36670731e-02 1.53233950e-02 1.04431386e+00 9.98343678e-01
3.25000000e+01 1.00133783e+00 1.19399484e-02 1.33000714e-02 1.03854009e+00 9.98639877e-01
3.26000000e+01 1.00106204e+00 1.01236549e-02 1.11776032e-02 1.03247886e+00 9.98946052e-01
3.27000000e+01 1.00077915e+00 8.24120200e-03 8.98212786e-03 1.02620546e+00 9.99259074e-01
3.28000000e+01 1.00049207e+00 6.31525608e-03 6.73947467e-03 1.01979421e+00 9.99575781e-01
3.29000000e+01 1.00020370e+00 4.36783242e-03 4.47482562e-03 1.01331748e+00 9.99893007e-01
3.30000000e+01 9.99916913e-01 2.42003779e-03 2.21242702e-03 1.00684489e+00 1.00020761e+00
3.31000000e+01 9.99634530e-01 4.91864148e-04 -2.46473946e-05 1.00044257e+00 1.00051651e+00
3.32000000e+01 9.99359287e-01 -1.39796834e-03 -2.21468326e-03 9.94172665e-01 1.00081671e+00
3.33000000e+01 9.99093812e-01 -3.23212233e-03 -4.33746551e-03 9.88092947e-01 1.00110534e+00
3.34000000e+01 9.98840604e-01 -4.99471314e-03 -6.37437577e-03 9.82256535e-01 1.00137966e+00
3.35000000e+01 9.98602005e-01 -6.67134301e-03 -8.30845257e-03 9.76711752e-01 1.00163711e+00
3.36000000e+01 9.98380186e-01 -8.24910542e-03 -1.01244198e-02 9.71502055e-01 1.00187531e+00
3.37000000e+01 9.98177123e-01 -9.71656581e-03 -1.18086896e-02 9.66666055e-01 1.00209212e+00
3.38000000e+01 9.97994583e-01 -1.10637242e-02 -1.33493443e-02 9.62237587e-01 1.00228562e+00
3.39000000e+01 9.97834111e-01 -1.22819652e-02 -1.47361041e-02 9.58245827e-01 1.00245414e+00
3.40000000e+01 9.97697018e-01 -1.33640007e-02 -1.59602835e-02 9.54715432e-01 1.00259628e+00
3.41000000e+01 9.97584368e-01 -1.43038084e-02 -1.70147420e-02 9.51666708e-01 1.00271093e+00
3.42000000e+01 9.97496975e-01 -1.50965718e-02 -1.78938322e-02 9.49115764e-01 1.00279726e+00
3.43000000e+01 9.97435400e-01 -1.57386221e-02 -1.85933472e-02 9.47074683e-01 1.00285473e+00
3.44000000e+01 9.97399942e-01 -1.62273866e-02 -1.91104717e-02 9.45551670e-01 1.00288309e+00
3.45000000e+01 9.97390646e-01 -1.65613440e-02 -1.94437360e-02 9.44551184e-01 1.00288239e+00
3.46000000e+01 9.97407300e-01 -1.67399882e-02 -1.95929765e-02 9.44074059e-01 1.00285299e+00
3.47000000e+01 9.97449443e-01 -1.67638012e-02 -1.95593014e-02 9.44117596e-01 1.00279550e+00
3.48000000e+01 9.97516372e-01 -1.66342350e-02 -1.93450630e-02 9.44675639e-01 1.00271083e+00
3.49000000e+01 9.97607150e-01 -1.63537018e-02 -1.89538356e-02 9.45738627e-01 1.00260013e+00
3.50000000e+01 9.97720617e-01 -1.59255728e-02 -1.83903989e-02 9.47293629e-01 1.00246483e+00
3.51000000e+01 9.97855407e-01 -1.53541831e-02 -1.76607259e-02 9.49324365e-01 1.00230654e+00
3.52000000e+01 9.98009957e-01 -1.46448413e-02 -1.67719726e-02 9.51811214e-01 1.00212713e+00
3.53000000e+01 9.98182532e-01 -1.38038424e-02 -1.57324699e-02 9.54731218e-01 1.00192863e+00
3.54000000e+01 9.98371236e-01 -1.28384813e-02 -1.45517136e-02 9.58058091e-01 1.00171323e+00
3.55000000e+01 9.98574034e-01 -1.17570638e-02 -1.32403515e-02 9.61762233e-01 1.00148329e+00
3.56000000e+01 9.98788776e-01 -1.05689129e-02 -1.18101641e-02 9.65810759e-01 1.00124125e+00
3.57000000e+01 9.99013213e-01 -9.28436744e-03 -1.02740368e-02 9.70167559e-01 1.00098967e+00
3.58000000e+01 9.99245025e-01 -7.91476874e-03 -8.64592018e-03 9.74793391e-01 1.00073115e+00
3.59000000e+01 9.99481844e-01 -6.47243360e-03 -6.94077620e-03 9.79646014e-01 1.00046834e+00
3.60000000e+01 9.99721271e-01 -4.97060954e-03 -5.17450655e-03 9.84680377e-01 1.00020390e+00
3.61000000e+01 9.99960908e-01 -3.42340992e-03 -3.36386151e-03 9.89848867e-01 9.99940452e-01
3.62000000e+01 1.00019838e+00 -1.84572644e-03 -1.52632664e-03 9.95101620e-01 9.99680600e-01
3.63000000e+01 1.00043134e+00 -2.53117221e-04 3.20013944e-04 1.00038691e+00 9.99426869e-01
3.64000000e+01 1.00065754e+00 1.33833051e-03 2.15663875e-03 1.00565161e+00 9.99181692e-01
3.65000000e+01 1.00087480e+00 2.91216336e-03 3.96477426e-03 1.01084171e+00 9.98947389e-01
3.66000000e+01 1.00108104e+00 4.45174920e-03 5.72560347e-03 1.01590296e+00 9.98726146e-01
3.67000000e+01 1.00127432e+00 5.94048715e-03 7.42049515e-03 1.02078148e+00 9.98519992e-01
3.68000000e+01 1.00145286e+00 7.36203641e-03 9.03125035e-03 1.02542454e+00 9.98330786e-01
3.69000000e+01 1.00161504e+00 8.70055959e-03 1.05403613e-02 1.02978128e+00 9.98160198e-01
3.70000000e+01 1.00175939e+00 9.94097446e-03 1.19312771e-02 1.03380353e+00 9.98009697e-01
3.71000000e+01 1.00188468e+00 1.10692075e-02 1.31886682e-02 1.03744654e+00 9.97880539e-01
3.72000000e+01 1.00198984e+00 1.20724413e-02 1.42986842e-02 1.04066981e+00 9.97773757e-01
3.73000000e+01 1.00207404e+00 1.29393488e-02 1.52491942e-02 1.04343774e+00 9.97690155e-01
3.74000000e+01 1.00213666e+00 1.36603046e-02 1.60300038e-02 1.04572031e+00 9.97630301e-01
3.75000000e+01 1.00217729e+00 1.42275677e-02 1.66330404e-02 1.04749365e+00 9.97594527e-01
3.76000000e+01 1.00219577e+00 1.46354276e-02 1.70524999e-02 1.04874043e+00 9.97582928e-01
3.77000000e+01 1.00219214e+00 1.48803086e-02 1.72849488e-02 1.04945021e+00 9.97595360e-01
3.78000000e+01 1.00216667e+00 1.49608283e-02 1.73293795e-02 1.04961959e+00 9.97631449e-01
3.79000000e+01 1.00211986e+00 1.48778082e-02 1.71872145e-02 1.04925224e+00 9.97690594e-01
3.80000000e+01 1.00205239e+00 1.46342359e-02 1.68622606e-02 1.04835876e+00 9.97771975e-01
3.81000000e+01 1.00196516e+00 1.42351809e-02 1.63606151e-02 1.04695641e+00 9.97874566e-01
3.82000000e+01 1.00185925e+00 1.36876676e-02 1.56905266e-02 1.04506872e+00 9.97997141e-01
3.83000000e+01 1.00173592e+00 1.30005103e-02 1.48622167e-02 1.04272494e+00 9.98138294e-01
3.84000000e+01 1.00159658e+00 1.21841173e-02 1.38876686e-02 1.03995945e+00 9.98296449e-01
3.85000000e+01 1.00144281e+00 1.12502701e-02 1.27803901e-02 1.03681105e+00 9.98469880e-01
3.86000000e+01 1.00127628e+00 1.02118872e-02 1.15551596e-02 1.03332221e+00 9.98656728e-01
3.87000000e+01 1.00109879e+00 9.08277921e-03 1.02277614e-02 1.02953830e+00 9.98855018e-01
3.88000000e+01 1.00091224e+00 7.87740247e-03 8.81471983e-03 1.02550684e+00 9.99062683e-01
3.89000000e+01 1.00071856e+00 6.61061911e-03 7.33303855e-03 1.02127670e+00 9.99277581e-01
3.90000000e+01 1.00051977e+00 5.29746843e-03 5.79995011e-03 1.01689737e+00 9.99497518e-01
3.91000000e+01 1.00031789e+00 3.95295476e-03 4.23268224e-03 1.01241832e+00 9.99720273e-01
3.92000000e+01 1.00011497e+00 2.59185544e-03 2.64824374e-03 1.00788834e+00 9.99943612e-01
3.93000000e+01 9.99913021e-01 1.22855125e-03 1.06323294e-03 1.00335502e+00 1.00016532e+00
3.94000000e+01 9.99714046e-01 -1.23119373e-04 -5.06329864e-04 9.98864221e-01 1.00038321e+00
3.95000000e+01 9.99519981e-01 -1.44998215e-03 -2.04514544e-03 9.94459727e-01 1.00059516e+00
3.96000000e+01 9.99332698e-01 -2.73962528e-03 -3.53875465e-03 9.90182865e-01 1.00079913e+00
3.97000000e+01 9.99153978e-01 -3.98047575e-03 -4.97363445e-03 9.86072255e-01 1.00099316e+00
3.98000000e+01 9.98985500e-01 -5.16185549e-03 -6.33727275e-03 9.82163599e-01 1.00117542e+00
3.99000000e+01 9.98828824e-01 -6.27401960e-03 -7.61822403e-03 9.78489532e-01 1.00134420e+00
4.00000000e+01 9.98685374e-01 -7.30817927e-03 -8.80614821e-03 9.75079524e-01 1.00149797e+00
4.01000000e+01 9.98556432e-01 -8.25651186e-03 -9.89183513e-03 9.71959818e-01 1.00163532e+00
4.02000000e+01 9.98443121e-01 -9.11216089e-03 -1.08672171e-02 9.69153405e-01 1.00175506e+00
4.03000000e+01 9.98346400e-01 -9.86922827e-03 -1.17253719e-02 9.66680028e-01 1.00185614e+00
4.04000000e+01 9.98267057e-01 -1.05227611e-02 -1.24605182e-02 9.64556202e-01 1.00193776e+00
4.05000000e+01 9.98205698e-01 -1.10687351e-02 -1.30680058e-02 9.62795253e-01 1.00199927e+00
4.06000000e+01 9.98162749e-01 -1.15040365e-02 -1.35443017e-02 9.61407360e-01 1.00204027e+00
4.07000000e+01 9.98138452e-01 -1.18264431e-02 -1.38869742e-02 9.60399608e-01 1.00206053e+00
4.08000000e+01 9.98132862e-01 -1.20346075e-02 -1.40946754e-02 9.59776042e-01 1.00206007e+00
4.09000000e+01 9.98145850e-01 -1.21280403e-02 -1.41671231e-02 9.59537714e-01 1.00203908e+00
4.10000000e+01 9.98177110e-01 -1.21070969e-02 -1.41050831e-02 9.59682737e-01 1.00199799e+00
4.11000000e+01 9.98226155e-01 -1.19729658e-02 -1.39103518e-02 9.60206331e-01 1.00193739e+00
4.12000000e+01 9.98292333e-01 -1.17276593e-02 -1.35857380e-02 9.61100865e-01 1.00185808e+00
4.13000000e+01 9.98374828e-01 -1.13740059e-02 -1.31350458e-02 9.62355903e-01 1.00176104e+00
4.14000000e+01 9.98472670e-01 -1.09156434e-02 -1.25630560e-02 9.63958244e-01 1.00164741e+00
4.15000000e+01 9.98584750e-01 -1.03570126e-02 -1.18755065e-02 9.65891974e-01 1.00151849e+00
4.16000000e+01 9.98709829e-01 -9.70334946e-03 -1.10790692e-02 9.68138512e-01 1.00137572e+00
4.17000000e+01 9.98846549e-01 -8.96067499e-03 -1.01813247e-02 9.70676676e-01 1.00122065e+00
4.18000000e+01 9.98993451e-01 -8.13578138e-03 -9.19073084e-03 9.73482757e-01 1.00105495e+00
4.19000000e+01 9.99148988e-01 -7.23621248e-03 -8.11658553e-03 9.76530616e-01 1.00088037e+00
4.20000000e+01 9.99311543e-01 -6.27023726e-03 -6.96898163e-03 9.79791799e-01 1.00069874e+00
4.21000000e+01 9.99479441e-01 -5.24681464e-03 -5.75875281e-03 9.83235680e-01 1.00051194e+00
4.22000000e+01 9.99650970e-01 -4.17554812e-03 -4.49740890e-03 9.86829634e-01 1.00032186e+00
4.23000000e+01 9.99824396e-01 -3.06662887e-03 -3.19705974e-03 9.90539252e-01 1.00013043e+00
4.24000000e+01 9.99997981e-01 -1.93076625e-03 -1.87032651e-03 9.94328581e-01 9.99939560e-01
4.25000000e+01 1.00017000e+00 -7.79104891e-04 -5.30240016e-04 9.98160415e-01 9.99751135e-01
4.26000000e+01 1.00033876e+00 3.76871986e-04 8.09874295e-04 1.00199662e+00 9.99566998e-01
4.27000000e+01 1.00050261e+00 1.52545284e-03 2.13652423e-03 1.00579850e+00 9.99388929e-01
4.28000000e+01 1.00065996e+00 2.65482112e-03 3.43619090e-03 1.00952720e+00 9.99218630e-01
4.29000000e+01 1.00080932e+00 3.75319023e-03 4.69547955e-03 1.01314415e+00 9.99057711e-01
4.30000000e+01 1.00094925e+00 4.80894842e-03 5.90127900e-03 1.01661151e+00 9.98907669e-01
4.31000000e+01 1.00107845e+00 5.81081098e-03 7.04092737e-03 1.01989267e+00 9.98769884e-01
4.32000000e+01 1.00119573e+00 6.74797684e-03 8.10238068e-03 1.02295274e+00 9.98645596e-01
4.33000000e+01 1.00130003e+00 7.61028594e-03 9.07438085e-03 1.02575905e+00 9.98535905e-01
4.34000000e+01 1.00139042e+00 8.38837355e-03 9.94661920e-03 1.02828161e+00 9.98441754e-01
4.35000000e+01 1.00146613e+00 9.07381735e-03 1.07098910e-02 1.03049360e+00 9.98363926e-01
4.36000000e+01 1.00152653e+00 9.65927314e-03 1.13562373e-02 1.03237175e+00 9.98303036e-01
4.37000000e+01 1.00157115e+00 1.01385951e-02 1.18790691e-02 1.03389673e+00 9.98259526e-01
4.38000000e+01 1.00159969e+00 1.05069368e-02 1.22732712e-02 1.03505348e+00 9.98233666e-01
4.39000000e+01 1.00161202e+00 1.07608297e-02 1.25352819e-02 1.03583139e+00 9.98225548e-01
4.40000000e+01 1.00160816e+00 1.08982373e-02 1.26631456e-02 1.03622453e+00 9.98235092e-01
4.41000000e+01 1.00158829e+00 1.09185812e-02 1.26565375e-02 1.03623166e+00 9.98262044e-01
4.42000000e+01 1.00155275e+00 1.08227413e-02 1.25167591e-02 1.03585626e+00 9.98305982e-01
4.43000000e+01 1.00150205e+00 1.06130273e-02 1.22467044e-02 1.03510644e+00 9.98366323e-01
4.44000000e+01 1.00143683e+00 1.02931244e-02 1.18507986e-02 1.03399472e+00 9.98442326e-01
4.45000000e+01 1.00135787e+00 9.86801444e-03 1.13349107e-02 1.03253784e+00 9.98533104e-01
4.46000000e+01 1.00126609e+00 9.34387513e-03 1.07062433e-02 1.03075636e+00 9.98637632e-01
4.47000000e+01 1.00116252e+00 8.72796121e-03 9.97320199e-03 1.02867437e+00 9.98754759e-01
4.48000000e+01 1.00104830e+00 8.02847059e-03 9.14525019e-03 1.02631897e+00 9.98883220e-01
4.49000000e+01 1.00092466e+00 7.25440009e-03 8.23275119e-03 1.02371990e+00 9.99021649e-01
4.50000000e+01 1.00079294e+00 6.41539460e-03 7.24680338e-03 1.02090900e+00 9.99168591e-01
4.51000000e+01 1.00065450e+00 5.52159368e-03 6.19907211e-03 1.01791974e+00 9.99322522e-01
4.52000000e+01 1.00051080e+00 4.58347943e-03 5.10162199e-03 1.01478672e+00 9.99481857e-01
4.53000000e+01 1.00036331e+00 3.61172890e-03 3.96675348e-03 1.01154524e+00 9.99644975e-01
4.54000000e+01 1.00021353e+00 2.61707381e-03 2.80684635e-03 1.00823077e+00 9.99810227e-01
4.55000000e+01 1.00006297e+00 1.61017011e-03 1.63421286e-03 1.00487860e+00 9.99975957e-01
4.56000000e+01 9.99913139e-01 6.01478836e-04 4.60962197e-04 1.00152340e+00 1.00014052e+00
4.57000000e+01 9.99765512e-01 -3.98840425e-04 -7.01122262e-04 9.98198915e-01 1.00030228e+00
4.58000000e+01 9.99621537e-01 -1.38102287e-03 -1.84069222e-03 9.94937593e-01 1.00045967e+00
4.59000000e+01 9.99482609e-01 -2.33577857e-03 -2.94693000e-03 9.91770361e-01 1.00061115e+00
4.60000000e+01 9.99350059e-01 -3.25435954e-03 -4.00963040e-03 9.88726380e-01 1.00075527e+00
4.61000000e+01 9.99225144e-01 -4.12861458e-03 -5.01926956e-03 9.85832846e-01 1.00089065e+00
4.62000000e+01 9.99109033e-01 -4.95103258e-03 -5.96706143e-03 9.83114845e-01 1.00101603e+00
4.63000000e+01 9.99002798e-01 -5.71477575e-03 -6.84500299e-03 9.80595218e-01 1.00113023e+00
4.64000000e+01 9.98907402e-01 -6.41370374e-03 -7.64590926e-03 9.78294478e-01 1.00123221e+00
4.65000000e+01 9.98823694e-01 -7.04239006e-03 -8.36343938e-03 9.76230731e-01 1.00132105e+00
4.66000000e+01 9.98752400e-01 -7.59613216e-03 -8.99211481e-03 9.74419638e-01 1.00139598e+00
4.67000000e+01 9.98694117e-01 -8.07095630e-03 -9.52733104e-03 9.72874382e-01 1.00145637e+00
4.68000000e+01 9.98649308e-01 -8.46361838e-03 -9.96536358e-03 9.71605654e-01 1.00150175e+00
4.69000000e+01 9.98618299e-01 -8.77160178e-03 -1.03033695e-02 9.70621659e-01 1.00153177e+00
4.70000000e+01 9.98601280e-01 -8.99311300e-03 -1.05393851e-02 9.69928117e-01 1.00154627e+00
4.71000000e+01 9.98598298e-01 -9.12707579e-03 -1.06723205e-02 9.69528283e-01 1.00154524e+00
