# k S000 S110 S112 S10 S11
0.00000000e+00 1.56250000e-02 1.54117609e+00 -6.58345640e-01 2.24484815e-01 2.19952173e+00
1.00000000e-01 1.56362352e-02 1.53940534e+00 -6.57381426e-01 2.24642490e-01 2.19678677e+00
2.00000000e-01 1.56699977e-02 1.53412831e+00 -6.54506053e-01 2.25116204e-01 2.18863436e+00
3.00000000e-01 1.57264587e-02 1.52544901e+00 -6.49770497e-01 2.25908020e-01 2.17521951e+00
4.00000000e-01 1.58059054e-02 1.51353557e+00 -6.43257086e-01 2.27021394e-01 2.15679265e+00
5.00000000e-01 1.59087439e-02 1.49861272e+00 -6.35075760e-01 2.28461196e-01 2.13368847e+00
6.00000000e-01 1.60355031e-02 1.48095232e+00 -6.25359293e-01 2.30233739e-01 2.10631162e+00
7.00000000e-01 1.61868404e-02 1.46086246e+00 -6.14257821e-01 2.32346819e-01 2.07512028e+00
8.00000000e-01 1.63635478e-02 1.43867591e+00 -6.01933073e-01 2.34809768e-01 2.04060899e+00
9.00000000e-01 1.65665604e-02 1.41473884e+00 -5.88552669e-01 2.37633505e-01 2.00329151e+00
1.00000000e+00 1.67969662e-02 1.38940022e+00 -5.74284807e-01 2.40830609e-01 1.96368503e+00
1.10000000e+00 1.70560174e-02 1.36300253e+00 -5.59293569e-01 2.44415392e-01 1.92229610e+00
1.20000000e+00 1.73451438e-02 1.33587401e+00 -5.43735011e-01 2.48403983e-01 1.87960902e+00
1.30000000e+00 1.76659689e-02 1.30832264e+00 -5.27754106e-01 2.52814427e-01 1.83607674e+00
1.40000000e+00 1.80203277e-02 1.28063185e+00 -5.11482535e-01 2.57666779e-01 1.79211438e+00
1.50000000e+00 1.84102876e-02 1.25305779e+00 -4.95037287e-01 2.62983220e-01 1.74809508e+00
1.60000000e+00 1.88381731e-02 1.22582810e+00 -4.78519964e-01 2.68788168e-01 1.70434806e+00
1.70000000e+00 1.93065933e-02 1.19914175e+00 -4.62016672e-01 2.75108405e-01 1.66115842e+00
1.80000000e+00 1.98184744e-02 1.17316998e+00 -4.45598395e-01 2.81973192e-01 1.61876838e+00
1.90000000e+00 2.03770965e-02 1.14805782e+00 -4.29321711e-01 2.89414401e-01 1.57737953e+00
2.00000000e+00 2.09861365e-02 1.12392614e+00 -4.13229752e-01 2.97466632e-01 1.53715589e+00
2.10000000e+00 2.16497180e-02 1.10087397e+00 -3.97353324e-01 3.06167325e-01 1.49822730e+00
2.20000000e+00 2.23724682e-02 1.07898104e+00 -3.81712090e-01 3.15556858e-01 1.46069313e+00
2.30000000e+00 2.31595842e-02 1.05831018e+00 -3.66315778e-01 3.25678622e-01 1.42462596e+00
2.40000000e+00 2.40169107e-02 1.03890980e+00 -3.51165367e-01 3.36579063e-01 1.39007516e+00
2.50000000e+00 2.49510294e-02 1.02081610e+00 -3.36254211e-01 3.48307675e-01 1.35707031e+00
2.60000000e+00 2.59693644e-02 1.00405516e+00 -3.21569111e-01 3.60916937e-01 1.32562427e+00
2.70000000e+00 2.70803044e-02 9.88644767e-01 -3.07091303e-01 3.74462161e-01 1.29573607e+00
2.80000000e+00 2.82933476e-02 9.74596006e-01 -2.92797386e-01 3.89001234e-01 1.26739339e+00
2.90000000e+00 2.96192714e-02 9.61914616e-01 -2.78660192e-01 4.04594232e-01 1.24057481e+00
3.00000000e+00 3.10703326e-02 9.50602080e-01 -2.64649614e-01 4.21302852e-01 1.21525169e+00
3.10000000e+00 3.26605057e-02 9.40656467e-01 -2.50733414e-01 4.39189639e-01 1.19138988e+00
3.20000000e+00 3.44057657e-02 9.32073019e-01 -2.36878031e-01 4.58316957e-01 1.16895105e+00
3.30000000e+00 3.63244258e-02 9.24844488e-01 -2.23049424e-01 4.78745639e-01 1.14789391e+00
3.40000000e+00 3.84375426e-02 9.18961205e-01 -2.09213958e-01 5.00533288e-01 1.12817516e+00
3.50000000e+00 4.07694031e-02 9.14410910e-01 -1.95339387e-01 5.23732136e-01 1.10975030e+00
3.60000000e+00 4.33481140e-02 9.11178299e-01 -1.81395933e-01 5.48386434e-01 1.09257423e+00
3.70000000e+00 4.62063168e-02 9.09244324e-01 -1.67357506e-01 5.74529313e-01 1.07660183e+00
3.80000000e+00 4.93820606e-02 9.08585223e-01 -1.53203069e-01 6.02179084e-01 1.06178829e+00
3.90000000e+00 5.29198715e-02 9.09171300e-01 -1.38918160e-01 6.31334980e-01 1.04808946e+00
4.00000000e+00 5.68720704e-02 9.10965479e-01 -1.24496554e-01 6.61972372e-01 1.03546203e+00
4.10000000e+00 6.13004057e-02 9.13921676e-01 -1.09942054e-01 6.94037567e-01 1.02386373e+00
4.20000000e+00 6.62780873e-02 9.17983040e-01 -9.52703402e-02 7.27442359e-01 1.01325338e+00
4.30000000e+00 7.18923352e-02 9.23080184e-01 -8.05107899e-02 7.62058604e-01 1.00359097e+00
4.40000000e+00 7.82475928e-02 9.29129522e-01 -6.57081572e-02 7.97713207e-01 9.94837679e-01
4.50000000e+00 8.54696046e-02 9.36031882e-01 -5.09239355e-02 8.34184011e-01 9.86955818e-01
4.60000000e+00 9.37106241e-02 9.43671610e-01 -3.62372137e-02 8.71197183e-01 9.79908824e-01
4.70000000e+00 1.03156114e-01 9.51916375e-01 -2.17448057e-02 9.08426763e-01 9.73661180e-01
4.80000000e+00 1.14033421e-01 9.60617905e-01 -7.56043269e-03 9.45497040e-01 9.68178338e-01
4.90000000e+00 1.26623107e-01 9.69613857e-01 6.18723333e-03 9.81988324e-01 9.63426624e-01
5.00000000e+00 1.41273826e-01 9.78730934e-01 1.93577906e-02 1.01744652e+00 9.59373144e-01
5.10000000e+00 1.58422056e-01 9.87789288e-01 3.18036117e-02 1.05139651e+00 9.55985676e-01
5.20000000e+00 1.78618403e-01 9.96608070e-01 4.33755073e-02 1.08335908e+00 9.53232563e-01
5.30000000e+00 2.02562960e-01 1.00501187e+00 5.39292672e-02 1.11287040e+00 9.51082602e-01
5.40000000e+00 2.31153109e-01 1.01283758e+00 6.33326365e-02 1.13950285e+00 9.49504943e-01
5.50000000e+00 2.65548470e-01 1.01994115e+00 7.14721707e-02 1.16288549e+00 9.48468979e-01
5.60000000e+00 3.07259349e-01 1.02620361e+00 7.82593529e-02 1.18272231e+00 9.47944255e-01
5.70000000e+00 3.58267017e-01 1.03153577e+00 8.36353960e-02 1.19880656e+00 9.47900373e-01
5.80000000e+00 4.21185862e-01 1.03588118e+00 8.75742666e-02 1.21102972e+00 9.48306917e-01
5.90000000e+00 4.99477335e-01 1.03921705e+00 9.00836669e-02 1.21938438e+00 9.49133380e-01
6.00000000e+00 5.97719407e-01 1.04155305e+00 9.12039419e-02 1.22396094e+00 9.50349110e-01
6.10000000e+00 7.21912059e-01 1.04292838e+00 9.10051112e-02 1.22493860e+00 9.51923268e-01
6.20000000e+00 8.79734647e-01 1.04340722e+00 8.95824121e-02 1.22257204e+00 9.53824803e-01
6.30000000e+00 1.08051310e+00 1.04307330e+00 8.70508591e-02 1.21717502e+00 9.56022444e-01
6.40000000e+00 1.33431520e+00 1.04202407e+00 8.35393590e-02 1.20910279e+00 9.58484711e-01
6.50000000e+00 1.64899246e+00 1.04036483e+00 7.91848827e-02 1.19873459e+00 9.61179946e-01
6.60000000e+00 2.02335590e+00 1.03820347e+00 7.41271037e-02 1.18645768e+00 9.64076365e-01
6.70000000e+00 2.43544072e+00 1.03564591e+00 6.85037837e-02 1.17265348e+00 9.67142129e-01
6.80000000e+00 2.83044882e+00 1.03279250e+00 6.24470671e-02 1.15768664e+00 9.70345438e-01
6.90000000e+00 3.12438998e+00 1.02973536e+00 5.60807223e-02 1.14189681e+00 9.73654643e-01
7.00000000e+00 3.24003571e+00 1.02655667e+00 4.95182885e-02 1.12559325e+00 9.77038380e-01
7.10000000e+00 3.15655506e+00 1.02332774e+00 4.28620184e-02 1.10905177e+00 9.80465720e-01
7.20000000e+00 2.92094227e+00 1.02010882e+00 3.62024820e-02 1.09251378e+00 9.83906335e-01
7.30000000e+00 2.60993549e+00 1.01694936e+00 2.96186826e-02 1.07618672e+00 9.87330677e-01
7.40000000e+00 2.28783617e+00 1.01388871e+00 2.31785437e-02 1.06024580e+00 9.90710170e-01
7.50000000e+00 1.99141800e+00 1.01095704e+00 1.69396430e-02 1.04483633e+00 9.94017401e-01
7.60000000e+00 1.73497407e+00 1.00817641e+00 1.09500886e-02 1.03007659e+00 9.97226325e-01
7.70000000e+00 1.52001152e+00 1.00556192e+00 5.24945867e-03 1.01606083e+00 1.00031246e+00
7.80000000e+00 1.34244616e+00 1.00312281e+00 -1.30257819e-04 1.00286229e+00 1.00325307e+00
7.90000000e+00 1.19653200e+00 1.00086360e+00 -5.16375836e-03 9.90536083e-01 1.00602736e+00
8.00000000e+00 1.07662852e+00 9.98785038e-01 -9.83159003e-03 9.79121858e-01 1.00861663e+00
8.10000000e+00 9.77839440e-01 9.96885031e-01 -1.41193924e-02 9.68646246e-01 1.01100442e+00
8.20000000e+00 8.96141529e-01 9.95159428e-01 -1.80172265e-02 9.59124975e-01 1.01317665e+00
8.30000000e+00 8.28314129e-01 9.93602711e-01 -2.15189889e-02 9.50564733e-01 1.01512170e+00
8.40000000e+00 7.71809301e-01 9.92208557e-01 -2.46219081e-02 9.42964741e-01 1.01683047e+00
8.50000000e+00 7.24619695e-01 9.90970311e-01 -2.73261150e-02 9.36318081e-01 1.01829643e+00
8.60000000e+00 6.85163905e-01 9.89881351e-01 -2.96342809e-02 9.30612789e-01 1.01951563e+00
8.70000000e+00 6.52193463e-01 9.88935358e-01 -3.15513143e-02 9.25832729e-01 1.02048667e+00
8.80000000e+00 6.24719806e-01 9.88126516e-01 -3.30841082e-02 9.21958300e-01 1.02121062e+00
8.90000000e+00 6.01957831e-01 9.87449627e-01 -3.42413317e-02 9.18966963e-01 1.02169096e+00
9.00000000e+00 5.83282577e-01 9.86900161e-01 -3.50332577e-02 9.16833646e-01 1.02193342e+00
9.10000000e+00 5.68196046e-01 9.86474259e-01 -3.54716214e-02 9.15531016e-01 1.02194588e+00
9.20000000e+00 5.56301790e-01 9.86168676e-01 -3.55695047e-02 9.15029666e-01 1.02173818e+00
9.30000000e+00 5.47285380e-01 9.85980690e-01 -3.53412412e-02 9.15298208e-01 1.02132193e+00
9.40000000e+00 5.40899377e-01 9.85907985e-01 -3.48023385e-02 9.16303308e-01 1.02071032e+00
9.50000000e+00 5.36951712e-01 9.85948494e-01 -3.39694139e-02 9.18009666e-01 1.01991791e+00
9.60000000e+00 5.35296676e-01 9.86100242e-01 -3.28601395e-02 9.20379963e-01 1.01896038e+00
9.70000000e+00 5.35827912e-01 9.86361169e-01 -3.14931951e-02 9.23374779e-01 1.01785436e+00
9.80000000e+00 5.38472938e-01 9.86728954e-01 -2.98882246e-02 9.26952505e-01 1.01661718e+00
9.90000000e+00 5.43188822e-01 9.87200842e-01 -2.80657932e-02 9.31069256e-01 1.01526664e+00
1.00000000e+01 5.49958742e-01 9.87773479e-01 -2.60473420e-02 9.35678795e-01 1.01382082e+00
1.01000000e+01 5.58789157e-01 9.88442764e-01 -2.38551381e-02 9.40732487e-01 1.01229790e+00
1.02000000e+01 5.69707409e-01 9.89203721e-01 -2.15122148e-02 9.46179291e-01 1.01071594e+00
1.03000000e+01 5.82759533e-01 9.90050399e-01 -1.90423005e-02 9.51965798e-01 1.00909270e+00
1.04000000e+01 5.98008088e-01 9.90975798e-01 -1.64697330e-02 9.58036332e-01 1.00744553e+00
1.05000000e+01 6.15529805e-01 9.91971831e-01 -1.38193548e-02 9.64333121e-01 1.00579119e+00
1.06000000e+01 6.35412820e-01 9.93029321e-01 -1.11163890e-02 9.70796543e-01 1.00414571e+00
1.07000000e+01 6.57753213e-01 9.94138040e-01 -8.38629248e-03 9.77365455e-01 1.00252433e+00
1.08000000e+01 6.82650573e-01 9.95286780e-01 -5.65458634e-03 9.83977607e-01 1.00094137e+00
1.09000000e+01 7.10202220e-01 9.96463470e-01 -2.94666205e-03 9.90570145e-01 9.99410132e-01
1.10000000e+01 7.40495700e-01 9.97655325e-01 -2.87565852e-04 9.97080193e-01 9.97942891e-01
1.11000000e+01 7.73599152e-01 9.98849034e-01 2.29823736e-03 1.00344551e+00 9.96550797e-01
1.12000000e+01 8.09549135e-01 1.00003097e+00 4.78711673e-03 1.00960520e+00 9.95243855e-01
1.13000000e+01 8.48335611e-01 1.00118743e+00 7.15653988e-03 1.01550051e+00 9.94030895e-01
1.14000000e+01 8.89883960e-01 1.00230490e+00 9.38534292e-03 1.02107559e+00 9.92919559e-01
1.15000000e+01 9.34034227e-01 1.00337029e+00 1.14539991e-02 1.02627829e+00 9.91916293e-01
1.16000000e+01 9.80518371e-01 1.00437123e+00 1.33448777e-02 1.03106098e+00 9.91026349e-01
1.17000000e+01 1.02893702e+00 1.00529628e+00 1.50424854e-02 1.03538126e+00 9.90253799e-01
1.18000000e+01 1.07873824e+00 1.00613523e+00 1.65336818e-02 1.03920260e+00 9.89601551e-01
1.19000000e+01 1.12920194e+00 1.00687924e+00 1.78078600e-02 1.04249496e+00 9.89071376e-01
1.20000000e+01 1.17943444e+00 1.00752102e+00 1.88570874e-02 1.04523520e+00 9.88663936e-01
1.21000000e+01 1.22837836e+00 1.00805502e+00 1.96761995e-02 1.04740742e+00 9.88378821e-01
1.22000000e+01 1.27484251e+00 1.00847744e+00 2.02628430e-02 1.04900312e+00 9.88214594e-01
1.23000000e+01 1.31755449e+00 1.00878630e+00 2.06174670e-02 1.05002123e+00 9.88168830e-01
1.24000000e+01 1.35523558e+00 1.00898143e+00 2.07432610e-02 1.05046795e+00 9.88238168e-01
1.25000000e+01 1.38669226e+00 1.00906441e+00 2.06460436e-02 1.05035650e+00 9.88418368e-01
1.26000000e+01 1.41091444e+00 1.00903847e+00 2.03341034e-02 1.04970667e+00 9.88704363e-01
1.27000000e+01 1.42716587e+00 1.00890832e+00 1.98180003e-02 1.04854432e+00 9.89090324e-01
1.28000000e+01 1.43505225e+00 1.00868005e+00 1.91103312e-02 1.04690072e+00 9.89569722e-01
1.29000000e+01 1.43455477e+00 1.00836087e+00 1.82254713e-02 1.04481181e+00 9.90135396e-01
1.30000000e+01 1.42602362e+00 1.00795892e+00 1.71792951e-02 1.04231751e+00 9.90779625e-01
1.31000000e+01 1.41013334e+00 1.00748309e+00 1.59888887e-02 1.03946086e+00 9.91494197e-01
1.32000000e+01 1.38780942e+00 1.00694275e+00 1.46722592e-02 1.03628727e+00 9.92270491e-01
1.33000000e+01 1.36013937e+00 1.00634760e+00 1.32480492e-02 1.03284370e+00 9.93099550e-01
1.34000000e+01 1.32828240e+00 1.00570743e+00 1.17352620e-02 1.02917795e+00 9.93972164e-01
1.35000000e+01 1.29338915e+00 1.00503195e+00 1.01530034e-02 1.02533796e+00 9.94878950e-01
1.36000000e+01 1.25653888e+00 1.00433068e+00 8.52024280e-03 1.02137117e+00 9.95810437e-01
1.37000000e+01 1.21869674e+00 1.00361274e+00 6.85559758e-03 1.01732394e+00 9.96757145e-01
1.38000000e+01 1.18069034e+00 1.00288682e+00 5.17714215e-03 1.01324110e+00 9.97709674e-01
1.39000000e+01 1.14320241e+00 1.00216102e+00 3.50224171e-03 1.00916550e+00 9.98658779e-01
1.40000000e+01 1.10677532e+00 1.00144287e+00 1.84741128e-03 1.00513769e+00 9.99595459e-01
1.41000000e+01 1.07182334e+00 1.00073922e+00 2.28198835e-04 1.00119562e+00 1.00051103e+00
1.42000000e+01 1.03864914e+00 1.00005628e+00 -1.34090890e-03 9.97374460e-01 1.00139719e+00
1.43000000e+01 1.00746169e+00 9.99399555e-01 -2.84655960e-03 9.93706436e-01 1.00224611e+00
1.44000000e+01 9.78393946e-01 9.98773921e-01 -4.27658955e-03 9.90220742e-01 1.00305051e+00
1.45000000e+01 9.51518948e-01 9.98183606e-01 -5.62006111e-03 9.86943484e-01 1.00380367e+00
1.46000000e+01 9.26863978e-01 9.97632241e-01 -6.86728532e-03 9.83897670e-01 1.00449953e+00
1.47000000e+01 9.04422464e-01 9.97122888e-01 -8.00983197e-03 9.81103224e-01 1.00513272e+00
1.48000000e+01 8.84163762e-01 9.96658088e-01 -9.04052891e-03 9.78577031e-01 1.00569862e+00
1.49000000e+01 8.66040960e-01 9.96239899e-01 -9.95345232e-03 9.76332994e-01 1.00619335e+00
1.50000000e+01 8.49996993e-01 9.95869936e-01 -1.07439096e-02 9.74382117e-01 1.00661385e+00
1.51000000e+01 8.35969320e-01 9.95549413e-01 -1.14084159e-02 9.72732581e-01 1.00695783e+00
1.52000000e+01 8.23893420e-01 9.95279174e-01 -1.19446662e-02 9.71389841e-01 1.00722384e+00
1.53000000e+01 8.13705329e-01 9.95059722e-01 -1.23515026e-02 9.70356717e-01 1.00741122e+00
1.54000000e+01 8.05343414e-01 9.94891248e-01 -1.26288785e-02 9.69633491e-01 1.00752013e+00
1.55000000e+01 7.98749551e-01 9.94773644e-01 -1.27778198e-02 9.69218005e-01 1.00755146e+00
1.56000000e+01 7.93869805e-01 9.94706521e-01 -1.28003838e-02 9.69105753e-01 1.00750690e+00
1.57000000e+01 7.90654743e-01 9.94689212e-01 -1.26996152e-02 9.69289982e-01 1.00738883e+00
1.58000000e+01 7.89059431e-01 9.94720782e-01 -1.24795002e-02 9.69761781e-01 1.00720028e+00
1.59000000e+01 7.89043182e-01 9.94800022e-01 -1.21449183e-02 9.70510185e-01 1.00694494e+00
1.60000000e+01 7.90569078e-01 9.94925449e-01 -1.17015909e-02 9.71522267e-01 1.00662704e+00
1.61000000e+01 7.93603309e-01 9.95095300e-01 -1.11560281e-02 9.72783243e-01 1.00625133e+00
1.62000000e+01 7.98114327e-01 9.95307526e-01 -1.05154718e-02 9.74276582e-01 1.00582300e+00
1.63000000e+01 8.04071829e-01 9.95559788e-01 -9.78783601e-03 9.75984116e-01 1.00534762e+00
1.64000000e+01 8.11445560e-01 9.95849453e-01 -8.98164310e-03 9.77886167e-01 1.00483110e+00
1.65000000e+01 8.20203952e-01 9.96173591e-01 -8.10595664e-03 9.79961677e-01 1.00427955e+00
1.66000000e+01 8.30312571e-01 9.96528980e-01 -7.17030992e-03 9.82188361e-01 1.00369929e+00
1.67000000e+01 8.41732394e-01 9.96912117e-01 -6.18463019e-03 9.84542857e-01 1.00309675e+00
1.68000000e+01 8.54417906e-01 9.97319224e-01 -5.15915871e-03 9.87000907e-01 1.00247838e+00
1.69000000e+01 8.68315041e-01 9.97746276e-01 -4.10436648e-03 9.89537543e-01 1.00185064e+00
1.70000000e+01 8.83358991e-01 9.98189021e-01 -3.03086593e-03 9.92127290e-01 1.00121989e+00
1.71000000e+01 8.99471930e-01 9.98643018e-01 -1.94931891e-03 9.94744380e-01 1.00059234e+00
1.72000000e+01 9.16560733e-01 9.99103673e-01 -8.70341625e-04 9.97362990e-01 9.99974015e-01
1.73000000e+01 9.34514767e-01 9.99566288e-01 1.95592882e-04 9.99957474e-01 9.99370695e-01
1.74000000e+01 9.53203908e-01 1.00002611e+00 1.23825363e-03 1.00250262e+00 9.98787858e-01
1.75000000e+01 9.72476922e-01 1.00047840e+00 2.24775094e-03 1.00497390e+00 9.98230644e-01
1.76000000e+01 9.92160406e-01 1.00091845e+00 3.21463473e-03 1.00734772e+00 9.97703820e-01
1.77000000e+01 1.01205851e+00 1.00134173e+00 4.12999033e-03 1.00960171e+00 9.97211741e-01
1.78000000e+01 1.03195361e+00 1.00174386e+00 4.98553043e-03 1.01171492e+00 9.96758327e-01
1.79000000e+01 1.05160824e+00 1.00212072e+00 5.77368145e-03 1.01366808e+00 9.96347034e-01
1.80000000e+01 1.07076828e+00 1.00246850e+00 6.48766273e-03 1.01544383e+00 9.95980840e-01
1.81000000e+01 1.08916772e+00 1.00278378e+00 7.12155708e-03 1.01702690e+00 9.95662227e-01
1.82000000e+01 1.10653475e+00 1.00306354e+00 7.67037105e-03 1.01840429e+00 9.95393172e-01
1.83000000e+01 1.12259929e+00 1.00330523e+00 8.13008380e-03 1.01956540e+00 9.95175145e-01
1.84000000e+01 1.13710144e+00 1.00350679e+00 8.49768343e-03 1.02050216e+00 9.95009105e-01
1.85000000e+01 1.14980067e+00 1.00366669e+00 8.77118983e-03 1.02120907e+00 9.94895503e-01
1.86000000e+01 1.16048494e+00 1.00378396e+00 8.94966378e-03 1.02168328e+00 9.94834293e-01
1.87000000e+01 1.16897936e+00 1.00385814e+00 9.03320188e-03 1.02192454e+00 9.94824939e-01
1.88000000e+01 1.17515354e+00 1.00388935e+00 9.02291748e-03 1.02193519e+00 9.94866435e-01
1.89000000e+01 1.17892712e+00 1.00387823e+00 8.92090824e-03 1.02172005e+00 9.94957321e-01
1.90000000e+01 1.18027304e+00 1.00382591e+00 8.73021084e-03 1.02128634e+00 9.95095704e-01
1.91000000e+01 1.17921819e+00 1.00373403e+00 8.45474412e-03 1.02064352e+00 9.95279286e-01
1.92000000e+01 1.17584147e+00 1.00360463e+00 8.09924177e-03 1.01980311e+00 9.95505388e-01
1.93000000e+01 1.17026950e+00 1.00344016e+00 7.66917619e-03 1.01877852e+00 9.95770989e-01
1.94000000e+01 1.16267022e+00 1.00324342e+00 7.17067504e-03 1.01758477e+00 9.96072747e-01
1.95000000e+01 1.15324512e+00 1.00301748e+00 6.61043221e-03 1.01623834e+00 9.96407048e-01
1.96000000e+01 1.14222060e+00 1.00276565e+00 5.99561497e-03 1.01475688e+00 9.96770031e-01
1.97000000e+01 1.12983913e+00 1.00249141e+00 5.33376885e-03 1.01315894e+00 9.97157637e-01
1.98000000e+01 1.11635077e+00 1.00219837e+00 4.63272210e-03 1.01146381e+00 9.97565644e-01
1.99000000e+01 1.10200544e+00 1.00189020e+00 3.90049089e-03 1.00969118e+00 9.97989709e-01
2.00000000e+01 1.08704640e+00 1.00157060e+00 3.14518691e-03 1.00786097e+00 9.98425412e-01
2.01000000e+01 1.07170492e+00 1.00124323e+00 2.37492837e-03 1.00599308e+00 9.98868297e-01
2.02000000e+01 1.05619632e+00 1.00091167e+00 1.59775532e-03 1.00410718e+00 9.99313916e-01
2.03000000e+01 1.04071732e+00 1.00057942e+00 8.21550362e-04 1.00222252e+00 9.99757868e-01
2.04000000e+01 1.02544451e+00 1.00024981e+00 5.39650006e-05 1.00035774e+00 1.00019584e+00
2.05000000e+01 1.01053377e+00 9.99926014e-01 -6.97647584e-04 9.98530719e-01 1.00062366e+00
2.06000000e+01 9.96120590e-01 9.99611019e-01 -1.42629330e-03 9.96758433e-01 1.00103731e+00
2.07000000e+01 9.82320851e-01 9.99307599e-01 -2.12539120e-03 9.95056817e-01 1.00143299e+00
2.08000000e+01 9.69232145e-01 9.99018308e-01 -2.78882084e-03 9.93440666e-01 1.00180713e+00
2.09000000e+01 9.56935299e-01 9.98745468e-01 -3.41096304e-03 9.91923542e-01 1.00215643e+00
2.10000000e+01 9.45496051e-01 9.98491167e-01 -3.98673417e-03 9.90517699e-01 1.00247790e+00
2.11000000e+01 9.34966768e-01 9.98257254e-01 -4.51161433e-03 9.89234025e-01 1.00276887e+00
2.12000000e+01 9.25388121e-01 9.98045337e-01 -4.98166943e-03 9.88081998e-01 1.00302701e+00
2.13000000e+01 9.16790652e-01 9.97856786e-01 -5.39356778e-03 9.87069650e-01 1.00325035e+00
2.14000000e+01 9.09196221e-01 9.97692735e-01 -5.74459126e-03 9.86203553e-01 1.00343733e+00
2.15000000e+01 9.02619280e-01 9.97554089e-01 -6.03264148e-03 9.85488806e-01 1.00358673e+00
2.16000000e+01 8.97067989e-01 9.97441522e-01 -6.25624118e-03 9.84929039e-01 1.00369776e+00
2.17000000e+01 8.92545148e-01 9.97355486e-01 -6.41453122e-03 9.84526423e-01 1.00377002e+00
2.18000000e+01 8.89048966e-01 9.97296216e-01 -6.50726324e-03 9.84281689e-01 1.00380348e+00
2.19000000e+01 8.86573656e-01 9.97263732e-01 -6.53478846e-03 9.84194155e-01 1.00379852e+00
2.20000000e+01 8.85109879e-01 9.97257845e-01 -6.49804254e-03 9.84261760e-01 1.00375589e+00
2.21000000e+01 8.84645037e-01 9.97278162e-01 -6.39852696e-03 9.84481108e-01 1.00367669e+00
2.22000000e+01 8.85163431e-01 9.97324089e-01 -6.23828680e-03 9.84847516e-01 1.00356238e+00
2.23000000e+01 8.86646287e-01 9.97394837e-01 -6.01988518e-03 9.85355066e-01 1.00341472e+00
2.24000000e+01 8.89071674e-01 9.97489423e-01 -5.74637457e-03 9.85996674e-01 1.00323580e+00
2.25000000e+01 8.92414310e-01 9.97606683e-01 -5.42126477e-03 9.86764153e-01 1.00302795e+00
2.26000000e+01 8.96645280e-01 9.97745268e-01 -5.04848806e-03 9.87648292e-01 1.00279376e+00
2.27000000e+01 9.01731673e-01 9.97903660e-01 -4.63236125e-03 9.88638938e-01 1.00253602e+00
2.28000000e+01 9.07636156e-01 9.98080176e-01 -4.17754505e-03 9.89725086e-01 1.00225772e+00
2.29000000e+01 9.14316501e-01 9.98272980e-01 -3.68900071e-03 9.90894978e-01 1.00196198e+00
2.30000000e+01 9.21725079e-01 9.98480091e-01 -3.17194419e-03 9.92136202e-01 1.00165203e+00
2.31000000e+01 9.29808364e-01 9.98699402e-01 -2.63179805e-03 9.93435806e-01 1.00133120e+00
2.32000000e+01 9.38506443e-01 9.98928693e-01 -2.07414136e-03 9.94780411e-01 1.00100283e+00
2.33000000e+01 9.47752593e-01 9.99165650e-01 -1.50465781e-03 9.96156335e-01 1.00067031e+00
2.34000000e+01 9.57472945e-01 9.99407884e-01 -9.29082542e-04 9.97549719e-01 1.00033697e+00
2.35000000e+01 9.67586272e-01 9.99652951e-01 -3.53147948e-04 9.98946656e-01 1.00000610e+00
2.36000000e+01 9.78003951e-01 9.99898383e-01 2.17470950e-04 1.00033333e+00 9.99680912e-01
2.37000000e+01 9.88630129e-01 1.00014171e+00 7.77211135e-04 1.00169613e+00 9.99364495e-01
2.38000000e+01 9.99362148e-01 1.00038047e+00 1.32067562e-03 1.00302182e+00 9.99059793e-01
2.39000000e+01 1.01009124e+00 1.00061227e+00 1.84268628e-03 1.00429764e+00 9.98769585e-01
2.40000000e+01 1.02070356e+00 1.00083479e+00 2.33833485e-03 1.00551146e+00 9.98496460e-01
2.41000000e+01 1.03108151e+00 1.00104582e+00 2.80303145e-03 1.00665189e+00 9.98242791e-01
2.42000000e+01 1.04110540e+00 1.00124327e+00 3.23254996e-03 1.00770837e+00 9.98010724e-01
2.43000000e+01 1.05065547e+00 1.00142523e+00 3.62306961e-03 1.00867137e+00 9.97802156e-01
2.44000000e+01 1.05961406e+00 1.00158994e+00 3.97121224e-03 1.00953236e+00 9.97618727e-01
2.45000000e+01 1.06786814e+00 1.00173588e+00 4.27407452e-03 1.01028403e+00 9.97461803e-01
2.46000000e+01 1.07531179e+00 1.00186173e+00 4.52925477e-03 1.01092024e+00 9.97332474e-01
2.47000000e+01 1.08184880e+00 1.00196642e+00 4.73487395e-03 1.01143617e+00 9.97231547e-01
2.48000000e+01 1.08739516e+00 1.00204913e+00 4.88959032e-03 1.01182831e+00 9.97159540e-01
2.49000000e+01 1.09188130e+00 1.00210930e+00 4.99260784e-03 1.01209451e+00 9.97116688e-01
2.50000000e+01 1.09525396e+00 1.00214662e+00 5.04367788e-03 1.01223397e+00 9.97102940e-01
2.51000000e+01 1.09747770e+00 1.00216106e+00 5.04309451e-03 1.01224725e+00 9.97117968e-01
2.52000000e+01 1.09853579e+00 1.00215285e+00 4.99168330e-03 1.01213622e+00 9.97161170e-01
2.53000000e+01 1.09843056e+00 1.00212247e+00 4.89078397e-03 1.01190404e+00 9.97231687e-01
2.54000000e+01 1.09718319e+00 1.00207063e+00 4.74222721e-03 1.01155509e+00 9.97328408e-01
2.55000000e+01 1.09483282e+00 1.00199829e+00 4.54830606e-03 1.01109490e+00 9.97449986e-01
2.56000000e+01 1.09143523e+00 1.00190660e+00 4.31174244e-03 1.01053008e+00 9.97594856e-01
2.57000000e+01 1.08706100e+00 1.00179690e+00 4.03564936e-03 1.00986820e+00 9.97761252e-01
2.58000000e+01 1.08179336e+00 1.00167071e+00 3.72348949e-03 1.00911769e+00 9.97947224e-01
2.59000000e+01 1.07572581e+00 1.00152969e+00 3.37903075e-03 1.00828776e+00 9.98150664e-01
2.60000000e+01 1.06895957e+00 1.00137562e+00 3.00629965e-03 1.00738822e+00 9.98369321e-01
2.61000000e+01 1.06160111e+00 1.00121036e+00 2.60953300e-03 1.00642943e+00 9.98600831e-01
2.62000000e+01 1.05375971e+00 1.00103587e+00 2.19312877e-03 1.00542212e+00 9.98842737e-01
2.63000000e+01 1.04554523e+00 1.00085411e+00 1.76159668e-03 1.00437730e+00 9.99092513e-01
2.64000000e+01 1.03706612e+00 1.00066710e+00 1.31950922e-03 1.00330612e+00 9.99347595e-01
2.65000000e+01 1.02842768e+00 1.00047685e+00 8.71453537e-04 1.00221976e+00 9.99605397e-01
2.66000000e+01 1.01973068e+00 1.00028533e+00 4.21984839e-04 1.00112930e+00 9.99863346e-01
2.67000000e+01 1.01107023e+00 1.00009448e+00 -2.44182841e-05 1.00004564e+00 1.00011890e+00
2.68000000e+01 1.00253498e+00 9.99906172e-01 -4.63396266e-04 9.98979379e-01 1.00036957e+00
2.69000000e+01 9.94206534e-01 9.99722204e-01 -8.90748314e-04 9.97940708e-01 1.00061295e+00
2.70000000e+01 9.86159186e-01 9.99544282e-01 -1.30246927e-03 9.96939343e-01 1.00084675e+00
2.71000000e+01 9.78459778e-01 9.99374005e-01 -1.69478335e-03 9.95984439e-01 1.00106879e+00
2.72000000e+01 9.71167764e-01 9.99212860e-01 -2.06417463e-03 9.95084511e-01 1.00127703e+00
2.73000000e+01 9.64335396e-01 9.99062207e-01 -2.40741413e-03 9.94247379e-01 1.00146962e+00
2.74000000e+01 9.58007997e-01 9.98923279e-01 -2.72158352e-03 9.93480112e-01 1.00164486e+00
2.75000000e+01 9.52224303e-01 9.98797168e-01 -3.00409526e-03 9.92788977e-01 1.00180126e+00
2.76000000e+01 9.47016841e-01 9.98684829e-01 -3.25270938e-03 9.92179410e-01 1.00193754e+00
2.77000000e+01 9.42412322e-01 9.98587072e-01 -3.46554672e-03 9.91655979e-01 1.00205262e+00
2.78000000e+01 9.38432024e-01 9.98504561e-01 -3.64109888e-03 9.91222363e-01 1.00214566e+00
2.79000000e+01 9.35092159e-01 9.98437813e-01 -3.77823475e-03 9.90881343e-01 1.00221605e+00
2.80000000e+01 9.32404210e-01 9.98387198e-01 -3.87620388e-03 9.90634790e-01 1.00226340e+00
2.81000000e+01 9.30375222e-01 9.98352940e-01 -3.93463656e-03 9.90483667e-01 1.00228758e+00
2.82000000e+01 9.29008057e-01 9.98335118e-01 -3.95354099e-03 9.90428036e-01 1.00228866e+00
2.83000000e+01 9.28301592e-01 9.98333666e-01 -3.93329729e-03 9.90467071e-01 1.00226696e+00
2.84000000e+01 9.28250876e-01 9.98348378e-01 -3.87464875e-03 9.90599081e-01 1.00222303e+00
2.85000000e+01 9.28847234e-01 9.98378911e-01 -3.77869022e-03 9.90821530e-01 1.00215760e+00
2.86000000e+01 9.30078328e-01 9.98424785e-01 -3.64685388e-03 9.91131077e-01 1.00207164e+00
2.87000000e+01 9.31928176e-01 9.98485393e-01 -3.48089238e-03 9.91523608e-01 1.00196629e+00
2.88000000e+01 9.34377137e-01 9.98560000e-01 -3.28285954e-03 9.91994281e-01 1.00184286e+00
2.89000000e+01 9.37401864e-01 9.98647755e-01 -3.05508876e-03 9.92537577e-01 1.00170284e+00
2.90000000e+01 9.40975240e-01 9.98747691e-01 -2.80016918e-03 9.93147352e-01 1.00154786e+00
2.91000000e+01 9.45066304e-01 9.98858737e-01 -2.52091981e-03 9.93816898e-01 1.00137966e+00
2.92000000e+01 9.49640169e-01 9.98979728e-01 -2.22036175e-03 9.94539004e-01 1.00120009e+00
2.93000000e+01 9.54657964e-01 9.99109407e-01 -1.90168879e-03 9.95306029e-01 1.00101110e+00
2.94000000e+01 9.60076794e-01 9.99246443e-01 -1.56823640e-03 9.96109970e-01 1.00081468e+00
2.95000000e+01 9.65849736e-01 9.99389438e-01 -1.22344950e-03 9.96942539e-01 1.00061289e+00
2.96000000e+01 9.71925901e-01 9.99536944e-01 -8.70849165e-04 9.97795246e-01 1.00040779e+00
2.97000000e+01 9.78250549e-01 9.99687469e-01 -5.13998607e-04 9.98659472e-01 1.00020147e+00
2.98000000e+01 9.84765302e-01 9.99839497e-01 -1.56468629e-04 9.99526560e-01 9.99995966e-01
2.99000000e+01 9.91408444e-01 9.99991502e-01 1.98197059e-04 1.00038790e+00 9.99793305e-01
3.00000000e+01 9.98115328e-01 1.00014196e+00 5.46516354e-04 1.00123499e+00 9.99595444e-01
3.01000000e+01 1.00481890e+00 1.00028937e+00 8.85102774e-04 1.00205958e+00 9.99404269e-01
3.02000000e+01 1.01145035e+00 1.00043227e+00 1.21069859e-03 1.00285367e+00 9.99221571e-01
3.03000000e+01 1.01793987e+00 1.00056924e+00 1.52020670e-03 1.00360965e+00 9.99049033e-01
3.04000000e+01 1.02421750e+00 1.00069894e+00 1.81072097e-03 1.00432038e+00 9.98888215e-01
3.05000000e+01 1.03021417e+00 1.00082010e+00 2.07955450e-03 1.00497920e+00 9.98740541e-01
3.06000000e+01 1.03586269e+00 1.00093155e+00 2.32426563e-03 1.00558008e+00 9.98607288e-01
3.07000000e+01 1.04109886e+00 1.00103225e+00 2.54268138e-03 1.00611762e+00 9.98489572e-01
3.08000000e+01 1.04586267e+00 1.00112126e+00 2.73291779e-03 1.00658710e+00 9.98388344e-01
3.09000000e+01 1.05009933e+00 1.00119778e+00 2.89339718e-03 1.00698457e+00 9.98304382e-01
3.10000000e+01 1.05376042e+00 1.00126115e+00 3.02286194e-03 1.00730687e+00 9.98238283e-01
3.11000000e+01 1.05680480e+00 1.00131085e+00 3.12038470e-03 1.00755162e+00 9.98190466e-01
3.12000000e+01 1.05919950e+00 1.00134654e+00 3.18537478e-03 1.00771729e+00 9.98161163e-01
3.13000000e+01 1.06092039e+00 1.00136801e+00 3.21758080e-03 1.00780317e+00 9.98150426e-01
3.14000000e+01 1.06195267e+00 1.00137521e+00 3.21708955e-03 1.00780939e+00 9.98158123e-01
3.15000000e+01 1.06229113e+00 1.00136827e+00 3.18432100e-03 1.00773691e+00 9.98183945e-01
3.16000000e+01 1.06194019e+00 1.00134743e+00 3.12001966e-03 1.00758747e+00 9.98227412e-01
3.17000000e+01 1.06091375e+00 1.00131312e+00 3.02524243e-03 1.00736360e+00 9.98287877e-01
3.18000000e+01 1.05923473e+00 1.00126588e+00 2.90134313e-03 1.00706856e+00 9.98364535e-01
3.19000000e+01 1.05693453e+00 1.00120639e+00 2.74995396e-03 1.00670630e+00 9.98456434e-01
3.20000000e+01 1.05405217e+00 1.00113545e+00 2.57296418e-03 1.00628138e+00 9.98562483e-01
3.21000000e+01 1.05063343e+00 1.00105396e+00 2.37249632e-03 1.00579896e+00 9.98681468e-01
3.22000000e+01 1.04672980e+00 1.00096294e+00 2.15088035e-03 1.00526470e+00 9.98812062e-01
3.23000000e+01 1.04239738e+00 1.00086346e+00 1.91062605e-03 1.00468472e+00 9.98952838e-01
3.24000000e+01 1.03769577e+00 1.00075668e+00 1.65439404e-03 1.00406547e+00 9.99102290e-01
3.25000000e+01 1.03268695e+00 1.00064381e+00 1.38496584e-03 1.00341374e+00 9.99258840e-01
3.26000000e+01 1.02743425e+00 1.00052607e+00 1.10521333e-03 1.00273650e+00 9.99420861e-01
3.27000000e+01 1.02200127e+00 1.00040476e+00 8.18067976e-04 1.00204089e+00 9.99586690e-01
3.28000000e+01 1.01645106e+00 1.00028113e+00 5.26490172e-04 1.00133411e+00 9.99754644e-01
3.29000000e+01 1.01084524e+00 1.00015648e+00 2.33439019e-04 1.00062336e+00 9.99923039e-01
3.30000000e+01 1.00524334e+00 1.00003205e+00 -5.81571180e-05 9.99915735e-01 1.00009021e+00
3.31000000e+01 9.99702234e-01 9.99909075e-01 -3.45429030e-04 9.99218217e-01 1.00025450e+00
3.32000000e+01 9.94275610e-01 9.99788748e-01 -6.25593795e-04 9.98537560e-01 1.00041434e+00
3.33000000e+01 9.89013661e-01 9.99672206e-01 -8.95980389e-04 9.97880246e-01 1.00056819e+00
3.34000000e+01 9.83962797e-01 9.99560531e-01 -1.15405360e-03 9.97252423e-01 1.00071458e+00
3.35000000e+01 9.79165471e-01 9.99454732e-01 -1.39743609e-03 9.96659860e-01 1.00085217e+00
3.36000000e+01 9.74660077e-01 9.99355748e-01 -1.62392840e-03 9.96107891e-01 1.00097968e+00
3.37000000e+01 9.70480911e-01 9.99264432e-01 -1.83152692e-03 9.95601378e-01 1.00109596e+00
3.38000000e+01 9.66658179e-01 9.99181551e-01 -2.01843956e-03 9.95144672e-01 1.00119999e+00
3.39000000e+01 9.63218046e-01 9.99107780e-01 -2.18309929e-03 9.94741581e-01 1.00129088e+00
3.40000000e+01 9.60182719e-01 9.99043697e-01 -2.32417525e-03 9.94395347e-01 1.00136787e+00
3.41000000e+01 9.57570536e-01 9.98989785e-01 -2.44058163e-03 9.94108621e-01 1.00143037e+00
3.42000000e+01 9.55396076e-01 9.98946422e-01 -2.53148415e-03 9.93883453e-01 1.00147791e+00
3.43000000e+01 9.53670262e-01 9.98913887e-01 -2.59630429e-03 9.93721278e-01 1.00151019e+00
3.44000000e+01 9.52400470e-01 9.98892355e-01 -2.63472112e-03 9.93622913e-01 1.00152708e+00
3.45000000e+01 9.51590628e-01 9.98881900e-01 -2.64667100e-03 9.93588558e-01 1.00152857e+00
3.46000000e+01 9.51241298e-01 9.98882495e-01 -2.63234489e-03 9.93617805e-01 1.00151484e+00
3.47000000e+01 9.51349758e-01 9.98894009e-01 -2.59218364e-03 9.93709642e-01 1.00148619e+00
3.48000000e+01 9.51910063e-01 9.98916217e-01 -2.52687107e-03 9.93862475e-01 1.00144309e+00
3.49000000e+01 9.52913100e-01 9.98948797e-01 -2.43732508e-03 9.94074147e-01 1.00138612e+00
3.50000000e+01 9.54346628e-01 9.98991334e-01 -2.32468674e-03 9.94341960e-01 1.00131602e+00
3.51000000e+01 9.56195315e-01 9.99043325e-01 -2.19030759e-03 9.94662710e-01 1.00123363e+00
3.52000000e+01 9.58440776e-01 9.99104183e-01 -2.03573511e-03 9.95032713e-01 1.00113992e+00
3.53000000e+01 9.61061597e-01 9.99173244e-01 -1.86269662e-03 9.95447850e-01 1.00103594e+00
3.54000000e+01 9.64033385e-01 9.99249768e-01 -1.67308156e-03 9.95903605e-01 1.00092285e+00
3.55000000e+01 9.67328818e-01 9.99332951e-01 -1.46892251e-03 9.96395106e-01 1.00080187e+00
3.56000000e+01 9.70917713e-01 9.99421930e-01 -1.25237480e-03 9.96917180e-01 1.00067430e+00
3.57000000e+01 9.74767126e-01 9.99515788e-01 -1.02569524e-03 9.97464398e-01 1.00054148e+00
3.58000000e+01 9.78841477e-01 9.99613568e-01 -7.91219777e-04 9.98031129e-01 1.00040479e+00
3.59000000e+01 9.83102722e-01 9.99714277e-01 -5.51340528e-04 9.98611596e-01 1.00026562e+00
3.60000000e+01 9.87510552e-01 9.99816897e-01 -3.08482296e-04 9.99199932e-01 1.00012538e+00
3.61000000e+01 9.92022663e-01 9.99920395e-01 -6.50787516e-05 9.99790238e-01 9.99985474e-01
3.62000000e+01 9.96595062e-01 1.00002373e+00 1.76451444e-04 1.00037664e+00 9.99847283e-01
3.63000000e+01 1.00118243e+00 1.00012588e+00 4.13728374e-04 1.00095334e+00 9.99712154e-01
3.64000000e+01 1.00573856e+00 1.00022582e+00 6.44434204e-04 1.00151469e+00 9.99581390e-01
3.65000000e+01 1.01021681e+00 1.00032257e+00 8.66335905e-04 1.00205524e+00 9.99456233e-01
3.66000000e+01 1.01457066e+00 1.00041516e+00 1.07730709e-03 1.00256978e+00 9.99337857e-01
3.67000000e+01 1.01875425e+00 1.00050271e+00 1.27534877e-03 1.00305340e+00 9.99227357e-01
3.68000000e+01 1.02272300e+00 1.00058434e+00 1.45860874e-03 1.00350156e+00 9.99125735e-01
3.69000000e+01 1.02643423e+00 1.00065930e+00 1.62539941e-03 1.00391010e+00 9.99033898e-01
3.70000000e+01 1.02984781e+00 1.00072686e+00 1.77421393e-03 1.00427528e+00 9.98952642e-01
3.71000000e+01 1.03292676e+00 1.00078640e+00 1.90374024e-03 1.00459388e+00 9.98882655e-01
3.72000000e+01 1.03563784e+00 1.00083738e+00 2.01287315e-03 1.00486312e+00 9.98824503e-01
3.73000000e+01 1.03795214e+00 1.00087936e+00 2.10072401e-03 1.00508080e+00 9.98778633e-01
3.74000000e+01 1.03984551e+00 1.00091199e+00 2.16662812e-03 1.00524525e+00 9.98745363e-01
3.75000000e+01 1.04129905e+00 1.00093504e+00 2.21014964e-03 1.00535534e+00 9.98724887e-01
3.76000000e+01 1.04229937e+00 1.00094835e+00 2.23108400e-03 1.00541052e+00 9.98717271e-01
3.77000000e+01 1.04283880e+00 1.00095191e+00 2.22945774e-03 1.00541083e+00 9.98722453e-01
3.78000000e+01 1.04291557e+00 1.00094577e+00 2.20552599e-03 1.00535682e+00 9.98740246e-01
3.79000000e+01 1.04253370e+00 1.00093011e+00 2.15976734e-03 1.00524965e+00 9.98770344e-01
3.80000000e+01 1.04170296e+00 1.00090520e+00 2.09287643e-03 1.00509095e+00 9.98812321e-01
3.81000000e+01 1.04043860e+00 1.00087139e+00 2.00575431e-03 1.00488290e+00 9.98865640e-01
3.82000000e+01 1.03876100e+00 1.00082915e+00 1.89949665e-03 1.00462815e+00 9.98929658e-01
3.83000000e+01 1.03669529e+00 1.00077901e+00 1.77538004e-03 1.00432977e+00 9.99003633e-01
3.84000000e+01 1.03427081e+00 1.00072158e+00 1.63484656e-03 1.00399127e+00 9.99086733e-01
3.85000000e+01 1.03152058e+00 1.00065753e+00 1.47948680e-03 1.00361650e+00 9.99178044e-01
3.86000000e+01 1.02848069e+00 1.00058760e+00 1.31102163e-03 1.00320965e+00 9.99276582e-01
3.87000000e+01 1.02518970e+00 1.00051258e+00 1.13128279e-03 1.00277515e+00 9.99381299e-01
3.88000000e+01 1.02168797e+00 1.00043329e+00 9.42192776e-04 1.00231768e+00 9.99491099e-01
3.89000000e+01 1.01801710e+00 1.00035059e+00 7.45744073e-04 1.00184208e+00 9.99604844e-01
3.90000000e+01 1.01421931e+00 1.00026535e+00 5.43978049e-04 1.00135330e+00 9.99721369e-01
3.91000000e+01 1.01033686e+00 1.00017846e+00 3.38963752e-04 1.00085638e+00 9.99839493e-01
3.92000000e+01 1.00641158e+00 1.00009081e+00 1.32776817e-04 1.00035636e+00 9.99958031e-01
3.93000000e+01 1.00248436e+00 1.00000328e+00 -7.25212910e-05 9.99858239e-01 1.00007580e+00
3.94000000e+01 9.98594773e-01 9.99916747e-01 -2.74903491e-04 9.99366940e-01 1.00019165e+00
3.95000000e+01 9.94780706e-01 9.99832045e-01 -4.72396585e-04 9.98887252e-01 1.00030444e+00
3.96000000e+01 9.91078051e-01 9.99749989e-01 -6.63099847e-04 9.98423789e-01 1.00041309e+00
3.97000000e+01 9.87520467e-01 9.99671351e-01 -8.45202563e-04 9.97980946e-01 1.00051655e+00
3.98000000e+01 9.84139179e-01 9.99596858e-01 -1.01700038e-03 9.97562857e-01 1.00061386e+00
3.99000000e+01 9.80962826e-01 9.99527188e-01 -1.17691034e-03 9.97173367e-01 1.00070410e+00
4.00000000e+01 9.78017346e-01 9.99462960e-01 -1.32348449e-03 9.96815991e-01 1.00078644e+00
4.01000000e+01 9.75325904e-01 9.99404735e-01 -1.45542200e-03 9.96493891e-01 1.00086016e+00
4.02000000e+01 9.72908837e-01 9.99353005e-01 -1.57157970e-03 9.96209846e-01 1.00092458e+00
4.03000000e+01 9.70783638e-01 9.99308199e-01 -1.67098100e-03 9.95966237e-01 1.00097918e+00
4.04000000e+01 9.68964947e-01 9.99270670e-01 -1.75282309e-03 9.95765024e-01 1.00102349e+00
4.05000000e+01 9.67464565e-01 9.99240703e-01 -1.81648254e-03 9.95607738e-01 1.00105719e+00
4.06000000e+01 9.66291475e-01 9.99218507e-01 -1.86151907e-03 9.95495468e-01 1.00108003e+00
4.07000000e+01 9.65451874e-01 9.99204213e-01 -1.88767771e-03 9.95428858e-01 1.00109189e+00
4.08000000e+01 9.64949203e-01 9.99197882e-01 -1.89488920e-03 9.95408103e-01 1.00109277e+00
4.09000000e+01 9.64784191e-01 9.99199495e-01 -1.88326869e-03 9.95432958e-01 1.00108276e+00
4.10000000e+01 9.64954891e-01 9.99208964e-01 -1.85311288e-03 9.95502738e-01 1.00106208e+00
4.11000000e+01 9.65456727e-01 9.99226123e-01 -1.80489545e-03 9.95616332e-01 1.00103102e+00
4.12000000e+01 9.66282533e-01 9.99250739e-01 -1.73926096e-03 9.95772217e-01 1.00099000e+00
4.13000000e+01 9.67422601e-01 9.99282510e-01 -1.65701731e-03 9.95968475e-01 1.00093953e+00
4.14000000e+01 9.68864733e-01 9.99321068e-01 -1.55912664e-03 9.96202815e-01 1.00088019e+00
4.15000000e+01 9.70594295e-01 9.99365983e-01 -1.44669506e-03 9.96472593e-01 1.00081268e+00
4.16000000e+01 9.72594286e-01 9.99416769e-01 -1.32096095e-03 9.96774847e-01 1.00073773e+00
4.17000000e+01 9.74845408e-01 9.99472885e-01 -1.18328217e-03 9.97106321e-01 1.00065617e+00
4.18000000e+01 9.77326162e-01 9.99533743e-01 -1.03512228e-03 9.97463499e-01 1.00056887e+00
4.19000000e+01 9.80012952e-01 9.99598712e-01 -8.78035717e-04 9.97842641e-01 1.00047675e+00
4.20000000e+01 9.82880213e-01 9.99667125e-01 -7.13652202e-04 9.98239820e-01 1.00038078e+00
4.21000000e+01 9.85900563e-01 9.99738282e-01 -5.43660522e-04 9.98650961e-01 1.00028194e+00
4.22000000e+01 9.89044980e-01 9.99811462e-01 -3.69791733e-04 9.99071878e-01 1.00018125e+00
4.23000000e+01 9.92283008e-01 9.99885925e-01 -1.93802012e-04 9.99498321e-01 1.00007973e+00
4.24000000e+01 9.95582992e-01 9.99960924e-01 -1.74552937e-05 9.99926013e-01 9.99978379e-01
4.25000000e+01 9.98912346e-01 1.00003571e+00 1.57494140e-04 1.00035070e+00 9.99878213e-01
4.26000000e+01 1.00223785e+00 1.00010953e+00 3.29318950e-04 1.00076817e+00 9.99780209e-01
4.27000000e+01 1.00552597e+00 1.00018166e+00 4.96335731e-04 1.00117433e+00 9.99685320e-01
4.28000000e+01 1.00874321e+00 1.00025138e+00 6.56921544e-04 1.00156522e+00 9.99594454e-01
4.29000000e+01 1.01185652e+00 1.00031800e+00 8.09529799e-04 1.00193706e+00 9.99508474e-01
4.30000000e+01 1.01483362e+00 1.00038089e+00 9.52705336e-04 1.00228630e+00 9.99428185e-01
4.31000000e+01 1.01764348e+00 1.00043943e+00 1.08509854e-03 1.00260962e+00 9.99354328e-01
4.32000000e+01 1.02025668e+00 1.00049305e+00 1.20547833e-03 1.00290401e+00 9.99287573e-01
4.33000000e+01 1.02264580e+00 1.00054126e+00 1.31274388e-03 1.00316674e+00 9.99228513e-01
4.34000000e+01 1.02478585e+00 1.00058360e+00 1.40593493e-03 1.00339547e+00 9.99177662e-01
4.35000000e+01 1.02665461e+00 1.00061969e+00 1.48424064e-03 1.00358817e+00 9.99135446e-01
4.36000000e+01 1.02823294e+00 1.00064921e+00 1.54700676e-03 1.00374322e+00 9.99102202e-01
4.37000000e+01 1.02950511e+00 1.00067192e+00 1.59374119e-03 1.00385940e+00 9.99078178e-01
4.38000000e+01 1.03045898e+00 1.00068764e+00 1.62411771e-03 1.00393588e+00 9.99063525e-01
4.39000000e+01 1.03108623e+00 1.00069628e+00 1.63797804e-03 1.00397224e+00 9.99058302e-01
4.40000000e+01 1.03138243e+00 1.00069781e+00 1.63533201e-03 1.00396847e+00 9.99062477e-01
4.41000000e+01 1.03134713e+00 1.00069228e+00 1.61635600e-03 1.00392499e+00 9.99075923e-01
4.42000000e+01 1.03098381e+00 1.00067981e+00 1.58138962e-03 1.00384259e+00 9.99098423e-01
4.43000000e+01 1.03029978e+00 1.00066060e+00 1.53093069e-03 1.00372247e+00 9.99129673e-01
4.44000000e+01 1.02930608e+00 1.00063492e+00 1.46562858e-03 1.00356617e+00 9.99169287e-01
4.45000000e+01 1.02801722e+00 1.00060307e+00 1.38627604e-03 1.00337563e+00 9.99216798e-01
4.46000000e+01 1.02645095e+00 1.00056547e+00 1.29379965e-03 1.00315307e+00 9.99271667e-01
4.47000000e+01 1.02462792e+00 1.00052253e+00 1.18924887e-03 1.00290103e+00 9.99333285e-01
4.48000000e+01 1.02257136e+00 1.00047477e+00 1.07378406e-03 1.00262234e+00 9.99400984e-01
4.49000000e+01 1.02030670e+00 1.00042270e+00 9.48663433e-04 1.00232003e+00 9.99474039e-01
4.50000000e+01 1.01786115e+00 1.00036691e+00 8.15229197e-04 1.00199737e+00 9.99551682e-01
4.51000000e+01 1.01526335e+00 1.00030799e+00 6.74892997e-04 1.00165778e+00 9.99633102e-01
4.52000000e+01 1.01254293e+00 1.00024658e+00 5.29120884e-04 1.00130482e+00 9.99717459e-01
4.53000000e+01 1.00973012e+00 1.00018331e+00 3.79417931e-04 1.00094215e+00 9.99803893e-01
4.54000000e+01 1.00685542e+00 1.00011884e+00 2.27312693e-04 1.00057347e+00 9.99891528e-01
4.55000000e+01 1.00394916e+00 1.00005383e+00 7.43416560e-05 1.00020251e+00 9.99979485e-01
4.56000000e+01 1.00104125e+00 9.99988921e-01 -7.79661410e-05 9.99832989e-01 1.00006689e+00
4.57000000e+01 9.98160845e-01 9.99924768e-01 -2.28104186e-04 9.99468560e-01 1.00015287e+00
4.58000000e+01 9.95336053e-01 9.99861995e-01 -3.74603113e-04 9.99112789e-01 1.00023660e+00
4.59000000e+01 9.92593731e-01 9.99801208e-01 -5.16044728e-04 9.98769118e-01 1.00031725e+00
4.60000000e+01 9.89959258e-01 9.99742984e-01 -6.51075331e-04 9.98440834e-01 1.00039406e+00
4.61000000e+01 9.87456363e-01 9.99687871e-01 -7.78418204e-04 9.98131034e-01 1.00046629e+00
4.62000000e+01 9.85106974e-01 9.99636376e-01 -8.96885181e-04 9.97842605e-01 1.00053326e+00
4.63000000e+01 9.82931100e-01 9.99588967e-01 -1.00538719e-03 9.97578193e-01 1.00059435e+00
4.64000000e+01 9.80946734e-01 9.99546067e-01 -1.10294372e-03 9.97340179e-01 1.00064901e+00
4.65000000e+01 9.79169779e-01 9.99508049e-01 -1.18869113e-03 9.97130667e-01 1.00069674e+00
4.66000000e+01 9.77613990e-01 9.99475238e-01 -1.26188969e-03 9.96951459e-01 1.00073713e+00
4.67000000e+01 9.76290946e-01 9.99447903e-01 -1.32192949e-03 9.96804044e-01 1.00076983e+00
4.68000000e+01 9.75210015e-01 9.99426260e-01 -1.36833494e-03 9.96689590e-01 1.00079459e+00
4.69000000e+01 9.74378353e-01 9.99410466e-01 -1.40076804e-03 9.96608930e-01 1.00081123e+00
4.70000000e+01 9.73800898e-01 9.99400624e-01 -1.41903030e-03 9.96562564e-01 1.00081965e+00
4.71000000e+01 9.73480382e-01 9.99396778e-01 -1.42306337e-03 9.96550651e-01 1.00081984e+00
