# k S000 S110 S112 S10 S11
0.00000000e+00 9.37890625e-02 1.35795599e+01 -6.78769703e+00 4.16581444e-03 2.03672569e+01
1.00000000e-01 9.38608646e-02 1.32975607e+01 -6.64669604e+00 4.16857437e-03 1.99442567e+01
2.00000000e-01 9.40766496e-02 1.25188156e+01 -6.25731937e+00 4.17686680e-03 1.87761350e+01
3.00000000e-01 9.44375570e-02 1.14086152e+01 -5.70221225e+00 4.19073020e-03 1.71108275e+01
4.00000000e-01 9.49454985e-02 1.01536514e+01 -5.07472060e+00 4.21022889e-03 1.52283720e+01
5.00000000e-01 9.56031767e-02 8.90216688e+00 -4.44896571e+00 4.23545375e-03 1.33511326e+01
6.00000000e-01 9.64141121e-02 7.74428767e+00 -3.87001057e+00 4.26652303e-03 1.16142982e+01
7.00000000e-01 9.73826781e-02 6.72054927e+00 -3.35812284e+00 4.30358345e-03 1.00786721e+01
8.00000000e-01 9.85141448e-02 5.83927055e+00 -2.91746187e+00 4.34681148e-03 8.75673242e+00
9.00000000e-01 9.98147327e-02 5.09169395e+00 -2.54364877e+00 4.39641503e-03 7.63534272e+00
1.00000000e+00 1.01291676e-01 4.46193530e+00 -2.22874133e+00 4.45263538e-03 6.69067663e+00
1.10000000e+00 1.02953300e-01 3.93250286e+00 -1.96399355e+00 4.51574950e-03 5.89649641e+00
1.20000000e+00 1.04809103e-01 3.48693798e+00 -1.74117596e+00 4.58607268e-03 5.22811394e+00
1.30000000e+00 1.06869864e-01 3.11084027e+00 -1.55308816e+00 4.66396169e-03 4.66392843e+00
1.40000000e+00 1.09147758e-01 2.79207946e+00 -1.39366482e+00 4.74981833e-03 4.18574428e+00
1.50000000e+00 1.11656484e-01 2.52064387e+00 -1.25789989e+00 4.84409351e-03 3.77854376e+00
1.60000000e+00 1.14411427e-01 2.28835690e+00 -1.14170480e+00 4.94729203e-03 3.43006170e+00
1.70000000e+00 1.17429827e-01 2.08857128e+00 -1.04175565e+00 5.05997790e-03 3.13032693e+00
1.80000000e+00 1.20730980e-01 1.91588819e+00 -9.55352705e-01 5.18278057e-03 2.87124089e+00
1.90000000e+00 1.24336468e-01 1.76591673e+00 -8.80300166e-01 5.31640197e-03 2.64621690e+00
2.00000000e+00 1.28270413e-01 1.63507567e+00 -8.14807022e-01 5.46162460e-03 2.44988269e+00
2.10000000e+00 1.32559775e-01 1.52043316e+00 -7.57406918e-01 5.61932086e-03 2.27784008e+00
2.20000000e+00 1.37234689e-01 1.41957870e+00 -7.06894118e-01 5.79046361e-03 2.12647282e+00
2.30000000e+00 1.42328840e-01 1.33052131e+00 -6.62272587e-01 5.97613848e-03 1.99279390e+00
2.40000000e+00 1.47879900e-01 1.25160872e+00 -6.22715579e-01 6.17755790e-03 1.87432430e+00
2.50000000e+00 1.53930017e-01 1.18146318e+00 -5.87533554e-01 6.39607736e-03 1.76899674e+00
2.60000000e+00 1.60526369e-01 1.11893050e+00 -5.56148645e-01 6.63321417e-03 1.67507915e+00
2.70000000e+00 1.67721797e-01 1.06303926e+00 -5.28074294e-01 6.89066921e-03 1.59111355e+00
2.80000000e+00 1.75575512e-01 1.01296822e+00 -5.02898932e-01 7.17035213e-03 1.51586715e+00
2.90000000e+00 1.84153895e-01 9.68020134e-01 -4.80272862e-01 7.47441075e-03 1.44829300e+00
3.00000000e+00 1.93531392e-01 9.27600588e-01 -4.59897661e-01 7.80526534e-03 1.38749825e+00
3.10000000e+00 2.03791515e-01 8.91200818e-01 -4.41517585e-01 8.16564878e-03 1.33271840e+00
3.20000000e+00 2.15027946e-01 8.58383765e-01 -4.24912555e-01 8.55865367e-03 1.28329632e+00
3.30000000e+00 2.27345754e-01 8.28772634e-01 -4.09892423e-01 8.98778790e-03 1.23866506e+00
3.40000000e+00 2.40862706e-01 8.02041518e-01 -3.96292239e-01 9.45704027e-03 1.19833376e+00
3.50000000e+00 2.55710671e-01 7.77907650e-01 -3.83968346e-01 9.97095840e-03 1.16187600e+00
3.60000000e+00 2.72037069e-01 7.56124996e-01 -3.72795127e-01 1.05347415e-02 1.12892012e+00
3.70000000e+00 2.90006326e-01 7.36478925e-01 -3.62662287e-01 1.11543510e-02 1.09914121e+00
3.80000000e+00 3.09801241e-01 7.18781764e-01 -3.53472560e-01 1.18366443e-02 1.07225432e+00
3.90000000e+00 3.31624130e-01 7.02869086e-01 -3.45139776e-01 1.25895344e-02 1.04800886e+00
4.00000000e+00 3.55697574e-01 6.88596585e-01 -3.37587200e-01 1.34221849e-02 1.02618378e+00
4.10000000e+00 3.82264470e-01 6.75837466e-01 -3.30746110e-01 1.43452466e-02 1.00658358e+00
4.20000000e+00 4.11587012e-01 6.64480243e-01 -3.24554548e-01 1.53711466e-02 9.89034792e-01
4.30000000e+00 4.43944069e-01 6.54426897e-01 -3.18956226e-01 1.65144446e-02 9.73383123e-01
4.40000000e+00 4.79626247e-01 6.45591335e-01 -3.13899531e-01 1.77922732e-02 9.59490866e-01
4.50000000e+00 5.18927719e-01 6.37898122e-01 -3.09336618e-01 1.92248860e-02 9.47234741e-01
4.60000000e+00 5.62133705e-01 6.31281448e-01 -3.05222552e-01 2.08363443e-02 9.36504000e-01
4.70000000e+00 6.09502262e-01 6.25684315e-01 -3.01514466e-01 2.26553821e-02 9.27198781e-01
4.80000000e+00 6.61238989e-01 6.21057941e-01 -2.98170717e-01 2.47165060e-02 9.19228658e-01
4.90000000e+00 7.17463370e-01 6.17361382e-01 -2.95149990e-01 2.70614023e-02 9.12511372e-01
5.00000000e+00 7.78166013e-01 6.14561386e-01 -2.92410316e-01 2.97407530e-02 9.06971702e-01
5.10000000e+00 8.43157224e-01 6.12632507e-01 -2.89907953e-01 3.28166007e-02 9.02540460e-01
5.20000000e+00 9.12009389e-01 6.11557545e-01 -2.87596044e-01 3.63654562e-02 8.99153589e-01
5.30000000e+00 9.83998707e-01 6.11328379e-01 -2.85422976e-01 4.04824260e-02 8.96751355e-01
5.40000000e+00 1.05805570e+00 6.11947326e-01 -2.83330287e-01 4.52867525e-02 8.95277612e-01
5.50000000e+00 1.13273793e+00 6.13429203e-01 -2.81249931e-01 5.09293410e-02 8.94679135e-01
5.60000000e+00 1.20624109e+00 6.15804381e-01 -2.79100631e-01 5.76031195e-02 8.94905012e-01
5.70000000e+00 1.27646352e+00 6.19123229e-01 -2.76782867e-01 6.55574952e-02 8.95906096e-01
5.80000000e+00 1.34113302e+00 6.23462610e-01 -2.74171883e-01 7.51188434e-02 8.97634494e-01
5.90000000e+00 1.39799145e+00 6.28935420e-01 -2.71107693e-01 8.67200336e-02 9.00043114e-01
6.00000000e+00 1.44501568e+00 6.35704759e-01 -2.67380494e-01 1.00943771e-01 9.03085253e-01
6.10000000e+00 1.48063768e+00 6.44005329e-01 -2.62708902e-01 1.18587525e-01 9.06714231e-01
6.20000000e+00 1.50391900e+00 6.54176381e-01 -2.56706690e-01 1.40763002e-01 9.10883071e-01
6.30000000e+00 1.51464224e+00 6.66713617e-01 -2.48830610e-01 1.69052397e-01 9.15544227e-01
6.40000000e+00 1.51330109e+00 6.82353158e-01 -2.38296208e-01 2.05760743e-01 9.20649366e-01
6.50000000e+00 1.50099696e+00 7.02211552e-01 -2.23937652e-01 2.54336249e-01 9.26149204e-01
6.60000000e+00 1.47927089e+00 7.28027255e-01 -2.03966143e-01 3.20094969e-01 9.31993398e-01
6.70000000e+00 1.44991027e+00 7.62593148e-01 -1.75537357e-01 4.11518434e-01 9.38130504e-01
6.80000000e+00 1.41476643e+00 8.10563493e-01 -1.33944507e-01 5.42674479e-01 9.44508000e-01
6.90000000e+00 1.37560820e+00 8.80023821e-01 -7.10485516e-02 7.37926718e-01 9.51072373e-01
7.00000000e+00 1.33402211e+00 9.85657254e-01 2.78879707e-02 1.04143320e+00 9.57769284e-01
7.10000000e+00 1.29135821e+00 1.15519034e+00 1.90646541e-01 1.53648342e+00 9.64543800e-01
7.20000000e+00 1.24871321e+00 1.44130597e+00 4.69965273e-01 2.38123651e+00 9.71340695e-01
7.30000000e+00 1.20694009e+00 1.93139049e+00 9.53285671e-01 3.83796184e+00 9.78104823e-01
7.40000000e+00 1.16667350e+00 2.66756395e+00 1.68278240e+00 6.03312875e+00 9.84781544e-01
7.50000000e+00 1.12836263e+00 3.24945382e+00 2.25813661e+00 7.76572703e+00 9.91317212e-01
7.60000000e+00 1.09230561e+00 2.99597554e+00 1.99831584e+00 6.99260721e+00 9.97659703e-01
7.70000000e+00 1.05868179e+00 2.31892692e+00 1.31516794e+00 4.94926281e+00 1.00375897e+00
7.80000000e+00 1.02758016e+00 1.78525568e+00 7.75688037e-01 3.33663175e+00 1.00956764e+00
7.90000000e+00 9.99023043e-01 1.45185737e+00 4.36815826e-01 2.32548902e+00 1.01504154e+00
8.00000000e+00 9.72985259e-01 1.24765696e+00 2.27516634e-01 1.70269022e+00 1.02014032e+00
8.10000000e+00 9.49409177e-01 1.11828361e+00 9.34556846e-02 1.30519498e+00 1.02482793e+00
8.20000000e+00 9.28216205e-01 1.03272674e+00 3.65363422e-03 1.04003400e+00 1.02907310e+00
8.30000000e+00 9.09315399e-01 9.73823796e-01 -5.90259744e-02 8.55771847e-01 1.03284977e+00
8.40000000e+00 8.92609747e-01 9.31815348e-01 -1.04322029e-01 7.23171290e-01 1.03613738e+00
8.50000000e+00 8.78000644e-01 9.00924791e-01 -1.37996312e-01 6.24932166e-01 1.03892110e+00
8.60000000e+00 8.65390966e-01 8.77592314e-01 -1.63599684e-01 5.50392946e-01 1.04119200e+00
8.70000000e+00 8.54687095e-01 8.59542317e-01 -1.83404678e-01 4.92732961e-01 1.04294700e+00
8.80000000e+00 8.45800146e-01 8.45273014e-01 -1.98915814e-01 4.47441386e-01 1.04418883e+00
8.90000000e+00 8.38646591e-01 8.33766263e-01 -2.11159573e-01 4.11447117e-01 1.04492584e+00
9.00000000e+00 8.33148464e-01 8.24316469e-01 -2.20855214e-01 3.82606041e-01 1.04517168e+00
9.10000000e+00 8.29233217e-01 8.16426212e-01 -2.28518767e-01 3.59388678e-01 1.04494498e+00
9.20000000e+00 8.26833355e-01 8.09740584e-01 -2.34528245e-01 3.40684093e-01 1.04426883e+00
9.30000000e+00 8.25885871e-01 8.04004704e-01 -2.39165633e-01 3.25673439e-01 1.04317034e+00
9.40000000e+00 8.26331557e-01 7.99035510e-01 -2.42644533e-01 3.13746443e-01 1.04168004e+00
9.50000000e+00 8.28114200e-01 7.94702603e-01 -2.45128752e-01 3.04445100e-01 1.03983135e+00
9.60000000e+00 8.31179691e-01 7.90914972e-01 -2.46744976e-01 2.97425020e-01 1.03765995e+00
9.70000000e+00 8.35475068e-01 7.87611636e-01 -2.47591553e-01 2.92428530e-01 1.03520319e+00
9.80000000e+00 8.40947492e-01 7.84754954e-01 -2.47744596e-01 2.89265762e-01 1.03249955e+00
9.90000000e+00 8.47543192e-01 7.82325814e-01 -2.47262262e-01 2.87801290e-01 1.02958808e+00
1.00000000e+01 8.55206356e-01 7.80320160e-01 -2.46187710e-01 2.87944741e-01 1.02650787e+00
1.01000000e+01 8.63878018e-01 7.78746519e-01 -2.44551109e-01 2.89644301e-01 1.02329763e+00
1.02000000e+01 8.73494933e-01 7.77624291e-01 -2.42370935e-01 2.92882421e-01 1.01999523e+00
1.03000000e+01 8.83988486e-01 7.76982647e-01 -2.39654703e-01 2.97673241e-01 1.01663735e+00
1.04000000e+01 8.95283642e-01 7.76859931e-01 -2.36399248e-01 3.04061435e-01 1.01325918e+00
1.05000000e+01 9.07297994e-01 7.77303517e-01 -2.32590616e-01 3.12122285e-01 1.00989413e+00
1.06000000e+01 9.19940952e-01 7.78370057e-01 -2.28203587e-01 3.21962883e-01 1.00657364e+00
1.07000000e+01 9.33113105e-01 7.80126140e-01 -2.23200866e-01 3.33724409e-01 1.00332701e+00
1.08000000e+01 9.46705845e-01 7.82649328e-01 -2.17531905e-01 3.47585518e-01 1.00018123e+00
1.09000000e+01 9.60601283e-01 7.86029614e-01 -2.11131370e-01 3.63766873e-01 9.97160985e-01
1.10000000e+01 9.74672536e-01 7.90371302e-01 -2.03917206e-01 3.82536891e-01 9.94288508e-01
1.11000000e+01 9.88784433e-01 7.95795336e-01 -1.95788278e-01 4.04218780e-01 9.91583614e-01
1.12000000e+01 1.00279468e+00 8.02442092e-01 -1.86621587e-01 4.29198919e-01 9.89063678e-01
1.13000000e+01 1.01655554e+00 8.10474613e-01 -1.76269053e-01 4.57936507e-01 9.86743666e-01
1.14000000e+01 1.02991592e+00 8.20082207e-01 -1.64553957e-01 4.90974293e-01 9.84636164e-01
1.15000000e+01 1.04272407e+00 8.31484226e-01 -1.51267212e-01 5.28949803e-01 9.82751437e-01
1.16000000e+01 1.05483053e+00 8.44933634e-01 -1.36163854e-01 5.72605927e-01 9.81097488e-01
1.17000000e+01 1.06609148e+00 8.60719664e-01 -1.18960460e-01 6.22798743e-01 9.79680124e-01
1.18000000e+01 1.07637221e+00 8.79168302e-01 -9.93347332e-02 6.80498836e-01 9.78503036e-01
1.19000000e+01 1.08555066e+00 9.00638534e-01 -7.69293398e-02 7.46779854e-01 9.77567874e-01
1.20000000e+01 1.09352075e+00 9.25511003e-01 -5.13633269e-02 8.22784349e-01 9.76874330e-01
1.21000000e+01 1.10019536e+00 9.54164052e-01 -2.22561686e-02 9.09651715e-01 9.76420221e-01
1.22000000e+01 1.10550883e+00 9.86929980e-01 1.07284056e-02 1.00838679e+00 9.76201574e-01
1.23000000e+01 1.10941873e+00 1.02402242e+00 4.78097115e-02 1.11964185e+00 9.76212711e-01
1.24000000e+01 1.11190694e+00 1.06542552e+00 8.89791769e-02 1.24338387e+00 9.76446341e-01
1.25000000e+01 1.11297979e+00 1.11073992e+00 1.33846282e-01 1.37843249e+00 9.76893642e-01
1.26000000e+01 1.11266743e+00 1.15899496e+00 1.81450596e-01 1.52189615e+00 9.77544364e-01
1.27000000e+01 1.11102239e+00 1.20846481e+00 2.30077892e-01 1.66862059e+00 9.78386914e-01
1.28000000e+01 1.10811743e+00 1.25656883e+00 2.77160370e-01 1.81088957e+00 9.79408460e-01
1.29000000e+01 1.10404284e+00 1.29997247e+00 3.19377431e-01 1.93872733e+00 9.80595037e-01
1.30000000e+01 1.09890341e+00 1.33499223e+00 3.53060583e-01 2.04111340e+00 9.81931649e-01
1.31000000e+01 1.09281506e+00 1.35830014e+00 3.74897747e-01 2.10809563e+00 9.83402391e-01
1.32000000e+01 1.08590156e+00 1.36773412e+00 3.82743560e-01 2.13322124e+00 9.84990563e-01
1.33000000e+01 1.07829126e+00 1.36287669e+00 3.76197884e-01 2.11527246e+00 9.86678805e-01
1.34000000e+01 1.07011405e+00 1.34512026e+00 3.56671036e-01 2.05846233e+00 9.88449226e-01
1.35000000e+01 1.06149866e+00 1.31720002e+00 3.26916471e-01 1.97103296e+00 9.90283549e-01
1.36000000e+01 1.05257039e+00 1.28244506e+00 2.90281808e-01 1.86300868e+00 9.92163255e-01
1.37000000e+01 1.04344913e+00 1.24407579e+00 2.50006049e-01 1.74408789e+00 9.94069738e-01
1.38000000e+01 1.03424795e+00 1.20475350e+00 2.08769038e-01 1.62229158e+00 9.95984466e-01
1.39000000e+01 1.02507194e+00 1.16641226e+00 1.68523126e-01 1.50345851e+00 9.97889135e-01
1.40000000e+01 1.01601755e+00 1.13029294e+00 1.30527100e-01 1.39134714e+00 9.99765838e-01
1.41000000e+01 1.00717219e+00 1.09707684e+00 9.54796148e-02 1.28803607e+00 1.00159722e+00
1.42000000e+01 9.98614061e-01 1.06704217e+00 6.36755059e-02 1.19439318e+00 1.00336667e+00
1.43000000e+01 9.90412324e-01 1.04020258e+00 3.51441767e-02 1.11049093e+00 1.00505840e+00
1.44000000e+01 9.82627325e-01 1.01641358e+00 9.75588486e-03 1.03592535e+00 1.00665770e+00
1.45000000e+01 9.75311009e-01 9.95447200e-01 -1.27037921e-02 9.70039616e-01 1.00815099e+00
1.46000000e+01 9.68507401e-01 9.77040697e-01 -3.24853050e-02 9.12070087e-01 1.00952600e+00
1.47000000e+01 9.62253132e-01 9.60926566e-01 -4.98452959e-02 8.61235974e-01 1.01077186e+00
1.48000000e+01 9.56577991e-01 9.46849654e-01 -6.50295557e-02 8.16790542e-01 1.01187921e+00
1.49000000e+01 9.51505464e-01 9.34576033e-01 -7.82642371e-02 7.78047558e-01 1.01284027e+00
1.50000000e+01 9.47053256e-01 9.23896760e-01 -8.97521579e-02 7.44392445e-01 1.01364892e+00
1.51000000e+01 9.43233780e-01 9.14628631e-01 -9.96720889e-02 7.15284453e-01 1.01430072e+00
1.52000000e+01 9.40054589e-01 9.06613262e-01 -1.08179686e-01 6.90253890e-01 1.01479295e+00
1.53000000e+01 9.37518774e-01 8.99715353e-01 -1.15409234e-01 6.68896885e-01 1.01512459e+00
1.54000000e+01 9.35625292e-01 8.93820597e-01 -1.21475705e-01 6.50869186e-01 1.01529630e+00
1.55000000e+01 9.34369252e-01 8.88833546e-01 -1.26476853e-01 6.35879839e-01 1.01531040e+00
1.56000000e+01 9.33742144e-01 8.84675578e-01 -1.30495182e-01 6.23685213e-01 1.01517076e+00
1.57000000e+01 9.33732018e-01 8.81283034e-01 -1.33599726e-01 6.14083582e-01 1.01488276e+00
1.58000000e+01 9.34323623e-01 8.78605564e-01 -1.35847602e-01 6.06910359e-01 1.01445317e+00
1.59000000e+01 9.35498498e-01 8.76604675e-01 -1.37285351e-01 6.02033972e-01 1.01389003e+00
1.60000000e+01 9.37235045e-01 8.75252476e-01 -1.37950065e-01 5.99352345e-01 1.01320254e+00
1.61000000e+01 9.39508560e-01 8.74530590e-01 -1.37870337e-01 5.98789917e-01 1.01240093e+00
1.62000000e+01 9.42291260e-01 8.74429225e-01 -1.37067051e-01 6.00295123e-01 1.01149628e+00
1.63000000e+01 9.45552297e-01 8.74946355e-01 -1.35554047e-01 6.03838261e-01 1.01050040e+00
1.64000000e+01 9.49257768e-01 8.76087011e-01 -1.33338685e-01 6.09409641e-01 1.00942570e+00
1.65000000e+01 9.53370746e-01 8.77862629e-01 -1.30422343e-01 6.17017943e-01 1.00828497e+00
1.66000000e+01 9.57851323e-01 8.80290435e-01 -1.26800877e-01 6.26688682e-01 1.00709131e+00
1.67000000e+01 9.62656686e-01 8.83392840e-01 -1.22465093e-01 6.38462654e-01 1.00585793e+00
1.68000000e+01 9.67741236e-01 8.87196776e-01 -1.17401262e-01 6.52394252e-01 1.00459804e+00
1.69000000e+01 9.73056755e-01 8.91732957e-01 -1.11591730e-01 6.68549497e-01 1.00332469e+00
1.70000000e+01 9.78552629e-01 8.97034979e-01 -1.05015691e-01 6.87003598e-01 1.00205067e+00
1.71000000e+01 9.84176142e-01 9.03138208e-01 -9.76501885e-02 7.07837831e-01 1.00078840e+00
1.72000000e+01 9.89872838e-01 9.10078353e-01 -8.94714317e-02 7.31135490e-01 9.99549785e-01
1.73000000e+01 9.95586954e-01 9.17889650e-01 -8.04565208e-02 7.56976608e-01 9.98346171e-01
1.74000000e+01 1.00126194e+00 9.26602522e-01 -7.05856985e-02 7.85431124e-01 9.97188220e-01
1.75000000e+01 1.00684101e+00 9.36240619e-01 -5.98452372e-02 8.16550145e-01 9.96085856e-01
1.76000000e+01 1.01226785e+00 9.46817120e-01 -4.82310759e-02 8.50354968e-01 9.95048196e-01
1.77000000e+01 1.01748725e+00 9.58330198e-01 -3.57532960e-02 8.86823606e-01 9.94083494e-01
1.78000000e+01 1.02244587e+00 9.70757631e-01 -2.24414722e-02 9.25874686e-01 9.93199103e-01
1.79000000e+01 1.02709304e+00 9.84050595e-01 -8.35083896e-03 9.67348917e-01 9.92401434e-01
1.80000000e+01 1.03138146e+00 9.98126869e-01 6.43093320e-03 1.01098874e+00 9.91695935e-01
1.81000000e+01 1.03526799e+00 1.01286385e+00 2.17767777e-02 1.05641741e+00 9.91087075e-01
1.82000000e+01 1.03871437e+00 1.02809212e+00 3.75137866e-02 1.10311969e+00 9.90578329e-01
1.83000000e+01 1.04168781e+00 1.04359048e+00 5.34182991e-02 1.15042708e+00 9.90172185e-01
1.84000000e+01 1.04416157e+00 1.05908398e+00 6.92138367e-02 1.19751165e+00 9.89870143e-01
1.85000000e+01 1.04611538e+00 1.07424612e+00 8.45733857e-02 1.24339289e+00 9.89672733e-01
1.86000000e+01 1.04753577e+00 1.08870699e+00 9.91274602e-02 1.28696191e+00 9.89579531e-01
1.87000000e+01 1.04841625e+00 1.10206812e+00 1.12478934e-01 1.32702599e+00 9.89589185e-01
1.88000000e+01 1.04875733e+00 1.11392416e+00 1.24224716e-01 1.36237360e+00 9.89699447e-01
1.89000000e+01 1.04856638e+00 1.12389024e+00 1.33983031e-01 1.39185630e+00 9.89907209e-01
1.90000000e+01 1.04785745e+00 1.13163209e+00 1.41423543e-01 1.41447917e+00 9.90208543e-01
1.91000000e+01 1.04665081e+00 1.13689507e+00 1.46296321e-01 1.42948771e+00 9.90598752e-01
1.92000000e+01 1.04497250e+00 1.13952753e+00 1.48455116e-01 1.43643777e+00 9.91072417e-01
1.93000000e+01 1.04285371e+00 1.13949438e+00 1.47870924e-01 1.43523623e+00 9.91623458e-01
1.94000000e+01 1.04033014e+00 1.13687864e+00 1.44633450e-01 1.42614554e+00 9.92245191e-01
1.95000000e+01 1.03744125e+00 1.13187076e+00 1.38940366e-01 1.40975149e+00 9.92930396e-01
1.96000000e+01 1.03422952e+00 1.12474790e+00 1.31076515e-01 1.38690093e+00 9.93671382e-01
1.97000000e+01 1.03073969e+00 1.11584695e+00 1.21386881e-01 1.35862071e+00 9.94460065e-01
1.98000000e+01 1.02701802e+00 1.10553573e+00 1.10247686e-01 1.32603110e+00 9.95288039e-01
1.99000000e+01 1.02311157e+00 1.09418622e+00 9.80395606e-02 1.29026534e+00 9.96146655e-01
2.00000000e+01 1.01906754e+00 1.08215263e+00 8.51255283e-02 1.25240369e+00 9.97027103e-01
2.01000000e+01 1.01493262e+00 1.06975569e+00 7.18351951e-02 1.21342608e+00 9.97920494e-01
2.02000000e+01 1.01075249e+00 1.05727317e+00 5.84552294e-02 1.17418363e+00 9.98817942e-01
2.03000000e+01 1.00657131e+00 1.04493602e+00 4.52253671e-02 1.13538675e+00 9.99710648e-01
2.04000000e+01 1.00243131e+00 1.03292869e+00 3.23387032e-02 1.09760609e+00 1.00058998e+00
2.05000000e+01 9.98372460e-01 1.02139250e+00 1.99449288e-02 1.06128235e+00 1.00144757e+00
2.06000000e+01 9.94432186e-01 1.01043066e+00 8.15530525e-03 1.02674127e+00 1.00227536e+00
2.07000000e+01 9.90645164e-01 1.00011411e+00 -2.95159176e-03 9.94210928e-01 1.00306570e+00
2.08000000e+01 9.87043164e-01 9.90487403e-01 -1.33240448e-02 9.63839313e-01 1.00381145e+00
2.09000000e+01 9.83654943e-01 9.81574242e-01 -2.29317280e-02 9.35710786e-01 1.00450597e+00
2.10000000e+01 9.80506185e-01 9.73382414e-01 -3.17608437e-02 9.09860726e-01 1.00514326e+00
2.11000000e+01 9.77619472e-01 9.65907996e-01 -3.98099640e-02 8.86288068e-01 1.00571796e+00
2.12000000e+01 9.75014290e-01 9.59138850e-01 -4.70865830e-02 8.64965684e-01 1.00622543e+00
2.13000000e+01 9.72707056e-01 9.53057451e-01 -5.36043325e-02 8.45848786e-01 1.00666178e+00
2.14000000e+01 9.70711160e-01 9.47643111e-01 -5.93807817e-02 8.28881548e-01 1.00702389e+00
2.15000000e+01 9.69037026e-01 9.42873708e-01 -6.44357362e-02 8.14002236e-01 1.00730944e+00
2.16000000e+01 9.67692174e-01 9.38726987e-01 -6.87899496e-02 8.01147087e-01 1.00751694e+00
2.17000000e+01 9.66681295e-01 9.35181510e-01 -7.24641700e-02 7.90253170e-01 1.00764568e+00
2.18000000e+01 9.66006325e-01 9.32217345e-01 -7.54784555e-02 7.81260434e-01 1.00769580e+00
2.19000000e+01 9.65666519e-01 9.29816516e-01 -7.78517012e-02 7.74113114e-01 1.00766822e+00
2.20000000e+01 9.65658531e-01 9.27963288e-01 -7.96013350e-02 7.68760618e-01 1.00756462e+00
2.21000000e+01 9.65976483e-01 9.26644306e-01 -8.07431447e-02 7.65158016e-01 1.00738745e+00
2.22000000e+01 9.66612048e-01 9.25848618e-01 -8.12912131e-02 7.63266192e-01 1.00713983e+00
2.23000000e+01 9.67554524e-01 9.25567614e-01 -8.12579394e-02 7.63051735e-01 1.00682555e+00
2.24000000e+01 9.68790915e-01 9.25794866e-01 -8.06541380e-02 7.64486590e-01 1.00644900e+00
2.25000000e+01 9.70306014e-01 9.26525908e-01 -7.94892033e-02 7.67547501e-01 1.00601511e+00
2.26000000e+01 9.72082495e-01 9.27757943e-01 -7.77713430e-02 7.72215257e-01 1.00552929e+00
2.27000000e+01 9.74101015e-01 9.29489470e-01 -7.55078767e-02 7.78473717e-01 1.00499735e+00
2.28000000e+01 9.76340322e-01 9.31719853e-01 -7.27056065e-02 7.86308640e-01 1.00442546e+00
2.29000000e+01 9.78777383e-01 9.34448793e-01 -6.93712665e-02 7.95706260e-01 1.00382006e+00
2.30000000e+01 9.81387525e-01 9.37675726e-01 -6.55120570e-02 8.06651612e-01 1.00318778e+00
2.31000000e+01 9.84144600e-01 9.41399119e-01 -6.11362756e-02 8.19126567e-01 1.00253539e+00
2.32000000e+01 9.87021160e-01 9.45615664e-01 -5.62540508e-02 8.33107563e-01 1.00186972e+00
2.33000000e+01 9.89988668e-01 9.50319370e-01 -5.08781862e-02 8.48562997e-01 1.00119756e+00
2.34000000e+01 9.93017722e-01 9.55500532e-01 -4.50251162e-02 8.65450299e-01 1.00052565e+00
2.35000000e+01 9.96078303e-01 9.61144609e-01 -3.87159708e-02 8.83712668e-01 9.99860580e-01
2.36000000e+01 9.99140051e-01 9.67231005e-01 -3.19777330e-02 9.03275539e-01 9.99208738e-01
2.37000000e+01 1.00217255e+00 9.73731781e-01 -2.48444649e-02 9.24042851e-01 9.98576246e-01
2.38000000e+01 1.00514566e+00 9.80610364e-01 -1.73585559e-02 9.45893252e-01 9.97968919e-01
2.39000000e+01 1.00802979e+00 9.87820281e-01 -9.57193014e-03 9.68676420e-01 9.97392211e-01
2.40000000e+01 1.01079629e+00 9.95304045e-01 -1.54712632e-03 9.92209792e-01 9.96851171e-01
2.41000000e+01 1.01341775e+00 1.00299227e+00 6.64186292e-03 1.01627600e+00 9.96350411e-01
2.42000000e+01 1.01586836e+00 1.01080319e+00 1.49091233e-02 1.04062144e+00 9.95894066e-01
2.43000000e+01 1.01812419e+00 1.01864264e+00 2.31568718e-02 1.06495639e+00 9.95485771e-01
2.44000000e+01 1.02016355e+00 1.02640482e+00 3.12761796e-02 1.08895718e+00 9.95128639e-01
2.45000000e+01 1.02196722e+00 1.03397374e+00 3.91485008e-02 1.11227074e+00 9.94825237e-01
2.46000000e+01 1.02351875e+00 1.04122569e+00 4.66481022e-02 1.13452189e+00 9.94577583e-01
2.47000000e+01 1.02480464e+00 1.04803255e+00 5.36454220e-02 1.15532340e+00 9.94387130e-01
2.48000000e+01 1.02581453e+00 1.05426607e+00 6.00112969e-02 1.17428866e+00 9.94254768e-01
2.49000000e+01 1.02654132e+00 1.05980271e+00 6.56218829e-02 1.19104647e+00 9.94180826e-01
2.50000000e+01 1.02698123e+00 1.06452906e+00 7.03639827e-02 1.20525703e+00 9.94165077e-01
2.51000000e+01 1.02713381e+00 1.06834714e+00 7.41403936e-02 1.21662793e+00 9.94206749e-01
2.52000000e+01 1.02700195e+00 1.07117937e+00 7.68748243e-02 1.22492902e+00 9.94304544e-01
2.53000000e+01 1.02659175e+00 1.07297257e+00 7.85159225e-02 1.23000442e+00 9.94456651e-01
2.54000000e+01 1.02591239e+00 1.07370079e+00 7.90400124e-02 1.23178082e+00 9.94660778e-01
2.55000000e+01 1.02497596e+00 1.07336643e+00 7.84522617e-02 1.23027096e+00 9.94914172e-01
2.56000000e+01 1.02379722e+00 1.07199981e+00 7.67861605e-02 1.22557213e+00 9.95213653e-01
2.57000000e+01 1.02239336e+00 1.06965703e+00 7.41013831e-02 1.21785980e+00 9.95555648e-01
2.58000000e+01 1.02078368e+00 1.06641650e+00 7.04802705e-02 1.20737704e+00 9.95936229e-01
2.59000000e+01 1.01898934e+00 1.06237446e+00 6.60233047e-02 1.19442106e+00 9.96351151e-01
2.60000000e+01 1.01703298e+00 1.05763991e+00 6.08440125e-02 1.17932793e+00 9.96795895e-01
2.61000000e+01 1.01493843e+00 1.05232946e+00 5.50637442e-02 1.16245695e+00 9.97265716e-01
2.62000000e+01 1.01273036e+00 1.04656240e+00 4.88067207e-02 1.14417585e+00 9.97755684e-01
2.63000000e+01 1.01043397e+00 1.04045639e+00 4.21956555e-02 1.12484770e+00 9.98260736e-01
2.64000000e+01 1.00807469e+00 1.03412387e+00 3.53481464e-02 1.10482017e+00 9.98775726e-01
2.65000000e+01 1.00567786e+00 1.02766940e+00 2.83739296e-02 1.08441726e+00 9.99295472e-01
2.66000000e+01 1.00326850e+00 1.02118780e+00 2.13729932e-02 1.06393378e+00 9.99814805e-01
2.67000000e+01 1.00087099e+00 1.01476310e+00 1.44344801e-02 1.04363206e+00 1.00032862e+00
2.68000000e+01 9.98508926e-01 1.00846821e+00 7.63626671e-03 1.02374074e+00 1.00083194e+00
2.69000000e+01 9.96204837e-01 1.00236501e+00 1.04508166e-03 1.00445518e+00 1.00131993e+00
2.70000000e+01 9.93980060e-01 9.96505004e-01 -5.28297265e-03 9.85939058e-01 1.00178798e+00
2.71000000e+01 9.91854568e-01 9.90930086e-01 -1.13016231e-02 9.68326839e-01 1.00223171e+00
2.72000000e+01 9.89846842e-01 9.85673594e-01 -1.69734631e-02 9.51726667e-01 1.00264706e+00
2.73000000e+01 9.87973765e-01 9.80761366e-01 -2.22689137e-02 9.36223538e-01 1.00303028e+00
2.74000000e+01 9.86250535e-01 9.76212826e-01 -2.71651743e-02 9.21882477e-01 1.00337800e+00
2.75000000e+01 9.84690602e-01 9.72042025e-01 -3.16452154e-02 9.08751594e-01 1.00368724e+00
2.76000000e+01 9.83305614e-01 9.68258601e-01 -3.56968412e-02 8.96864918e-01 1.00395544e+00
2.77000000e+01 9.82105388e-01 9.64868646e-01 -3.93118462e-02 8.86244954e-01 1.00418049e+00
2.78000000e+01 9.81097889e-01 9.61875467e-01 -4.24852721e-02 8.76904922e-01 1.00436074e+00
2.79000000e+01 9.80289220e-01 9.59280230e-01 -4.52147697e-02 8.68850691e-01 1.00449500e+00
2.80000000e+01 9.79683629e-01 9.57082511e-01 -4.75000624e-02 8.62082387e-01 1.00458257e+00
2.81000000e+01 9.79283524e-01 9.55280730e-01 -4.93425078e-02 8.56595714e-01 1.00462324e+00
2.82000000e+01 9.79089487e-01 9.53872494e-01 -5.07447490e-02 8.52382996e-01 1.00461724e+00
2.83000000e+01 9.79100313e-01 9.52854859e-01 -5.17104512e-02 8.49433956e-01 1.00456531e+00
2.84000000e+01 9.79313045e-01 9.52224496e-01 -5.22441137e-02 8.47736269e-01 1.00446861e+00
2.85000000e+01 9.79723014e-01 9.51977794e-01 -5.23509536e-02 8.47275887e-01 1.00432875e+00
2.86000000e+01 9.80323900e-01 9.52110885e-01 -5.20368552e-02 8.48037174e-01 1.00414774e+00
2.87000000e+01 9.81107787e-01 9.52619607e-01 -5.13083791e-02 8.50002849e-01 1.00392799e+00
2.88000000e+01 9.82065232e-01 9.53499410e-01 -5.01728289e-02 8.53153752e-01 1.00367224e+00
2.89000000e+01 9.83185340e-01 9.54745197e-01 -4.86383721e-02 8.57468453e-01 1.00338357e+00
2.90000000e+01 9.84455856e-01 9.56351121e-01 -4.67142117e-02 8.62922697e-01 1.00306533e+00
2.91000000e+01 9.85863250e-01 9.58310319e-01 -4.44108062e-02 8.69488707e-01 1.00272113e+00
2.92000000e+01 9.87392834e-01 9.60614614e-01 -4.17401358e-02 8.77134342e-01 1.00235475e+00
2.93000000e+01 9.89028869e-01 9.63254157e-01 -3.87160095e-02 8.85822138e-01 1.00197017e+00
2.94000000e+01 9.90754695e-01 9.66217046e-01 -3.53544086e-02 8.95508229e-01 1.00157146e+00
2.95000000e+01 9.92552870e-01 9.69488912e-01 -3.16738599e-02 9.06141193e-01 1.00116277e+00
2.96000000e+01 9.94405320e-01 9.73052480e-01 -2.76958264e-02 9.17660827e-01 1.00074831e+00
2.97000000e+01 9.96293495e-01 9.76887131e-01 -2.34451051e-02 9.29996921e-01 1.00033224e+00
2.98000000e+01 9.98198541e-01 9.80968479e-01 -1.89502115e-02 9.43068056e-01 9.99918691e-01
2.99000000e+01 1.00010148e+00 9.85267978e-01 -1.42437312e-02 9.56780515e-01 9.99511709e-01
3.00000000e+01 1.00198339e+00 9.89752591e-01 -9.36261149e-03 9.71027368e-01 9.99115203e-01
3.01000000e+01 1.00382561e+00 9.94384557e-01 -4.34836229e-03 9.85687833e-01 9.98732920e-01
3.02000000e+01 1.00560990e+00 9.99121278e-01 7.52867013e-04 1.00062701e+00 9.98368411e-01
3.03000000e+01 1.00731869e+00 1.00391537e+00 5.89037061e-03 1.01569611e+00 9.98025002e-01
3.04000000e+01 1.00893523e+00 1.00871492e+00 1.10091643e-02 1.03073325e+00 9.97705760e-01
3.05000000e+01 1.01044378e+00 1.01346396e+00 1.60504898e-02 1.04556494e+00 9.97413474e-01
3.06000000e+01 1.01182983e+00 1.01810320e+00 2.09525681e-02 1.06000834e+00 9.97150631e-01
3.07000000e+01 1.01308020e+00 1.02257101e+00 2.56516142e-02 1.07387424e+00 9.96919396e-01
3.08000000e+01 1.01418326e+00 1.02680471e+00 3.00831067e-02 1.08697092e+00 9.96721600e-01
3.09000000e+01 1.01512903e+00 1.03074201e+00 3.41832874e-02 1.09910859e+00 9.96558724e-01
3.10000000e+01 1.01590929e+00 1.03432274e+00 3.78908428e-02 1.11010442e+00 9.96431894e-01
3.11000000e+01 1.01651768e+00 1.03749057e+00 4.11486972e-02 1.11978796e+00 9.96341873e-01
3.12000000e+01 1.01694979e+00 1.04019489e+00 4.39058266e-02 1.12800654e+00 9.96289060e-01
3.13000000e+01 1.01720316e+00 1.04239248e+00 4.61189904e-02 1.13463046e+00 9.96273492e-01
3.14000000e+01 1.01727730e+00 1.04404912e+00 4.77542709e-02 1.13955766e+00 9.96294847e-01
3.15000000e+01 1.01717370e+00 1.04514077e+00 4.87883163e-02 1.14271740e+00 9.96352452e-01
3.16000000e+01 1.01689579e+00 1.04565449e+00 4.92091989e-02 1.14407289e+00 9.96445296e-01
3.17000000e+01 1.01644881e+00 1.04558886e+00 4.90168254e-02 1.14362251e+00 9.96572037e-01
3.18000000e+01 1.01583980e+00 1.04495390e+00 4.82228704e-02 1.14139964e+00 9.96731027e-01
3.19000000e+01 1.01507743e+00 1.04377056e+00 4.68502398e-02 1.13747104e+00 9.96920324e-01
3.20000000e+01 1.01417189e+00 1.04206982e+00 4.49321059e-02 1.13193403e+00 9.97137715e-01
3.21000000e+01 1.01313475e+00 1.03989133e+00 4.25105883e-02 1.12491251e+00 9.97380742e-01
3.22000000e+01 1.01197874e+00 1.03728190e+00 3.96351728e-02 1.11655224e+00 9.97646726e-01
3.23000000e+01 1.01071765e+00 1.03429377e+00 3.63609757e-02 1.10701572e+00 9.97932792e-01
3.24000000e+01 1.00936610e+00 1.03098286e+00 3.27469575e-02 1.09647678e+00 9.98235903e-01
3.25000000e+01 1.00793936e+00 1.02740707e+00 2.88541853e-02 1.08511544e+00 9.98552887e-01
3.26000000e+01 1.00645318e+00 1.02362469e+00 2.47442217e-02 1.07311314e+00 9.98880470e-01
3.27000000e+01 1.00492360e+00 1.01969301e+00 2.04777045e-02 1.06064842e+00 9.99215308e-01
3.28000000e+01 1.00336675e+00 1.01566717e+00 1.61131519e-02 1.04789347e+00 9.99554019e-01
3.29000000e+01 1.00179870e+00 1.01159923e+00 1.17060149e-02 1.03501126e+00 9.99893219e-01
3.30000000e+01 1.00023530e+00 1.00753752e+00 7.30797371e-03 1.02215347e+00 1.00022955e+00
3.31000000e+01 9.98692010e-01 1.00352619e+00 2.96646537e-03 1.00945912e+00 1.00055972e+00
3.32000000e+01 9.97183753e-01 9.99604948e-01 -1.27558258e-03 9.97053783e-01 1.00088053e+00
3.33000000e+01 9.95724805e-01 9.95809061e-01 -5.37984240e-03 9.85049376e-01 1.00118890e+00
3.34000000e+01 9.94328668e-01 9.92169384e-01 -9.31253404e-03 9.73544316e-01 1.00148192e+00
3.35000000e+01 9.93007962e-01 9.88712574e-01 -1.30442630e-02 9.62624048e-01 1.00175684e+00
3.36000000e+01 9.91774336e-01 9.85461348e-01 -1.65497792e-02 9.52361790e-01 1.00201113e+00
3.37000000e+01 9.90638390e-01 9.82434807e-01 -1.98076838e-02 9.42819439e-01 1.00224249e+00
3.38000000e+01 9.89609609e-01 9.79648771e-01 -2.28001079e-02 9.34048556e-01 1.00244888e+00
3.39000000e+01 9.88696304e-01 9.77116137e-01 -2.55123812e-02 9.26091375e-01 1.00262852e+00
3.40000000e+01 9.87905573e-01 9.74847211e-01 -2.79327064e-02 9.18981798e-01 1.00277992e+00
3.41000000e+01 9.87243266e-01 9.72850034e-01 -3.00518511e-02 9.12746332e-01 1.00290189e+00
3.42000000e+01 9.86713963e-01 9.71130675e-01 -3.18628640e-02 9.07404947e-01 1.00299354e+00
3.43000000e+01 9.86320959e-01 9.69693487e-01 -3.33608233e-02 9.02971841e-01 1.00305431e+00
3.44000000e+01 9.86066263e-01 9.68541327e-01 -3.45426183e-02 8.99456091e-01 1.00308395e+00
3.45000000e+01 9.85950599e-01 9.67675737e-01 -3.54067692e-02 8.96862199e-01 1.00308251e+00
3.46000000e+01 9.85973420e-01 9.67097083e-01 -3.59532828e-02 8.95190518e-01 1.00305037e+00
3.47000000e+01 9.86132932e-01 9.66804655e-01 -3.61835465e-02 8.94437563e-01 1.00298820e+00
3.48000000e+01 9.86426116e-01 9.66796726e-01 -3.61002580e-02 8.94596210e-01 1.00289698e+00
3.49000000e+01 9.86848769e-01 9.67070571e-01 -3.57073909e-02 8.95655790e-01 1.00277796e+00
3.50000000e+01 9.87395546e-01 9.67622458e-01 -3.50101931e-02 8.97602071e-01 1.00263265e+00
3.51000000e+01 9.88060010e-01 9.68447591e-01 -3.40152163e-02 9.00417159e-01 1.00246281e+00
3.52000000e+01 9.88834693e-01 9.69540040e-01 -3.27303752e-02 9.04079290e-01 1.00227042e+00
3.53000000e+01 9.89711159e-01 9.70892626e-01 -3.11650311e-02 9.08562564e-01 1.00205766e+00
3.54000000e+01 9.90680081e-01 9.72496793e-01 -2.93300988e-02 9.13836595e-01 1.00182689e+00
3.55000000e+01 9.91731320e-01 9.74342459e-01 -2.72381702e-02 9.19866119e-01 1.00158063e+00
3.56000000e+01 9.92854013e-01 9.76417851e-01 -2.49036508e-02 9.26610549e-01 1.00132150e+00
3.57000000e+01 9.94036671e-01 9.78709333e-01 -2.23429017e-02 9.34023529e-01 1.00105223e+00
3.58000000e+01 9.95267283e-01 9.81201241e-01 -1.95743804e-02 9.42052480e-01 1.00077562e+00
3.59000000e+01 9.96533421e-01 9.83875720e-01 -1.66187706e-02 9.50638179e-01 1.00049449e+00
3.60000000e+01 9.97822358e-01 9.86712590e-01 -1.34990915e-02 9.59714407e-01 1.00021168e+00
3.61000000e+01 9.99121189e-01 9.89689239e-01 -1.02407749e-02 9.69207689e-01 9.99930014e-01
3.62000000e+01 1.00041695e+00 9.92780562e-01 -6.87169665e-03 9.79037168e-01 9.99652258e-01
3.63000000e+01 1.00169677e+00 9.95958962e-01 -3.42215146e-03 9.89114659e-01 9.99381114e-01
3.64000000e+01 1.00294795e+00 9.99194424e-01 7.52445571e-05 9.99344913e-01 9.99119179e-01
3.65000000e+01 1.00415814e+00 1.00245467e+00 3.58573410e-03 1.00962613e+00 9.98868932e-01
3.66000000e+01 1.00531546e+00 1.00570540e+00 7.07269331e-03 1.01985078e+00 9.98632703e-01
3.67000000e+01 1.00640861e+00 1.00891067e+00 1.04980080e-02 1.02990668e+00 9.98412658e-01
3.68000000e+01 1.00742700e+00 1.01203333e+00 1.38225554e-02 1.03967844e+00 9.98210778e-01
3.69000000e+01 1.00836087e+00 1.01503563e+00 1.70067887e-02 1.04904921e+00 9.98028842e-01
3.70000000e+01 1.00920137e+00 1.01787983e+00 2.00114177e-02 1.05790267e+00 9.97868414e-01
3.71000000e+01 1.00994069e+00 1.02052900e+00 2.27981685e-02 1.06612534e+00 9.97730831e-01
3.72000000e+01 1.01057215e+00 1.02294779e+00 2.53306005e-02 1.07360899e+00 9.97617190e-01
3.73000000e+01 1.01109022e+00 1.02510330e+00 2.75749523e-02 1.08025320e+00 9.97528344e-01
3.74000000e+01 1.01149063e+00 1.02696588e+00 2.95009791e-02 1.08596783e+00 9.97464897e-01
3.75000000e+01 1.01177039e+00 1.02850994e+00 3.10827466e-02 1.09067543e+00 9.97427195e-01
3.76000000e+01 1.01192780e+00 1.02971467e+00 3.22993387e-02 1.09431335e+00 9.97415333e-01
3.77000000e+01 1.01196250e+00 1.03056460e+00 3.31354439e-02 1.09683549e+00 9.97429154e-01
3.78000000e+01 1.01187543e+00 1.03105004e+00 3.35817864e-02 1.09821361e+00 9.97468253e-01
3.79000000e+01 1.01166881e+00 1.03116736e+00 3.36353786e-02 1.09843812e+00 9.97531983e-01
3.80000000e+01 1.01134611e+00 1.03091904e+00 3.32995797e-02 1.09751820e+00 9.97619463e-01
3.81000000e+01 1.01091197e+00 1.03031355e+00 3.25839571e-02 1.09548146e+00 9.97729592e-01
3.82000000e+01 1.01037218e+00 1.02936502e+00 3.15039604e-02 1.09237294e+00 9.97861057e-01
3.83000000e+01 1.00973354e+00 1.02809278e+00 3.00804263e-02 1.08825363e+00 9.98012352e-01
3.84000000e+01 1.00900380e+00 1.02652073e+00 2.83389424e-02 1.08319862e+00 9.98181790e-01
3.85000000e+01 1.00819158e+00 1.02467663e+00 2.63091068e-02 1.07729485e+00 9.98367525e-01
3.86000000e+01 1.00730618e+00 1.02259128e+00 2.40237186e-02 1.07063872e+00 9.98567566e-01
3.87000000e+01 1.00635756e+00 1.02029774e+00 2.15179403e-02 1.06333362e+00 9.98779803e-01
3.88000000e+01 1.00535616e+00 1.01783049e+00 1.88284671e-02 1.05548742e+00 9.99002022e-01
3.89000000e+01 1.00431279e+00 1.01522467e+00 1.59927357e-02 1.04721014e+00 9.99231936e-01
3.90000000e+01 1.00323851e+00 1.01251539e+00 1.30481965e-02 1.03861179e+00 9.99467197e-01
3.91000000e+01 1.00214453e+00 1.00973710e+00 1.00316708e-02 1.02980044e+00 9.99705429e-01
3.92000000e+01 1.00104205e+00 1.00692305e+00 6.97880186e-03 1.02088065e+00 9.99944247e-01
3.93000000e+01 9.99942173e-01 1.00410489e+00 3.92360710e-03 1.01195210e+00 1.00018128e+00
3.94000000e+01 9.98855806e-01 1.00131232e+00 8.98130636e-04 1.00310859e+00 1.00041419e+00
3.95000000e+01 9.97793524e-01 9.98572911e-01 -2.06780954e-03 9.94437292e-01 1.00064072e+00
3.96000000e+01 9.96765500e-01 9.95911882e-01 -4.94678732e-03 9.86018307e-01 1.00085867e+00
3.97000000e+01 9.95781404e-01 9.93352099e-01 -7.71385831e-03 9.77924383e-01 1.00106596e+00
3.98000000e+01 9.94850325e-01 9.90914040e-01 -1.03465855e-02 9.70220869e-01 1.00126063e+00
3.99000000e+01 9.93980701e-01 9.88615843e-01 -1.28250129e-02 9.62965817e-01 1.00144086e+00
4.00000000e+01 9.93180248e-01 9.86473393e-01 -1.51315998e-02 9.56210193e-01 1.00160499e+00
4.01000000e+01 9.92455909e-01 9.84500429e-01 -1.72511251e-02 9.49998179e-01 1.00175155e+00
4.02000000e+01 9.91813803e-01 9.82708673e-01 -1.91705741e-02 9.44367525e-01 1.00187925e+00
4.03000000e+01 9.91259187e-01 9.81107966e-01 -2.08790142e-02 9.39349938e-01 1.00198698e+00
4.04000000e+01 9.90796424e-01 9.79706402e-01 -2.23674684e-02 9.34971465e-01 1.00207387e+00
4.05000000e+01 9.90428956e-01 9.78510460e-01 -2.36287917e-02 9.31252876e-01 1.00213925e+00
4.06000000e+01 9.90159294e-01 9.77525123e-01 -2.46575558e-02 9.28210011e-01 1.00218268e+00
4.07000000e+01 9.89989004e-01 9.76753987e-01 -2.54499449e-02 9.25854097e-01 1.00220393e+00
4.08000000e+01 9.89918707e-01 9.76199348e-01 -2.60036666e-02 9.24192015e-01 1.00220302e+00
4.09000000e+01 9.89948088e-01 9.75862275e-01 -2.63178786e-02 9.23226518e-01 1.00218015e+00
4.10000000e+01 9.90075901e-01 9.75742660e-01 -2.63931316e-02 9.22956397e-01 1.00213579e+00
4.11000000e+01 9.90299998e-01 9.75839252e-01 -2.62313310e-02 9.23376590e-01 1.00207058e+00
4.12000000e+01 9.90617346e-01 9.76149668e-01 -2.58357145e-02 9.24478239e-01 1.00198538e+00
4.13000000e+01 9.91024066e-01 9.76670394e-01 -2.52108466e-02 9.26248701e-01 1.00188124e+00
4.14000000e+01 9.91515469e-01 9.77396754e-01 -2.43626274e-02 9.28671499e-01 1.00175938e+00
4.15000000e+01 9.92086099e-01 9.78322883e-01 -2.32983149e-02 9.31726253e-01 1.00162120e+00
4.16000000e+01 9.92729791e-01 9.79441670e-01 -2.20265572e-02 9.35388556e-01 1.00146823e+00
4.17000000e+01 9.93439718e-01 9.80744709e-01 -2.05574327e-02 9.39629844e-01 1.00130214e+00
4.18000000e+01 9.94208465e-01 9.82222231e-01 -1.89024940e-02 9.44417243e-01 1.00112473e+00
4.19000000e+01 9.95028087e-01 9.83863045e-01 -1.70748115e-02 9.49713422e-01 1.00093786e+00
4.20000000e+01 9.95890191e-01 9.85654474e-01 -1.50890123e-02 9.55476450e-01 1.00074349e+00
4.21000000e+01 9.96786008e-01 9.87582315e-01 -1.29613082e-02 9.61659698e-01 1.00054362e+00
4.22000000e+01 9.97706480e-01 9.89630795e-01 -1.07095091e-02 9.68211777e-01 1.00034030e+00
4.23000000e+01 9.98642344e-01 9.91782569e-01 -8.35301243e-03 9.75076545e-01 1.00013558e+00
4.24000000e+01 9.99584219e-01 9.94018735e-01 -5.91276550e-03 9.82193204e-01 9.99931501e-01
4.25000000e+01 1.00052271e+00 9.96318884e-01 -3.41119259e-03 9.89496499e-01 9.99730077e-01
4.26000000e+01 1.00144847e+00 9.98661197e-01 -8.72081451e-04 9.96917034e-01 9.99533278e-01
4.27000000e+01 1.00235234e+00 1.00102258e+00 1.67957581e-03 1.00438174e+00 9.99343008e-01
4.28000000e+01 1.00322541e+00 1.00337887e+00 4.21779152e-03 1.01181446e+00 9.99161082e-01
4.29000000e+01 1.00405911e+00 1.00570506e+00 6.71584303e-03 1.01913675e+00 9.98989219e-01
4.30000000e+01 1.00484531e+00 1.00797560e+00 9.14658537e-03 1.02626877e+00 9.98829019e-01
4.31000000e+01 1.00557640e+00 1.01016476e+00 1.14828134e-02 1.03313039e+00 9.98681950e-01
4.32000000e+01 1.00624539e+00 1.01224701e+00 1.36976679e-02 1.03964234e+00 9.98549338e-01
4.33000000e+01 1.00684595e+00 1.01419743e+00 1.57650785e-02 1.04572759e+00 9.98432352e-01
4.34000000e+01 1.00737248e+00 1.01599223e+00 1.76602296e-02 1.05131269e+00 9.98332000e-01
4.35000000e+01 1.00782020e+00 1.01760915e+00 1.93600379e-02 1.05632923e+00 9.98249112e-01
4.36000000e+01 1.00818517e+00 1.01902797e+00 2.08436239e-02 1.06071521e+00 9.98184343e-01
4.37000000e+01 1.00846435e+00 1.02023092e+00 2.20927591e-02 1.06441644e+00 9.98138162e-01
4.38000000e+01 1.00865560e+00 1.02120313e+00 2.30922722e-02 1.06738767e+00 9.98110853e-01
4.39000000e+01 1.00875773e+00 1.02193291e+00 2.38303952e-02 1.06959370e+00 9.98102512e-01
4.40000000e+01 1.00877048e+00 1.02241209e+00 2.42990352e-02 1.07101016e+00 9.98113050e-01
4.41000000e+01 1.00869453e+00 1.02263615e+00 2.44939581e-02 1.07162407e+00 9.98142191e-01
4.42000000e+01 1.00853148e+00 1.02260436e+00 2.44148761e-02 1.07143411e+00 9.98189483e-01
4.43000000e+01 1.00828384e+00 1.02231973e+00 2.40654346e-02 1.07045060e+00 9.98254298e-01
4.44000000e+01 1.00795495e+00 1.02178894e+00 2.34530998e-02 1.06869514e+00 9.98335842e-01
4.45000000e+01 1.00754897e+00 1.02102212e+00 2.25889513e-02 1.06620002e+00 9.98433166e-01
4.46000000e+01 1.00707083e+00 1.02003256e+00 2.14873911e-02 1.06300734e+00 9.98545171e-01
4.47000000e+01 1.00652612e+00 1.01883641e+00 2.01657817e-02 1.05916797e+00 9.98670625e-01
4.48000000e+01 1.00592108e+00 1.01745220e+00 1.86440296e-02 1.05474026e+00 9.98808174e-01
4.49000000e+01 1.00526248e+00 1.01590049e+00 1.69441320e-02 1.04978875e+00 9.98956356e-01
4.50000000e+01 1.00455756e+00 1.01420332e+00 1.50897041e-02 1.04438273e+00 9.99113617e-01
4.51000000e+01 1.00381392e+00 1.01238383e+00 1.31055055e-02 1.03859484e+00 9.99278323e-01
4.52000000e+01 1.00303949e+00 1.01046576e+00 1.10169789e-02 1.03249972e+00 9.99448784e-01
4.53000000e+01 1.00224237e+00 1.00847308e+00 8.84981591e-03 1.02617271e+00 9.99623262e-01
4.54000000e+01 1.00143081e+00 1.00642956e+00 6.62956082e-03 1.01968868e+00 9.99799995e-01
4.55000000e+01 1.00061307e+00 1.00435847e+00 4.38125730e-03 1.01312098e+00 9.99977213e-01
4.56000000e+01 9.99797374e-01 1.00228230e+00 2.12914510e-03 1.00654059e+00 1.00015315e+00
4.57000000e+01 9.98991805e-01 1.00022249e+00 -1.03593008e-04 1.00001530e+00 1.00032608e+00
4.58000000e+01 9.98204239e-01 9.98199267e-01 -2.29503388e-03 9.93609199e-01 1.00049430e+00
4.59000000e+01 9.97442272e-01 9.96231514e-01 -4.42466895e-03 9.87382176e-01 1.00065618e+00
4.60000000e+01 9.96713144e-01 9.94336653e-01 -6.47351532e-03 9.81389623e-01 1.00081017e+00
4.61000000e+01 9.96023681e-01 9.92530604e-01 -8.42418773e-03 9.75682228e-01 1.00095479e+00
4.62000000e+01 9.95380237e-01 9.90827752e-01 -1.02609371e-02 9.70305878e-01 1.00108869e+00
4.63000000e+01 9.94788640e-01 9.89240955e-01 -1.19696614e-02 9.65301633e-01 1.00121062e+00
4.64000000e+01 9.94254146e-01 9.87781565e-01 -1.35378941e-02 9.60705777e-01 1.00131946e+00
4.65000000e+01 9.93781400e-01 9.86459464e-01 -1.49547762e-02 9.56549912e-01 1.00141424e+00
4.66000000e+01 9.93374403e-01 9.85283116e-01 -1.62110169e-02 9.52861082e-01 1.00149413e+00
4.67000000e+01 9.93036482e-01 9.84259617e-01 -1.72988462e-02 9.49661924e-01 1.00155846e+00
4.68000000e+01 9.92770271e-01 9.83394755e-01 -1.82119650e-02 9.46970825e-01 1.00160672e+00
4.69000000e+01 9.92577694e-01 9.82693063e-01 -1.89454947e-02 9.44802074e-01 1.00163856e+00
4.70000000e+01 9.92459960e-01 9.82157867e-01 -1.94959291e-02 9.43166009e-01 1.00165380e+00
4.71000000e+01 9.92417552e-01 9.81791332e-01 -1.98610917e-02 9.42069149e-01 1.00165242e+00
