# k S000 S110 S112 S10 S11
0.00000000e+00 4.55625000e-01 5.41627069e-02 -2.12510954e-01 6.29140798e-01 1.26667366e+00
1.00000000e-01 4.55861396e-01 5.40105291e-02 -2.12321333e-01 6.29367863e-01 1.26633186e+00
2.00000000e-01 4.56571065e-01 5.35557205e-02 -2.11753321e-01 6.30049078e-01 1.26530904e+00
3.00000000e-01 4.57755450e-01 5.28034265e-02 -2.10809459e-01 6.31184508e-01 1.26361289e+00
4.00000000e-01 4.59416950e-01 5.17621276e-02 -2.09493945e-01 6.32774238e-01 1.26125607e+00
5.00000000e-01 4.61558903e-01 5.04434993e-02 -2.07812571e-01 6.34818358e-01 1.25825607e+00
6.00000000e-01 4.64185569e-01 4.88622210e-02 -2.05772649e-01 6.37316923e-01 1.25463487e+00
7.00000000e-01 4.67302105e-01 4.70357398e-02 -2.03382915e-01 6.40269910e-01 1.25041865e+00
8.00000000e-01 4.70914534e-01 4.49839940e-02 -2.00653416e-01 6.43677163e-01 1.24563741e+00
9.00000000e-01 4.75029701e-01 4.27291041e-02 -1.97595389e-01 6.47538326e-01 1.24032449e+00
1.00000000e+00 4.79655220e-01 4.02950384e-02 -1.94221133e-01 6.51852772e-01 1.23451617e+00
1.10000000e+00 4.84799420e-01 3.77072604e-02 -1.90543877e-01 6.56619506e-01 1.22825114e+00
1.20000000e+00 4.90471258e-01 3.49923658e-02 -1.86577645e-01 6.61837075e-01 1.22157001e+00
1.30000000e+00 4.96680236e-01 3.21777158e-02 -1.82337131e-01 6.67503454e-01 1.21451485e+00
1.40000000e+00 5.03436290e-01 2.92910740e-02 -1.77837574e-01 6.73615926e-01 1.20712865e+00
1.50000000e+00 5.10749661e-01 2.63602515e-02 -1.73094653e-01 6.80170945e-01 1.19945490e+00
1.60000000e+00 5.18630743e-01 2.34127673e-02 -1.68124385e-01 6.87163998e-01 1.19153715e+00
1.70000000e+00 5.27089905e-01 2.04755258e-02 -1.62943039e-01 6.94589448e-01 1.18341856e+00
1.80000000e+00 5.36137287e-01 1.75745169e-02 -1.57567072e-01 7.02440373e-01 1.17514159e+00
1.90000000e+00 5.45782558e-01 1.47345395e-02 -1.52013075e-01 7.10708389e-01 1.16674761e+00
2.00000000e+00 5.56034645e-01 1.19789522e-02 -1.46297735e-01 7.19383482e-01 1.15827669e+00
2.10000000e+00 5.66901419e-01 9.32944960e-03 -1.40437817e-01 7.28453816e-01 1.14976727e+00
2.20000000e+00 5.78389342e-01 6.80586751e-03 -1.34450155e-01 7.37905557e-01 1.14125602e+00
2.30000000e+00 5.90503068e-01 4.42601510e-03 -1.28351663e-01 7.47722689e-01 1.13277768e+00
2.40000000e+00 6.03245008e-01 2.20553515e-03 -1.22159348e-01 7.57886839e-01 1.12436488e+00
2.50000000e+00 6.16614835e-01 1.57791383e-04 -1.15890340e-01 7.68377111e-01 1.11604813e+00
2.60000000e+00 6.30608961e-01 -1.70621714e-03 -1.09561921e-01 7.79169940e-01 1.10785570e+00
2.70000000e+00 6.45219962e-01 -3.37791510e-03 -1.03191561e-01 7.90238962e-01 1.09981365e+00
2.80000000e+00 6.60435977e-01 -4.85118366e-03 -9.67969498e-02 8.01554917e-01 1.09194577e+00
2.90000000e+00 6.76240070e-01 -6.12236696e-03 -9.03960261e-02 8.13085581e-01 1.08427366e+00
3.00000000e+00 6.92609588e-01 -7.19025232e-03 -8.40069993e-02 8.24795749e-01 1.07681675e+00
3.10000000e+00 7.09515516e-01 -8.05602418e-03 -7.76483586e-02 8.36647259e-01 1.06959233e+00
3.20000000e+00 7.26921848e-01 -8.72319134e-03 -7.13388682e-02 8.48599072e-01 1.06261568e+00
3.30000000e+00 7.44785012e-01 -9.19748754e-03 -6.50975444e-02 8.60607424e-01 1.05590006e+00
3.40000000e+00 7.63053366e-01 -9.48674528e-03 -5.89436134e-02 8.72626028e-01 1.04945687e+00
3.50000000e+00 7.81666795e-01 -9.60074302e-03 -5.28964456e-02 8.84606366e-01 1.04329570e+00
3.60000000e+00 8.00556466e-01 -9.55102653e-03 -4.69754673e-02 8.96498039e-01 1.03742444e+00
3.70000000e+00 8.19644746e-01 -9.35070547e-03 -4.12000478e-02 9.08249199e-01 1.03184934e+00
3.80000000e+00 8.38845352e-01 -9.01422696e-03 -3.55893629e-02 9.19807047e-01 1.02657514e+00
3.90000000e+00 8.58063753e-01 -8.55712874e-03 -3.01622360e-02 9.31118399e-01 1.02160511e+00
4.00000000e+00 8.77197854e-01 -7.99577532e-03 -2.49369596e-02 9.42130306e-01 1.01694118e+00
4.10000000e+00 8.96138991e-01 -7.34708126e-03 -1.99311003e-02 9.52790718e-01 1.01258402e+00
4.20000000e+00 9.14773245e-01 -6.62822653e-03 -1.51612926e-02 9.63049188e-01 1.00853307e+00
4.30000000e+00 9.32983070e-01 -5.85636979e-03 -1.06430253e-02 9.72857580e-01 1.00478666e+00
4.40000000e+00 9.50649210e-01 -5.04836564e-03 -6.39042908e-03 9.82170776e-01 1.00134206e+00
4.50000000e+00 9.67652871e-01 -4.22049248e-03 -2.41606934e-03 9.90947369e-01 9.98195577e-01
4.60000000e+00 9.83878082e-01 -3.38819759e-03 1.26924741e-03 9.99150297e-01 9.95342555e-01
4.70000000e+00 9.99214169e-01 -2.56586569e-03 4.65664762e-03 1.00674743e+00 9.92777487e-01
4.80000000e+00 1.01355825e+00 -1.76661688e-03 7.73933895e-03 1.01371206e+00 9.90494044e-01
4.90000000e+00 1.02681763e+00 -1.00213902e-03 1.05127274e-02 1.02002332e+00 9.88485134e-01
5.00000000e+00 1.03891205e+00 -2.82558272e-04 1.29744987e-02 1.02566644e+00 9.86742943e-01
5.10000000e+00 1.04977557e+00 3.83649425e-04 1.51246619e-02 1.03063297e+00 9.85258987e-01
5.20000000e+00 1.05935813e+00 9.89704834e-04 1.69655515e-02 1.03492081e+00 9.84024153e-01
5.30000000e+00 1.06762665e+00 1.53053019e-03 1.85017900e-02 1.03853411e+00 9.83028740e-01
5.40000000e+00 1.07456556e+00 2.00271396e-03 1.97402115e-02 1.04148314e+00 9.82262502e-01
5.50000000e+00 1.08017691e+00 2.40443884e-03 2.06897478e-02 1.04378393e+00 9.81714691e-01
5.60000000e+00 1.08447989e+00 2.73537706e-03 2.13612827e-02 1.04545794e+00 9.81374094e-01
5.70000000e+00 1.08750987e+00 2.99655837e-03 2.17674774e-02 1.04653151e+00 9.81229081e-01
5.80000000e+00 1.08931709e+00 3.19021650e-03 2.19225743e-02 1.04703537e+00 9.81267642e-01
5.90000000e+00 1.08996492e+00 3.31962016e-03 2.18421828e-02 1.04700399e+00 9.81477437e-01
6.00000000e+00 1.08952796e+00 3.38889497e-03 2.15430551e-02 1.04647501e+00 9.81845840e-01
6.10000000e+00 1.08808988e+00 3.40284224e-03 2.10428568e-02 1.04548856e+00 9.82359985e-01
6.20000000e+00 1.08574133e+00 3.36676018e-03 2.03599372e-02 1.04408663e+00 9.83006823e-01
6.30000000e+00 1.08257776e+00 3.28627249e-03 1.95131049e-02 1.04231248e+00 9.83773168e-01
6.40000000e+00 1.07869736e+00 3.16716854e-03 1.85214134e-02 1.04021000e+00 9.84645755e-01
6.50000000e+00 1.07419922e+00 3.01525837e-03 1.74039581e-02 1.03782317e+00 9.85611300e-01
6.60000000e+00 1.06918163e+00 2.83624503e-03 1.61796894e-02 1.03519562e+00 9.86656556e-01
6.70000000e+00 1.06374057e+00 2.63561589e-03 1.48672425e-02 1.03237010e+00 9.87768373e-01
6.80000000e+00 1.05796856e+00 2.41855349e-03 1.34847856e-02 1.02938812e+00 9.88933768e-01
6.90000000e+00 1.05195362e+00 2.18986627e-03 1.20498869e-02 1.02628964e+00 9.90139979e-01
7.00000000e+00 1.04577855e+00 1.95393831e-03 1.05793994e-02 1.02311274e+00 9.91374539e-01
7.10000000e+00 1.03952036e+00 1.71469715e-03 9.08936489e-03 1.01989343e+00 9.92625332e-01
7.20000000e+00 1.03324998e+00 1.47559808e-03 7.59493405e-03 1.01666547e+00 9.93880664e-01
7.30000000e+00 1.02703200e+00 1.23962304e-03 6.11030337e-03 1.01346023e+00 9.95129320e-01
7.40000000e+00 1.02092472e+00 1.00929214e-03 4.64866630e-03 1.01030662e+00 9.96360626e-01
7.50000000e+00 1.01498015e+00 7.86685718e-04 3.22217794e-03 1.00723104e+00 9.97564508e-01
7.60000000e+00 1.00924422e+00 5.73474600e-04 1.84193164e-03 1.00425734e+00 9.98731543e-01
7.70000000e+00 1.00375698e+00 3.70956628e-04 5.17946105e-04 1.00140685e+00 9.99853011e-01
7.80000000e+00 9.98552945e-01 1.80097334e-04 -7.40838144e-04 9.98698421e-01 1.00092094e+00
7.90000000e+00 9.93661322e-01 1.57293658e-06 -1.92655437e-03 9.96148464e-01 1.00192813e+00
8.00000000e+00 9.89106397e-01 -1.64186039e-04 -3.03239819e-03 9.93771018e-01 1.00286821e+00
8.10000000e+00 9.84907851e-01 -3.16951978e-04 -4.05261019e-03 9.91577828e-01 1.00373566e+00
8.20000000e+00 9.81081086e-01 -4.56659498e-04 -4.98245340e-03 9.89578434e-01 1.00452579e+00
8.30000000e+00 9.77637544e-01 -5.83367899e-04 -5.81818638e-03 9.87780259e-01 1.00523482e+00
8.40000000e+00 9.74585011e-01 -6.97227541e-04 -6.55703248e-03 9.86188708e-01 1.00585980e+00
8.50000000e+00 9.71927897e-01 -7.98450721e-04 -7.19714586e-03 9.84807258e-01 1.00639870e+00
8.60000000e+00 9.69667496e-01 -8.87287418e-04 -7.73757470e-03 9.83637563e-01 1.00685029e+00
8.70000000e+00 9.67802224e-01 -9.64006074e-04 -8.17822184e-03 9.82679550e-01 1.00721422e+00
8.80000000e+00 9.66327839e-01 -1.02887938e-03 -8.51980330e-03 9.81931514e-01 1.00749092e+00
8.90000000e+00 9.65237637e-01 -1.08217488e-03 -8.76380479e-03 9.81390216e-01 1.00768163e+00
9.00000000e+00 9.64522629e-01 -1.12415013e-03 -8.91243644e-03 9.81050977e-01 1.00778829e+00
9.10000000e+00 9.64171703e-01 -1.15505188e-03 -8.96858598e-03 9.80907776e-01 1.00781353e+00
9.20000000e+00 9.64171772e-01 -1.17511881e-03 -8.93577030e-03 9.80953341e-01 1.00776065e+00
9.30000000e+00 9.64507910e-01 -1.18458715e-03 -8.81808581e-03 9.81179241e-01 1.00763350e+00
9.40000000e+00 9.65163478e-01 -1.18369869e-03 -8.62015736e-03 9.81575987e-01 1.00743646e+00
9.50000000e+00 9.66120249e-01 -1.17271020e-03 -8.34708620e-03 9.82133117e-01 1.00717438e+00
9.60000000e+00 9.67358524e-01 -1.15190393e-03 -8.00439671e-03 9.82839303e-01 1.00685249e+00
9.70000000e+00 9.68857254e-01 -1.12159825e-03 -7.59798229e-03 9.83682437e-01 1.00647638e+00
9.80000000e+00 9.70594159e-01 -1.08215793e-03 -7.13405047e-03 9.84649741e-01 1.00605189e+00
9.90000000e+00 9.72545858e-01 -1.03400345e-03 -6.61906730e-03 9.85727862e-01 1.00558506e+00
1.00000000e+01 9.74688001e-01 -9.77618896e-04 -6.05970127e-03 9.86902979e-01 1.00508208e+00
1.01000000e+01 9.76995415e-01 -9.13557906e-04 -5.46276696e-03 9.88160908e-01 1.00454921e+00
1.02000000e+01 9.79442254e-01 -8.42447412e-04 -4.83516860e-03 9.89487215e-01 1.00399272e+00
1.03000000e+01 9.82002168e-01 -7.64988933e-04 -4.18384382e-03 9.90867323e-01 1.00341885e+00
1.04000000e+01 9.84648478e-01 -6.81957253e-04 -3.51570790e-03 9.92286627e-01 1.00283375e+00
1.05000000e+01 9.87354365e-01 -5.94196465e-04 -2.83759876e-03 9.93730606e-01 1.00224340e+00
1.06000000e+01 9.90093067e-01 -5.02613447e-04 -2.15622315e-03 9.95184940e-01 1.00165361e+00
1.07000000e+01 9.92838090e-01 -4.08168905e-04 -1.47810433e-03 9.96635622e-01 1.00106994e+00
1.08000000e+01 9.95563425e-01 -3.11866242e-04 -8.09531711e-04 9.98069070e-01 1.00049767e+00
1.09000000e+01 9.98243766e-01 -2.14738560e-04 -1.56512816e-04 9.99472236e-01 9.99941774e-01
1.10000000e+01 1.00085473e+00 -1.17834164e-04 4.75271941e-04 1.00083271e+00 9.99406894e-01
1.11000000e+01 1.00337309e+00 -2.22010077e-05 1.08051127e-03 1.00213882e+00 9.98897288e-01
1.12000000e+01 1.00577699e+00 7.11294813e-05 1.65430139e-03 1.00337973e+00 9.98416828e-01
1.13000000e+01 1.00804611e+00 1.61158709e-04 2.19218030e-03 1.00454552e+00 9.97968978e-01
1.14000000e+01 1.01016194e+00 2.46936893e-04 2.69015767e-03 1.00562725e+00 9.97556779e-01
1.15000000e+01 1.01210788e+00 3.27578256e-04 3.14473993e-03 1.00661706e+00 9.97182838e-01
1.16000000e+01 1.01386944e+00 4.02275010e-04 3.55295028e-03 1.00750818e+00 9.96849325e-01
1.17000000e+01 1.01543433e+00 4.70309753e-04 3.91234346e-03 1.00829500e+00 9.96557966e-01
1.18000000e+01 1.01679262e+00 5.31065968e-04 4.22101497e-03 1.00897310e+00 9.96310051e-01
1.19000000e+01 1.01793675e+00 5.84036356e-04 4.47760488e-03 1.00953925e+00 9.96106431e-01
1.20000000e+01 1.01886159e+00 6.28828840e-04 4.68129603e-03 1.00999142e+00 9.95947533e-01
1.21000000e+01 1.01956448e+00 6.65170125e-04 4.83180671e-03 1.01032878e+00 9.95833363e-01
1.22000000e+01 1.02004515e+00 6.92906795e-04 4.92937821e-03 1.01055166e+00 9.95763529e-01
1.23000000e+01 1.02030569e+00 7.12003990e-04 4.97475711e-03 1.01066152e+00 9.95737247e-01
1.24000000e+01 1.02035048e+00 7.22541792e-04 4.96917293e-03 1.01066089e+00 9.95753369e-01
1.25000000e+01 1.02018601e+00 7.24709500e-04 4.91431135e-03 1.01055333e+00 9.95810398e-01
1.26000000e+01 1.01982080e+00 7.18798017e-04 4.81228351e-03 1.01034337e+00 9.95906515e-01
1.27000000e+01 1.01926521e+00 7.05190660e-04 4.66559177e-03 1.01003637e+00 9.96039599e-01
1.28000000e+01 1.01853124e+00 6.84352664e-04 4.47709254e-03 1.00963854e+00 9.96207260e-01
1.29000000e+01 1.01763235e+00 6.56819750e-04 4.24995674e-03 1.00915673e+00 9.96406863e-01
1.30000000e+01 1.01658326e+00 6.23186061e-04 3.98762826e-03 1.00859844e+00 9.96635558e-01
1.31000000e+01 1.01539970e+00 5.84091813e-04 3.69378122e-03 1.00797165e+00 9.96890311e-01
1.32000000e+01 1.01409821e+00 5.40210987e-04 3.37227633e-03 1.00728476e+00 9.97167935e-01
1.33000000e+01 1.01269594e+00 4.92239321e-04 3.02711709e-03 1.00654647e+00 9.97465122e-01
1.34000000e+01 1.01121042e+00 4.40882898e-04 2.66240617e-03 1.00576570e+00 9.97778477e-01
1.35000000e+01 1.00965933e+00 3.86847526e-04 2.28230244e-03 1.00495145e+00 9.98104545e-01
1.36000000e+01 1.00806037e+00 3.30829083e-04 1.89097927e-03 1.00411279e+00 9.98439850e-01
1.37000000e+01 1.00643101e+00 2.73504983e-04 1.49258416e-03 1.00325867e+00 9.98780921e-01
1.38000000e+01 1.00478836e+00 2.15526823e-04 1.09120033e-03 1.00239793e+00 9.99124326e-01
1.39000000e+01 1.00314900e+00 1.57514259e-04 6.90810406e-04 1.00153914e+00 9.99466704e-01
1.40000000e+01 1.00152886e+00 1.00050122e-04 2.95262469e-04 1.00069058e+00 9.99804788e-01
1.41000000e+01 9.99943053e-01 4.36767185e-05 -9.17612645e-05 9.99860154e-01 1.00013544e+00
1.42000000e+01 9.98405832e-01 -1.11067417e-05 -4.66773061e-04 9.99055347e-01 1.00045567e+00
1.43000000e+01 9.96930447e-01 -6.38457004e-05 -8.26505391e-04 9.98283144e-01 1.00076266e+00
1.44000000e+01 9.95529089e-01 -1.14130899e-04 -1.16793371e-03 9.97550002e-01 1.00105380e+00
1.45000000e+01 9.94212827e-01 -1.61598257e-04 -1.48829623e-03 9.96861809e-01 1.00132670e+00
1.46000000e+01 9.92991555e-01 -2.05928124e-04 -1.78511064e-03 9.96223851e-01 1.00157918e+00
1.47000000e+01 9.91873960e-01 -2.46844051e-04 -2.05618784e-03 9.95640780e-01 1.00180934e+00
1.48000000e+01 9.90867494e-01 -2.84111209e-04 -2.29964264e-03 9.95116604e-01 1.00201553e+00
1.49000000e+01 9.89978366e-01 -3.17534613e-04 -2.51390150e-03 9.94654662e-01 1.00219637e+00
1.50000000e+01 9.89211531e-01 -3.46957242e-04 -2.69770740e-03 9.94257628e-01 1.00235075e+00
1.51000000e+01 9.88570701e-01 -3.72258176e-04 -2.85012189e-03 9.93927498e-01 1.00247786e+00
1.52000000e+01 9.88058355e-01 -3.93350832e-04 -2.97052440e-03 9.93665600e-01 1.00257717e+00
1.53000000e+01 9.87675764e-01 -4.10181359e-04 -3.05860892e-03 9.93472601e-01 1.00264843e+00
1.54000000e+01 9.87423014e-01 -4.22727232e-04 -3.11437824e-03 9.93348516e-01 1.00269165e+00
1.55000000e+01 9.87299043e-01 -4.30996078e-04 -3.13813567e-03 9.93292733e-01 1.00270714e+00
1.56000000e+01 9.87301681e-01 -4.35024718e-04 -3.13047462e-03 9.93304026e-01 1.00269545e+00
1.57000000e+01 9.87427696e-01 -4.34878424e-04 -3.09226599e-03 9.93380590e-01 1.00265739e+00
1.58000000e+01 9.87672847e-01 -4.30650339e-04 -3.02464357e-03 9.93520063e-01 1.00259399e+00
1.59000000e+01 9.88031935e-01 -4.22461028e-04 -2.92898762e-03 9.93719564e-01 1.00250653e+00
1.60000000e+01 9.88498871e-01 -4.10458088e-04 -2.80690676e-03 9.93975728e-01 1.00239645e+00
1.61000000e+01 9.89066737e-01 -3.94815755e-04 -2.66021834e-03 9.94284748e-01 1.00226540e+00
1.62000000e+01 9.89727862e-01 -3.75734440e-04 -2.49092742e-03 9.94642411e-01 1.00211519e+00
1.63000000e+01 9.90473890e-01 -3.53440118e-04 -2.30120464e-03 9.95044151e-01 1.00194776e+00
1.64000000e+01 9.91295866e-01 -3.28183502e-04 -2.09336302e-03 9.95485090e-01 1.00176518e+00
1.65000000e+01 9.92184318e-01 -3.00238956e-04 -1.86983399e-03 9.95960093e-01 1.00156960e+00
1.66000000e+01 9.93129341e-01 -2.69903068e-04 -1.63314278e-03 9.96463811e-01 1.00136324e+00
1.67000000e+01 9.94120691e-01 -2.37492868e-04 -1.38588343e-03 9.96990740e-01 1.00114839e+00
1.68000000e+01 9.95147878e-01 -2.03343654e-04 -1.13069353e-03 9.97535269e-01 1.00092735e+00
1.69000000e+01 9.96200261e-01 -1.67806418e-04 -8.70228978e-04 9.98091736e-01 1.00070242e+00
1.70000000e+01 9.97267145e-01 -1.31244871e-04 -6.07139010e-04 9.98654477e-01 1.00047589e+00
1.71000000e+01 9.98337877e-01 -9.40320995e-05 -3.44041548e-04 9.99217885e-01 1.00025001e+00
1.72000000e+01 9.99401952e-01 -5.65468797e-05 -8.34992534e-05 9.99776455e-01 1.00002695e+00
1.73000000e+01 1.00044910e+00 -1.91697079e-05 1.72003596e-04 1.00032484e+00 9.99808827e-01
1.74000000e+01 1.00146939e+00 1.77213908e-05 4.20083174e-04 1.00085789e+00 9.99597638e-01
1.75000000e+01 1.00245333e+00 5.37552010e-05 6.58476920e-04 1.00137071e+00 9.99395278e-01
1.76000000e+01 1.00339191e+00 8.85717158e-05 8.85062913e-04 1.00185870e+00 9.99203509e-01
1.77000000e+01 1.00427676e+00 1.21826509e-04 1.09787763e-03 1.00231758e+00 9.99023949e-01
1.78000000e+01 1.00510016e+00 1.53194986e-04 1.29513191e-03 1.00274346e+00 9.98858063e-01
1.79000000e+01 1.00585515e+00 1.82376424e-04 1.47522499e-03 1.00313283e+00 9.98707151e-01
1.80000000e+01 1.00653558e+00 2.09097708e-04 1.63675653e-03 1.00348261e+00 9.98572341e-01
1.81000000e+01 1.00713615e+00 2.33116688e-04 1.77853641e-03 1.00379019e+00 9.98454580e-01
1.82000000e+01 1.00765247e+00 2.54225072e-04 1.89959231e-03 1.00405341e+00 9.98354633e-01
1.83000000e+01 1.00808109e+00 2.72250811e-04 1.99917509e-03 1.00427060e+00 9.98273076e-01
1.84000000e+01 1.00841950e+00 2.87059903e-04 2.07676168e-03 1.00444058e+00 9.98210298e-01
1.85000000e+01 1.00866618e+00 2.98557604e-04 2.13205580e-03 1.00456267e+00 9.98166502e-01
1.86000000e+01 1.00882055e+00 3.06689011e-04 2.16498633e-03 1.00463666e+00 9.98141703e-01
1.87000000e+01 1.00888301e+00 3.11439024e-04 2.17570342e-03 1.00466285e+00 9.98135736e-01
1.88000000e+01 1.00885488e+00 3.12831689e-04 2.16457249e-03 1.00464198e+00 9.98148259e-01
1.89000000e+01 1.00873837e+00 3.10928957e-04 2.13216610e-03 1.00457526e+00 9.98178763e-01
1.90000000e+01 1.00853656e+00 3.05828900e-04 2.07925400e-03 1.00446434e+00 9.98226575e-01
1.91000000e+01 1.00825331e+00 2.97663421e-04 2.00679127e-03 1.00431125e+00 9.98290872e-01
1.92000000e+01 1.00789326e+00 2.86595543e-04 1.91590497e-03 1.00411841e+00 9.98370691e-01
1.93000000e+01 1.00746168e+00 2.72816325e-04 1.80787922e-03 1.00388857e+00 9.98464937e-01
1.94000000e+01 1.00696448e+00 2.56541499e-04 1.68413916e-03 1.00362482e+00 9.98572402e-01
1.95000000e+01 1.00640808e+00 2.38007882e-04 1.54623383e-03 1.00333048e+00 9.98691774e-01
1.96000000e+01 1.00579936e+00 2.17469673e-04 1.39581811e-03 1.00300911e+00 9.98821652e-01
1.97000000e+01 1.00514555e+00 1.95194677e-04 1.23463422e-03 1.00266446e+00 9.98960560e-01
1.98000000e+01 1.00445416e+00 1.71460554e-04 1.06449264e-03 1.00230045e+00 9.99106968e-01
1.99000000e+01 1.00373291e+00 1.46551149e-04 8.87252904e-04 1.00192106e+00 9.99259298e-01
2.00000000e+01 1.00298960e+00 1.20752962e-04 7.04804371e-04 1.00153036e+00 9.99415949e-01
2.01000000e+01 1.00223209e+00 9.43518083e-05 5.19047170e-04 1.00113245e+00 9.99575305e-01
2.02000000e+01 1.00146818e+00 6.76297181e-05 3.31873522e-04 1.00073138e+00 9.99735756e-01
2.03000000e+01 1.00070553e+00 4.08620934e-05 1.45149600e-04 1.00033116e+00 9.99895712e-01
2.04000000e+01 9.99951629e-01 1.43151580e-05 -3.93019027e-05 9.99935711e-01 1.00005362e+00
2.05000000e+01 9.99213682e-01 -1.17562971e-05 -2.19718360e-04 9.99548807e-01 1.00020796e+00
2.06000000e+01 9.98498574e-01 -3.71108647e-05 -3.94412817e-04 9.99174064e-01 1.00035730e+00
2.07000000e+01 9.97812809e-01 -6.15221750e-05 -5.61788498e-04 9.98814901e-01 1.00050027e+00
2.08000000e+01 9.97162456e-01 -8.47802633e-05 -7.20352107e-04 9.98474516e-01 1.00063557e+00
2.09000000e+01 9.96553103e-01 -1.06692670e-04 -8.68725846e-04 9.98155856e-01 1.00076203e+00
2.10000000e+01 9.95989823e-01 -1.27085291e-04 -1.00565807e-03 9.97861599e-01 1.00087857e+00
2.11000000e+01 9.95477137e-01 -1.45803012e-04 -1.13003252e-03 9.97594132e-01 1.00098423e+00
2.12000000e+01 9.95018986e-01 -1.62710141e-04 -1.24087609e-03 9.97355538e-01 1.00107817e+00
2.13000000e+01 9.94618710e-01 -1.77690674e-04 -1.33736511e-03 9.97147579e-01 1.00115967e+00
2.14000000e+01 9.94279035e-01 -1.90648419e-04 -1.41883014e-03 9.96971691e-01 1.00122818e+00
2.15000000e+01 9.94002057e-01 -2.01506998e-04 -1.48475917e-03 9.96828975e-01 1.00128325e+00
2.16000000e+01 9.93789244e-01 -2.10209752e-04 -1.53479943e-03 9.96720191e-01 1.00132459e+00
2.17000000e+01 9.93641429e-01 -2.16719560e-04 -1.56875761e-03 9.96645765e-01 1.00135204e+00
2.18000000e+01 9.93558823e-01 -2.21018593e-04 -1.58659868e-03 9.96605784e-01 1.00136558e+00
2.19000000e+01 9.93541019e-01 -2.23108006e-04 -1.58844331e-03 9.96600005e-01 1.00136534e+00
2.20000000e+01 9.93587011e-01 -2.23007572e-04 -1.57456382e-03 9.96627865e-01 1.00135156e+00
2.21000000e+01 9.93695214e-01 -2.20755265e-04 -1.54537897e-03 9.96688487e-01 1.00132462e+00
2.22000000e+01 9.93863486e-01 -2.16406776e-04 -1.50144740e-03 9.96780698e-01 1.00128504e+00
2.23000000e+01 9.94089155e-01 -2.10034974e-04 -1.44345994e-03 9.96903045e-01 1.00123342e+00
2.24000000e+01 9.94369058e-01 -2.01729278e-04 -1.37223085e-03 9.97053809e-01 1.00117050e+00
2.25000000e+01 9.94699567e-01 -1.91594955e-04 -1.28868806e-03 9.97231029e-01 1.00109709e+00
2.26000000e+01 9.95076636e-01 -1.79752315e-04 -1.19386251e-03 9.97432523e-01 1.00101411e+00
2.27000000e+01 9.95495839e-01 -1.66335800e-04 -1.08887673e-03 9.97655911e-01 1.00092254e+00
2.28000000e+01 9.95952417e-01 -1.51492949e-04 -9.74932704e-04 9.97898642e-01 1.00082344e+00
2.29000000e+01 9.96441325e-01 -1.35383241e-04 -8.53299190e-04 9.98158018e-01 1.00071792e+00
2.30000000e+01 9.96957283e-01 -1.18176806e-04 -7.25298595e-04 9.98431226e-01 1.00060712e+00
2.31000000e+01 9.97494827e-01 -1.00052993e-04 -5.92293512e-04 9.98715360e-01 1.00049224e+00
2.32000000e+01 9.98048361e-01 -8.11988153e-05 -4.55673068e-04 9.99007455e-01 1.00037447e+00
2.33000000e+01 9.98612212e-01 -6.18072588e-05 -3.16839189e-04 9.99304514e-01 1.00025503e+00
2.34000000e+01 9.99180688e-01 -4.20754816e-05 -1.77192921e-04 9.99603539e-01 1.00013512e+00
2.35000000e+01 9.99748125e-01 -2.22029068e-05 -3.81209342e-05 9.99901555e-01 1.00001592e+00
2.36000000e+01 1.00030895e+00 -2.38923585e-06 9.90176781e-05 1.00019565e+00 9.99898593e-01
2.37000000e+01 1.00085773e+00 1.71675980e-05 2.32904165e-04 1.00048298e+00 9.99784263e-01
2.38000000e+01 1.00138922e+00 3.62735065e-05 3.62272342e-04 1.00076082e+00 9.99674001e-01
2.39000000e+01 1.00189842e+00 5.47403256e-05 4.85920155e-04 1.00102658e+00 9.99568820e-01
2.40000000e+01 1.00238061e+00 7.23878642e-05 6.02720477e-04 1.00127783e+00 9.99469667e-01
2.41000000e+01 1.00283143e+00 8.90458883e-05 7.11631036e-04 1.00151231e+00 9.99377415e-01
2.42000000e+01 1.00324686e+00 1.04556009e-04 8.11703392e-04 1.00172796e+00 9.99292853e-01
2.43000000e+01 1.00362330e+00 1.18773441e-04 9.02090870e-04 1.00192296e+00 9.99216683e-01
2.44000000e+01 1.00395760e+00 1.31568597e-04 9.82055385e-04 1.00209568e+00 9.99149513e-01
2.45000000e+01 1.00424707e+00 1.42828498e-04 1.05097310e-03 1.00224477e+00 9.99091855e-01
2.46000000e+01 1.00448951e+00 1.52457959e-04 1.10833890e-03 1.00236914e+00 9.99044119e-01
2.47000000e+01 1.00468322e+00 1.60380553e-04 1.15376953e-03 1.00246792e+00 9.99006611e-01
2.48000000e+01 1.00482703e+00 1.66539306e-04 1.18700563e-03 1.00254055e+00 9.98979534e-01
2.49000000e+01 1.00492028e+00 1.70897143e-04 1.20791233e-03 1.00258672e+00 9.98962985e-01
2.50000000e+01 1.00496283e+00 1.73437052e-04 1.21647872e-03 1.00260639e+00 9.98956958e-01
2.51000000e+01 1.00495506e+00 1.74161990e-04 1.21281600e-03 1.00259979e+00 9.98961346e-01
2.52000000e+01 1.00489785e+00 1.73094514e-04 1.19715449e-03 1.00256740e+00 9.98975940e-01
2.53000000e+01 1.00479256e+00 1.70276166e-04 1.16983944e-03 1.00250996e+00 9.99000437e-01
2.54000000e+01 1.00464102e+00 1.65766614e-04 1.13132582e-03 1.00242842e+00 9.99034441e-01
2.55000000e+01 1.00444550e+00 1.59642581e-04 1.08217202e-03 1.00232399e+00 9.99077471e-01
2.56000000e+01 1.00420865e+00 1.51996569e-04 1.02303265e-03 1.00219806e+00 9.99128964e-01
2.57000000e+01 1.00393353e+00 1.42935428e-04 9.54650521e-04 1.00205224e+00 9.99188285e-01
2.58000000e+01 1.00362351e+00 1.32578771e-04 8.77847834e-04 1.00188827e+00 9.99254731e-01
2.59000000e+01 1.00328224e+00 1.21057293e-04 7.93516765e-04 1.00170809e+00 9.99327541e-01
2.60000000e+01 1.00291365e+00 1.08510999e-04 7.02609495e-04 1.00151373e+00 9.99405902e-01
2.61000000e+01 1.00252185e+00 9.50873935e-05 6.06127835e-04 1.00130734e+00 9.99488960e-01
2.62000000e+01 1.00211111e+00 8.09396477e-05 5.05112531e-04 1.00109116e+00 9.99575827e-01
2.63000000e+01 1.00168584e+00 6.62247726e-05 4.00632387e-04 1.00086749e+00 9.99665592e-01
2.64000000e+01 1.00125048e+00 5.11018320e-05 2.93773294e-04 1.00063865e+00 9.99757329e-01
2.65000000e+01 1.00080952e+00 3.57302104e-05 1.85627304e-04 1.00040698e+00 9.99850103e-01
2.66000000e+01 1.00036742e+00 2.02679586e-05 7.72818300e-05 1.00017483e+00 9.99942986e-01
2.67000000e+01 9.99928549e-01 4.87023367e-06 -3.01909076e-05 9.99944488e-01 1.00003506e+00
2.68000000e+01 9.99497201e-01 -1.03121542e-05 -1.35744099e-04 9.99718200e-01 1.00012543e+00
2.69000000e+01 9.99077505e-01 -2.51340777e-05 -2.38366130e-04 9.99498134e-01 1.00021323e+00
2.70000000e+01 9.98673406e-01 -3.94573049e-05 -3.37089856e-04 9.99286363e-01 1.00029763e+00
2.71000000e+01 9.98288630e-01 -5.31515847e-05 -4.31001274e-04 9.99084846e-01 1.00037785e+00
2.72000000e+01 9.97926653e-01 -6.60956046e-05 -5.19247545e-04 9.98895409e-01 1.00045315e+00
2.73000000e+01 9.97590669e-01 -7.81778212e-05 -6.01044274e-04 9.98719734e-01 1.00052287e+00
2.74000000e+01 9.97283568e-01 -8.92971685e-05 -6.75682026e-04 9.98559339e-01 1.00058638e+00
2.75000000e+01 9.97007915e-01 -9.93636471e-05 -7.42532003e-04 9.98415572e-01 1.00064317e+00
2.76000000e+01 9.96765926e-01 -1.08298801e-04 -8.01050872e-04 9.98289599e-01 1.00069275e+00
2.77000000e+01 9.96559460e-01 -1.16036089e-04 -8.50784692e-04 9.98182395e-01 1.00073475e+00
2.78000000e+01 9.96390006e-01 -1.22521153e-04 -8.91371933e-04 9.98094735e-01 1.00076885e+00
2.79000000e+01 9.96258670e-01 -1.27712000e-04 -9.22545580e-04 9.98027197e-01 1.00079483e+00
2.80000000e+01 9.96166178e-01 -1.31579087e-04 -9.44134299e-04 9.97980152e-01 1.00081256e+00
2.81000000e+01 9.96112872e-01 -1.34105331e-04 -9.56062692e-04 9.97953769e-01 1.00082196e+00
2.82000000e+01 9.96098712e-01 -1.35286033e-04 -9.58350640e-04 9.97948013e-01 1.00082306e+00
2.83000000e+01 9.96123282e-01 -1.35128735e-04 -9.51111752e-04 9.97962648e-01 1.00081598e+00
2.84000000e+01 9.96185801e-01 -1.33652996e-04 -9.34550957e-04 9.97997245e-01 1.00080090e+00
2.85000000e+01 9.96285133e-01 -1.30890093e-04 -9.08961269e-04 9.98051187e-01 1.00077807e+00
2.86000000e+01 9.96419806e-01 -1.26882662e-04 -8.74719757e-04 9.98123678e-01 1.00074784e+00
2.87000000e+01 9.96588024e-01 -1.21684247e-04 -8.32282781e-04 9.98213750e-01 1.00071060e+00
2.88000000e+01 9.96787692e-01 -1.15358795e-04 -7.82180533e-04 9.98320280e-01 1.00066682e+00
2.89000000e+01 9.97016440e-01 -1.07980057e-04 -7.25010950e-04 9.98441998e-01 1.00061703e+00
2.90000000e+01 9.97271646e-01 -9.96309272e-05 -6.61433058e-04 9.98577503e-01 1.00056180e+00
2.91000000e+01 9.97550461e-01 -9.04026988e-05 -5.92159816e-04 9.98725278e-01 1.00050176e+00
2.92000000e+01 9.97849847e-01 -8.03942452e-05 -5.17950524e-04 9.98883705e-01 1.00043756e+00
2.93000000e+01 9.98166598e-01 -6.97111276e-05 -4.39602884e-04 9.99051083e-01 1.00036989e+00
2.94000000e+01 9.98497379e-01 -5.84646312e-05 -3.57944777e-04 9.99225646e-01 1.00029948e+00
2.95000000e+01 9.98838757e-01 -4.67707341e-05 -2.73825843e-04 9.99405578e-01 1.00022706e+00
2.96000000e+01 9.99187232e-01 -3.47490151e-05 -1.88108943e-04 9.99589033e-01 1.00015336e+00
2.97000000e+01 9.99539278e-01 -2.25215092e-05 -1.01661588e-04 9.99774155e-01 1.00007914e+00
2.98000000e+01 9.99891373e-01 -1.02115190e-05 -1.53474106e-05 9.99959094e-01 1.00000514e+00
2.99000000e+01 1.00024003e+00 2.05760581e-06 6.99822332e-05 1.00014202e+00 9.99932075e-01
3.00000000e+01 1.00058185e+00 1.41637079e-05 1.53496452e-04 1.00032116e+00 9.99860667e-01
3.01000000e+01 1.00091351e+00 2.59870673e-05 2.34392724e-04 1.00049477e+00 9.99791594e-01
3.02000000e+01 1.00123186e+00 3.74116358e-05 3.11904442e-04 1.00066122e+00 9.99725507e-01
3.03000000e+01 1.00153390e+00 4.83262447e-05 3.85308021e-04 1.00081894e+00 9.99663018e-01
3.04000000e+01 1.00181681e+00 5.86257698e-05 4.53929510e-04 1.00096648e+00 9.99604696e-01
3.05000000e+01 1.00207803e+00 6.82122362e-05 5.17150649e-04 1.00110251e+00 9.99551062e-01
3.06000000e+01 1.00231522e+00 7.69958479e-05 5.74414298e-04 1.00122582e+00 9.99502582e-01
3.07000000e+01 1.00252631e+00 8.48959252e-05 6.25229211e-04 1.00133535e+00 9.99459667e-01
3.08000000e+01 1.00270952e+00 9.18417366e-05 6.69174102e-04 1.00143019e+00 9.99422668e-01
3.09000000e+01 1.00286337e+00 9.77732121e-05 7.05900962e-04 1.00150958e+00 9.99391872e-01
3.10000000e+01 1.00298668e+00 1.02641527e-04 7.35137619e-04 1.00157292e+00 9.99367504e-01
3.11000000e+01 1.00307861e+00 1.06409546e-04 7.56689502e-04 1.00161979e+00 9.99349720e-01
3.12000000e+01 1.00313863e+00 1.09052128e-04 7.70440620e-04 1.00164993e+00 9.99338612e-01
3.13000000e+01 1.00316655e+00 1.10556272e-04 7.76353733e-04 1.00166326e+00 9.99334203e-01
3.14000000e+01 1.00316249e+00 1.10921124e-04 7.74469740e-04 1.00165986e+00 9.99336451e-01
3.15000000e+01 1.00312690e+00 1.10157830e-04 7.64906291e-04 1.00163997e+00 9.99345252e-01
3.16000000e+01 1.00306055e+00 1.08289246e-04 7.47855647e-04 1.00160400e+00 9.99360434e-01
3.17000000e+01 1.00296448e+00 1.05349507e-04 7.23581824e-04 1.00155251e+00 9.99381768e-01
3.18000000e+01 1.00284004e+00 1.01383474e-04 6.92417052e-04 1.00148622e+00 9.99408966e-01
3.19000000e+01 1.00268883e+00 9.64460550e-05 6.54757600e-04 1.00140596e+00 9.99441688e-01
3.20000000e+01 1.00251272e+00 9.06014254e-05 6.11059017e-04 1.00131272e+00 9.99479542e-01
3.21000000e+01 1.00231379e+00 8.39221529e-05 5.61830843e-04 1.00120758e+00 9.99522091e-01
3.22000000e+01 1.00209431e+00 7.64882479e-05 5.07630861e-04 1.00109175e+00 9.99568857e-01
3.23000000e+01 1.00185673e+00 6.83861504e-05 4.49058935e-04 1.00096650e+00 9.99619327e-01
3.24000000e+01 1.00160367e+00 5.97076720e-05 3.86750525e-04 1.00083321e+00 9.99672957e-01
3.25000000e+01 1.00133783e+00 5.05489082e-05 3.21369937e-04 1.00069329e+00 9.99729179e-01
3.26000000e+01 1.00106204e+00 4.10091348e-05 2.53603379e-04 1.00054822e+00 9.99787406e-01
3.27000000e+01 1.00077915e+00 3.11897056e-05 1.84151902e-04 1.00039949e+00 9.99847038e-01
3.28000000e+01 1.00049207e+00 2.11929633e-05 1.13724289e-04 1.00024864e+00 9.99907469e-01
3.29000000e+01 1.00020370e+00 1.11211761e-05 4.30299776e-05 1.00009718e+00 9.99968091e-01
3.30000000e+01 9.99916913e-01 1.07551264e-06 -2.72279332e-05 9.99946620e-01 1.00002830e+00
3.31000000e+01 9.99634530e-01 -8.84493693e-06 -9.63595097e-05 9.99798436e-01 1.00008751e+00
3.32000000e+01 9.99359287e-01 -1.85440840e-05 -1.63694586e-04 9.99654067e-01 1.00014515e+00
3.33000000e+01 9.99093812e-01 -2.79297028e-05 -2.28589080e-04 9.99514892e-01 1.00020066e+00
3.34000000e+01 9.98840604e-01 -3.69142247e-05 -2.90430969e-04 9.99382224e-01 1.00025352e+00
3.35000000e+01 9.98602005e-01 -4.54154611e-05 -3.48645870e-04 9.99257293e-01 1.00030323e+00
3.36000000e+01 9.98380186e-01 -5.33572533e-05 -4.02702174e-04 9.99141238e-01 1.00034934e+00
3.37000000e+01 9.98177123e-01 -6.06700471e-05 -4.52115702e-04 9.99035099e-01 1.00039145e+00
3.38000000e+01 9.97994583e-01 -6.72913918e-05 -4.96453833e-04 9.98939801e-01 1.00042916e+00
3.39000000e+01 9.97834111e-01 -7.31663644e-05 -5.35339084e-04 9.98856155e-01 1.00046217e+00
3.40000000e+01 9.97697018e-01 -7.82479196e-05 -5.68452110e-04 9.98784848e-01 1.00049020e+00
3.41000000e+01 9.97584368e-01 -8.24971665e-05 -5.95534100e-04 9.98726435e-01 1.00051304e+00
3.42000000e+01 9.97496975e-01 -8.58835745e-05 -6.16388567e-04 9.98681339e-01 1.00053050e+00
3.43000000e+01 9.97435400e-01 -8.83851096e-05 -6.30882513e-04 9.98649850e-01 1.00054250e+00
3.44000000e+01 9.97399942e-01 -8.99883022e-05 -6.38946965e-04 9.98632118e-01 1.00054896e+00
3.45000000e+01 9.97390646e-01 -9.06882500e-05 -6.40576898e-04 9.98628158e-01 1.00054989e+00
3.46000000e+01 9.97407300e-01 -9.04885547e-05 -6.35830535e-04 9.98637850e-01 1.00054534e+00
3.47000000e+01 9.97449443e-01 -8.94011968e-05 -6.24828056e-04 9.98660943e-01 1.00053543e+00
3.48000000e+01 9.97516372e-01 -8.74463475e-05 -6.07749719e-04 9.98697054e-01 1.00052030e+00
3.49000000e+01 9.97607150e-01 -8.46521197e-05 -5.84833430e-04 9.98745681e-01 1.00050018e+00
3.50000000e+01 9.97720617e-01 -8.10542587e-05 -5.56371783e-04 9.98806202e-01 1.00047532e+00
3.51000000e+01 9.97855407e-01 -7.66957747e-05 -5.22708603e-04 9.98877887e-01 1.00044601e+00
3.52000000e+01 9.98009957e-01 -7.16265166e-05 -4.84235035e-04 9.98959903e-01 1.00041261e+00
3.53000000e+01 9.98182532e-01 -6.59026902e-05 -4.41385216e-04 9.99051327e-01 1.00037548e+00
3.54000000e+01 9.98371236e-01 -5.95863209e-05 -3.94631576e-04 9.99151151e-01 1.00033505e+00
3.55000000e+01 9.98574034e-01 -5.27446654e-05 -3.44479812e-04 9.99258296e-01 1.00029174e+00
3.56000000e+01 9.98788776e-01 -4.54495729e-05 -2.91463596e-04 9.99371623e-01 1.00024601e+00
3.57000000e+01 9.99013213e-01 -3.77768013e-05 -2.36139054e-04 9.99489945e-01 1.00019836e+00
3.58000000e+01 9.99245025e-01 -2.98052916e-05 -1.79079088e-04 9.99612037e-01 1.00014927e+00
3.59000000e+01 9.99481844e-01 -2.16164067e-05 -1.20867582e-04 9.99736648e-01 1.00009925e+00
3.60000000e+01 9.99721271e-01 -1.32931393e-05 -6.20935544e-05 9.99862520e-01 1.00004880e+00
3.61000000e+01 9.99960908e-01 -4.91929738e-06 -3.34532381e-06 9.99988390e-01 9.99998426e-01
3.62000000e+01 1.00019838e+00 3.42132622e-06 5.47952781e-05 1.00011301e+00 9.99948626e-01
3.63000000e+01 1.00043134e+00 1.16457911e-05 1.11758567e-04 1.00023516e+00 9.99899887e-01
3.64000000e+01 1.00065754e+00 1.96728449e-05 1.66992502e-04 1.00035366e+00 9.99852680e-01
3.65000000e+01 1.00087480e+00 2.74237468e-05 2.19967950e-04 1.00046736e+00 9.99807456e-01
3.66000000e+01 1.00108104e+00 3.48230706e-05 2.70183686e-04 1.00057519e+00 9.99764639e-01
3.67000000e+01 1.00127432e+00 4.17994757e-05 3.17171060e-04 1.00067614e+00 9.99724628e-01
3.68000000e+01 1.00145286e+00 4.82864371e-05 3.60498312e-04 1.00076928e+00 9.99687788e-01
3.69000000e+01 1.00161504e+00 5.42229251e-05 3.99774468e-04 1.00085377e+00 9.99654448e-01
3.70000000e+01 1.00175939e+00 5.95540240e-05 4.34652804e-04 1.00092886e+00 9.99624901e-01
3.71000000e+01 1.00188468e+00 6.42314833e-05 4.64833830e-04 1.00099390e+00 9.99599398e-01
3.72000000e+01 1.00198984e+00 6.82141923e-05 4.90067786e-04 1.00104835e+00 9.99578146e-01
3.73000000e+01 1.00207404e+00 7.14685728e-05 5.10156604e-04 1.00109178e+00 9.99561312e-01
3.74000000e+01 1.00213666e+00 7.39688828e-05 5.24955348e-04 1.00112388e+00 9.99549014e-01
3.75000000e+01 1.00217729e+00 7.56974300e-05 5.34373101e-04 1.00114444e+00 9.99541324e-01
3.76000000e+01 1.00219577e+00 7.66446894e-05 5.38373311e-04 1.00115339e+00 9.99538271e-01
3.77000000e+01 1.00219214e+00 7.68093266e-05 5.36973584e-04 1.00115076e+00 9.99539836e-01
3.78000000e+01 1.00216667e+00 7.61981257e-05 5.30244937e-04 1.00113669e+00 9.99545953e-01
3.79000000e+01 1.00211986e+00 7.48258243e-05 5.18310537e-04 1.00111145e+00 9.99556515e-01
3.80000000e+01 1.00205239e+00 7.27148585e-05 5.01343914e-04 1.00107540e+00 9.99571371e-01
3.81000000e+01 1.00196516e+00 6.98950238e-05 4.79566708e-04 1.00102903e+00 9.99590328e-01
3.82000000e+01 1.00185925e+00 6.64030559e-05 4.53245943e-04 1.00097289e+00 9.99613157e-01
3.83000000e+01 1.00173592e+00 6.22821404e-05 4.22690896e-04 1.00090766e+00 9.99639591e-01
3.84000000e+01 1.00159658e+00 5.75813578e-05 3.88249563e-04 1.00083408e+00 9.99669332e-01
3.85000000e+01 1.00144281e+00 5.23550735e-05 3.50304789e-04 1.00075296e+00 9.99702050e-01
3.86000000e+01 1.00127628e+00 4.66622807e-05 3.09270089e-04 1.00066520e+00 9.99737392e-01
3.87000000e+01 1.00109879e+00 4.05659074e-05 2.65585217e-04 1.00057174e+00 9.99774981e-01
3.88000000e+01 1.00091224e+00 3.41320953e-05 2.19711519e-04 1.00047356e+00 9.99814421e-01
3.89000000e+01 1.00071856e+00 2.74294614e-05 1.72127132e-04 1.00037168e+00 9.99855302e-01
3.90000000e+01 1.00051977e+00 2.05283515e-05 1.23322065e-04 1.00026717e+00 9.99897206e-01
3.91000000e+01 1.00031789e+00 1.35000933e-05 7.37932259e-05 1.00016109e+00 9.99939707e-01
3.92000000e+01 1.00011497e+00 6.41625998e-06 2.40394336e-05 1.00005450e+00 9.99982377e-01
3.93000000e+01 9.99913021e-01 -6.52051199e-07 -2.54435271e-05 9.99948461e-01 1.00002479e+00
3.94000000e+01 9.99714046e-01 -7.63491487e-06 -7.41677666e-05 9.99844030e-01 1.00006653e+00
3.95000000e+01 9.99519981e-01 -1.44642443e-05 -1.21658015e-04 9.99742220e-01 1.00010719e+00
3.96000000e+01 9.99332698e-01 -2.10744223e-05 -1.67456170e-04 9.99644013e-01 1.00014638e+00
3.97000000e+01 9.99153978e-01 -2.74028916e-05 -2.11125622e-04 9.99550346e-01 1.00018372e+00
3.98000000e+01 9.98985500e-01 -3.33907008e-05 -2.52255321e-04 9.99462099e-01 1.00021886e+00
3.99000000e+01 9.98828824e-01 -3.89830041e-05 -2.90463548e-04 9.99380090e-01 1.00025148e+00
4.00000000e+01 9.98685374e-01 -4.41295095e-05 -3.25401354e-04 9.99305068e-01 1.00028127e+00
4.01000000e+01 9.98556432e-01 -4.87848769e-05 -3.56755644e-04 9.99237704e-01 1.00030797e+00
4.02000000e+01 9.98443121e-01 -5.29090626e-05 -3.84251876e-04 9.99178587e-01 1.00033134e+00
4.03000000e+01 9.98346400e-01 -5.64676102e-05 -4.07656356e-04 9.99128220e-01 1.00035119e+00
4.04000000e+01 9.98267057e-01 -5.94318885e-05 -4.26778113e-04 9.99087012e-01 1.00036735e+00
4.05000000e+01 9.98205698e-01 -6.17792743e-05 -4.41470329e-04 9.99055280e-01 1.00037969e+00
4.06000000e+01 9.98162749e-01 -6.34932826e-05 -4.51631339e-04 9.99033244e-01 1.00038814e+00
4.07000000e+01 9.98138452e-01 -6.45636427e-05 -4.57205172e-04 9.99021026e-01 1.00039264e+00
4.08000000e+01 9.98132862e-01 -6.49863228e-05 -4.58181645e-04 9.99018650e-01 1.00039320e+00
4.09000000e+01 9.98145850e-01 -6.47635016e-05 -4.54596016e-04 9.99026044e-01 1.00038983e+00
4.10000000e+01 9.98177110e-01 -6.39034899e-05 -4.46528190e-04 9.99043040e-01 1.00038262e+00
4.11000000e+01 9.98226155e-01 -6.24206019e-05 -4.34101508e-04 9.99069376e-01 1.00037168e+00
4.12000000e+01 9.98292333e-01 -6.03349768e-05 -4.17481123e-04 9.99104703e-01 1.00035715e+00
4.13000000e+01 9.98374828e-01 -5.76723535e-05 -3.96871981e-04 9.99148584e-01 1.00033920e+00
4.14000000e+01 9.98472670e-01 -5.44637986e-05 -3.72516439e-04 9.99200503e-01 1.00031805e+00
4.15000000e+01 9.98584750e-01 -5.07453888e-05 -3.44691536e-04 9.99259872e-01 1.00029395e+00
4.16000000e+01 9.98709829e-01 -4.65578513e-05 -3.13705957e-04 9.99326030e-01 1.00026715e+00
4.17000000e+01 9.98846549e-01 -4.19461625e-05 -2.79896705e-04 9.99398260e-01 1.00023795e+00
4.18000000e+01 9.98993451e-01 -3.69591081e-05 -2.43625538e-04 9.99475790e-01 1.00020667e+00
4.19000000e+01 9.99148988e-01 -3.16488082e-05 -2.05275182e-04 9.99557801e-01 1.00017363e+00
4.20000000e+01 9.99311543e-01 -2.60702098e-05 -1.65245382e-04 9.99643439e-01 1.00013918e+00
4.21000000e+01 9.99479441e-01 -2.02805507e-05 -1.23948811e-04 9.99731822e-01 1.00010367e+00
4.22000000e+01 9.99650970e-01 -1.43387994e-05 -8.18068908e-05 9.99822047e-01 1.00006747e+00
4.23000000e+01 9.99824396e-01 -8.30507558e-06 -3.92455600e-05 9.99913204e-01 1.00003094e+00
4.24000000e+01 9.99997981e-01 -2.24005644e-06 3.30896956e-06 1.00000438e+00 9.99994451e-01
4.25000000e+01 1.00017000e+00 3.79562584e-06 4.54344231e-05 1.00009466e+00 9.99958361e-01
4.26000000e+01 1.00033876e+00 9.74198881e-06 8.67166007e-05 1.00018318e+00 9.99923025e-01
4.27000000e+01 1.00050261e+00 1.55403007e-05 1.26753403e-04 1.00026905e+00 9.99888787e-01
4.28000000e+01 1.00065996e+00 2.11336712e-05 1.65158704e-04 1.00035145e+00 9.99855975e-01
4.29000000e+01 1.00080932e+00 2.64676248e-05 2.01566035e-04 1.00042960e+00 9.99824902e-01
4.30000000e+01 1.00094925e+00 3.14906507e-05 2.35632046e-04 1.00050275e+00 9.99795859e-01
4.31000000e+01 1.00107845e+00 3.61547223e-05 2.67039705e-04 1.00057023e+00 9.99769115e-01
4.32000000e+01 1.00119573e+00 4.04157799e-05 2.95501215e-04 1.00063142e+00 9.99744915e-01
4.33000000e+01 1.00130003e+00 4.42341702e-05 3.20760614e-04 1.00068576e+00 9.99723474e-01
4.34000000e+01 1.00139042e+00 4.75750389e-05 3.42596038e-04 1.00073277e+00 9.99704979e-01
4.35000000e+01 1.00146613e+00 5.04086678e-05 3.60821622e-04 1.00077205e+00 9.99689587e-01
4.36000000e+01 1.00152653e+00 5.27107569e-05 3.75289034e-04 1.00080329e+00 9.99677422e-01
4.37000000e+01 1.00157115e+00 5.44626429e-05 3.85888610e-04 1.00082624e+00 9.99668574e-01
4.38000000e+01 1.00159969e+00 5.56514563e-05 3.92550108e-04 1.00084075e+00 9.99663101e-01
4.39000000e+01 1.00161202e+00 5.62702109e-05 3.95243046e-04 1.00084676e+00 9.99661027e-01
4.40000000e+01 1.00160816e+00 5.63178288e-05 3.93976657e-04 1.00084427e+00 9.99662341e-01
4.41000000e+01 1.00158829e+00 5.57990983e-05 3.88799430e-04 1.00083340e+00 9.99667000e-01
4.42000000e+01 1.00155275e+00 5.47245665e-05 3.79798280e-04 1.00081432e+00 9.99674926e-01
4.43000000e+01 1.00150205e+00 5.31103700e-05 3.67097327e-04 1.00078731e+00 9.99686013e-01
4.44000000e+01 1.00143683e+00 5.09780047e-05 3.50856329e-04 1.00075269e+00 9.99700122e-01
4.45000000e+01 1.00135787e+00 4.83540389e-05 3.31268760e-04 1.00071089e+00 9.99717085e-01
4.46000000e+01 1.00126609e+00 4.52697755e-05 3.08559580e-04 1.00066239e+00 9.99736710e-01
4.47000000e+01 1.00116252e+00 4.17608660e-05 2.82982707e-04 1.00060773e+00 9.99758778e-01
4.48000000e+01 1.00104830e+00 3.78668843e-05 2.54818227e-04 1.00054750e+00 9.99783049e-01
4.49000000e+01 1.00092466e+00 3.36308645e-05 2.24369368e-04 1.00048237e+00 9.99809261e-01
4.50000000e+01 1.00079294e+00 2.90988095e-05 1.91959275e-04 1.00041302e+00 9.99837140e-01
4.51000000e+01 1.00065450e+00 2.43191773e-05 1.57927617e-04 1.00034017e+00 9.99866392e-01
4.52000000e+01 1.00051080e+00 1.93423507e-05 1.22627064e-04 1.00026460e+00 9.99896715e-01
4.53000000e+01 1.00036331e+00 1.42200977e-05 8.64196681e-05 1.00018706e+00 9.99927800e-01
4.54000000e+01 1.00021353e+00 9.00502810e-06 4.96731902e-05 1.00010835e+00 9.99959332e-01
4.55000000e+01 1.00006297e+00 3.75005232e-06 1.27574030e-05 1.00002926e+00 9.99990993e-01
4.56000000e+01 9.99913139e-01 -1.49215101e-06 -2.39595873e-05 9.99950589e-01 1.00002247e+00
4.57000000e+01 9.99765512e-01 -6.66965441e-06 -6.01149679e-05 9.99873100e-01 1.00005345e+00
4.58000000e+01 9.99621537e-01 -1.17317824e-05 -9.53547574e-05 9.99797559e-01 1.00008362e+00
4.59000000e+01 9.99482609e-01 -1.66295895e-05 -1.29337222e-04 9.99724696e-01 1.00011271e+00
4.60000000e+01 9.99350059e-01 -2.13163120e-05 -1.61736141e-04 9.99655211e-01 1.00014042e+00
4.61000000e+01 9.99225144e-01 -2.57477892e-05 -1.92243879e-04 9.99589764e-01 1.00016650e+00
4.62000000e+01 9.99109033e-01 -2.98828520e-05 -2.20574260e-04 9.99528969e-01 1.00019069e+00
4.63000000e+01 9.99002798e-01 -3.36836761e-05 -2.46465188e-04 9.99473386e-01 1.00021278e+00
4.64000000e+01 9.98907402e-01 -3.71160974e-05 -2.69681020e-04 9.99423522e-01 1.00023256e+00
4.65000000e+01 9.98823694e-01 -4.01498891e-05 -2.90014645e-04 9.99379821e-01 1.00024986e+00
4.66000000e+01 9.98752400e-01 -4.27589981e-05 -3.07289274e-04 9.99342662e-01 1.00026453e+00
4.67000000e+01 9.98694117e-01 -4.49217403e-05 -3.21359915e-04 9.99312358e-01 1.00027644e+00
4.68000000e+01 9.98649308e-01 -4.66209547e-05 -3.32114513e-04 9.99289150e-01 1.00028549e+00
4.69000000e+01 9.98618299e-01 -4.78441155e-05 -3.39474776e-04 9.99273206e-01 1.00029163e+00
4.70000000e+01 9.98601280e-01 -4.85834017e-05 -3.43396646e-04 9.99264623e-01 1.00029481e+00
4.71000000e+01 9.98598298e-01 -4.88357254e-05 -3.43870441e-04 9.99263423e-01 1.00029503e+00
