# k S000 S110 S112 S10 S11
1.04720e-01  4.44508e-01  8.32018e-01  -9.09783e-01  1.24527e-02  2.74180e+00
2.09440e-01  4.45298e-01  8.28768e-01  -9.08143e-01  1.24809e-02  2.73691e+00
3.14159e-01  4.46616e-01  8.23350e-01  -9.05411e-01  1.25280e-02  2.72876e+00
4.18879e-01  4.48466e-01  8.15766e-01  -9.01586e-01  1.25943e-02  2.71735e+00
5.23599e-01  4.50853e-01  8.06017e-01  -8.96669e-01  1.26802e-02  2.70269e+00
6.28319e-01  4.53782e-01  7.94112e-01  -8.90663e-01  1.27862e-02  2.68477e+00
7.33038e-01  4.57259e-01  7.80061e-01  -8.83574e-01  1.29127e-02  2.66363e+00
8.37758e-01  4.61293e-01  7.63885e-01  -8.75412e-01  1.30605e-02  2.63930e+00
9.42478e-01  4.65892e-01  7.45616e-01  -8.66193e-01  1.32304e-02  2.61181e+00
1.04720e+00  4.71068e-01  7.25296e-01  -8.55936e-01  1.34234e-02  2.58123e+00
1.15192e+00  4.76830e-01  7.02983e-01  -8.44671e-01  1.36406e-02  2.54765e+00
1.25664e+00  4.83191e-01  6.78751e-01  -8.32434e-01  1.38832e-02  2.51119e+00
1.36136e+00  4.90164e-01  6.52692e-01  -8.19270e-01  1.41527e-02  2.47196e+00
1.46608e+00  4.97761e-01  6.24913e-01  -8.05231e-01  1.44506e-02  2.43014e+00
1.57080e+00  5.05997e-01  5.95543e-01  -7.90382e-01  1.47789e-02  2.38592e+00
1.67552e+00  5.14884e-01  5.64722e-01  -7.74791e-01  1.51396e-02  2.33951e+00
1.78024e+00  5.24437e-01  5.32611e-01  -7.58538e-01  1.55350e-02  2.29115e+00
1.88496e+00  5.34668e-01  4.99379e-01  -7.41706e-01  1.59677e-02  2.24109e+00
1.98968e+00  5.45590e-01  4.65209e-01  -7.24384e-01  1.64406e-02  2.18959e+00
2.09440e+00  5.57215e-01  4.30290e-01  -7.06666e-01  1.69572e-02  2.13696e+00
2.19911e+00  5.69551e-01  3.94813e-01  -6.88646e-01  1.75210e-02  2.08346e+00
2.30383e+00  5.82607e-01  3.58974e-01  -6.70419e-01  1.81362e-02  2.02939e+00
2.40855e+00  5.96387e-01  3.22963e-01  -6.52078e-01  1.88076e-02  1.97504e+00
2.51327e+00  6.10893e-01  2.86965e-01  -6.33712e-01  1.95405e-02  1.92068e+00
2.61799e+00  6.26120e-01  2.51158e-01  -6.15408e-01  2.03409e-02  1.86657e+00
2.72271e+00  6.42061e-01  2.15708e-01  -5.97246e-01  2.12155e-02  1.81295e+00
2.82743e+00  6.58703e-01  1.80769e-01  -5.79299e-01  2.21721e-02  1.76007e+00
2.93215e+00  6.76023e-01  1.46483e-01  -5.61632e-01  2.32195e-02  1.70811e+00
3.03687e+00  6.93994e-01  1.12974e-01  -5.44303e-01  2.43677e-02  1.65728e+00
3.14159e+00  7.12579e-01  8.03534e-02  -5.27363e-01  2.56281e-02  1.60772e+00
3.24631e+00  7.31730e-01  4.87171e-02  -5.10852e-01  2.70138e-02  1.55957e+00
3.35103e+00  7.51391e-01  1.81465e-02  -4.94803e-01  2.85398e-02  1.51295e+00
3.45575e+00  7.71493e-01  -1.12906e-02  -4.79243e-01  3.02236e-02  1.46795e+00
3.56047e+00  7.91956e-01  -3.95394e-02  -4.64188e-01  3.20851e-02  1.42465e+00
3.66519e+00  8.12689e-01  -6.65562e-02  -4.49648e-01  3.41477e-02  1.38309e+00
3.76991e+00  8.33587e-01  -9.23077e-02  -4.35627e-01  3.64384e-02  1.34332e+00
3.87463e+00  8.54536e-01  -1.16769e-01  -4.22121e-01  3.89892e-02  1.30535e+00
3.97935e+00  8.75411e-01  -1.39922e-01  -4.09120e-01  4.18371e-02  1.26920e+00
4.08407e+00  8.96077e-01  -1.61755e-01  -3.96609e-01  4.50263e-02  1.23485e+00
4.18879e+00  9.16391e-01  -1.82260e-01  -3.84566e-01  4.86088e-02  1.20231e+00
4.29351e+00  9.36206e-01  -2.01430e-01  -3.72962e-01  5.26466e-02  1.17153e+00
4.39823e+00  9.55374e-01  -2.19260e-01  -3.61763e-01  5.72140e-02  1.14250e+00
4.50295e+00  9.73744e-01  -2.35741e-01  -3.50929e-01  6.24006e-02  1.11519e+00
4.60767e+00  9.91173e-01  -2.50864e-01  -3.40411e-01  6.83145e-02  1.08955e+00
4.71239e+00  1.00752e+00  -2.64612e-01  -3.30150e-01  7.50877e-02  1.06554e+00
4.81711e+00  1.02267e+00  -2.76959e-01  -3.20080e-01  8.28820e-02  1.04312e+00
4.92183e+00  1.03651e+00  -2.87867e-01  -3.10118e-01  9.18976e-02  1.02225e+00
5.02655e+00  1.04893e+00  -2.97284e-01  -3.00166e-01  1.02383e-01  1.00288e+00
5.13127e+00  1.05988e+00  -3.05135e-01  -2.90107e-01  1.14651e-01  9.84972e-01
5.23599e+00  1.06930e+00  -3.11318e-01  -2.79793e-01  1.29097e-01  9.68475e-01
5.34071e+00  1.07717e+00  -3.15692e-01  -2.69041e-01  1.46226e-01  9.53349e-01
5.44543e+00  1.08347e+00  -3.18069e-01  -2.57621e-01  1.66688e-01  9.39552e-01
5.55015e+00  1.08824e+00  -3.18193e-01  -2.45237e-01  1.91334e-01  9.27044e-01
5.65487e+00  1.09152e+00  -3.15716e-01  -2.31502e-01  2.21280e-01  9.15786e-01
5.75959e+00  1.09336e+00  -3.10167e-01  -2.15908e-01  2.58017e-01  9.05741e-01
5.86431e+00  1.09386e+00  -3.00900e-01  -1.97774e-01  3.03552e-01  8.96874e-01
5.96903e+00  1.09309e+00  -2.87026e-01  -1.76177e-01  3.60619e-01  8.89151e-01
6.07375e+00  1.09118e+00  -2.67311e-01  -1.49851e-01  4.32986e-01  8.82541e-01
6.17847e+00  1.08823e+00  -2.40030e-01  -1.17043e-01  5.25885e-01  8.77012e-01
6.28319e+00  1.08437e+00  -2.02772e-01  -7.53097e-02  6.46608e-01  8.72538e-01
6.38791e+00  1.07972e+00  -1.52182e-01  -2.12706e-02  8.05277e-01  8.69089e-01
6.49262e+00  1.07441e+00  -8.37023e-02  4.96589e-02  1.01562e+00  8.66639e-01
6.59734e+00  1.06855e+00  8.48598e-03  1.43323e-01  1.29513e+00  8.65163e-01
6.70206e+00  1.06227e+00  1.30710e-01  2.66076e-01  1.66286e+00  8.64635e-01
6.80678e+00  1.05567e+00  2.86812e-01  4.21781e-01  2.13037e+00  8.65031e-01
6.91150e+00  1.04887e+00  4.70732e-01  6.04407e-01  2.67955e+00  8.66325e-01
7.01622e+00  1.04195e+00  6.55160e-01  7.86668e-01  3.22849e+00  8.68492e-01
7.12094e+00  1.03501e+00  7.88644e-01  9.17138e-01  3.62292e+00  8.71506e-01
7.22566e+00  1.02814e+00  8.22515e-01  9.47176e-01  3.71687e+00  8.75339e-01
7.33038e+00  1.02139e+00  7.52696e-01  8.72735e-01  3.49817e+00  8.79961e-01
7.43510e+00  1.01484e+00  6.20334e-01  7.34993e-01  3.09032e+00  8.85341e-01
7.53982e+00  1.00854e+00  4.72861e-01  5.81416e-01  2.63569e+00  8.91445e-01
7.64454e+00  1.00255e+00  3.38608e-01  4.40375e-01  2.21936e+00  8.98234e-01
7.74926e+00  9.96891e-01  2.27435e-01  3.21768e-01  1.87097e+00  9.05667e-01
7.85398e+00  9.91611e-01  1.39419e-01  2.25721e-01  1.59086e+00  9.13698e-01
7.95870e+00  9.86735e-01  7.11548e-02  1.48877e-01  1.36891e+00  9.22278e-01
8.06342e+00  9.82284e-01  1.86853e-02  8.73357e-02  1.19336e+00  9.31350e-01
8.16814e+00  9.78274e-01  -2.14642e-02  3.76831e-02  1.05390e+00  9.40853e-01
8.27286e+00  9.74718e-01  -5.20699e-02  -2.78999e-03  9.42350e-01  9.50720e-01
8.37758e+00  9.71623e-01  -7.52690e-02  -3.61484e-02  8.52434e-01  9.60879e-01
8.48230e+00  9.68990e-01  -9.26884e-02  -6.39404e-02  7.79431e-01  9.71252e-01
8.58702e+00  9.66819e-01  -1.05567e-01  -8.73213e-02  7.19790e-01  9.81754e-01
8.69174e+00  9.65106e-01  -1.14858e-01  -1.07154e-01  6.70834e-01  9.92296e-01
8.79646e+00  9.63842e-01  -1.21300e-01  -1.24084e-01  6.30533e-01  1.00278e+00
8.90118e+00  9.63017e-01  -1.25475e-01  -1.38595e-01  5.97335e-01  1.01312e+00
9.00590e+00  9.62617e-01  -1.27847e-01  -1.51053e-01  5.70046e-01  1.02321e+00
9.11062e+00  9.62627e-01  -1.28792e-01  -1.61731e-01  5.47745e-01  1.03294e+00
9.21534e+00  9.63028e-01  -1.28617e-01  -1.70835e-01  5.29713e-01  1.04222e+00
9.32006e+00  9.63799e-01  -1.27574e-01  -1.78517e-01  5.15391e-01  1.05094e+00
9.42478e+00  9.64917e-01  -1.25872e-01  -1.84892e-01  5.04344e-01  1.05902e+00
9.52950e+00  9.66359e-01  -1.23681e-01  -1.90043e-01  4.96233e-01  1.06636e+00
9.63422e+00  9.68098e-01  -1.21143e-01  -1.94028e-01  4.90800e-01  1.07288e+00
9.73894e+00  9.70106e-01  -1.18370e-01  -1.96890e-01  4.87850e-01  1.07852e+00
9.84366e+00  9.72354e-01  -1.15449e-01  -1.98654e-01  4.87242e-01  1.08321e+00
9.94838e+00  9.74811e-01  -1.12442e-01  -1.99338e-01  4.88882e-01  1.08690e+00
1.00531e+01  9.77446e-01  -1.09389e-01  -1.98950e-01  4.92712e-01  1.08956e+00
1.01578e+01  9.80228e-01  -1.06309e-01  -1.97490e-01  4.98712e-01  1.09118e+00
1.02625e+01  9.83122e-01  -1.03199e-01  -1.94955e-01  5.06891e-01  1.09176e+00
1.03673e+01  9.86097e-01  -1.00037e-01  -1.91337e-01  5.17290e-01  1.09130e+00
1.04720e+01  9.89119e-01  -9.67818e-02  -1.86622e-01  5.29974e-01  1.08984e+00
1.05767e+01  9.92155e-01  -9.33743e-02  -1.80795e-01  5.45035e-01  1.08742e+00
1.06814e+01  9.95172e-01  -8.97390e-02  -1.73837e-01  5.62588e-01  1.08410e+00
1.07861e+01  9.98140e-01  -8.57858e-02  -1.65722e-01  5.82770e-01  1.07994e+00
1.08909e+01  1.00103e+00  -8.14117e-02  -1.56425e-01  6.05738e-01  1.07501e+00
1.09956e+01  1.00381e+00  -7.65035e-02  -1.45916e-01  6.31665e-01  1.06941e+00
1.11003e+01  1.00645e+00  -7.09404e-02  -1.34162e-01  6.60735e-01  1.06322e+00
1.12050e+01  1.00893e+00  -6.45981e-02  -1.21133e-01  6.93135e-01  1.05654e+00
1.13097e+01  1.01123e+00  -5.73532e-02  -1.06799e-01  7.29048e-01  1.04945e+00
1.14145e+01  1.01333e+00  -4.90889e-02  -9.11386e-02  7.68634e-01  1.04205e+00
1.15192e+01  1.01520e+00  -3.97030e-02  -7.41415e-02  8.12014e-01  1.03444e+00
1.16239e+01  1.01684e+00  -2.91168e-02  -5.58197e-02  8.59244e-01  1.02670e+00
1.17286e+01  1.01823e+00  -1.72868e-02  -3.62158e-02  9.10282e-01  1.01893e+00
1.18333e+01  1.01937e+00  -4.21812e-03  -1.54169e-02  9.64948e-01  1.01120e+00
1.19381e+01  1.02025e+00  1.00196e-02  6.43123e-03  1.02288e+00  1.00359e+00
1.20428e+01  1.02086e+00  2.52765e-02  2.91080e-02  1.08349e+00  9.96169e-01
1.21475e+01  1.02122e+00  4.13068e-02  5.23033e-02  1.14591e+00  9.89004e-01
1.22522e+01  1.02132e+00  5.77584e-02  7.56065e-02  1.20897e+00  9.82152e-01
1.23569e+01  1.02118e+00  7.41694e-02  9.85037e-02  1.27118e+00  9.75666e-01
1.24617e+01  1.02080e+00  8.99785e-02  1.20387e-01  1.33075e+00  9.69591e-01
1.25664e+01  1.02019e+00  1.04551e-01  1.40582e-01  1.38572e+00  9.63968e-01
1.26711e+01  1.01937e+00  1.17222e-01  1.58390e-01  1.43400e+00  9.58832e-01
1.27758e+01  1.01836e+00  1.27358e-01  1.73146e-01  1.47365e+00  9.54211e-01
1.28805e+01  1.01718e+00  1.34423e-01  1.84292e-01  1.50301e+00  9.50131e-01
1.29852e+01  1.01584e+00  1.38041e-01  1.91432e-01  1.52091e+00  9.46609e-01
1.30900e+01  1.01436e+00  1.38046e-01  1.94385e-01  1.52682e+00  9.43661e-01
1.31947e+01  1.01278e+00  1.34497e-01  1.93200e-01  1.52090e+00  9.41297e-01
1.32994e+01  1.01110e+00  1.27666e-01  1.88143e-01  1.50395e+00  9.39523e-01
1.34041e+01  1.00935e+00  1.18001e-01  1.79659e-01  1.47732e+00  9.38342e-01
1.35088e+01  1.00756e+00  1.06064e-01  1.68311e-01  1.44269e+00  9.37753e-01
1.36136e+01  1.00574e+00  9.24712e-02  1.54722e-01  1.40191e+00  9.37750e-01
1.37183e+01  1.00392e+00  7.78342e-02  1.39510e-01  1.35685e+00  9.38324e-01
1.38230e+01  1.00211e+00  6.27170e-02  1.23253e-01  1.30922e+00  9.39464e-01
1.39277e+01  1.00034e+00  4.76078e-02  1.06454e-01  1.26052e+00  9.41153e-01
1.40324e+01  9.98619e-01  3.29061e-02  8.95325e-02  1.21197e+00  9.43374e-01
1.41372e+01  9.96970e-01  1.89205e-02  7.28189e-02  1.16456e+00  9.46102e-01
1.42419e+01  9.95405e-01  5.87564e-03  5.65642e-02  1.11900e+00  9.49311e-01
1.43466e+01  9.93940e-01  -6.07768e-03  4.09492e-02  1.07582e+00  9.52973e-01
1.44513e+01  9.92586e-01  -1.68498e-02  2.60968e-02  1.03534e+00  9.57053e-01
1.45560e+01  9.91354e-01  -2.64002e-02  1.20847e-02  9.97769e-01  9.61515e-01
1.46608e+01  9.90253e-01  -3.47258e-02  -1.04372e-03  9.63187e-01  9.66318e-01
1.47655e+01  9.89291e-01  -4.18522e-02  -1.32698e-02  9.31608e-01  9.71418e-01
1.48702e+01  9.88474e-01  -4.78251e-02  -2.45919e-02  9.02991e-01  9.76767e-01
1.49749e+01  9.87805e-01  -5.27043e-02  -3.50193e-02  8.77257e-01  9.82315e-01
1.50796e+01  9.87288e-01  -5.65592e-02  -4.45678e-02  8.54305e-01  9.88009e-01
1.51844e+01  9.86924e-01  -5.94645e-02  -5.32559e-02  8.34024e-01  9.93791e-01
1.52891e+01  9.86712e-01  -6.14975e-02  -6.11028e-02  8.16297e-01  9.99605e-01
1.53938e+01  9.86649e-01  -6.27364e-02  -6.81267e-02  8.01010e-01  1.00539e+00
1.54985e+01  9.86734e-01  -6.32580e-02  -7.43435e-02  7.88055e-01  1.01109e+00
1.56032e+01  9.86961e-01  -6.31370e-02  -7.97667e-02  7.77330e-01  1.01663e+00
1.57080e+01  9.87323e-01  -6.24447e-02  -8.44067e-02  7.68742e-01  1.02196e+00
1.58127e+01  9.87815e-01  -6.12482e-02  -8.82715e-02  7.62209e-01  1.02702e+00
1.59174e+01  9.88426e-01  -5.96099e-02  -9.13662e-02  7.57658e-01  1.03176e+00
1.60221e+01  9.89149e-01  -5.75868e-02  -9.36938e-02  7.55026e-01  1.03611e+00
1.61268e+01  9.89973e-01  -5.52299e-02  -9.52558e-02  7.54258e-01  1.04003e+00
1.62316e+01  9.90887e-01  -5.25844e-02  -9.60525e-02  7.55311e-01  1.04347e+00
1.63363e+01  9.91879e-01  -4.96889e-02  -9.60835e-02  7.58144e-01  1.04639e+00
1.64410e+01  9.92936e-01  -4.65755e-02  -9.53489e-02  7.62727e-01  1.04877e+00
1.65457e+01  9.94047e-01  -4.32699e-02  -9.38493e-02  7.69031e-01  1.05058e+00
1.66504e+01  9.95197e-01  -3.97914e-02  -9.15870e-02  7.77035e-01  1.05180e+00
1.67552e+01  9.96374e-01  -3.61535e-02  -8.85663e-02  7.86714e-01  1.05241e+00
1.68599e+01  9.97564e-01  -3.23645e-02  -8.47947e-02  7.98046e-01  1.05243e+00
1.69646e+01  9.98755e-01  -2.84283e-02  -8.02833e-02  8.11005e-01  1.05186e+00
1.70693e+01  9.99932e-01  -2.43451e-02  -7.50479e-02  8.25559e-01  1.05070e+00
1.71740e+01  1.00108e+00  -2.01135e-02  -6.91098e-02  8.41667e-01  1.04900e+00
1.72788e+01  1.00220e+00  -1.57312e-02  -6.24967e-02  8.59275e-01  1.04677e+00
1.73835e+01  1.00326e+00  -1.11972e-02  -5.52439e-02  8.78315e-01  1.04405e+00
1.74882e+01  1.00427e+00  -6.51373e-03  -4.73952e-02  8.98696e-01  1.04088e+00
1.75929e+01  1.00520e+00  -1.68774e-03  -3.90042e-02  9.20304e-01  1.03732e+00
1.76976e+01  1.00606e+00  3.26657e-03  -3.01353e-02  9.42996e-01  1.03340e+00
1.78024e+01  1.00683e+00  8.32610e-03  -2.08644e-02  9.66597e-01  1.02919e+00
1.79071e+01  1.00751e+00  1.34570e-02  -1.12804e-02  9.90896e-01  1.02474e+00
1.80118e+01  1.00808e+00  1.86136e-02  -1.48477e-03  1.01564e+00  1.02010e+00
1.81165e+01  1.00856e+00  2.37372e-02  8.40772e-03  1.04055e+00  1.01533e+00
1.82212e+01  1.00892e+00  2.87564e-02  1.82702e-02  1.06530e+00  1.01049e+00
1.83260e+01  1.00918e+00  3.35876e-02  2.79651e-02  1.08952e+00  1.00562e+00
1.84307e+01  1.00933e+00  3.81371e-02  3.73463e-02  1.11283e+00  1.00079e+00
1.85354e+01  1.00937e+00  4.23040e-02  4.62630e-02  1.13483e+00  9.96041e-01
1.86401e+01  1.00930e+00  4.59840e-02  5.45639e-02  1.15511e+00  9.91420e-01
1.87448e+01  1.00913e+00  4.90744e-02  6.21023e-02  1.17328e+00  9.86972e-01
1.88496e+01  1.00887e+00  5.14798e-02  6.87421e-02  1.18896e+00  9.82738e-01
1.89543e+01  1.00851e+00  5.31175e-02  7.43635e-02  1.20184e+00  9.78754e-01
1.90590e+01  1.00806e+00  5.39230e-02  7.88685e-02  1.21166e+00  9.75054e-01
1.91637e+01  1.00753e+00  5.38546e-02  8.21857e-02  1.21823e+00  9.71669e-01
1.92684e+01  1.00692e+00  5.28967e-02  8.42736e-02  1.22144e+00  9.68623e-01
1.93732e+01  1.00626e+00  5.10614e-02  8.51219e-02  1.22131e+00  9.65940e-01
1.94779e+01  1.00554e+00  4.83886e-02  8.47518e-02  1.21789e+00  9.63637e-01
1.95826e+01  1.00477e+00  4.49434e-02  8.32137e-02  1.21137e+00  9.61730e-01
1.96873e+01  1.00396e+00  4.08133e-02  8.05835e-02  1.20198e+00  9.60230e-01
1.97920e+01  1.00313e+00  3.61032e-02  7.69583e-02  1.19002e+00  9.59145e-01
1.98968e+01  1.00229e+00  3.09301e-02  7.24506e-02  1.17583e+00  9.58480e-01
2.00015e+01  1.00143e+00  2.54174e-02  6.71829e-02  1.15978e+00  9.58235e-01
2.01062e+01  1.00058e+00  1.96900e-02  6.12823e-02  1.14225e+00  9.58408e-01
2.02109e+01  9.99740e-01  1.38693e-02  5.48758e-02  1.12362e+00  9.58993e-01
2.03156e+01  9.98921e-01  8.06934e-03  4.80864e-02  1.10424e+00  9.59983e-01
2.04204e+01  9.98131e-01  2.39415e-03  4.10299e-02  1.08445e+00  9.61364e-01
2.05251e+01  9.97379e-01  -3.06455e-03  3.38134e-02  1.06456e+00  9.63122e-01
2.06298e+01  9.96672e-01  -8.22837e-03  2.65333e-02  1.04484e+00  9.65238e-01
2.07345e+01  9.96016e-01  -1.30327e-02  1.92756e-02  1.02552e+00  9.67692e-01
2.08392e+01  9.95417e-01  -1.74263e-02  1.21158e-02  1.00681e+00  9.70458e-01
2.09440e+01  9.94882e-01  -2.13713e-02  5.11900e-03  9.88867e-01  9.73510e-01
2.10487e+01  9.94413e-01  -2.48413e-02  -1.65865e-03  9.71841e-01  9.76817e-01
2.11534e+01  9.94016e-01  -2.78212e-02  -8.16935e-03  9.55840e-01  9.80348e-01
2.12581e+01  9.93692e-01  -3.03055e-02  -1.43725e-02  9.40950e-01  9.84067e-01
2.13628e+01  9.93444e-01  -3.22971e-02  -2.02335e-02  9.27236e-01  9.87936e-01
2.14675e+01  9.93272e-01  -3.38059e-02  -2.57232e-02  9.14748e-01  9.91917e-01
2.15723e+01  9.93178e-01  -3.48480e-02  -3.08166e-02  9.03519e-01  9.95969e-01
2.16770e+01  9.93161e-01  -3.54445e-02  -3.54921e-02  8.93571e-01  1.00005e+00
2.17817e+01  9.93219e-01  -3.56201e-02  -3.97313e-02  8.84917e-01  1.00411e+00
2.18864e+01  9.93351e-01  -3.54026e-02  -4.35179e-02  8.77561e-01  1.00812e+00
2.19911e+01  9.93554e-01  -3.48218e-02  -4.68381e-02  8.71502e-01  1.01202e+00
2.20959e+01  9.93823e-01  -3.39087e-02  -4.96794e-02  8.66733e-01  1.01577e+00
2.22006e+01  9.94156e-01  -3.26948e-02  -5.20312e-02  8.63243e-01  1.01934e+00
2.23053e+01  9.94548e-01  -3.12116e-02  -5.38847e-02  8.61019e-01  1.02267e+00
2.24100e+01  9.94992e-01  -2.94898e-02  -5.52324e-02  8.60045e-01  1.02574e+00
2.25147e+01  9.95484e-01  -2.75592e-02  -5.60687e-02  8.60303e-01  1.02851e+00
2.26195e+01  9.96018e-01  -2.54476e-02  -5.63903e-02  8.61772e-01  1.03094e+00
2.27242e+01  9.96586e-01  -2.31815e-02  -5.61955e-02  8.64427e-01  1.03301e+00
2.28289e+01  9.97182e-01  -2.07849e-02  -5.54856e-02  8.68244e-01  1.03470e+00
2.29336e+01  9.97800e-01  -1.82801e-02  -5.42644e-02  8.73191e-01  1.03598e+00
2.30383e+01  9.98431e-01  -1.56868e-02  -5.25388e-02  8.79235e-01  1.03685e+00
2.31431e+01  9.99069e-01  -1.30231e-02  -5.03193e-02  8.86338e-01  1.03730e+00
2.32478e+01  9.99707e-01  -1.03051e-02  -4.76200e-02  8.94455e-01  1.03731e+00
2.33525e+01  1.00034e+00  -7.54746e-03  -4.44592e-02  9.03534e-01  1.03691e+00
2.34572e+01  1.00095e+00  -4.76382e-03  -4.08595e-02  9.13517e-01  1.03610e+00
2.35619e+01  1.00155e+00  -1.96732e-03  -3.68484e-02  9.24336e-01  1.03488e+00
2.36667e+01  1.00212e+00  8.28917e-04  -3.24583e-02  9.35912e-01  1.03329e+00
2.37714e+01  1.00265e+00  3.61115e-03  -2.77266e-02  9.48158e-01  1.03134e+00
2.38761e+01  1.00315e+00  6.36445e-03  -2.26962e-02  9.60972e-01  1.02906e+00
2.39808e+01  1.00360e+00  9.07216e-03  -1.74152e-02  9.74242e-01  1.02649e+00
2.40855e+01  1.00401e+00  1.17154e-02  -1.19368e-02  9.87842e-01  1.02365e+00
2.41903e+01  1.00437e+00  1.42728e-02  -6.31929e-03  1.00163e+00  1.02059e+00
2.42950e+01  1.00467e+00  1.67203e-02  -6.25336e-04  1.01547e+00  1.01735e+00
2.43997e+01  1.00491e+00  1.90311e-02  5.07842e-03  1.02919e+00  1.01395e+00
2.45044e+01  1.00509e+00  2.11759e-02  1.07223e-02  1.04262e+00  1.01045e+00
2.46091e+01  1.00522e+00  2.31235e-02  1.62346e-02  1.05559e+00  1.00689e+00
2.47139e+01  1.00528e+00  2.48418e-02  2.15428e-02  1.06793e+00  1.00330e+00
2.48186e+01  1.00528e+00  2.62980e-02  2.65753e-02  1.07945e+00  9.99723e-01
2.49233e+01  1.00523e+00  2.74609e-02  3.12625e-02  1.08999e+00  9.96198e-01
2.50280e+01  1.00511e+00  2.83012e-02  3.55390e-02  1.09938e+00  9.92762e-01
2.51327e+01  1.00494e+00  2.87935e-02  3.93452e-02  1.10748e+00  9.89448e-01
2.52375e+01  1.00472e+00  2.89177e-02  4.26285e-02  1.11417e+00  9.86289e-01
2.53422e+01  1.00445e+00  2.86599e-02  4.53456e-02  1.11935e+00  9.83314e-01
2.54469e+01  1.00413e+00  2.80139e-02  4.74629e-02  1.12294e+00  9.80551e-01
2.55516e+01  1.00378e+00  2.69815e-02  4.89580e-02  1.12490e+00  9.78024e-01
2.56563e+01  1.00338e+00  2.55735e-02  4.98198e-02  1.12521e+00  9.75754e-01
2.57611e+01  1.00296e+00  2.38091e-02  5.00489e-02  1.12391e+00  9.73760e-01
2.58658e+01  1.00251e+00  2.17159e-02  4.96570e-02  1.12103e+00  9.72059e-01
2.59705e+01  1.00204e+00  1.93290e-02  4.86663e-02  1.11666e+00  9.70663e-01
2.60752e+01  1.00155e+00  1.66900e-02  4.71084e-02  1.11091e+00  9.69582e-01
2.61799e+01  1.00105e+00  1.38458e-02  4.50230e-02  1.10389e+00  9.68823e-01
2.62847e+01  1.00055e+00  1.08466e-02  4.24563e-02  1.09576e+00  9.68390e-01
2.63894e+01  1.00006e+00  7.74507e-03  3.94596e-02  1.08666e+00  9.68285e-01
2.64941e+01  9.99567e-01  4.59427e-03  3.60876e-02  1.07677e+00  9.68507e-01
2.65988e+01  9.99089e-01  1.44642e-03  3.23968e-02  1.06624e+00  9.69050e-01
2.67035e+01  9.98629e-01  -1.64844e-03  2.84446e-02  1.05524e+00  9.69907e-01
2.68083e+01  9.98192e-01  -4.64354e-03  2.42876e-02  1.04393e+00  9.71069e-01
2.69130e+01  9.97781e-01  -7.49630e-03  1.99810e-02  1.03247e+00  9.72523e-01
2.70177e+01  9.97402e-01  -1.01690e-02  1.55777e-02  1.02099e+00  9.74253e-01
2.71224e+01  9.97057e-01  -1.26291e-02  1.11280e-02  1.00963e+00  9.76243e-01
2.72271e+01  9.96750e-01  -1.48499e-02  6.67906e-03  9.98508e-01  9.78471e-01
2.73319e+01  9.96484e-01  -1.68100e-02  2.27459e-03  9.87739e-01  9.80915e-01
2.74366e+01  9.96260e-01  -1.84938e-02  -2.04492e-03  9.77416e-01  9.83551e-01
2.75413e+01  9.96082e-01  -1.98912e-02  -6.24233e-03  9.67624e-01  9.86351e-01
2.76460e+01  9.95949e-01  -2.09967e-02  -1.02837e-02  9.58436e-01  9.89287e-01
2.77507e+01  9.95863e-01  -2.18100e-02  -1.41381e-02  9.49914e-01  9.92328e-01
2.78555e+01  9.95824e-01  -2.23349e-02  -1.77775e-02  9.42110e-01  9.95443e-01
2.79602e+01  9.95832e-01  -2.25789e-02  -2.11766e-02  9.35068e-01  9.98598e-01
2.80649e+01  9.95885e-01  -2.25529e-02  -2.43125e-02  9.28822e-01  1.00176e+00
2.81696e+01  9.95984e-01  -2.22707e-02  -2.71646e-02  9.23400e-01  1.00489e+00
2.82743e+01  9.96125e-01  -2.17483e-02  -2.97147e-02  9.18822e-01  1.00797e+00
2.83791e+01  9.96308e-01  -2.10037e-02  -3.19466e-02  9.15103e-01  1.01094e+00
2.84838e+01  9.96528e-01  -2.00561e-02  -3.38463e-02  9.12251e-01  1.01379e+00
2.85885e+01  9.96784e-01  -1.89256e-02  -3.54017e-02  9.10271e-01  1.01648e+00
2.86932e+01  9.97072e-01  -1.76329e-02  -3.66031e-02  9.09161e-01  1.01897e+00
2.87979e+01  9.97389e-01  -1.61987e-02  -3.74426e-02  9.08916e-01  1.02124e+00
2.89027e+01  9.97730e-01  -1.46436e-02  -3.79150e-02  9.09526e-01  1.02327e+00
2.90074e+01  9.98092e-01  -1.29877e-02  -3.80171e-02  9.10978e-01  1.02503e+00
2.91121e+01  9.98470e-01  -1.12503e-02  -3.77483e-02  9.13253e-01  1.02650e+00
2.92168e+01  9.98860e-01  -9.44962e-03  -3.71107e-02  9.16329e-01  1.02766e+00
2.93215e+01  9.99258e-01  -7.60313e-03  -3.61093e-02  9.20178e-01  1.02851e+00
2.94263e+01  9.99659e-01  -5.72708e-03  -3.47518e-02  9.24769e-01  1.02902e+00
2.95310e+01  1.00006e+00  -3.83666e-03  -3.30491e-02  9.30065e-01  1.02921e+00
2.96357e+01  1.00045e+00  -1.94605e-03  -3.10154e-02  9.36023e-01  1.02907e+00
2.97404e+01  1.00083e+00  -6.85486e-05  -2.86680e-02  9.42595e-01  1.02860e+00
2.98451e+01  1.00120e+00  1.78327e-03  -2.60278e-02  9.49728e-01  1.02781e+00
2.99498e+01  1.00155e+00  3.59735e-03  -2.31189e-02  9.57360e-01  1.02672e+00
3.00546e+01  1.00188e+00  5.36199e-03  -1.99688e-02  9.65424e-01  1.02533e+00
3.01593e+01  1.00219e+00  7.06554e-03  -1.66085e-02  9.73849e-01  1.02367e+00
3.02640e+01  1.00246e+00  8.69628e-03  -1.30718e-02  9.82553e-01  1.02177e+00
3.03687e+01  1.00271e+00  1.02422e-02  -9.39592e-03  9.91450e-01  1.01964e+00
3.04734e+01  1.00292e+00  1.16909e-02  -5.62034e-03  1.00045e+00  1.01731e+00
3.05782e+01  1.00309e+00  1.30295e-02  -1.78703e-03  1.00946e+00  1.01482e+00
3.06829e+01  1.00323e+00  1.42448e-02  2.06025e-03  1.01837e+00  1.01218e+00
3.07876e+01  1.00333e+00  1.53230e-02  5.87648e-03  1.02708e+00  1.00945e+00
3.08923e+01  1.00339e+00  1.62505e-02  9.61594e-03  1.03548e+00  1.00663e+00
3.09970e+01  1.00342e+00  1.70136e-02  1.32330e-02  1.04348e+00  1.00378e+00
3.11018e+01  1.00340e+00  1.75994e-02  1.66829e-02  1.05097e+00  1.00092e+00
3.12065e+01  1.00335e+00  1.79958e-02  1.99223e-02  1.05784e+00  9.98073e-01
3.13112e+01  1.00326e+00  1.81923e-02  2.29107e-02  1.06401e+00  9.95282e-01
3.14159e+01  1.00313e+00  1.81804e-02  2.56104e-02  1.06940e+00  9.92570e-01
3.15206e+01  1.00298e+00  1.79542e-02  2.79882e-02  1.07393e+00  9.89966e-01
3.16254e+01  1.00279e+00  1.75108e-02  3.00152e-02  1.07754e+00  9.87496e-01
3.17301e+01  1.00257e+00  1.68508e-02  3.16683e-02  1.08019e+00  9.85183e-01
3.18348e+01  1.00232e+00  1.59783e-02  3.29298e-02  1.08184e+00  9.83049e-01
3.19395e+01  1.00206e+00  1.49017e-02  3.37883e-02  1.08248e+00  9.81113e-01
3.20442e+01  1.00177e+00  1.36330e-02  3.42387e-02  1.08211e+00  9.79394e-01
3.21490e+01  1.00147e+00  1.21883e-02  3.42820e-02  1.08075e+00  9.77906e-01
3.22537e+01  1.00115e+00  1.05872e-02  3.39253e-02  1.07844e+00  9.76662e-01
3.23584e+01  1.00083e+00  8.85263e-03  3.31813e-02  1.07522e+00  9.75671e-01
3.24631e+01  1.00050e+00  7.01002e-03  3.20679e-02  1.07115e+00  9.74942e-01
3.25678e+01  1.00017e+00  5.08704e-03  3.06077e-02  1.06630e+00  9.74479e-01
3.26726e+01  9.99842e-01  3.11276e-03  2.88271e-02  1.06077e+00  9.74286e-01
3.27773e+01  9.99521e-01  1.11699e-03  2.67557e-02  1.05463e+00  9.74361e-01
3.28820e+01  9.99208e-01  -8.70412e-04  2.44258e-02  1.04798e+00  9.74704e-01
3.29867e+01  9.98908e-01  -2.82024e-03  2.18713e-02  1.04092e+00  9.75308e-01
3.30914e+01  9.98625e-01  -4.70454e-03  1.91273e-02  1.03355e+00  9.76168e-01
3.31962e+01  9.98360e-01  -6.49717e-03  1.62295e-02  1.02596e+00  9.77273e-01
3.33009e+01  9.98116e-01  -8.17428e-03  1.32135e-02  1.01825e+00  9.78612e-01
3.34056e+01  9.97896e-01  -9.71469e-03  1.01145e-02  1.01051e+00  9.80171e-01
3.35103e+01  9.97703e-01  -1.11002e-02  6.96685e-03  1.00283e+00  9.81933e-01
3.36150e+01  9.97537e-01  -1.23158e-02  3.80381e-03  9.95292e-01  9.83880e-01
3.37198e+01  9.97401e-01  -1.33496e-02  6.57229e-04  9.87965e-01  9.85993e-01
3.38245e+01  9.97295e-01  -1.41933e-02  -2.44258e-03  9.80922e-01  9.88249e-01
3.39292e+01  9.97220e-01  -1.48416e-02  -5.46693e-03  9.74225e-01  9.90625e-01
3.40339e+01  9.97177e-01  -1.52925e-02  -8.38889e-03  9.67930e-01  9.93096e-01
3.41386e+01  9.97166e-01  -1.55469e-02  -1.11833e-02  9.62087e-01  9.95636e-01
3.42434e+01  9.97186e-01  -1.56084e-02  -1.38267e-02  9.56738e-01  9.98218e-01
3.43481e+01  9.97238e-01  -1.54834e-02  -1.62976e-02  9.51921e-01  1.00081e+00
3.44528e+01  9.97319e-01  -1.51802e-02  -1.85763e-02  9.47667e-01  1.00340e+00
3.45575e+01  9.97429e-01  -1.47092e-02  -2.06447e-02  9.44001e-01  1.00594e+00
3.46622e+01  9.97567e-01  -1.40825e-02  -2.24869e-02  9.40944e-01  1.00840e+00
3.47670e+01  9.97729e-01  -1.33134e-02  -2.40885e-02  9.38510e-01  1.01078e+00
3.48717e+01  9.97916e-01  -1.24161e-02  -2.54372e-02  9.36709e-01  1.01302e+00
3.49764e+01  9.98123e-01  -1.14059e-02  -2.65227e-02  9.35549e-01  1.01512e+00
3.50811e+01  9.98349e-01  -1.02980e-02  -2.73364e-02  9.35029e-01  1.01704e+00
3.51858e+01  9.98591e-01  -9.10814e-03  -2.78722e-02  9.35147e-01  1.01876e+00
3.52906e+01  9.98845e-01  -7.85172e-03  -2.81259e-02  9.35897e-01  1.02027e+00
3.53953e+01  9.99110e-01  -6.54394e-03  -2.80954e-02  9.37265e-01  1.02155e+00
3.55000e+01  9.99382e-01  -5.19948e-03  -2.77813e-02  9.39238e-01  1.02258e+00
3.56047e+01  9.99658e-01  -3.83240e-03  -2.71862e-02  9.41795e-01  1.02335e+00
3.57094e+01  9.99934e-01  -2.45606e-03  -2.63155e-02  9.44913e-01  1.02386e+00
3.58142e+01  1.00021e+00  -1.08300e-03  -2.51770e-02  9.48563e-01  1.02409e+00
3.59189e+01  1.00048e+00  2.75011e-04  -2.37809e-02  9.52713e-01  1.02406e+00
3.60236e+01  1.00074e+00  1.60700e-03  -2.21404e-02  9.57326e-01  1.02375e+00
3.61283e+01  1.00099e+00  2.90274e-03  -2.02709e-02  9.62361e-01  1.02317e+00
3.62330e+01  1.00123e+00  4.15266e-03  -1.81906e-02  9.67771e-01  1.02234e+00
3.63378e+01  1.00145e+00  5.34778e-03  -1.59202e-02  9.73507e-01  1.02127e+00
3.64425e+01  1.00165e+00  6.47959e-03  -1.34826e-02  9.79514e-01  1.01996e+00
3.65472e+01  1.00183e+00  7.54000e-03  -1.09032e-02  9.85734e-01  1.01844e+00
3.66519e+01  1.00199e+00  8.52117e-03  -8.20931e-03  9.92103e-01  1.01673e+00
3.67566e+01  1.00212e+00  9.41552e-03  -5.43002e-03  9.98555e-01  1.01485e+00
3.68614e+01  1.00223e+00  1.02156e-02  -2.59599e-03  1.00502e+00  1.01281e+00
3.69661e+01  1.00231e+00  1.09143e-02  2.60928e-04  1.01144e+00  1.01065e+00
3.70708e+01  1.00237e+00  1.15046e-02  3.10811e-03  1.01772e+00  1.00840e+00
3.71755e+01  1.00240e+00  1.19797e-02  5.91256e-03  1.02380e+00  1.00607e+00
3.72802e+01  1.00240e+00  1.23334e-02  8.64136e-03  1.02962e+00  1.00369e+00
3.73850e+01  1.00238e+00  1.25600e-02  1.12622e-02  1.03508e+00  1.00130e+00
3.74897e+01  1.00233e+00  1.26545e-02  1.37438e-02  1.04014e+00  9.98911e-01
3.75944e+01  1.00225e+00  1.26131e-02  1.60565e-02  1.04473e+00  9.96557e-01
3.76991e+01  1.00215e+00  1.24330e-02  1.81727e-02  1.04878e+00  9.94260e-01
3.78038e+01  1.00203e+00  1.21132e-02  2.00675e-02  1.05225e+00  9.92046e-01
3.79086e+01  1.00188e+00  1.16542e-02  2.17189e-02  1.05509e+00  9.89935e-01
3.80133e+01  1.00172e+00  1.10583e-02  2.31083e-02  1.05727e+00  9.87950e-01
3.81180e+01  1.00154e+00  1.03300e-02  2.42208e-02  1.05877e+00  9.86109e-01
3.82227e+01  1.00134e+00  9.47613e-03  2.50453e-02  1.05957e+00  9.84431e-01
3.83274e+01  1.00113e+00  8.50537e-03  2.55750e-02  1.05966e+00  9.82930e-01
3.84322e+01  1.00091e+00  7.42872e-03  2.58072e-02  1.05904e+00  9.81622e-01
3.85369e+01  1.00068e+00  6.25919e-03  2.57430e-02  1.05775e+00  9.80516e-01
3.86416e+01  1.00045e+00  5.01163e-03  2.53878e-02  1.05579e+00  9.79624e-01
3.87463e+01  1.00021e+00  3.70246e-03  2.47506e-02  1.05320e+00  9.78952e-01
3.88510e+01  9.99978e-01  2.34941e-03  2.38436e-02  1.05004e+00  9.78506e-01
3.89557e+01  9.99745e-01  9.71146e-04  2.26827e-02  1.04634e+00  9.78288e-01
3.90605e+01  9.99517e-01  -4.13127e-04  2.12859e-02  1.04216e+00  9.78301e-01
3.91652e+01  9.99297e-01  -1.78404e-03  1.96740e-02  1.03756e+00  9.78542e-01
3.92699e+01  9.99087e-01  -3.12248e-03  1.78695e-02  1.03262e+00  9.79008e-01
3.93746e+01  9.98890e-01  -4.40994e-03  1.58965e-02  1.02738e+00  9.79694e-01
3.94793e+01  9.98707e-01  -5.62894e-03  1.37800e-02  1.02193e+00  9.80591e-01
3.95841e+01  9.98540e-01  -6.76329e-03  1.15459e-02  1.01633e+00  9.81691e-01
3.96888e+01  9.98391e-01  -7.79843e-03  9.22048e-03  1.01064e+00  9.82981e-01
3.97935e+01  9.98261e-01  -8.72163e-03  6.82988e-03  1.00494e+00  9.84448e-01
3.98982e+01  9.98152e-01  -9.52218e-03  4.40016e-03  9.99278e-01  9.86078e-01
4.00029e+01  9.98065e-01  -1.01915e-02  1.95683e-03  9.93722e-01  9.87852e-01
4.01077e+01  9.97999e-01  -1.07234e-02  -4.75230e-04  9.88326e-01  9.89752e-01
4.02124e+01  9.97957e-01  -1.11136e-02  -2.87203e-03  9.83142e-01  9.91758e-01
4.03171e+01  9.97938e-01  -1.13605e-02  -5.21056e-03  9.78218e-01  9.93850e-01
4.04218e+01  9.97942e-01  -1.14643e-02  -7.46891e-03  9.73598e-01  9.96005e-01
4.05265e+01  9.97969e-01  -1.14273e-02  -9.62639e-03  9.69320e-01  9.98199e-01
4.06313e+01  9.98018e-01  -1.12540e-02  -1.16636e-02  9.65419e-01  1.00041e+00
4.07360e+01  9.98089e-01  -1.09503e-02  -1.35626e-02  9.61925e-01  1.00261e+00
4.08407e+01  9.98180e-01  -1.05239e-02  -1.53066e-02  9.58863e-01  1.00478e+00
4.09454e+01  9.98291e-01  -9.98369e-03  -1.68808e-02  9.56255e-01  1.00690e+00
4.10501e+01  9.98419e-01  -9.33969e-03  -1.82714e-02  9.54118e-01  1.00893e+00
4.11549e+01  9.98564e-01  -8.60286e-03  -1.94666e-02  9.52464e-01  1.01086e+00
4.12596e+01  9.98724e-01  -7.78482e-03  -2.04562e-02  9.51303e-01  1.01267e+00
4.13643e+01  9.98896e-01  -6.89759e-03  -2.12317e-02  9.50639e-01  1.01433e+00
4.14690e+01  9.99079e-01  -5.95345e-03  -2.17864e-02  9.50474e-01  1.01583e+00
4.15737e+01  9.99270e-01  -4.96467e-03  -2.21157e-02  9.50804e-01  1.01715e+00
4.16785e+01  9.99468e-01  -3.94338e-03  -2.22167e-02  9.51623e-01  1.01827e+00
4.17832e+01  9.99670e-01  -2.90142e-03  -2.20887e-02  9.52921e-01  1.01919e+00
4.18879e+01  9.99874e-01  -1.85014e-03  -2.17328e-02  9.54684e-01  1.01988e+00
4.19926e+01  1.00008e+00  -8.00382e-04  -2.11525e-02  9.56895e-01  1.02035e+00
4.20973e+01  1.00028e+00  2.37656e-04  -2.03533e-02  9.59531e-01  1.02059e+00
4.22021e+01  1.00047e+00  1.25445e-03  -1.93429e-02  9.62569e-01  1.02060e+00
4.23068e+01  1.00066e+00  2.24115e-03  -1.81312e-02  9.65979e-01  1.02037e+00
4.24115e+01  1.00084e+00  3.18964e-03  -1.67301e-02  9.69729e-01  1.01992e+00
4.25162e+01  1.00101e+00  4.09243e-03  -1.51536e-02  9.73785e-01  1.01925e+00
4.26209e+01  1.00117e+00  4.94269e-03  -1.34179e-02  9.78107e-01  1.01836e+00
4.27257e+01  1.00131e+00  5.73416e-03  -1.15408e-02  9.82653e-01  1.01727e+00
4.28304e+01  1.00143e+00  6.46109e-03  -9.54212e-03  9.87377e-01  1.01600e+00
4.29351e+01  1.00154e+00  7.11822e-03  -7.44317e-03  9.92232e-01  1.01456e+00
4.30398e+01  1.00163e+00  7.70069e-03  -5.26668e-03  9.97167e-01  1.01297e+00
4.31445e+01  1.00170e+00  8.20405e-03  -3.03654e-03  1.00213e+00  1.01124e+00
4.32493e+01  1.00176e+00  8.62419e-03  -7.77576e-04  1.00707e+00  1.00940e+00
4.33540e+01  1.00179e+00  8.95737e-03  1.48478e-03  1.01193e+00  1.00747e+00
4.34587e+01  1.00180e+00  9.20025e-03  3.72477e-03  1.01665e+00  1.00548e+00
4.35634e+01  1.00179e+00  9.34993e-03  5.91670e-03  1.02118e+00  1.00343e+00
4.36681e+01  1.00176e+00  9.40402e-03  8.03521e-03  1.02547e+00  1.00137e+00
4.37729e+01  1.00171e+00  9.36072e-03  1.00557e-02  1.02947e+00  9.99305e-01
4.38776e+01  1.00165e+00  9.21899e-03  1.19547e-02  1.03313e+00  9.97264e-01
4.39823e+01  1.00156e+00  8.97858e-03  1.37102e-02  1.03640e+00  9.95268e-01
4.40870e+01  1.00146e+00  8.64024e-03  1.53019e-02  1.03924e+00  9.93338e-01
4.41917e+01  1.00134e+00  8.20578e-03  1.67116e-02  1.04163e+00  9.91494e-01
4.42965e+01  1.00121e+00  7.67818e-03  1.79237e-02  1.04353e+00  9.89754e-01
4.44012e+01  1.00107e+00  7.06171e-03  1.89251e-02  1.04491e+00  9.88137e-01
4.45059e+01  1.00091e+00  6.36196e-03  1.97053e-02  1.04577e+00  9.86657e-01
4.46106e+01  1.00075e+00  5.58585e-03  2.02572e-02  1.04610e+00  9.85329e-01
4.47153e+01  1.00058e+00  4.74162e-03  2.05763e-02  1.04589e+00  9.84165e-01
4.48201e+01  1.00041e+00  3.83878e-03  2.06613e-02  1.04516e+00  9.83177e-01
4.49248e+01  1.00023e+00  2.88800e-03  2.05140e-02  1.04392e+00  9.82374e-01
4.50295e+01  1.00005e+00  1.90093e-03  2.01390e-02  1.04218e+00  9.81762e-01
4.51342e+01  9.99874e-01  8.90082e-04  1.95436e-02  1.03998e+00  9.81347e-01
4.52389e+01  9.99699e-01  -1.31435e-04  1.87377e-02  1.03734e+00  9.81131e-01
4.53437e+01  9.99530e-01  -1.15013e-03  1.77336e-02  1.03432e+00  9.81116e-01
4.54484e+01  9.99367e-01  -2.15238e-03  1.65456e-02  1.03094e+00  9.81302e-01
4.55531e+01  9.99212e-01  -3.12471e-03  1.51898e-02  1.02725e+00  9.81685e-01
4.56578e+01  9.99068e-01  -4.05402e-03  1.36839e-02  1.02331e+00  9.82262e-01
4.57625e+01  9.98935e-01  -4.92787e-03  1.20468e-02  1.01917e+00  9.83025e-01
4.58673e+01  9.98815e-01  -5.73471e-03  1.02982e-02  1.01486e+00  9.83967e-01
4.59720e+01  9.98710e-01  -6.46404e-03  8.45863e-03  1.01045e+00  9.85077e-01
4.60767e+01  9.98619e-01  -7.10667e-03  6.54903e-03  1.00599e+00  9.86344e-01
4.61814e+01  9.98545e-01  -7.65481e-03  4.59046e-03  1.00153e+00  9.87755e-01
4.62861e+01  9.98488e-01  -8.10222e-03  2.60398e-03  9.97106e-01  9.89294e-01
4.63909e+01  9.98448e-01  -8.44427e-03  6.10400e-04  9.92777e-01  9.90945e-01
4.64956e+01  9.98425e-01  -8.67801e-03  -1.36987e-03  9.88582e-01  9.92692e-01
4.66003e+01  9.98420e-01  -8.80212e-03  -3.31700e-03  9.84564e-01  9.94515e-01
4.67050e+01  9.98433e-01  -8.81694e-03  -5.21187e-03  9.80759e-01  9.96395e-01
4.68097e+01  9.98463e-01  -8.72440e-03  -7.03618e-03  9.77203e-01  9.98312e-01
4.69145e+01  9.98510e-01  -8.52790e-03  -8.77259e-03  9.73927e-01  1.00024e+00
4.70192e+01  9.98573e-01  -8.23223e-03  -1.04048e-02  9.70958e-01  1.00217e+00
4.71239e+01  9.98652e-01  -7.84340e-03  -1.19176e-02  9.68321e-01  1.00407e+00
4.72286e+01  9.98745e-01  -7.36854e-03  -1.32972e-02  9.66037e-01  1.00593e+00
4.73333e+01  9.98851e-01  -6.81568e-03  -1.45307e-02  9.64123e-01  1.00772e+00
4.74380e+01  9.98969e-01  -6.19360e-03  -1.56071e-02  9.62592e-01  1.00941e+00
4.75428e+01  9.99098e-01  -5.51165e-03  -1.65165e-02  9.61455e-01  1.01100e+00
4.76475e+01  9.99235e-01  -4.77957e-03  -1.72507e-02  9.60719e-01  1.01247e+00
4.77522e+01  9.99380e-01  -4.00734e-03  -1.78028e-02  9.60387e-01  1.01380e+00
4.78569e+01  9.99531e-01  -3.20495e-03  -1.81681e-02  9.60459e-01  1.01496e+00
4.79616e+01  9.99686e-01  -2.38232e-03  -1.83430e-02  9.60932e-01  1.01596e+00
4.80664e+01  9.99844e-01  -1.54914e-03  -1.83261e-02  9.61799e-01  1.01678e+00
4.81711e+01  1.00000e+00  -7.14722e-04  -1.81176e-02  9.63050e-01  1.01740e+00
4.82758e+01  1.00016e+00  1.12054e-04  -1.77197e-02  9.64673e-01  1.01783e+00
4.83805e+01  1.00031e+00  9.22848e-04  -1.71362e-02  9.66650e-01  1.01806e+00
4.84852e+01  1.00046e+00  1.70990e-03  -1.63730e-02  9.68964e-01  1.01808e+00
4.85900e+01  1.00060e+00  2.46607e-03  -1.54377e-02  9.71591e-01  1.01790e+00
4.86947e+01  1.00074e+00  3.18484e-03  -1.43399e-02  9.74505e-01  1.01752e+00
4.87994e+01  1.00086e+00  3.86035e-03  -1.30907e-02  9.77679e-01  1.01695e+00
4.89041e+01  1.00098e+00  4.48733e-03  -1.17030e-02  9.81081e-01  1.01619e+00
4.90088e+01  1.00108e+00  5.06108e-03  -1.01915e-02  9.84678e-01  1.01525e+00
4.91136e+01  1.00117e+00  5.57747e-03  -8.57220e-03  9.88433e-01  1.01415e+00
4.92183e+01  1.00125e+00  6.03287e-03  -6.86235e-03  9.92308e-01  1.01290e+00
4.93230e+01  1.00131e+00  6.42410e-03  -5.08054e-03  9.96263e-01  1.01150e+00
4.94277e+01  1.00136e+00  6.74843e-03  -3.24630e-03  1.00026e+00  1.00999e+00
4.95324e+01  1.00139e+00  7.00351e-03  -1.37992e-03  1.00424e+00  1.00838e+00
4.96372e+01  1.00140e+00  7.18743e-03  4.97770e-04  1.00818e+00  1.00669e+00
4.97419e+01  1.00140e+00  7.29862e-03  2.36562e-03  1.01203e+00  1.00493e+00
4.98466e+01  1.00139e+00  7.33594e-03  4.20248e-03  1.01574e+00  1.00313e+00
4.99513e+01  1.00136e+00  7.29870e-03  5.98741e-03  1.01927e+00  1.00131e+00
5.00560e+01  1.00131e+00  7.18667e-03  7.70003e-03  1.02259e+00  9.99487e-01
5.01608e+01  1.00125e+00  7.00017e-03  9.32072e-03  1.02564e+00  9.97679e-01
5.02655e+01  1.00118e+00  6.74011e-03  1.08310e-02  1.02840e+00  9.95909e-01
5.03702e+01  1.00109e+00  6.40806e-03  1.22136e-02  1.03084e+00  9.94194e-01
5.04749e+01  1.00099e+00  6.00635e-03  1.34530e-02  1.03291e+00  9.92553e-01
5.05796e+01  1.00088e+00  5.53806e-03  1.45354e-02  1.03461e+00  9.91003e-01
5.06844e+01  1.00077e+00  5.00714e-03  1.54490e-02  1.03591e+00  9.89558e-01
5.07891e+01  1.00064e+00  4.41841e-03  1.61842e-02  1.03679e+00  9.88234e-01
5.08938e+01  1.00051e+00  3.77755e-03  1.67336e-02  1.03724e+00  9.87044e-01
5.09985e+01  1.00037e+00  3.09114e-03  1.70924e-02  1.03728e+00  9.85999e-01
5.11032e+01  1.00023e+00  2.36657e-03  1.72579e-02  1.03688e+00  9.85109e-01
5.12080e+01  1.00009e+00  1.61200e-03  1.72300e-02  1.03607e+00  9.84382e-01
5.13127e+01  9.99953e-01  8.36262e-04  1.70109e-02  1.03486e+00  9.83825e-01
5.14174e+01  9.99814e-01  4.87347e-05  1.66051e-02  1.03326e+00  9.83444e-01
5.15221e+01  9.99678e-01  -7.40788e-04  1.60194e-02  1.03130e+00  9.83240e-01
5.16268e+01  9.99547e-01  -1.52226e-03  1.52622e-02  1.02900e+00  9.83216e-01
5.17316e+01  9.99422e-01  -2.28558e-03  1.43443e-02  1.02640e+00  9.83370e-01
5.18363e+01  9.99304e-01  -3.02072e-03  1.32777e-02  1.02353e+00  9.83702e-01
5.19410e+01  9.99194e-01  -3.71796e-03  1.20761e-02  1.02043e+00  9.84206e-01
5.20457e+01  9.99095e-01  -4.36806e-03  1.07543e-02  1.01714e+00  9.84878e-01
5.21504e+01  9.99006e-01  -4.96242e-03  9.32819e-03  1.01369e+00  9.85709e-01
5.22552e+01  9.98929e-01  -5.49325e-03  7.81444e-03  1.01014e+00  9.86692e-01
5.23599e+01  9.98865e-01  -5.95370e-03  6.23029e-03  1.00651e+00  9.87816e-01
5.24646e+01  9.98813e-01  -6.33799e-03  4.59338e-03  1.00285e+00  9.89069e-01
5.25693e+01  9.98775e-01  -6.64153e-03  2.92151e-03  9.99201e-01  9.90437e-01
5.26740e+01  9.98752e-01  -6.86093e-03  1.23251e-03  9.95604e-01  9.91907e-01
5.27788e+01  9.98742e-01  -6.99412e-03  -4.55935e-04  9.92094e-01  9.93462e-01
5.28835e+01  9.98746e-01  -7.04029e-03  -2.12647e-03  9.88707e-01  9.95086e-01
5.29882e+01  9.98764e-01  -6.99996e-03  -3.76220e-03  9.85476e-01  9.96762e-01
5.30929e+01  9.98796e-01  -6.87487e-03  -5.34679e-03  9.82432e-01  9.98472e-01
5.31976e+01  9.98841e-01  -6.66795e-03  -6.86464e-03  9.79603e-01  1.00020e+00
5.33024e+01  9.98898e-01  -6.38324e-03  -8.30094e-03  9.77015e-01  1.00192e+00
5.34071e+01  9.98968e-01  -6.02581e-03  -9.64181e-03  9.74691e-01  1.00362e+00
5.35118e+01  9.99048e-01  -5.60158e-03  -1.08744e-02  9.72650e-01  1.00527e+00
5.36165e+01  9.99139e-01  -5.11726e-03  -1.19869e-02  9.70909e-01  1.00687e+00
5.37212e+01  9.99238e-01  -4.58016e-03  -1.29688e-02  9.69482e-01  1.00839e+00
5.38260e+01  9.99346e-01  -3.99808e-03  -1.38107e-02  9.68380e-01  1.00981e+00
5.39307e+01  9.99459e-01  -3.37913e-03  -1.45048e-02  9.67611e-01  1.01113e+00
5.40354e+01  9.99579e-01  -2.73164e-03  -1.50443e-02  9.67180e-01  1.01231e+00
5.41401e+01  9.99702e-01  -2.06394e-03  -1.54242e-02  9.67088e-01  1.01336e+00
5.42448e+01  9.99827e-01  -1.38433e-03  -1.56409e-02  9.67334e-01  1.01426e+00
5.43496e+01  9.99954e-01  -7.00864e-04  -1.56924e-02  9.67914e-01  1.01499e+00
5.44543e+01  1.00008e+00  -2.13268e-05  -1.55783e-02  9.68822e-01  1.01556e+00
5.45590e+01  1.00020e+00  6.46910e-04  -1.52997e-02  9.70047e-01  1.01595e+00
5.46637e+01  1.00033e+00  1.29694e-03  -1.48596e-02  9.71578e-01  1.01616e+00
5.47684e+01  1.00044e+00  1.92236e-03  -1.42623e-02  9.73398e-01  1.01618e+00
5.48732e+01  1.00055e+00  2.51734e-03  -1.35140e-02  9.75489e-01  1.01603e+00
5.49779e+01  1.00066e+00  3.07663e-03  -1.26225e-02  9.77832e-01  1.01570e+00
5.50826e+01  1.00076e+00  3.59554e-03  -1.15970e-02  9.80402e-01  1.01519e+00
5.51873e+01  1.00084e+00  4.06997e-03  -1.04481e-02  9.83174e-01  1.01452e+00
5.52920e+01  1.00092e+00  4.49637e-03  -9.18817e-03  9.86120e-01  1.01368e+00
5.53968e+01  1.00099e+00  4.87172e-03  -7.83050e-03  9.89211e-01  1.01270e+00
5.55015e+01  1.00104e+00  5.19348e-03  -6.38973e-03  9.92414e-01  1.01158e+00
5.56062e+01  1.00108e+00  5.45959e-03  -4.88150e-03  9.95697e-01  1.01034e+00
5.57109e+01  1.00111e+00  5.66839e-03  -3.32230e-03  9.99024e-01  1.00899e+00
5.58156e+01  1.00113e+00  5.81865e-03  -1.72933e-03  1.00236e+00  1.00755e+00
5.59203e+01  1.00114e+00  5.90950e-03  -1.20292e-04  1.00567e+00  1.00603e+00
5.60251e+01  1.00113e+00  5.94044e-03  1.48684e-03  1.00891e+00  1.00445e+00
5.61298e+01  1.00111e+00  5.91133e-03  3.07400e-03  1.01206e+00  1.00284e+00
5.62345e+01  1.00108e+00  5.82241e-03  4.62328e-03  1.01507e+00  1.00120e+00
5.63392e+01  1.00103e+00  5.67430e-03  6.11714e-03  1.01791e+00  9.99557e-01
5.64439e+01  1.00098e+00  5.46803e-03  7.53866e-03  1.02055e+00  9.97929e-01
5.65487e+01  1.00091e+00  5.20509e-03  8.87174e-03  1.02295e+00  9.96333e-01
5.66534e+01  1.00084e+00  4.88745e-03  1.01013e-02  1.02509e+00  9.94786e-01
5.67581e+01  1.00075e+00  4.51758e-03  1.12137e-02  1.02694e+00  9.93304e-01
5.68628e+01  1.00066e+00  4.09853e-03  1.21964e-02  1.02849e+00  9.91902e-01
5.69675e+01  1.00056e+00  3.63393e-03  1.30388e-02  1.02971e+00  9.90595e-01
5.70723e+01  1.00046e+00  3.12800e-03  1.37318e-02  1.03059e+00  9.89396e-01
5.71770e+01  1.00035e+00  2.58557e-03  1.42683e-02  1.03112e+00  9.88317e-01
5.72817e+01  1.00023e+00  2.01208e-03  1.46431e-02  1.03130e+00  9.87369e-01
5.73864e+01  1.00012e+00  1.41354e-03  1.48531e-02  1.03112e+00  9.86560e-01
5.74911e+01  1.00000e+00  7.96466e-04  1.48971e-02  1.03059e+00  9.85899e-01
5.75959e+01  9.99891e-01  1.67844e-04  1.47758e-02  1.02972e+00  9.85392e-01
5.77006e+01  9.99778e-01  -4.64965e-04  1.44921e-02  1.02852e+00  9.85043e-01
5.78053e+01  9.99669e-01  -1.09433e-03  1.40505e-02  1.02701e+00  9.84855e-01
5.79100e+01  9.99565e-01  -1.71247e-03  1.34576e-02  1.02520e+00  9.84830e-01
5.80147e+01  9.99466e-01  -2.31155e-03  1.27213e-02  1.02313e+00  9.84967e-01
5.81195e+01  9.99373e-01  -2.88386e-03  1.18513e-02  1.02082e+00  9.85265e-01
5.82242e+01  9.99288e-01  -3.42192e-03  1.08585e-02  1.01830e+00  9.85720e-01
5.83289e+01  9.99212e-01  -3.91864e-03  9.75502e-03  1.01559e+00  9.86326e-01
5.84336e+01  9.99145e-01  -4.36742e-03  8.55403e-03  1.01274e+00  9.87079e-01
5.85383e+01  9.99088e-01  -4.76233e-03  7.26950e-03  1.00978e+00  9.87968e-01
5.86431e+01  9.99041e-01  -5.09815e-03  5.91606e-03  1.00673e+00  9.88986e-01
5.87478e+01  9.99005e-01  -5.37054e-03  4.50883e-03  1.00365e+00  9.90121e-01
5.88525e+01  9.98981e-01  -5.57607e-03  3.06326e-03  1.00055e+00  9.91361e-01
5.89572e+01  9.98968e-01  -5.71230e-03  1.59493e-03  9.97478e-01  9.92693e-01
5.90619e+01  9.98967e-01  -5.77782e-03  1.19422e-04  9.94461e-01  9.94103e-01
5.91667e+01  9.98977e-01  -5.77226e-03  -1.34783e-03  9.91532e-01  9.95576e-01
5.92714e+01  9.98999e-01  -5.69630e-03  -2.79168e-03  9.88720e-01  9.97095e-01
5.93761e+01  9.99031e-01  -5.55163e-03  -4.19740e-03  9.86054e-01  9.98646e-01
5.94808e+01  9.99074e-01  -5.34092e-03  -5.55081e-03  9.83557e-01  1.00021e+00
5.95855e+01  9.99127e-01  -5.06772e-03  -6.83835e-03  9.81256e-01  1.00177e+00
5.96903e+01  9.99190e-01  -4.73645e-03  -8.04725e-03  9.79169e-01  1.00331e+00
5.97950e+01  9.99261e-01  -4.35223e-03  -9.16558e-03  9.77317e-01  1.00481e+00
5.98997e+01  9.99340e-01  -3.92083e-03  -1.01824e-02  9.75714e-01  1.00626e+00
6.00044e+01  9.99426e-01  -3.44851e-03  -1.10876e-02  9.74376e-01  1.00764e+00
6.01091e+01  9.99518e-01  -2.94195e-03  -1.18726e-02  9.73313e-01  1.00893e+00
6.02139e+01  9.99615e-01  -2.40809e-03  -1.25296e-02  9.72533e-01  1.01012e+00
6.03186e+01  9.99715e-01  -1.85400e-03  -1.30521e-02  9.72042e-01  1.01120e+00
6.04233e+01  9.99818e-01  -1.28681e-03  -1.34352e-02  9.71843e-01  1.01215e+00
6.05280e+01  9.99923e-01  -7.13556e-04  -1.36751e-02  9.71936e-01  1.01296e+00
6.06327e+01  1.00003e+00  -1.41089e-04  -1.37695e-02  9.72320e-01  1.01363e+00
6.07375e+01  1.00013e+00  4.24014e-04  -1.37176e-02  9.72989e-01  1.01414e+00
6.08422e+01  1.00023e+00  9.75529e-04  -1.35198e-02  9.73936e-01  1.01450e+00
6.09469e+01  1.00033e+00  1.50766e-03  -1.31782e-02  9.75151e-01  1.01469e+00
6.10516e+01  1.00043e+00  2.01506e-03  -1.26965e-02  9.76622e-01  1.01471e+00
6.11563e+01  1.00051e+00  2.49293e-03  -1.20796e-02  9.78334e-01  1.01457e+00
6.12611e+01  1.00060e+00  2.93695e-03  -1.13339e-02  9.80269e-01  1.01427e+00
6.13658e+01  1.00067e+00  3.34338e-03  -1.04673e-02  9.82409e-01  1.01381e+00
6.14705e+01  1.00074e+00  3.70897e-03  -9.48895e-03  9.84731e-01  1.01320e+00
6.15752e+01  1.00080e+00  4.03103e-03  -8.40918e-03  9.87213e-01  1.01244e+00
6.16799e+01  1.00085e+00  4.30732e-03  -7.23958e-03  9.89828e-01  1.01155e+00
6.17847e+01  1.00089e+00  4.53611e-03  -5.99277e-03  9.92551e-01  1.01053e+00
6.18894e+01  1.00092e+00  4.71608e-03  -4.68230e-03  9.95351e-01  1.00940e+00
6.19941e+01  1.00094e+00  4.84632e-03  -3.32249e-03  9.98201e-01  1.00817e+00
6.20988e+01  1.00095e+00  4.92631e-03  -1.92830e-03  1.00107e+00  1.00685e+00
6.22035e+01  1.00094e+00  4.95585e-03  -5.15170e-04  1.00393e+00  1.00547e+00
6.23083e+01  1.00093e+00  4.93510e-03  9.01184e-04  1.00674e+00  1.00403e+00
6.24130e+01  1.00091e+00  4.86454e-03  2.30493e-03  1.00947e+00  1.00256e+00
6.25177e+01  1.00088e+00  4.74495e-03  3.68032e-03  1.01211e+00  1.00106e+00
6.26224e+01  1.00083e+00  4.57744e-03  5.01190e-03  1.01460e+00  9.99566e-01
6.27271e+01  1.00078e+00  4.36343e-03  6.28466e-03  1.01693e+00  9.98079e-01
6.28319e+01  1.00072e+00  4.10471e-03  7.48430e-03  1.01907e+00  9.96620e-01
6.29366e+01  1.00066e+00  3.80340e-03  8.59735e-03  1.02100e+00  9.95206e-01
6.30413e+01  1.00058e+00  3.46203e-03  9.61136e-03  1.02268e+00  9.93851e-01
6.31460e+01  1.00050e+00  3.08351e-03  1.05151e-02  1.02411e+00  9.92568e-01
6.32507e+01  1.00041e+00  2.67119e-03  1.12986e-02  1.02527e+00  9.91373e-01
6.33555e+01  1.00032e+00  2.22884e-03  1.19536e-02  1.02614e+00  9.90275e-01
6.34602e+01  1.00023e+00  1.76064e-03  1.24730e-02  1.02671e+00  9.89288e-01
6.35649e+01  1.00014e+00  1.27123e-03  1.28517e-02  1.02697e+00  9.88420e-01
6.36696e+01  1.00004e+00  7.65617e-04  1.30862e-02  1.02694e+00  9.87679e-01
6.37743e+01  9.99944e-01  2.49199e-04  1.31747e-02  1.02660e+00  9.87075e-01
6.38791e+01  9.99849e-01  -2.72320e-04  1.31171e-02  1.02596e+00  9.86611e-01
6.39838e+01  9.99756e-01  -7.92983e-04  1.29150e-02  1.02504e+00  9.86292e-01
6.40885e+01  9.99667e-01  -1.30665e-03  1.25720e-02  1.02384e+00  9.86121e-01
6.41932e+01  9.99582e-01  -1.80709e-03  1.20927e-02  1.02238e+00  9.86100e-01
6.42979e+01  9.99502e-01  -2.28807e-03  1.14837e-02  1.02068e+00  9.86228e-01
6.44026e+01  9.99428e-01  -2.74348e-03  1.07528e-02  1.01876e+00  9.86504e-01
6.45074e+01  9.99361e-01  -3.16741e-03  9.90894e-03  1.01665e+00  9.86924e-01
6.46121e+01  9.99301e-01  -3.55428e-03  8.96247e-03  1.01437e+00  9.87483e-01
6.47168e+01  9.99250e-01  -3.89892e-03  7.92454e-03  1.01195e+00  9.88177e-01
6.48215e+01  9.99207e-01  -4.19672e-03  6.80717e-03  1.00942e+00  9.88996e-01
6.49262e+01  9.99173e-01  -4.44364e-03  5.62309e-03  1.00680e+00  9.89933e-01
6.50310e+01  9.99148e-01  -4.63638e-03  4.38555e-03  1.00413e+00  9.90978e-01
6.51357e+01  9.99134e-01  -4.77238e-03  3.10819e-03  1.00144e+00  9.92119e-01
6.52404e+01  9.99128e-01  -4.84990e-03  1.80489e-03  9.98760e-01  9.93345e-01
6.53451e+01  9.99133e-01  -4.86805e-03  4.89603e-04  9.96111e-01  9.94642e-01
6.54498e+01  9.99147e-01  -4.82680e-03  -8.23741e-04  9.93526e-01  9.95997e-01
6.55546e+01  9.99171e-01  -4.72699e-03  -2.12140e-03  9.91030e-01  9.97394e-01
6.56593e+01  9.99204e-01  -4.57029e-03  -3.38993e-03  9.88650e-01  9.98820e-01
6.57640e+01  9.99246e-01  -4.35920e-03  -4.61630e-03  9.86408e-01  1.00026e+00
6.58687e+01  9.99295e-01  -4.09697e-03  -5.78803e-03  9.84327e-01  1.00169e+00
6.59734e+01  9.99353e-01  -3.78754e-03  -6.89324e-03  9.82426e-01  1.00311e+00
6.60782e+01  9.99417e-01  -3.43545e-03  -7.92082e-03  9.80723e-01  1.00449e+00
6.61829e+01  9.99487e-01  -3.04578e-03  -8.86047e-03  9.79233e-01  1.00581e+00
6.62876e+01  9.99563e-01  -2.62404e-03  -9.70280e-03  9.77970e-01  1.00708e+00
6.63923e+01  9.99643e-01  -2.17604e-03  -1.04394e-02  9.76945e-01  1.00826e+00
6.64970e+01  9.99727e-01  -1.70784e-03  -1.10630e-02  9.76166e-01  1.00936e+00
6.66018e+01  9.99814e-01  -1.22559e-03  -1.15673e-02  9.75640e-01  1.01034e+00
6.67065e+01  9.99902e-01  -7.35452e-04  -1.19474e-02  9.75370e-01  1.01121e+00
6.68112e+01  9.99991e-01  -2.43520e-04  -1.21994e-02  9.75358e-01  1.01196e+00
6.69159e+01  1.00008e+00  2.44303e-04  -1.23209e-02  9.75602e-01  1.01257e+00
6.70206e+01  1.00017e+00  7.22371e-04  -1.23107e-02  9.76101e-01  1.01303e+00
6.71254e+01  1.00025e+00  1.18537e-03  -1.21690e-02  9.76847e-01  1.01335e+00
6.72301e+01  1.00033e+00  1.62836e-03  -1.18973e-02  9.77834e-01  1.01353e+00
6.73348e+01  1.00041e+00  2.04685e-03  -1.14983e-02  9.79050e-01  1.01355e+00
6.74395e+01  1.00048e+00  2.43681e-03  -1.09764e-02  9.80484e-01  1.01341e+00
6.75442e+01  1.00055e+00  2.79470e-03  -1.03369e-02  9.82121e-01  1.01313e+00
6.76490e+01  1.00061e+00  3.11746e-03  -9.58669e-03  9.83944e-01  1.01270e+00
6.77537e+01  1.00066e+00  3.40255e-03  -8.73369e-03  9.85935e-01  1.01214e+00
6.78584e+01  1.00071e+00  3.64790e-03  -7.78701e-03  9.88074e-01  1.01143e+00
6.79631e+01  1.00075e+00  3.85188e-03  -6.75683e-03  9.90338e-01  1.01061e+00
6.80678e+01  1.00077e+00  4.01334e-03  -5.65426e-03  9.92705e-01  1.00967e+00
6.81726e+01  1.00079e+00  4.13149e-03  -4.49130e-03  9.95149e-01  1.00862e+00
6.82773e+01  1.00081e+00  4.20595e-03  -3.28065e-03  9.97645e-01  1.00749e+00
6.83820e+01  1.00081e+00  4.23669e-03  -2.03562e-03  1.00017e+00  1.00627e+00
6.84867e+01  1.00080e+00  4.22397e-03  -7.69959e-04  1.00268e+00  1.00499e+00
6.85914e+01  1.00078e+00  4.16839e-03  5.02303e-04  1.00517e+00  1.00367e+00
6.86962e+01  1.00076e+00  4.07080e-03  1.76700e-03  1.00760e+00  1.00230e+00
6.88009e+01  1.00073e+00  3.93234e-03  3.01000e-03  1.00995e+00  1.00092e+00
6.89056e+01  1.00069e+00  3.75439e-03  4.21740e-03  1.01219e+00  9.99537e-01
6.90103e+01  1.00064e+00  3.53860e-03  5.37566e-03  1.01429e+00  9.98163e-01
6.91150e+01  1.00058e+00  3.28692e-03  6.47181e-03  1.01623e+00  9.96815e-01
6.92198e+01  1.00052e+00  3.00152e-03  7.49358e-03  1.01799e+00  9.95508e-01
6.93245e+01  1.00045e+00  2.68491e-03  8.42958e-03  1.01954e+00  9.94255e-01
6.94292e+01  1.00038e+00  2.33985e-03  9.26944e-03  1.02088e+00  9.93070e-01
6.95339e+01  1.00031e+00  1.96944e-03  1.00039e-02  1.02198e+00  9.91966e-01
6.96386e+01  1.00023e+00  1.57707e-03  1.06251e-02  1.02283e+00  9.90952e-01
6.97434e+01  1.00015e+00  1.16646e-03  1.11263e-02  1.02342e+00  9.90040e-01
6.98481e+01  1.00006e+00  7.41615e-04  1.15024e-02  1.02375e+00  9.89239e-01
6.99528e+01  9.99982e-01  3.06836e-04  1.17498e-02  1.02381e+00  9.88557e-01
7.00575e+01  9.99901e-01  -1.33323e-04  1.18662e-02  1.02360e+00  9.88000e-01
7.01622e+01  9.99820e-01  -5.74087e-04  1.18512e-02  1.02313e+00  9.87575e-01
7.02670e+01  9.99742e-01  -1.01051e-03  1.17055e-02  1.02240e+00  9.87284e-01
7.03717e+01  9.99668e-01  -1.43753e-03  1.14317e-02  1.02143e+00  9.87131e-01
7.04764e+01  9.99597e-01  -1.85005e-03  1.10336e-02  1.02022e+00  9.87116e-01
7.05811e+01  9.99532e-01  -2.24299e-03  1.05165e-02  1.01879e+00  9.87240e-01
7.06858e+01  9.99472e-01  -2.61140e-03  9.88697e-03  1.01716e+00  9.87502e-01
7.07906e+01  9.99418e-01  -2.95050e-03  9.15262e-03  1.01535e+00  9.87897e-01
7.08953e+01  9.99370e-01  -3.25584e-03  8.32232e-03  1.01339e+00  9.88422e-01
7.10000e+01  9.99330e-01  -3.52329e-03  7.40582e-03  1.01129e+00  9.89071e-01
7.11047e+01  9.99298e-01  -3.74921e-03  6.41371e-03  1.00908e+00  9.89837e-01
7.12094e+01  9.99274e-01  -3.93045e-03  5.35727e-03  1.00678e+00  9.90712e-01
7.13142e+01  9.99258e-01  -4.06449e-03  4.24832e-03  1.00443e+00  9.91687e-01
7.14189e+01  9.99250e-01  -4.14942e-03  3.09912e-03  1.00205e+00  9.92751e-01
7.15236e+01  9.99251e-01  -4.18403e-03  1.92221e-03  9.99660e-01  9.93894e-01
7.16283e+01  9.99260e-01  -4.16784e-03  7.30298e-04  9.97293e-01  9.95102e-01
7.17330e+01  9.99277e-01  -4.10109e-03  -4.63903e-04  9.94971e-01  9.96363e-01
7.18378e+01  9.99302e-01  -3.98475e-03  -1.64777e-03  9.92720e-01  9.97663e-01
7.19425e+01  9.99335e-01  -3.82052e-03  -2.80889e-03  9.90562e-01  9.98988e-01
7.20472e+01  9.99375e-01  -3.61076e-03  -3.93521e-03  9.88519e-01  1.00032e+00
7.21519e+01  9.99422e-01  -3.35849e-03  -5.01507e-03  9.86611e-01  1.00166e+00
7.22566e+01  9.99475e-01  -3.06732e-03  -6.03741e-03  9.84858e-01  1.00297e+00
7.23614e+01  9.99534e-01  -2.74136e-03  -6.99178e-03  9.83275e-01  1.00425e+00
7.24661e+01  9.99598e-01  -2.38517e-03  -7.86845e-03  9.81878e-01  1.00548e+00
7.25708e+01  9.99666e-01  -2.00367e-03  -8.65855e-03  9.80679e-01  1.00665e+00
7.26755e+01  9.99737e-01  -1.60203e-03  -9.35406e-03  9.79690e-01  1.00775e+00
7.27802e+01  9.99811e-01  -1.18561e-03  -9.94795e-03  9.78918e-01  1.00876e+00
7.28849e+01  9.99887e-01  -7.59838e-04  -1.04342e-02  9.78372e-01  1.00967e+00
7.29897e+01  9.99963e-01  -3.30151e-04  -1.08080e-02  9.78054e-01  1.01048e+00
7.30944e+01  1.00004e+00  9.81220e-05  -1.10655e-02  9.77967e-01  1.01116e+00
7.31991e+01  1.00012e+00  5.19823e-04  -1.12040e-02  9.78112e-01  1.01172e+00
7.33038e+01  1.00019e+00  9.30041e-04  -1.12224e-02  9.78485e-01  1.01215e+00
7.34085e+01  1.00026e+00  1.32418e-03  -1.11203e-02  9.79084e-01  1.01244e+00
7.35133e+01  1.00033e+00  1.69800e-03  -1.08989e-02  9.79900e-01  1.01260e+00
7.36180e+01  1.00040e+00  2.04767e-03  -1.05605e-02  9.80927e-01  1.01261e+00
7.37227e+01  1.00046e+00  2.36980e-03  -1.01087e-02  9.82152e-01  1.01248e+00
7.38274e+01  1.00051e+00  2.66144e-03  -9.54838e-03  9.83565e-01  1.01221e+00
7.39321e+01  1.00056e+00  2.92012e-03  -8.88534e-03  9.85149e-01  1.01181e+00
7.40369e+01  1.00060e+00  3.14381e-03  -8.12672e-03  9.86890e-01  1.01127e+00
7.41416e+01  1.00064e+00  3.33093e-03  -7.28063e-03  9.88770e-01  1.01061e+00
7.42463e+01  1.00066e+00  3.48035e-03  -6.35618e-03  9.90768e-01  1.00984e+00
7.43510e+01  1.00068e+00  3.59132e-03  -5.36338e-03  9.92865e-01  1.00895e+00
7.44557e+01  1.00070e+00  3.66349e-03  -4.31303e-03  9.95037e-01  1.00798e+00
7.45605e+01  1.00070e+00  3.69686e-03  -3.21659e-03  9.97264e-01  1.00691e+00
7.46652e+01  1.00070e+00  3.69173e-03  -2.08610e-03  9.99520e-01  1.00578e+00
7.47699e+01  1.00069e+00  3.64872e-03  -9.34034e-04  1.00178e+00  1.00458e+00
7.48746e+01  1.00067e+00  3.56869e-03  2.26872e-04  1.00402e+00  1.00334e+00
7.49793e+01  1.00064e+00  3.45277e-03  1.38373e-03  1.00622e+00  1.00207e+00
7.50841e+01  1.00061e+00  3.30231e-03  2.52364e-03  1.00835e+00  1.00078e+00
7.51888e+01  1.00057e+00  3.11889e-03  3.63391e-03  1.01039e+00  9.99485e-01
7.52935e+01  1.00053e+00  2.90427e-03  4.70212e-03  1.01231e+00  9.98202e-01
7.53982e+01  1.00047e+00  2.66046e-03  5.71634e-03  1.01409e+00  9.96944e-01
7.55029e+01  1.00042e+00  2.38967e-03  6.66525e-03  1.01572e+00  9.95724e-01
7.56077e+01  1.00036e+00  2.09431e-03  7.53828e-03  1.01717e+00  9.94556e-01
7.57124e+01  1.00029e+00  1.77704e-03  8.32577e-03  1.01843e+00  9.93451e-01
7.58171e+01  1.00022e+00  1.44071e-03  9.01905e-03  1.01948e+00  9.92422e-01
7.59218e+01  1.00015e+00  1.08844e-03  9.61055e-03  1.02031e+00  9.91478e-01
7.60265e+01  1.00008e+00  7.23538e-04  1.00939e-02  1.02091e+00  9.90630e-01
7.61313e+01  1.00001e+00  3.49545e-04  1.04642e-02  1.02128e+00  9.89885e-01
7.62360e+01  9.99939e-01  -2.97945e-05  1.07175e-02  1.02141e+00  9.89253e-01
7.63407e+01  9.99869e-01  -4.10559e-04  1.08515e-02  1.02129e+00  9.88738e-01
7.64454e+01  9.99800e-01  -7.88674e-04  1.08654e-02  1.02094e+00  9.88346e-01
7.65501e+01  9.99733e-01  -1.15996e-03  1.07594e-02  1.02036e+00  9.88081e-01
7.66549e+01  9.99670e-01  -1.52015e-03  1.05355e-02  1.01955e+00  9.87944e-01
7.67596e+01  9.99611e-01  -1.86501e-03  1.01967e-02  1.01853e+00  9.87938e-01
7.68643e+01  9.99556e-01  -2.19033e-03  9.74745e-03  1.01730e+00  9.88062e-01
7.69690e+01  9.99507e-01  -2.49200e-03  9.19338e-03  1.01589e+00  9.88315e-01
7.70737e+01  9.99463e-01  -2.76615e-03  8.54121e-03  1.01432e+00  9.88693e-01
7.71785e+01  9.99426e-01  -3.00912e-03  7.79869e-03  1.01259e+00  9.89192e-01
7.72832e+01  9.99395e-01  -3.21761e-03  6.97450e-03  1.01073e+00  9.89808e-01
7.73879e+01  9.99370e-01  -3.38869e-03  6.07812e-03  1.00877e+00  9.90533e-01
7.74926e+01  9.99353e-01  -3.51992e-03  5.11973e-03  1.00672e+00  9.91360e-01
7.75973e+01  9.99344e-01  -3.60934e-03  4.11005e-03  1.00461e+00  9.92281e-01
7.77021e+01  9.99341e-01  -3.65557e-03  3.06026e-03  1.00246e+00  9.93284e-01
7.78068e+01  9.99346e-01  -3.65782e-03  1.98186e-03  1.00031e+00  9.94360e-01
7.79115e+01  9.99359e-01  -3.61591e-03  8.86543e-04  9.98157e-01  9.95498e-01
7.80162e+01  9.99378e-01  -3.53032e-03  -2.13938e-04  9.96042e-01  9.96684e-01
7.81209e+01  9.99404e-01  -3.40211e-03  -1.30786e-03  9.93982e-01  9.97906e-01
7.82257e+01  9.99437e-01  -3.23301e-03  -2.38366e-03  9.92000e-01  9.99151e-01
7.83304e+01  9.99476e-01  -3.02530e-03  -3.43006e-03  9.90115e-01  1.00040e+00
7.84351e+01  9.99521e-01  -2.78184e-03  -4.43613e-03  9.88346e-01  1.00165e+00
7.85398e+01  9.99571e-01  -2.50596e-03  -5.39143e-03  9.86711e-01  1.00289e+00
7.86445e+01  9.99625e-01  -2.20145e-03  -6.28609e-03  9.85226e-01  1.00408e+00
7.87493e+01  9.99683e-01  -1.87247e-03  -7.11090e-03  9.83906e-01  1.00524e+00
7.88540e+01  9.99745e-01  -1.52349e-03  -7.85738e-03  9.82762e-01  1.00633e+00
7.89587e+01  9.99809e-01  -1.15916e-03  -8.51789e-03  9.81805e-01  1.00736e+00
7.90634e+01  9.99875e-01  -7.84307e-04  -9.08566e-03  9.81044e-01  1.00830e+00
7.91681e+01  9.99943e-01  -4.03791e-04  -9.55488e-03  9.80486e-01  1.00915e+00
7.92729e+01  1.00001e+00  -2.24499e-05  -9.92077e-03  9.80136e-01  1.00990e+00
7.93776e+01  1.00008e+00  3.54983e-04  -1.01796e-02  9.79996e-01  1.01053e+00
7.94823e+01  1.00014e+00  7.23950e-04  -1.03287e-02  9.80067e-01  1.01105e+00
7.95870e+01  1.00021e+00  1.08014e-03  -1.03665e-02  9.80347e-01  1.01145e+00
7.96917e+01  1.00027e+00  1.41952e-03  -1.02928e-02  9.80834e-01  1.01171e+00
7.97965e+01  1.00033e+00  1.73843e-03  -1.01083e-02  9.81522e-01  1.01185e+00
7.99012e+01  1.00038e+00  2.03358e-03  -9.81494e-03  9.82404e-01  1.01185e+00
8.00059e+01  1.00043e+00  2.30208e-03  -9.41587e-03  9.83470e-01  1.01172e+00
8.01106e+01  1.00048e+00  2.54148e-03  -8.91534e-03  9.84711e-01  1.01146e+00
8.02153e+01  1.00052e+00  2.74976e-03  -8.31866e-03  9.86112e-01  1.01107e+00
8.03201e+01  1.00055e+00  2.92532e-03  -7.63222e-03  9.87661e-01  1.01056e+00
8.04248e+01  1.00058e+00  3.06699e-03  -6.86339e-03  9.89340e-01  1.00993e+00
8.05295e+01  1.00060e+00  3.17400e-03  -6.02047e-03  9.91133e-01  1.00919e+00
8.06342e+01  1.00061e+00  3.24595e-03  -5.11258e-03  9.93021e-01  1.00836e+00
8.07389e+01  1.00062e+00  3.28282e-03  -4.14959e-03  9.94984e-01  1.00743e+00
8.08437e+01  1.00062e+00  3.28487e-03  -3.14203e-03  9.97001e-01  1.00643e+00
8.09484e+01  1.00061e+00  3.25270e-03  -2.10094e-03  9.99051e-01  1.00535e+00
8.10531e+01  1.00060e+00  3.18714e-03  -1.03780e-03  1.00111e+00  1.00422e+00
8.11578e+01  1.00058e+00  3.08929e-03  3.56726e-05  1.00316e+00  1.00305e+00
8.12625e+01  1.00055e+00  2.96044e-03  1.10756e-03  1.00518e+00  1.00185e+00
8.13672e+01  1.00052e+00  2.80210e-03  2.16597e-03  1.00713e+00  1.00064e+00
8.14720e+01  1.00048e+00  2.61595e-03  3.19911e-03  1.00901e+00  9.99417e-01
8.15767e+01  1.00044e+00  2.40384e-03  4.19547e-03  1.01079e+00  9.98208e-01
8.16814e+01  1.00039e+00  2.16780e-03  5.14394e-03  1.01246e+00  9.97024e-01
8.17861e+01  1.00034e+00  1.91003e-03  6.03395e-03  1.01398e+00  9.95876e-01
8.18908e+01  1.00028e+00  1.63286e-03  6.85561e-03  1.01534e+00  9.94777e-01
8.19956e+01  1.00022e+00  1.33881e-03  7.59980e-03  1.01654e+00  9.93739e-01
8.21003e+01  1.00016e+00  1.03057e-03  8.25832e-03  1.01755e+00  9.92772e-01
8.22050e+01  1.00010e+00  7.10979e-04  8.82398e-03  1.01836e+00  9.91887e-01
8.23097e+01  1.00003e+00  3.83047e-04  9.29066e-03  1.01896e+00  9.91092e-01
8.24144e+01  9.99970e-01  4.99370e-05  9.65341e-03  1.01936e+00  9.90397e-01
8.25192e+01  9.99906e-01  -2.85047e-04  9.90850e-03  1.01953e+00  9.89806e-01
8.26239e+01  9.99844e-01  -6.18475e-04  1.00534e-02  1.01949e+00  9.89328e-01
8.27286e+01  9.99784e-01  -9.46821e-04  1.00871e-02  1.01923e+00  9.88966e-01
8.28333e+01  9.99727e-01  -1.26649e-03  1.00094e-02  1.01875e+00  9.88724e-01
8.29380e+01  9.99673e-01  -1.57386e-03  9.82191e-03  1.01807e+00  9.88604e-01
8.30428e+01  9.99622e-01  -1.86532e-03  9.52708e-03  1.01719e+00  9.88608e-01
8.31475e+01  9.99577e-01  -2.13735e-03  9.12872e-03  1.01612e+00  9.88734e-01
8.32522e+01  9.99536e-01  -2.38652e-03  8.63177e-03  1.01488e+00  9.88982e-01
8.33569e+01  9.99500e-01  -2.60960e-03  8.04219e-03  1.01347e+00  9.89348e-01
8.34616e+01  9.99470e-01  -2.80360e-03  7.36696e-03  1.01193e+00  9.89829e-01
8.35664e+01  9.99446e-01  -2.96583e-03  6.61392e-03  1.01026e+00  9.90420e-01
8.36711e+01  9.99428e-01  -3.09395e-03  5.79171e-03  1.00849e+00  9.91114e-01
8.37758e+01  9.99417e-01  -3.18603e-03  4.90962e-03  1.00663e+00  9.91904e-01
8.38805e+01  9.99413e-01  -3.24059e-03  3.97754e-03  1.00471e+00  9.92782e-01
8.39852e+01  9.99414e-01  -3.25664e-03  3.00579e-03  1.00275e+00  9.93738e-01
8.40900e+01  9.99423e-01  -3.23374e-03  2.00504e-03  1.00078e+00  9.94761e-01
8.41947e+01  9.99438e-01  -3.17195e-03  9.86178e-04  9.98800e-01  9.95842e-01
8.42994e+01  9.99459e-01  -3.07193e-03  -3.98134e-05  9.96848e-01  9.96968e-01
8.44041e+01  9.99486e-01  -2.93485e-03  -1.06194e-03  9.94941e-01  9.98127e-01
8.45088e+01  9.99518e-01  -2.76245e-03  -2.06934e-03  9.93099e-01  9.99307e-01
8.46136e+01  9.99556e-01  -2.55695e-03  -3.05135e-03  9.91340e-01  1.00049e+00
8.47183e+01  9.99599e-01  -2.32108e-03  -3.99765e-03  9.89684e-01  1.00168e+00
8.48230e+01  9.99646e-01  -2.05799e-03  -4.89834e-03  9.88145e-01  1.00284e+00
8.49277e+01  9.99697e-01  -1.77121e-03  -5.74402e-03  9.86741e-01  1.00397e+00
8.50324e+01  9.99751e-01  -1.46457e-03  -6.52590e-03  9.85484e-01  1.00506e+00
8.51372e+01  9.99808e-01  -1.14217e-03  -7.23588e-03  9.84386e-01  1.00609e+00
8.52419e+01  9.99867e-01  -8.08295e-04  -7.86660e-03  9.83459e-01  1.00706e+00
8.53466e+01  9.99926e-01  -4.67309e-04  -8.41155e-03  9.82710e-01  1.00794e+00
8.54513e+01  9.99987e-01  -1.23619e-04  -8.86509e-03  9.82146e-01  1.00874e+00
8.55560e+01  1.00005e+00  2.18413e-04  -9.22255e-03  9.81773e-01  1.00944e+00
8.56608e+01  1.00011e+00  5.54539e-04  -9.48022e-03  9.81594e-01  1.01003e+00
8.57655e+01  1.00017e+00  8.80690e-04  -9.63546e-03  9.81610e-01  1.01052e+00
8.58702e+01  1.00022e+00  1.19304e-03  -9.68666e-03  9.81820e-01  1.01088e+00
8.59749e+01  1.00028e+00  1.48803e-03  -9.63332e-03  9.82221e-01  1.01112e+00
8.60796e+01  1.00033e+00  1.76247e-03  -9.47601e-03  9.82810e-01  1.01124e+00
8.61844e+01  1.00037e+00  2.01351e-03  -9.21641e-03  9.83581e-01  1.01123e+00
8.62891e+01  1.00041e+00  2.23868e-03  -8.85728e-03  9.84524e-01  1.01110e+00
8.63938e+01  1.00045e+00  2.43594e-03  -8.40246e-03  9.85631e-01  1.01084e+00
8.64985e+01  1.00048e+00  2.60365e-03  -7.85678e-03  9.86890e-01  1.01046e+00
8.66032e+01  1.00051e+00  2.74055e-03  -7.22612e-03  9.88288e-01  1.00997e+00
8.67080e+01  1.00053e+00  2.84581e-03  -6.51724e-03  9.89811e-01  1.00936e+00
8.68127e+01  1.00055e+00  2.91896e-03  -5.73779e-03  9.91443e-01  1.00866e+00
8.69174e+01  1.00056e+00  2.95989e-03  -4.89624e-03  9.93167e-01  1.00786e+00
8.70221e+01  1.00056e+00  2.96882e-03  -4.00172e-03  9.94965e-01  1.00697e+00
8.71268e+01  1.00055e+00  2.94625e-03  -3.06401e-03  9.96818e-01  1.00601e+00
8.72316e+01  1.00054e+00  2.89298e-03  -2.09339e-03  9.98706e-01  1.00499e+00
8.73363e+01  1.00053e+00  2.81004e-03  -1.10052e-03  1.00061e+00  1.00391e+00
8.74410e+01  1.00051e+00  2.69867e-03  -9.63743e-05  1.00251e+00  1.00280e+00
8.75457e+01  1.00048e+00  2.56030e-03  9.07951e-04  1.00438e+00  1.00165e+00
8.76504e+01  1.00045e+00  2.39654e-03  1.90131e-03  1.00620e+00  1.00050e+00
8.77552e+01  1.00041e+00  2.20915e-03  2.87267e-03  1.00795e+00  9.99336e-01
8.78599e+01  1.00037e+00  2.00003e-03  3.81123e-03  1.00962e+00  9.98189e-01
8.79646e+01  1.00032e+00  1.77121e-03  4.70652e-03  1.01118e+00  9.97065e-01
8.80693e+01  1.00027e+00  1.52484e-03  5.54859e-03  1.01262e+00  9.95976e-01
8.81740e+01  1.00022e+00  1.26320e-03  6.32808e-03  1.01392e+00  9.94935e-01
8.82788e+01  1.00017e+00  9.88691e-04  7.03634e-03  1.01506e+00  9.93952e-01
8.83835e+01  1.00011e+00  7.03827e-04  7.66555e-03  1.01603e+00  9.93038e-01
8.84882e+01  1.00005e+00  4.11243e-04  8.20882e-03  1.01683e+00  9.92202e-01
8.85929e+01  9.99994e-01  1.13688e-04  8.66025e-03  1.01743e+00  9.91453e-01
8.86976e+01  9.99936e-01  -1.85982e-04  9.01499e-03  1.01784e+00  9.90799e-01
8.88024e+01  9.99880e-01  -4.84815e-04  9.26934e-03  1.01805e+00  9.90246e-01
8.89071e+01  9.99825e-01  -7.79778e-04  9.42076e-03  1.01806e+00  9.89799e-01
8.90118e+01  9.99772e-01  -1.06778e-03  9.46788e-03  1.01787e+00  9.89464e-01
8.91165e+01  9.99722e-01  -1.34569e-03  9.41056e-03  1.01748e+00  9.89244e-01
8.92212e+01  9.99675e-01  -1.61039e-03  9.24981e-03  1.01689e+00  9.89140e-01
8.93260e+01  9.99632e-01  -1.85879e-03  8.98784e-03  1.01612e+00  9.89153e-01
8.94307e+01  9.99593e-01  -2.08789e-03  8.62795e-03  1.01517e+00  9.89284e-01
8.95354e+01  9.99559e-01  -2.29479e-03  8.17455e-03  1.01405e+00  9.89531e-01
8.96401e+01  9.99530e-01  -2.47680e-03  7.63305e-03  1.01279e+00  9.89890e-01
8.97448e+01  9.99506e-01  -2.63144e-03  7.00980e-03  1.01139e+00  9.90359e-01
8.98495e+01  9.99488e-01  -2.75650e-03  6.31201e-03  1.00987e+00  9.90931e-01
8.99543e+01  9.99475e-01  -2.85011e-03  5.54765e-03  1.00825e+00  9.91602e-01
9.00590e+01  9.99469e-01  -2.91077e-03  4.72535e-03  1.00654e+00  9.92364e-01
9.01637e+01  9.99468e-01  -2.93736e-03  3.85431e-03  1.00477e+00  9.93208e-01
9.02684e+01  9.99474e-01  -2.92924e-03  2.94418e-03  1.00296e+00  9.94127e-01
9.03731e+01  9.99485e-01  -2.88620e-03  2.00498e-03  1.00112e+00  9.95109e-01
9.04779e+01  9.99502e-01  -2.80855e-03  1.04693e-03  9.99285e-01  9.96145e-01
9.05826e+01  9.99524e-01  -2.69708e-03  8.04244e-05  9.97464e-01  9.97222e-01
9.06873e+01  9.99552e-01  -2.55304e-03  -8.84158e-04  9.95679e-01  9.98331e-01
9.07920e+01  9.99585e-01  -2.37819e-03  -1.83650e-03  9.93949e-01  9.99458e-01
9.08967e+01  9.99622e-01  -2.17474e-03  -2.76648e-03  9.92292e-01  1.00059e+00
9.10015e+01  9.99663e-01  -1.94529e-03  -3.66425e-03  9.90726e-01  1.00172e+00
9.11062e+01  9.99708e-01  -1.69285e-03  -4.52035e-03  9.89266e-01  1.00283e+00
9.12109e+01  9.99756e-01  -1.42075e-03  -5.32579e-03  9.87928e-01  1.00391e+00
9.13156e+01  9.99806e-01  -1.13257e-03  -6.07214e-03  9.86723e-01  1.00494e+00
9.14203e+01  9.99859e-01  -8.32118e-04  -6.75158e-03  9.85665e-01  1.00592e+00
9.15251e+01  9.99913e-01  -5.23350e-04  -7.35705e-03  9.84763e-01  1.00683e+00
9.16298e+01  9.99968e-01  -2.10286e-04  -7.88222e-03  9.84025e-01  1.00767e+00
9.17345e+01  1.00002e+00  1.03041e-04  -8.32162e-03  9.83460e-01  1.00842e+00
9.18392e+01  1.00008e+00  4.12661e-04  -8.67067e-03  9.83071e-01  1.00908e+00
9.19439e+01  1.00013e+00  7.14725e-04  -8.92575e-03  9.82863e-01  1.00964e+00
9.20487e+01  1.00018e+00  1.00557e-03  -9.08419e-03  9.82837e-01  1.01009e+00
9.21534e+01  1.00023e+00  1.28176e-03  -9.14434e-03  9.82993e-01  1.01043e+00
9.22581e+01  1.00028e+00  1.54015e-03  -9.10559e-03  9.83329e-01  1.01065e+00
9.23628e+01  1.00032e+00  1.77792e-03  -8.96835e-03  9.83841e-01  1.01075e+00
9.24675e+01  1.00036e+00  1.99259e-03  -8.73409e-03  9.84524e-01  1.01073e+00
9.25723e+01  1.00040e+00  2.18206e-03  -8.40530e-03  9.85371e-01  1.01059e+00
9.26770e+01  1.00043e+00  2.34463e-03  -7.98548e-03  9.86374e-01  1.01033e+00
9.27817e+01  1.00046e+00  2.47895e-03  -7.47914e-03  9.87521e-01  1.00996e+00
9.28864e+01  1.00048e+00  2.58410e-03  -6.89169e-03  9.88801e-01  1.00948e+00
9.29911e+01  1.00049e+00  2.65949e-03  -6.22947e-03  9.90201e-01  1.00889e+00
9.30959e+01  1.00050e+00  2.70493e-03  -5.49962e-03  9.91706e-01  1.00820e+00
9.32006e+01  1.00051e+00  2.72053e-03  -4.71006e-03  9.93300e-01  1.00743e+00
9.33053e+01  1.00051e+00  2.70671e-03  -3.86938e-03  9.94968e-01  1.00658e+00
9.34100e+01  1.00050e+00  2.66419e-03  -2.98675e-03  9.96691e-01  1.00565e+00
9.35147e+01  1.00049e+00  2.59391e-03  -2.07185e-03  9.98450e-01  1.00467e+00
9.36195e+01  1.00047e+00  2.49707e-03  -1.13472e-03  1.00023e+00  1.00363e+00
9.37242e+01  1.00045e+00  2.37501e-03  -1.85690e-04  1.00200e+00  1.00256e+00
9.38289e+01  1.00042e+00  2.22929e-03  7.64746e-04  1.00376e+00  1.00146e+00
9.39336e+01  1.00039e+00  2.06158e-03  1.70606e-03  1.00547e+00  1.00036e+00
9.40383e+01  1.00035e+00  1.87369e-03  2.62781e-03  1.00713e+00  9.99246e-01
9.41431e+01  1.00031e+00  1.66755e-03  3.51976e-03  1.00871e+00  9.98148e-01
9.42478e+01  1.00027e+00  1.44518e-03  4.37197e-03  1.01019e+00  9.97073e-01
9.43525e+01  1.00022e+00  1.20870e-03  5.17498e-03  1.01156e+00  9.96034e-01
9.44572e+01  1.00017e+00  9.60312e-04  5.91985e-03  1.01280e+00  9.95040e-01
9.45619e+01  1.00012e+00  7.02313e-04  6.59833e-03  1.01390e+00  9.94104e-01
9.46667e+01  1.00007e+00  4.37077e-04  7.20291e-03  1.01484e+00  9.93234e-01
9.47714e+01  1.00001e+00  1.67058e-04  7.72695e-03  1.01562e+00  9.92440e-01
9.48761e+01  9.99961e-01  -1.05213e-04  8.16472e-03  1.01622e+00  9.91730e-01
9.49808e+01  9.99909e-01  -3.77134e-04  8.51150e-03  1.01665e+00  9.91111e-01
9.50855e+01  9.99858e-01  -6.46043e-04  8.76363e-03  1.01688e+00  9.90590e-01
9.51903e+01  9.99809e-01  -9.09232e-04  8.91852e-03  1.01693e+00  9.90172e-01
9.52950e+01  9.99762e-01  -1.16396e-03  8.97472e-03  1.01679e+00  9.89861e-01
9.53997e+01  9.99718e-01  -1.40749e-03  8.93188e-03  1.01646e+00  9.89661e-01
9.55044e+01  9.99677e-01  -1.63709e-03  8.79080e-03  1.01594e+00  9.89572e-01
9.56091e+01  9.99640e-01  -1.85009e-03  8.55337e-03  1.01526e+00  9.89597e-01
9.57139e+01  9.99607e-01  -2.04392e-03  8.22258e-03  1.01440e+00  9.89734e-01
9.58186e+01  9.99578e-01  -2.21612e-03  7.80240e-03  1.01339e+00  9.89981e-01
9.59233e+01  9.99555e-01  -2.36441e-03  7.29784e-03  1.01223e+00  9.90338e-01
9.60280e+01  9.99536e-01  -2.48674e-03  6.71475e-03  1.01094e+00  9.90799e-01
9.61327e+01  9.99522e-01  -2.58130e-03  6.05986e-03  1.00954e+00  9.91359e-01
9.62375e+01  9.99514e-01  -2.64659e-03  5.34061e-03  1.00803e+00  9.92013e-01
9.63422e+01  9.99512e-01  -2.68144e-03  4.56512e-03  1.00645e+00  9.92753e-01
9.64469e+01  9.99514e-01  -2.68506e-03  3.74206e-03  1.00480e+00  9.93573e-01
9.65516e+01  9.99523e-01  -2.65705e-03  2.88054e-03  1.00310e+00  9.94462e-01
9.66563e+01  9.99536e-01  -2.59747e-03  1.99005e-03  1.00138e+00  9.95412e-01
9.67611e+01  9.99555e-01  -2.50676e-03  1.08031e-03  9.99654e-01  9.96413e-01
9.68658e+01  9.99578e-01  -2.38584e-03  1.61198e-04  9.97937e-01  9.97453e-01
9.69705e+01  9.99607e-01  -2.23607e-03  -7.57364e-04  9.96249e-01  9.98521e-01
9.70752e+01  9.99639e-01  -2.05921e-03  -1.66552e-03  9.94610e-01  9.99606e-01
9.71799e+01  9.99676e-01  -1.85744e-03  -2.55356e-03  9.93035e-01  1.00070e+00
9.72847e+01  9.99716e-01  -1.63330e-03  -3.41206e-03  9.91543e-01  1.00178e+00
9.73894e+01  9.99759e-01  -1.38968e-03  -4.23190e-03  9.90147e-01  1.00284e+00
9.74941e+01  9.99805e-01  -1.12974e-03  -5.00442e-03  9.88861e-01  1.00387e+00
9.75988e+01  9.99852e-01  -8.56868e-04  -5.72149e-03  9.87700e-01  1.00486e+00
9.77035e+01  9.99902e-01  -5.74643e-04  -6.37555e-03  9.86674e-01  1.00580e+00
9.78083e+01  9.99952e-01  -2.86749e-04  -6.95975e-03  9.85794e-01  1.00667e+00
9.79130e+01  1.00000e+00  3.07795e-06  -7.46795e-03  9.85067e-01  1.00747e+00
9.80177e+01  1.00005e+00  2.91113e-04  -7.89481e-03  9.84501e-01  1.00819e+00
9.81224e+01  1.00010e+00  5.73707e-04  -8.23587e-03  9.84102e-01  1.00881e+00
9.82271e+01  1.00015e+00  8.47340e-04  -8.48753e-03  9.83872e-01  1.00933e+00
9.83319e+01  1.00020e+00  1.10869e-03  -8.64715e-03  9.83814e-01  1.00976e+00
9.84366e+01  1.00024e+00  1.35465e-03  -8.71305e-03  9.83929e-01  1.01007e+00
9.85413e+01  1.00028e+00  1.58242e-03  -8.68455e-03  9.84213e-01  1.01027e+00
9.86460e+01  1.00032e+00  1.78949e-03  -8.56194e-03  9.84666e-01  1.01035e+00
9.87507e+01  1.00036e+00  1.97371e-03  -8.34652e-03  9.85281e-01  1.01032e+00
9.88554e+01  1.00039e+00  2.13328e-03  -8.04060e-03  9.86052e-01  1.01017e+00
9.89602e+01  1.00041e+00  2.26678e-03  -7.64742e-03  9.86972e-01  1.00991e+00
9.90649e+01  1.00044e+00  2.37315e-03  -7.17121e-03  9.88031e-01  1.00954e+00
9.91696e+01  1.00045e+00  2.45171e-03  -6.61706e-03  9.89218e-01  1.00907e+00
9.92743e+01  1.00046e+00  2.50212e-03  -5.99095e-03  9.90520e-01  1.00849e+00
9.93790e+01  1.00047e+00  2.52439e-03  -5.29965e-03  9.91925e-01  1.00782e+00
9.94838e+01  1.00047e+00  2.51884e-03  -4.55064e-03  9.93418e-01  1.00707e+00
9.95885e+01  1.00047e+00  2.48608e-03  -3.75207e-03  9.94982e-01  1.00624e+00
9.96932e+01  1.00046e+00  2.42697e-03  -2.91265e-03  9.96602e-01  1.00534e+00
9.97979e+01  1.00044e+00  2.34261e-03  -2.04159e-03  9.98259e-01  1.00438e+00
9.99026e+01  1.00042e+00  2.23431e-03  -1.14843e-03  9.99937e-01  1.00338e+00
1.00007e+02  1.00040e+00  2.10352e-03  -2.43018e-04  1.00162e+00  1.00235e+00
1.00112e+02  1.00037e+00  1.95187e-03  6.64653e-04  1.00328e+00  1.00129e+00
1.00217e+02  1.00034e+00  1.78109e-03  1.56454e-03  1.00491e+00  1.00022e+00
1.00322e+02  1.00030e+00  1.59305e-03  2.44666e-03  1.00649e+00  9.99146e-01
1.00426e+02  1.00026e+00  1.38966e-03  3.30122e-03  1.00799e+00  9.98088e-01
1.00531e+02  1.00022e+00  1.17295e-03  4.11873e-03  1.00941e+00  9.97054e-01
1.00636e+02  1.00017e+00  9.44982e-04  4.89009e-03  1.01073e+00  9.96055e-01
1.00740e+02  1.00013e+00  7.07909e-04  5.60672e-03  1.01192e+00  9.95101e-01
1.00845e+02  1.00008e+00  4.63925e-04  6.26069e-03  1.01299e+00  9.94203e-01
1.00950e+02  1.00003e+00  2.15277e-04  6.84473e-03  1.01390e+00  9.93371e-01
1.01055e+02  9.99982e-01  -3.57339e-05  7.35242e-03  1.01467e+00  9.92612e-01
1.01159e+02  9.99933e-01  -2.86763e-04  7.77818e-03  1.01527e+00  9.91935e-01
1.01264e+02  9.99886e-01  -5.35425e-04  8.11741e-03  1.01570e+00  9.91347e-01
1.01369e+02  9.99839e-01  -7.79302e-04  8.36646e-03  1.01595e+00  9.90854e-01
1.01473e+02  9.99795e-01  -1.01595e-03  8.52274e-03  1.01603e+00  9.90461e-01
1.01578e+02  9.99753e-01  -1.24294e-03  8.58473e-03  1.01593e+00  9.90172e-01
1.01683e+02  9.99714e-01  -1.45782e-03  8.55197e-03  1.01565e+00  9.89990e-01
1.01788e+02  9.99678e-01  -1.65822e-03  8.42508e-03  1.01519e+00  9.89917e-01
1.01892e+02  9.99646e-01  -1.84180e-03  8.20573e-03  1.01457e+00  9.89952e-01
1.01997e+02  9.99618e-01  -2.00633e-03  7.89663e-03  1.01379e+00  9.90097e-01
1.02102e+02  9.99594e-01  -2.14972e-03  7.50149e-03  1.01285e+00  9.90349e-01
1.02206e+02  9.99575e-01  -2.27005e-03  7.02495e-03  1.01178e+00  9.90705e-01
1.02311e+02  9.99560e-01  -2.36558e-03  6.47253e-03  1.01058e+00  9.91162e-01
1.02416e+02  9.99551e-01  -2.43485e-03  5.85055e-03  1.00927e+00  9.91715e-01
1.02521e+02  9.99546e-01  -2.47665e-03  5.16607e-03  1.00786e+00  9.92357e-01
1.02625e+02  9.99547e-01  -2.49012e-03  4.42680e-03  1.00636e+00  9.93083e-01
1.02730e+02  9.99553e-01  -2.47470e-03  3.64099e-03  1.00481e+00  9.93884e-01
1.02835e+02  9.99563e-01  -2.43024e-03  2.81735e-03  1.00320e+00  9.94752e-01
1.02940e+02  9.99579e-01  -2.35694e-03  1.96494e-03  1.00157e+00  9.95678e-01
1.03044e+02  9.99599e-01  -2.25543e-03  1.09309e-03  9.99931e-01  9.96651e-01
1.03149e+02  9.99624e-01  -2.12672e-03  2.11292e-04  9.98296e-01  9.97662e-01
1.03254e+02  9.99652e-01  -1.97222e-03  -6.70922e-04  9.96686e-01  9.98699e-01
1.03358e+02  9.99685e-01  -1.79373e-03  -1.54405e-03  9.95118e-01  9.99750e-01
1.03463e+02  9.99721e-01  -1.59341e-03  -2.39872e-03  9.93609e-01  1.00081e+00
1.03568e+02  9.99760e-01  -1.37374e-03  -3.22581e-03  9.92175e-01  1.00185e+00
1.03673e+02  9.99802e-01  -1.13751e-03  -4.01651e-03  9.90829e-01  1.00288e+00
1.03777e+02  9.99846e-01  -8.87750e-04  -4.76242e-03  9.89587e-01  1.00387e+00
1.03882e+02  9.99891e-01  -6.27682e-04  -5.45564e-03  9.88461e-01  1.00483e+00
1.03987e+02  9.99938e-01  -3.60686e-04  -6.08883e-03  9.87462e-01  1.00573e+00
1.04091e+02  9.99985e-01  -9.02256e-05  -6.65530e-03  9.86599e-01  1.00657e+00
1.04196e+02  1.00003e+00  1.80207e-04  -7.14908e-03  9.85882e-01  1.00733e+00
1.04301e+02  1.00008e+00  4.47149e-04  -7.56493e-03  9.85317e-01  1.00801e+00
1.04406e+02  1.00012e+00  7.07226e-04  -7.89848e-03  9.84910e-01  1.00861e+00
1.04510e+02  1.00017e+00  9.57205e-04  -8.14618e-03  9.84665e-01  1.00910e+00
1.04615e+02  1.00021e+00  1.19405e-03  -8.30541e-03  9.84583e-01  1.00950e+00
1.04720e+02  1.00025e+00  1.41496e-03  -8.37448e-03  9.84666e-01  1.00979e+00
1.04824e+02  1.00029e+00  1.61741e-03  -8.35263e-03  9.84912e-01  1.00997e+00
1.04929e+02  1.00032e+00  1.79920e-03  -8.24010e-03  9.85319e-01  1.01004e+00
1.05034e+02  1.00035e+00  1.95844e-03  -8.03806e-03  9.85882e-01  1.01000e+00
1.05139e+02  1.00038e+00  2.09361e-03  -7.74865e-03  9.86596e-01  1.00984e+00
1.05243e+02  1.00040e+00  2.20354e-03  -7.37495e-03  9.87454e-01  1.00958e+00
1.05348e+02  1.00042e+00  2.28743e-03  -6.92094e-03  9.88446e-01  1.00921e+00
1.05453e+02  1.00043e+00  2.34481e-03  -6.39151e-03  9.89562e-01  1.00874e+00
1.05558e+02  1.00044e+00  2.37558e-03  -5.79232e-03  9.90791e-01  1.00817e+00
1.05662e+02  1.00044e+00  2.37993e-03  -5.12986e-03  9.92120e-01  1.00751e+00
1.05767e+02  1.00044e+00  2.35836e-03  -4.41129e-03  9.93536e-01  1.00677e+00
1.05872e+02  1.00043e+00  2.31165e-03  -3.64441e-03  9.95023e-01  1.00596e+00
1.05976e+02  1.00042e+00  2.24080e-03  -2.83758e-03  9.96566e-01  1.00508e+00
1.06081e+02  1.00040e+00  2.14705e-03  -1.99962e-03  9.98148e-01  1.00415e+00
1.06186e+02  1.00038e+00  2.03178e-03  -1.13970e-03  9.99752e-01  1.00317e+00
1.06291e+02  1.00036e+00  1.89657e-03  -2.67289e-04  1.00136e+00  1.00216e+00
1.06395e+02  1.00033e+00  1.74310e-03  6.08009e-04  1.00296e+00  1.00114e+00
1.06500e+02  1.00029e+00  1.57315e-03  1.47652e-03  1.00453e+00  1.00010e+00
1.06605e+02  1.00026e+00  1.38860e-03  2.32864e-03  1.00605e+00  9.99060e-01
1.06709e+02  1.00022e+00  1.19138e-03  3.15492e-03  1.00750e+00  9.98036e-01
1.06814e+02  1.00018e+00  9.83492e-04  3.94619e-03  1.00888e+00  9.97037e-01
1.06919e+02  1.00014e+00  7.66959e-04  4.69365e-03  1.01015e+00  9.96073e-01
1.07024e+02  1.00009e+00  5.43856e-04  5.38902e-03  1.01132e+00  9.95155e-01
1.07128e+02  1.00005e+00  3.16282e-04  6.02457e-03  1.01237e+00  9.94292e-01
1.07233e+02  1.00000e+00  8.63655e-05  6.59327e-03  1.01327e+00  9.93493e-01
