# k S000 S110 S112 S10 S11
1.04720000e-01 8.65064000e-02 2.72759000e-01 -4.68138000e-01 3.36482000e-01 1.74090000e+00
2.09440000e-01 8.67295000e-02 2.70134000e-01 -4.66483000e-01 3.37168000e-01 1.73662000e+00
3.14159000e-01 8.71027000e-02 2.65807000e-01 -4.63746000e-01 3.38314000e-01 1.72955000e+00
4.18879000e-01 8.76285000e-02 2.59844000e-01 -4.59960000e-01 3.39925000e-01 1.71980000e+00
5.23599000e-01 8.83098000e-02 2.52339000e-01 -4.55167000e-01 3.42005000e-01 1.70751000e+00
6.28319000e-01 8.91508000e-02 2.43406000e-01 -4.49421000e-01 3.44563000e-01 1.69283000e+00
7.33038000e-01 9.01566000e-02 2.33176000e-01 -4.42784000e-01 3.47608000e-01 1.67596000e+00
8.37758000e-01 9.13334000e-02 2.21795000e-01 -4.35323000e-01 3.51150000e-01 1.65712000e+00
9.42478000e-01 9.26886000e-02 2.09419000e-01 -4.27108000e-01 3.55202000e-01 1.63653000e+00
1.04720000e+00 9.42307000e-02 1.96209000e-01 -4.18215000e-01 3.59779000e-01 1.61442000e+00
1.15192000e+00 9.59695000e-02 1.82332000e-01 -4.08718000e-01 3.64897000e-01 1.59105000e+00
1.25664000e+00 9.79165000e-02 1.67949000e-01 -3.98689000e-01 3.70572000e-01 1.56664000e+00
1.36136000e+00 1.00085000e-01 1.53223000e-01 -3.88198000e-01 3.76826000e-01 1.54142000e+00
1.46608000e+00 1.02488000e-01 1.38307000e-01 -3.77314000e-01 3.83679000e-01 1.51562000e+00
1.57080000e+00 1.05144000e-01 1.23347000e-01 -3.66097000e-01 3.91154000e-01 1.48944000e+00
1.67552000e+00 1.08071000e-01 1.08480000e-01 -3.54603000e-01 3.99275000e-01 1.46308000e+00
1.78024000e+00 1.11290000e-01 9.38337000e-02 -3.42882000e-01 4.08070000e-01 1.43672000e+00
1.88496000e+00 1.14825000e-01 7.95221000e-02 -3.30979000e-01 4.17565000e-01 1.41050000e+00
1.98968000e+00 1.18703000e-01 6.56498000e-02 -3.18930000e-01 4.27789000e-01 1.38458000e+00
2.09440000e+00 1.22954000e-01 5.23098000e-02 -3.06769000e-01 4.38772000e-01 1.35908000e+00
2.19911000e+00 1.27612000e-01 3.95843000e-02 -2.94520000e-01 4.50545000e-01 1.33410000e+00
2.30383000e+00 1.32715000e-01 2.75448000e-02 -2.82204000e-01 4.63138000e-01 1.30975000e+00
2.40855000e+00 1.38308000e-01 1.62531000e-02 -2.69835000e-01 4.76582000e-01 1.28609000e+00
2.51327000e+00 1.44437000e-01 5.76149000e-03 -2.57427000e-01 4.90908000e-01 1.26319000e+00
2.61799000e+00 1.51159000e-01 -3.88635000e-03 -2.44985000e-01 5.06144000e-01 1.24110000e+00
2.72271000e+00 1.58537000e-01 -1.26551000e-02 -2.32514000e-01 5.22317000e-01 1.21986000e+00
2.82743000e+00 1.66640000e-01 -2.05169000e-02 -2.20016000e-01 5.39450000e-01 1.19950000e+00
2.93215000e+00 1.75548000e-01 -2.74516000e-02 -2.07493000e-01 5.57563000e-01 1.18004000e+00
3.03687000e+00 1.85353000e-01 -3.34458000e-02 -1.94943000e-01 5.76668000e-01 1.16150000e+00
3.14159000e+00 1.96156000e-01 -3.84931000e-02 -1.82367000e-01 5.96772000e-01 1.14387000e+00
3.24631000e+00 2.08074000e-01 -4.25936000e-02 -1.69767000e-01 6.17872000e-01 1.12717000e+00
3.35103000e+00 2.21240000e-01 -4.57547000e-02 -1.57145000e-01 6.39955000e-01 1.11139000e+00
3.45575000e+00 2.35802000e-01 -4.79906000e-02 -1.44508000e-01 6.62993000e-01 1.09652000e+00
3.56047000e+00 2.51931000e-01 -4.93227000e-02 -1.31866000e-01 6.86945000e-01 1.08254000e+00
3.66519000e+00 2.69818000e-01 -4.97801000e-02 -1.19234000e-01 7.11753000e-01 1.06945000e+00
3.76991000e+00 2.89681000e-01 -4.94000000e-02 -1.06631000e-01 7.37337000e-01 1.05723000e+00
3.87463000e+00 3.11763000e-01 -4.82276000e-02 -9.40861000e-02 7.63600000e-01 1.04586000e+00
3.97935000e+00 3.36337000e-01 -4.63169000e-02 -8.16318000e-02 7.90419000e-01 1.03531000e+00
4.08407000e+00 3.63707000e-01 -4.37304000e-02 -6.93100000e-02 8.17650000e-01 1.02558000e+00
4.18879000e+00 3.94205000e-01 -4.05395000e-02 -5.71697000e-02 8.45121000e-01 1.01663000e+00
4.29351000e+00 4.28196000e-01 -3.68234000e-02 -4.52676000e-02 8.72641000e-01 1.00844000e+00
4.39823000e+00 4.66066000e-01 -3.26692000e-02 -3.36671000e-02 8.99997000e-01 1.00100000e+00
4.50295000e+00 5.08217000e-01 -2.81703000e-02 -2.24380000e-02 9.26954000e-01 9.94268000e-01
4.60767000e+00 5.55049000e-01 -2.34252000e-02 -1.16545000e-02 9.53266000e-01 9.88229000e-01
4.71239000e+00 6.06938000e-01 -1.85354000e-02 -1.39363000e-03 9.78677000e-01 9.82858000e-01
4.81711000e+00 6.64197000e-01 -1.36033000e-02 8.26688000e-03 1.00293000e+00 9.78130000e-01
4.92183000e+00 7.27027000e-01 -8.72941000e-03 1.72513000e-02 1.02577000e+00 9.74019000e-01
5.02655000e+00 7.95448000e-01 -4.00999000e-03 2.54885000e-02 1.04697000e+00 9.70502000e-01
5.13127000e+00 8.69219000e-01 4.66047000e-04 3.29148000e-02 1.06630000e+00 9.67551000e-01
5.23599000e+00 9.47740000e-01 4.61954000e-03 3.94765000e-02 1.08357000e+00 9.65143000e-01
5.34071000e+00 1.02996000e+00 8.38337000e-03 4.51321000e-02 1.09865000e+00 9.63251000e-01
5.44543000e+00 1.11428000e+00 1.17042000e-02 4.98543000e-02 1.11141000e+00 9.61850000e-01
5.55015000e+00 1.19856000e+00 1.45438000e-02 5.36307000e-02 1.12181000e+00 9.60913000e-01
5.65487000e+00 1.28011000e+00 1.68791000e-02 5.64650000e-02 1.12981000e+00 9.60414000e-01
5.75959000e+00 1.35589000e+00 1.87025000e-02 5.83761000e-02 1.13545000e+00 9.60326000e-01
5.86431000e+00 1.42275000e+00 2.00203000e-02 5.93976000e-02 1.13882000e+00 9.60623000e-01
5.96903000e+00 1.47779000e+00 2.08519000e-02 5.95759000e-02 1.14000000e+00 9.61276000e-01
6.07375000e+00 1.51871000e+00 2.12274000e-02 5.89690000e-02 1.13917000e+00 9.62258000e-01
6.17847000e+00 1.54415000e+00 2.11857000e-02 5.76436000e-02 1.13647000e+00 9.63542000e-01
6.28319000e+00 1.55386000e+00 2.07718000e-02 5.56729000e-02 1.13212000e+00 9.65099000e-01
6.38791000e+00 1.54863000e+00 2.00349000e-02 5.31347000e-02 1.12630000e+00 9.66900000e-01
6.49262000e+00 1.53014000e+00 1.90263000e-02 5.01085000e-02 1.11924000e+00 9.68918000e-01
6.59734000e+00 1.50066000e+00 1.77968000e-02 4.66741000e-02 1.11115000e+00 9.71123000e-01
6.70206000e+00 1.46273000e+00 1.63960000e-02 4.29096000e-02 1.10222000e+00 9.73486000e-01
6.80678000e+00 1.41887000e+00 1.48705000e-02 3.88901000e-02 1.09265000e+00 9.75980000e-01
6.91150000e+00 1.37137000e+00 1.32628000e-02 3.46866000e-02 1.08264000e+00 9.78576000e-01
7.01622000e+00 1.32218000e+00 1.16111000e-02 3.03653000e-02 1.07234000e+00 9.81246000e-01
7.12094000e+00 1.27287000e+00 9.94899000e-03 2.59869000e-02 1.06192000e+00 9.83962000e-01
7.22566000e+00 1.22464000e+00 8.30472000e-03 2.16069000e-02 1.05152000e+00 9.86698000e-01
7.33038000e+00 1.17836000e+00 6.70193000e-03 1.72748000e-02 1.04125000e+00 9.89427000e-01
7.43510000e+00 1.13459000e+00 5.15961000e-03 1.30347000e-02 1.03123000e+00 9.92125000e-01
7.53982000e+00 1.09372000e+00 3.69252000e-03 8.92512000e-03 1.02154000e+00 9.94767000e-01
7.64454000e+00 1.05593000e+00 2.31159000e-03 4.97971000e-03 1.01227000e+00 9.97332000e-01
7.74926000e+00 1.02130000e+00 1.02443000e-03 1.22714000e-03 1.00348000e+00 9.99797000e-01
7.85398000e+00 9.89814000e-01 -1.64214000e-04 -2.30837000e-03 9.95219000e-01 1.00214000e+00
7.95870000e+00 9.61407000e-01 -1.25197000e-03 -5.60676000e-03 9.87535000e-01 1.00435000e+00
8.06342000e+00 9.35969000e-01 -2.23839000e-03 -8.65177000e-03 9.80458000e-01 1.00641000e+00
8.16814000e+00 9.13374000e-01 -3.12448000e-03 -1.14307000e-02 9.74014000e-01 1.00831000e+00
8.27286000e+00 8.93484000e-01 -3.91238000e-03 -1.39339000e-02 9.68220000e-01 1.01002000e+00
8.37758000e+00 8.76161000e-01 -4.60499000e-03 -1.61549000e-02 9.63085000e-01 1.01155000e+00
8.48230000e+00 8.61267000e-01 -5.20568000e-03 -1.80898000e-02 9.58615000e-01 1.01288000e+00
8.58702000e+00 8.48675000e-01 -5.71807000e-03 -1.97371000e-02 9.54808000e-01 1.01402000e+00
8.69174000e+00 8.38260000e-01 -6.14584000e-03 -2.10977000e-02 9.51659000e-01 1.01495000e+00
8.79646000e+00 8.29911000e-01 -6.49259000e-03 -2.21745000e-02 9.49158000e-01 1.01568000e+00
8.90118000e+00 8.23524000e-01 -6.76172000e-03 -2.29724000e-02 9.47294000e-01 1.01621000e+00
9.00590000e+00 8.19004000e-01 -6.95642000e-03 -2.34980000e-02 9.46048000e-01 1.01654000e+00
9.11062000e+00 8.16264000e-01 -7.07962000e-03 -2.37597000e-02 9.45401000e-01 1.01668000e+00
9.21534000e+00 8.15224000e-01 -7.13402000e-03 -2.37673000e-02 9.45331000e-01 1.01663000e+00
9.32006000e+00 8.15812000e-01 -7.12211000e-03 -2.35321000e-02 9.45814000e-01 1.01641000e+00
9.42478000e+00 8.17958000e-01 -7.04626000e-03 -2.30667000e-02 9.46820000e-01 1.01602000e+00
9.52950000e+00 8.21598000e-01 -6.90876000e-03 -2.23849000e-02 9.48321000e-01 1.01548000e+00
9.63422000e+00 8.26668000e-01 -6.71193000e-03 -2.15017000e-02 9.50285000e-01 1.01479000e+00
9.73894000e+00 8.33106000e-01 -6.45823000e-03 -2.04330000e-02 9.52676000e-01 1.01397000e+00
9.84366000e+00 8.40849000e-01 -6.15030000e-03 -1.91956000e-02 9.55458000e-01 1.01305000e+00
9.94838000e+00 8.49829000e-01 -5.79107000e-03 -1.78074000e-02 9.58594000e-01 1.01202000e+00
1.00531000e+01 8.59976000e-01 -5.38386000e-03 -1.62868000e-02 9.62043000e-01 1.01090000e+00
1.01578000e+01 8.71213000e-01 -4.93242000e-03 -1.46528000e-02 9.65762000e-01 1.00972000e+00
1.02625000e+01 8.83455000e-01 -4.44097000e-03 -1.29248000e-02 9.69709000e-01 1.00848000e+00
1.03673000e+01 8.96608000e-01 -3.91425000e-03 -1.11229000e-02 9.73840000e-01 1.00721000e+00
1.04720000e+01 9.10566000e-01 -3.35750000e-03 -9.26701000e-03 9.78108000e-01 1.00591000e+00
1.05767000e+01 9.25212000e-01 -2.77649000e-03 -7.37730000e-03 9.82469000e-01 1.00460000e+00
1.06814000e+01 9.40417000e-01 -2.17743000e-03 -5.47383000e-03 9.86875000e-01 1.00330000e+00
1.07861000e+01 9.56036000e-01 -1.56693000e-03 -3.57636000e-03 9.91280000e-01 1.00201000e+00
1.08909000e+01 9.71913000e-01 -9.51956000e-04 -1.70424000e-03 9.95640000e-01 1.00075000e+00
1.09956000e+01 9.87879000e-01 -3.39658000e-04 1.23817000e-04 9.99908000e-01 9.99537000e-01
1.11003000e+01 1.00375000e+00 2.62687000e-04 1.88990000e-03 1.00404000e+00 9.98373000e-01
1.12050000e+01 1.01934000e+00 8.47826000e-04 3.57708000e-03 1.00800000e+00 9.97271000e-01
1.13097000e+01 1.03446000e+00 1.40866000e-03 5.16959000e-03 1.01175000e+00 9.96239000e-01
1.14145000e+01 1.04890000e+00 1.93840000e-03 6.65299000e-03 1.01524000e+00 9.95285000e-01
1.15192000e+01 1.06248000e+00 2.43068000e-03 8.01435000e-03 1.01846000e+00 9.94416000e-01
1.16239000e+01 1.07499000e+00 2.87968000e-03 9.24234000e-03 1.02136000e+00 9.93637000e-01
1.17286000e+01 1.08628000e+00 3.28030000e-03 1.03274000e-02 1.02394000e+00 9.92953000e-01
1.18333000e+01 1.09619000e+00 3.62820000e-03 1.12619000e-02 1.02615000e+00 9.92366000e-01
1.19381000e+01 1.10458000e+00 3.91992000e-03 1.20400000e-02 1.02800000e+00 9.91880000e-01
1.20428000e+01 1.11136000e+00 4.15294000e-03 1.26578000e-02 1.02947000e+00 9.91495000e-01
1.21475000e+01 1.11644000e+00 4.32571000e-03 1.31136000e-02 1.03055000e+00 9.91212000e-01
1.22522000e+01 1.11980000e+00 4.43767000e-03 1.34074000e-02 1.03125000e+00 9.91030000e-01
1.23569000e+01 1.12142000e+00 4.48921000e-03 1.35413000e-02 1.03157000e+00 9.90948000e-01
1.24617000e+01 1.12135000e+00 4.48170000e-03 1.35191000e-02 1.03152000e+00 9.90963000e-01
1.25664000e+01 1.11963000e+00 4.41735000e-03 1.33463000e-02 1.03111000e+00 9.91071000e-01
1.26711000e+01 1.11637000e+00 4.29919000e-03 1.30301000e-02 1.03036000e+00 9.91269000e-01
1.27758000e+01 1.11168000e+00 4.13096000e-03 1.25789000e-02 1.02929000e+00 9.91552000e-01
1.28805000e+01 1.10569000e+00 3.91699000e-03 1.20027000e-02 1.02792000e+00 9.91914000e-01
1.29852000e+01 1.09857000e+00 3.66211000e-03 1.13123000e-02 1.02629000e+00 9.92350000e-01
1.30900000e+01 1.09048000e+00 3.37152000e-03 1.05195000e-02 1.02441000e+00 9.92852000e-01
1.31947000e+01 1.08157000e+00 3.05068000e-03 9.63680000e-03 1.02232000e+00 9.93414000e-01
1.32994000e+01 1.07204000e+00 2.70515000e-03 8.67727000e-03 1.02006000e+00 9.94028000e-01
1.34041000e+01 1.06203000e+00 2.34057000e-03 7.65424000e-03 1.01765000e+00 9.94686000e-01
1.35088000e+01 1.05171000e+00 1.96247000e-03 6.58123000e-03 1.01512000e+00 9.95381000e-01
1.36136000e+01 1.04124000e+00 1.57625000e-03 5.47176000e-03 1.01252000e+00 9.96104000e-01
1.37183000e+01 1.03075000e+00 1.18706000e-03 4.33919000e-03 1.00987000e+00 9.96848000e-01
1.38230000e+01 1.02037000e+00 7.99749000e-04 3.19655000e-03 1.00719000e+00 9.97603000e-01
1.39277000e+01 1.01021000e+00 4.18833000e-04 2.05646000e-03 1.00453000e+00 9.98362000e-01
1.40324000e+01 1.00039000e+00 4.84336000e-05 9.30990000e-04 1.00191000e+00 9.99117000e-01
1.41372000e+01 9.90987000e-01 -3.07731000e-04 -1.68427000e-04 9.99355000e-01 9.99861000e-01
1.42419000e+01 9.82082000e-01 -6.46366000e-04 -1.23110000e-03 9.96891000e-01 1.00058000e+00
1.43466000e+01 9.73741000e-01 -9.64596000e-04 -2.24712000e-03 9.94541000e-01 1.00128000e+00
1.44513000e+01 9.66019000e-01 -1.25997000e-03 -3.20744000e-03 9.92325000e-01 1.00195000e+00
1.45560000e+01 9.58962000e-01 -1.53043000e-03 -4.10394000e-03 9.90262000e-01 1.00257000e+00
1.46608000e+01 9.52604000e-01 -1.77432000e-03 -4.92939000e-03 9.88367000e-01 1.00316000e+00
1.47655000e+01 9.46973000e-01 -1.99033000e-03 -5.67757000e-03 9.86655000e-01 1.00369000e+00
1.48702000e+01 9.42091000e-01 -2.17752000e-03 -6.34319000e-03 9.85136000e-01 1.00417000e+00
1.49749000e+01 9.37969000e-01 -2.33523000e-03 -6.92199000e-03 9.83821000e-01 1.00459000e+00
1.50796000e+01 9.34614000e-01 -2.46311000e-03 -7.41066000e-03 9.82716000e-01 1.00495000e+00
1.51844000e+01 9.32029000e-01 -2.56108000e-03 -7.80687000e-03 9.81825000e-01 1.00525000e+00
1.52891000e+01 9.30209000e-01 -2.62930000e-03 -8.10925000e-03 9.81152000e-01 1.00548000e+00
1.53938000e+01 9.29145000e-01 -2.66814000e-03 -8.31739000e-03 9.80697000e-01 1.00565000e+00
1.54985000e+01 9.28826000e-01 -2.67818000e-03 -8.43175000e-03 9.80458000e-01 1.00575000e+00
1.56032000e+01 9.29232000e-01 -2.66021000e-03 -8.45373000e-03 9.80432000e-01 1.00579000e+00
1.57080000e+01 9.30344000e-01 -2.61518000e-03 -8.38552000e-03 9.80614000e-01 1.00577000e+00
1.58127000e+01 9.32134000e-01 -2.54421000e-03 -8.23016000e-03 9.80995000e-01 1.00569000e+00
1.59174000e+01 9.34575000e-01 -2.44859000e-03 -7.99144000e-03 9.81569000e-01 1.00554000e+00
1.60221000e+01 9.37632000e-01 -2.32976000e-03 -7.67385000e-03 9.82323000e-01 1.00534000e+00
1.61268000e+01 9.41268000e-01 -2.18932000e-03 -7.28256000e-03 9.83246000e-01 1.00509000e+00
1.62316000e+01 9.45442000e-01 -2.02901000e-03 -6.82334000e-03 9.84324000e-01 1.00479000e+00
1.63363000e+01 9.50107000e-01 -1.85071000e-03 -6.30249000e-03 9.85544000e-01 1.00445000e+00
1.64410000e+01 9.55214000e-01 -1.65644000e-03 -5.72681000e-03 9.86890000e-01 1.00407000e+00
1.65457000e+01 9.60709000e-01 -1.44835000e-03 -5.10349000e-03 9.88345000e-01 1.00366000e+00
1.66504000e+01 9.66536000e-01 -1.22871000e-03 -4.44009000e-03 9.89891000e-01 1.00321000e+00
1.67552000e+01 9.72632000e-01 -9.99891000e-04 -3.74439000e-03 9.91511000e-01 1.00274000e+00
1.68599000e+01 9.78934000e-01 -7.64358000e-04 -3.02440000e-03 9.93187000e-01 1.00226000e+00
1.69646000e+01 9.85374000e-01 -5.24650000e-04 -2.28821000e-03 9.94899000e-01 1.00176000e+00
1.70693000e+01 9.91882000e-01 -2.83358000e-04 -1.54395000e-03 9.96629000e-01 1.00126000e+00
1.71740000e+01 9.98386000e-01 -4.30972000e-05 -7.99691000e-04 9.98358000e-01 1.00076000e+00
1.72788000e+01 1.00481000e+00 1.93516000e-04 -6.33739000e-05 1.00007000e+00 1.00026000e+00
1.73835000e+01 1.01109000e+00 4.23898000e-04 6.57283000e-04 1.00174000e+00 9.99767000e-01
1.74882000e+01 1.01715000e+00 6.45529000e-04 1.35486000e-03 1.00336000e+00 9.99291000e-01
1.75929000e+01 1.02292000e+00 8.55986000e-04 2.02229000e-03 1.00490000e+00 9.98834000e-01
1.76976000e+01 1.02833000e+00 1.05298000e-03 2.65299000e-03 1.00636000e+00 9.98400000e-01
1.78024000e+01 1.03332000e+00 1.23437000e-03 3.24086000e-03 1.00772000e+00 9.97994000e-01
1.79071000e+01 1.03783000e+00 1.39824000e-03 3.78037000e-03 1.00896000e+00 9.97618000e-01
1.80118000e+01 1.04181000e+00 1.54288000e-03 4.26664000e-03 1.01008000e+00 9.97276000e-01
1.81165000e+01 1.04522000e+00 1.66683000e-03 4.69547000e-03 1.01106000e+00 9.96971000e-01
1.82212000e+01 1.04802000e+00 1.76891000e-03 5.06335000e-03 1.01190000e+00 9.96706000e-01
1.83260000e+01 1.05018000e+00 1.84823000e-03 5.36755000e-03 1.01258000e+00 9.96481000e-01
1.84307000e+01 1.05170000e+00 1.90422000e-03 5.60607000e-03 1.01312000e+00 9.96298000e-01
1.85354000e+01 1.05256000e+00 1.93662000e-03 5.77771000e-03 1.01349000e+00 9.96159000e-01
1.86401000e+01 1.05276000e+00 1.94545000e-03 5.88205000e-03 1.01371000e+00 9.96063000e-01
1.87448000e+01 1.05231000e+00 1.93110000e-03 5.91940000e-03 1.01377000e+00 9.96012000e-01
1.88496000e+01 1.05124000e+00 1.89420000e-03 5.89087000e-03 1.01368000e+00 9.96003000e-01
1.89543000e+01 1.04958000e+00 1.83572000e-03 5.79823000e-03 1.01343000e+00 9.96037000e-01
1.90590000e+01 1.04737000e+00 1.75684000e-03 5.64396000e-03 1.01304000e+00 9.96113000e-01
1.91637000e+01 1.04464000e+00 1.65903000e-03 5.43117000e-03 1.01252000e+00 9.96228000e-01
1.92684000e+01 1.04145000e+00 1.54395000e-03 5.16355000e-03 1.01187000e+00 9.96380000e-01
1.93732000e+01 1.03785000e+00 1.41342000e-03 4.84529000e-03 1.01110000e+00 9.96568000e-01
1.94779000e+01 1.03390000e+00 1.26944000e-03 4.48107000e-03 1.01023000e+00 9.96788000e-01
1.95826000e+01 1.02966000e+00 1.11412000e-03 4.07594000e-03 1.00927000e+00 9.97038000e-01
1.96873000e+01 1.02519000e+00 9.49614000e-04 3.63529000e-03 1.00822000e+00 9.97314000e-01
1.97920000e+01 1.02055000e+00 7.78157000e-04 3.16474000e-03 1.00711000e+00 9.97613000e-01
1.98968000e+01 1.01580000e+00 6.01975000e-04 2.67012000e-03 1.00594000e+00 9.97932000e-01
2.00015000e+01 1.01100000e+00 4.23279000e-04 2.15735000e-03 1.00474000e+00 9.98266000e-01
2.01062000e+01 1.00621000e+00 2.44226000e-04 1.63241000e-03 1.00351000e+00 9.98612000e-01
2.02109000e+01 1.00148000e+00 6.69011000e-05 1.10123000e-03 1.00227000e+00 9.98966000e-01
2.03156000e+01 9.96866000e-01 -1.06715000e-04 5.69676000e-04 1.00103000e+00 9.99324000e-01
2.04204000e+01 9.92407000e-01 -2.74757000e-04 4.34667000e-05 9.99812000e-01 9.99682000e-01
2.05251000e+01 9.88150000e-01 -4.35500000e-04 -4.71890000e-04 9.98621000e-01 1.00004000e+00
2.06298000e+01 9.84133000e-01 -5.87366000e-04 -9.71135000e-04 9.97470000e-01 1.00038000e+00
2.07345000e+01 9.80391000e-01 -7.28936000e-04 -1.44931000e-03 9.96372000e-01 1.00072000e+00
2.08392000e+01 9.76955000e-01 -8.58960000e-04 -1.90181000e-03 9.95337000e-01 1.00104000e+00
2.09440000e+01 9.73851000e-01 -9.76359000e-04 -2.32438000e-03 9.94375000e-01 1.00135000e+00
2.10487000e+01 9.71102000e-01 -1.08023000e-03 -2.71321000e-03 9.93493000e-01 1.00163000e+00
2.11534000e+01 9.68726000e-01 -1.16983000e-03 -3.06491000e-03 9.92700000e-01 1.00190000e+00
2.12581000e+01 9.66735000e-01 -1.24460000e-03 -3.37656000e-03 9.92002000e-01 1.00213000e+00
2.13628000e+01 9.65142000e-01 -1.30415000e-03 -3.64569000e-03 9.91404000e-01 1.00234000e+00
2.14675000e+01 9.63952000e-01 -1.34824000e-03 -3.87035000e-03 9.90911000e-01 1.00252000e+00
2.15723000e+01 9.63168000e-01 -1.37680000e-03 -4.04908000e-03 9.90525000e-01 1.00267000e+00
2.16770000e+01 9.62789000e-01 -1.38991000e-03 -4.18091000e-03 9.90248000e-01 1.00279000e+00
2.17817000e+01 9.62810000e-01 -1.38777000e-03 -4.26536000e-03 9.90082000e-01 1.00288000e+00
2.18864000e+01 9.63225000e-01 -1.37076000e-03 -4.30247000e-03 9.90024000e-01 1.00293000e+00
2.19911000e+01 9.64022000e-01 -1.33934000e-03 -4.29274000e-03 9.90075000e-01 1.00295000e+00
2.20959000e+01 9.65187000e-01 -1.29414000e-03 -4.23715000e-03 9.90232000e-01 1.00294000e+00
2.22006000e+01 9.66703000e-01 -1.23586000e-03 -4.13711000e-03 9.90490000e-01 1.00290000e+00
2.23053000e+01 9.68551000e-01 -1.16535000e-03 -3.99449000e-03 9.90846000e-01 1.00283000e+00
2.24100000e+01 9.70706000e-01 -1.08353000e-03 -3.81154000e-03 9.91293000e-01 1.00273000e+00
2.25147000e+01 9.73145000e-01 -9.91427000e-04 -3.59091000e-03 9.91827000e-01 1.00260000e+00
2.26195000e+01 9.75839000e-01 -8.90139000e-04 -3.33557000e-03 9.92439000e-01 1.00245000e+00
2.27242000e+01 9.78757000e-01 -7.80847000e-04 -3.04881000e-03 9.93122000e-01 1.00227000e+00
2.28289000e+01 9.81867000e-01 -6.64798000e-04 -2.73422000e-03 9.93867000e-01 1.00207000e+00
2.29336000e+01 9.85135000e-01 -5.43291000e-04 -2.39558000e-03 9.94666000e-01 1.00185000e+00
2.30383000e+01 9.88524000e-01 -4.17672000e-04 -2.03690000e-03 9.95509000e-01 1.00162000e+00
2.31431000e+01 9.91997000e-01 -2.89319000e-04 -1.66233000e-03 9.96386000e-01 1.00137000e+00
2.32478000e+01 9.95516000e-01 -1.59631000e-04 -1.27614000e-03 9.97288000e-01 1.00112000e+00
2.33525000e+01 9.99042000e-01 -3.00172000e-05 -8.82644000e-04 9.98205000e-01 1.00085000e+00
2.34572000e+01 1.00253000e+00 9.81212000e-05 -4.86184000e-04 9.99126000e-01 1.00058000e+00
2.35619000e+01 1.00596000e+00 2.23402000e-04 -9.10731000e-05 1.00004000e+00 1.00031000e+00
2.36667000e+01 1.00927000e+00 3.44477000e-04 2.98450000e-04 1.00094000e+00 1.00005000e+00
2.37714000e+01 1.01243000e+00 4.60050000e-04 6.78266000e-04 1.00182000e+00 9.99782000e-01
2.38761000e+01 1.01541000e+00 5.68888000e-04 1.04442000e-03 1.00266000e+00 9.99524000e-01
2.39808000e+01 1.01818000e+00 6.69837000e-04 1.39314000e-03 1.00346000e+00 9.99277000e-01
2.40855000e+01 1.02070000e+00 7.61840000e-04 1.72094000e-03 1.00420000e+00 9.99041000e-01
2.41903000e+01 1.02294000e+00 8.43944000e-04 2.02456000e-03 1.00489000e+00 9.98819000e-01
2.42950000e+01 1.02489000e+00 9.15320000e-04 2.30109000e-03 1.00552000e+00 9.98614000e-01
2.43997000e+01 1.02652000e+00 9.75266000e-04 2.54793000e-03 1.00607000e+00 9.98427000e-01
2.45044000e+01 1.02782000e+00 1.02322000e-03 2.76287000e-03 1.00655000e+00 9.98260000e-01
2.46091000e+01 1.02878000e+00 1.05878000e-03 2.94407000e-03 1.00695000e+00 9.98115000e-01
2.47139000e+01 1.02938000e+00 1.08168000e-03 3.09009000e-03 1.00726000e+00 9.97992000e-01
2.48186000e+01 1.02963000e+00 1.09181000e-03 3.19991000e-03 1.00749000e+00 9.97892000e-01
2.49233000e+01 1.02953000e+00 1.08924000e-03 3.27292000e-03 1.00764000e+00 9.97816000e-01
2.50280000e+01 1.02909000e+00 1.07417000e-03 3.30893000e-03 1.00769000e+00 9.97765000e-01
2.51327000e+01 1.02831000e+00 1.04696000e-03 3.30816000e-03 1.00766000e+00 9.97739000e-01
2.52375000e+01 1.02722000e+00 1.00812000e-03 3.27123000e-03 1.00755000e+00 9.97737000e-01
2.53422000e+01 1.02583000e+00 9.58294000e-04 3.19915000e-03 1.00736000e+00 9.97759000e-01
2.54469000e+01 1.02417000e+00 8.98240000e-04 3.09332000e-03 1.00708000e+00 9.97805000e-01
2.55516000e+01 1.02226000e+00 8.28840000e-04 2.95546000e-03 1.00674000e+00 9.97873000e-01
2.56563000e+01 1.02013000e+00 7.51073000e-04 2.78762000e-03 1.00633000e+00 9.97963000e-01
2.57611000e+01 1.01781000e+00 6.66002000e-04 2.59217000e-03 1.00585000e+00 9.98074000e-01
2.58658000e+01 1.01532000e+00 5.74755000e-04 2.37169000e-03 1.00532000e+00 9.98203000e-01
2.59705000e+01 1.01272000e+00 4.78514000e-04 2.12904000e-03 1.00474000e+00 9.98349000e-01
2.60752000e+01 1.01002000e+00 3.78495000e-04 1.86722000e-03 1.00411000e+00 9.98511000e-01
2.61799000e+01 1.00726000e+00 2.75930000e-04 1.58943000e-03 1.00345000e+00 9.98686000e-01
2.62847000e+01 1.00447000e+00 1.72056000e-04 1.29895000e-03 1.00277000e+00 9.98873000e-01
2.63894000e+01 1.00168000e+00 6.80909000e-05 9.99139000e-04 1.00207000e+00 9.99069000e-01
2.64941000e+01 9.98933000e-01 -3.47723000e-05 6.93413000e-04 1.00135000e+00 9.99272000e-01
2.65988000e+01 9.96248000e-01 -1.35386000e-04 3.85172000e-04 1.00063000e+00 9.99479000e-01
2.67035000e+01 9.93657000e-01 -2.32656000e-04 7.77852000e-05 9.99923000e-01 9.99690000e-01
2.68083000e+01 9.91185000e-01 -3.25556000e-04 -2.25452000e-04 9.99224000e-01 9.99900000e-01
2.69130000e+01 9.88856000e-01 -4.13136000e-04 -5.21348000e-04 9.98544000e-01 1.00011000e+00
2.70177000e+01 9.86692000e-01 -4.94530000e-04 -8.06847000e-04 9.97892000e-01 1.00031000e+00
2.71224000e+01 9.84712000e-01 -5.68962000e-04 -1.07906000e-03 9.97273000e-01 1.00051000e+00
2.72271000e+01 9.82935000e-01 -6.35754000e-04 -1.33529000e-03 9.96694000e-01 1.00070000e+00
2.73319000e+01 9.81373000e-01 -6.94327000e-04 -1.57306000e-03 9.96160000e-01 1.00088000e+00
2.74366000e+01 9.80040000e-01 -7.44206000e-04 -1.79013000e-03 9.95676000e-01 1.00105000e+00
2.75413000e+01 9.78945000e-01 -7.85020000e-04 -1.98450000e-03 9.95246000e-01 1.00120000e+00
2.76460000e+01 9.78096000e-01 -8.16502000e-04 -2.15447000e-03 9.94875000e-01 1.00134000e+00
2.77507000e+01 9.77496000e-01 -8.38489000e-04 -2.29860000e-03 9.94564000e-01 1.00146000e+00
2.78555000e+01 9.77149000e-01 -8.50919000e-04 -2.41576000e-03 9.94318000e-01 1.00156000e+00
2.79602000e+01 9.77053000e-01 -8.53832000e-04 -2.50511000e-03 9.94136000e-01 1.00165000e+00
2.80649000e+01 9.77207000e-01 -8.47361000e-04 -2.56612000e-03 9.94020000e-01 1.00172000e+00
2.81696000e+01 9.77604000e-01 -8.31734000e-04 -2.59857000e-03 9.93971000e-01 1.00177000e+00
2.82743000e+01 9.78238000e-01 -8.07265000e-04 -2.60252000e-03 9.93988000e-01 1.00180000e+00
2.83791000e+01 9.79100000e-01 -7.74354000e-04 -2.57834000e-03 9.94069000e-01 1.00180000e+00
2.84838000e+01 9.80177000e-01 -7.33476000e-04 -2.52671000e-03 9.94213000e-01 1.00179000e+00
2.85885000e+01 9.81456000e-01 -6.85180000e-04 -2.44855000e-03 9.94418000e-01 1.00176000e+00
2.86932000e+01 9.82921000e-01 -6.30081000e-04 -2.34508000e-03 9.94680000e-01 1.00171000e+00
2.87979000e+01 9.84555000e-01 -5.68855000e-04 -2.21775000e-03 9.94996000e-01 1.00165000e+00
2.89027000e+01 9.86340000e-01 -5.02230000e-04 -2.06824000e-03 9.95361000e-01 1.00157000e+00
2.90074000e+01 9.88255000e-01 -4.30982000e-04 -1.89846000e-03 9.95772000e-01 1.00147000e+00
2.91121000e+01 9.90277000e-01 -3.55924000e-04 -1.71050000e-03 9.96223000e-01 1.00135000e+00
2.92168000e+01 9.92386000e-01 -2.77903000e-04 -1.50660000e-03 9.96709000e-01 1.00123000e+00
2.93215000e+01 9.94556000e-01 -1.97787000e-04 -1.28918000e-03 9.97224000e-01 1.00109000e+00
2.94263000e+01 9.96764000e-01 -1.16460000e-04 -1.06074000e-03 9.97762000e-01 1.00094000e+00
2.95310000e+01 9.98985000e-01 -3.48141000e-05 -8.23890000e-04 9.98317000e-01 1.00079000e+00
2.96357000e+01 1.00119000e+00 4.62623000e-05 -5.81283000e-04 9.98884000e-01 1.00063000e+00
2.97404000e+01 1.00337000e+00 1.25891000e-04 -3.35614000e-04 9.99455000e-01 1.00046000e+00
2.98451000e+01 1.00548000e+00 2.03215000e-04 -8.95765000e-05 1.00002000e+00 1.00029000e+00
2.99498000e+01 1.00751000e+00 2.77405000e-04 1.54164000e-04 1.00059000e+00 1.00012000e+00
3.00546000e+01 1.00943000e+00 3.47671000e-04 3.92996000e-04 1.00113000e+00 9.99955000e-01
3.01593000e+01 1.01122000e+00 4.13267000e-04 6.24391000e-04 1.00166000e+00 9.99789000e-01
3.02640000e+01 1.01287000e+00 4.73507000e-04 8.45933000e-04 1.00217000e+00 9.99628000e-01
3.03687000e+01 1.01435000e+00 5.27764000e-04 1.05534000e-03 1.00264000e+00 9.99472000e-01
3.04734000e+01 1.01565000e+00 5.75483000e-04 1.25049000e-03 1.00308000e+00 9.99325000e-01
3.05782000e+01 1.01676000e+00 6.16186000e-04 1.42943000e-03 1.00348000e+00 9.99187000e-01
3.06829000e+01 1.01766000e+00 6.49479000e-04 1.59043000e-03 1.00383000e+00 9.99059000e-01
3.07876000e+01 1.01835000e+00 6.75054000e-04 1.73196000e-03 1.00414000e+00 9.98943000e-01
3.08923000e+01 1.01882000e+00 6.92695000e-04 1.85273000e-03 1.00440000e+00 9.98840000e-01
3.09970000e+01 1.01907000e+00 7.02282000e-04 1.95169000e-03 1.00461000e+00 9.98751000e-01
3.11018000e+01 1.01909000e+00 7.03787000e-04 2.02804000e-03 1.00476000e+00 9.98676000e-01
3.12065000e+01 1.01890000e+00 6.97280000e-04 2.08125000e-03 1.00486000e+00 9.98616000e-01
3.13112000e+01 1.01849000e+00 6.82923000e-04 2.11104000e-03 1.00491000e+00 9.98572000e-01
3.14159000e+01 1.01787000e+00 6.60971000e-04 2.11740000e-03 1.00490000e+00 9.98544000e-01
3.15206000e+01 1.01706000e+00 6.31767000e-04 2.10057000e-03 1.00483000e+00 9.98531000e-01
3.16254000e+01 1.01606000e+00 5.95734000e-04 2.06104000e-03 1.00472000e+00 9.98535000e-01
3.17301000e+01 1.01489000e+00 5.53373000e-04 1.99955000e-03 1.00455000e+00 9.98554000e-01
3.18348000e+01 1.01358000e+00 5.05255000e-04 1.91707000e-03 1.00434000e+00 9.98588000e-01
3.19395000e+01 1.01212000e+00 4.52009000e-04 1.81479000e-03 1.00408000e+00 9.98637000e-01
3.20442000e+01 1.01055000e+00 3.94320000e-04 1.69409000e-03 1.00378000e+00 9.98700000e-01
3.21490000e+01 1.00889000e+00 3.32912000e-04 1.55654000e-03 1.00345000e+00 9.98776000e-01
3.22537000e+01 1.00715000e+00 2.68545000e-04 1.40386000e-03 1.00308000e+00 9.98865000e-01
3.23584000e+01 1.00535000e+00 2.02000000e-04 1.23792000e-03 1.00268000e+00 9.98964000e-01
3.24631000e+01 1.00352000e+00 1.34071000e-04 1.06072000e-03 1.00226000e+00 9.99073000e-01
3.25678000e+01 1.00168000e+00 6.55561000e-05 8.74317000e-04 1.00181000e+00 9.99191000e-01
3.26726000e+01 9.99848000e-01 -2.75548000e-06 6.80874000e-04 1.00136000e+00 9.99316000e-01
3.27773000e+01 9.98045000e-01 -7.00899000e-05 4.82578000e-04 1.00090000e+00 9.99447000e-01
3.28820000e+01 9.96291000e-01 -1.35699000e-04 2.81644000e-04 1.00043000e+00 9.99583000e-01
3.29867000e+01 9.94604000e-01 -1.98868000e-04 8.02806000e-05 9.99962000e-01 9.99721000e-01
3.30914000e+01 9.93001000e-01 -2.58925000e-04 -1.19330000e-04 9.99502000e-01 9.99860000e-01
3.31962000e+01 9.91498000e-01 -3.15242000e-04 -3.15058000e-04 9.99055000e-01 1.00000000e+00
3.33009000e+01 9.90110000e-01 -3.67251000e-04 -5.04842000e-04 9.98623000e-01 1.00014000e+00
3.34056000e+01 9.88850000e-01 -4.14437000e-04 -6.86718000e-04 9.98212000e-01 1.00027000e+00
3.35103000e+01 9.87730000e-01 -4.56353000e-04 -8.58830000e-04 9.97826000e-01 1.00040000e+00
3.36150000e+01 9.86759000e-01 -4.92615000e-04 -1.01946000e-03 9.97468000e-01 1.00053000e+00
3.37198000e+01 9.85946000e-01 -5.22912000e-04 -1.16702000e-03 9.97143000e-01 1.00064000e+00
3.38245000e+01 9.85297000e-01 -5.46999000e-04 -1.30010000e-03 9.96853000e-01 1.00075000e+00
3.39292000e+01 9.84817000e-01 -5.64707000e-04 -1.41745000e-03 9.96600000e-01 1.00085000e+00
3.40339000e+01 9.84508000e-01 -5.75935000e-04 -1.51802000e-03 9.96388000e-01 1.00094000e+00
3.41386000e+01 9.84372000e-01 -5.80656000e-04 -1.60093000e-03 9.96217000e-01 1.00102000e+00
3.42434000e+01 9.84409000e-01 -5.78909000e-04 -1.66551000e-03 9.96090000e-01 1.00109000e+00
3.43481000e+01 9.84614000e-01 -5.70804000e-04 -1.71130000e-03 9.96007000e-01 1.00114000e+00
3.44528000e+01 9.84986000e-01 -5.56515000e-04 -1.73803000e-03 9.95967000e-01 1.00118000e+00
3.45575000e+01 9.85517000e-01 -5.36277000e-04 -1.74564000e-03 9.95972000e-01 1.00121000e+00
3.46622000e+01 9.86202000e-01 -5.10386000e-04 -1.73429000e-03 9.96021000e-01 1.00122000e+00
3.47670000e+01 9.87030000e-01 -4.79190000e-04 -1.70431000e-03 9.96112000e-01 1.00123000e+00
3.48717000e+01 9.87992000e-01 -4.43092000e-04 -1.65624000e-03 9.96244000e-01 1.00121000e+00
3.49764000e+01 9.89076000e-01 -4.02536000e-04 -1.59081000e-03 9.96416000e-01 1.00119000e+00
3.50811000e+01 9.90270000e-01 -3.58011000e-04 -1.50892000e-03 9.96624000e-01 1.00115000e+00
3.51858000e+01 9.91560000e-01 -3.10041000e-04 -1.41164000e-03 9.96867000e-01 1.00110000e+00
3.52906000e+01 9.92931000e-01 -2.59180000e-04 -1.30018000e-03 9.97140000e-01 1.00104000e+00
3.53953000e+01 9.94368000e-01 -2.06007000e-04 -1.17591000e-03 9.97442000e-01 1.00097000e+00
3.55000000e+01 9.95855000e-01 -1.51122000e-04 -1.04029000e-03 9.97768000e-01 1.00089000e+00
3.56047000e+01 9.97374000e-01 -9.51347000e-05 -8.94932000e-04 9.98115000e-01 1.00080000e+00
3.57094000e+01 9.98908000e-01 -3.86656000e-05 -7.41495000e-04 9.98478000e-01 1.00070000e+00
3.58142000e+01 1.00044000e+00 1.76664000e-05 -5.81727000e-04 9.98854000e-01 1.00060000e+00
3.59189000e+01 1.00196000e+00 7.32470000e-05 -4.17424000e-04 9.99238000e-01 1.00049000e+00
3.60236000e+01 1.00344000e+00 1.27474000e-04 -2.50413000e-04 9.99627000e-01 1.00038000e+00
3.61283000e+01 1.00486000e+00 1.79763000e-04 -8.25305000e-05 1.00001000e+00 1.00026000e+00
3.62330000e+01 1.00622000e+00 2.29555000e-04 8.43933000e-05 1.00040000e+00 1.00015000e+00
3.63378000e+01 1.00750000e+00 2.76319000e-04 2.48558000e-04 1.00077000e+00 1.00003000e+00
3.64425000e+01 1.00868000e+00 3.19562000e-04 4.08211000e-04 1.00114000e+00 9.99911000e-01
3.65472000e+01 1.00975000e+00 3.58830000e-04 5.61665000e-04 1.00148000e+00 9.99797000e-01
3.66519000e+01 1.01071000e+00 3.93718000e-04 7.07318000e-04 1.00181000e+00 9.99686000e-01
3.67566000e+01 1.01153000e+00 4.23871000e-04 8.43668000e-04 1.00211000e+00 9.99580000e-01
3.68614000e+01 1.01221000e+00 4.48989000e-04 9.69330000e-04 1.00239000e+00 9.99480000e-01
3.69661000e+01 1.01274000e+00 4.68828000e-04 1.08305000e-03 1.00263000e+00 9.99386000e-01
3.70708000e+01 1.01313000e+00 4.83210000e-04 1.18372000e-03 1.00285000e+00 9.99299000e-01
3.71755000e+01 1.01336000e+00 4.92017000e-04 1.27038000e-03 1.00303000e+00 9.99222000e-01
3.72802000e+01 1.01344000e+00 4.95196000e-04 1.34223000e-03 1.00318000e+00 9.99153000e-01
3.73850000e+01 1.01336000e+00 4.92760000e-04 1.39867000e-03 1.00329000e+00 9.99094000e-01
3.74897000e+01 1.01313000e+00 4.84785000e-04 1.43923000e-03 1.00336000e+00 9.99046000e-01
3.75944000e+01 1.01276000e+00 4.71412000e-04 1.46365000e-03 1.00340000e+00 9.99008000e-01
3.76991000e+01 1.01224000e+00 4.52843000e-04 1.47184000e-03 1.00340000e+00 9.98981000e-01
3.78038000e+01 1.01159000e+00 4.29340000e-04 1.46389000e-03 1.00336000e+00 9.98965000e-01
3.79086000e+01 1.01082000e+00 4.01217000e-04 1.44007000e-03 1.00328000e+00 9.98961000e-01
3.80133000e+01 1.00993000e+00 3.68843000e-04 1.40082000e-03 1.00317000e+00 9.98968000e-01
3.81180000e+01 1.00894000e+00 3.32630000e-04 1.34674000e-03 1.00303000e+00 9.98986000e-01
3.82227000e+01 1.00786000e+00 2.93032000e-04 1.27857000e-03 1.00285000e+00 9.99014000e-01
3.83274000e+01 1.00671000e+00 2.50537000e-04 1.19724000e-03 1.00265000e+00 9.99053000e-01
3.84322000e+01 1.00549000e+00 2.05662000e-04 1.10376000e-03 1.00241000e+00 9.99102000e-01
3.85369000e+01 1.00423000e+00 1.58946000e-04 9.99298000e-04 1.00216000e+00 9.99160000e-01
3.86416000e+01 1.00293000e+00 1.10940000e-04 8.85112000e-04 1.00188000e+00 9.99226000e-01
3.87463000e+01 1.00162000e+00 6.22069000e-05 7.62552000e-04 1.00159000e+00 9.99300000e-01
3.88510000e+01 1.00031000e+00 1.33085000e-05 6.33046000e-04 1.00128000e+00 9.99380000e-01
3.89557000e+01 9.99006000e-01 -3.51984000e-05 4.98079000e-04 1.00096000e+00 9.99467000e-01
3.90605000e+01 9.97731000e-01 -8.27693000e-05 3.59177000e-04 1.00064000e+00 9.99558000e-01
3.91652000e+01 9.96496000e-01 -1.28878000e-04 2.17889000e-04 1.00031000e+00 9.99653000e-01
3.92699000e+01 9.95314000e-01 -1.73022000e-04 7.57748000e-05 9.99979000e-01 9.99751000e-01
3.93746000e+01 9.94199000e-01 -2.14729000e-04 -6.56190000e-05 9.99654000e-01 9.99851000e-01
3.94793000e+01 9.93160000e-01 -2.53561000e-04 -2.04770000e-04 9.99337000e-01 9.99951000e-01
3.95841000e+01 9.92209000e-01 -2.89119000e-04 -3.40199000e-04 9.99030000e-01 1.00005000e+00
3.96888000e+01 9.91354000e-01 -3.21047000e-04 -4.70483000e-04 9.98738000e-01 1.00015000e+00
3.97935000e+01 9.90604000e-01 -3.49033000e-04 -5.94272000e-04 9.98462000e-01 1.00025000e+00
3.98982000e+01 9.89966000e-01 -3.72815000e-04 -7.10300000e-04 9.98207000e-01 1.00034000e+00
4.00029000e+01 9.89445000e-01 -3.92181000e-04 -8.17400000e-04 9.97973000e-01 1.00043000e+00
4.01077000e+01 9.89045000e-01 -4.06971000e-04 -9.14512000e-04 9.97764000e-01 1.00051000e+00
4.02124000e+01 9.88770000e-01 -4.17076000e-04 -1.00070000e-03 9.97582000e-01 1.00058000e+00
4.03171000e+01 9.88621000e-01 -4.22442000e-04 -1.07514000e-03 9.97427000e-01 1.00065000e+00
4.04218000e+01 9.88598000e-01 -4.23066000e-04 -1.13717000e-03 9.97303000e-01 1.00071000e+00
4.05265000e+01 9.88700000e-01 -4.18995000e-04 -1.18623000e-03 9.97209000e-01 1.00077000e+00
4.06313000e+01 9.88926000e-01 -4.10327000e-04 -1.22194000e-03 9.97146000e-01 1.00081000e+00
4.07360000e+01 9.89271000e-01 -3.97210000e-04 -1.24405000e-03 9.97115000e-01 1.00085000e+00
4.08407000e+01 9.89731000e-01 -3.79835000e-04 -1.25246000e-03 9.97115000e-01 1.00087000e+00
4.09454000e+01 9.90300000e-01 -3.58437000e-04 -1.24722000e-03 9.97147000e-01 1.00089000e+00
4.10501000e+01 9.90971000e-01 -3.33292000e-04 -1.22851000e-03 9.97210000e-01 1.00090000e+00
4.11549000e+01 9.91736000e-01 -3.04712000e-04 -1.19667000e-03 9.97302000e-01 1.00089000e+00
4.12596000e+01 9.92586000e-01 -2.73043000e-04 -1.15218000e-03 9.97423000e-01 1.00088000e+00
4.13643000e+01 9.93510000e-01 -2.38659000e-04 -1.09563000e-03 9.97570000e-01 1.00086000e+00
4.14690000e+01 9.94500000e-01 -2.01961000e-04 -1.02776000e-03 9.97743000e-01 1.00083000e+00
4.15737000e+01 9.95542000e-01 -1.63370000e-04 -9.49399000e-04 9.97938000e-01 1.00079000e+00
4.16785000e+01 9.96626000e-01 -1.23323000e-04 -8.61498000e-04 9.98154000e-01 1.00074000e+00
4.17832000e+01 9.97738000e-01 -8.22706000e-05 -7.65096000e-04 9.98388000e-01 1.00068000e+00
4.18879000e+01 9.98868000e-01 -4.06695000e-05 -6.61315000e-04 9.98637000e-01 1.00062000e+00
4.19926000e+01 1.00000000e+00 1.02048000e-06 -5.51347000e-04 9.98898000e-01 1.00055000e+00
4.20973000e+01 1.00113000e+00 4.23420000e-05 -4.36440000e-04 9.99169000e-01 1.00048000e+00
4.22021000e+01 1.00223000e+00 8.28443000e-05 -3.17883000e-04 9.99447000e-01 1.00040000e+00
4.23068000e+01 1.00330000e+00 1.22088000e-04 -1.96997000e-04 9.99728000e-01 1.00032000e+00
4.24115000e+01 1.00433000e+00 1.59651000e-04 -7.51126000e-05 1.00001000e+00 1.00023000e+00
4.25162000e+01 1.00529000e+00 1.95131000e-04 4.64371000e-05 1.00029000e+00 1.00015000e+00
4.26209000e+01 1.00619000e+00 2.28150000e-04 1.66335000e-04 1.00056000e+00 1.00006000e+00
4.27257000e+01 1.00702000e+00 2.58359000e-04 2.83295000e-04 1.00082000e+00 9.99975000e-01
4.28304000e+01 1.00776000e+00 2.85444000e-04 3.96070000e-04 1.00108000e+00 9.99889000e-01
4.29351000e+01 1.00840000e+00 3.09124000e-04 5.03474000e-04 1.00132000e+00 9.99806000e-01
4.30398000e+01 1.00895000e+00 3.29160000e-04 6.04386000e-04 1.00154000e+00 9.99725000e-01
4.31445000e+01 1.00938000e+00 3.45352000e-04 6.97767000e-04 1.00174000e+00 9.99648000e-01
4.32493000e+01 1.00971000e+00 3.57546000e-04 7.82670000e-04 1.00192000e+00 9.99575000e-01
4.33540000e+01 1.00993000e+00 3.65634000e-04 8.58247000e-04 1.00208000e+00 9.99507000e-01
4.34587000e+01 1.01003000e+00 3.69554000e-04 9.23763000e-04 1.00222000e+00 9.99446000e-01
4.35634000e+01 1.01002000e+00 3.69292000e-04 9.78595000e-04 1.00233000e+00 9.99391000e-01
4.36681000e+01 1.00989000e+00 3.64882000e-04 1.02225000e-03 1.00241000e+00 9.99343000e-01
4.37729000e+01 1.00965000e+00 3.56403000e-04 1.05435000e-03 1.00247000e+00 9.99302000e-01
4.38776000e+01 1.00931000e+00 3.43984000e-04 1.07465000e-03 1.00249000e+00 9.99269000e-01
4.39823000e+01 1.00886000e+00 3.27794000e-04 1.08305000e-03 1.00249000e+00 9.99245000e-01
4.40870000e+01 1.00832000e+00 3.08048000e-04 1.07957000e-03 1.00247000e+00 9.99228000e-01
4.41917000e+01 1.00769000e+00 2.84996000e-04 1.06436000e-03 1.00241000e+00 9.99221000e-01
4.42965000e+01 1.00697000e+00 2.58929000e-04 1.03769000e-03 1.00233000e+00 9.99221000e-01
4.44012000e+01 1.00619000e+00 2.30167000e-04 9.99971000e-04 1.00223000e+00 9.99230000e-01
4.45059000e+01 1.00534000e+00 1.99060000e-04 9.51713000e-04 1.00210000e+00 9.99247000e-01
4.46106000e+01 1.00445000e+00 1.65980000e-04 8.93547000e-04 1.00195000e+00 9.99272000e-01
4.47153000e+01 1.00351000e+00 1.31323000e-04 8.26199000e-04 1.00178000e+00 9.99305000e-01
4.48201000e+01 1.00254000e+00 9.54936000e-05 7.50492000e-04 1.00160000e+00 9.99345000e-01
4.49248000e+01 1.00155000e+00 5.89103000e-05 6.67330000e-04 1.00139000e+00 9.99392000e-01
4.50295000e+01 1.00056000e+00 2.19944000e-05 5.77689000e-04 1.00118000e+00 9.99444000e-01
4.51342000e+01 9.99568000e-01 -1.48330000e-05 4.82607000e-04 1.00095000e+00 9.99503000e-01
4.52389000e+01 9.98592000e-01 -5.11565000e-05 3.83168000e-04 1.00072000e+00 9.99566000e-01
4.53437000e+01 9.97641000e-01 -8.65707000e-05 2.80495000e-04 1.00047000e+00 9.99633000e-01
4.54484000e+01 9.96726000e-01 -1.20685000e-04 1.75733000e-04 1.00023000e+00 9.99704000e-01
4.55531000e+01 9.95857000e-01 -1.53129000e-04 7.00377000e-05 9.99987000e-01 9.99777000e-01
4.56578000e+01 9.95042000e-01 -1.83553000e-04 -3.54356000e-05 9.99746000e-01 9.99852000e-01
4.57625000e+01 9.94289000e-01 -2.11638000e-04 -1.39546000e-04 9.99509000e-01 9.99928000e-01
4.58673000e+01 9.93607000e-01 -2.37091000e-04 -2.41179000e-04 9.99281000e-01 1.00000000e+00
4.59720000e+01 9.93002000e-01 -2.59656000e-04 -3.39258000e-04 9.99062000e-01 1.00008000e+00
4.60767000e+01 9.92480000e-01 -2.79109000e-04 -4.32754000e-04 9.98855000e-01 1.00015000e+00
4.61814000e+01 9.92046000e-01 -2.95265000e-04 -5.20699000e-04 9.98663000e-01 1.00023000e+00
4.62861000e+01 9.91703000e-01 -3.07978000e-04 -6.02195000e-04 9.98488000e-01 1.00029000e+00
4.63909000e+01 9.91455000e-01 -3.17141000e-04 -6.76418000e-04 9.98330000e-01 1.00036000e+00
4.64956000e+01 9.91303000e-01 -3.22689000e-04 -7.42634000e-04 9.98192000e-01 1.00042000e+00
4.66003000e+01 9.91248000e-01 -3.24596000e-04 -8.00200000e-04 9.98075000e-01 1.00048000e+00
4.67050000e+01 9.91290000e-01 -3.22877000e-04 -8.48572000e-04 9.97980000e-01 1.00053000e+00
4.68097000e+01 9.91428000e-01 -3.17585000e-04 -8.87310000e-04 9.97908000e-01 1.00057000e+00
4.69145000e+01 9.91659000e-01 -3.08814000e-04 -9.16082000e-04 9.97859000e-01 1.00061000e+00
4.70192000e+01 9.91980000e-01 -2.96693000e-04 -9.34664000e-04 9.97834000e-01 1.00064000e+00
4.71239000e+01 9.92388000e-01 -2.81386000e-04 -9.42946000e-04 9.97833000e-01 1.00066000e+00
4.72286000e+01 9.92876000e-01 -2.63090000e-04 -9.40926000e-04 9.97855000e-01 1.00068000e+00
4.73333000e+01 9.93440000e-01 -2.42034000e-04 -9.28715000e-04 9.97901000e-01 1.00069000e+00
4.74380000e+01 9.94072000e-01 -2.18472000e-04 -9.06533000e-04 9.97968000e-01 1.00069000e+00
4.75428000e+01 9.94766000e-01 -1.92685000e-04 -8.74704000e-04 9.98058000e-01 1.00068000e+00
4.76475000e+01 9.95512000e-01 -1.64973000e-04 -8.33653000e-04 9.98168000e-01 1.00067000e+00
4.77522000e+01 9.96304000e-01 -1.35656000e-04 -7.83902000e-04 9.98297000e-01 1.00065000e+00
4.78569000e+01 9.97131000e-01 -1.05069000e-04 -7.26060000e-04 9.98443000e-01 1.00062000e+00
4.79616000e+01 9.97984000e-01 -7.35567000e-05 -6.60822000e-04 9.98605000e-01 1.00059000e+00
4.80664000e+01 9.98854000e-01 -4.14726000e-05 -5.88953000e-04 9.98781000e-01 1.00055000e+00
4.81711000e+01 9.99732000e-01 -9.17297000e-06 -5.11287000e-04 9.98968000e-01 1.00050000e+00
4.82758000e+01 1.00061000e+00 2.29855000e-05 -4.28712000e-04 9.99166000e-01 1.00045000e+00
4.83805000e+01 1.00147000e+00 5.46499000e-05 -3.42164000e-04 9.99370000e-01 1.00040000e+00
4.84852000e+01 1.00231000e+00 8.54751000e-05 -2.52614000e-04 9.99580000e-01 1.00034000e+00
4.85900000e+01 1.00312000e+00 1.15127000e-04 -1.61056000e-04 9.99793000e-01 1.00028000e+00
4.86947000e+01 1.00388000e+00 1.43285000e-04 -6.85025000e-05 1.00001000e+00 1.00021000e+00
4.87994000e+01 1.00460000e+00 1.69649000e-04 2.40343000e-05 1.00022000e+00 1.00015000e+00
4.89041000e+01 1.00526000e+00 1.93937000e-04 1.15549000e-04 1.00043000e+00 1.00008000e+00
4.90088000e+01 1.00586000e+00 2.15894000e-04 2.05054000e-04 1.00063000e+00 1.00001000e+00
4.91136000e+01 1.00639000e+00 2.35291000e-04 2.91592000e-04 1.00082000e+00 9.99944000e-01
4.92183000e+01 1.00684000e+00 2.51927000e-04 3.74246000e-04 1.00100000e+00 9.99878000e-01
4.93230000e+01 1.00722000e+00 2.65634000e-04 4.52148000e-04 1.00117000e+00 9.99813000e-01
4.94277000e+01 1.00750000e+00 2.76277000e-04 5.24486000e-04 1.00133000e+00 9.99752000e-01
4.95324000e+01 1.00770000e+00 2.83756000e-04 5.90518000e-04 1.00146000e+00 9.99693000e-01
4.96372000e+01 1.00782000e+00 2.88008000e-04 6.49577000e-04 1.00159000e+00 9.99638000e-01
4.97419000e+01 1.00784000e+00 2.89003000e-04 7.01074000e-04 1.00169000e+00 9.99588000e-01
4.98466000e+01 1.00777000e+00 2.86753000e-04 7.44510000e-04 1.00178000e+00 9.99542000e-01
4.99513000e+01 1.00762000e+00 2.81301000e-04 7.79477000e-04 1.00184000e+00 9.99502000e-01
5.00560000e+01 1.00738000e+00 2.72731000e-04 8.05664000e-04 1.00188000e+00 9.99467000e-01
5.01608000e+01 1.00706000e+00 2.61159000e-04 8.22856000e-04 1.00191000e+00 9.99438000e-01
5.02655000e+01 1.00667000e+00 2.46735000e-04 8.30942000e-04 1.00191000e+00 9.99416000e-01
5.03702000e+01 1.00620000e+00 2.29641000e-04 8.29907000e-04 1.00189000e+00 9.99400000e-01
5.04749000e+01 1.00567000e+00 2.10088000e-04 8.19839000e-04 1.00185000e+00 9.99390000e-01
5.05796000e+01 1.00507000e+00 1.88314000e-04 8.00922000e-04 1.00179000e+00 9.99387000e-01
5.06844000e+01 1.00443000e+00 1.64581000e-04 7.73436000e-04 1.00171000e+00 9.99391000e-01
5.07891000e+01 1.00374000e+00 1.39172000e-04 7.37753000e-04 1.00161000e+00 9.99401000e-01
5.08938000e+01 1.00301000e+00 1.12385000e-04 6.94329000e-04 1.00150000e+00 9.99418000e-01
5.09985000e+01 1.00226000e+00 8.45332000e-05 6.43702000e-04 1.00137000e+00 9.99441000e-01
5.11032000e+01 1.00148000e+00 5.59407000e-05 5.86484000e-04 1.00123000e+00 9.99469000e-01
5.12080000e+01 1.00070000e+00 2.69356000e-05 5.23352000e-04 1.00107000e+00 9.99504000e-01
5.13127000e+01 9.99918000e-01 -2.15112000e-06 4.55043000e-04 1.00091000e+00 9.99543000e-01
5.14174000e+01 9.99142000e-01 -3.09905000e-05 3.82343000e-04 1.00073000e+00 9.99587000e-01
5.15221000e+01 9.98382000e-01 -5.92591000e-05 3.06079000e-04 1.00055000e+00 9.99635000e-01
5.16268000e+01 9.97646000e-01 -8.66431000e-05 2.27109000e-04 1.00037000e+00 9.99686000e-01
5.17316000e+01 9.96943000e-01 -1.12841000e-04 1.46314000e-04 1.00018000e+00 9.99741000e-01
5.18363000e+01 9.96280000e-01 -1.37569000e-04 6.45852000e-05 9.99992000e-01 9.99798000e-01
5.19410000e+01 9.95663000e-01 -1.60560000e-04 -1.71817000e-05 9.99805000e-01 9.99857000e-01
5.20457000e+01 9.95099000e-01 -1.81572000e-04 -9.80999000e-05 9.99622000e-01 9.99917000e-01
5.21504000e+01 9.94595000e-01 -2.00385000e-04 -1.77299000e-04 9.99445000e-01 9.99977000e-01
5.22552000e+01 9.94154000e-01 -2.16808000e-04 -2.53935000e-04 9.99275000e-01 1.00004000e+00
5.23599000e+01 9.93781000e-01 -2.30677000e-04 -3.27198000e-04 9.99115000e-01 1.00010000e+00
5.24646000e+01 9.93480000e-01 -2.41860000e-04 -3.96321000e-04 9.98965000e-01 1.00015000e+00
5.25693000e+01 9.93253000e-01 -2.50255000e-04 -4.60591000e-04 9.98829000e-01 1.00021000e+00
5.26740000e+01 9.93102000e-01 -2.55791000e-04 -5.19350000e-04 9.98706000e-01 1.00026000e+00
5.27788000e+01 9.93029000e-01 -2.58432000e-04 -5.72007000e-04 9.98598000e-01 1.00031000e+00
5.28835000e+01 9.93034000e-01 -2.58172000e-04 -6.18039000e-04 9.98506000e-01 1.00036000e+00
5.29882000e+01 9.93115000e-01 -2.55038000e-04 -6.57001000e-04 9.98431000e-01 1.00040000e+00
5.30929000e+01 9.93272000e-01 -2.49090000e-04 -6.88527000e-04 9.98374000e-01 1.00044000e+00
5.31976000e+01 9.93502000e-01 -2.40416000e-04 -7.12335000e-04 9.98335000e-01 1.00047000e+00
5.33024000e+01 9.93803000e-01 -2.29133000e-04 -7.28225000e-04 9.98314000e-01 1.00050000e+00
5.34071000e+01 9.94170000e-01 -2.15387000e-04 -7.36087000e-04 9.98312000e-01 1.00052000e+00
5.35118000e+01 9.94600000e-01 -1.99350000e-04 -7.35897000e-04 9.98329000e-01 1.00054000e+00
5.36165000e+01 9.95086000e-01 -1.81215000e-04 -7.27718000e-04 9.98363000e-01 1.00055000e+00
5.37212000e+01 9.95625000e-01 -1.61199000e-04 -7.11700000e-04 9.98415000e-01 1.00055000e+00
5.38260000e+01 9.96208000e-01 -1.39536000e-04 -6.88073000e-04 9.98484000e-01 1.00055000e+00
5.39307000e+01 9.96830000e-01 -1.16477000e-04 -6.57150000e-04 9.98569000e-01 1.00054000e+00
5.40354000e+01 9.97484000e-01 -9.22864000e-05 -6.19321000e-04 9.98669000e-01 1.00053000e+00
5.41401000e+01 9.98162000e-01 -6.72375000e-05 -5.75046000e-04 9.98783000e-01 1.00051000e+00
5.42448000e+01 9.98856000e-01 -4.16127000e-05 -5.24851000e-04 9.98909000e-01 1.00048000e+00
5.43496000e+01 9.99559000e-01 -1.56982000e-05 -4.69324000e-04 9.99046000e-01 1.00045000e+00
5.44543000e+01 1.00026000e+00 1.02184000e-05 -4.09106000e-04 9.99192000e-01 1.00042000e+00
5.45590000e+01 1.00096000e+00 3.58513000e-05 -3.44884000e-04 9.99346000e-01 1.00038000e+00
5.46637000e+01 1.00164000e+00 6.09194000e-05 -2.77383000e-04 9.99506000e-01 1.00034000e+00
5.47684000e+01 1.00230000e+00 8.51493000e-05 -2.07360000e-04 9.99670000e-01 1.00029000e+00
5.48732000e+01 1.00293000e+00 1.08278000e-04 -1.35594000e-04 9.99837000e-01 1.00024000e+00
5.49779000e+01 1.00353000e+00 1.30057000e-04 -6.28768000e-05 1.00000000e+00 1.00019000e+00
5.50826000e+01 1.00408000e+00 1.50252000e-04 9.99496000e-06 1.00017000e+00 1.00014000e+00
5.51873000e+01 1.00458000e+00 1.68648000e-04 8.22275000e-05 1.00033000e+00 1.00009000e+00
5.52920000e+01 1.00502000e+00 1.85052000e-04 1.53040000e-04 1.00049000e+00 1.00003000e+00
5.53968000e+01 1.00541000e+00 1.99292000e-04 2.21671000e-04 1.00064000e+00 9.99978000e-01
5.55015000e+01 1.00574000e+00 2.11223000e-04 2.87391000e-04 1.00079000e+00 9.99924000e-01
5.56062000e+01 1.00599000e+00 2.20723000e-04 3.49504000e-04 1.00092000e+00 9.99871000e-01
5.57109000e+01 1.00618000e+00 2.27700000e-04 4.07360000e-04 1.00104000e+00 9.99820000e-01
5.58156000e+01 1.00630000e+00 2.32089000e-04 4.60359000e-04 1.00115000e+00 9.99772000e-01
5.59203000e+01 1.00634000e+00 2.33857000e-04 5.07959000e-04 1.00125000e+00 9.99726000e-01
5.60251000e+01 1.00632000e+00 2.32998000e-04 5.49679000e-04 1.00133000e+00 9.99683000e-01
5.61298000e+01 1.00622000e+00 2.29534000e-04 5.85108000e-04 1.00140000e+00 9.99644000e-01
5.62345000e+01 1.00605000e+00 2.23521000e-04 6.13905000e-04 1.00145000e+00 9.99610000e-01
5.63392000e+01 1.00582000e+00 2.15039000e-04 6.35805000e-04 1.00149000e+00 9.99579000e-01
5.64439000e+01 1.00552000e+00 2.04197000e-04 6.50618000e-04 1.00151000e+00 9.99554000e-01
5.65487000e+01 1.00517000e+00 1.91132000e-04 6.58235000e-04 1.00151000e+00 9.99533000e-01
5.66534000e+01 1.00475000e+00 1.76002000e-04 6.58625000e-04 1.00149000e+00 9.99517000e-01
5.67581000e+01 1.00429000e+00 1.58990000e-04 6.51838000e-04 1.00146000e+00 9.99507000e-01
5.68628000e+01 1.00378000e+00 1.40299000e-04 6.38000000e-04 1.00142000e+00 9.99502000e-01
5.69675000e+01 1.00323000e+00 1.20149000e-04 6.17314000e-04 1.00135000e+00 9.99503000e-01
5.70723000e+01 1.00265000e+00 9.87773000e-05 5.90055000e-04 1.00128000e+00 9.99509000e-01
5.71770000e+01 1.00205000e+00 7.64317000e-05 5.56570000e-04 1.00119000e+00 9.99520000e-01
5.72817000e+01 1.00142000e+00 5.33704000e-05 5.17268000e-04 1.00109000e+00 9.99536000e-01
5.73864000e+01 1.00079000e+00 2.98580000e-05 4.72620000e-04 1.00098000e+00 9.99557000e-01
5.74911000e+01 1.00015000e+00 6.16263000e-06 4.23153000e-04 1.00085000e+00 9.99583000e-01
5.75959000e+01 9.99512000e-01 -1.74476000e-05 3.69439000e-04 1.00072000e+00 9.99613000e-01
5.77006000e+01 9.98886000e-01 -4.07071000e-05 3.12096000e-04 1.00058000e+00 9.99647000e-01
5.78053000e+01 9.98276000e-01 -6.33564000e-05 2.51772000e-04 1.00044000e+00 9.99685000e-01
5.79100000e+01 9.97691000e-01 -8.51449000e-05 1.89145000e-04 1.00029000e+00 9.99726000e-01
5.80147000e+01 9.97135000e-01 -1.05833000e-04 1.24914000e-04 1.00014000e+00 9.99769000e-01
5.81195000e+01 9.96615000e-01 -1.25197000e-04 5.97872000e-05 9.99994000e-01 9.99815000e-01
5.82242000e+01 9.96136000e-01 -1.43027000e-04 -5.52138000e-06 9.99846000e-01 9.99862000e-01
5.83289000e+01 9.95704000e-01 -1.59136000e-04 -7.03015000e-05 9.99700000e-01 9.99911000e-01
5.84336000e+01 9.95322000e-01 -1.73354000e-04 -1.33854000e-04 9.99559000e-01 9.99960000e-01
5.85383000e+01 9.94995000e-01 -1.85537000e-04 -1.95498000e-04 9.99423000e-01 1.00001000e+00
5.86431000e+01 9.94725000e-01 -1.95561000e-04 -2.54580000e-04 9.99295000e-01 1.00006000e+00
5.87478000e+01 9.94515000e-01 -2.03332000e-04 -3.10476000e-04 9.99176000e-01 1.00011000e+00
5.88525000e+01 9.94368000e-01 -2.08779000e-04 -3.62604000e-04 9.99066000e-01 1.00015000e+00
5.89572000e+01 9.94284000e-01 -2.11858000e-04 -4.10426000e-04 9.98967000e-01 1.00020000e+00
5.90619000e+01 9.94264000e-01 -2.12551000e-04 -4.53454000e-04 9.98881000e-01 1.00024000e+00
5.91667000e+01 9.94307000e-01 -2.10868000e-04 -4.91256000e-04 9.98807000e-01 1.00028000e+00
5.92714000e+01 9.94413000e-01 -2.06845000e-04 -5.23458000e-04 9.98746000e-01 1.00032000e+00
5.93761000e+01 9.94581000e-01 -2.00542000e-04 -5.49751000e-04 9.98700000e-01 1.00035000e+00
5.94808000e+01 9.94807000e-01 -1.92047000e-04 -5.69890000e-04 9.98668000e-01 1.00038000e+00
5.95855000e+01 9.95090000e-01 -1.81468000e-04 -5.83701000e-04 9.98651000e-01 1.00040000e+00
5.96903000e+01 9.95426000e-01 -1.68938000e-04 -5.91077000e-04 9.98649000e-01 1.00042000e+00
5.97950000e+01 9.95810000e-01 -1.54607000e-04 -5.91981000e-04 9.98661000e-01 1.00044000e+00
5.98997000e+01 9.96239000e-01 -1.38648000e-04 -5.86447000e-04 9.98688000e-01 1.00045000e+00
6.00044000e+01 9.96708000e-01 -1.21246000e-04 -5.74580000e-04 9.98730000e-01 1.00045000e+00
6.01091000e+01 9.97211000e-01 -1.02604000e-04 -5.56548000e-04 9.98784000e-01 1.00045000e+00
6.02139000e+01 9.97742000e-01 -8.29367000e-05 -5.32590000e-04 9.98852000e-01 1.00045000e+00
6.03186000e+01 9.98295000e-01 -6.24667000e-05 -5.03004000e-04 9.98932000e-01 1.00044000e+00
6.04233000e+01 9.98865000e-01 -4.14256000e-05 -4.68147000e-04 9.99022000e-01 1.00043000e+00
6.05280000e+01 9.99444000e-01 -2.00493000e-05 -4.28433000e-04 9.99123000e-01 1.00041000e+00
6.06327000e+01 1.00003000e+00 1.42395000e-06 -3.84324000e-04 9.99233000e-01 1.00039000e+00
6.07375000e+01 1.00061000e+00 2.27561000e-05 -3.36327000e-04 9.99350000e-01 1.00036000e+00
6.08422000e+01 1.00118000e+00 4.37122000e-05 -2.84988000e-04 9.99474000e-01 1.00033000e+00
6.09469000e+01 1.00173000e+00 6.40624000e-05 -2.30887000e-04 9.99602000e-01 1.00029000e+00
6.10516000e+01 1.00226000e+00 8.35849000e-05 -1.74629000e-04 9.99734000e-01 1.00026000e+00
6.11563000e+01 1.00276000e+00 1.02068000e-04 -1.16839000e-04 9.99868000e-01 1.00022000e+00
6.12611000e+01 1.00323000e+00 1.19312000e-04 -5.81548000e-05 1.00000000e+00 1.00018000e+00
6.13658000e+01 1.00367000e+00 1.35133000e-04 7.78977000e-07 1.00014000e+00 1.00013000e+00
6.14705000e+01 1.00405000e+00 1.49361000e-04 5.93202000e-05 1.00027000e+00 1.00009000e+00
6.15752000e+01 1.00439000e+00 1.61848000e-04 1.16834000e-04 1.00040000e+00 1.00005000e+00
6.16799000e+01 1.00468000e+00 1.72463000e-04 1.72702000e-04 1.00052000e+00 1.00000000e+00
6.17847000e+01 1.00492000e+00 1.81097000e-04 2.26327000e-04 1.00063000e+00 9.99955000e-01
6.18894000e+01 1.00509000e+00 1.87663000e-04 2.77137000e-04 1.00074000e+00 9.99911000e-01
6.19941000e+01 1.00521000e+00 1.92099000e-04 3.24600000e-04 1.00084000e+00 9.99867000e-01
6.20988000e+01 1.00527000e+00 1.94366000e-04 3.68218000e-04 1.00093000e+00 9.99826000e-01
6.22035000e+01 1.00527000e+00 1.94447000e-04 4.07542000e-04 1.00101000e+00 9.99787000e-01
6.23083000e+01 1.00522000e+00 1.92354000e-04 4.42171000e-04 1.00108000e+00 9.99750000e-01
6.24130000e+01 1.00510000e+00 1.88120000e-04 4.71758000e-04 1.00113000e+00 9.99716000e-01
6.25177000e+01 1.00492000e+00 1.81802000e-04 4.96013000e-04 1.00117000e+00 9.99686000e-01
6.26224000e+01 1.00470000e+00 1.73482000e-04 5.14707000e-04 1.00120000e+00 9.99659000e-01
6.27271000e+01 1.00442000e+00 1.63263000e-04 5.27672000e-04 1.00122000e+00 9.99636000e-01
6.28319000e+01 1.00409000e+00 1.51269000e-04 5.34804000e-04 1.00122000e+00 9.99616000e-01
6.29366000e+01 1.00372000e+00 1.37643000e-04 5.36064000e-04 1.00121000e+00 9.99602000e-01
6.30413000e+01 1.00330000e+00 1.22547000e-04 5.31477000e-04 1.00119000e+00 9.99591000e-01
6.31460000e+01 1.00286000e+00 1.06158000e-04 5.21131000e-04 1.00115000e+00 9.99585000e-01
6.32507000e+01 1.00238000e+00 8.86677000e-05 5.05176000e-04 1.00110000e+00 9.99583000e-01
6.33555000e+01 1.00189000e+00 7.02776000e-05 4.83824000e-04 1.00104000e+00 9.99586000e-01
6.34602000e+01 1.00137000e+00 5.12000000e-05 4.57343000e-04 1.00097000e+00 9.99594000e-01
6.35649000e+01 1.00084000e+00 3.16531000e-05 4.26055000e-04 1.00088000e+00 9.99606000e-01
6.36696000e+01 1.00031000e+00 1.18595000e-05 3.90332000e-04 1.00079000e+00 9.99622000e-01
6.37743000e+01 9.99771000e-01 -7.95656000e-06 3.50593000e-04 1.00069000e+00 9.99641000e-01
6.38791000e+01 9.99243000e-01 -2.75721000e-05 3.07296000e-04 1.00059000e+00 9.99665000e-01
6.39838000e+01 9.98726000e-01 -4.67674000e-05 2.60936000e-04 1.00048000e+00 9.99692000e-01
6.40885000e+01 9.98226000e-01 -6.53293000e-05 2.12037000e-04 1.00036000e+00 9.99723000e-01
6.41932000e+01 9.97750000e-01 -8.30526000e-05 1.61148000e-04 1.00024000e+00 9.99756000e-01
6.42979000e+01 9.97301000e-01 -9.97432000e-05 1.08836000e-04 1.00012000e+00 9.99791000e-01
6.44026000e+01 9.96885000e-01 -1.15220000e-04 5.56770000e-05 9.99996000e-01 9.99829000e-01
6.45074000e+01 9.96506000e-01 -1.29316000e-04 2.25504000e-06 9.99875000e-01 9.99868000e-01
6.46121000e+01 9.96169000e-01 -1.41882000e-04 -5.08481000e-05 9.99756000e-01 9.99909000e-01
6.47168000e+01 9.95876000e-01 -1.52787000e-04 -1.03058000e-04 9.99641000e-01 9.99950000e-01
6.48215000e+01 9.95630000e-01 -1.61918000e-04 -1.53814000e-04 9.99530000e-01 9.99992000e-01
6.49262000e+01 9.95434000e-01 -1.69184000e-04 -2.02573000e-04 9.99426000e-01 1.00003000e+00
6.50310000e+01 9.95291000e-01 -1.74516000e-04 -2.48821000e-04 9.99328000e-01 1.00007000e+00
6.51357000e+01 9.95200000e-01 -1.77866000e-04 -2.92072000e-04 9.99238000e-01 1.00011000e+00
6.52404000e+01 9.95163000e-01 -1.79209000e-04 -3.31875000e-04 9.99157000e-01 1.00015000e+00
6.53451000e+01 9.95179000e-01 -1.78542000e-04 -3.67820000e-04 9.99086000e-01 1.00019000e+00
6.54498000e+01 9.95249000e-01 -1.75886000e-04 -3.99543000e-04 9.99025000e-01 1.00022000e+00
6.55546000e+01 9.95372000e-01 -1.71281000e-04 -4.26726000e-04 9.98975000e-01 1.00026000e+00
6.56593000e+01 9.95545000e-01 -1.64793000e-04 -4.49102000e-04 9.98937000e-01 1.00028000e+00
6.57640000e+01 9.95767000e-01 -1.56503000e-04 -4.66459000e-04 9.98911000e-01 1.00031000e+00
6.58687000e+01 9.96034000e-01 -1.46515000e-04 -4.78639000e-04 9.98896000e-01 1.00033000e+00
6.59734000e+01 9.96345000e-01 -1.34951000e-04 -4.85543000e-04 9.98894000e-01 1.00035000e+00
6.60782000e+01 9.96694000e-01 -1.21947000e-04 -4.87127000e-04 9.98904000e-01 1.00037000e+00
6.61829000e+01 9.97079000e-01 -1.07657000e-04 -4.83407000e-04 9.98926000e-01 1.00038000e+00
6.62876000e+01 9.97495000e-01 -9.22471000e-05 -4.74456000e-04 9.98959000e-01 1.00038000e+00
6.63923000e+01 9.97936000e-01 -7.58934000e-05 -4.60401000e-04 9.99003000e-01 1.00038000e+00
6.64970000e+01 9.98398000e-01 -5.87830000e-05 -4.41426000e-04 9.99058000e-01 1.00038000e+00
6.66018000e+01 9.98876000e-01 -4.11097000e-05 -4.17767000e-04 9.99123000e-01 1.00038000e+00
6.67065000e+01 9.99365000e-01 -2.30723000e-05 -3.89707000e-04 9.99198000e-01 1.00037000e+00
6.68112000e+01 9.99858000e-01 -4.87249000e-06 -3.57577000e-04 9.99280000e-01 1.00035000e+00
6.69159000e+01 1.00035000e+00 1.32872000e-05 -3.21750000e-04 9.99370000e-01 1.00034000e+00
6.70206000e+01 1.00084000e+00 3.12058000e-05 -2.82637000e-04 9.99466000e-01 1.00031000e+00
6.71254000e+01 1.00131000e+00 4.86860000e-05 -2.40683000e-04 9.99567000e-01 1.00029000e+00
6.72301000e+01 1.00177000e+00 6.55363000e-05 -1.96358000e-04 9.99673000e-01 1.00026000e+00
6.73348000e+01 1.00221000e+00 8.15728000e-05 -1.50160000e-04 9.99781000e-01 1.00023000e+00
6.74395000e+01 1.00262000e+00 9.66217000e-05 -1.02600000e-04 9.99891000e-01 1.00020000e+00
6.75442000e+01 1.00300000e+00 1.10521000e-04 -5.42045000e-05 1.00000000e+00 1.00016000e+00
6.76490000e+01 1.00334000e+00 1.23121000e-04 -5.50434000e-06 1.00011000e+00 1.00013000e+00
6.77537000e+01 1.00364000e+00 1.34287000e-04 4.29690000e-05 1.00022000e+00 1.00009000e+00
6.78584000e+01 1.00391000e+00 1.43904000e-04 9.06893000e-05 1.00033000e+00 1.00005000e+00
6.79631000e+01 1.00412000e+00 1.51869000e-04 1.37142000e-04 1.00043000e+00 1.00001000e+00
6.80678000e+01 1.00429000e+00 1.58103000e-04 1.81828000e-04 1.00052000e+00 9.99976000e-01
6.81726000e+01 1.00441000e+00 1.62542000e-04 2.24271000e-04 1.00061000e+00 9.99938000e-01
6.82773000e+01 1.00448000e+00 1.65146000e-04 2.64023000e-04 1.00069000e+00 9.99901000e-01
6.83820000e+01 1.00450000e+00 1.65892000e-04 3.00665000e-04 1.00077000e+00 9.99865000e-01
6.84867000e+01 1.00447000e+00 1.64782000e-04 3.33818000e-04 1.00083000e+00 9.99831000e-01
6.85914000e+01 1.00439000e+00 1.61834000e-04 3.63139000e-04 1.00089000e+00 9.99799000e-01
6.86962000e+01 1.00426000e+00 1.57090000e-04 3.88333000e-04 1.00093000e+00 9.99769000e-01
6.88009000e+01 1.00408000e+00 1.50611000e-04 4.09148000e-04 1.00097000e+00 9.99741000e-01
6.89056000e+01 1.00386000e+00 1.42477000e-04 4.25385000e-04 1.00099000e+00 9.99717000e-01
6.90103000e+01 1.00359000e+00 1.32785000e-04 4.36892000e-04 1.00101000e+00 9.99696000e-01
6.91150000e+01 1.00329000e+00 1.21651000e-04 4.43572000e-04 1.00101000e+00 9.99678000e-01
6.92198000e+01 1.00295000e+00 1.09206000e-04 4.45382000e-04 1.00100000e+00 9.99664000e-01
6.93245000e+01 1.00258000e+00 9.55963000e-05 4.42330000e-04 1.00098000e+00 9.99653000e-01
6.94292000e+01 1.00218000e+00 8.09791000e-05 4.34479000e-04 1.00095000e+00 9.99647000e-01
6.95339000e+01 1.00176000e+00 6.55232000e-05 4.21942000e-04 1.00091000e+00 9.99644000e-01
6.96386000e+01 1.00132000e+00 4.94060000e-05 4.04884000e-04 1.00086000e+00 9.99645000e-01
6.97434000e+01 1.00088000e+00 3.28116000e-05 3.83517000e-04 1.00080000e+00 9.99649000e-01
6.98481000e+01 1.00042000e+00 1.59289000e-05 3.58101000e-04 1.00073000e+00 9.99658000e-01
6.99528000e+01 9.99961000e-01 -1.05121000e-06 3.28936000e-04 1.00066000e+00 9.99670000e-01
7.00575000e+01 9.99505000e-01 -1.79373000e-05 2.96361000e-04 1.00057000e+00 9.99686000e-01
7.01622000e+01 9.99057000e-01 -3.45402000e-05 2.60752000e-04 1.00049000e+00 9.99705000e-01
7.02670000e+01 9.98623000e-01 -5.06746000e-05 2.22515000e-04 1.00039000e+00 9.99727000e-01
7.03717000e+01 9.98206000e-01 -6.61615000e-05 1.82079000e-04 1.00030000e+00 9.99752000e-01
7.04764000e+01 9.97811000e-01 -8.08304000e-05 1.39899000e-04 1.00020000e+00 9.99779000e-01
7.05811000e+01 9.97443000e-01 -9.45206000e-05 9.64437000e-05 1.00010000e+00 9.99809000e-01
7.06858000e+01 9.97105000e-01 -1.07084000e-04 5.21924000e-05 9.99997000e-01 9.99841000e-01
7.07906000e+01 9.96802000e-01 -1.18384000e-04 7.63091000e-06 9.99897000e-01 9.99874000e-01
7.08953000e+01 9.96535000e-01 -1.28302000e-04 -3.67548000e-05 9.99798000e-01 9.99908000e-01
7.10000000e+01 9.96308000e-01 -1.36734000e-04 -8.04835000e-05 9.99702000e-01 9.99944000e-01
7.11047000e+01 9.96124000e-01 -1.43592000e-04 -1.23084000e-04 9.99610000e-01 9.99979000e-01
7.12094000e+01 9.95983000e-01 -1.48809000e-04 -1.64101000e-04 9.99523000e-01 1.00002000e+00
7.13142000e+01 9.95888000e-01 -1.52335000e-04 -2.03098000e-04 9.99441000e-01 1.00005000e+00
7.14189000e+01 9.95838000e-01 -1.54140000e-04 -2.39663000e-04 9.99367000e-01 1.00009000e+00
7.15236000e+01 9.95836000e-01 -1.54212000e-04 -2.73414000e-04 9.99299000e-01 1.00012000e+00
7.16283000e+01 9.95879000e-01 -1.52561000e-04 -3.04000000e-04 9.99239000e-01 1.00015000e+00
7.17330000e+01 9.95968000e-01 -1.49213000e-04 -3.31108000e-04 9.99189000e-01 1.00018000e+00
7.18378000e+01 9.96102000e-01 -1.44216000e-04 -3.54463000e-04 9.99147000e-01 1.00021000e+00
7.19425000e+01 9.96278000e-01 -1.37633000e-04 -3.73833000e-04 9.99115000e-01 1.00024000e+00
7.20472000e+01 9.96495000e-01 -1.29547000e-04 -3.89031000e-04 9.99092000e-01 1.00026000e+00
7.21519000e+01 9.96750000e-01 -1.20055000e-04 -3.99914000e-04 9.99080000e-01 1.00028000e+00
7.22566000e+01 9.97040000e-01 -1.09271000e-04 -4.06389000e-04 9.99078000e-01 1.00030000e+00
7.23614000e+01 9.97361000e-01 -9.73202000e-05 -4.08410000e-04 9.99086000e-01 1.00031000e+00
7.24661000e+01 9.97711000e-01 -8.43425000e-05 -4.05979000e-04 9.99104000e-01 1.00032000e+00
7.25708000e+01 9.98085000e-01 -7.04870000e-05 -3.99148000e-04 9.99131000e-01 1.00033000e+00
7.26755000e+01 9.98478000e-01 -5.59120000e-05 -3.88015000e-04 9.99168000e-01 1.00033000e+00
7.27802000e+01 9.98888000e-01 -4.07828000e-05 -3.72723000e-04 9.99214000e-01 1.00033000e+00
7.28849000e+01 9.99307000e-01 -2.52702000e-05 -3.53462000e-04 9.99268000e-01 1.00033000e+00
7.29897000e+01 9.99733000e-01 -9.54807000e-06 -3.30461000e-04 9.99330000e-01 1.00032000e+00
7.30944000e+01 1.00016000e+00 6.20801000e-06 -3.03992000e-04 9.99398000e-01 1.00031000e+00
7.31991000e+01 1.00058000e+00 2.18231000e-05 -2.74359000e-04 9.99473000e-01 1.00030000e+00
7.33038000e+01 1.00100000e+00 3.71244000e-05 -2.41902000e-04 9.99553000e-01 1.00028000e+00
7.34085000e+01 1.00140000e+00 5.19437000e-05 -2.06989000e-04 9.99638000e-01 1.00026000e+00
7.35133000e+01 1.00179000e+00 6.61185000e-05 -1.70012000e-04 9.99726000e-01 1.00024000e+00
7.36180000e+01 1.00215000e+00 7.94943000e-05 -1.31384000e-04 9.99817000e-01 1.00021000e+00
7.37227000e+01 1.00249000e+00 9.19259000e-05 -9.15330000e-05 9.99909000e-01 1.00018000e+00
7.38274000e+01 1.00280000e+00 1.03279000e-04 -5.09003000e-05 1.00000000e+00 1.00015000e+00
7.39321000e+01 1.00308000e+00 1.13432000e-04 -9.93131000e-06 1.00009000e+00 1.00012000e+00
7.40369000e+01 1.00332000e+00 1.22278000e-04 3.09262000e-05 1.00018000e+00 1.00009000e+00
7.41416000e+01 1.00352000e+00 1.29722000e-04 7.12284000e-05 1.00027000e+00 1.00006000e+00
7.42463000e+01 1.00368000e+00 1.35687000e-04 1.10539000e-04 1.00036000e+00 1.00003000e+00
7.43510000e+01 1.00380000e+00 1.40114000e-04 1.48436000e-04 1.00044000e+00 9.99992000e-01
7.44557000e+01 1.00388000e+00 1.42958000e-04 1.84514000e-04 1.00051000e+00 9.99958000e-01
7.45605000e+01 1.00391000e+00 1.44194000e-04 2.18390000e-04 1.00058000e+00 9.99926000e-01
7.46652000e+01 1.00390000e+00 1.43814000e-04 2.49706000e-04 1.00064000e+00 9.99894000e-01
7.47699000e+01 1.00384000e+00 1.41829000e-04 2.78135000e-04 1.00070000e+00 9.99864000e-01
7.48746000e+01 1.00375000e+00 1.38267000e-04 3.03383000e-04 1.00075000e+00 9.99835000e-01
7.49793000e+01 1.00361000e+00 1.33173000e-04 3.25192000e-04 1.00078000e+00 9.99808000e-01
7.50841000e+01 1.00343000e+00 1.26611000e-04 3.43341000e-04 1.00081000e+00 9.99783000e-01
7.51888000e+01 1.00321000e+00 1.18659000e-04 3.57654000e-04 1.00083000e+00 9.99761000e-01
7.52935000e+01 1.00296000e+00 1.09411000e-04 3.67995000e-04 1.00085000e+00 9.99741000e-01
7.53982000e+01 1.00267000e+00 9.89763000e-05 3.74273000e-04 1.00085000e+00 9.99725000e-01
7.55029000e+01 1.00236000e+00 8.74760000e-05 3.76440000e-04 1.00084000e+00 9.99711000e-01
7.56077000e+01 1.00202000e+00 7.50431000e-05 3.74496000e-04 1.00082000e+00 9.99701000e-01
7.57124000e+01 1.00166000e+00 6.18207000e-05 3.68484000e-04 1.00080000e+00 9.99693000e-01
7.58171000e+01 1.00129000e+00 4.79600000e-05 3.58492000e-04 1.00076000e+00 9.99689000e-01
7.59218000e+01 1.00090000e+00 3.36192000e-05 3.44649000e-04 1.00072000e+00 9.99689000e-01
7.60265000e+01 1.00050000e+00 1.89611000e-05 3.27128000e-04 1.00067000e+00 9.99692000e-01
7.61313000e+01 1.00010000e+00 4.15153000e-06 3.06140000e-04 1.00062000e+00 9.99698000e-01
7.62360000e+01 9.99704000e-01 -1.06427000e-05 2.81930000e-04 1.00055000e+00 9.99707000e-01
7.63407000e+01 9.99309000e-01 -2.52554000e-05 2.54781000e-04 1.00048000e+00 9.99720000e-01
7.64454000e+01 9.98925000e-01 -3.95235000e-05 2.25004000e-04 1.00041000e+00 9.99735000e-01
7.65501000e+01 9.98554000e-01 -5.32880000e-05 1.92937000e-04 1.00033000e+00 9.99754000e-01
7.66549000e+01 9.98201000e-01 -6.63968000e-05 1.58942000e-04 1.00025000e+00 9.99775000e-01
7.67596000e+01 9.97870000e-01 -7.87054000e-05 1.23397000e-04 1.00017000e+00 9.99798000e-01
7.68643000e+01 9.97564000e-01 -9.00792000e-05 8.66991000e-05 1.00008000e+00 9.99823000e-01
7.69690000e+01 9.97286000e-01 -1.00395000e-04 4.92524000e-05 9.99998000e-01 9.99850000e-01
7.70737000e+01 9.97040000e-01 -1.09541000e-04 1.14682000e-05 9.99913000e-01 9.99879000e-01
7.71785000e+01 9.96828000e-01 -1.17421000e-04 -2.62411000e-05 9.99830000e-01 9.99909000e-01
7.72832000e+01 9.96653000e-01 -1.23952000e-04 -6.34661000e-05 9.99749000e-01 9.99940000e-01
7.73879000e+01 9.96515000e-01 -1.29067000e-04 -9.98051000e-05 9.99671000e-01 9.99971000e-01
7.74926000e+01 9.96416000e-01 -1.32715000e-04 -1.34868000e-04 9.99598000e-01 1.00000000e+00
7.75973000e+01 9.96358000e-01 -1.34862000e-04 -1.68281000e-04 9.99529000e-01 1.00003000e+00
7.77021000e+01 9.96341000e-01 -1.35491000e-04 -1.99689000e-04 9.99465000e-01 1.00006000e+00
7.78068000e+01 9.96364000e-01 -1.34601000e-04 -2.28763000e-04 9.99408000e-01 1.00009000e+00
7.79115000e+01 9.96428000e-01 -1.32211000e-04 -2.55198000e-04 9.99357000e-01 1.00012000e+00
7.80162000e+01 9.96531000e-01 -1.28354000e-04 -2.78722000e-04 9.99314000e-01 1.00015000e+00
7.81209000e+01 9.96672000e-01 -1.23079000e-04 -2.99094000e-04 9.99279000e-01 1.00018000e+00
7.82257000e+01 9.96850000e-01 -1.16452000e-04 -3.16110000e-04 9.99251000e-01 1.00020000e+00
7.83304000e+01 9.97062000e-01 -1.08553000e-04 -3.29601000e-04 9.99232000e-01 1.00022000e+00
7.84351000e+01 9.97306000e-01 -9.94763000e-05 -3.39439000e-04 9.99222000e-01 1.00024000e+00
7.85398000e+01 9.97579000e-01 -8.93278000e-05 -3.45536000e-04 9.99220000e-01 1.00026000e+00
7.86445000e+01 9.97878000e-01 -7.82255000e-05 -3.47846000e-04 9.99226000e-01 1.00027000e+00
7.87493000e+01 9.98200000e-01 -6.62973000e-05 -3.46361000e-04 9.99241000e-01 1.00028000e+00
7.88540000e+01 9.98541000e-01 -5.36797000e-05 -3.41117000e-04 9.99264000e-01 1.00029000e+00
7.89587000e+01 9.98896000e-01 -4.05161000e-05 -3.32189000e-04 9.99295000e-01 1.00029000e+00
7.90634000e+01 9.99263000e-01 -2.69551000e-05 -3.19694000e-04 9.99334000e-01 1.00029000e+00
7.91681000e+01 9.99637000e-01 -1.31492000e-05 -3.03783000e-04 9.99379000e-01 1.00029000e+00
7.92729000e+01 1.00001000e+00 7.46897000e-07 -2.84648000e-04 9.99431000e-01 1.00029000e+00
7.93776000e+01 1.00039000e+00 1.45785000e-05 -2.62511000e-04 9.99490000e-01 1.00028000e+00
7.94823000e+01 1.00076000e+00 2.81922000e-05 -2.37628000e-04 9.99553000e-01 1.00027000e+00
7.95870000e+01 1.00112000e+00 4.14375000e-05 -2.10283000e-04 9.99621000e-01 1.00025000e+00
7.96917000e+01 1.00146000e+00 5.41687000e-05 -1.80785000e-04 9.99693000e-01 1.00023000e+00
7.97965000e+01 1.00179000e+00 6.62462000e-05 -1.49465000e-04 9.99767000e-01 1.00022000e+00
7.99012000e+01 1.00210000e+00 7.75385000e-05 -1.16673000e-04 9.99844000e-01 1.00019000e+00
8.00059000e+01 1.00238000e+00 8.79228000e-05 -8.27721000e-05 9.99922000e-01 1.00017000e+00
8.01106000e+01 1.00264000e+00 9.72871000e-05 -4.81368000e-05 1.00000000e+00 1.00015000e+00
8.02153000e+01 1.00286000e+00 1.05531000e-04 -1.31473000e-05 1.00008000e+00 1.00012000e+00
8.03201000e+01 1.00305000e+00 1.12567000e-04 2.18137000e-05 1.00016000e+00 1.00009000e+00
8.04248000e+01 1.00321000e+00 1.18320000e-04 5.63661000e-05 1.00023000e+00 1.00006000e+00
8.05295000e+01 1.00333000e+00 1.22732000e-04 9.01356000e-05 1.00030000e+00 1.00003000e+00
8.06342000e+01 1.00341000e+00 1.25758000e-04 1.22758000e-04 1.00037000e+00 1.00000000e+00
8.07389000e+01 1.00345000e+00 1.27369000e-04 1.53885000e-04 1.00044000e+00 9.99973000e-01
8.08437000e+01 1.00346000e+00 1.27551000e-04 1.83183000e-04 1.00049000e+00 9.99944000e-01
8.09484000e+01 1.00342000e+00 1.26308000e-04 2.10344000e-04 1.00055000e+00 9.99916000e-01
8.10531000e+01 1.00335000e+00 1.23659000e-04 2.35080000e-04 1.00059000e+00 9.99889000e-01
8.11578000e+01 1.00324000e+00 1.19636000e-04 2.57136000e-04 1.00063000e+00 9.99863000e-01
8.12625000e+01 1.00310000e+00 1.14291000e-04 2.76283000e-04 1.00067000e+00 9.99838000e-01
8.13672000e+01 1.00291000e+00 1.07686000e-04 2.92328000e-04 1.00069000e+00 9.99815000e-01
8.14720000e+01 1.00270000e+00 9.99007000e-05 3.05110000e-04 1.00071000e+00 9.99795000e-01
8.15767000e+01 1.00246000e+00 9.10253000e-05 3.14507000e-04 1.00072000e+00 9.99777000e-01
8.16814000e+01 1.00219000e+00 8.11629000e-05 3.20432000e-04 1.00072000e+00 9.99761000e-01
8.17861000e+01 1.00190000e+00 7.04271000e-05 3.22839000e-04 1.00072000e+00 9.99748000e-01
8.18908000e+01 1.00159000e+00 5.89411000e-05 3.21719000e-04 1.00070000e+00 9.99737000e-01
8.19956000e+01 1.00126000e+00 4.68362000e-05 3.17101000e-04 1.00068000e+00 9.99730000e-01
8.21003000e+01 1.00092000e+00 3.42501000e-05 3.09052000e-04 1.00065000e+00 9.99725000e-01
8.22050000e+01 1.00057000e+00 2.13255000e-05 2.97678000e-04 1.00062000e+00 9.99724000e-01
8.23097000e+01 1.00021000e+00 8.20855000e-06 2.83119000e-04 1.00057000e+00 9.99725000e-01
8.24144000e+01 9.99859000e-01 -4.95299000e-06 2.65549000e-04 1.00053000e+00 9.99729000e-01
8.25192000e+01 9.99506000e-01 -1.80113000e-05 2.45173000e-04 1.00047000e+00 9.99737000e-01
8.26239000e+01 9.99161000e-01 -3.08203000e-05 2.22229000e-04 1.00041000e+00 9.99747000e-01
8.27286000e+01 9.98826000e-01 -4.32372000e-05 1.96978000e-04 1.00035000e+00 9.99760000e-01
8.28333000e+01 9.98506000e-01 -5.51240000e-05 1.69706000e-04 1.00028000e+00 9.99775000e-01
8.29380000e+01 9.98203000e-01 -6.63494000e-05 1.40721000e-04 1.00022000e+00 9.99793000e-01
8.30428000e+01 9.97922000e-01 -7.67900000e-05 1.10345000e-04 1.00014000e+00 9.99813000e-01
8.31475000e+01 9.97665000e-01 -8.63315000e-05 7.89161000e-05 1.00007000e+00 9.99835000e-01
8.32522000e+01 9.97436000e-01 -9.48703000e-05 4.67811000e-05 9.99999000e-01 9.99858000e-01
8.33569000e+01 9.97235000e-01 -1.02315000e-04 1.42928000e-05 9.99926000e-01 9.99883000e-01
8.34616000e+01 9.97067000e-01 -1.08585000e-04 -1.81940000e-05 9.99855000e-01 9.99910000e-01
8.35664000e+01 9.96931000e-01 -1.13616000e-04 -5.03262000e-05 9.99786000e-01 9.99937000e-01
8.36711000e+01 9.96830000e-01 -1.17357000e-04 -8.17564000e-05 9.99719000e-01 9.99964000e-01
8.37758000e+01 9.96765000e-01 -1.19769000e-04 -1.12147000e-04 9.99656000e-01 9.99992000e-01
8.38805000e+01 9.96736000e-01 -1.20832000e-04 -1.41171000e-04 9.99597000e-01 1.00002000e+00
8.39852000e+01 9.96744000e-01 -1.20539000e-04 -1.68522000e-04 9.99542000e-01 1.00005000e+00
8.40900000e+01 9.96787000e-01 -1.18899000e-04 -1.93911000e-04 9.99493000e-01 1.00008000e+00
8.41947000e+01 9.96867000e-01 -1.15935000e-04 -2.17069000e-04 9.99450000e-01 1.00010000e+00
8.42994000e+01 9.96981000e-01 -1.11686000e-04 -2.37758000e-04 9.99413000e-01 1.00013000e+00
8.44041000e+01 9.97128000e-01 -1.06205000e-04 -2.55763000e-04 9.99382000e-01 1.00015000e+00
8.45088000e+01 9.97306000e-01 -9.95572000e-05 -2.70903000e-04 9.99359000e-01 1.00017000e+00
8.46136000e+01 9.97514000e-01 -9.18219000e-05 -2.83025000e-04 9.99342000e-01 1.00019000e+00
8.47183000e+01 9.97749000e-01 -8.30899000e-05 -2.92013000e-04 9.99333000e-01 1.00021000e+00
8.48230000e+01 9.98009000e-01 -7.34622000e-05 -2.97784000e-04 9.99331000e-01 1.00022000e+00
8.49277000e+01 9.98289000e-01 -6.30499000e-05 -3.00289000e-04 9.99336000e-01 1.00024000e+00
8.50324000e+01 9.98588000e-01 -5.19720000e-05 -2.99517000e-04 9.99349000e-01 1.00025000e+00
8.51372000e+01 9.98902000e-01 -4.03546000e-05 -2.95491000e-04 9.99369000e-01 1.00026000e+00
8.52419000e+01 9.99227000e-01 -2.83290000e-05 -2.88269000e-04 9.99395000e-01 1.00026000e+00
8.53466000e+01 9.99560000e-01 -1.60308000e-05 -2.77945000e-04 9.99428000e-01 1.00026000e+00
8.54513000e+01 9.99897000e-01 -3.59784000e-06 -2.64645000e-04 9.99467000e-01 1.00026000e+00
8.55560000e+01 1.00023000e+00 8.83096000e-06 -2.48527000e-04 9.99512000e-01 1.00026000e+00
8.56608000e+01 1.00057000e+00 2.11173000e-05 -2.29779000e-04 9.99562000e-01 1.00025000e+00
8.57655000e+01 1.00089000e+00 3.31250000e-05 -2.08616000e-04 9.99616000e-01 1.00024000e+00
8.58702000e+01 1.00121000e+00 4.47214000e-05 -1.85279000e-04 9.99674000e-01 1.00023000e+00
8.59749000e+01 1.00151000e+00 5.57790000e-05 -1.60032000e-04 9.99736000e-01 1.00022000e+00
8.60796000e+01 1.00179000e+00 6.61765000e-05 -1.33158000e-04 9.99800000e-01 1.00020000e+00
8.61844000e+01 1.00205000e+00 7.58006000e-05 -1.04956000e-04 9.99866000e-01 1.00018000e+00
8.62891000e+01 1.00229000e+00 8.45466000e-05 -7.57396000e-05 9.99933000e-01 1.00016000e+00
8.63938000e+01 1.00250000e+00 9.23202000e-05 -4.58302000e-05 1.00000000e+00 1.00014000e+00
8.64985000e+01 1.00269000e+00 9.90380000e-05 -1.55567000e-05 1.00007000e+00 1.00011000e+00
8.66032000e+01 1.00284000e+00 1.04628000e-04 1.47498000e-05 1.00013000e+00 1.00009000e+00
8.67080000e+01 1.00296000e+00 1.09033000e-04 4.47593000e-05 1.00020000e+00 1.00006000e+00
8.68127000e+01 1.00304000e+00 1.12206000e-04 7.41467000e-05 1.00026000e+00 1.00004000e+00
8.69174000e+01 1.00309000e+00 1.14116000e-04 1.02595000e-04 1.00032000e+00 1.00001000e+00
8.70221000e+01 1.00311000e+00 1.14746000e-04 1.29798000e-04 1.00037000e+00 9.99985000e-01
8.71268000e+01 1.00309000e+00 1.14092000e-04 1.55465000e-04 1.00043000e+00 9.99959000e-01
8.72316000e+01 1.00304000e+00 1.12165000e-04 1.79324000e-04 1.00047000e+00 9.99933000e-01
8.73363000e+01 1.00295000e+00 1.08992000e-04 2.01124000e-04 1.00051000e+00 9.99908000e-01
8.74410000e+01 1.00283000e+00 1.04609000e-04 2.20635000e-04 1.00055000e+00 9.99884000e-01
8.75457000e+01 1.00268000e+00 9.90717000e-05 2.37656000e-04 1.00057000e+00 9.99861000e-01
8.76504000e+01 1.00250000e+00 9.24433000e-05 2.52012000e-04 1.00060000e+00 9.99840000e-01
8.77552000e+01 1.00229000e+00 8.48016000e-05 2.63559000e-04 1.00061000e+00 9.99821000e-01
8.78599000e+01 1.00206000e+00 7.62350000e-05 2.72185000e-04 1.00062000e+00 9.99804000e-01
8.79646000e+01 1.00181000e+00 6.68418000e-05 2.77808000e-04 1.00062000e+00 9.99789000e-01
8.80693000e+01 1.00153000e+00 5.67297000e-05 2.80381000e-04 1.00062000e+00 9.99776000e-01
8.81740000e+01 1.00124000e+00 4.60139000e-05 2.79889000e-04 1.00061000e+00 9.99766000e-01
8.82788000e+01 1.00094000e+00 3.48162000e-05 2.76351000e-04 1.00059000e+00 9.99758000e-01
8.83835000e+01 1.00062000e+00 2.32633000e-05 2.69821000e-04 1.00056000e+00 9.99753000e-01
8.84882000e+01 1.00030000e+00 1.14857000e-05 2.60383000e-04 1.00053000e+00 9.99751000e-01
8.85929000e+01 9.99984000e-01 -3.83857000e-07 2.48152000e-04 1.00050000e+00 9.99751000e-01
8.86976000e+01 9.99664000e-01 -1.22121000e-05 2.33275000e-04 1.00045000e+00 9.99755000e-01
8.88024000e+01 9.99349000e-01 -2.38666000e-05 2.15926000e-04 1.00041000e+00 9.99760000e-01
8.89071000e+01 9.99043000e-01 -3.52172000e-05 1.96304000e-04 1.00036000e+00 9.99768000e-01
8.90118000e+01 9.98749000e-01 -4.61375000e-05 1.74634000e-04 1.00030000e+00 9.99779000e-01
8.91165000e+01 9.98469000e-01 -5.65065000e-05 1.51160000e-04 1.00025000e+00 9.99792000e-01
8.92212000e+01 9.98208000e-01 -6.62097000e-05 1.26147000e-04 1.00019000e+00 9.99808000e-01
8.93260000e+01 9.97967000e-01 -7.51403000e-05 9.98719000e-05 1.00012000e+00 9.99825000e-01
8.94307000e+01 9.97750000e-01 -8.32007000e-05 7.26278000e-05 1.00006000e+00 9.99844000e-01
8.95354000e+01 9.97559000e-01 -9.03034000e-05 4.47149000e-05 9.99999000e-01 9.99865000e-01
8.96401000e+01 9.97396000e-01 -9.63719000e-05 1.64396000e-05 9.99937000e-01 9.99887000e-01
8.97448000e+01 9.97262000e-01 -1.01342000e-04 -1.18891000e-05 9.99875000e-01 9.99911000e-01
8.98495000e+01 9.97159000e-01 -1.05160000e-04 -3.99631000e-05 9.99815000e-01 9.99935000e-01
8.99543000e+01 9.97088000e-01 -1.07790000e-04 -6.74783000e-05 9.99757000e-01 9.99960000e-01
9.00590000e+01 9.97050000e-01 -1.09204000e-04 -9.41383000e-05 9.99703000e-01 9.99985000e-01
9.01637000e+01 9.97045000e-01 -1.09391000e-04 -1.19657000e-04 9.99651000e-01 1.00001000e+00
9.02684000e+01 9.97072000e-01 -1.08353000e-04 -1.43763000e-04 9.99604000e-01 1.00004000e+00
9.03731000e+01 9.97132000e-01 -1.06107000e-04 -1.66199000e-04 9.99561000e-01 1.00006000e+00
9.04779000e+01 9.97224000e-01 -1.02680000e-04 -1.86731000e-04 9.99524000e-01 1.00008000e+00
9.05826000e+01 9.97347000e-01 -9.81168000e-05 -2.05142000e-04 9.99492000e-01 1.00011000e+00
9.06873000e+01 9.97498000e-01 -9.24709000e-05 -2.21242000e-04 9.99465000e-01 1.00013000e+00
9.07920000e+01 9.97678000e-01 -8.58095000e-05 -2.34867000e-04 9.99444000e-01 1.00015000e+00
9.08967000e+01 9.97882000e-01 -7.82105000e-05 -2.45879000e-04 9.99430000e-01 1.00017000e+00
9.10015000e+01 9.98110000e-01 -6.97618000e-05 -2.54169000e-04 9.99422000e-01 1.00018000e+00
9.11062000e+01 9.98358000e-01 -6.05608000e-05 -2.59660000e-04 9.99420000e-01 1.00020000e+00
9.12109000e+01 9.98624000e-01 -5.07127000e-05 -2.62303000e-04 9.99425000e-01 1.00021000e+00
9.13156000e+01 9.98904000e-01 -4.03295000e-05 -2.62082000e-04 9.99436000e-01 1.00022000e+00
9.14203000e+01 9.99196000e-01 -2.95287000e-05 -2.59011000e-04 9.99452000e-01 1.00023000e+00
9.15251000e+01 9.99496000e-01 -1.84323000e-05 -2.53137000e-04 9.99475000e-01 1.00023000e+00
9.16298000e+01 9.99801000e-01 -7.16480000e-06 -2.44533000e-04 9.99504000e-01 1.00024000e+00
9.17345000e+01 1.00011000e+00 4.14762000e-06 -2.33306000e-04 9.99538000e-01 1.00024000e+00
9.18392000e+01 1.00041000e+00 1.53788000e-05 -2.19587000e-04 9.99576000e-01 1.00023000e+00
9.19439000e+01 1.00071000e+00 2.64038000e-05 -2.03538000e-04 9.99619000e-01 1.00023000e+00
9.20487000e+01 1.00100000e+00 3.71006000e-05 -1.85341000e-04 9.99666000e-01 1.00022000e+00
9.21534000e+01 1.00128000e+00 4.73510000e-05 -1.65204000e-04 9.99717000e-01 1.00021000e+00
9.22581000e+01 1.00154000e+00 5.70421000e-05 -1.43353000e-04 9.99770000e-01 1.00020000e+00
9.23628000e+01 1.00179000e+00 6.60679000e-05 -1.20033000e-04 9.99826000e-01 1.00019000e+00
9.24675000e+01 1.00201000e+00 7.43297000e-05 -9.55043000e-05 9.99883000e-01 1.00017000e+00
9.25723000e+01 1.00221000e+00 8.17377000e-05 -7.00380000e-05 9.99942000e-01 1.00015000e+00
9.26770000e+01 1.00239000e+00 8.82118000e-05 -4.39152000e-05 1.00000000e+00 1.00013000e+00
9.27817000e+01 1.00254000e+00 9.36827000e-05 -1.74229000e-05 1.00006000e+00 1.00011000e+00
9.28864000e+01 1.00266000e+00 9.80921000e-05 9.14930000e-06 1.00012000e+00 1.00009000e+00
9.29911000e+01 1.00275000e+00 1.01394000e-04 3.55117000e-05 1.00017000e+00 1.00007000e+00
9.30959000e+01 1.00281000e+00 1.03554000e-04 6.13784000e-05 1.00023000e+00 1.00004000e+00
9.32006000e+01 1.00283000e+00 1.04552000e-04 8.64697000e-05 1.00028000e+00 1.00002000e+00
9.33053000e+01 1.00283000e+00 1.04379000e-04 1.10516000e-04 1.00033000e+00 9.99994000e-01
9.34100000e+01 1.00279000e+00 1.03041000e-04 1.33259000e-04 1.00037000e+00 9.99970000e-01
9.35147000e+01 1.00273000e+00 1.00555000e-04 1.54457000e-04 1.00041000e+00 9.99946000e-01
9.36195000e+01 1.00263000e+00 9.69516000e-05 1.73886000e-04 1.00044000e+00 9.99923000e-01
9.37242000e+01 1.00250000e+00 9.22746000e-05 1.91341000e-04 1.00047000e+00 9.99901000e-01
9.38289000e+01 1.00234000e+00 8.65787000e-05 2.06640000e-04 1.00050000e+00 9.99880000e-01
9.39336000e+01 1.00216000e+00 7.99301000e-05 2.19626000e-04 1.00052000e+00 9.99860000e-01
9.40383000e+01 1.00196000e+00 7.24052000e-05 2.30168000e-04 1.00053000e+00 9.99842000e-01
9.41431000e+01 1.00173000e+00 6.40906000e-05 2.38159000e-04 1.00054000e+00 9.99826000e-01
9.42478000e+01 1.00149000e+00 5.50811000e-05 2.43524000e-04 1.00054000e+00 9.99812000e-01
9.43525000e+01 1.00123000e+00 4.54792000e-05 2.46216000e-04 1.00054000e+00 9.99799000e-01
9.44572000e+01 1.00095000e+00 3.53938000e-05 2.46216000e-04 1.00053000e+00 9.99789000e-01
9.45619000e+01 1.00067000e+00 2.49391000e-05 2.43535000e-04 1.00051000e+00 9.99781000e-01
9.46667000e+01 1.00038000e+00 1.42329000e-05 2.38215000e-04 1.00049000e+00 9.99776000e-01
9.47714000e+01 1.00009000e+00 3.39588000e-06 2.30323000e-04 1.00046000e+00 9.99773000e-01
9.48761000e+01 9.99794000e-01 -7.45037000e-06 2.19957000e-04 1.00043000e+00 9.99773000e-01
9.49808000e+01 9.99504000e-01 -1.81843000e-05 2.07239000e-04 1.00040000e+00 9.99775000e-01
9.50855000e+01 9.99220000e-01 -2.86859000e-05 1.92319000e-04 1.00036000e+00 9.99779000e-01
9.51903000e+01 9.98946000e-01 -3.88381000e-05 1.75367000e-04 1.00031000e+00 9.99786000e-01
9.52950000e+01 9.98685000e-01 -4.85280000e-05 1.56577000e-04 1.00026000e+00 9.99795000e-01
9.53997000e+01 9.98439000e-01 -5.76483000e-05 1.36160000e-04 1.00021000e+00 9.99806000e-01
9.55044000e+01 9.98211000e-01 -6.60983000e-05 1.14345000e-04 1.00016000e+00 9.99820000e-01
9.56091000e+01 9.98004000e-01 -7.37851000e-05 9.13766000e-05 1.00011000e+00 9.99835000e-01
9.57139000e+01 9.97820000e-01 -8.06245000e-05 6.75079000e-05 1.00005000e+00 9.99852000e-01
9.58186000e+01 9.97661000e-01 -8.65424000e-05 4.30025000e-05 9.99999000e-01 9.99870000e-01
9.59233000e+01 9.97528000e-01 -9.14748000e-05 1.81297000e-05 9.99945000e-01 9.99890000e-01
9.60280000e+01 9.97423000e-01 -9.53693000e-05 -6.83887000e-06 9.99891000e-01 9.99911000e-01
9.61327000e+01 9.97347000e-01 -9.81853000e-05 -3.16313000e-05 9.99839000e-01 9.99933000e-01
9.62375000e+01 9.97301000e-01 -9.98941000e-05 -5.59788000e-05 9.99788000e-01 9.99956000e-01
9.63422000e+01 9.97285000e-01 -1.00480000e-04 -7.96187000e-05 9.99740000e-01 9.99979000e-01
9.64469000e+01 9.97299000e-01 -9.99395000e-05 -1.02297000e-04 9.99695000e-01 1.00000000e+00
9.65516000e+01 9.97344000e-01 -9.82819000e-05 -1.23771000e-04 9.99654000e-01 1.00003000e+00
9.66563000e+01 9.97418000e-01 -9.55291000e-05 -1.43813000e-04 9.99617000e-01 1.00005000e+00
9.67611000e+01 9.97520000e-01 -9.17150000e-05 -1.62210000e-04 9.99584000e-01 1.00007000e+00
9.68658000e+01 9.97650000e-01 -8.68856000e-05 -1.78769000e-04 9.99556000e-01 1.00009000e+00
9.69705000e+01 9.97806000e-01 -8.10976000e-05 -1.93318000e-04 9.99532000e-01 1.00011000e+00
9.70752000e+01 9.97985000e-01 -7.44187000e-05 -2.05707000e-04 9.99514000e-01 1.00013000e+00
9.71799000e+01 9.98187000e-01 -6.69260000e-05 -2.15809000e-04 9.99501000e-01 1.00015000e+00
9.72847000e+01 9.98409000e-01 -5.87058000e-05 -2.23525000e-04 9.99494000e-01 1.00016000e+00
9.73894000e+01 9.98648000e-01 -4.98520000e-05 -2.28778000e-04 9.99493000e-01 1.00018000e+00
9.74941000e+01 9.98901000e-01 -4.04651000e-05 -2.31523000e-04 9.99496000e-01 1.00019000e+00
9.75988000e+01 9.99166000e-01 -3.06517000e-05 -2.31740000e-04 9.99506000e-01 1.00020000e+00
9.77035000e+01 9.99440000e-01 -2.05224000e-05 -2.29434000e-04 9.99521000e-01 1.00021000e+00
9.78083000e+01 9.99719000e-01 -1.01912000e-05 -2.24642000e-04 9.99541000e-01 1.00021000e+00
9.79130000e+01 1.00000000e+00 2.26204000e-07 -2.17426000e-04 9.99565000e-01 1.00022000e+00
9.80177000e+01 1.00028000e+00 1.06133000e-05 -2.07872000e-04 9.99595000e-01 1.00022000e+00
9.81224000e+01 1.00056000e+00 2.08542000e-05 -1.96094000e-04 9.99629000e-01 1.00022000e+00
9.82271000e+01 1.00083000e+00 3.08354000e-05 -1.82228000e-04 9.99666000e-01 1.00021000e+00
9.83319000e+01 1.00109000e+00 4.04461000e-05 -1.66434000e-04 9.99708000e-01 1.00021000e+00
9.84366000e+01 1.00134000e+00 4.95803000e-05 -1.48889000e-04 9.99752000e-01 1.00020000e+00
9.85413000e+01 1.00157000e+00 5.81374000e-05 -1.29792000e-04 9.99799000e-01 1.00019000e+00
9.86460000e+01 1.00179000e+00 6.60235000e-05 -1.09356000e-04 9.99847000e-01 1.00018000e+00
9.87507000e+01 1.00198000e+00 7.31524000e-05 -8.78086000e-05 9.99898000e-01 1.00016000e+00
9.88554000e+01 1.00215000e+00 7.94466000e-05 -6.53882000e-05 9.99949000e-01 1.00014000e+00
9.89602000e+01 1.00230000e+00 8.48380000e-05 -4.23421000e-05 1.00000000e+00 1.00013000e+00
9.90649000e+01 1.00242000e+00 8.92687000e-05 -1.89235000e-05 1.00005000e+00 1.00011000e+00
9.91696000e+01 1.00251000e+00 9.26917000e-05 4.61150000e-06 1.00010000e+00 1.00009000e+00
9.92743000e+01 1.00258000e+00 9.50710000e-05 2.80063000e-05 1.00015000e+00 1.00007000e+00
9.93790000e+01 1.00261000e+00 9.63828000e-05 5.10069000e-05 1.00020000e+00 1.00005000e+00
9.94838000e+01 1.00262000e+00 9.66147000e-05 7.33643000e-05 1.00024000e+00 1.00002000e+00
9.95885000e+01 1.00260000e+00 9.57667000e-05 9.48378000e-05 1.00029000e+00 1.00000000e+00
9.96932000e+01 1.00254000e+00 9.38506000e-05 1.15197000e-04 1.00032000e+00 9.99979000e-01
9.97979000e+01 1.00246000e+00 9.08902000e-05 1.34224000e-04 1.00036000e+00 9.99957000e-01
9.99026000e+01 1.00235000e+00 8.69208000e-05 1.51717000e-04 1.00039000e+00 9.99935000e-01
1.00007000e+02 1.00222000e+00 8.19890000e-05 1.67492000e-04 1.00042000e+00 9.99914000e-01
1.00112000e+02 1.00206000e+00 7.61518000e-05 1.81384000e-04 1.00044000e+00 9.99895000e-01
1.00217000e+02 1.00188000e+00 6.94764000e-05 1.93247000e-04 1.00046000e+00 9.99876000e-01
1.00322000e+02 1.00168000e+00 6.20391000e-05 2.02962000e-04 1.00047000e+00 9.99859000e-01
1.00426000e+02 1.00146000e+00 5.39248000e-05 2.10430000e-04 1.00047000e+00 9.99843000e-01
1.00531000e+02 1.00122000e+00 4.52256000e-05 2.15579000e-04 1.00048000e+00 9.99830000e-01
1.00636000e+02 1.00097000e+00 3.60399000e-05 2.18361000e-04 1.00047000e+00 9.99818000e-01
1.00740000e+02 1.00071000e+00 2.64716000e-05 2.18756000e-04 1.00046000e+00 9.99808000e-01
1.00845000e+02 1.00045000e+00 1.66285000e-05 2.16768000e-04 1.00045000e+00 9.99800000e-01
1.00950000e+02 1.00018000e+00 6.62128000e-06 2.12428000e-04 1.00043000e+00 9.99794000e-01
1.01055000e+02 9.99903000e-01 -3.43757000e-06 2.05793000e-04 1.00041000e+00 9.99791000e-01
1.01159000e+02 9.99633000e-01 -1.34354000e-05 1.96943000e-04 1.00038000e+00 9.99790000e-01
1.01264000e+02 9.99367000e-01 -2.32603000e-05 1.85984000e-04 1.00035000e+00 9.99791000e-01
1.01369000e+02 9.99110000e-01 -3.28028000e-05 1.73043000e-04 1.00031000e+00 9.99794000e-01
1.01473000e+02 9.98863000e-01 -4.19564000e-05 1.58268000e-04 1.00027000e+00 9.99800000e-01
1.01578000e+02 9.98629000e-01 -5.06195000e-05 1.41826000e-04 1.00023000e+00 9.99808000e-01
1.01683000e+02 9.98411000e-01 -5.86961000e-05 1.23905000e-04 1.00019000e+00 9.99817000e-01
1.01788000e+02 9.98212000e-01 -6.60971000e-05 1.04703000e-04 1.00014000e+00 9.99829000e-01
1.01892000e+02 9.98033000e-01 -7.27411000e-05 8.44343000e-05 1.00010000e+00 9.99843000e-01
1.01997000e+02 9.97876000e-01 -7.85552000e-05 6.33241000e-05 1.00005000e+00 9.99858000e-01
1.02102000e+02 9.97744000e-01 -8.34763000e-05 4.16047000e-05 1.00000000e+00 9.99875000e-01
1.02206000e+02 9.97637000e-01 -8.74514000e-05 1.95147000e-05 9.99952000e-01 9.99893000e-01
1.02311000e+02 9.97556000e-01 -9.04380000e-05 -2.70455000e-06 9.99904000e-01 9.99912000e-01
1.02416000e+02 9.97503000e-01 -9.24050000e-05 -2.48109000e-05 9.99858000e-01 9.99932000e-01
1.02521000e+02 9.97478000e-01 -9.33329000e-05 -4.65647000e-05 9.99814000e-01 9.99953000e-01
1.02625000e+02 9.97481000e-01 -9.32138000e-05 -6.77307000e-05 9.99771000e-01 9.99975000e-01
1.02730000e+02 9.97512000e-01 -9.20514000e-05 -8.80811000e-05 9.99732000e-01 9.99996000e-01
1.02835000e+02 9.97571000e-01 -8.98614000e-05 -1.07398000e-04 9.99695000e-01 1.00002000e+00
1.02940000e+02 9.97657000e-01 -8.66707000e-05 -1.25475000e-04 9.99662000e-01 1.00004000e+00
1.03044000e+02 9.97768000e-01 -8.25175000e-05 -1.42121000e-04 9.99633000e-01 1.00006000e+00
1.03149000e+02 9.97905000e-01 -7.74507000e-05 -1.57160000e-04 9.99608000e-01 1.00008000e+00
1.03254000e+02 9.98064000e-01 -7.15291000e-05 -1.70434000e-04 9.99588000e-01 1.00010000e+00
1.03358000e+02 9.98245000e-01 -6.48211000e-05 -1.81807000e-04 9.99572000e-01 1.00012000e+00
1.03463000e+02 9.98444000e-01 -5.74037000e-05 -1.91160000e-04 9.99560000e-01 1.00013000e+00
1.03568000e+02 9.98661000e-01 -4.93614000e-05 -1.98401000e-04 9.99554000e-01 1.00015000e+00
1.03673000e+02 9.98893000e-01 -4.07858000e-05 -2.03457000e-04 9.99552000e-01 1.00016000e+00
1.03777000e+02 9.99136000e-01 -3.17739000e-05 -2.06283000e-04 9.99556000e-01 1.00017000e+00
1.03882000e+02 9.99389000e-01 -2.24274000e-05 -2.06854000e-04 9.99564000e-01 1.00018000e+00
1.03987000e+02 9.99648000e-01 -1.28515000e-05 -2.05174000e-04 9.99577000e-01 1.00019000e+00
1.04091000e+02 9.99910000e-01 -3.15376000e-06 -2.01269000e-04 9.99594000e-01 1.00020000e+00
1.04196000e+02 1.00017000e+00 6.55735000e-06 -1.95188000e-04 9.99616000e-01 1.00020000e+00
1.04301000e+02 1.00043000e+00 1.61734000e-05 -1.87006000e-04 9.99642000e-01 1.00020000e+00
1.04406000e+02 1.00069000e+00 2.55873000e-05 -1.76819000e-04 9.99672000e-01 1.00020000e+00
1.04510000e+02 1.00094000e+00 3.46945000e-05 -1.64745000e-04 9.99705000e-01 1.00020000e+00
1.04615000e+02 1.00117000e+00 4.33940000e-05 -1.50922000e-04 9.99742000e-01 1.00019000e+00
1.04720000e+02 1.00139000e+00 5.15899000e-05 -1.35506000e-04 9.99781000e-01 1.00019000e+00
1.04824000e+02 1.00160000e+00 5.91918000e-05 -1.18671000e-04 9.99822000e-01 1.00018000e+00
1.04929000e+02 1.00179000e+00 6.61161000e-05 -1.00604000e-04 9.99865000e-01 1.00017000e+00
1.05034000e+02 1.00196000e+00 7.22873000e-05 -8.15065000e-05 9.99909000e-01 1.00015000e+00
1.05139000e+02 1.00210000e+00 7.76380000e-05 -6.15896000e-05 9.99954000e-01 1.00014000e+00
1.05243000e+02 1.00222000e+00 8.21104000e-05 -4.10729000e-05 1.00000000e+00 1.00012000e+00
1.05348000e+02 1.00232000e+00 8.56563000e-05 -2.01817000e-05 1.00005000e+00 1.00011000e+00
1.05453000e+02 1.00239000e+00 8.82381000e-05 8.55393000e-07 1.00009000e+00 1.00009000e+00
1.05558000e+02 1.00244000e+00 8.98290000e-05 2.18091000e-05 1.00013000e+00 1.00007000e+00
1.05662000e+02 1.00245000e+00 9.04132000e-05 4.24515000e-05 1.00018000e+00 1.00005000e+00
1.05767000e+02 1.00244000e+00 8.99861000e-05 6.25593000e-05 1.00022000e+00 1.00003000e+00
1.05872000e+02 1.00240000e+00 8.85545000e-05 8.19154000e-05 1.00025000e+00 1.00001000e+00
1.05976000e+02 1.00233000e+00 8.61362000e-05 1.00312000e-04 1.00029000e+00 9.99986000e-01
1.06081000e+02 1.00224000e+00 8.27602000e-05 1.17552000e-04 1.00032000e+00 9.99965000e-01
1.06186000e+02 1.00213000e+00 7.84657000e-05 1.33452000e-04 1.00035000e+00 9.99945000e-01
1.06291000e+02 1.00199000e+00 7.33026000e-05 1.47843000e-04 1.00037000e+00 9.99925000e-01
1.06395000e+02 1.00182000e+00 6.73300000e-05 1.60575000e-04 1.00039000e+00 9.99907000e-01
1.06500000e+02 1.00164000e+00 6.06161000e-05 1.71514000e-04 1.00040000e+00 9.99889000e-01
1.06605000e+02 1.00144000e+00 5.32373000e-05 1.80548000e-04 1.00041000e+00 9.99873000e-01
1.06709000e+02 1.00122000e+00 4.52773000e-05 1.87586000e-04 1.00042000e+00 9.99858000e-01
1.06814000e+02 1.00100000e+00 3.68259000e-05 1.92557000e-04 1.00042000e+00 9.99844000e-01
1.06919000e+02 1.00076000e+00 2.79788000e-05 1.95415000e-04 1.00042000e+00 9.99833000e-01
1.07024000e+02 1.00051000e+00 1.88353000e-05 1.96136000e-04 1.00041000e+00 9.99823000e-01
1.07128000e+02 1.00025000e+00 9.49851000e-06 1.94721000e-04 1.00040000e+00 9.99815000e-01
1.07233000e+02 1.00000000e+00 7.30946000e-08 1.91192000e-04 1.00038000e+00 9.99809000e-01
