# k S000 S110 S112 S10 S11
1.04720e-01  1.98647e-01  1.42837e+00  -1.18344e+00  6.14909e-02  3.61181e+00
2.09440e-01  1.99128e-01  1.40915e+00  -1.17375e+00  6.16446e-02  3.58290e+00
3.14159e-01  1.99931e-01  1.37787e+00  -1.15798e+00  6.19019e-02  3.53585e+00
4.18879e-01  2.01061e-01  1.33561e+00  -1.13667e+00  6.22642e-02  3.47229e+00
5.23599e-01  2.02525e-01  1.28376e+00  -1.11051e+00  6.27337e-02  3.39428e+00
6.28319e-01  2.04329e-01  1.22389e+00  -1.08029e+00  6.33131e-02  3.30419e+00
7.33038e-01  2.06483e-01  1.15768e+00  -1.04684e+00  6.40059e-02  3.20451e+00
8.37758e-01  2.08998e-01  1.08678e+00  -1.01098e+00  6.48163e-02  3.09776e+00
9.42478e-01  2.11887e-01  1.01277e+00  -9.73509e-01  6.57493e-02  2.98628e+00
1.04720e+00  2.15166e-01  9.37087e-01  -9.35138e-01  6.68106e-02  2.87223e+00
1.15192e+00  2.18853e-01  8.60988e-01  -8.96490e-01  6.80069e-02  2.75748e+00
1.25664e+00  2.22966e-01  7.85526e-01  -8.58090e-01  6.93459e-02  2.64362e+00
1.36136e+00  2.27529e-01  7.11562e-01  -8.20363e-01  7.08363e-02  2.53192e+00
1.46608e+00  2.32567e-01  6.39767e-01  -7.83640e-01  7.24881e-02  2.42341e+00
1.57080e+00  2.38107e-01  5.70646e-01  -7.48167e-01  7.43124e-02  2.31881e+00
1.67552e+00  2.44180e-01  5.04556e-01  -7.14117e-01  7.63221e-02  2.21867e+00
1.78024e+00  2.50820e-01  4.41730e-01  -6.81599e-01  7.85313e-02  2.12333e+00
1.88496e+00  2.58066e-01  3.82302e-01  -6.50673e-01  8.09564e-02  2.03297e+00
1.98968e+00  2.65957e-01  3.26324e-01  -6.21354e-01  8.36156e-02  1.94768e+00
2.09440e+00  2.74541e-01  2.73788e-01  -5.93629e-01  8.65293e-02  1.86742e+00
2.19911e+00  2.83866e-01  2.24637e-01  -5.67458e-01  8.97210e-02  1.79209e+00
2.30383e+00  2.93987e-01  1.78783e-01  -5.42783e-01  9.32167e-02  1.72157e+00
2.40855e+00  3.04961e-01  1.36115e-01  -5.19534e-01  9.70462e-02  1.65565e+00
2.51327e+00  3.16853e-01  9.65063e-02  -4.97632e-01  1.01243e-01  1.59414e+00
2.61799e+00  3.29732e-01  5.98254e-02  -4.76990e-01  1.05845e-01  1.53682e+00
2.72271e+00  3.43670e-01  2.59370e-02  -4.57520e-01  1.10896e-01  1.48346e+00
2.82743e+00  3.58746e-01  -5.29184e-03  -4.39132e-01  1.16445e-01  1.43384e+00
2.93215e+00  3.75044e-01  -3.39893e-02  -4.21732e-01  1.22547e-01  1.38774e+00
3.03687e+00  3.92649e-01  -6.02760e-02  -4.05228e-01  1.29267e-01  1.34495e+00
3.14159e+00  4.11653e-01  -8.42638e-02  -3.89529e-01  1.36678e-01  1.30527e+00
3.24631e+00  4.32149e-01  -1.06054e-01  -3.74541e-01  1.44863e-01  1.26849e+00
3.35103e+00  4.54229e-01  -1.25737e-01  -3.60172e-01  1.53919e-01  1.23444e+00
3.45575e+00  4.77985e-01  -1.43391e-01  -3.46327e-01  1.63955e-01  1.20294e+00
3.56047e+00  5.03504e-01  -1.59080e-01  -3.32911e-01  1.75099e-01  1.17383e+00
3.66519e+00  5.30864e-01  -1.72855e-01  -3.19824e-01  1.87497e-01  1.14697e+00
3.76991e+00  5.60130e-01  -1.84754e-01  -3.06964e-01  2.01318e-01  1.12221e+00
3.87463e+00  5.91347e-01  -1.94798e-01  -2.94222e-01  2.16758e-01  1.09942e+00
3.97935e+00  6.24536e-01  -2.02990e-01  -2.81484e-01  2.34043e-01  1.07849e+00
4.08407e+00  6.59681e-01  -2.09318e-01  -2.68624e-01  2.53433e-01  1.05931e+00
4.18879e+00  6.96723e-01  -2.13751e-01  -2.55509e-01  2.75230e-01  1.04176e+00
4.29351e+00  7.35548e-01  -2.16234e-01  -2.41991e-01  2.99783e-01  1.02576e+00
4.39823e+00  7.75980e-01  -2.16695e-01  -2.27907e-01  3.27490e-01  1.01121e+00
4.50295e+00  8.17768e-01  -2.15035e-01  -2.13078e-01  3.58809e-01  9.98043e-01
4.60767e+00  8.60579e-01  -2.11131e-01  -1.97306e-01  3.94257e-01  9.86175e-01
4.71239e+00  9.03994e-01  -2.04837e-01  -1.80374e-01  4.34415e-01  9.75537e-01
4.81711e+00  9.47510e-01  -1.95982e-01  -1.62047e-01  4.79924e-01  9.66064e-01
4.92183e+00  9.90540e-01  -1.84379e-01  -1.42075e-01  5.31472e-01  9.57696e-01
5.02655e+00  1.03243e+00  -1.69827e-01  -1.20202e-01  5.89770e-01  9.50375e-01
5.13127e+00  1.07250e+00  -1.52131e-01  -9.61787e-02  6.55512e-01  9.44048e-01
5.23599e+00  1.11001e+00  -1.31123e-01  -6.97888e-02  7.29299e-01  9.38665e-01
5.34071e+00  1.14430e+00  -1.06702e-01  -4.08816e-02  8.11534e-01  9.34179e-01
5.44543e+00  1.17472e+00  -7.88797e-02  -9.42425e-03  9.02272e-01  9.30545e-01
5.55015e+00  1.20073e+00  -4.78491e-02  2.44328e-02  1.00102e+00  9.27718e-01
5.65487e+00  1.22194e+00  -1.40626e-02  6.02789e-02  1.10650e+00  9.25659e-01
5.75959e+00  1.23810e+00  2.16934e-02  9.73678e-02  1.21643e+00  9.24326e-01
5.86431e+00  1.24911e+00  5.82466e-02  1.34566e-01  1.32738e+00  9.23680e-01
5.96903e+00  1.25507e+00  9.40450e-02  1.70361e-01  1.43477e+00  9.23684e-01
6.07375e+00  1.25620e+00  1.27253e-01  2.02954e-01  1.53316e+00  9.24299e-01
6.17847e+00  1.25287e+00  1.55956e-01  2.30468e-01  1.61689e+00  9.25488e-01
6.28319e+00  1.24555e+00  1.78441e-01  2.51228e-01  1.68090e+00  9.27213e-01
6.38791e+00  1.23477e+00  1.93499e-01  2.64061e-01  1.72162e+00  9.29437e-01
6.49262e+00  1.22109e+00  2.00631e-01  2.68509e-01  1.73765e+00  9.32122e-01
6.59734e+00  1.20508e+00  2.00112e-01  2.64883e-01  1.72988e+00  9.35230e-01
6.70206e+00  1.18731e+00  1.92875e-01  2.54154e-01  1.70118e+00  9.38721e-01
6.80678e+00  1.16827e+00  1.80276e-01  2.37720e-01  1.65572e+00  9.42556e-01
6.91150e+00  1.14846e+00  1.63840e-01  2.17145e-01  1.59813e+00  9.46694e-01
7.01622e+00  1.12827e+00  1.45032e-01  1.93935e-01  1.53290e+00  9.51096e-01
7.12094e+00  1.10806e+00  1.25116e-01  1.69396e-01  1.46391e+00  9.55720e-01
7.22566e+00  1.08814e+00  1.05089e-01  1.44566e-01  1.39422e+00  9.60523e-01
7.33038e+00  1.06876e+00  8.56781e-02  1.20215e-01  1.32611e+00  9.65463e-01
7.43510e+00  1.05010e+00  6.73691e-02  9.68718e-02  1.26111e+00  9.70497e-01
7.53982e+00  1.03234e+00  5.04539e-02  7.48706e-02  1.20020e+00  9.75583e-01
7.64454e+00  1.01559e+00  3.50775e-02  5.43994e-02  1.14388e+00  9.80678e-01
7.74926e+00  9.99933e-01  2.12807e-02  3.55411e-02  1.09236e+00  9.85740e-01
7.85398e+00  9.85436e-01  9.03393e-03  1.83075e-02  1.04565e+00  9.90726e-01
7.95870e+00  9.72138e-01  -1.73705e-03  2.66476e-03  1.00359e+00  9.95598e-01
8.06342e+00  9.60063e-01  -1.11319e-02  -1.14479e-02  9.65972e-01  1.00032e+00
8.16814e+00  9.49217e-01  -1.92626e-02  -2.41055e-02  9.32526e-01  1.00484e+00
8.27286e+00  9.39598e-01  -2.62447e-02  -3.53886e-02  9.02978e-01  1.00914e+00
8.37758e+00  9.31195e-01  -3.21912e-02  -4.53781e-02  8.77053e-01  1.01319e+00
8.48230e+00  9.23988e-01  -3.72090e-02  -5.41515e-02  8.54488e-01  1.01694e+00
8.58702e+00  9.17953e-01  -4.13966e-02  -6.17813e-02  8.35041e-01  1.02038e+00
8.69174e+00  9.13061e-01  -4.48433e-02  -6.83342e-02  8.18488e-01  1.02349e+00
8.79646e+00  9.09282e-01  -4.76282e-02  -7.38706e-02  8.04630e-01  1.02624e+00
8.90118e+00  9.06579e-01  -4.98207e-02  -7.84452e-02  7.93289e-01  1.02862e+00
9.00590e+00  9.04917e-01  -5.14806e-02  -8.21070e-02  7.84305e-01  1.03063e+00
9.11062e+00  9.04256e-01  -5.26582e-02  -8.49001e-02  7.77542e-01  1.03224e+00
9.21534e+00  9.04554e-01  -5.33956e-02  -8.68642e-02  7.72876e-01  1.03347e+00
9.32006e+00  9.05768e-01  -5.37268e-02  -8.80352e-02  7.70203e-01  1.03431e+00
9.42478e+00  9.07853e-01  -5.36788e-02  -8.84459e-02  7.69429e-01  1.03477e+00
9.52950e+00  9.10761e-01  -5.32719e-02  -8.81266e-02  7.70475e-01  1.03485e+00
9.63422e+00  9.14441e-01  -5.25213e-02  -8.71056e-02  7.73268e-01  1.03458e+00
9.73894e+00  9.18840e-01  -5.14372e-02  -8.54098e-02  7.77743e-01  1.03397e+00
9.84366e+00  9.23901e-01  -5.00261e-02  -8.30653e-02  7.83843e-01  1.03304e+00
9.94838e+00  9.29564e-01  -4.82919e-02  -8.00982e-02  7.91512e-01  1.03181e+00
1.00531e+01  9.35766e-01  -4.62363e-02  -7.65348e-02  8.00694e-01  1.03030e+00
1.01578e+01  9.42440e-01  -4.38605e-02  -7.24025e-02  8.11334e-01  1.02854e+00
1.02625e+01  9.49516e-01  -4.11658e-02  -6.77304e-02  8.23373e-01  1.02656e+00
1.03673e+01  9.56920e-01  -3.81549e-02  -6.25499e-02  8.36745e-01  1.02440e+00
1.04720e+01  9.64575e-01  -3.48330e-02  -5.68958e-02  8.51375e-01  1.02206e+00
1.05767e+01  9.72401e-01  -3.12088e-02  -5.08064e-02  8.67178e-01  1.01960e+00
1.06814e+01  9.80314e-01  -2.72955e-02  -4.43247e-02  8.84055e-01  1.01703e+00
1.07861e+01  9.88232e-01  -2.31123e-02  -3.74993e-02  9.01889e-01  1.01439e+00
1.08909e+01  9.96070e-01  -1.86846e-02  -3.03842e-02  9.20547e-01  1.01170e+00
1.09956e+01  1.00374e+00  -1.40453e-02  -2.30403e-02  9.39874e-01  1.00900e+00
1.11003e+01  1.01117e+00  -9.23516e-03  -1.55350e-02  9.59695e-01  1.00630e+00
1.12050e+01  1.01826e+00  -4.30314e-03  -7.94249e-03  9.79812e-01  1.00364e+00
1.13097e+01  1.02495e+00  6.93903e-04  -3.43602e-04  1.00001e+00  1.00104e+00
1.14145e+01  1.03115e+00  5.69159e-03  7.17501e-03  1.02004e+00  9.98517e-01
1.15192e+01  1.03681e+00  1.06191e-02  1.45219e-02  1.03966e+00  9.96097e-01
1.16239e+01  1.04187e+00  1.54005e-02  2.16026e-02  1.05861e+00  9.93798e-01
1.17286e+01  1.04628e+00  1.99572e-02  2.83213e-02  1.07660e+00  9.91636e-01
1.18333e+01  1.05000e+00  2.42098e-02  3.45837e-02  1.09338e+00  9.89626e-01
1.19381e+01  1.05299e+00  2.80813e-02  4.02997e-02  1.10868e+00  9.87782e-01
1.20428e+01  1.05525e+00  3.14999e-02  4.53863e-02  1.12227e+00  9.86114e-01
1.21475e+01  1.05675e+00  3.44020e-02  4.97707e-02  1.13394e+00  9.84631e-01
1.22522e+01  1.05752e+00  3.67353e-02  5.33928e-02  1.14352e+00  9.83342e-01
1.23569e+01  1.05756e+00  3.84604e-02  5.62081e-02  1.15088e+00  9.82252e-01
1.24617e+01  1.05689e+00  3.95533e-02  5.81886e-02  1.15593e+00  9.81365e-01
1.25664e+01  1.05556e+00  4.00061e-02  5.93245e-02  1.15866e+00  9.80682e-01
1.26711e+01  1.05360e+00  3.98271e-02  5.96237e-02  1.15907e+00  9.80203e-01
1.27758e+01  1.05106e+00  3.90401e-02  5.91115e-02  1.15726e+00  9.79929e-01
1.28805e+01  1.04800e+00  3.76832e-02  5.78291e-02  1.15334e+00  9.79854e-01
1.29852e+01  1.04448e+00  3.58065e-02  5.58312e-02  1.14747e+00  9.79975e-01
1.30900e+01  1.04056e+00  3.34699e-02  5.31837e-02  1.13984e+00  9.80286e-01
1.31947e+01  1.03631e+00  3.07401e-02  4.99607e-02  1.13066e+00  9.80779e-01
1.32994e+01  1.03179e+00  2.76878e-02  4.62420e-02  1.12017e+00  9.81446e-01
1.34041e+01  1.02707e+00  2.43855e-02  4.21098e-02  1.10861e+00  9.82276e-01
1.35088e+01  1.02222e+00  2.09046e-02  3.76471e-02  1.09620e+00  9.83258e-01
1.36136e+01  1.01729e+00  1.73138e-02  3.29348e-02  1.08318e+00  9.84379e-01
1.37183e+01  1.01235e+00  1.36773e-02  2.80503e-02  1.06978e+00  9.85627e-01
1.38230e+01  1.00746e+00  1.00537e-02  2.30665e-02  1.05619e+00  9.86987e-01
1.39277e+01  1.00266e+00  6.49517e-03  1.80507e-02  1.04260e+00  9.88445e-01
1.40324e+01  9.98000e-01  3.04725e-03  1.30638e-02  1.02917e+00  9.89983e-01
1.41372e+01  9.93534e-01  -2.51452e-04  8.16059e-03  1.01607e+00  9.91588e-01
1.42419e+01  9.89297e-01  -3.36899e-03  3.38959e-03  1.00341e+00  9.93241e-01
1.43466e+01  9.85324e-01  -6.27976e-03  -1.20689e-03  9.91306e-01  9.94927e-01
1.44513e+01  9.81647e-01  -8.96405e-03  -5.59229e-03  9.79851e-01  9.96628e-01
1.45560e+01  9.78292e-01  -1.14074e-02  -9.73537e-03  9.69122e-01  9.98328e-01
1.46608e+01  9.75280e-01  -1.36002e-02  -1.36098e-02  9.59180e-01  1.00001e+00
1.47655e+01  9.72629e-01  -1.55366e-02  -1.71938e-02  9.50076e-01  1.00166e+00
1.48702e+01  9.70354e-01  -1.72146e-02  -2.04694e-02  9.41847e-01  1.00325e+00
1.49749e+01  9.68464e-01  -1.86348e-02  -2.34223e-02  9.34521e-01  1.00479e+00
1.50796e+01  9.66965e-01  -1.98004e-02  -2.60414e-02  9.28117e-01  1.00624e+00
1.51844e+01  9.65860e-01  -2.07163e-02  -2.83185e-02  9.22647e-01  1.00760e+00
1.52891e+01  9.65147e-01  -2.13891e-02  -3.02480e-02  9.18115e-01  1.00886e+00
1.53938e+01  9.64822e-01  -2.18263e-02  -3.18264e-02  9.14521e-01  1.01000e+00
1.54985e+01  9.64878e-01  -2.20364e-02  -3.30527e-02  9.11858e-01  1.01102e+00
1.56032e+01  9.65305e-01  -2.20283e-02  -3.39277e-02  9.10116e-01  1.01190e+00
1.57080e+01  9.66088e-01  -2.18116e-02  -3.44542e-02  9.09280e-01  1.01264e+00
1.58127e+01  9.67212e-01  -2.13960e-02  -3.46369e-02  9.09330e-01  1.01324e+00
1.59174e+01  9.68657e-01  -2.07913e-02  -3.44823e-02  9.10244e-01  1.01369e+00
1.60221e+01  9.70404e-01  -2.00078e-02  -3.39986e-02  9.11995e-01  1.01399e+00
1.61268e+01  9.72427e-01  -1.90557e-02  -3.31958e-02  9.14553e-01  1.01414e+00
1.62316e+01  9.74701e-01  -1.79456e-02  -3.20861e-02  9.17882e-01  1.01414e+00
1.63363e+01  9.77199e-01  -1.66885e-02  -3.06831e-02  9.21945e-01  1.01399e+00
1.64410e+01  9.79891e-01  -1.52956e-02  -2.90027e-02  9.26699e-01  1.01371e+00
1.65457e+01  9.82745e-01  -1.37789e-02  -2.70627e-02  9.32096e-01  1.01328e+00
1.66504e+01  9.85729e-01  -1.21511e-02  -2.48827e-02  9.38083e-01  1.01273e+00
1.67552e+01  9.88809e-01  -1.04255e-02  -2.24847e-02  9.44605e-01  1.01206e+00
1.68599e+01  9.91952e-01  -8.61649e-03  -1.98924e-02  9.51599e-01  1.01128e+00
1.69646e+01  9.95121e-01  -6.73958e-03  -1.71317e-02  9.58997e-01  1.01039e+00
1.70693e+01  9.98283e-01  -4.81128e-03  -1.42304e-02  9.66728e-01  1.00942e+00
1.71740e+01  1.00140e+00  -2.84928e-03  -1.12181e-02  9.74715e-01  1.00837e+00
1.72788e+01  1.00445e+00  -8.72395e-04  -8.12589e-03  9.82876e-01  1.00725e+00
1.73835e+01  1.00738e+00  1.09950e-03  -4.98654e-03  9.91126e-01  1.00609e+00
1.74882e+01  1.01017e+00  3.04563e-03  -1.83382e-03  9.99378e-01  1.00488e+00
1.75929e+01  1.01279e+00  4.94452e-03  1.29770e-03  1.00754e+00  1.00365e+00
1.76976e+01  1.01522e+00  6.77427e-03  4.37306e-03  1.01552e+00  1.00240e+00
1.78024e+01  1.01742e+00  8.51288e-03  7.35741e-03  1.02323e+00  1.00116e+00
1.79071e+01  1.01938e+00  1.01387e-02  1.02165e-02  1.03057e+00  9.99922e-01
1.80118e+01  1.02107e+00  1.16308e-02  1.29174e-02  1.03747e+00  9.98713e-01
1.81165e+01  1.02249e+00  1.29694e-02  1.54286e-02  1.04383e+00  9.97541e-01
1.82212e+01  1.02362e+00  1.41367e-02  1.77214e-02  1.04958e+00  9.96415e-01
1.83260e+01  1.02445e+00  1.51168e-02  1.97695e-02  1.05466e+00  9.95347e-01
1.84307e+01  1.02498e+00  1.58966e-02  2.15506e-02  1.05900e+00  9.94346e-01
1.85354e+01  1.02521e+00  1.64660e-02  2.30457e-02  1.06256e+00  9.93420e-01
1.86401e+01  1.02514e+00  1.68182e-02  2.42405e-02  1.06530e+00  9.92578e-01
1.87448e+01  1.02478e+00  1.69503e-02  2.51251e-02  1.06720e+00  9.91825e-01
1.88496e+01  1.02414e+00  1.68626e-02  2.56942e-02  1.06825e+00  9.91168e-01
1.89543e+01  1.02324e+00  1.65594e-02  2.59474e-02  1.06845e+00  9.90612e-01
1.90590e+01  1.02210e+00  1.60487e-02  2.58888e-02  1.06783e+00  9.90160e-01
1.91637e+01  1.02072e+00  1.53417e-02  2.55271e-02  1.06640e+00  9.89815e-01
1.92684e+01  1.01914e+00  1.44528e-02  2.48750e-02  1.06420e+00  9.89578e-01
1.93732e+01  1.01738e+00  1.33991e-02  2.39491e-02  1.06130e+00  9.89450e-01
1.94779e+01  1.01546e+00  1.21998e-02  2.27690e-02  1.05774e+00  9.89431e-01
1.95826e+01  1.01342e+00  1.08761e-02  2.13574e-02  1.05359e+00  9.89519e-01
1.96873e+01  1.01126e+00  9.45028e-03  1.97389e-02  1.04893e+00  9.89711e-01
1.97920e+01  1.00904e+00  7.94525e-03  1.79400e-02  1.04383e+00  9.90005e-01
1.98968e+01  1.00676e+00  6.38424e-03  1.59882e-02  1.03836e+00  9.90396e-01
2.00015e+01  1.00447e+00  4.79021e-03  1.39116e-02  1.03261e+00  9.90879e-01
2.01062e+01  1.00218e+00  3.18541e-03  1.17385e-02  1.02666e+00  9.91447e-01
2.02109e+01  9.99914e-01  1.59110e-03  9.49692e-03  1.02058e+00  9.92094e-01
2.03156e+01  9.97706e-01  2.71648e-05  7.21412e-03  1.01446e+00  9.92813e-01
2.04204e+01  9.95576e-01  -1.48806e-03  4.91650e-03  1.00834e+00  9.93595e-01
2.05251e+01  9.93543e-01  -2.93797e-03  2.62927e-03  1.00232e+00  9.94433e-01
2.06298e+01  9.91628e-01  -4.30787e-03  3.76182e-04  9.96444e-01  9.95316e-01
2.07345e+01  9.89848e-01  -5.58492e-03  -1.82052e-03  9.90774e-01  9.96236e-01
2.08392e+01  9.88219e-01  -6.75828e-03  -3.94026e-03  9.85361e-01  9.97182e-01
2.09440e+01  9.86754e-01  -7.81897e-03  -5.96418e-03  9.80253e-01  9.98145e-01
2.10487e+01  9.85465e-01  -8.75988e-03  -7.87519e-03  9.75490e-01  9.99115e-01
2.11534e+01  9.84362e-01  -9.57567e-03  -9.65796e-03  9.71108e-01  1.00008e+00
2.12581e+01  9.83451e-01  -1.02626e-02  -1.12989e-02  9.67140e-01  1.00104e+00
2.13628e+01  9.82739e-01  -1.08187e-02  -1.27863e-02  9.63609e-01  1.00197e+00
2.14675e+01  9.82228e-01  -1.12430e-02  -1.41099e-02  9.60537e-01  1.00287e+00
2.15723e+01  9.81920e-01  -1.15362e-02  -1.52614e-02  9.57941e-01  1.00373e+00
2.16770e+01  9.81814e-01  -1.16999e-02  -1.62340e-02  9.55832e-01  1.00453e+00
2.17817e+01  9.81907e-01  -1.17370e-02  -1.70227e-02  9.54218e-01  1.00529e+00
2.18864e+01  9.82195e-01  -1.16511e-02  -1.76238e-02  9.53101e-01  1.00597e+00
2.19911e+01  9.82671e-01  -1.14467e-02  -1.80355e-02  9.52482e-01  1.00659e+00
2.20959e+01  9.83326e-01  -1.11291e-02  -1.82573e-02  9.52356e-01  1.00713e+00
2.22006e+01  9.84152e-01  -1.07042e-02  -1.82903e-02  9.52715e-01  1.00759e+00
2.23053e+01  9.85136e-01  -1.01784e-02  -1.81371e-02  9.53547e-01  1.00796e+00
2.24100e+01  9.86266e-01  -9.55877e-03  -1.78018e-02  9.54838e-01  1.00824e+00
2.25147e+01  9.87527e-01  -8.85282e-03  -1.72900e-02  9.56567e-01  1.00844e+00
2.26195e+01  9.88905e-01  -8.06851e-03  -1.66087e-02  9.58714e-01  1.00854e+00
2.27242e+01  9.90383e-01  -7.21420e-03  -1.57662e-02  9.61253e-01  1.00855e+00
2.28289e+01  9.91943e-01  -6.29868e-03  -1.47724e-02  9.64157e-01  1.00847e+00
2.29336e+01  9.93568e-01  -5.33112e-03  -1.36383e-02  9.67392e-01  1.00831e+00
2.30383e+01  9.95240e-01  -4.32105e-03  -1.23765e-02  9.70926e-01  1.00806e+00
2.31431e+01  9.96938e-01  -3.27835e-03  -1.10005e-02  9.74721e-01  1.00772e+00
2.32478e+01  9.98646e-01  -2.21320e-03  -9.52518e-03  9.78736e-01  1.00731e+00
2.33525e+01  1.00034e+00  -1.13608e-03  -7.96630e-03  9.82931e-01  1.00683e+00
2.34572e+01  1.00201e+00  -5.76771e-05  -6.34061e-03  9.87261e-01  1.00628e+00
2.35619e+01  1.00363e+00  1.01113e-03  -4.66564e-03  9.91680e-01  1.00568e+00
2.36667e+01  1.00518e+00  2.05938e-03  -2.95951e-03  9.96140e-01  1.00502e+00
2.37714e+01  1.00666e+00  3.07612e-03  -1.24081e-03  1.00059e+00  1.00432e+00
2.38761e+01  1.00803e+00  4.05048e-03  4.71656e-04  1.00499e+00  1.00358e+00
2.39808e+01  1.00930e+00  4.97185e-03  2.15904e-03  1.00929e+00  1.00281e+00
2.40855e+01  1.01044e+00  5.82999e-03  3.80272e-03  1.01344e+00  1.00203e+00
2.41903e+01  1.01144e+00  6.61516e-03  5.38451e-03  1.01738e+00  1.00123e+00
2.42950e+01  1.01230e+00  7.31833e-03  6.88695e-03  1.02109e+00  1.00043e+00
2.43997e+01  1.01300e+00  7.93130e-03  8.29351e-03  1.02452e+00  9.99638e-01
2.45044e+01  1.01355e+00  8.44687e-03  9.58884e-03  1.02762e+00  9.98858e-01
2.46091e+01  1.01393e+00  8.85900e-03  1.07590e-02  1.03038e+00  9.98100e-01
2.47139e+01  1.01415e+00  9.16293e-03  1.17918e-02  1.03275e+00  9.97371e-01
2.48186e+01  1.01421e+00  9.35531e-03  1.26767e-02  1.03471e+00  9.96679e-01
2.49233e+01  1.01410e+00  9.43429e-03  1.34052e-02  1.03624e+00  9.96029e-01
2.50280e+01  1.01383e+00  9.39957e-03  1.39709e-02  1.03734e+00  9.95429e-01
2.51327e+01  1.01341e+00  9.25246e-03  1.43696e-02  1.03799e+00  9.94883e-01
2.52375e+01  1.01284e+00  8.99584e-03  1.45992e-02  1.03819e+00  9.94397e-01
2.53422e+01  1.01214e+00  8.63414e-03  1.46600e-02  1.03795e+00  9.93974e-01
2.54469e+01  1.01132e+00  8.17326e-03  1.45543e-02  1.03728e+00  9.93619e-01
2.55516e+01  1.01038e+00  7.62045e-03  1.42865e-02  1.03619e+00  9.93334e-01
2.56563e+01  1.00933e+00  6.98420e-03  1.38629e-02  1.03471e+00  9.93121e-01
2.57611e+01  1.00820e+00  6.27403e-03  1.32918e-02  1.03286e+00  9.92982e-01
2.58658e+01  1.00700e+00  5.50035e-03  1.25830e-02  1.03067e+00  9.92917e-01
2.59705e+01  1.00574e+00  4.67426e-03  1.17475e-02  1.02817e+00  9.92927e-01
2.60752e+01  1.00444e+00  3.80731e-03  1.07980e-02  1.02540e+00  9.93009e-01
2.61799e+01  1.00311e+00  2.91132e-03  9.74768e-03  1.02241e+00  9.93164e-01
2.62847e+01  1.00177e+00  1.99819e-03  8.61081e-03  1.01922e+00  9.93387e-01
2.63894e+01  1.00044e+00  1.07969e-03  7.40208e-03  1.01588e+00  9.93678e-01
2.64941e+01  9.99118e-01  1.67269e-04  6.13654e-03  1.01244e+00  9.94031e-01
2.65988e+01  9.97832e-01  -7.28076e-04  4.82937e-03  1.00893e+00  9.94443e-01
2.67035e+01  9.96592e-01  -1.59597e-03  3.49569e-03  1.00540e+00  9.94908e-01
2.68083e+01  9.95411e-01  -2.42675e-03  2.15041e-03  1.00187e+00  9.95423e-01
2.69130e+01  9.94300e-01  -3.21159e-03  8.08057e-04  9.98405e-01  9.95980e-01
2.70177e+01  9.93271e-01  -3.94260e-03  -5.17332e-04  9.95023e-01  9.96575e-01
2.71224e+01  9.92333e-01  -4.61279e-03  -1.81236e-03  9.91762e-01  9.97200e-01
2.72271e+01  9.91494e-01  -5.21622e-03  -3.06433e-03  9.88655e-01  9.97848e-01
2.73319e+01  9.90763e-01  -5.74793e-03  -4.26138e-03  9.85729e-01  9.98513e-01
2.74366e+01  9.90144e-01  -6.20399e-03  -5.39250e-03  9.83011e-01  9.99189e-01
2.75413e+01  9.89643e-01  -6.58144e-03  -6.44762e-03  9.80523e-01  9.99866e-01
2.76460e+01  9.89264e-01  -6.87831e-03  -7.41765e-03  9.78286e-01  1.00054e+00
2.77507e+01  9.89008e-01  -7.09355e-03  -8.29450e-03  9.76317e-01  1.00120e+00
2.78555e+01  9.88876e-01  -7.22700e-03  -9.07115e-03  9.74631e-01  1.00184e+00
2.79602e+01  9.88868e-01  -7.27932e-03  -9.74161e-03  9.73237e-01  1.00246e+00
2.80649e+01  9.88982e-01  -7.25196e-03  -1.03010e-02  9.72146e-01  1.00305e+00
2.81696e+01  9.89215e-01  -7.14710e-03  -1.07455e-02  9.71362e-01  1.00360e+00
2.82743e+01  9.89563e-01  -6.96757e-03  -1.10725e-02  9.70887e-01  1.00410e+00
2.83791e+01  9.90022e-01  -6.71681e-03  -1.12802e-02  9.70723e-01  1.00456e+00
2.84838e+01  9.90583e-01  -6.39881e-03  -1.13683e-02  9.70865e-01  1.00497e+00
2.85885e+01  9.91241e-01  -6.01807e-03  -1.13372e-02  9.71307e-01  1.00532e+00
2.86932e+01  9.91986e-01  -5.57952e-03  -1.11887e-02  9.72043e-01  1.00561e+00
2.87979e+01  9.92810e-01  -5.08851e-03  -1.09255e-02  9.73060e-01  1.00584e+00
2.89027e+01  9.93704e-01  -4.55072e-03  -1.05514e-02  9.74347e-01  1.00600e+00
2.90074e+01  9.94655e-01  -3.97217e-03  -1.00711e-02  9.75886e-01  1.00610e+00
2.91121e+01  9.95654e-01  -3.35912e-03  -9.49041e-03  9.77660e-01  1.00613e+00
2.92168e+01  9.96688e-01  -2.71809e-03  -8.81615e-03  9.79650e-01  1.00610e+00
2.93215e+01  9.97747e-01  -2.05575e-03  -8.05590e-03  9.81832e-01  1.00600e+00
2.94263e+01  9.98818e-01  -1.37896e-03  -7.21815e-03  9.84185e-01  1.00584e+00
2.95310e+01  9.99889e-01  -6.94662e-04  -6.31215e-03  9.86681e-01  1.00562e+00
2.96357e+01  1.00095e+00  -9.85463e-06  -5.34784e-03  9.89294e-01  1.00534e+00
2.97404e+01  1.00198e+00  6.68441e-04  -4.33578e-03  9.91997e-01  1.00500e+00
2.98451e+01  1.00299e+00  1.33325e-03  -3.28703e-03  9.94759e-01  1.00462e+00
2.99498e+01  1.00394e+00  1.97769e-03  -2.21305e-03  9.97552e-01  1.00419e+00
3.00546e+01  1.00484e+00  2.59505e-03  -1.12560e-03  1.00034e+00  1.00372e+00
3.01593e+01  1.00568e+00  3.17882e-03  -3.65717e-05  1.00311e+00  1.00322e+00
3.02640e+01  1.00644e+00  3.72281e-03  1.04210e-03  1.00581e+00  1.00268e+00
3.03687e+01  1.00711e+00  4.22119e-03  2.09862e-03  1.00842e+00  1.00212e+00
3.04734e+01  1.00770e+00  4.66856e-03  3.12143e-03  1.01091e+00  1.00155e+00
3.05782e+01  1.00820e+00  5.06005e-03  4.09939e-03  1.01326e+00  1.00096e+00
3.06829e+01  1.00860e+00  5.39138e-03  5.02191e-03  1.01544e+00  1.00037e+00
3.07876e+01  1.00889e+00  5.65893e-03  5.87908e-03  1.01742e+00  9.99780e-01
3.08923e+01  1.00908e+00  5.85979e-03  6.66180e-03  1.01918e+00  9.99198e-01
3.09970e+01  1.00917e+00  5.99186e-03  7.36190e-03  1.02072e+00  9.98630e-01
3.11018e+01  1.00915e+00  6.05386e-03  7.97227e-03  1.02200e+00  9.98082e-01
3.12065e+01  1.00903e+00  6.04535e-03  8.48693e-03  1.02302e+00  9.97558e-01
3.13112e+01  1.00881e+00  5.96681e-03  8.90109e-03  1.02377e+00  9.97066e-01
3.14159e+01  1.00849e+00  5.81959e-03  9.21123e-03  1.02424e+00  9.96608e-01
3.15206e+01  1.00808e+00  5.60592e-03  9.41515e-03  1.02444e+00  9.96191e-01
3.16254e+01  1.00758e+00  5.32890e-03  9.51194e-03  1.02435e+00  9.95817e-01
3.17301e+01  1.00701e+00  4.99242e-03  9.50199e-03  1.02400e+00  9.95490e-01
3.18348e+01  1.00636e+00  4.60115e-03  9.38697e-03  1.02338e+00  9.95214e-01
3.19395e+01  1.00565e+00  4.16043e-03  9.16977e-03  1.02250e+00  9.94991e-01
3.20442e+01  1.00489e+00  3.67618e-03  8.85446e-03  1.02139e+00  9.94822e-01
3.21490e+01  1.00408e+00  3.15487e-03  8.44617e-03  1.02005e+00  9.94709e-01
3.22537e+01  1.00324e+00  2.60332e-03  7.95101e-03  1.01851e+00  9.94652e-01
3.23584e+01  1.00237e+00  2.02869e-03  7.37599e-03  1.01678e+00  9.94653e-01
3.24631e+01  1.00149e+00  1.43828e-03  6.72886e-03  1.01490e+00  9.94709e-01
3.25678e+01  1.00061e+00  8.39501e-04  6.01802e-03  1.01288e+00  9.94821e-01
3.26726e+01  9.99728e-01  2.39699e-04  5.25241e-03  1.01074e+00  9.94987e-01
3.27773e+01  9.98862e-01  -3.53909e-04  4.44133e-03  1.00853e+00  9.95205e-01
3.28820e+01  9.98021e-01  -9.34350e-04  3.59441e-03  1.00625e+00  9.95471e-01
3.29867e+01  9.97214e-01  -1.49498e-03  2.72138e-03  1.00395e+00  9.95784e-01
3.30914e+01  9.96448e-01  -2.02955e-03  1.83207e-03  1.00163e+00  9.96138e-01
3.31962e+01  9.95731e-01  -2.53232e-03  9.36214e-04  9.99340e-01  9.96531e-01
3.33009e+01  9.95071e-01  -2.99805e-03  4.33982e-05  9.97089e-01  9.96959e-01
3.34056e+01  9.94474e-01  -3.42212e-03  -8.37044e-04  9.94904e-01  9.97415e-01
3.35103e+01  9.93946e-01  -3.80049e-03  -1.69612e-03  9.92807e-01  9.97896e-01
3.36150e+01  9.93491e-01  -4.12981e-03  -2.52523e-03  9.90820e-01  9.98395e-01
3.37198e+01  9.93114e-01  -4.40735e-03  -3.31629e-03  9.88960e-01  9.98909e-01
3.38245e+01  9.92817e-01  -4.63105e-03  -4.06172e-03  9.87246e-01  9.99431e-01
3.39292e+01  9.92603e-01  -4.79953e-03  -4.75455e-03  9.85691e-01  9.99955e-01
3.40339e+01  9.92474e-01  -4.91203e-03  -5.38846e-03  9.84311e-01  1.00048e+00
3.41386e+01  9.92428e-01  -4.96843e-03  -5.95779e-03  9.83116e-01  1.00099e+00
3.42434e+01  9.92467e-01  -4.96922e-03  -6.45761e-03  9.82116e-01  1.00149e+00
3.43481e+01  9.92588e-01  -4.91543e-03  -6.88371e-03  9.81317e-01  1.00197e+00
3.44528e+01  9.92790e-01  -4.80865e-03  -7.23267e-03  9.80726e-01  1.00242e+00
3.45575e+01  9.93069e-01  -4.65099e-03  -7.50184e-03  9.80345e-01  1.00285e+00
3.46622e+01  9.93421e-01  -4.44498e-03  -7.68935e-03  9.80176e-01  1.00324e+00
3.47670e+01  9.93843e-01  -4.19360e-03  -7.79416e-03  9.80218e-01  1.00360e+00
3.48717e+01  9.94327e-01  -3.90022e-03  -7.81602e-03  9.80468e-01  1.00392e+00
3.49764e+01  9.94869e-01  -3.56853e-03  -7.75547e-03  9.80921e-01  1.00419e+00
3.50811e+01  9.95463e-01  -3.20252e-03  -7.61388e-03  9.81570e-01  1.00441e+00
3.51858e+01  9.96100e-01  -2.80648e-03  -7.39338e-03  9.82407e-01  1.00459e+00
3.52906e+01  9.96774e-01  -2.38486e-03  -7.09686e-03  9.83421e-01  1.00471e+00
3.53953e+01  9.97477e-01  -1.94235e-03  -6.72796e-03  9.84602e-01  1.00479e+00
3.55000e+01  9.98201e-01  -1.48374e-03  -6.29104e-03  9.85934e-01  1.00481e+00
3.56047e+01  9.98938e-01  -1.01394e-03  -5.79112e-03  9.87404e-01  1.00478e+00
3.57094e+01  9.99679e-01  -5.37923e-04  -5.23385e-03  9.88994e-01  1.00470e+00
3.58142e+01  1.00042e+00  -6.06931e-05  -4.62546e-03  9.90688e-01  1.00456e+00
3.59189e+01  1.00114e+00  4.12770e-04  -3.97270e-03  9.92467e-01  1.00439e+00
3.60236e+01  1.00185e+00  8.77538e-04  -3.28279e-03  9.94312e-01  1.00416e+00
3.61283e+01  1.00252e+00  1.32878e-03  -2.56333e-03  9.96202e-01  1.00389e+00
3.62330e+01  1.00317e+00  1.76180e-03  -1.82220e-03  9.98117e-01  1.00358e+00
3.63378e+01  1.00377e+00  2.17208e-03  -1.06755e-03  1.00004e+00  1.00324e+00
3.64425e+01  1.00432e+00  2.55534e-03  -3.07637e-04  1.00194e+00  1.00286e+00
3.65472e+01  1.00482e+00  2.90756e-03  4.49223e-04  1.00381e+00  1.00246e+00
3.66519e+01  1.00526e+00  3.22504e-03  1.19477e-03  1.00561e+00  1.00203e+00
3.67566e+01  1.00563e+00  3.50443e-03  1.92088e-03  1.00735e+00  1.00158e+00
3.68614e+01  1.00594e+00  3.74278e-03  2.61968e-03  1.00898e+00  1.00112e+00
3.69661e+01  1.00618e+00  3.93759e-03  3.28363e-03  1.01050e+00  1.00065e+00
3.70708e+01  1.00634e+00  4.08682e-03  3.90561e-03  1.01190e+00  1.00018e+00
3.71755e+01  1.00644e+00  4.18894e-03  4.47903e-03  1.01315e+00  9.99710e-01
3.72802e+01  1.00646e+00  4.24298e-03  4.99789e-03  1.01424e+00  9.99245e-01
3.73850e+01  1.00640e+00  4.24849e-03  5.45686e-03  1.01516e+00  9.98792e-01
3.74897e+01  1.00628e+00  4.20561e-03  5.85134e-03  1.01591e+00  9.98354e-01
3.75944e+01  1.00608e+00  4.11506e-03  6.17752e-03  1.01647e+00  9.97938e-01
3.76991e+01  1.00582e+00  3.97813e-03  6.43244e-03  1.01684e+00  9.97546e-01
3.78038e+01  1.00550e+00  3.79666e-03  6.61397e-03  1.01702e+00  9.97183e-01
3.79086e+01  1.00512e+00  3.57306e-03  6.72087e-03  1.01701e+00  9.96852e-01
3.80133e+01  1.00468e+00  3.31023e-03  6.75279e-03  1.01682e+00  9.96557e-01
3.81180e+01  1.00420e+00  3.01154e-03  6.71024e-03  1.01643e+00  9.96301e-01
3.82227e+01  1.00368e+00  2.68082e-03  6.59461e-03  1.01587e+00  9.96086e-01
3.83274e+01  1.00312e+00  2.32225e-03  6.40808e-03  1.01514e+00  9.95914e-01
3.84322e+01  1.00253e+00  1.94034e-03  6.15363e-03  1.01425e+00  9.95787e-01
3.85369e+01  1.00192e+00  1.53985e-03  5.83496e-03  1.01321e+00  9.95705e-01
3.86416e+01  1.00129e+00  1.12571e-03  5.45644e-03  1.01204e+00  9.95669e-01
3.87463e+01  1.00066e+00  7.02999e-04  5.02304e-03  1.01075e+00  9.95680e-01
3.88510e+01  1.00003e+00  2.76813e-04  4.54024e-03  1.00936e+00  9.95737e-01
3.89557e+01  9.99404e-01  -1.47765e-04  4.01401e-03  1.00788e+00  9.95838e-01
3.90605e+01  9.98792e-01  -5.65748e-04  3.45065e-03  1.00634e+00  9.95984e-01
3.91652e+01  9.98200e-01  -9.72308e-04  2.85676e-03  1.00474e+00  9.96171e-01
3.92699e+01  9.97634e-01  -1.36283e-03  2.23916e-03  1.00312e+00  9.96398e-01
3.93746e+01  9.97101e-01  -1.73300e-03  1.60480e-03  1.00148e+00  9.96662e-01
3.94793e+01  9.96606e-01  -2.07878e-03  9.60668e-04  9.99843e-01  9.96961e-01
3.95841e+01  9.96154e-01  -2.39654e-03  3.13742e-04  9.98231e-01  9.97290e-01
3.96888e+01  9.95749e-01  -2.68305e-03  -3.29097e-04  9.96659e-01  9.97646e-01
3.97935e+01  9.95395e-01  -2.93550e-03  -9.61129e-04  9.95142e-01  9.98026e-01
3.98982e+01  9.95096e-01  -3.15153e-03  -1.57586e-03  9.93697e-01  9.98424e-01
4.00029e+01  9.94854e-01  -3.32927e-03  -2.16706e-03  9.92337e-01  9.98838e-01
4.01077e+01  9.94672e-01  -3.46732e-03  -2.72887e-03  9.91075e-01  9.99262e-01
4.02124e+01  9.94551e-01  -3.56474e-03  -3.25577e-03  9.89924e-01  9.99691e-01
4.03171e+01  9.94490e-01  -3.62110e-03  -3.74271e-03  9.88893e-01  1.00012e+00
4.04218e+01  9.94492e-01  -3.63641e-03  -4.18507e-03  9.87993e-01  1.00055e+00
4.05265e+01  9.94554e-01  -3.61112e-03  -4.57877e-03  9.87231e-01  1.00097e+00
4.06313e+01  9.94676e-01  -3.54615e-03  -4.92022e-03  9.86613e-01  1.00137e+00
4.07360e+01  9.94856e-01  -3.44280e-03  -5.20643e-03  9.86144e-01  1.00176e+00
4.08407e+01  9.95091e-01  -3.30275e-03  -5.43495e-03  9.85827e-01  1.00213e+00
4.09454e+01  9.95378e-01  -3.12804e-03  -5.60395e-03  9.85664e-01  1.00248e+00
4.10501e+01  9.95714e-01  -2.92104e-03  -5.71218e-03  9.85655e-01  1.00279e+00
4.11549e+01  9.96095e-01  -2.68440e-03  -5.75905e-03  9.85798e-01  1.00307e+00
4.12596e+01  9.96515e-01  -2.42104e-03  -5.74453e-03  9.86090e-01  1.00332e+00
4.13643e+01  9.96970e-01  -2.13411e-03  -5.66925e-03  9.86527e-01  1.00354e+00
4.14690e+01  9.97455e-01  -1.82692e-03  -5.53442e-03  9.87104e-01  1.00371e+00
4.15737e+01  9.97964e-01  -1.50297e-03  -5.34185e-03  9.87813e-01  1.00384e+00
4.16785e+01  9.98491e-01  -1.16588e-03  -5.09395e-03  9.88646e-01  1.00393e+00
4.17832e+01  9.99031e-01  -8.19327e-04  -4.79366e-03  9.89593e-01  1.00397e+00
4.18879e+01  9.99576e-01  -4.67084e-04  -4.44447e-03  9.90644e-01  1.00398e+00
4.19926e+01  1.00012e+00  -1.12921e-04  -4.05034e-03  9.91786e-01  1.00394e+00
4.20973e+01  1.00066e+00  2.39395e-04  -3.61572e-03  9.93008e-01  1.00386e+00
4.22021e+01  1.00119e+00  5.86144e-04  -3.14546e-03  9.94295e-01  1.00373e+00
4.23068e+01  1.00170e+00  9.23685e-04  -2.64477e-03  9.95634e-01  1.00357e+00
4.24115e+01  1.00219e+00  1.24848e-03  -2.11919e-03  9.97010e-01  1.00337e+00
4.25162e+01  1.00264e+00  1.55715e-03  -1.57451e-03  9.98408e-01  1.00313e+00
4.26209e+01  1.00307e+00  1.84646e-03  -1.01672e-03  9.99813e-01  1.00286e+00
4.27257e+01  1.00346e+00  2.11341e-03  -4.51931e-04  1.00121e+00  1.00257e+00
4.28304e+01  1.00380e+00  2.35523e-03  1.13678e-04  1.00258e+00  1.00224e+00
4.29351e+01  1.00410e+00  2.56938e-03  6.73934e-04  1.00392e+00  1.00190e+00
4.30398e+01  1.00435e+00  2.75367e-03  1.22274e-03  1.00520e+00  1.00153e+00
4.31445e+01  1.00455e+00  2.90618e-03  1.75414e-03  1.00641e+00  1.00115e+00
4.32493e+01  1.00470e+00  3.02536e-03  2.26241e-03  1.00755e+00  1.00076e+00
4.33540e+01  1.00479e+00  3.11001e-03  2.74209e-03  1.00859e+00  1.00037e+00
4.34587e+01  1.00483e+00  3.15931e-03  3.18809e-03  1.00954e+00  9.99971e-01
4.35634e+01  1.00481e+00  3.17284e-03  3.59571e-03  1.01036e+00  9.99577e-01
4.36681e+01  1.00474e+00  3.15058e-03  3.96072e-03  1.01107e+00  9.99190e-01
4.37729e+01  1.00461e+00  3.09293e-03  4.27940e-03  1.01165e+00  9.98814e-01
4.38776e+01  1.00444e+00  3.00068e-03  4.54860e-03  1.01210e+00  9.98452e-01
4.39823e+01  1.00422e+00  2.87504e-03  4.76574e-03  1.01241e+00  9.98109e-01
4.40870e+01  1.00395e+00  2.71760e-03  4.92886e-03  1.01258e+00  9.97789e-01
4.41917e+01  1.00364e+00  2.53033e-03  5.03664e-03  1.01260e+00  9.97494e-01
4.42965e+01  1.00329e+00  2.31555e-03  5.08841e-03  1.01249e+00  9.97227e-01
4.44012e+01  1.00291e+00  2.07590e-03  5.08413e-03  1.01224e+00  9.96992e-01
4.45059e+01  1.00250e+00  1.81431e-03  5.02441e-03  1.01186e+00  9.96790e-01
4.46106e+01  1.00207e+00  1.53397e-03  4.91046e-03  1.01135e+00  9.96624e-01
4.47153e+01  1.00162e+00  1.23828e-03  4.74411e-03  1.01073e+00  9.96494e-01
4.48201e+01  1.00115e+00  9.30807e-04  4.52774e-03  1.00999e+00  9.96403e-01
4.49248e+01  1.00067e+00  6.15221e-04  4.26425e-03  1.00914e+00  9.96351e-01
4.50295e+01  1.00019e+00  2.95281e-04  3.95706e-03  1.00821e+00  9.96338e-01
4.51342e+01  9.99717e-01  -2.52394e-05  3.60998e-03  1.00719e+00  9.96365e-01
4.52389e+01  9.99249e-01  -3.42596e-04  3.22724e-03  1.00611e+00  9.96430e-01
4.53437e+01  9.98792e-01  -6.53121e-04  2.81338e-03  1.00497e+00  9.96534e-01
4.54484e+01  9.98354e-01  -9.53268e-04  2.37321e-03  1.00379e+00  9.96674e-01
4.55531e+01  9.97937e-01  -1.23966e-03  1.91178e-03  1.00258e+00  9.96849e-01
4.56578e+01  9.97548e-01  -1.50913e-03  1.43426e-03  1.00136e+00  9.97057e-01
4.57625e+01  9.97189e-01  -1.75874e-03  9.45936e-04  1.00013e+00  9.97295e-01
4.58673e+01  9.96865e-01  -1.98585e-03  4.52138e-04  9.98918e-01  9.97562e-01
4.59720e+01  9.96578e-01  -2.18812e-03  -4.18310e-05  9.97728e-01  9.97854e-01
4.60767e+01  9.96332e-01  -2.36352e-03  -5.30734e-04  9.96575e-01  9.98167e-01
4.61814e+01  9.96128e-01  -2.51038e-03  -1.00946e-03  9.95471e-01  9.98499e-01
4.62861e+01  9.95969e-01  -2.62739e-03  -1.47306e-03  9.94426e-01  9.98846e-01
4.63909e+01  9.95857e-01  -2.71359e-03  -1.91681e-03  9.93453e-01  9.99203e-01
4.64956e+01  9.95791e-01  -2.76840e-03  -2.33624e-03  9.92559e-01  9.99568e-01
4.66003e+01  9.95772e-01  -2.79159e-03  -2.72720e-03  9.91754e-01  9.99936e-01
4.67050e+01  9.95801e-01  -2.78332e-03  -3.08584e-03  9.91045e-01  1.00030e+00
4.68097e+01  9.95875e-01  -2.74406e-03  -3.40870e-03  9.90439e-01  1.00066e+00
4.69145e+01  9.95995e-01  -2.67464e-03  -3.69271e-03  9.89940e-01  1.00102e+00
4.70192e+01  9.96158e-01  -2.57621e-03  -3.93523e-03  9.89553e-01  1.00136e+00
4.71239e+01  9.96363e-01  -2.45020e-03  -4.13405e-03  9.89282e-01  1.00168e+00
4.72286e+01  9.96607e-01  -2.29833e-03  -4.28742e-03  9.89127e-01  1.00199e+00
4.73333e+01  9.96886e-01  -2.12255e-03  -4.39408e-03  9.89089e-01  1.00227e+00
4.74380e+01  9.97197e-01  -1.92507e-03  -4.45322e-03  9.89168e-01  1.00253e+00
4.75428e+01  9.97538e-01  -1.70827e-03  -4.46456e-03  9.89363e-01  1.00276e+00
4.76475e+01  9.97903e-01  -1.47470e-03  -4.42828e-03  9.89669e-01  1.00295e+00
4.77522e+01  9.98289e-01  -1.22707e-03  -4.34505e-03  9.90083e-01  1.00312e+00
4.78569e+01  9.98691e-01  -9.68187e-04  -4.21603e-03  9.90600e-01  1.00325e+00
4.79616e+01  9.99105e-01  -7.00943e-04  -4.04285e-03  9.91213e-01  1.00334e+00
4.80664e+01  9.99525e-01  -4.28288e-04  -3.82757e-03  9.91917e-01  1.00340e+00
4.81711e+01  9.99948e-01  -1.53196e-04  -3.57270e-03  9.92701e-01  1.00342e+00
4.82758e+01  1.00037e+00  1.21363e-04  -3.28117e-03  9.93559e-01  1.00340e+00
4.83805e+01  1.00078e+00  3.92447e-04  -2.95625e-03  9.94480e-01  1.00335e+00
4.84852e+01  1.00118e+00  6.57175e-04  -2.60159e-03  9.95454e-01  1.00326e+00
4.85900e+01  1.00157e+00  9.12749e-04  -2.22114e-03  9.96470e-01  1.00313e+00
4.86947e+01  1.00193e+00  1.15648e-03  -1.81912e-03  9.97518e-01  1.00298e+00
4.87994e+01  1.00227e+00  1.38583e-03  -1.39994e-03  9.98586e-01  1.00279e+00
4.89041e+01  1.00259e+00  1.59838e-03  -9.68238e-04  9.99662e-01  1.00257e+00
4.90088e+01  1.00287e+00  1.79195e-03  -5.28741e-04  1.00073e+00  1.00232e+00
4.91136e+01  1.00312e+00  1.96453e-03  -8.62625e-05  1.00179e+00  1.00205e+00
4.92183e+01  1.00333e+00  2.11433e-03  3.54365e-04  1.00282e+00  1.00176e+00
4.93230e+01  1.00350e+00  2.23983e-03  7.88346e-04  1.00382e+00  1.00145e+00
4.94277e+01  1.00363e+00  2.33975e-03  1.21097e-03  1.00476e+00  1.00113e+00
4.95324e+01  1.00372e+00  2.41309e-03  1.61767e-03  1.00565e+00  1.00080e+00
4.96372e+01  1.00376e+00  2.45916e-03  2.00409e-03  1.00647e+00  1.00046e+00
4.97419e+01  1.00377e+00  2.47754e-03  2.36608e-03  1.00721e+00  1.00011e+00
4.98466e+01  1.00373e+00  2.46813e-03  2.69983e-03  1.00787e+00  9.99768e-01
4.99513e+01  1.00365e+00  2.43113e-03  3.00184e-03  1.00843e+00  9.99429e-01
5.00560e+01  1.00353e+00  2.36706e-03  3.26900e-03  1.00891e+00  9.99098e-01
5.01608e+01  1.00337e+00  2.27675e-03  3.49860e-03  1.00927e+00  9.98778e-01
5.02655e+01  1.00318e+00  2.16132e-03  3.68837e-03  1.00954e+00  9.98473e-01
5.03702e+01  1.00295e+00  2.02216e-03  3.83652e-03  1.00970e+00  9.98186e-01
5.04749e+01  1.00269e+00  1.86097e-03  3.94174e-03  1.00974e+00  9.97919e-01
5.05796e+01  1.00240e+00  1.67968e-03  4.00321e-03  1.00969e+00  9.97676e-01
5.06844e+01  1.00209e+00  1.48046e-03  4.02060e-03  1.00952e+00  9.97460e-01
5.07891e+01  1.00175e+00  1.26567e-03  3.99409e-03  1.00925e+00  9.97272e-01
5.08938e+01  1.00140e+00  1.03786e-03  3.92434e-03  1.00889e+00  9.97114e-01
5.09985e+01  1.00104e+00  7.99739e-04  3.81249e-03  1.00842e+00  9.96987e-01
5.11032e+01  1.00067e+00  5.54099e-04  3.66014e-03  1.00787e+00  9.96894e-01
5.12080e+01  1.00029e+00  3.03825e-04  3.46931e-03  1.00724e+00  9.96835e-01
5.13127e+01  9.99911e-01  5.18367e-05  3.24244e-03  1.00654e+00  9.96809e-01
5.14174e+01  9.99538e-01  -1.98941e-04  2.98233e-03  1.00577e+00  9.96819e-01
5.15221e+01  9.99173e-01  -4.45620e-04  2.69209e-03  1.00494e+00  9.96862e-01
5.16268e+01  9.98820e-01  -6.85381e-04  2.37515e-03  1.00406e+00  9.96939e-01
5.17316e+01  9.98483e-01  -9.15508e-04  2.03518e-03  1.00315e+00  9.97049e-01
5.18363e+01  9.98165e-01  -1.13343e-03  1.67606e-03  1.00222e+00  9.97191e-01
5.19410e+01  9.97870e-01  -1.33673e-03  1.30181e-03  1.00127e+00  9.97361e-01
5.20457e+01  9.97601e-01  -1.52321e-03  9.16583e-04  1.00031e+00  9.97560e-01
5.21504e+01  9.97361e-01  -1.69087e-03  5.24600e-04  9.99358e-01  9.97785e-01
5.22552e+01  9.97152e-01  -1.83797e-03  1.30100e-04  9.98422e-01  9.98032e-01
5.23599e+01  9.96976e-01  -1.96303e-03  -2.62699e-04  9.97512e-01  9.98300e-01
5.24646e+01  9.96835e-01  -2.06482e-03  -6.49640e-04  9.96636e-01  9.98585e-01
5.25693e+01  9.96731e-01  -2.14244e-03  -1.02667e-03  9.95804e-01  9.98884e-01
5.26740e+01  9.96663e-01  -2.19523e-03  -1.38989e-03  9.95025e-01  9.99195e-01
5.27788e+01  9.96633e-01  -2.22286e-03  -1.73556e-03  9.94306e-01  9.99513e-01
5.28835e+01  9.96640e-01  -2.22528e-03  -2.06019e-03  9.93654e-01  9.99835e-01
5.29882e+01  9.96685e-01  -2.20272e-03  -2.36050e-03  9.93076e-01  1.00016e+00
5.30929e+01  9.96766e-01  -2.15569e-03  -2.63352e-03  9.92577e-01  1.00048e+00
5.31976e+01  9.96883e-01  -2.08497e-03  -2.87656e-03  9.92162e-01  1.00079e+00
5.33024e+01  9.97033e-01  -1.99161e-03  -3.08728e-03  9.91834e-01  1.00110e+00
5.34071e+01  9.97215e-01  -1.87687e-03  -3.26368e-03  9.91596e-01  1.00139e+00
5.35118e+01  9.97428e-01  -1.74223e-03  -3.40412e-03  9.91450e-01  1.00166e+00
5.36165e+01  9.97667e-01  -1.58940e-03  -3.50734e-03  9.91396e-01  1.00192e+00
5.37212e+01  9.97930e-01  -1.42021e-03  -3.57247e-03  9.91435e-01  1.00215e+00
5.38260e+01  9.98215e-01  -1.23671e-03  -3.59906e-03  9.91565e-01  1.00236e+00
5.39307e+01  9.98518e-01  -1.04102e-03  -3.58703e-03  9.91785e-01  1.00255e+00
5.40354e+01  9.98836e-01  -8.35405e-04  -3.53672e-03  9.92091e-01  1.00270e+00
5.41401e+01  9.99164e-01  -6.22187e-04  -3.44886e-03  9.92480e-01  1.00283e+00
5.42448e+01  9.99500e-01  -4.03756e-04  -3.32456e-03  9.92947e-01  1.00292e+00
5.43496e+01  9.99839e-01  -1.82525e-04  -3.16532e-03  9.93487e-01  1.00298e+00
5.44543e+01  1.00018e+00  3.90813e-05  -2.97301e-03  9.94093e-01  1.00301e+00
5.45590e+01  1.00051e+00  2.58661e-04  -2.74983e-03  9.94759e-01  1.00301e+00
5.46637e+01  1.00084e+00  4.73850e-04  -2.49830e-03  9.95477e-01  1.00297e+00
5.47684e+01  1.00115e+00  6.82350e-04  -2.22125e-03  9.96240e-01  1.00290e+00
5.48732e+01  1.00146e+00  8.81951e-04  -1.92176e-03  9.97038e-01  1.00280e+00
5.49779e+01  1.00174e+00  1.07055e-03  -1.60315e-03  9.97864e-01  1.00267e+00
5.50826e+01  1.00200e+00  1.24616e-03  -1.26895e-03  9.98708e-01  1.00252e+00
5.51873e+01  1.00224e+00  1.40696e-03  -9.22832e-04  9.99561e-01  1.00233e+00
5.52920e+01  1.00245e+00  1.55127e-03  -5.68602e-04  1.00041e+00  1.00212e+00
5.53968e+01  1.00263e+00  1.67762e-03  -2.10139e-04  1.00126e+00  1.00189e+00
5.55015e+01  1.00278e+00  1.78471e-03  1.48640e-04  1.00208e+00  1.00164e+00
5.56062e+01  1.00290e+00  1.87145e-03  5.03825e-04  1.00288e+00  1.00137e+00
5.57109e+01  1.00298e+00  1.93699e-03  8.51559e-04  1.00364e+00  1.00109e+00
5.58156e+01  1.00304e+00  1.98068e-03  1.18808e-03  1.00436e+00  1.00079e+00
5.59203e+01  1.00305e+00  2.00214e-03  1.50976e-03  1.00502e+00  1.00049e+00
5.60251e+01  1.00304e+00  2.00120e-03  1.81316e-03  1.00563e+00  1.00019e+00
5.61298e+01  1.00298e+00  1.97796e-03  2.09505e-03  1.00617e+00  9.99883e-01
5.62345e+01  1.00290e+00  1.93275e-03  2.35245e-03  1.00664e+00  9.99580e-01
5.63392e+01  1.00278e+00  1.86616e-03  2.58269e-03  1.00703e+00  9.99283e-01
5.64439e+01  1.00264e+00  1.77900e-03  2.78340e-03  1.00735e+00  9.98996e-01
5.65487e+01  1.00246e+00  1.67232e-03  2.95256e-03  1.00758e+00  9.98720e-01
5.66534e+01  1.00226e+00  1.54739e-03  3.08851e-03  1.00772e+00  9.98459e-01
5.67581e+01  1.00204e+00  1.40568e-03  3.18997e-03  1.00779e+00  9.98216e-01
5.68628e+01  1.00179e+00  1.24887e-03  3.25607e-03  1.00776e+00  9.97993e-01
5.69675e+01  1.00152e+00  1.07878e-03  3.28632e-03  1.00765e+00  9.97792e-01
5.70723e+01  1.00124e+00  8.97397e-04  3.28065e-03  1.00746e+00  9.97617e-01
5.71770e+01  1.00095e+00  7.06844e-04  3.23937e-03  1.00719e+00  9.97467e-01
5.72817e+01  1.00065e+00  5.09331e-04  3.16321e-03  1.00684e+00  9.97346e-01
5.73864e+01  1.00035e+00  3.07149e-04  3.05325e-03  1.00641e+00  9.97254e-01
5.74911e+01  1.00004e+00  1.02633e-04  2.91095e-03  1.00592e+00  9.97192e-01
5.75959e+01  9.99732e-01  -1.01861e-04  2.73811e-03  1.00537e+00  9.97160e-01
5.77006e+01  9.99430e-01  -3.03989e-04  2.53683e-03  1.00477e+00  9.97159e-01
5.78053e+01  9.99138e-01  -5.01444e-04  2.30952e-03  1.00412e+00  9.97189e-01
5.79100e+01  9.98857e-01  -6.91988e-04  2.05884e-03  1.00343e+00  9.97249e-01
5.80147e+01  9.98590e-01  -8.73479e-04  1.78768e-03  1.00270e+00  9.97339e-01
5.81195e+01  9.98341e-01  -1.04389e-03  1.49913e-03  1.00195e+00  9.97457e-01
5.82242e+01  9.98112e-01  -1.20135e-03  1.19641e-03  1.00119e+00  9.97602e-01
5.83289e+01  9.97906e-01  -1.34414e-03  8.82890e-04  1.00042e+00  9.97773e-01
5.84336e+01  9.97724e-01  -1.47072e-03  5.62010e-04  9.99653e-01  9.97967e-01
5.85383e+01  9.97569e-01  -1.57979e-03  2.37254e-04  9.98895e-01  9.98183e-01
5.86431e+01  9.97442e-01  -1.67022e-03  -8.78811e-05  9.98154e-01  9.98418e-01
5.87478e+01  9.97344e-01  -1.74114e-03  -4.09928e-04  9.97439e-01  9.98669e-01
5.88525e+01  9.97276e-01  -1.79189e-03  -7.25483e-04  9.96757e-01  9.98934e-01
5.89572e+01  9.97239e-01  -1.82207e-03  -1.03124e-03  9.96115e-01  9.99209e-01
5.90619e+01  9.97233e-01  -1.83150e-03  -1.32401e-03  9.95520e-01  9.99493e-01
5.91667e+01  9.97257e-01  -1.82027e-03  -1.60079e-03  9.94978e-01  9.99781e-01
5.92714e+01  9.97312e-01  -1.78867e-03  -1.85874e-03  9.94494e-01  1.00007e+00
5.93761e+01  9.97397e-01  -1.73724e-03  -2.09525e-03  9.94072e-01  1.00036e+00
5.94808e+01  9.97510e-01  -1.66672e-03  -2.30795e-03  9.93717e-01  1.00064e+00
5.95855e+01  9.97650e-01  -1.57808e-03  -2.49473e-03  9.93432e-01  1.00092e+00
5.96903e+01  9.97815e-01  -1.47247e-03  -2.65376e-03  9.93220e-01  1.00118e+00
5.97950e+01  9.98004e-01  -1.35121e-03  -2.78350e-03  9.93082e-01  1.00143e+00
5.98997e+01  9.98214e-01  -1.21578e-03  -2.88275e-03  9.93019e-01  1.00167e+00
6.00044e+01  9.98442e-01  -1.06781e-03  -2.95060e-03  9.93031e-01  1.00188e+00
6.01091e+01  9.98687e-01  -9.09040e-04  -2.98649e-03  9.93118e-01  1.00208e+00
6.02139e+01  9.98945e-01  -7.41312e-04  -2.99020e-03  9.93278e-01  1.00225e+00
6.03186e+01  9.99213e-01  -5.66546e-04  -2.96183e-03  9.93510e-01  1.00240e+00
6.04233e+01  9.99488e-01  -3.86719e-04  -2.90184e-03  9.93810e-01  1.00252e+00
6.05280e+01  9.99768e-01  -2.03843e-04  -2.81099e-03  9.94174e-01  1.00261e+00
6.06327e+01  1.00005e+00  -1.99425e-05  -2.69040e-03  9.94599e-01  1.00267e+00
6.07375e+01  1.00033e+00  1.62964e-04  -2.54146e-03  9.95080e-01  1.00270e+00
6.08422e+01  1.00060e+00  3.42887e-04  -2.36590e-03  9.95611e-01  1.00271e+00
6.09469e+01  1.00087e+00  5.17884e-04  -2.16569e-03  9.96187e-01  1.00268e+00
6.10516e+01  1.00112e+00  6.86080e-04  -1.94309e-03  9.96800e-01  1.00263e+00
6.11563e+01  1.00136e+00  8.45686e-04  -1.70058e-03  9.97445e-01  1.00255e+00
6.12611e+01  1.00158e+00  9.95014e-04  -1.44085e-03  9.98113e-01  1.00244e+00
6.13658e+01  1.00179e+00  1.13250e-03  -1.16677e-03  9.98799e-01  1.00230e+00
6.14705e+01  1.00197e+00  1.25670e-03  -8.81365e-04  9.99494e-01  1.00214e+00
6.15752e+01  1.00213e+00  1.36634e-03  -5.87767e-04  1.00019e+00  1.00195e+00
6.16799e+01  1.00227e+00  1.46029e-03  -2.89197e-04  1.00088e+00  1.00175e+00
6.17847e+01  1.00238e+00  1.53760e-03  1.10813e-05  1.00156e+00  1.00153e+00
6.18894e+01  1.00246e+00  1.59750e-03  3.09793e-04  1.00222e+00  1.00129e+00
6.19941e+01  1.00251e+00  1.63939e-03  6.03689e-04  1.00285e+00  1.00104e+00
6.20988e+01  1.00254e+00  1.66290e-03  8.89584e-04  1.00344e+00  1.00077e+00
6.22035e+01  1.00254e+00  1.66783e-03  1.16439e-03  1.00400e+00  1.00050e+00
6.23083e+01  1.00250e+00  1.65419e-03  1.42516e-03  1.00450e+00  1.00023e+00
6.24130e+01  1.00245e+00  1.62221e-03  1.66911e-03  1.00496e+00  9.99953e-01
6.25177e+01  1.00236e+00  1.57229e-03  1.89364e-03  1.00536e+00  9.99679e-01
6.26224e+01  1.00225e+00  1.50506e-03  2.09640e-03  1.00570e+00  9.99409e-01
6.27271e+01  1.00211e+00  1.42130e-03  2.27529e-03  1.00597e+00  9.99146e-01
6.28319e+01  1.00195e+00  1.32202e-03  2.42846e-03  1.00618e+00  9.98894e-01
6.29366e+01  1.00177e+00  1.20836e-03  2.55438e-03  1.00632e+00  9.98654e-01
6.30413e+01  1.00157e+00  1.08166e-03  2.65184e-03  1.00639e+00  9.98430e-01
6.31460e+01  1.00136e+00  9.43373e-04  2.71992e-03  1.00638e+00  9.98223e-01
6.32507e+01  1.00113e+00  7.95099e-04  2.75806e-03  1.00631e+00  9.98037e-01
6.33555e+01  1.00089e+00  6.38545e-04  2.76603e-03  1.00617e+00  9.97873e-01
6.34602e+01  1.00064e+00  4.75512e-04  2.74392e-03  1.00596e+00  9.97732e-01
6.35649e+01  1.00038e+00  3.07872e-04  2.69216e-03  1.00569e+00  9.97616e-01
6.36696e+01  1.00012e+00  1.37545e-04  2.61152e-03  1.00536e+00  9.97526e-01
6.37743e+01  9.99867e-01  -3.35209e-05  2.50304e-03  1.00497e+00  9.97463e-01
6.38791e+01  9.99612e-01  -2.03376e-04  2.36810e-03  1.00453e+00  9.97429e-01
6.39838e+01  9.99364e-01  -3.70088e-04  2.20834e-03  1.00405e+00  9.97422e-01
6.40885e+01  9.99124e-01  -5.31771e-04  2.02564e-03  1.00352e+00  9.97443e-01
6.41932e+01  9.98895e-01  -6.86603e-04  1.82214e-03  1.00296e+00  9.97491e-01
6.42979e+01  9.98680e-01  -8.32849e-04  1.60018e-03  1.00237e+00  9.97567e-01
6.44026e+01  9.98481e-01  -9.68884e-04  1.36226e-03  1.00176e+00  9.97669e-01
6.45074e+01  9.98300e-01  -1.09321e-03  1.11107e-03  1.00113e+00  9.97796e-01
6.46121e+01  9.98138e-01  -1.20447e-03  8.49373e-04  1.00049e+00  9.97946e-01
6.47168e+01  9.97999e-01  -1.30148e-03  5.80062e-04  9.99859e-01  9.98118e-01
6.48215e+01  9.97882e-01  -1.38321e-03  3.06066e-04  9.99229e-01  9.98311e-01
6.49262e+01  9.97790e-01  -1.44883e-03  3.03486e-05  9.98612e-01  9.98521e-01
6.50310e+01  9.97723e-01  -1.49769e-03  -2.44133e-04  9.98014e-01  9.98746e-01
6.51357e+01  9.97682e-01  -1.52936e-03  -5.14457e-04  9.97442e-01  9.98985e-01
6.52404e+01  9.97666e-01  -1.54359e-03  -7.77764e-04  9.96901e-01  9.99234e-01
6.53451e+01  9.97677e-01  -1.54033e-03  -1.03129e-03  9.96397e-01  9.99491e-01
6.54498e+01  9.97713e-01  -1.51976e-03  -1.27239e-03  9.95935e-01  9.99753e-01
6.55546e+01  9.97775e-01  -1.48223e-03  -1.49858e-03  9.95521e-01  1.00002e+00
6.56593e+01  9.97861e-01  -1.42828e-03  -1.70752e-03  9.95157e-01  1.00028e+00
6.57640e+01  9.97970e-01  -1.35865e-03  -1.89708e-03  9.94847e-01  1.00054e+00
6.58687e+01  9.98102e-01  -1.27423e-03  -2.06535e-03  9.94595e-01  1.00079e+00
6.59734e+01  9.98254e-01  -1.17609e-03  -2.21064e-03  9.94403e-01  1.00103e+00
6.60782e+01  9.98425e-01  -1.06542e-03  -2.33152e-03  9.94272e-01  1.00127e+00
6.61829e+01  9.98612e-01  -9.43551e-04  -2.42682e-03  9.94203e-01  1.00148e+00
6.62876e+01  9.98814e-01  -8.11932e-04  -2.49563e-03  9.94197e-01  1.00168e+00
6.63923e+01  9.99028e-01  -6.72096e-04  -2.53734e-03  9.94253e-01  1.00187e+00
6.64970e+01  9.99252e-01  -5.25653e-04  -2.55161e-03  9.94371e-01  1.00203e+00
6.66018e+01  9.99483e-01  -3.74276e-04  -2.53841e-03  9.94549e-01  1.00216e+00
6.67065e+01  9.99719e-01  -2.19671e-04  -2.49797e-03  9.94784e-01  1.00228e+00
6.68112e+01  9.99957e-01  -6.35673e-05  -2.43085e-03  9.95075e-01  1.00237e+00
6.69159e+01  1.00019e+00  9.23045e-05  -2.33786e-03  9.95417e-01  1.00243e+00
6.70206e+01  1.00043e+00  2.46232e-04  -2.22008e-03  9.95806e-01  1.00247e+00
6.71254e+01  1.00066e+00  3.96537e-04  -2.07887e-03  9.96239e-01  1.00248e+00
6.72301e+01  1.00088e+00  5.41592e-04  -1.91584e-03  9.96710e-01  1.00246e+00
6.73348e+01  1.00108e+00  6.79842e-04  -1.73280e-03  9.97214e-01  1.00241e+00
6.74395e+01  1.00128e+00  8.09810e-04  -1.53181e-03  9.97746e-01  1.00234e+00
6.75442e+01  1.00146e+00  9.30122e-04  -1.31509e-03  9.98300e-01  1.00225e+00
6.76490e+01  1.00162e+00  1.03951e-03  -1.08505e-03  9.98869e-01  1.00212e+00
6.77537e+01  1.00177e+00  1.13684e-03  -8.44205e-04  9.99448e-01  1.00198e+00
6.78584e+01  1.00189e+00  1.22111e-03  -5.95218e-04  1.00003e+00  1.00182e+00
6.79631e+01  1.00199e+00  1.29145e-03  -3.40817e-04  1.00061e+00  1.00163e+00
6.80678e+01  1.00207e+00  1.34715e-03  -8.37842e-05  1.00118e+00  1.00143e+00
6.81726e+01  1.00213e+00  1.38767e-03  1.73074e-04  1.00173e+00  1.00121e+00
6.82773e+01  1.00216e+00  1.41263e-03  4.26961e-04  1.00227e+00  1.00099e+00
6.83820e+01  1.00216e+00  1.42180e-03  6.75122e-04  1.00277e+00  1.00075e+00
6.84867e+01  1.00215e+00  1.41515e-03  9.14872e-04  1.00324e+00  1.00050e+00
6.85914e+01  1.00211e+00  1.39280e-03  1.14363e-03  1.00368e+00  1.00025e+00
6.86962e+01  1.00204e+00  1.35506e-03  1.35894e-03  1.00407e+00  9.99996e-01
6.88009e+01  1.00195e+00  1.30239e-03  1.55850e-03  1.00442e+00  9.99744e-01
6.89056e+01  1.00185e+00  1.23542e-03  1.74022e-03  1.00472e+00  9.99495e-01
6.90103e+01  1.00172e+00  1.15493e-03  1.90217e-03  1.00496e+00  9.99253e-01
6.91150e+01  1.00157e+00  1.06186e-03  2.04269e-03  1.00515e+00  9.99019e-01
6.92198e+01  1.00141e+00  9.57287e-04  2.16034e-03  1.00528e+00  9.98797e-01
6.93245e+01  1.00123e+00  8.42405e-04  2.25394e-03  1.00535e+00  9.98588e-01
6.94292e+01  1.00103e+00  7.18531e-04  2.32260e-03  1.00536e+00  9.98396e-01
6.95339e+01  1.00083e+00  5.87080e-04  2.36569e-03  1.00532e+00  9.98221e-01
6.96386e+01  1.00062e+00  4.49551e-04  2.38288e-03  1.00522e+00  9.98067e-01
6.97434e+01  1.00041e+00  3.07509e-04  2.37412e-03  1.00506e+00  9.97933e-01
6.98481e+01  1.00019e+00  1.62571e-04  2.33965e-03  1.00484e+00  9.97823e-01
6.99528e+01  9.99965e-01  1.63820e-05  2.27998e-03  1.00458e+00  9.97736e-01
7.00575e+01  9.99745e-01  -1.29399e-04  2.19590e-03  1.00426e+00  9.97675e-01
7.01622e+01  9.99530e-01  -2.73123e-04  2.08847e-03  1.00390e+00  9.97638e-01
7.02670e+01  9.99321e-01  -4.13165e-04  1.95898e-03  1.00350e+00  9.97628e-01
7.03717e+01  9.99121e-01  -5.47950e-04  1.80896e-03  1.00307e+00  9.97643e-01
7.04764e+01  9.98931e-01  -6.75965e-04  1.64015e-03  1.00260e+00  9.97684e-01
7.05811e+01  9.98755e-01  -7.95782e-04  1.45448e-03  1.00211e+00  9.97750e-01
7.06858e+01  9.98593e-01  -9.06071e-04  1.25406e-03  1.00160e+00  9.97840e-01
7.07906e+01  9.98448e-01  -1.00562e-03  1.04112e-03  1.00108e+00  9.97953e-01
7.08953e+01  9.98320e-01  -1.09334e-03  8.18035e-04  1.00054e+00  9.98089e-01
7.10000e+01  9.98212e-01  -1.16830e-03  5.87253e-04  1.00001e+00  9.98244e-01
7.11047e+01  9.98125e-01  -1.22969e-03  3.51296e-04  9.99473e-01  9.98419e-01
7.12094e+01  9.98058e-01  -1.27690e-03  1.12723e-04  9.98949e-01  9.98610e-01
7.13142e+01  9.98014e-01  -1.30946e-03  -1.25897e-04  9.98439e-01  9.98816e-01
7.14189e+01  9.97992e-01  -1.32707e-03  -3.62009e-04  9.97949e-01  9.99035e-01
7.15236e+01  9.97993e-01  -1.32964e-03  -5.93101e-04  9.97484e-01  9.99263e-01
7.16283e+01  9.98015e-01  -1.31720e-03  -8.16728e-04  9.97049e-01  9.99500e-01
7.17330e+01  9.98060e-01  -1.29000e-03  -1.03054e-03  9.96649e-01  9.99741e-01
7.18378e+01  9.98126e-01  -1.24843e-03  -1.23230e-03  9.96287e-01  9.99984e-01
7.19425e+01  9.98213e-01  -1.19304e-03  -1.41991e-03  9.95967e-01  1.00023e+00
7.20472e+01  9.98319e-01  -1.12456e-03  -1.59143e-03  9.95693e-01  1.00047e+00
7.21519e+01  9.98444e-01  -1.04383e-03  -1.74511e-03  9.95466e-01  1.00070e+00
7.22566e+01  9.98585e-01  -9.51840e-04  -1.87938e-03  9.95289e-01  1.00093e+00
7.23614e+01  9.98742e-01  -8.49696e-04  -1.99289e-03  9.95165e-01  1.00114e+00
7.24661e+01  9.98912e-01  -7.38610e-04  -2.08451e-03  9.95092e-01  1.00135e+00
7.25708e+01  9.99093e-01  -6.19881e-04  -2.15334e-03  9.95073e-01  1.00153e+00
7.26755e+01  9.99283e-01  -4.94885e-04  -2.19874e-03  9.95108e-01  1.00170e+00
7.27802e+01  9.99481e-01  -3.65057e-04  -2.22031e-03  9.95194e-01  1.00186e+00
7.28849e+01  9.99684e-01  -2.31871e-04  -2.21790e-03  9.95332e-01  1.00199e+00
7.29897e+01  9.99889e-01  -9.68287e-05  -2.19161e-03  9.95520e-01  1.00209e+00
7.30944e+01  1.00009e+00  3.85616e-05  -2.14181e-03  9.95755e-01  1.00218e+00
7.31991e+01  1.00030e+00  1.72799e-04  -2.06911e-03  9.96035e-01  1.00224e+00
7.33038e+01  1.00050e+00  3.04406e-04  -1.97437e-03  9.96356e-01  1.00228e+00
7.34085e+01  1.00069e+00  4.31946e-04  -1.85867e-03  9.96715e-01  1.00229e+00
7.35133e+01  1.00088e+00  5.54037e-04  -1.72332e-03  9.97107e-01  1.00228e+00
7.36180e+01  1.00105e+00  6.69365e-04  -1.56984e-03  9.97530e-01  1.00224e+00
7.37227e+01  1.00121e+00  7.76698e-04  -1.39995e-03  9.97977e-01  1.00218e+00
7.38274e+01  1.00136e+00  8.74899e-04  -1.21553e-03  9.98444e-01  1.00209e+00
7.39321e+01  1.00149e+00  9.62936e-04  -1.01862e-03  9.98926e-01  1.00198e+00
7.40369e+01  1.00160e+00  1.03989e-03  -8.11389e-04  9.99417e-01  1.00185e+00
7.41416e+01  1.00170e+00  1.10497e-03  -5.96116e-04  9.99913e-01  1.00170e+00
7.42463e+01  1.00178e+00  1.15752e-03  -3.75165e-04  1.00041e+00  1.00153e+00
7.43510e+01  1.00183e+00  1.19701e-03  -1.50955e-04  1.00090e+00  1.00135e+00
7.44557e+01  1.00187e+00  1.22305e-03  7.40664e-05  1.00137e+00  1.00115e+00
7.45605e+01  1.00188e+00  1.23543e-03  2.97446e-04  1.00183e+00  1.00094e+00
7.46652e+01  1.00188e+00  1.23405e-03  5.16756e-04  1.00227e+00  1.00072e+00
7.47699e+01  1.00185e+00  1.21897e-03  7.29620e-04  1.00268e+00  1.00049e+00
7.48746e+01  1.00180e+00  1.19041e-03  9.33739e-04  1.00306e+00  1.00026e+00
7.49793e+01  1.00173e+00  1.14872e-03  1.12692e-03  1.00340e+00  1.00002e+00
7.50841e+01  1.00164e+00  1.09441e-03  1.30709e-03  1.00371e+00  9.99787e-01
7.51888e+01  1.00154e+00  1.02811e-03  1.47233e-03  1.00397e+00  9.99556e-01
7.52935e+01  1.00142e+00  9.50589e-04  1.62091e-03  1.00419e+00  9.99330e-01
7.53982e+01  1.00128e+00  8.62737e-04  1.75126e-03  1.00437e+00  9.99111e-01
7.55029e+01  1.00113e+00  7.65558e-04  1.86203e-03  1.00449e+00  9.98904e-01
7.56077e+01  1.00096e+00  6.60158e-04  1.95211e-03  1.00456e+00  9.98708e-01
7.57124e+01  1.00079e+00  5.47732e-04  2.02060e-03  1.00459e+00  9.98527e-01
7.58171e+01  1.00061e+00  4.29555e-04  2.06686e-03  1.00456e+00  9.98363e-01
7.59218e+01  1.00042e+00  3.06964e-04  2.09046e-03  1.00449e+00  9.98216e-01
7.60265e+01  1.00023e+00  1.81344e-04  2.09128e-03  1.00436e+00  9.98090e-01
7.61313e+01  1.00004e+00  5.41151e-05  2.06940e-03  1.00419e+00  9.97985e-01
7.62360e+01  9.99846e-01  -7.32884e-05  2.02517e-03  1.00398e+00  9.97902e-01
7.63407e+01  9.99656e-01  -1.99430e-04  1.95918e-03  1.00372e+00  9.97841e-01
7.64454e+01  9.99471e-01  -3.22889e-04  1.87225e-03  1.00342e+00  9.97805e-01
7.65501e+01  9.99293e-01  -4.42279e-04  1.76543e-03  1.00309e+00  9.97792e-01
7.66549e+01  9.99123e-01  -5.56261e-04  1.63998e-03  1.00272e+00  9.97804e-01
7.67596e+01  9.98964e-01  -6.63561e-04  1.49734e-03  1.00233e+00  9.97839e-01
7.68643e+01  9.98817e-01  -7.62983e-04  1.33914e-03  1.00192e+00  9.97898e-01
7.69690e+01  9.98684e-01  -8.53427e-04  1.16718e-03  1.00148e+00  9.97979e-01
7.70737e+01  9.98566e-01  -9.33898e-04  9.83356e-04  1.00103e+00  9.98083e-01
7.71785e+01  9.98465e-01  -1.00352e-03  7.89726e-04  1.00058e+00  9.98207e-01
7.72832e+01  9.98381e-01  -1.06154e-03  5.88417e-04  1.00012e+00  9.98350e-01
7.73879e+01  9.98316e-01  -1.10734e-03  3.81630e-04  9.99656e-01  9.98511e-01
7.74926e+01  9.98270e-01  -1.14046e-03  1.71614e-04  9.99203e-01  9.98688e-01
7.75973e+01  9.98243e-01  -1.16058e-03  -3.93627e-05  9.98761e-01  9.98879e-01
7.77021e+01  9.98236e-01  -1.16753e-03  -2.49031e-04  9.98334e-01  9.99082e-01
7.78068e+01  9.98248e-01  -1.16128e-03  -4.55151e-04  9.97928e-01  9.99294e-01
7.79115e+01  9.98280e-01  -1.14197e-03  -6.55527e-04  9.97547e-01  9.99514e-01
7.80162e+01  9.98331e-01  -1.10989e-03  -8.48040e-04  9.97194e-01  9.99738e-01
7.81209e+01  9.98401e-01  -1.06546e-03  -1.03066e-03  9.96873e-01  9.99965e-01
7.82257e+01  9.98488e-01  -1.00924e-03  -1.20148e-03  9.96588e-01  1.00019e+00
7.83304e+01  9.98591e-01  -9.41946e-04  -1.35870e-03  9.96341e-01  1.00042e+00
7.84351e+01  9.98710e-01  -8.64385e-04  -1.50071e-03  9.96134e-01  1.00064e+00
7.85398e+01  9.98843e-01  -7.77489e-04  -1.62604e-03  9.95970e-01  1.00085e+00
7.86445e+01  9.98988e-01  -6.82288e-04  -1.73340e-03  9.95851e-01  1.00105e+00
7.87493e+01  9.99144e-01  -5.79899e-04  -1.82171e-03  9.95777e-01  1.00124e+00
7.88540e+01  9.99308e-01  -4.71511e-04  -1.89009e-03  9.95748e-01  1.00142e+00
7.89587e+01  9.99480e-01  -3.58371e-04  -1.93787e-03  9.95766e-01  1.00158e+00
7.90634e+01  9.99657e-01  -2.41773e-04  -1.96460e-03  9.95829e-01  1.00172e+00
7.91681e+01  9.99838e-01  -1.23039e-04  -1.97006e-03  9.95937e-01  1.00185e+00
7.92729e+01  1.00002e+00  -3.50246e-06  -1.95426e-03  9.96088e-01  1.00195e+00
7.93776e+01  1.00020e+00  1.15500e-04  -1.91743e-03  9.96281e-01  1.00203e+00
7.94823e+01  1.00038e+00  2.32648e-04  -1.86002e-03  9.96513e-01  1.00209e+00
7.95870e+01  1.00055e+00  3.46654e-04  -1.78271e-03  9.96781e-01  1.00213e+00
7.96917e+01  1.00072e+00  4.56270e-04  -1.68638e-03  9.97084e-01  1.00214e+00
7.97965e+01  1.00087e+00  5.60306e-04  -1.57213e-03  9.97416e-01  1.00213e+00
7.99012e+01  1.00102e+00  6.57641e-04  -1.44124e-03  9.97775e-01  1.00210e+00
8.00059e+01  1.00116e+00  7.47235e-04  -1.29517e-03  9.98157e-01  1.00204e+00
8.01106e+01  1.00128e+00  8.28136e-04  -1.13554e-03  9.98557e-01  1.00196e+00
8.02153e+01  1.00138e+00  8.99495e-04  -9.64111e-04  9.98971e-01  1.00186e+00
8.03201e+01  1.00147e+00  9.60570e-04  -7.82776e-04  9.99395e-01  1.00174e+00
8.04248e+01  1.00155e+00  1.01073e-03  -5.93529e-04  9.99824e-01  1.00160e+00
8.05295e+01  1.00161e+00  1.04948e-03  -3.98446e-04  1.00025e+00  1.00145e+00
8.06342e+01  1.00164e+00  1.07642e-03  -1.99664e-04  1.00068e+00  1.00128e+00
8.07389e+01  1.00166e+00  1.09132e-03  6.42858e-07  1.00109e+00  1.00109e+00
8.08437e+01  1.00166e+00  1.09405e-03  2.00291e-04  1.00149e+00  1.00089e+00
8.09484e+01  1.00165e+00  1.08463e-03  3.97108e-04  1.00188e+00  1.00069e+00
8.10531e+01  1.00161e+00  1.06319e-03  5.88957e-04  1.00224e+00  1.00047e+00
8.11578e+01  1.00156e+00  1.03002e-03  7.73762e-04  1.00258e+00  1.00026e+00
8.12625e+01  1.00149e+00  9.85509e-04  9.49530e-04  1.00288e+00  1.00004e+00
8.13672e+01  1.00140e+00  9.30187e-04  1.11437e-03  1.00316e+00  9.99816e-01
8.14720e+01  1.00130e+00  8.64694e-04  1.26653e-03  1.00340e+00  9.99598e-01
8.15767e+01  1.00118e+00  7.89780e-04  1.40438e-03  1.00360e+00  9.99385e-01
8.16814e+01  1.00105e+00  7.06298e-04  1.52648e-03  1.00376e+00  9.99180e-01
8.17861e+01  1.00091e+00  6.15195e-04  1.63154e-03  1.00388e+00  9.98984e-01
8.18908e+01  1.00076e+00  5.17500e-04  1.71849e-03  1.00395e+00  9.98799e-01
8.19956e+01  1.00060e+00  4.14315e-04  1.78645e-03  1.00399e+00  9.98628e-01
8.21003e+01  1.00044e+00  3.06803e-04  1.83475e-03  1.00398e+00  9.98472e-01
8.22050e+01  1.00027e+00  1.96171e-04  1.86294e-03  1.00392e+00  9.98333e-01
8.23097e+01  1.00010e+00  8.36648e-05  1.87080e-03  1.00383e+00  9.98213e-01
8.24144e+01  9.99924e-01  -2.94530e-05  1.85832e-03  1.00369e+00  9.98112e-01
8.25192e+01  9.99755e-01  -1.41912e-04  1.82573e-03  1.00351e+00  9.98032e-01
8.26239e+01  9.99588e-01  -2.52451e-04  1.77346e-03  1.00329e+00  9.97974e-01
8.27286e+01  9.99427e-01  -3.59831e-04  1.70217e-03  1.00304e+00  9.97938e-01
8.28333e+01  9.99273e-01  -4.62848e-04  1.61271e-03  1.00276e+00  9.97924e-01
8.29380e+01  9.99128e-01  -5.60353e-04  1.50612e-03  1.00245e+00  9.97934e-01
8.30428e+01  9.98993e-01  -6.51257e-04  1.38364e-03  1.00212e+00  9.97965e-01
8.31475e+01  9.98869e-01  -7.34549e-04  1.24666e-03  1.00176e+00  9.98019e-01
8.32522e+01  9.98759e-01  -8.09308e-04  1.09671e-03  1.00138e+00  9.98094e-01
8.33569e+01  9.98663e-01  -8.74711e-04  9.35484e-04  1.00100e+00  9.98190e-01
8.34616e+01  9.98582e-01  -9.30045e-04  7.64758e-04  1.00060e+00  9.98305e-01
8.35664e+01  9.98518e-01  -9.74712e-04  5.86414e-04  1.00020e+00  9.98439e-01
8.36711e+01  9.98470e-01  -1.00824e-03  4.02405e-04  9.99797e-01  9.98589e-01
8.37758e+01  9.98439e-01  -1.03028e-03  2.14735e-04  9.99399e-01  9.98755e-01
8.38805e+01  9.98426e-01  -1.04064e-03  2.54357e-05  9.99010e-01  9.98934e-01
8.39852e+01  9.98431e-01  -1.03922e-03  -1.63451e-04  9.98634e-01  9.99124e-01
8.40900e+01  9.98453e-01  -1.02610e-03  -3.49897e-04  9.98274e-01  9.99324e-01
8.41947e+01  9.98492e-01  -1.00147e-03  -5.31911e-04  9.97935e-01  9.99530e-01
8.42994e+01  9.98548e-01  -9.65646e-04  -7.07554e-04  9.97619e-01  9.99742e-01
8.44041e+01  9.98619e-01  -9.19090e-04  -8.74966e-04  9.97331e-01  9.99956e-01
8.45088e+01  9.98706e-01  -8.62373e-04  -1.03238e-03  9.97073e-01  1.00017e+00
8.46136e+01  9.98808e-01  -7.96181e-04  -1.17814e-03  9.96848e-01  1.00038e+00
8.47183e+01  9.98922e-01  -7.21306e-04  -1.31072e-03  9.96657e-01  1.00059e+00
8.48230e+01  9.99047e-01  -6.38632e-04  -1.42874e-03  9.96504e-01  1.00079e+00
8.49277e+01  9.99183e-01  -5.49128e-04  -1.53098e-03  9.96389e-01  1.00098e+00
8.50324e+01  9.99328e-01  -4.53836e-04  -1.61639e-03  9.96313e-01  1.00116e+00
8.51372e+01  9.99479e-01  -3.53854e-04  -1.68411e-03  9.96278e-01  1.00133e+00
8.52419e+01  9.99636e-01  -2.50330e-04  -1.73344e-03  9.96283e-01  1.00148e+00
8.53466e+01  9.99797e-01  -1.44440e-04  -1.76393e-03  9.96328e-01  1.00162e+00
8.54513e+01  9.99959e-01  -3.73843e-05  -1.77528e-03  9.96412e-01  1.00174e+00
8.55560e+01  1.00012e+00  6.96360e-05  -1.76742e-03  9.96535e-01  1.00184e+00
8.56608e+01  1.00028e+00  1.75425e-04  -1.74049e-03  9.96694e-01  1.00192e+00
8.57655e+01  1.00044e+00  2.78811e-04  -1.69483e-03  9.96889e-01  1.00197e+00
8.58702e+01  1.00059e+00  3.78653e-04  -1.63097e-03  9.97117e-01  1.00201e+00
8.59749e+01  1.00073e+00  4.73859e-04  -1.54965e-03  9.97375e-01  1.00202e+00
8.60796e+01  1.00087e+00  5.63393e-04  -1.45179e-03  9.97660e-01  1.00202e+00
8.61844e+01  1.00099e+00  6.46290e-04  -1.33847e-03  9.97969e-01  1.00198e+00
8.62891e+01  1.00111e+00  7.21663e-04  -1.21097e-03  9.98300e-01  1.00193e+00
8.63938e+01  1.00121e+00  7.88710e-04  -1.07070e-03  9.98647e-01  1.00186e+00
8.64985e+01  1.00130e+00  8.46728e-04  -9.19208e-04  9.99008e-01  1.00177e+00
8.66032e+01  1.00137e+00  8.95114e-04  -7.58164e-04  9.99379e-01  1.00165e+00
8.67080e+01  1.00143e+00  9.33373e-04  -5.89338e-04  9.99755e-01  1.00152e+00
8.68127e+01  1.00147e+00  9.61124e-04  -4.14585e-04  1.00013e+00  1.00138e+00
8.69174e+01  1.00149e+00  9.78101e-04  -2.35819e-04  1.00051e+00  1.00121e+00
8.70221e+01  1.00150e+00  9.84155e-04  -5.49940e-05  1.00087e+00  1.00104e+00
8.71268e+01  1.00149e+00  9.79258e-04  1.25915e-04  1.00123e+00  1.00085e+00
8.72316e+01  1.00146e+00  9.63500e-04  3.04938e-04  1.00157e+00  1.00066e+00
8.73363e+01  1.00142e+00  9.37089e-04  4.80129e-04  1.00190e+00  1.00046e+00
8.74410e+01  1.00136e+00  9.00347e-04  6.49589e-04  1.00220e+00  1.00025e+00
8.75457e+01  1.00129e+00  8.53710e-04  8.11486e-04  1.00248e+00  1.00004e+00
8.76504e+01  1.00120e+00  7.97718e-04  9.64075e-04  1.00273e+00  9.99834e-01
8.77552e+01  1.00110e+00  7.33014e-04  1.10572e-03  1.00294e+00  9.99627e-01
8.78599e+01  1.00099e+00  6.60333e-04  1.23491e-03  1.00313e+00  9.99425e-01
8.79646e+01  1.00086e+00  5.80499e-04  1.35027e-03  1.00328e+00  9.99230e-01
8.80693e+01  1.00073e+00  4.94410e-04  1.45059e-03  1.00340e+00  9.99044e-01
8.81740e+01  1.00059e+00  4.03036e-04  1.53483e-03  1.00347e+00  9.98868e-01
8.82788e+01  1.00045e+00  3.07401e-04  1.60211e-03  1.00351e+00  9.98705e-01
8.83835e+01  1.00030e+00  2.08577e-04  1.65177e-03  1.00351e+00  9.98557e-01
8.84882e+01  1.00014e+00  1.07670e-04  1.68332e-03  1.00347e+00  9.98424e-01
8.85929e+01  9.99987e-01  5.81015e-06  1.69648e-03  1.00340e+00  9.98309e-01
8.86976e+01  9.99833e-01  -9.58633e-05  1.69118e-03  1.00329e+00  9.98213e-01
8.88024e+01  9.99682e-01  -1.96214e-04  1.66755e-03  1.00314e+00  9.98136e-01
8.89071e+01  9.99534e-01  -2.94119e-04  1.62589e-03  1.00296e+00  9.98080e-01
8.90118e+01  9.99393e-01  -3.88484e-04  1.56674e-03  1.00274e+00  9.98045e-01
8.91165e+01  9.99258e-01  -4.78257e-04  1.49080e-03  1.00250e+00  9.98031e-01
8.92212e+01  9.99132e-01  -5.62436e-04  1.39895e-03  1.00224e+00  9.98039e-01
8.93260e+01  9.99017e-01  -6.40084e-04  1.29225e-03  1.00194e+00  9.98068e-01
8.94307e+01  9.98912e-01  -7.10337e-04  1.17191e-03  1.00163e+00  9.98118e-01
8.95354e+01  9.98821e-01  -7.72420e-04  1.03929e-03  1.00131e+00  9.98188e-01
8.96401e+01  9.98742e-01  -8.25646e-04  8.95853e-04  1.00097e+00  9.98279e-01
8.97448e+01  9.98678e-01  -8.69436e-04  7.43199e-04  1.00062e+00  9.98387e-01
8.98495e+01  9.98629e-01  -9.03316e-04  5.83007e-04  1.00026e+00  9.98514e-01
8.99543e+01  9.98595e-01  -9.26926e-04  4.17029e-04  9.99907e-01  9.98656e-01
9.00590e+01  9.98578e-01  -9.40028e-04  2.47077e-04  9.99554e-01  9.98813e-01
9.01637e+01  9.98576e-01  -9.42500e-04  7.49947e-05  9.99207e-01  9.98983e-01
9.02684e+01  9.98589e-01  -9.34345e-04  -9.73580e-05  9.98871e-01  9.99163e-01
9.03731e+01  9.98619e-01  -9.15689e-04  -2.68125e-04  9.98548e-01  9.99352e-01
9.04779e+01  9.98664e-01  -8.86775e-04  -4.35475e-04  9.98242e-01  9.99549e-01
9.05826e+01  9.98724e-01  -8.47965e-04  -5.97619e-04  9.97957e-01  9.99750e-01
9.06873e+01  9.98797e-01  -7.99732e-04  -7.52829e-04  9.97695e-01  9.99953e-01
9.07920e+01  9.98884e-01  -7.42656e-04  -8.99458e-04  9.97458e-01  1.00016e+00
9.08967e+01  9.98983e-01  -6.77415e-04  -1.03596e-03  9.97251e-01  1.00036e+00
9.10015e+01  9.99094e-01  -6.04777e-04  -1.16088e-03  9.97073e-01  1.00056e+00
9.11062e+01  9.99214e-01  -5.25592e-04  -1.27293e-03  9.96929e-01  1.00075e+00
9.12109e+01  9.99342e-01  -4.40781e-04  -1.37092e-03  9.96817e-01  1.00093e+00
9.13156e+01  9.99477e-01  -3.51322e-04  -1.45384e-03  9.96741e-01  1.00110e+00
9.14203e+01  9.99618e-01  -2.58243e-04  -1.52084e-03  9.96700e-01  1.00126e+00
9.15251e+01  9.99763e-01  -1.62606e-04  -1.57123e-03  9.96695e-01  1.00141e+00
9.16298e+01  9.99910e-01  -6.54982e-05  -1.60451e-03  9.96725e-01  1.00154e+00
9.17345e+01  1.00006e+00  3.19853e-05  -1.62036e-03  9.96791e-01  1.00165e+00
9.18392e+01  1.00020e+00  1.28750e-04  -1.61865e-03  9.96891e-01  1.00175e+00
9.19439e+01  1.00035e+00  2.23715e-04  -1.59944e-03  9.97025e-01  1.00182e+00
9.20487e+01  1.00049e+00  3.15827e-04  -1.56296e-03  9.97190e-01  1.00188e+00
9.21534e+01  1.00062e+00  4.04070e-04  -1.50966e-03  9.97385e-01  1.00191e+00
9.22581e+01  1.00075e+00  4.87477e-04  -1.44014e-03  9.97607e-01  1.00193e+00
9.23628e+01  1.00087e+00  5.65141e-04  -1.35518e-03  9.97855e-01  1.00192e+00
9.24675e+01  1.00097e+00  6.36221e-04  -1.25574e-03  9.98125e-01  1.00189e+00
9.25723e+01  1.00107e+00  6.99957e-04  -1.14292e-03  9.98414e-01  1.00184e+00
9.26770e+01  1.00115e+00  7.55671e-04  -1.01798e-03  9.98720e-01  1.00177e+00
9.27817e+01  1.00122e+00  8.02778e-04  -8.82287e-04  9.99038e-01  1.00169e+00
9.28864e+01  1.00128e+00  8.40790e-04  -7.37344e-04  9.99366e-01  1.00158e+00
9.29911e+01  1.00132e+00  8.69322e-04  -5.84741e-04  9.99700e-01  1.00145e+00
9.30959e+01  1.00135e+00  8.88092e-04  -4.26156e-04  1.00004e+00  1.00131e+00
9.32006e+01  1.00136e+00  8.96928e-04  -2.63324e-04  1.00037e+00  1.00116e+00
9.33053e+01  1.00136e+00  8.95766e-04  -9.80272e-05  1.00070e+00  1.00099e+00
9.34100e+01  1.00134e+00  8.84651e-04  6.79288e-05  1.00102e+00  1.00082e+00
9.35147e+01  1.00131e+00  8.63737e-04  2.32735e-04  1.00133e+00  1.00063e+00
9.36195e+01  1.00126e+00  8.33283e-04  3.94597e-04  1.00162e+00  1.00044e+00
9.37242e+01  1.00120e+00  7.93652e-04  5.51759e-04  1.00190e+00  1.00024e+00
9.38289e+01  1.00113e+00  7.45305e-04  7.02517e-04  1.00215e+00  1.00004e+00
9.39336e+01  1.00104e+00  6.88798e-04  8.45244e-04  1.00238e+00  9.99844e-01
9.40383e+01  1.00094e+00  6.24774e-04  9.78403e-04  1.00258e+00  9.99646e-01
9.41431e+01  1.00083e+00  5.53957e-04  1.10057e-03  1.00276e+00  9.99453e-01
9.42478e+01  1.00071e+00  4.77144e-04  1.21043e-03  1.00290e+00  9.99267e-01
9.43525e+01  1.00059e+00  3.95198e-04  1.30684e-03  1.00301e+00  9.99088e-01
9.44572e+01  1.00046e+00  3.09036e-04  1.38877e-03  1.00309e+00  9.98920e-01
9.45619e+01  1.00032e+00  2.19620e-04  1.45537e-03  1.00313e+00  9.98764e-01
9.46667e+01  1.00018e+00  1.27950e-04  1.50597e-03  1.00314e+00  9.98622e-01
9.47714e+01  1.00004e+00  3.50479e-05  1.54006e-03  1.00312e+00  9.98495e-01
9.48761e+01  9.99898e-01  -5.80500e-05  1.55731e-03  1.00306e+00  9.98385e-01
9.49808e+01  9.99758e-01  -1.50306e-04  1.55760e-03  1.00296e+00  9.98292e-01
9.50855e+01  9.99622e-01  -2.40690e-04  1.54097e-03  1.00284e+00  9.98218e-01
9.51903e+01  9.99490e-01  -3.28196e-04  1.50766e-03  1.00269e+00  9.98164e-01
9.52950e+01  9.99364e-01  -4.11848e-04  1.45809e-03  1.00250e+00  9.98130e-01
9.53997e+01  9.99246e-01  -4.90713e-04  1.39283e-03  1.00229e+00  9.98116e-01
9.55044e+01  9.99136e-01  -5.63914e-04  1.31266e-03  1.00206e+00  9.98123e-01
9.56091e+01  9.99036e-01  -6.30635e-04  1.21848e-03  1.00181e+00  9.98151e-01
9.57139e+01  9.98948e-01  -6.90137e-04  1.11137e-03  1.00153e+00  9.98198e-01
9.58186e+01  9.98871e-01  -7.41759e-04  9.92524e-04  1.00124e+00  9.98266e-01
9.59233e+01  9.98807e-01  -7.84933e-04  8.63264e-04  1.00094e+00  9.98352e-01
9.60280e+01  9.98757e-01  -8.19185e-04  7.25022e-04  1.00063e+00  9.98456e-01
9.61327e+01  9.98721e-01  -8.44145e-04  5.79320e-04  1.00031e+00  9.98577e-01
9.62375e+01  9.98699e-01  -8.59549e-04  4.27754e-04  9.99996e-01  9.98713e-01
9.63422e+01  9.98691e-01  -8.65240e-04  2.71979e-04  9.99679e-01  9.98863e-01
9.64469e+01  9.98699e-01  -8.61175e-04  1.13686e-04  9.99366e-01  9.99025e-01
9.65516e+01  9.98720e-01  -8.47422e-04  -4.54094e-05  9.99062e-01  9.99198e-01
9.66563e+01  9.98756e-01  -8.24159e-04  -2.03590e-04  9.98769e-01  9.99379e-01
9.67611e+01  9.98806e-01  -7.91673e-04  -3.59154e-04  9.98490e-01  9.99567e-01
9.68658e+01  9.98869e-01  -7.50357e-04  -5.10433e-04  9.98229e-01  9.99760e-01
9.69705e+01  9.98944e-01  -7.00701e-04  -6.55809e-04  9.97988e-01  9.99955e-01
9.70752e+01  9.99031e-01  -6.43293e-04  -7.93731e-04  9.97769e-01  1.00015e+00
9.71799e+01  9.99129e-01  -5.78804e-04  -9.22732e-04  9.97576e-01  1.00034e+00
9.72847e+01  9.99236e-01  -5.07987e-04  -1.04145e-03  9.97409e-01  1.00053e+00
9.73894e+01  9.99351e-01  -4.31663e-04  -1.14862e-03  9.97271e-01  1.00072e+00
9.74941e+01  9.99474e-01  -3.50713e-04  -1.24311e-03  9.97163e-01  1.00089e+00
9.75988e+01  9.99602e-01  -2.66065e-04  -1.32395e-03  9.97086e-01  1.00106e+00
9.77035e+01  9.99734e-01  -1.78689e-04  -1.39029e-03  9.97041e-01  1.00121e+00
9.78083e+01  9.99868e-01  -8.95785e-05  -1.44143e-03  9.97028e-01  1.00135e+00
9.79130e+01  1.00000e+00  2.56567e-07  -1.47687e-03  9.97047e-01  1.00148e+00
9.80177e+01  1.00014e+00  8.98032e-05  -1.49625e-03  9.97097e-01  1.00159e+00
9.81224e+01  1.00027e+00  1.78057e-04  -1.49938e-03  9.97179e-01  1.00168e+00
9.82271e+01  1.00040e+00  2.64032e-04  -1.48627e-03  9.97291e-01  1.00175e+00
9.83319e+01  1.00053e+00  3.46774e-04  -1.45709e-03  9.97433e-01  1.00180e+00
9.84366e+01  1.00065e+00  4.25370e-04  -1.41218e-03  9.97601e-01  1.00184e+00
9.85413e+01  1.00076e+00  4.98958e-04  -1.35205e-03  9.97795e-01  1.00185e+00
9.86460e+01  1.00086e+00  5.66735e-04  -1.27739e-03  9.98012e-01  1.00184e+00
9.87507e+01  1.00096e+00  6.27968e-04  -1.18902e-03  9.98250e-01  1.00182e+00
9.88554e+01  1.00104e+00  6.81999e-04  -1.08794e-03  9.98506e-01  1.00177e+00
9.89602e+01  1.00111e+00  7.28256e-04  -9.75244e-04  9.98778e-01  1.00170e+00
9.90649e+01  1.00117e+00  7.66252e-04  -8.52192e-04  9.99062e-01  1.00162e+00
9.91696e+01  1.00121e+00  7.95596e-04  -7.20137e-04  9.99355e-01  1.00152e+00
9.92743e+01  1.00124e+00  8.15992e-04  -5.80528e-04  9.99655e-01  1.00140e+00
9.93790e+01  1.00126e+00  8.27245e-04  -4.34897e-04  9.99957e-01  1.00126e+00
9.94838e+01  1.00126e+00  8.29259e-04  -2.84841e-04  1.00026e+00  1.00111e+00
9.95885e+01  1.00125e+00  8.22042e-04  -1.32002e-04  1.00056e+00  1.00095e+00
9.96932e+01  1.00122e+00  8.05701e-04  2.19516e-05  1.00085e+00  1.00078e+00
9.97979e+01  1.00118e+00  7.80442e-04  1.75338e-04  1.00113e+00  1.00061e+00
9.99026e+01  1.00113e+00  7.46569e-04  3.26488e-04  1.00140e+00  1.00042e+00
1.00007e+02  1.00107e+00  7.04479e-04  4.73758e-04  1.00165e+00  1.00023e+00
1.00112e+02  1.00099e+00  6.54656e-04  6.15549e-04  1.00189e+00  1.00004e+00
1.00217e+02  1.00090e+00  5.97668e-04  7.50326e-04  1.00210e+00  9.99847e-01
1.00322e+02  1.00081e+00  5.34159e-04  8.76637e-04  1.00229e+00  9.99658e-01
1.00426e+02  1.00070e+00  4.64846e-04  9.93120e-04  1.00245e+00  9.99472e-01
1.00531e+02  1.00059e+00  3.90504e-04  1.09853e-03  1.00259e+00  9.99292e-01
1.00636e+02  1.00047e+00  3.11966e-04  1.19174e-03  1.00270e+00  9.99120e-01
1.00740e+02  1.00034e+00  2.30107e-04  1.27177e-03  1.00277e+00  9.98958e-01
1.00845e+02  1.00021e+00  1.45840e-04  1.33778e-03  1.00282e+00  9.98808e-01
1.00950e+02  1.00008e+00  6.01029e-05  1.38907e-03  1.00284e+00  9.98671e-01
1.01055e+02  9.99952e-01  -2.61504e-05  1.42514e-03  1.00282e+00  9.98549e-01
1.01159e+02  9.99822e-01  -1.11960e-04  1.44563e-03  1.00278e+00  9.98442e-01
1.01264e+02  9.99694e-01  -1.96373e-04  1.45036e-03  1.00270e+00  9.98353e-01
1.01369e+02  9.99570e-01  -2.78448e-04  1.43931e-03  1.00260e+00  9.98282e-01
1.01473e+02  9.99451e-01  -3.57274e-04  1.41266e-03  1.00247e+00  9.98230e-01
1.01578e+02  9.99339e-01  -4.31972e-04  1.37073e-03  1.00231e+00  9.98197e-01
1.01683e+02  9.99234e-01  -5.01712e-04  1.31402e-03  1.00213e+00  9.98184e-01
1.01788e+02  9.99138e-01  -5.65717e-04  1.24319e-03  1.00192e+00  9.98191e-01
1.01892e+02  9.99051e-01  -6.23275e-04  1.15904e-03  1.00169e+00  9.98218e-01
1.01997e+02  9.98976e-01  -6.73747e-04  1.06252e-03  1.00145e+00  9.98264e-01
1.02102e+02  9.98912e-01  -7.16573e-04  9.54725e-04  1.00119e+00  9.98329e-01
1.02206e+02  9.98861e-01  -7.51280e-04  8.36836e-04  1.00092e+00  9.98412e-01
1.02311e+02  9.98822e-01  -7.77487e-04  7.10162e-04  1.00064e+00  9.98512e-01
1.02416e+02  9.98796e-01  -7.94908e-04  5.76097e-04  1.00036e+00  9.98629e-01
1.02521e+02  9.98784e-01  -8.03359e-04  4.36109e-04  1.00007e+00  9.98761e-01
1.02625e+02  9.98786e-01  -8.02758e-04  2.91727e-04  9.99781e-01  9.98906e-01
1.02730e+02  9.98801e-01  -7.93124e-04  1.44520e-04  9.99496e-01  9.99062e-01
1.02835e+02  9.98830e-01  -7.74583e-04  -3.91266e-06  9.99218e-01  9.99229e-01
1.02940e+02  9.98871e-01  -7.47358e-04  -1.51967e-04  9.98949e-01  9.99405e-01
1.03044e+02  9.98925e-01  -7.11774e-04  -2.98047e-04  9.98692e-01  9.99586e-01
1.03149e+02  9.98991e-01  -6.68250e-04  -4.40579e-04  9.98451e-01  9.99772e-01
1.03254e+02  9.99068e-01  -6.17297e-04  -5.78035e-04  9.98227e-01  9.99961e-01
1.03358e+02  9.99155e-01  -5.59507e-04  -7.08943e-04  9.98023e-01  1.00015e+00
1.03463e+02  9.99252e-01  -4.95551e-04  -8.31903e-04  9.97841e-01  1.00034e+00
1.03568e+02  9.99357e-01  -4.26167e-04  -9.45607e-04  9.97683e-01  1.00052e+00
1.03673e+02  9.99468e-01  -3.52154e-04  -1.04884e-03  9.97550e-01  1.00070e+00
1.03777e+02  9.99586e-01  -2.74361e-04  -1.14052e-03  9.97445e-01  1.00087e+00
1.03882e+02  9.99707e-01  -1.93679e-04  -1.21967e-03  9.97367e-01  1.00103e+00
1.03987e+02  9.99832e-01  -1.11026e-04  -1.28546e-03  9.97318e-01  1.00117e+00
1.04091e+02  9.99958e-01  -2.73412e-05  -1.33721e-03  9.97298e-01  1.00131e+00
1.04196e+02  1.00009e+00  5.64296e-05  -1.37437e-03  9.97308e-01  1.00143e+00
1.04301e+02  1.00021e+00  1.39343e-04  -1.39657e-03  9.97346e-01  1.00154e+00
1.04406e+02  1.00033e+00  2.20468e-04  -1.40359e-03  9.97413e-01  1.00162e+00
1.04510e+02  1.00045e+00  2.98900e-04  -1.39539e-03  9.97508e-01  1.00169e+00
1.04615e+02  1.00057e+00  3.73769e-04  -1.37206e-03  9.97630e-01  1.00175e+00
1.04720e+02  1.00067e+00  4.44246e-04  -1.33389e-03  9.97776e-01  1.00178e+00
1.04824e+02  1.00077e+00  5.09558e-04  -1.28132e-03  9.97947e-01  1.00179e+00
1.04929e+02  1.00086e+00  5.68992e-04  -1.21492e-03  9.98139e-01  1.00178e+00
1.05034e+02  1.00094e+00  6.21905e-04  -1.13545e-03  9.98351e-01  1.00176e+00
1.05139e+02  1.00101e+00  6.67730e-04  -1.04378e-03  9.98580e-01  1.00171e+00
1.05243e+02  1.00107e+00  7.05979e-04  -9.40932e-04  9.98824e-01  1.00165e+00
1.05348e+02  1.00112e+00  7.36253e-04  -8.28031e-04  9.99080e-01  1.00156e+00
1.05453e+02  1.00115e+00  7.58241e-04  -7.06321e-04  9.99346e-01  1.00146e+00
1.05558e+02  1.00117e+00  7.71726e-04  -5.77141e-04  9.99617e-01  1.00135e+00
1.05662e+02  1.00118e+00  7.76586e-04  -4.41906e-04  9.99893e-01  1.00122e+00
1.05767e+02  1.00117e+00  7.72792e-04  -3.02098e-04  1.00017e+00  1.00107e+00
1.05872e+02  1.00116e+00  7.60413e-04  -1.59247e-04  1.00044e+00  1.00092e+00
1.05976e+02  1.00112e+00  7.39609e-04  -1.49138e-05  1.00071e+00  1.00075e+00
1.06081e+02  1.00108e+00  7.10635e-04  1.29325e-04  1.00097e+00  1.00058e+00
1.06186e+02  1.00102e+00  6.73832e-04  2.71899e-04  1.00122e+00  1.00040e+00
1.06291e+02  1.00096e+00  6.29626e-04  4.11254e-04  1.00145e+00  1.00022e+00
1.06395e+02  1.00088e+00  5.78523e-04  5.45878e-04  1.00167e+00  1.00003e+00
1.06500e+02  1.00079e+00  5.21102e-04  6.74311e-04  1.00187e+00  9.99847e-01
1.06605e+02  1.00069e+00  4.58013e-04  7.95162e-04  1.00205e+00  9.99663e-01
1.06709e+02  1.00059e+00  3.89964e-04  9.07130e-04  1.00220e+00  9.99483e-01
1.06814e+02  1.00048e+00  3.17715e-04  1.00901e-03  1.00234e+00  9.99309e-01
1.06919e+02  1.00036e+00  2.42074e-04  1.09971e-03  1.00244e+00  9.99142e-01
1.07024e+02  1.00024e+00  1.63884e-04  1.17827e-03  1.00252e+00  9.98986e-01
1.07128e+02  1.00012e+00  8.40141e-05  1.24385e-03  1.00257e+00  9.98840e-01
1.07233e+02  1.00000e+00  3.35368e-06  1.29577e-03  1.00259e+00  9.98708e-01
