# k S000 S110 S112 S10 S11
1.04720000e-01 4.44507000e-01 5.25886000e-02 -2.11832000e-01 6.28925000e-01 1.26442000e+00
2.09440000e-01 4.45297000e-01 5.21003000e-02 -2.11214000e-01 6.29673000e-01 1.26331000e+00
3.14159000e-01 4.46615000e-01 5.12933000e-02 -2.10187000e-01 6.30919000e-01 1.26148000e+00
4.18879000e-01 4.48465000e-01 5.01774000e-02 -2.08757000e-01 6.32664000e-01 1.25893000e+00
5.23599000e-01 4.50852000e-01 4.87664000e-02 -2.06929000e-01 6.34908000e-01 1.25570000e+00
6.28319000e-01 4.53780000e-01 4.70775000e-02 -2.04714000e-01 6.37650000e-01 1.25179000e+00
7.33038000e-01 4.57258000e-01 4.51310000e-02 -2.02120000e-01 6.40892000e-01 1.24725000e+00
8.37758000e-01 4.61291000e-01 4.29503000e-02 -1.99159000e-01 6.44632000e-01 1.24211000e+00
9.42478000e-01 4.65891000e-01 4.05609000e-02 -1.95845000e-01 6.48870000e-01 1.23641000e+00
1.04720000e+00 4.71067000e-01 3.79906000e-02 -1.92193000e-01 6.53605000e-01 1.23018000e+00
1.15192000e+00 4.76829000e-01 3.52687000e-02 -1.88216000e-01 6.58837000e-01 1.22348000e+00
1.25664000e+00 4.83190000e-01 3.24256000e-02 -1.83932000e-01 6.64562000e-01 1.21636000e+00
1.36136000e+00 4.90163000e-01 2.94924000e-02 -1.79357000e-01 6.70778000e-01 1.20885000e+00
1.46608000e+00 4.97760000e-01 2.65006000e-02 -1.74509000e-01 6.77482000e-01 1.20101000e+00
1.57080000e+00 5.05996000e-01 2.34814000e-02 -1.69406000e-01 6.84669000e-01 1.19289000e+00
1.67552000e+00 5.14883000e-01 2.04654000e-02 -1.64066000e-01 6.92333000e-01 1.18453000e+00
1.78024000e+00 5.24435000e-01 1.74823000e-02 -1.58508000e-01 7.00466000e-01 1.17599000e+00
1.88496000e+00 5.34667000e-01 1.45603000e-02 -1.52751000e-01 7.09059000e-01 1.16731000e+00
1.98968000e+00 5.45589000e-01 1.17263000e-02 -1.46812000e-01 7.18101000e-01 1.15854000e+00
2.09440000e+00 5.57214000e-01 9.00490000e-03 -1.40713000e-01 7.27579000e-01 1.14972000e+00
2.19911000e+00 5.69550000e-01 6.41883000e-03 -1.34471000e-01 7.37477000e-01 1.14089000e+00
2.30383000e+00 5.82606000e-01 3.98827000e-03 -1.28106000e-01 7.47777000e-01 1.13209000e+00
2.40855000e+00 5.96386000e-01 1.73091000e-03 -1.21637000e-01 7.58457000e-01 1.12337000e+00
2.51327000e+00 6.10891000e-01 -3.38320000e-04 -1.15084000e-01 7.69493000e-01 1.11475000e+00
2.61799000e+00 6.26119000e-01 -2.20726000e-03 -1.08467000e-01 7.80858000e-01 1.10626000e+00
2.72271000e+00 6.42060000e-01 -3.86666000e-03 -1.01806000e-01 7.92522000e-01 1.09794000e+00
2.82743000e+00 6.58701000e-01 -5.31018000e-03 -9.51203000e-02 8.04449000e-01 1.08981000e+00
2.93215000e+00 6.76022000e-01 -6.53443000e-03 -8.84316000e-02 8.16602000e-01 1.08190000e+00
3.03687000e+00 6.93993000e-01 -7.53891000e-03 -8.17607000e-02 8.28940000e-01 1.07422000e+00
3.14159000e+00 7.12578000e-01 -8.32596000e-03 -7.51288000e-02 8.41417000e-01 1.06680000e+00
3.24631000e+00 7.31729000e-01 -8.90064000e-03 -6.85576000e-02 8.53984000e-01 1.05966000e+00
3.35103000e+00 7.51390000e-01 -9.27063000e-03 -6.20693000e-02 8.66591000e-01 1.05280000e+00
3.45575000e+00 7.71492000e-01 -9.44602000e-03 -5.56859000e-02 8.79182000e-01 1.04624000e+00
3.56047000e+00 7.91955000e-01 -9.43913000e-03 -4.94300000e-02 8.91701000e-01 1.03999000e+00
3.66519000e+00 8.12688000e-01 -9.26427000e-03 -4.33238000e-02 9.04088000e-01 1.03406000e+00
3.76991000e+00 8.33586000e-01 -8.93744000e-03 -3.73896000e-02 9.16283000e-01 1.02845000e+00
3.87463000e+00 8.54535000e-01 -8.47607000e-03 -3.16492000e-02 9.28226000e-01 1.02317000e+00
3.97935000e+00 8.75410000e-01 -7.89865000e-03 -2.61240000e-02 9.39853000e-01 1.01823000e+00
4.08407000e+00 8.96076000e-01 -7.22443000e-03 -2.08345000e-02 9.51107000e-01 1.01361000e+00
4.18879000e+00 9.16390000e-01 -6.47303000e-03 -1.58000000e-02 9.61927000e-01 1.00933000e+00
4.29351000e+00 9.36206000e-01 -5.66410000e-03 -1.10388000e-02 9.72258000e-01 1.00537000e+00
4.39823000e+00 9.55373000e-01 -4.81694000e-03 -6.56727000e-03 9.82049000e-01 1.00175000e+00
4.50295000e+00 9.73744000e-01 -3.95020000e-03 -2.40005000e-03 9.91250000e-01 9.98450000e-01
4.60767000e+00 9.91173000e-01 -3.08148000e-03 1.45035000e-03 9.99819000e-01 9.95468000e-01
4.71239000e+00 1.00752000e+00 -2.22713000e-03 4.97376000e-03 1.00772000e+00 9.92799000e-01
4.81711000e+00 1.02267000e+00 -1.40192000e-03 8.16252000e-03 1.01492000e+00 9.90436000e-01
4.92183000e+00 1.03651000e+00 -6.18875000e-04 1.10116000e-02 1.02140000e+00 9.88369000e-01
5.02655000e+00 1.04893000e+00 1.10876000e-04 1.35189000e-02 1.02715000e+00 9.86592000e-01
5.13127000e+00 1.05988000e+00 7.78231000e-04 1.56849000e-02 1.03215000e+00 9.85093000e-01
5.23599000e+00 1.06930000e+00 1.37614000e-03 1.75130000e-02 1.03640000e+00 9.83863000e-01
5.34071000e+00 1.07717000e+00 1.89960000e-03 1.90093000e-02 1.03992000e+00 9.82890000e-01
5.44543000e+00 1.08347000e+00 2.34558000e-03 2.01826000e-02 1.04271000e+00 9.82163000e-01
5.55015000e+00 1.08824000e+00 2.71296000e-03 2.10440000e-02 1.04480000e+00 9.81669000e-01
5.65487000e+00 1.09152000e+00 3.00230000e-03 2.16070000e-02 1.04622000e+00 9.81395000e-01
5.75959000e+00 1.09336000e+00 3.21575000e-03 2.18872000e-02 1.04699000e+00 9.81329000e-01
5.86431000e+00 1.09386000e+00 3.35678000e-03 2.19017000e-02 1.04716000e+00 9.81455000e-01
5.96903000e+00 1.09309000e+00 3.42997000e-03 2.16693000e-02 1.04677000e+00 9.81761000e-01
6.07375000e+00 1.09118000e+00 3.44080000e-03 2.12099000e-02 1.04586000e+00 9.82231000e-01
6.17847000e+00 1.08823000e+00 3.39541000e-03 2.05445000e-02 1.04448000e+00 9.82851000e-01
6.28319000e+00 1.08437000e+00 3.30037000e-03 1.96944000e-02 1.04269000e+00 9.83606000e-01
6.38791000e+00 1.07972000e+00 3.16249000e-03 1.86815000e-02 1.04053000e+00 9.84481000e-01
6.49262000e+00 1.07441000e+00 2.98863000e-03 1.75277000e-02 1.03804000e+00 9.85461000e-01
6.59734000e+00 1.06855000e+00 2.78551000e-03 1.62548000e-02 1.03530000e+00 9.86531000e-01
6.70206000e+00 1.06227000e+00 2.55960000e-03 1.48842000e-02 1.03233000e+00 9.87675000e-01
6.80678000e+00 1.05567000e+00 2.31699000e-03 1.34368000e-02 1.02919000e+00 9.88880000e-01
6.91150000e+00 1.04887000e+00 2.06330000e-03 1.19326000e-02 1.02593000e+00 9.90131000e-01
7.01622000e+00 1.04195000e+00 1.80363000e-03 1.03909000e-02 1.02259000e+00 9.91413000e-01
7.12094000e+00 1.03501000e+00 1.54249000e-03 8.83009000e-03 1.01920000e+00 9.92712000e-01
7.22566000e+00 1.02814000e+00 1.28384000e-03 7.26725000e-03 1.01582000e+00 9.94017000e-01
7.33038000e+00 1.02139000e+00 1.03102000e-03 5.71845000e-03 1.01247000e+00 9.95313000e-01
7.43510000e+00 1.01484000e+00 7.86813000e-04 4.19851000e-03 1.00918000e+00 9.96588000e-01
7.53982000e+00 1.00854000e+00 5.53477000e-04 2.72099000e-03 1.00600000e+00 9.97832000e-01
7.64454000e+00 1.00255000e+00 3.32762000e-04 1.29819000e-03 1.00293000e+00 9.99035000e-01
7.74926000e+00 9.96891000e-01 1.25972000e-04 -5.89083000e-05 1.00001000e+00 1.00018000e+00
7.85398000e+00 9.91611000e-01 -6.59817000e-05 -1.34059000e-03 9.97253000e-01 1.00127000e+00
7.95870000e+00 9.86735000e-01 -2.42528000e-04 -2.53843000e-03 9.94681000e-01 1.00230000e+00
8.06342000e+00 9.82284000e-01 -4.03377000e-04 -3.64527000e-03 9.92306000e-01 1.00324000e+00
8.16814000e+00 9.78274000e-01 -5.48472000e-04 -4.65518000e-03 9.90141000e-01 1.00411000e+00
8.27286000e+00 9.74718000e-01 -6.77933000e-04 -5.56343000e-03 9.88195000e-01 1.00489000e+00
8.37758000e+00 9.71623000e-01 -7.92017000e-04 -6.36648000e-03 9.86475000e-01 1.00557000e+00
8.48230000e+00 9.68990000e-01 -8.91074000e-04 -7.06190000e-03 9.84985000e-01 1.00617000e+00
8.58702000e+00 9.66819000e-01 -9.75515000e-04 -7.64835000e-03 9.83728000e-01 1.00667000e+00
8.69174000e+00 9.65105000e-01 -1.04578000e-03 -8.12551000e-03 9.82703000e-01 1.00708000e+00
8.79646000e+00 9.63842000e-01 -1.10234000e-03 -8.49406000e-03 9.81910000e-01 1.00739000e+00
8.90118000e+00 9.63017000e-01 -1.14564000e-03 -8.75560000e-03 9.81343000e-01 1.00761000e+00
9.00590000e+00 9.62617000e-01 -1.17613000e-03 -8.91260000e-03 9.80999000e-01 1.00774000e+00
9.11062000e+00 9.62627000e-01 -1.19425000e-03 -8.96836000e-03 9.80869000e-01 1.00777000e+00
9.21534000e+00 9.63028000e-01 -1.20042000e-03 -8.92693000e-03 9.80946000e-01 1.00773000e+00
9.32006000e+00 9.63799000e-01 -1.19506000e-03 -8.79302000e-03 9.81219000e-01 1.00760000e+00
9.42478000e+00 9.64917000e-01 -1.17860000e-03 -8.57202000e-03 9.81677000e-01 1.00739000e+00
9.52950000e+00 9.66359000e-01 -1.15146000e-03 -8.26984000e-03 9.82309000e-01 1.00712000e+00
9.63422000e+00 9.68098000e-01 -1.11413000e-03 -7.89291000e-03 9.83100000e-01 1.00678000e+00
9.73894000e+00 9.70106000e-01 -1.06710000e-03 -7.44809000e-03 9.84037000e-01 1.00638000e+00
9.84366000e+00 9.72354000e-01 -1.01093000e-03 -6.94259000e-03 9.85104000e-01 1.00593000e+00
9.94838000e+00 9.74811000e-01 -9.46229000e-04 -6.38390000e-03 9.86286000e-01 1.00544000e+00
1.00531000e+01 9.77446000e-01 -8.73684000e-04 -5.77976000e-03 9.87567000e-01 1.00491000e+00
1.01578000e+01 9.80228000e-01 -7.94053000e-04 -5.13802000e-03 9.88930000e-01 1.00434000e+00
1.02625000e+01 9.83122000e-01 -7.08170000e-04 -4.46663000e-03 9.90359000e-01 1.00376000e+00
1.03673000e+01 9.86097000e-01 -6.16947000e-04 -3.77354000e-03 9.91836000e-01 1.00316000e+00
1.04720000e+01 9.89119000e-01 -5.21368000e-04 -3.06665000e-03 9.93345000e-01 1.00255000e+00
1.05767000e+01 9.92155000e-01 -4.22482000e-04 -2.35370000e-03 9.94870000e-01 1.00193000e+00
1.06814000e+01 9.95172000e-01 -3.21393000e-04 -1.64226000e-03 9.96394000e-01 1.00132000e+00
1.07861000e+01 9.98140000e-01 -2.19249000e-04 -9.39617000e-04 9.97902000e-01 1.00072000e+00
1.08909000e+01 1.00103000e+00 -1.17222000e-04 -2.52745000e-04 9.99377000e-01 1.00014000e+00
1.09956000e+01 1.00381000e+00 -1.64937000e-05 4.11770000e-04 1.00081000e+00 9.99572000e-01
1.11003000e+01 1.00645000e+00 8.17634000e-05 1.04778000e-03 1.00218000e+00 9.99034000e-01
1.12050000e+01 1.00893000e+00 1.76408000e-04 1.64961000e-03 1.00348000e+00 9.98527000e-01
1.13097000e+01 1.01123000e+00 2.66348000e-04 2.21213000e-03 1.00469000e+00 9.98054000e-01
1.14145000e+01 1.01333000e+00 3.50560000e-04 2.73077000e-03 1.00581000e+00 9.97620000e-01
1.15192000e+01 1.01520000e+00 4.28108000e-04 3.20155000e-03 1.00683000e+00 9.97227000e-01
1.16239000e+01 1.01684000e+00 4.98161000e-04 3.62112000e-03 1.00774000e+00 9.96877000e-01
1.17286000e+01 1.01823000e+00 5.60005000e-04 3.98679000e-03 1.00853000e+00 9.96573000e-01
1.18333000e+01 1.01937000e+00 6.13056000e-04 4.29648000e-03 1.00921000e+00 9.96317000e-01
1.19381000e+01 1.02025000e+00 6.56868000e-04 4.54880000e-03 1.00975000e+00 9.96108000e-01
1.20428000e+01 1.02086000e+00 6.91140000e-04 4.74299000e-03 1.01018000e+00 9.95948000e-01
1.21475000e+01 1.02122000e+00 7.15719000e-04 4.87893000e-03 1.01047000e+00 9.95837000e-01
1.22522000e+01 1.02132000e+00 7.30593000e-04 4.95715000e-03 1.01064000e+00 9.95773000e-01
1.23569000e+01 1.02118000e+00 7.35897000e-04 4.97874000e-03 1.01069000e+00 9.95757000e-01
1.24617000e+01 1.02080000e+00 7.31896000e-04 4.94536000e-03 1.01062000e+00 9.95787000e-01
1.25664000e+01 1.02019000e+00 7.18984000e-04 4.85923000e-03 1.01044000e+00 9.95860000e-01
1.26711000e+01 1.01937000e+00 6.97665000e-04 4.72302000e-03 1.01014000e+00 9.95975000e-01
1.27758000e+01 1.01836000e+00 6.68544000e-04 4.53986000e-03 1.00975000e+00 9.96129000e-01
1.28805000e+01 1.01718000e+00 6.32310000e-04 4.31328000e-03 1.00926000e+00 9.96319000e-01
1.29852000e+01 1.01584000e+00 5.89722000e-04 4.04714000e-03 1.00868000e+00 9.96543000e-01
1.30900000e+01 1.01436000e+00 5.41588000e-04 3.74560000e-03 1.00803000e+00 9.96796000e-01
1.31947000e+01 1.01278000e+00 4.88756000e-04 3.41305000e-03 1.00731000e+00 9.97076000e-01
1.32994000e+01 1.01110000e+00 4.32092000e-04 3.05405000e-03 1.00654000e+00 9.97378000e-01
1.34041000e+01 1.00935000e+00 3.72466000e-04 2.67331000e-03 1.00572000e+00 9.97699000e-01
1.35088000e+01 1.00756000e+00 3.10740000e-04 2.27558000e-03 1.00486000e+00 9.98035000e-01
1.36136000e+01 1.00574000e+00 2.47754000e-04 1.86564000e-03 1.00398000e+00 9.98382000e-01
1.37183000e+01 1.00392000e+00 1.84317000e-04 1.44825000e-03 1.00308000e+00 9.98736000e-01
1.38230000e+01 1.00211000e+00 1.21195000e-04 1.02808000e-03 1.00218000e+00 9.99093000e-01
1.39277000e+01 1.00034000e+00 5.91034000e-05 6.09675000e-04 1.00128000e+00 9.99449000e-01
1.40324000e+01 9.98619000e-01 -1.29672000e-06 1.97408000e-04 1.00039000e+00 9.99801000e-01
1.41372000e+01 9.96970000e-01 -5.94040000e-05 -2.04549000e-04 9.99531000e-01 1.00015000e+00
1.42419000e+01 9.95405000e-01 -1.14680000e-04 -5.92264000e-04 9.98701000e-01 1.00048000e+00
1.43466000e+01 9.93940000e-01 -1.66648000e-04 -9.62081000e-04 9.97909000e-01 1.00080000e+00
1.44513000e+01 9.92586000e-01 -2.14898000e-04 -1.31064000e-03 9.97164000e-01 1.00110000e+00
1.45560000e+01 9.91354000e-01 -2.59080000e-04 -1.63491000e-03 9.96471000e-01 1.00138000e+00
1.46608000e+01 9.90253000e-01 -2.98907000e-04 -1.93220000e-03 9.95837000e-01 1.00163000e+00
1.47655000e+01 9.89291000e-01 -3.34147000e-04 -2.20016000e-03 9.95266000e-01 1.00187000e+00
1.48702000e+01 9.88474000e-01 -3.64627000e-04 -2.43685000e-03 9.94762000e-01 1.00207000e+00
1.49749000e+01 9.87805000e-01 -3.90226000e-04 -2.64066000e-03 9.94328000e-01 1.00225000e+00
1.50796000e+01 9.87288000e-01 -4.10868000e-04 -2.81040000e-03 9.93968000e-01 1.00240000e+00
1.51844000e+01 9.86924000e-01 -4.26529000e-04 -2.94523000e-03 9.93683000e-01 1.00252000e+00
1.52891000e+01 9.86712000e-01 -4.37223000e-04 -3.04471000e-03 9.93473000e-01 1.00261000e+00
1.53938000e+01 9.86649000e-01 -4.43005000e-04 -3.10877000e-03 9.93339000e-01 1.00267000e+00
1.54985000e+01 9.86734000e-01 -4.43971000e-04 -3.13770000e-03 9.93281000e-01 1.00269000e+00
1.56032000e+01 9.86961000e-01 -4.40248000e-04 -3.13213000e-03 9.93295000e-01 1.00269000e+00
1.57080000e+01 9.87323000e-01 -4.31998000e-04 -3.09304000e-03 9.93382000e-01 1.00266000e+00
1.58127000e+01 9.87815000e-01 -4.19416000e-04 -3.02171000e-03 9.93537000e-01 1.00260000e+00
1.59174000e+01 9.88426000e-01 -4.02726000e-04 -2.91974000e-03 9.93758000e-01 1.00252000e+00
1.60221000e+01 9.89149000e-01 -3.82181000e-04 -2.78897000e-03 9.94040000e-01 1.00241000e+00
1.61268000e+01 9.89973000e-01 -3.58062000e-04 -2.63153000e-03 9.94379000e-01 1.00227000e+00
1.62316000e+01 9.90887000e-01 -3.30675000e-04 -2.44974000e-03 9.94770000e-01 1.00212000e+00
1.63363000e+01 9.91879000e-01 -3.00354000e-04 -2.24612000e-03 9.95207000e-01 1.00195000e+00
1.64410000e+01 9.92936000e-01 -2.67451000e-04 -2.02336000e-03 9.95686000e-01 1.00176000e+00
1.65457000e+01 9.94047000e-01 -2.32344000e-04 -1.78429000e-03 9.96199000e-01 1.00155000e+00
1.66504000e+01 9.95197000e-01 -1.95425000e-04 -1.53183000e-03 9.96741000e-01 1.00134000e+00
1.67552000e+01 9.96374000e-01 -1.57106000e-04 -1.26898000e-03 9.97305000e-01 1.00111000e+00
1.68599000e+01 9.97564000e-01 -1.17809000e-04 -9.98775000e-04 9.97885000e-01 1.00088000e+00
1.69646000e+01 9.98755000e-01 -7.79643000e-05 -7.24270000e-04 9.98473000e-01 1.00065000e+00
1.70693000e+01 9.99932000e-01 -3.80085000e-05 -4.48484000e-04 9.99065000e-01 1.00041000e+00
1.71740000e+01 1.00108000e+00 1.62202000e-06 -1.74387000e-04 9.99653000e-01 1.00018000e+00
1.72788000e+01 1.00220000e+00 4.04958000e-05 9.51322000e-05 1.00023000e+00 9.99945000e-01
1.73835000e+01 1.00326000e+00 7.81906000e-05 3.57299000e-04 1.00079000e+00 9.99721000e-01
1.74882000e+01 1.00427000e+00 1.14299000e-04 6.09477000e-04 1.00133000e+00 9.99505000e-01
1.75929000e+01 1.00520000e+00 1.48434000e-04 8.49190000e-04 1.00185000e+00 9.99299000e-01
1.76976000e+01 1.00606000e+00 1.80233000e-04 1.07415000e-03 1.00233000e+00 9.99106000e-01
1.78024000e+01 1.00683000e+00 2.09363000e-04 1.28228000e-03 1.00277000e+00 9.98927000e-01
1.79071000e+01 1.00751000e+00 2.35527000e-04 1.47171000e-03 1.00318000e+00 9.98764000e-01
1.80118000e+01 1.00808000e+00 2.58466000e-04 1.64084000e-03 1.00354000e+00 9.98618000e-01
1.81165000e+01 1.00856000e+00 2.77963000e-04 1.78829000e-03 1.00385000e+00 9.98490000e-01
1.82212000e+01 1.00892000e+00 2.93845000e-04 1.91297000e-03 1.00412000e+00 9.98381000e-01
1.83260000e+01 1.00918000e+00 3.05990000e-04 2.01403000e-03 1.00433000e+00 9.98292000e-01
1.84307000e+01 1.00933000e+00 3.14321000e-04 2.09092000e-03 1.00450000e+00 9.98223000e-01
1.85354000e+01 1.00937000e+00 3.18812000e-04 2.14334000e-03 1.00461000e+00 9.98175000e-01
1.86401000e+01 1.00930000e+00 3.19487000e-04 2.17128000e-03 1.00466000e+00 9.98148000e-01
1.87448000e+01 1.00913000e+00 3.16416000e-04 2.17497000e-03 1.00467000e+00 9.98141000e-01
1.88496000e+01 1.00887000e+00 3.09718000e-04 2.15492000e-03 1.00462000e+00 9.98155000e-01
1.89543000e+01 1.00851000e+00 2.99553000e-04 2.11186000e-03 1.00452000e+00 9.98188000e-01
1.90590000e+01 1.00806000e+00 2.86122000e-04 2.04678000e-03 1.00438000e+00 9.98239000e-01
1.91637000e+01 1.00753000e+00 2.69664000e-04 1.96086000e-03 1.00419000e+00 9.98309000e-01
1.92684000e+01 1.00692000e+00 2.50449000e-04 1.85549000e-03 1.00396000e+00 9.98395000e-01
1.93732000e+01 1.00626000e+00 2.28775000e-04 1.73224000e-03 1.00369000e+00 9.98497000e-01
1.94779000e+01 1.00554000e+00 2.04960000e-04 1.59282000e-03 1.00339000e+00 9.98612000e-01
1.95826000e+01 1.00477000e+00 1.79343000e-04 1.43910000e-03 1.00306000e+00 9.98740000e-01
1.96873000e+01 1.00396000e+00 1.52271000e-04 1.27305000e-03 1.00270000e+00 9.98879000e-01
1.97920000e+01 1.00313000e+00 1.24103000e-04 1.09672000e-03 1.00232000e+00 9.99027000e-01
1.98968000e+01 1.00229000e+00 9.51936000e-05 9.12232000e-04 1.00192000e+00 9.99183000e-01
2.00015000e+01 1.00143000e+00 6.58991000e-05 7.21756000e-04 1.00151000e+00 9.99344000e-01
2.01062000e+01 1.00058000e+00 3.65664000e-05 5.27466000e-04 1.00109000e+00 9.99509000e-01
2.02109000e+01 9.99740000e-01 7.53150000e-06 3.31532000e-04 1.00067000e+00 9.99676000e-01
2.03156000e+01 9.98921000e-01 -2.08850000e-05 1.36093000e-04 1.00025000e+00 9.99843000e-01
2.04204000e+01 9.98131000e-01 -4.83806000e-05 -5.67609000e-05 9.99838000e-01 1.00001000e+00
2.05251000e+01 9.97379000e-01 -7.46740000e-05 -2.45016000e-04 9.99435000e-01 1.00017000e+00
2.06298000e+01 9.96672000e-01 -9.95070000e-05 -4.26751000e-04 9.99047000e-01 1.00033000e+00
2.07345000e+01 9.96016000e-01 -1.22646000e-04 -6.00152000e-04 9.98677000e-01 1.00048000e+00
2.08392000e+01 9.95417000e-01 -1.43885000e-04 -7.63535000e-04 9.98329000e-01 1.00062000e+00
2.09440000e+01 9.94882000e-01 -1.63045000e-04 -9.15356000e-04 9.98006000e-01 1.00075000e+00
2.10487000e+01 9.94413000e-01 -1.79973000e-04 -1.05423000e-03 9.97712000e-01 1.00087000e+00
2.11534000e+01 9.94016000e-01 -1.94546000e-04 -1.17892000e-03 9.97448000e-01 1.00098000e+00
2.12581000e+01 9.93692000e-01 -2.06669000e-04 -1.28839000e-03 9.97217000e-01 1.00108000e+00
2.13628000e+01 9.93444000e-01 -2.16273000e-04 -1.38178000e-03 9.97020000e-01 1.00117000e+00
2.14675000e+01 9.93272000e-01 -2.23319000e-04 -1.45839000e-03 9.96860000e-01 1.00124000e+00
2.15723000e+01 9.93178000e-01 -2.27791000e-04 -1.51774000e-03 9.96737000e-01 1.00129000e+00
2.16770000e+01 9.93161000e-01 -2.29701000e-04 -1.55953000e-03 9.96651000e-01 1.00133000e+00
2.17817000e+01 9.93219000e-01 -2.29085000e-04 -1.58366000e-03 9.96604000e-01 1.00135000e+00
2.18864000e+01 9.93351000e-01 -2.26001000e-04 -1.59020000e-03 9.96594000e-01 1.00136000e+00
2.19911000e+01 9.93554000e-01 -2.20531000e-04 -1.57942000e-03 9.96621000e-01 1.00136000e+00
2.20959000e+01 9.93823000e-01 -2.12777000e-04 -1.55176000e-03 9.96684000e-01 1.00134000e+00
2.22006000e+01 9.94156000e-01 -2.02864000e-04 -1.50783000e-03 9.96781000e-01 1.00130000e+00
2.23053000e+01 9.94548000e-01 -1.90930000e-04 -1.44840000e-03 9.96912000e-01 1.00126000e+00
2.24100000e+01 9.94992000e-01 -1.77136000e-04 -1.37440000e-03 9.97074000e-01 1.00120000e+00
2.25147000e+01 9.95484000e-01 -1.61654000e-04 -1.28687000e-03 9.97265000e-01 1.00113000e+00
2.26195000e+01 9.96018000e-01 -1.44673000e-04 -1.18701000e-03 9.97481000e-01 1.00104000e+00
2.27242000e+01 9.96586000e-01 -1.26394000e-04 -1.07611000e-03 9.97721000e-01 1.00095000e+00
2.28289000e+01 9.97182000e-01 -1.07027000e-04 -9.55546000e-04 9.97982000e-01 1.00085000e+00
2.29336000e+01 9.97800000e-01 -8.67938000e-05 -8.26793000e-04 9.98260000e-01 1.00074000e+00
2.30383000e+01 9.98431000e-01 -6.59203000e-05 -6.91375000e-04 9.98551000e-01 1.00063000e+00
2.31431000e+01 9.99069000e-01 -4.46387000e-05 -5.50864000e-04 9.98854000e-01 1.00051000e+00
2.32478000e+01 9.99707000e-01 -2.31834000e-05 -4.06859000e-04 9.99163000e-01 1.00038000e+00
2.33525000e+01 1.00034000e+00 -1.78916000e-06 -2.60971000e-04 9.99476000e-01 1.00026000e+00
2.34572000e+01 1.00095000e+00 1.93116000e-05 -1.14803000e-04 9.99790000e-01 1.00013000e+00
2.35619000e+01 1.00155000e+00 3.98907000e-05 3.00661000e-05 1.00010000e+00 1.00001000e+00
2.36667000e+01 1.00212000e+00 5.97273000e-05 1.72096000e-04 1.00040000e+00 9.99888000e-01
2.37714000e+01 1.00265000e+00 7.86100000e-05 3.09803000e-04 1.00070000e+00 9.99769000e-01
2.38761000e+01 1.00315000e+00 9.63390000e-05 4.41774000e-04 1.00098000e+00 9.99655000e-01
2.39808000e+01 1.00360000e+00 1.12729000e-04 5.66681000e-04 1.00125000e+00 9.99546000e-01
2.40855000e+01 1.00401000e+00 1.27612000e-04 6.83294000e-04 1.00149000e+00 9.99444000e-01
2.41903000e+01 1.00437000e+00 1.40836000e-04 7.90490000e-04 1.00172000e+00 9.99350000e-01
2.42950000e+01 1.00467000e+00 1.52272000e-04 8.87270000e-04 1.00193000e+00 9.99265000e-01
2.43997000e+01 1.00491000e+00 1.61811000e-04 9.72760000e-04 1.00211000e+00 9.99189000e-01
2.45044000e+01 1.00509000e+00 1.69370000e-04 1.04622000e-03 1.00226000e+00 9.99123000e-01
2.46091000e+01 1.00522000e+00 1.74887000e-04 1.10707000e-03 1.00239000e+00 9.99068000e-01
2.47139000e+01 1.00528000e+00 1.78326000e-04 1.15484000e-03 1.00249000e+00 9.99023000e-01
2.48186000e+01 1.00528000e+00 1.79676000e-04 1.18925000e-03 1.00256000e+00 9.98990000e-01
2.49233000e+01 1.00523000e+00 1.78953000e-04 1.21013000e-03 1.00260000e+00 9.98969000e-01
2.50280000e+01 1.00511000e+00 1.76195000e-04 1.21750000e-03 1.00261000e+00 9.98959000e-01
2.51327000e+01 1.00494000e+00 1.71466000e-04 1.21149000e-03 1.00259000e+00 9.98960000e-01
2.52375000e+01 1.00472000e+00 1.64852000e-04 1.19240000e-03 1.00255000e+00 9.98972000e-01
2.53422000e+01 1.00445000e+00 1.56459000e-04 1.16064000e-03 1.00248000e+00 9.98996000e-01
2.54469000e+01 1.00413000e+00 1.46416000e-04 1.11677000e-03 1.00238000e+00 9.99030000e-01
2.55516000e+01 1.00378000e+00 1.34865000e-04 1.06147000e-03 1.00226000e+00 9.99073000e-01
2.56563000e+01 1.00338000e+00 1.21969000e-04 9.95527000e-04 1.00211000e+00 9.99126000e-01
2.57611000e+01 1.00296000e+00 1.07899000e-04 9.19827000e-04 1.00195000e+00 9.99188000e-01
2.58658000e+01 1.00251000e+00 9.28397000e-05 8.35354000e-04 1.00176000e+00 9.99257000e-01
2.59705000e+01 1.00204000e+00 7.69828000e-05 7.43165000e-04 1.00156000e+00 9.99334000e-01
2.60752000e+01 1.00155000e+00 6.05255000e-05 6.44386000e-04 1.00135000e+00 9.99416000e-01
2.61799000e+01 1.00105000e+00 4.36677000e-05 5.40193000e-04 1.00112000e+00 9.99503000e-01
2.62847000e+01 1.00055000e+00 2.66097000e-05 4.31802000e-04 1.00089000e+00 9.99595000e-01
2.63894000e+01 1.00006000e+00 9.54954000e-06 3.20453000e-04 1.00065000e+00 9.99689000e-01
2.64941000e+01 9.99567000e-01 -7.31933000e-06 2.07398000e-04 1.00041000e+00 9.99785000e-01
2.65988000e+01 9.99089000e-01 -2.38101000e-05 9.38864000e-05 1.00016000e+00 9.99882000e-01
2.67035000e+01 9.98629000e-01 -3.97448000e-05 -1.88484000e-05 9.99923000e-01 9.99979000e-01
2.68083000e+01 9.98192000e-01 -5.49559000e-05 -1.29601000e-04 9.99686000e-01 1.00007000e+00
2.69130000e+01 9.97781000e-01 -6.92880000e-05 -2.37209000e-04 9.99456000e-01 1.00017000e+00
2.70177000e+01 9.97402000e-01 -8.25991000e-05 -3.40559000e-04 9.99236000e-01 1.00026000e+00
2.71224000e+01 9.97057000e-01 -9.47620000e-05 -4.38604000e-04 9.99028000e-01 1.00034000e+00
2.72271000e+01 9.96750000e-01 -1.05665000e-04 -5.30371000e-04 9.98834000e-01 1.00042000e+00
2.73319000e+01 9.96484000e-01 -1.15212000e-04 -6.14968000e-04 9.98655000e-01 1.00050000e+00
2.74366000e+01 9.96260000e-01 -1.23325000e-04 -6.91594000e-04 9.98493000e-01 1.00057000e+00
2.75413000e+01 9.96082000e-01 -1.29942000e-04 -7.59546000e-04 9.98351000e-01 1.00063000e+00
2.76460000e+01 9.95949000e-01 -1.35018000e-04 -8.18226000e-04 9.98229000e-01 1.00068000e+00
2.77507000e+01 9.95863000e-01 -1.38526000e-04 -8.67143000e-04 9.98127000e-01 1.00073000e+00
2.78555000e+01 9.95824000e-01 -1.40456000e-04 -9.05918000e-04 9.98048000e-01 1.00077000e+00
2.79602000e+01 9.95832000e-01 -1.40813000e-04 -9.34286000e-04 9.97991000e-01 1.00079000e+00
2.80649000e+01 9.95885000e-01 -1.39621000e-04 -9.52097000e-04 9.97956000e-01 1.00081000e+00
2.81696000e+01 9.95984000e-01 -1.36916000e-04 -9.59316000e-04 9.97944000e-01 1.00082000e+00
2.82743000e+01 9.96125000e-01 -1.32751000e-04 -9.56022000e-04 9.97955000e-01 1.00082000e+00
2.83791000e+01 9.96308000e-01 -1.27193000e-04 -9.42404000e-04 9.97988000e-01 1.00082000e+00
2.84838000e+01 9.96528000e-01 -1.20323000e-04 -9.18761000e-04 9.98042000e-01 1.00080000e+00
2.85885000e+01 9.96784000e-01 -1.12231000e-04 -8.85492000e-04 9.98117000e-01 1.00077000e+00
2.86932000e+01 9.97072000e-01 -1.03021000e-04 -8.43095000e-04 9.98211000e-01 1.00074000e+00
2.87979000e+01 9.97389000e-01 -9.28079000e-05 -7.92157000e-04 9.98323000e-01 1.00070000e+00
2.89027000e+01 9.97730000e-01 -8.17125000e-05 -7.33350000e-04 9.98452000e-01 1.00065000e+00
2.90074000e+01 9.98092000e-01 -6.98654000e-05 -6.67419000e-04 9.98595000e-01 1.00060000e+00
2.91121000e+01 9.98470000e-01 -5.74031000e-05 -5.95176000e-04 9.98752000e-01 1.00054000e+00
2.92168000e+01 9.98860000e-01 -4.44673000e-05 -5.17490000e-04 9.98921000e-01 1.00047000e+00
2.93215000e+01 9.99258000e-01 -3.12031000e-05 -4.35275000e-04 9.99098000e-01 1.00040000e+00
2.94263000e+01 9.99659000e-01 -1.77582000e-05 -3.49484000e-04 9.99283000e-01 1.00033000e+00
2.95310000e+01 1.00006000e+00 -4.28066000e-06 -2.61091000e-04 9.99474000e-01 1.00026000e+00
2.96357000e+01 1.00045000e+00 9.08188000e-06 -1.71089000e-04 9.99667000e-01 1.00018000e+00
2.97404000e+01 1.00083000e+00 2.21843000e-05 -8.04743000e-05 9.99861000e-01 1.00010000e+00
2.98451000e+01 1.00120000e+00 3.48851000e-05 9.76519000e-06 1.00005000e+00 1.00003000e+00
2.99498000e+01 1.00155000e+00 4.70483000e-05 9.86572000e-05 1.00024000e+00 9.99948000e-01
3.00546000e+01 1.00188000e+00 5.85445000e-05 1.85257000e-04 1.00043000e+00 9.99873000e-01
3.01593000e+01 1.00219000e+00 6.92526000e-05 2.68658000e-04 1.00061000e+00 9.99801000e-01
3.02640000e+01 1.00246000e+00 7.90611000e-05 3.47999000e-04 1.00078000e+00 9.99731000e-01
3.03687000e+01 1.00271000e+00 8.78692000e-05 4.22475000e-04 1.00093000e+00 9.99665000e-01
3.04734000e+01 1.00292000e+00 9.55881000e-05 4.91342000e-04 1.00108000e+00 9.99604000e-01
3.05782000e+01 1.00309000e+00 1.02142000e-04 5.53930000e-04 1.00121000e+00 9.99548000e-01
3.06829000e+01 1.00323000e+00 1.07469000e-04 6.09644000e-04 1.00133000e+00 9.99498000e-01
3.07876000e+01 1.00333000e+00 1.11521000e-04 6.57969000e-04 1.00143000e+00 9.99454000e-01
3.08923000e+01 1.00339000e+00 1.14267000e-04 6.98481000e-04 1.00151000e+00 9.99416000e-01
3.09970000e+01 1.00342000e+00 1.15689000e-04 7.30844000e-04 1.00158000e+00 9.99385000e-01
3.11018000e+01 1.00340000e+00 1.15785000e-04 7.54815000e-04 1.00163000e+00 9.99361000e-01
3.12065000e+01 1.00335000e+00 1.14570000e-04 7.70245000e-04 1.00166000e+00 9.99344000e-01
3.13112000e+01 1.00326000e+00 1.12072000e-04 7.77081000e-04 1.00167000e+00 9.99335000e-01
3.14159000e+01 1.00313000e+00 1.08336000e-04 7.75363000e-04 1.00166000e+00 9.99333000e-01
3.15206000e+01 1.00298000e+00 1.03418000e-04 7.65222000e-04 1.00163000e+00 9.99338000e-01
3.16254000e+01 1.00279000e+00 9.73911000e-05 7.46882000e-04 1.00159000e+00 9.99351000e-01
3.17301000e+01 1.00257000e+00 9.03370000e-05 7.20649000e-04 1.00153000e+00 9.99370000e-01
3.18348000e+01 1.00232000e+00 8.23501000e-05 6.86914000e-04 1.00146000e+00 9.99395000e-01
3.19395000e+01 1.00206000e+00 7.35340000e-05 6.46142000e-04 1.00137000e+00 9.99427000e-01
3.20442000e+01 1.00177000e+00 6.40008000e-05 5.98869000e-04 1.00126000e+00 9.99465000e-01
3.21490000e+01 1.00147000e+00 5.38692000e-05 5.45693000e-04 1.00115000e+00 9.99508000e-01
3.22537000e+01 1.00115000e+00 4.32630000e-05 4.87271000e-04 1.00102000e+00 9.99556000e-01
3.23584000e+01 1.00083000e+00 3.23097000e-05 4.24305000e-04 1.00088000e+00 9.99608000e-01
3.24631000e+01 1.00050000e+00 2.11390000e-05 3.57537000e-04 1.00074000e+00 9.99664000e-01
3.25678000e+01 1.00017000e+00 9.88066000e-06 2.87742000e-04 1.00059000e+00 9.99722000e-01
3.26726000e+01 9.99842000e-01 -1.33653000e-06 2.15717000e-04 1.00043000e+00 9.99783000e-01
3.27773000e+01 9.99521000e-01 -1.23865000e-05 1.42271000e-04 1.00027000e+00 9.99845000e-01
3.28820000e+01 9.99208000e-01 -2.31472000e-05 6.82194000e-05 1.00011000e+00 9.99909000e-01
3.29867000e+01 9.98908000e-01 -3.35019000e-05 -5.62772000e-06 9.99955000e-01 9.99972000e-01
3.30914000e+01 9.98625000e-01 -4.33409000e-05 -7.84728000e-05 9.99800000e-01 1.00004000e+00
3.31962000e+01 9.98360000e-01 -5.25617000e-05 -1.49540000e-04 9.99648000e-01 1.00010000e+00
3.33009000e+01 9.98116000e-01 -6.10708000e-05 -2.18081000e-04 9.99503000e-01 1.00016000e+00
3.34056000e+01 9.97896000e-01 -6.87844000e-05 -2.83388000e-04 9.99364000e-01 1.00021000e+00
3.35103000e+01 9.97703000e-01 -7.56286000e-05 -3.44793000e-04 9.99235000e-01 1.00027000e+00
3.36150000e+01 9.97537000e-01 -8.15407000e-05 -4.01682000e-04 9.99115000e-01 1.00032000e+00
3.37198000e+01 9.97401000e-01 -8.64690000e-05 -4.53497000e-04 9.99007000e-01 1.00037000e+00
3.38245000e+01 9.97295000e-01 -9.03736000e-05 -4.99739000e-04 9.98910000e-01 1.00041000e+00
3.39292000e+01 9.97220000e-01 -9.32261000e-05 -5.39978000e-04 9.98827000e-01 1.00045000e+00
3.40339000e+01 9.97177000e-01 -9.50102000e-05 -5.73853000e-04 9.98757000e-01 1.00048000e+00
3.41386000e+01 9.97166000e-01 -9.57211000e-05 -6.01076000e-04 9.98702000e-01 1.00051000e+00
3.42434000e+01 9.97186000e-01 -9.53655000e-05 -6.21435000e-04 9.98662000e-01 1.00053000e+00
3.43481000e+01 9.97238000e-01 -9.39616000e-05 -6.34794000e-04 9.98636000e-01 1.00054000e+00
3.44528000e+01 9.97319000e-01 -9.15381000e-05 -6.41092000e-04 9.98626000e-01 1.00055000e+00
3.45575000e+01 9.97429000e-01 -8.81343000e-05 -6.40346000e-04 9.98631000e-01 1.00055000e+00
3.46622000e+01 9.97567000e-01 -8.37994000e-05 -6.32651000e-04 9.98651000e-01 1.00055000e+00
3.47670000e+01 9.97729000e-01 -7.85916000e-05 -6.18172000e-04 9.98685000e-01 1.00054000e+00
3.48717000e+01 9.97916000e-01 -7.25776000e-05 -5.97146000e-04 9.98733000e-01 1.00052000e+00
3.49764000e+01 9.98123000e-01 -6.58320000e-05 -5.69878000e-04 9.98794000e-01 1.00050000e+00
3.50811000e+01 9.98349000e-01 -5.84361000e-05 -5.36738000e-04 9.98868000e-01 1.00048000e+00
3.51858000e+01 9.98591000e-01 -5.04772000e-05 -4.98153000e-04 9.98953000e-01 1.00045000e+00
3.52906000e+01 9.98845000e-01 -4.20478000e-05 -4.54604000e-04 9.99049000e-01 1.00041000e+00
3.53953000e+01 9.99110000e-01 -3.32444000e-05 -4.06620000e-04 9.99154000e-01 1.00037000e+00
3.55000000e+01 9.99382000e-01 -2.41666000e-05 -3.54773000e-04 9.99266000e-01 1.00033000e+00
3.56047000e+01 9.99658000e-01 -1.49163000e-05 -2.99669000e-04 9.99386000e-01 1.00028000e+00
3.57094000e+01 9.99934000e-01 -5.59612000e-06 -2.41942000e-04 9.99511000e-01 1.00024000e+00
3.58142000e+01 1.00021000e+00 3.69118000e-06 -1.82248000e-04 9.99639000e-01 1.00019000e+00
3.59189000e+01 1.00048000e+00 1.28440000e-05 -1.21258000e-04 9.99770000e-01 1.00013000e+00
3.60236000e+01 1.00074000e+00 2.17628000e-05 -5.96463000e-05 9.99902000e-01 1.00008000e+00
3.61283000e+01 1.00099000e+00 3.03514000e-05 1.91034000e-06 1.00003000e+00 1.00003000e+00
3.62330000e+01 1.00123000e+00 3.85178000e-05 6.27448000e-05 1.00016000e+00 9.99976000e-01
3.63378000e+01 1.00145000e+00 4.61752000e-05 1.22205000e-04 1.00029000e+00 9.99924000e-01
3.64425000e+01 1.00165000e+00 5.32429000e-05 1.79660000e-04 1.00041000e+00 9.99874000e-01
3.65472000e+01 1.00183000e+00 5.96473000e-05 2.34510000e-04 1.00053000e+00 9.99825000e-01
3.66519000e+01 1.00199000e+00 6.53227000e-05 2.86186000e-04 1.00064000e+00 9.99779000e-01
3.67566000e+01 1.00212000e+00 7.02119000e-05 3.34164000e-04 1.00074000e+00 9.99736000e-01
3.68614000e+01 1.00223000e+00 7.42669000e-05 3.77962000e-04 1.00083000e+00 9.99696000e-01
3.69661000e+01 1.00231000e+00 7.74494000e-05 4.17153000e-04 1.00091000e+00 9.99660000e-01
3.70708000e+01 1.00237000e+00 7.97313000e-05 4.51360000e-04 1.00098000e+00 9.99628000e-01
3.71755000e+01 1.00240000e+00 8.10947000e-05 4.80267000e-04 1.00104000e+00 9.99601000e-01
3.72802000e+01 1.00240000e+00 8.15328000e-05 5.03619000e-04 1.00109000e+00 9.99578000e-01
3.73850000e+01 1.00238000e+00 8.10488000e-05 5.21223000e-04 1.00112000e+00 9.99560000e-01
3.74897000e+01 1.00233000e+00 7.96569000e-05 5.32952000e-04 1.00115000e+00 9.99547000e-01
3.75944000e+01 1.00225000e+00 7.73814000e-05 5.38744000e-04 1.00115000e+00 9.99539000e-01
3.76991000e+01 1.00215000e+00 7.42567000e-05 5.38600000e-04 1.00115000e+00 9.99536000e-01
3.78038000e+01 1.00203000e+00 7.03265000e-05 5.32589000e-04 1.00114000e+00 9.99538000e-01
3.79086000e+01 1.00188000e+00 6.56435000e-05 5.20841000e-04 1.00111000e+00 9.99545000e-01
3.80133000e+01 1.00172000e+00 6.02686000e-05 5.03547000e-04 1.00107000e+00 9.99557000e-01
3.81180000e+01 1.00154000e+00 5.42700000e-05 4.80955000e-04 1.00102000e+00 9.99573000e-01
3.82227000e+01 1.00134000e+00 4.77223000e-05 4.53372000e-04 1.00095000e+00 9.99594000e-01
3.83274000e+01 1.00113000e+00 4.07060000e-05 4.21150000e-04 1.00088000e+00 9.99620000e-01
3.84322000e+01 1.00091000e+00 3.33056000e-05 3.84692000e-04 1.00080000e+00 9.99649000e-01
3.85369000e+01 1.00068000e+00 2.56093000e-05 3.44441000e-04 1.00071000e+00 9.99681000e-01
3.86416000e+01 1.00045000e+00 1.77077000e-05 3.00875000e-04 1.00062000e+00 9.99717000e-01
3.87463000e+01 1.00021000e+00 9.69245000e-06 2.54506000e-04 1.00052000e+00 9.99755000e-01
3.88510000e+01 9.99978000e-01 1.65552000e-06 2.05866000e-04 1.00041000e+00 9.99796000e-01
3.89557000e+01 9.99745000e-01 -6.31215000e-06 1.55510000e-04 1.00030000e+00 9.99838000e-01
3.90605000e+01 9.99517000e-01 -1.41216000e-05 1.04003000e-04 1.00019000e+00 9.99882000e-01
3.91652000e+01 9.99297000e-01 -2.16868000e-05 5.19170000e-05 1.00008000e+00 9.99926000e-01
3.92699000e+01 9.99087000e-01 -2.89258000e-05 -1.75964000e-07 9.99971000e-01 9.99971000e-01
3.93746000e+01 9.98890000e-01 -3.57612000e-05 -5.17103000e-05 9.99861000e-01 1.00002000e+00
3.94793000e+01 9.98707000e-01 -4.21214000e-05 -1.02133000e-04 9.99754000e-01 1.00006000e+00
3.95841000e+01 9.98540000e-01 -4.79411000e-05 -1.50907000e-04 9.99650000e-01 1.00010000e+00
3.96888000e+01 9.98391000e-01 -5.31619000e-05 -1.97523000e-04 9.99552000e-01 1.00014000e+00
3.97935000e+01 9.98261000e-01 -5.77328000e-05 -2.41497000e-04 9.99459000e-01 1.00018000e+00
3.98982000e+01 9.98152000e-01 -6.16107000e-05 -2.82380000e-04 9.99374000e-01 1.00022000e+00
4.00029000e+01 9.98064000e-01 -6.47609000e-05 -3.19761000e-04 9.99296000e-01 1.00026000e+00
4.01077000e+01 9.97999000e-01 -6.71571000e-05 -3.53272000e-04 9.99226000e-01 1.00029000e+00
4.02124000e+01 9.97957000e-01 -6.87814000e-05 -3.82590000e-04 9.99166000e-01 1.00031000e+00
4.03171000e+01 9.97938000e-01 -6.96248000e-05 -4.07441000e-04 9.99115000e-01 1.00034000e+00
4.04218000e+01 9.97942000e-01 -6.96869000e-05 -4.27601000e-04 9.99075000e-01 1.00036000e+00
4.05265000e+01 9.97969000e-01 -6.89757000e-05 -4.42901000e-04 9.99045000e-01 1.00037000e+00
4.06313000e+01 9.98018000e-01 -6.75074000e-05 -4.53226000e-04 9.99026000e-01 1.00039000e+00
4.07360000e+01 9.98089000e-01 -6.53062000e-05 -4.58513000e-04 9.99018000e-01 1.00039000e+00
4.08407000e+01 9.98180000e-01 -6.24041000e-05 -4.58757000e-04 9.99020000e-01 1.00040000e+00
4.09454000e+01 9.98291000e-01 -5.88402000e-05 -4.54008000e-04 9.99033000e-01 1.00040000e+00
4.10501000e+01 9.98419000e-01 -5.46600000e-05 -4.44366000e-04 9.99057000e-01 1.00039000e+00
4.11549000e+01 9.98564000e-01 -4.99154000e-05 -4.29986000e-04 9.99090000e-01 1.00038000e+00
4.12596000e+01 9.98724000e-01 -4.46639000e-05 -4.11072000e-04 9.99133000e-01 1.00037000e+00
4.13643000e+01 9.98896000e-01 -3.89678000e-05 -3.87874000e-04 9.99185000e-01 1.00035000e+00
4.14690000e+01 9.99079000e-01 -3.28933000e-05 -3.60687000e-04 9.99246000e-01 1.00033000e+00
4.15737000e+01 9.99270000e-01 -2.65106000e-05 -3.29845000e-04 9.99314000e-01 1.00030000e+00
4.16785000e+01 9.99468000e-01 -1.98922000e-05 -2.95718000e-04 9.99389000e-01 1.00028000e+00
4.17832000e+01 9.99670000e-01 -1.31128000e-05 -2.58711000e-04 9.99469000e-01 1.00025000e+00
4.18879000e+01 9.99874000e-01 -6.24805000e-06 -2.19252000e-04 9.99555000e-01 1.00021000e+00
4.19926000e+01 1.00008000e+00 6.25832000e-07 -1.77794000e-04 9.99645000e-01 1.00018000e+00
4.20973000e+01 1.00028000e+00 7.43317000e-06 -1.34808000e-04 9.99738000e-01 1.00014000e+00
4.22021000e+01 1.00047000e+00 1.40995000e-05 -9.07745000e-05 9.99833000e-01 1.00010000e+00
4.23068000e+01 1.00066000e+00 2.05524000e-05 -4.61825000e-05 9.99928000e-01 1.00007000e+00
4.24115000e+01 1.00084000e+00 2.67223000e-05 -1.52201000e-06 1.00002000e+00 1.00003000e+00
4.25162000e+01 1.00101000e+00 3.25430000e-05 4.27209000e-05 1.00012000e+00 9.99990000e-01
4.26209000e+01 1.00117000e+00 3.79526000e-05 8.60692000e-05 1.00021000e+00 9.99952000e-01
4.27257000e+01 1.00131000e+00 4.28941000e-05 1.28060000e-04 1.00030000e+00 9.99915000e-01
4.28304000e+01 1.00143000e+00 4.73161000e-05 1.68250000e-04 1.00038000e+00 9.99879000e-01
4.29351000e+01 1.00154000e+00 5.11732000e-05 2.06219000e-04 1.00046000e+00 9.99845000e-01
4.30398000e+01 1.00163000e+00 5.44265000e-05 2.41576000e-04 1.00054000e+00 9.99813000e-01
4.31445000e+01 1.00170000e+00 5.70441000e-05 2.73960000e-04 1.00060000e+00 9.99783000e-01
4.32493000e+01 1.00176000e+00 5.90016000e-05 3.03047000e-04 1.00067000e+00 9.99756000e-01
4.33540000e+01 1.00179000e+00 6.02818000e-05 3.28553000e-04 1.00072000e+00 9.99732000e-01
4.34587000e+01 1.00180000e+00 6.08756000e-05 3.50234000e-04 1.00076000e+00 9.99711000e-01
4.35634000e+01 1.00179000e+00 6.07815000e-05 3.67889000e-04 1.00080000e+00 9.99693000e-01
4.36681000e+01 1.00176000e+00 6.00060000e-05 3.81367000e-04 1.00082000e+00 9.99679000e-01
4.37729000e+01 1.00171000e+00 5.85630000e-05 3.90558000e-04 1.00084000e+00 9.99668000e-01
4.38776000e+01 1.00165000e+00 5.64741000e-05 3.95405000e-04 1.00085000e+00 9.99661000e-01
4.39823000e+01 1.00156000e+00 5.37682000e-05 3.95895000e-04 1.00085000e+00 9.99658000e-01
4.40870000e+01 1.00146000e+00 5.04808000e-05 3.92064000e-04 1.00083000e+00 9.99658000e-01
4.41917000e+01 1.00134000e+00 4.66540000e-05 3.83995000e-04 1.00081000e+00 9.99663000e-01
4.42965000e+01 1.00121000e+00 4.23354000e-05 3.71817000e-04 1.00079000e+00 9.99671000e-01
4.44012000e+01 1.00107000e+00 3.75782000e-05 3.55700000e-04 1.00075000e+00 9.99682000e-01
4.45059000e+01 1.00091000e+00 3.24400000e-05 3.35857000e-04 1.00070000e+00 9.99697000e-01
4.46106000e+01 1.00075000e+00 2.69821000e-05 3.12539000e-04 1.00065000e+00 9.99714000e-01
4.47153000e+01 1.00058000e+00 2.12693000e-05 2.86034000e-04 1.00059000e+00 9.99735000e-01
4.48201000e+01 1.00041000e+00 1.53682000e-05 2.56659000e-04 1.00053000e+00 9.99759000e-01
4.49248000e+01 1.00023000e+00 9.34722000e-06 2.24761000e-04 1.00046000e+00 9.99785000e-01
4.50295000e+01 1.00005000e+00 3.27549000e-06 1.90711000e-04 1.00038000e+00 9.99813000e-01
4.51342000e+01 9.99874000e-01 -2.77812000e-06 1.54900000e-04 1.00031000e+00 9.99842000e-01
4.52389000e+01 9.99699000e-01 -8.74560000e-06 1.17733000e-04 1.00023000e+00 9.99874000e-01
4.53437000e+01 9.99530000e-01 -1.45606000e-05 7.96278000e-05 1.00014000e+00 9.99906000e-01
4.54484000e+01 9.99367000e-01 -2.01594000e-05 4.10073000e-05 1.00006000e+00 9.99939000e-01
4.55531000e+01 9.99212000e-01 -2.54811000e-05 2.29632000e-06 9.99979000e-01 9.99972000e-01
4.56578000e+01 9.99068000e-01 -3.04688000e-05 -3.60835000e-05 9.99897000e-01 1.00001000e+00
4.57625000e+01 9.98935000e-01 -3.50700000e-05 -7.37180000e-05 9.99817000e-01 1.00004000e+00
4.58673000e+01 9.98815000e-01 -3.92371000e-05 -1.10205000e-04 9.99740000e-01 1.00007000e+00
4.59720000e+01 9.98710000e-01 -4.29277000e-05 -1.45159000e-04 9.99667000e-01 1.00010000e+00
4.60767000e+01 9.98619000e-01 -4.61056000e-05 -1.78213000e-04 9.99597000e-01 1.00013000e+00
4.61814000e+01 9.98545000e-01 -4.87402000e-05 -2.09026000e-04 9.99533000e-01 1.00016000e+00
4.62861000e+01 9.98488000e-01 -5.08076000e-05 -2.37284000e-04 9.99475000e-01 1.00019000e+00
4.63909000e+01 9.98447000e-01 -5.22905000e-05 -2.62703000e-04 9.99422000e-01 1.00021000e+00
4.64956000e+01 9.98425000e-01 -5.31779000e-05 -2.85032000e-04 9.99377000e-01 1.00023000e+00
4.66003000e+01 9.98420000e-01 -5.34657000e-05 -3.04057000e-04 9.99338000e-01 1.00025000e+00
4.67050000e+01 9.98433000e-01 -5.31565000e-05 -3.19600000e-04 9.99308000e-01 1.00027000e+00
4.68097000e+01 9.98463000e-01 -5.22593000e-05 -3.31525000e-04 9.99285000e-01 1.00028000e+00
4.69145000e+01 9.98510000e-01 -5.07892000e-05 -3.39734000e-04 9.99270000e-01 1.00029000e+00
4.70192000e+01 9.98573000e-01 -4.87679000e-05 -3.44171000e-04 9.99263000e-01 1.00030000e+00
4.71239000e+01 9.98652000e-01 -4.62224000e-05 -3.44820000e-04 9.99264000e-01 1.00030000e+00
4.72286000e+01 9.98745000e-01 -4.31854000e-05 -3.41709000e-04 9.99273000e-01 1.00030000e+00
4.73333000e+01 9.98851000e-01 -3.96947000e-05 -3.34904000e-04 9.99290000e-01 1.00030000e+00
4.74380000e+01 9.98969000e-01 -3.57924000e-05 -3.24511000e-04 9.99315000e-01 1.00029000e+00
4.75428000e+01 9.99098000e-01 -3.15250000e-05 -3.10675000e-04 9.99347000e-01 1.00028000e+00
4.76475000e+01 9.99235000e-01 -2.69423000e-05 -2.93576000e-04 9.99386000e-01 1.00027000e+00
4.77522000e+01 9.99380000e-01 -2.20973000e-05 -2.73428000e-04 9.99431000e-01 1.00025000e+00
4.78569000e+01 9.99531000e-01 -1.70453000e-05 -2.50476000e-04 9.99482000e-01 1.00023000e+00
4.79616000e+01 9.99686000e-01 -1.18436000e-05 -2.24994000e-04 9.99538000e-01 1.00021000e+00
4.80664000e+01 9.99844000e-01 -6.55058000e-06 -1.97280000e-04 9.99599000e-01 1.00019000e+00
4.81711000e+01 1.00000000e+00 -1.22522000e-06 -1.67655000e-04 9.99663000e-01 1.00017000e+00
4.82758000e+01 1.00016000e+00 4.07353000e-06 -1.36458000e-04 9.99731000e-01 1.00014000e+00
4.83805000e+01 1.00031000e+00 9.28737000e-06 -1.04040000e-04 9.99801000e-01 1.00011000e+00
4.84852000e+01 1.00046000e+00 1.43593000e-05 -7.07648000e-05 9.99873000e-01 1.00009000e+00
4.85900000e+01 1.00060000e+00 1.92342000e-05 -3.70019000e-05 9.99945000e-01 1.00006000e+00
4.86947000e+01 1.00074000e+00 2.38595000e-05 -3.12240000e-06 1.00002000e+00 1.00003000e+00
4.87994000e+01 1.00086000e+00 2.81856000e-05 3.05040000e-05 1.00009000e+00 9.99998000e-01
4.89041000e+01 1.00098000e+00 3.21665000e-05 6.35135000e-05 1.00016000e+00 9.99969000e-01
4.90088000e+01 1.00108000e+00 3.57602000e-05 9.55519000e-05 1.00023000e+00 9.99940000e-01
4.91136000e+01 1.00117000e+00 3.89293000e-05 1.26279000e-04 1.00029000e+00 9.99913000e-01
4.92183000e+01 1.00125000e+00 4.16413000e-05 1.55370000e-04 1.00035000e+00 9.99886000e-01
4.93230000e+01 1.00131000e+00 4.38688000e-05 1.82524000e-04 1.00041000e+00 9.99861000e-01
4.94277000e+01 1.00136000e+00 4.55903000e-05 2.07459000e-04 1.00046000e+00 9.99838000e-01
4.95324000e+01 1.00139000e+00 4.67896000e-05 2.29924000e-04 1.00051000e+00 9.99817000e-01
4.96372000e+01 1.00140000e+00 4.74568000e-05 2.49694000e-04 1.00055000e+00 9.99798000e-01
4.97419000e+01 1.00140000e+00 4.75880000e-05 2.66576000e-04 1.00058000e+00 9.99781000e-01
4.98466000e+01 1.00139000e+00 4.71851000e-05 2.80410000e-04 1.00061000e+00 9.99767000e-01
4.99513000e+01 1.00136000e+00 4.62563000e-05 2.91071000e-04 1.00063000e+00 9.99755000e-01
5.00560000e+01 1.00131000e+00 4.48155000e-05 2.98469000e-04 1.00064000e+00 9.99746000e-01
5.01608000e+01 1.00125000e+00 4.28823000e-05 3.02551000e-04 1.00065000e+00 9.99740000e-01
5.02655000e+01 1.00118000e+00 4.04820000e-05 3.03299000e-04 1.00065000e+00 9.99737000e-01
5.03702000e+01 1.00109000e+00 3.76448000e-05 3.00734000e-04 1.00064000e+00 9.99737000e-01
5.04749000e+01 1.00099000e+00 3.44057000e-05 2.94910000e-04 1.00062000e+00 9.99739000e-01
5.05796000e+01 1.00088000e+00 3.08040000e-05 2.85918000e-04 1.00060000e+00 9.99745000e-01
5.06844000e+01 1.00077000e+00 2.68831000e-05 2.73883000e-04 1.00057000e+00 9.99753000e-01
5.07891000e+01 1.00064000e+00 2.26894000e-05 2.58959000e-04 1.00054000e+00 9.99764000e-01
5.08938000e+01 1.00051000e+00 1.82723000e-05 2.41335000e-04 1.00050000e+00 9.99777000e-01
5.09985000e+01 1.00037000e+00 1.36832000e-05 2.21224000e-04 1.00046000e+00 9.99792000e-01
5.11032000e+01 1.00023000e+00 8.97502000e-06 1.98866000e-04 1.00041000e+00 9.99810000e-01
5.12080000e+01 1.00009000e+00 4.20186000e-06 1.74522000e-04 1.00035000e+00 9.99830000e-01
5.13127000e+01 9.99953000e-01 -5.82085000e-07 1.48475000e-04 1.00030000e+00 9.99851000e-01
5.14174000e+01 9.99814000e-01 -5.32290000e-06 1.21021000e-04 1.00024000e+00 9.99874000e-01
5.15221000e+01 9.99678000e-01 -9.96762000e-06 9.24711000e-05 1.00017000e+00 9.99898000e-01
5.16268000e+01 9.99547000e-01 -1.44648000e-05 6.31454000e-05 1.00011000e+00 9.99922000e-01
5.17316000e+01 9.99422000e-01 -1.87652000e-05 3.33692000e-05 1.00005000e+00 9.99948000e-01
5.18363000e+01 9.99304000e-01 -2.28222000e-05 3.47014000e-06 9.99984000e-01 9.99974000e-01
5.19410000e+01 9.99194000e-01 -2.65922000e-05 -2.62253000e-05 9.99921000e-01 1.00000000e+00
5.20457000e+01 9.99095000e-01 -3.00355000e-05 -5.53956000e-05 9.99859000e-01 1.00003000e+00
5.21504000e+01 9.99006000e-01 -3.31162000e-05 -8.37277000e-05 9.99799000e-01 1.00005000e+00
5.22552000e+01 9.98929000e-01 -3.58029000e-05 -1.10920000e-04 9.99742000e-01 1.00008000e+00
5.23599000e+01 9.98865000e-01 -3.80689000e-05 -1.36686000e-04 9.99689000e-01 1.00010000e+00
5.24646000e+01 9.98813000e-01 -3.98924000e-05 -1.60757000e-04 9.99639000e-01 1.00012000e+00
5.25693000e+01 9.98775000e-01 -4.12567000e-05 -1.82885000e-04 9.99593000e-01 1.00014000e+00
5.26740000e+01 9.98752000e-01 -4.21504000e-05 -2.02844000e-04 9.99552000e-01 1.00016000e+00
5.27788000e+01 9.98742000e-01 -4.25675000e-05 -2.20435000e-04 9.99517000e-01 1.00018000e+00
5.28835000e+01 9.98746000e-01 -4.25071000e-05 -2.35485000e-04 9.99487000e-01 1.00019000e+00
5.29882000e+01 9.98764000e-01 -4.19739000e-05 -2.47851000e-04 9.99462000e-01 1.00021000e+00
5.30929000e+01 9.98796000e-01 -4.09773000e-05 -2.57419000e-04 9.99444000e-01 1.00022000e+00
5.31976000e+01 9.98841000e-01 -3.95323000e-05 -2.64107000e-04 9.99432000e-01 1.00022000e+00
5.33024000e+01 9.98898000e-01 -3.76581000e-05 -2.67865000e-04 9.99427000e-01 1.00023000e+00
5.34071000e+01 9.98968000e-01 -3.53789000e-05 -2.68675000e-04 9.99427000e-01 1.00023000e+00
5.35118000e+01 9.99048000e-01 -3.27229000e-05 -2.66552000e-04 9.99434000e-01 1.00023000e+00
5.36165000e+01 9.99139000e-01 -2.97223000e-05 -2.61540000e-04 9.99447000e-01 1.00023000e+00
5.37212000e+01 9.99238000e-01 -2.64128000e-05 -2.53718000e-04 9.99466000e-01 1.00023000e+00
5.38260000e+01 9.99346000e-01 -2.28331000e-05 -2.43191000e-04 9.99491000e-01 1.00022000e+00
5.39307000e+01 9.99459000e-01 -1.90246000e-05 -2.30095000e-04 9.99521000e-01 1.00021000e+00
5.40354000e+01 9.99579000e-01 -1.50311000e-05 -2.14591000e-04 9.99556000e-01 1.00020000e+00
5.41401000e+01 9.99702000e-01 -1.08978000e-05 -1.96868000e-04 9.99595000e-01 1.00019000e+00
5.42448000e+01 9.99827000e-01 -6.67147000e-06 -1.77134000e-04 9.99639000e-01 1.00017000e+00
5.43496000e+01 9.99954000e-01 -2.39927000e-06 -1.55620000e-04 9.99686000e-01 1.00015000e+00
5.44543000e+01 1.00008000e+00 1.87125000e-06 -1.32574000e-04 9.99737000e-01 1.00013000e+00
5.45590000e+01 1.00020000e+00 6.09287000e-06 -1.08257000e-04 9.99790000e-01 1.00011000e+00
5.46637000e+01 1.00033000e+00 1.02192000e-05 -8.29435000e-05 9.99844000e-01 1.00009000e+00
5.47684000e+01 1.00044000e+00 1.42052000e-05 -5.69173000e-05 9.99900000e-01 1.00007000e+00
5.48732000e+01 1.00055000e+00 1.80075000e-05 -3.04667000e-05 9.99957000e-01 1.00005000e+00
5.49779000e+01 1.00066000e+00 2.15851000e-05 -3.88287000e-06 1.00001000e+00 1.00003000e+00
5.50826000e+01 1.00076000e+00 2.48996000e-05 2.25437000e-05 1.00007000e+00 1.00000000e+00
5.51873000e+01 1.00084000e+00 2.79158000e-05 4.85263000e-05 1.00012000e+00 9.99979000e-01
5.52920000e+01 1.00092000e+00 3.06018000e-05 7.37854000e-05 1.00018000e+00 9.99957000e-01
5.53968000e+01 1.00099000e+00 3.29297000e-05 9.80511000e-05 1.00023000e+00 9.99935000e-01
5.55015000e+01 1.00104000e+00 3.48757000e-05 1.21066000e-04 1.00028000e+00 9.99914000e-01
5.56062000e+01 1.00108000e+00 3.64202000e-05 1.42590000e-04 1.00032000e+00 9.99894000e-01
5.57109000e+01 1.00111000e+00 3.75482000e-05 1.62398000e-04 1.00036000e+00 9.99875000e-01
5.58156000e+01 1.00113000e+00 3.82496000e-05 1.80288000e-04 1.00040000e+00 9.99858000e-01
5.59203000e+01 1.00114000e+00 3.85189000e-05 1.96079000e-04 1.00043000e+00 9.99842000e-01
5.60251000e+01 1.00113000e+00 3.83556000e-05 2.09613000e-04 1.00046000e+00 9.99829000e-01
5.61298000e+01 1.00111000e+00 3.77640000e-05 2.20761000e-04 1.00048000e+00 9.99817000e-01
5.62345000e+01 1.00108000e+00 3.67533000e-05 2.29419000e-04 1.00050000e+00 9.99807000e-01
5.63392000e+01 1.00103000e+00 3.53371000e-05 2.35510000e-04 1.00051000e+00 9.99800000e-01
5.64439000e+01 1.00098000e+00 3.35338000e-05 2.38987000e-04 1.00051000e+00 9.99795000e-01
5.65487000e+01 1.00091000e+00 3.13659000e-05 2.39832000e-04 1.00051000e+00 9.99792000e-01
5.66534000e+01 1.00084000e+00 2.88600000e-05 2.38054000e-04 1.00050000e+00 9.99791000e-01
5.67581000e+01 1.00075000e+00 2.60462000e-05 2.33692000e-04 1.00049000e+00 9.99792000e-01
5.68628000e+01 1.00066000e+00 2.29581000e-05 2.26814000e-04 1.00048000e+00 9.99796000e-01
5.69675000e+01 1.00056000e+00 1.96321000e-05 2.17511000e-04 1.00045000e+00 9.99802000e-01
5.70723000e+01 1.00046000e+00 1.61071000e-05 2.05904000e-04 1.00043000e+00 9.99810000e-01
5.71770000e+01 1.00035000e+00 1.24240000e-05 1.92136000e-04 1.00040000e+00 9.99820000e-01
5.72817000e+01 1.00023000e+00 8.62533000e-06 1.76373000e-04 1.00036000e+00 9.99832000e-01
5.73864000e+01 1.00012000e+00 4.75447000e-06 1.58800000e-04 1.00032000e+00 9.99846000e-01
5.74911000e+01 1.00000000e+00 8.55465000e-07 1.39624000e-04 1.00028000e+00 9.99861000e-01
5.75959000e+01 9.99891000e-01 -3.02768000e-06 1.19065000e-04 1.00024000e+00 9.99878000e-01
5.77006000e+01 9.99778000e-01 -6.85143000e-06 9.73556000e-05 1.00019000e+00 9.99896000e-01
5.78053000e+01 9.99669000e-01 -1.05732000e-05 7.47422000e-05 1.00014000e+00 9.99915000e-01
5.79100000e+01 9.99565000e-01 -1.41520000e-05 5.14773000e-05 1.00009000e+00 9.99934000e-01
5.80147000e+01 9.99466000e-01 -1.75486000e-05 2.78189000e-05 1.00004000e+00 9.99955000e-01
5.81195000e+01 9.99373000e-01 -2.07261000e-05 4.02767000e-06 9.99987000e-01 9.99975000e-01
5.82242000e+01 9.99288000e-01 -2.36506000e-05 -1.96364000e-05 9.99937000e-01 9.99996000e-01
5.83289000e+01 9.99212000e-01 -2.62910000e-05 -4.29165000e-05 9.99888000e-01 1.00002000e+00
5.84336000e+01 9.99145000e-01 -2.86197000e-05 -6.55620000e-05 9.99840000e-01 1.00004000e+00
5.85383000e+01 9.99088000e-01 -3.06131000e-05 -8.73308000e-05 9.99795000e-01 1.00006000e+00
5.86431000e+01 9.99041000e-01 -3.22510000e-05 -1.07992000e-04 9.99752000e-01 1.00008000e+00
5.87478000e+01 9.99005000e-01 -3.35178000e-05 -1.27329000e-04 9.99712000e-01 1.00009000e+00
5.88525000e+01 9.98981000e-01 -3.44020000e-05 -1.45141000e-04 9.99675000e-01 1.00011000e+00
5.89572000e+01 9.98968000e-01 -3.48964000e-05 -1.61245000e-04 9.99643000e-01 1.00013000e+00
5.90619000e+01 9.98967000e-01 -3.49982000e-05 -1.75476000e-04 9.99614000e-01 1.00014000e+00
5.91667000e+01 9.98977000e-01 -3.47090000e-05 -1.87695000e-04 9.99590000e-01 1.00015000e+00
5.92714000e+01 9.98999000e-01 -3.40348000e-05 -1.97782000e-04 9.99570000e-01 1.00016000e+00
5.93761000e+01 9.99031000e-01 -3.29856000e-05 -2.05642000e-04 9.99556000e-01 1.00017000e+00
5.94808000e+01 9.99074000e-01 -3.15757000e-05 -2.11205000e-04 9.99546000e-01 1.00018000e+00
5.95855000e+01 9.99127000e-01 -2.98231000e-05 -2.14427000e-04 9.99541000e-01 1.00018000e+00
5.96903000e+01 9.99190000e-01 -2.77495000e-05 -2.15289000e-04 9.99542000e-01 1.00019000e+00
5.97950000e+01 9.99261000e-01 -2.53802000e-05 -2.13798000e-04 9.99547000e-01 1.00019000e+00
5.98997000e+01 9.99340000e-01 -2.27431000e-05 -2.09987000e-04 9.99557000e-01 1.00019000e+00
6.00044000e+01 9.99426000e-01 -1.98692000e-05 -2.03914000e-04 9.99572000e-01 1.00018000e+00
6.01091000e+01 9.99518000e-01 -1.67920000e-05 -1.95659000e-04 9.99592000e-01 1.00018000e+00
6.02139000e+01 9.99615000e-01 -1.35466000e-05 -1.85328000e-04 9.99616000e-01 1.00017000e+00
6.03186000e+01 9.99715000e-01 -1.01700000e-05 -1.73047000e-04 9.99644000e-01 1.00016000e+00
6.04233000e+01 9.99818000e-01 -6.70047000e-06 -1.58964000e-04 9.99675000e-01 1.00015000e+00
6.05280000e+01 9.99923000e-01 -3.17690000e-06 -1.43244000e-04 9.99710000e-01 1.00014000e+00
6.06327000e+01 1.00003000e+00 3.61371000e-07 -1.26069000e-04 9.99748000e-01 1.00013000e+00
6.07375000e+01 1.00013000e+00 3.87506000e-06 -1.07637000e-04 9.99789000e-01 1.00011000e+00
6.08422000e+01 1.00023000e+00 7.32539000e-06 -8.81557000e-05 9.99831000e-01 1.00010000e+00
6.09469000e+01 1.00033000e+00 1.06745000e-05 -6.78457000e-05 9.99875000e-01 1.00008000e+00
6.10516000e+01 1.00043000e+00 1.38857000e-05 -4.69333000e-05 9.99920000e-01 1.00006000e+00
6.11563000e+01 1.00051000e+00 1.69242000e-05 -2.56505000e-05 9.99966000e-01 1.00004000e+00
6.12611000e+01 1.00060000e+00 1.97572000e-05 -4.23149000e-06 1.00001000e+00 1.00002000e+00
6.13658000e+01 1.00067000e+00 2.23543000e-05 1.70893000e-05 1.00006000e+00 1.00001000e+00
6.14705000e+01 1.00074000e+00 2.46879000e-05 3.80804000e-05 1.00010000e+00 9.99987000e-01
6.15752000e+01 1.00080000e+00 2.67333000e-05 5.85150000e-05 1.00014000e+00 9.99968000e-01
6.16799000e+01 1.00085000e+00 2.84693000e-05 7.81743000e-05 1.00018000e+00 9.99950000e-01
6.17847000e+01 1.00089000e+00 2.98781000e-05 9.68491000e-05 1.00022000e+00 9.99933000e-01
6.18894000e+01 1.00092000e+00 3.09456000e-05 1.14343000e-04 1.00026000e+00 9.99917000e-01
6.19941000e+01 1.00094000e+00 3.16618000e-05 1.30472000e-04 1.00029000e+00 9.99901000e-01
6.20988000e+01 1.00095000e+00 3.20202000e-05 1.45070000e-04 1.00032000e+00 9.99887000e-01
6.22035000e+01 1.00095000e+00 3.20188000e-05 1.57988000e-04 1.00035000e+00 9.99874000e-01
6.23083000e+01 1.00093000e+00 3.16593000e-05 1.69096000e-04 1.00037000e+00 9.99863000e-01
6.24130000e+01 1.00091000e+00 3.09476000e-05 1.78286000e-04 1.00039000e+00 9.99853000e-01
6.25177000e+01 1.00088000e+00 2.98934000e-05 1.85469000e-04 1.00040000e+00 9.99844000e-01
6.26224000e+01 1.00083000e+00 2.85103000e-05 1.90581000e-04 1.00041000e+00 9.99838000e-01
6.27271000e+01 1.00078000e+00 2.68154000e-05 1.93579000e-04 1.00041000e+00 9.99833000e-01
6.28319000e+01 1.00072000e+00 2.48294000e-05 1.94446000e-04 1.00041000e+00 9.99830000e-01
6.29366000e+01 1.00066000e+00 2.25761000e-05 1.93186000e-04 1.00041000e+00 9.99829000e-01
6.30413000e+01 1.00058000e+00 2.00821000e-05 1.89825000e-04 1.00040000e+00 9.99830000e-01
6.31460000e+01 1.00050000e+00 1.73768000e-05 1.84416000e-04 1.00039000e+00 9.99833000e-01
6.32507000e+01 1.00041000e+00 1.44916000e-05 1.77031000e-04 1.00037000e+00 9.99837000e-01
6.33555000e+01 1.00032000e+00 1.14599000e-05 1.67763000e-04 1.00035000e+00 9.99844000e-01
6.34602000e+01 1.00023000e+00 8.31660000e-06 1.56725000e-04 1.00032000e+00 9.99852000e-01
6.35649000e+01 1.00014000e+00 5.09758000e-06 1.44050000e-04 1.00029000e+00 9.99861000e-01
6.36696000e+01 1.00004000e+00 1.83944000e-06 1.29886000e-04 1.00026000e+00 9.99872000e-01
6.37743000e+01 9.99944000e-01 -1.42101000e-06 1.14399000e-04 1.00023000e+00 9.99884000e-01
6.38791000e+01 9.99849000e-01 -4.64715000e-06 9.77641000e-05 1.00019000e+00 9.99898000e-01
6.39838000e+01 9.99756000e-01 -7.80294000e-06 8.01719000e-05 1.00015000e+00 9.99912000e-01
6.40885000e+01 9.99667000e-01 -1.08534000e-05 6.18199000e-05 1.00011000e+00 9.99927000e-01
6.41932000e+01 9.99582000e-01 -1.37649000e-05 4.29131000e-05 1.00007000e+00 9.99943000e-01
6.42979000e+01 9.99502000e-01 -1.65056000e-05 2.36611000e-05 1.00003000e+00 9.99960000e-01
6.44026000e+01 9.99428000e-01 -1.90458000e-05 4.27601000e-06 9.99990000e-01 9.99977000e-01
6.45074000e+01 9.99361000e-01 -2.13583000e-05 -1.50302000e-05 9.99949000e-01 9.99994000e-01
6.46121000e+01 9.99301000e-01 -2.34185000e-05 -3.40475000e-05 9.99908000e-01 1.00001000e+00
6.47168000e+01 9.99250000e-01 -2.52049000e-05 -5.25708000e-05 9.99870000e-01 1.00003000e+00
6.48215000e+01 9.99207000e-01 -2.66991000e-05 -7.04014000e-05 9.99832000e-01 1.00004000e+00
6.49262000e+01 9.99173000e-01 -2.78864000e-05 -8.73496000e-05 9.99797000e-01 1.00006000e+00
6.50310000e+01 9.99148000e-01 -2.87551000e-05 -1.03236000e-04 9.99765000e-01 1.00007000e+00
6.51357000e+01 9.99134000e-01 -2.92977000e-05 -1.17896000e-04 9.99735000e-01 1.00009000e+00
6.52404000e+01 9.99128000e-01 -2.95099000e-05 -1.31176000e-04 9.99708000e-01 1.00010000e+00
6.53451000e+01 9.99133000e-01 -2.93915000e-05 -1.42940000e-04 9.99685000e-01 1.00011000e+00
6.54498000e+01 9.99147000e-01 -2.89457000e-05 -1.53072000e-04 9.99665000e-01 1.00012000e+00
6.55546000e+01 9.99171000e-01 -2.81795000e-05 -1.61469000e-04 9.99649000e-01 1.00013000e+00
6.56593000e+01 9.99204000e-01 -2.71033000e-05 -1.68053000e-04 9.99637000e-01 1.00014000e+00
6.57640000e+01 9.99246000e-01 -2.57309000e-05 -1.72763000e-04 9.99629000e-01 1.00015000e+00
6.58687000e+01 9.99295000e-01 -2.40793000e-05 -1.75559000e-04 9.99625000e-01 1.00015000e+00
6.59734000e+01 9.99353000e-01 -2.21684000e-05 -1.76423000e-04 9.99625000e-01 1.00015000e+00
6.60782000e+01 9.99417000e-01 -2.00210000e-05 -1.75357000e-04 9.99629000e-01 1.00016000e+00
6.61829000e+01 9.99487000e-01 -1.76623000e-05 -1.72386000e-04 9.99638000e-01 1.00015000e+00
6.62876000e+01 9.99563000e-01 -1.51195000e-05 -1.67554000e-04 9.99650000e-01 1.00015000e+00
6.63923000e+01 9.99643000e-01 -1.24220000e-05 -1.60925000e-04 9.99666000e-01 1.00015000e+00
6.64970000e+01 9.99727000e-01 -9.60049000e-06 -1.52582000e-04 9.99685000e-01 1.00014000e+00
6.66018000e+01 9.99814000e-01 -6.68695000e-06 -1.42627000e-04 9.99708000e-01 1.00014000e+00
6.67065000e+01 9.99902000e-01 -3.71419000e-06 -1.31178000e-04 9.99734000e-01 1.00013000e+00
6.68112000e+01 9.99991000e-01 -7.15487000e-07 -1.18369000e-04 9.99763000e-01 1.00012000e+00
6.69159000e+01 1.00008000e+00 2.27575000e-06 -1.04348000e-04 9.99794000e-01 1.00011000e+00
6.70206000e+01 1.00017000e+00 5.22639000e-06 -8.92761000e-05 9.99827000e-01 1.00009000e+00
6.71254000e+01 1.00025000e+00 8.10388000e-06 -7.33227000e-05 9.99861000e-01 1.00008000e+00
6.72301000e+01 1.00033000e+00 1.08766000e-05 -5.66676000e-05 9.99898000e-01 1.00007000e+00
6.73348000e+01 1.00041000e+00 1.35144000e-05 -3.94965000e-05 9.99935000e-01 1.00005000e+00
6.74395000e+01 1.00048000e+00 1.59885000e-05 -2.19997000e-05 9.99972000e-01 1.00004000e+00
6.75442000e+01 1.00055000e+00 1.82722000e-05 -4.36988000e-06 1.00001000e+00 1.00002000e+00
6.76490000e+01 1.00061000e+00 2.03411000e-05 1.31999000e-05 1.00005000e+00 1.00001000e+00
6.77537000e+01 1.00066000e+00 2.21730000e-05 3.05186000e-05 1.00008000e+00 9.99992000e-01
6.78584000e+01 1.00071000e+00 2.37488000e-05 4.73988000e-05 1.00012000e+00 9.99976000e-01
6.79631000e+01 1.00075000e+00 2.50520000e-05 6.36592000e-05 1.00015000e+00 9.99961000e-01
6.80678000e+01 1.00077000e+00 2.60693000e-05 7.91263000e-05 1.00018000e+00 9.99947000e-01
6.81726000e+01 1.00079000e+00 2.67906000e-05 9.36361000e-05 1.00021000e+00 9.99933000e-01
6.82773000e+01 1.00081000e+00 2.72093000e-05 1.07036000e-04 1.00024000e+00 9.99920000e-01
6.83820000e+01 1.00081000e+00 2.73221000e-05 1.19187000e-04 1.00027000e+00 9.99908000e-01
6.84867000e+01 1.00080000e+00 2.71289000e-05 1.29964000e-04 1.00029000e+00 9.99897000e-01
6.85914000e+01 1.00078000e+00 2.66333000e-05 1.39258000e-04 1.00031000e+00 9.99887000e-01
6.86962000e+01 1.00076000e+00 2.58422000e-05 1.46976000e-04 1.00032000e+00 9.99879000e-01
6.88009000e+01 1.00073000e+00 2.47657000e-05 1.53044000e-04 1.00033000e+00 9.99872000e-01
6.89056000e+01 1.00069000e+00 2.34173000e-05 1.57404000e-04 1.00034000e+00 9.99866000e-01
6.90103000e+01 1.00064000e+00 2.18131000e-05 1.60021000e-04 1.00034000e+00 9.99862000e-01
6.91150000e+01 1.00058000e+00 1.99724000e-05 1.60876000e-04 1.00034000e+00 9.99859000e-01
6.92198000e+01 1.00052000e+00 1.79167000e-05 1.59970000e-04 1.00034000e+00 9.99858000e-01
6.93245000e+01 1.00045000e+00 1.56702000e-05 1.57324000e-04 1.00033000e+00 9.99858000e-01
6.94292000e+01 1.00038000e+00 1.32590000e-05 1.52977000e-04 1.00032000e+00 9.99860000e-01
6.95339000e+01 1.00031000e+00 1.07107000e-05 1.46987000e-04 1.00030000e+00 9.99864000e-01
6.96386000e+01 1.00023000e+00 8.05475000e-06 1.39428000e-04 1.00029000e+00 9.99869000e-01
6.97434000e+01 1.00015000e+00 5.32135000e-06 1.30393000e-04 1.00027000e+00 9.99875000e-01
6.98481000e+01 1.00006000e+00 2.54157000e-06 1.19990000e-04 1.00024000e+00 9.99883000e-01
6.99528000e+01 9.99982000e-01 -2.53178000e-07 1.08338000e-04 1.00022000e+00 9.99891000e-01
7.00575000e+01 9.99901000e-01 -3.03145000e-06 9.55744000e-05 1.00019000e+00 9.99901000e-01
7.01622000e+01 9.99820000e-01 -5.76216000e-06 8.18436000e-05 1.00016000e+00 9.99912000e-01
7.02670000e+01 9.99742000e-01 -8.41491000e-06 6.73012000e-05 1.00013000e+00 9.99924000e-01
7.03717000e+01 9.99668000e-01 -1.09603000e-05 5.21107000e-05 1.00009000e+00 9.99937000e-01
7.04764000e+01 9.99597000e-01 -1.33704000e-05 3.64417000e-05 1.00006000e+00 9.99950000e-01
7.05811000e+01 9.99532000e-01 -1.56189000e-05 2.04676000e-05 1.00003000e+00 9.99964000e-01
7.06858000e+01 9.99472000e-01 -1.76813000e-05 4.36452000e-06 9.99991000e-01 9.99978000e-01
7.07906000e+01 9.99418000e-01 -1.95356000e-05 -1.16913000e-05 9.99957000e-01 9.99992000e-01
7.08953000e+01 9.99370000e-01 -2.11620000e-05 -2.75251000e-05 9.99924000e-01 1.00001000e+00
7.10000000e+01 9.99330000e-01 -2.25436000e-05 -4.29657000e-05 9.99892000e-01 1.00002000e+00
7.11047000e+01 9.99298000e-01 -2.36661000e-05 -5.78471000e-05 9.99861000e-01 1.00003000e+00
7.12094000e+01 9.99274000e-01 -2.45184000e-05 -7.20104000e-05 9.99831000e-01 1.00005000e+00
7.13142000e+01 9.99258000e-01 -2.50924000e-05 -8.53055000e-05 9.99804000e-01 1.00006000e+00
7.14189000e+01 9.99250000e-01 -2.53831000e-05 -9.75925000e-05 9.99779000e-01 1.00007000e+00
7.15236000e+01 9.99251000e-01 -2.53887000e-05 -1.08744000e-04 9.99757000e-01 1.00008000e+00
7.16283000e+01 9.99260000e-01 -2.51107000e-05 -1.18644000e-04 9.99738000e-01 1.00009000e+00
7.17330000e+01 9.99277000e-01 -2.45537000e-05 -1.27192000e-04 9.99721000e-01 1.00010000e+00
7.18378000e+01 9.99302000e-01 -2.37253000e-05 -1.34304000e-04 9.99708000e-01 1.00011000e+00
7.19425000e+01 9.99335000e-01 -2.26362000e-05 -1.39910000e-04 9.99698000e-01 1.00012000e+00
7.20472000e+01 9.99375000e-01 -2.12998000e-05 -1.43958000e-04 9.99691000e-01 1.00012000e+00
7.21519000e+01 9.99422000e-01 -1.97323000e-05 -1.46412000e-04 9.99687000e-01 1.00013000e+00
7.22566000e+01 9.99475000e-01 -1.79522000e-05 -1.47255000e-04 9.99688000e-01 1.00013000e+00
7.23614000e+01 9.99534000e-01 -1.59805000e-05 -1.46487000e-04 9.99691000e-01 1.00013000e+00
7.24661000e+01 9.99598000e-01 -1.38400000e-05 -1.44125000e-04 9.99698000e-01 1.00013000e+00
7.25708000e+01 9.99666000e-01 -1.15553000e-05 -1.40205000e-04 9.99708000e-01 1.00013000e+00
7.26755000e+01 9.99737000e-01 -9.15252000e-06 -1.34778000e-04 9.99721000e-01 1.00013000e+00
7.27802000e+01 9.99811000e-01 -6.65896000e-06 -1.27911000e-04 9.99738000e-01 1.00012000e+00
7.28849000e+01 9.99887000e-01 -4.10271000e-06 -1.19688000e-04 9.99757000e-01 1.00012000e+00
7.29897000e+01 9.99963000e-01 -1.51249000e-06 -1.10206000e-04 9.99778000e-01 1.00011000e+00
7.30944000e+01 1.00004000e+00 1.08280000e-06 -9.95756000e-05 9.99802000e-01 1.00010000e+00
7.31991000e+01 1.00012000e+00 3.65428000e-06 -8.79186000e-05 9.99828000e-01 1.00009000e+00
7.33038000e+01 1.00019000e+00 6.17351000e-06 -7.53680000e-05 9.99855000e-01 1.00008000e+00
7.34085000e+01 1.00026000e+00 8.61271000e-06 -6.20657000e-05 9.99884000e-01 1.00007000e+00
7.35133000e+01 1.00033000e+00 1.09451000e-05 -4.81609000e-05 9.99915000e-01 1.00006000e+00
7.36180000e+01 1.00040000e+00 1.31453000e-05 -3.38086000e-05 9.99946000e-01 1.00005000e+00
7.37227000e+01 1.00046000e+00 1.51893000e-05 -1.91677000e-05 9.99977000e-01 1.00003000e+00
7.38274000e+01 1.00051000e+00 1.70551000e-05 -4.39944000e-06 1.00001000e+00 1.00002000e+00
7.39321000e+01 1.00056000e+00 1.87227000e-05 1.03344000e-05 1.00004000e+00 1.00001000e+00
7.40369000e+01 1.00060000e+00 2.01742000e-05 2.48733000e-05 1.00007000e+00 9.99995000e-01
7.41416000e+01 1.00064000e+00 2.13945000e-05 3.90599000e-05 1.00010000e+00 9.99982000e-01
7.42463000e+01 1.00066000e+00 2.23708000e-05 5.27413000e-05 1.00013000e+00 9.99970000e-01
7.43510000e+01 1.00068000e+00 2.30932000e-05 6.57712000e-05 1.00015000e+00 9.99957000e-01
7.44557000e+01 1.00070000e+00 2.35547000e-05 7.80111000e-05 1.00018000e+00 9.99946000e-01
7.45605000e+01 1.00070000e+00 2.37512000e-05 8.93317000e-05 1.00020000e+00 9.99934000e-01
7.46652000e+01 1.00070000e+00 2.36815000e-05 9.96148000e-05 1.00022000e+00 9.99924000e-01
7.47699000e+01 1.00069000e+00 2.33475000e-05 1.08754000e-04 1.00024000e+00 9.99915000e-01
7.48746000e+01 1.00067000e+00 2.27538000e-05 1.16655000e-04 1.00026000e+00 9.99906000e-01
7.49793000e+01 1.00064000e+00 2.19081000e-05 1.23240000e-04 1.00027000e+00 9.99899000e-01
7.50841000e+01 1.00061000e+00 2.08210000e-05 1.28444000e-04 1.00028000e+00 9.99892000e-01
7.51888000e+01 1.00057000e+00 1.95054000e-05 1.32217000e-04 1.00028000e+00 9.99887000e-01
7.52935000e+01 1.00053000e+00 1.79770000e-05 1.34526000e-04 1.00029000e+00 9.99883000e-01
7.53982000e+01 1.00047000e+00 1.62538000e-05 1.35354000e-04 1.00029000e+00 9.99881000e-01
7.55029000e+01 1.00042000e+00 1.43558000e-05 1.34700000e-04 1.00028000e+00 9.99880000e-01
7.56077000e+01 1.00036000e+00 1.23050000e-05 1.32580000e-04 1.00028000e+00 9.99880000e-01
7.57124000e+01 1.00029000e+00 1.01249000e-05 1.29024000e-04 1.00027000e+00 9.99881000e-01
7.58171000e+01 1.00022000e+00 7.84059000e-06 1.24080000e-04 1.00026000e+00 9.99884000e-01
7.59218000e+01 1.00015000e+00 5.47803000e-06 1.17808000e-04 1.00024000e+00 9.99888000e-01
7.60265000e+01 1.00008000e+00 3.06405000e-06 1.10286000e-04 1.00022000e+00 9.99893000e-01
7.61313000e+01 1.00001000e+00 6.25923000e-07 1.01600000e-04 1.00020000e+00 9.99899000e-01
7.62360000e+01 9.99939000e-01 -1.80890000e-06 9.18535000e-05 1.00018000e+00 9.99906000e-01
7.63407000e+01 9.99869000e-01 -4.21314000e-06 8.11574000e-05 1.00016000e+00 9.99915000e-01
7.64454000e+01 9.99800000e-01 -6.55996000e-06 6.96340000e-05 1.00013000e+00 9.99924000e-01
7.65501000e+01 9.99733000e-01 -8.82330000e-06 5.74132000e-05 1.00011000e+00 9.99934000e-01
7.66549000e+01 9.99670000e-01 -1.09781000e-05 4.46324000e-05 1.00008000e+00 9.99944000e-01
7.67596000e+01 9.99611000e-01 -1.30008000e-05 3.14337000e-05 1.00005000e+00 9.99956000e-01
7.68643000e+01 9.99556000e-01 -1.48692000e-05 1.79636000e-05 1.00002000e+00 9.99967000e-01
7.69690000e+01 9.99507000e-01 -1.65631000e-05 4.37029000e-06 9.99992000e-01 9.99979000e-01
7.70737000e+01 9.99463000e-01 -1.80643000e-05 -9.19733000e-06 9.99964000e-01 9.99991000e-01
7.71785000e+01 9.99426000e-01 -1.93569000e-05 -2.25914000e-05 9.99935000e-01 1.00000000e+00
7.72832000e+01 9.99395000e-01 -2.04273000e-05 -3.56670000e-05 9.99908000e-01 1.00002000e+00
7.73879000e+01 9.99370000e-01 -2.12645000e-05 -4.82831000e-05 9.99882000e-01 1.00003000e+00
7.74926000e+01 9.99353000e-01 -2.18603000e-05 -6.03048000e-05 9.99858000e-01 1.00004000e+00
7.75973000e+01 9.99344000e-01 -2.22091000e-05 -7.16041000e-05 9.99835000e-01 1.00005000e+00
7.77021000e+01 9.99341000e-01 -2.23081000e-05 -8.20618000e-05 9.99814000e-01 1.00006000e+00
7.78068000e+01 9.99346000e-01 -2.21573000e-05 -9.15684000e-05 9.99795000e-01 1.00007000e+00
7.79115000e+01 9.99359000e-01 -2.17596000e-05 -1.00025000e-04 9.99778000e-01 1.00008000e+00
7.80162000e+01 9.99378000e-01 -2.11205000e-05 -1.07346000e-04 9.99764000e-01 1.00009000e+00
7.81209000e+01 9.99404000e-01 -2.02483000e-05 -1.13457000e-04 9.99753000e-01 1.00009000e+00
7.82257000e+01 9.99437000e-01 -1.91536000e-05 -1.18298000e-04 9.99744000e-01 1.00010000e+00
7.83304000e+01 9.99476000e-01 -1.78498000e-05 -1.21822000e-04 9.99739000e-01 1.00010000e+00
7.84351000e+01 9.99521000e-01 -1.63523000e-05 -1.23999000e-04 9.99736000e-01 1.00011000e+00
7.85398000e+01 9.99571000e-01 -1.46785000e-05 -1.24811000e-04 9.99736000e-01 1.00011000e+00
7.86445000e+01 9.99625000e-01 -1.28480000e-05 -1.24258000e-04 9.99739000e-01 1.00011000e+00
7.87493000e+01 9.99683000e-01 -1.08817000e-05 -1.22352000e-04 9.99744000e-01 1.00011000e+00
7.88540000e+01 9.99745000e-01 -8.80219000e-06 -1.19121000e-04 9.99753000e-01 1.00011000e+00
7.89587000e+01 9.99809000e-01 -6.63304000e-06 -1.14607000e-04 9.99764000e-01 1.00011000e+00
7.90634000e+01 9.99875000e-01 -4.39877000e-06 -1.08867000e-04 9.99778000e-01 1.00010000e+00
7.91681000e+01 9.99943000e-01 -2.12449000e-06 -1.01968000e-04 9.99794000e-01 1.00010000e+00
7.92729000e+01 1.00001000e+00 1.64320000e-07 -9.39930000e-05 9.99812000e-01 1.00009000e+00
7.93776000e+01 1.00008000e+00 2.44216000e-06 -8.50337000e-05 9.99832000e-01 1.00009000e+00
7.94823000e+01 1.00014000e+00 4.68373000e-06 -7.51931000e-05 9.99854000e-01 1.00008000e+00
7.95870000e+01 1.00021000e+00 6.86424000e-06 -6.45829000e-05 9.99878000e-01 1.00007000e+00
7.96917000e+01 1.00027000e+00 8.95968000e-06 -5.33229000e-05 9.99902000e-01 1.00006000e+00
7.97965000e+01 1.00033000e+00 1.09471000e-05 -4.15391000e-05 9.99928000e-01 1.00005000e+00
7.99012000e+01 1.00038000e+00 1.28047000e-05 -2.93628000e-05 9.99954000e-01 1.00004000e+00
8.00059000e+01 1.00043000e+00 1.45124000e-05 -1.69288000e-05 9.99981000e-01 1.00003000e+00
8.01106000e+01 1.00048000e+00 1.60517000e-05 -4.37388000e-06 1.00001000e+00 1.00002000e+00
8.02153000e+01 1.00052000e+00 1.74060000e-05 8.16425000e-06 1.00003000e+00 1.00001000e+00
8.03201000e+01 1.00055000e+00 1.85610000e-05 2.05490000e-05 1.00006000e+00 9.99998000e-01
8.04248000e+01 1.00058000e+00 1.95046000e-05 3.26460000e-05 1.00008000e+00 9.99987000e-01
8.05295000e+01 1.00060000e+00 2.02269000e-05 4.43248000e-05 1.00011000e+00 9.99976000e-01
8.06342000e+01 1.00061000e+00 2.07206000e-05 5.54602000e-05 1.00013000e+00 9.99965000e-01
8.07389000e+01 1.00062000e+00 2.09811000e-05 6.59333000e-05 1.00015000e+00 9.99955000e-01
8.08437000e+01 1.00062000e+00 2.10063000e-05 7.56334000e-05 1.00017000e+00 9.99945000e-01
8.09484000e+01 1.00061000e+00 2.07967000e-05 8.44586000e-05 1.00019000e+00 9.99936000e-01
8.10531000e+01 1.00060000e+00 2.03554000e-05 9.23169000e-05 1.00020000e+00 9.99928000e-01
8.11578000e+01 1.00058000e+00 1.96882000e-05 9.91276000e-05 1.00022000e+00 9.99921000e-01
8.12625000e+01 1.00055000e+00 1.88032000e-05 1.04822000e-04 1.00023000e+00 9.99914000e-01
8.13672000e+01 1.00052000e+00 1.77112000e-05 1.09343000e-04 1.00024000e+00 9.99908000e-01
8.14720000e+01 1.00048000e+00 1.64250000e-05 1.12647000e-04 1.00024000e+00 9.99904000e-01
8.15767000e+01 1.00044000e+00 1.49598000e-05 1.14706000e-04 1.00024000e+00 9.99900000e-01
8.16814000e+01 1.00039000e+00 1.33324000e-05 1.15501000e-04 1.00024000e+00 9.99898000e-01
8.17861000e+01 1.00034000e+00 1.15618000e-05 1.15032000e-04 1.00024000e+00 9.99897000e-01
8.18908000e+01 1.00028000e+00 9.66812000e-06 1.13310000e-04 1.00024000e+00 9.99896000e-01
8.19956000e+01 1.00022000e+00 7.67312000e-06 1.10360000e-04 1.00023000e+00 9.99897000e-01
8.21003000e+01 1.00016000e+00 5.59947000e-06 1.06220000e-04 1.00022000e+00 9.99899000e-01
8.22050000e+01 1.00010000e+00 3.47068000e-06 1.00941000e-04 1.00021000e+00 9.99903000e-01
8.23097000e+01 1.00003000e+00 1.31081000e-06 9.45877000e-05 1.00019000e+00 9.99907000e-01
8.24144000e+01 9.99970000e-01 -8.55835000e-07 8.72336000e-05 1.00017000e+00 9.99912000e-01
8.25192000e+01 9.99906000e-01 -3.00494000e-06 7.89644000e-05 1.00015000e+00 9.99918000e-01
8.26239000e+01 9.99844000e-01 -5.11248000e-06 6.98749000e-05 1.00013000e+00 9.99925000e-01
8.27286000e+01 9.99784000e-01 -7.15500000e-06 6.00684000e-05 1.00011000e+00 9.99933000e-01
8.28333000e+01 9.99727000e-01 -9.10983000e-06 4.96554000e-05 1.00009000e+00 9.99941000e-01
8.29380000e+01 9.99673000e-01 -1.09554000e-05 3.87526000e-05 1.00007000e+00 9.99950000e-01
8.30428000e+01 9.99622000e-01 -1.26715000e-05 2.74814000e-05 1.00004000e+00 9.99960000e-01
8.31475000e+01 9.99577000e-01 -1.42393000e-05 1.59666000e-05 1.00002000e+00 9.99970000e-01
8.32522000e+01 9.99536000e-01 -1.56418000e-05 4.33496000e-06 9.99993000e-01 9.99980000e-01
8.33569000e+01 9.99500000e-01 -1.68640000e-05 -7.28609000e-06 9.99969000e-01 9.99990000e-01
8.34616000e+01 9.99470000e-01 -1.78930000e-05 -1.87699000e-05 9.99945000e-01 1.00000000e+00
8.35664000e+01 9.99446000e-01 -1.87178000e-05 -2.99918000e-05 9.99921000e-01 1.00001000e+00
8.36711000e+01 9.99428000e-01 -1.93302000e-05 -4.08308000e-05 9.99899000e-01 1.00002000e+00
8.37758000e+01 9.99417000e-01 -1.97240000e-05 -5.11707000e-05 9.99878000e-01 1.00003000e+00
8.38805000e+01 9.99412000e-01 -1.98957000e-05 -6.09011000e-05 9.99858000e-01 1.00004000e+00
8.39852000e+01 9.99414000e-01 -1.98443000e-05 -6.99190000e-05 9.99840000e-01 1.00005000e+00
8.40900000e+01 9.99423000e-01 -1.95713000e-05 -7.81295000e-05 9.99824000e-01 1.00006000e+00
8.41947000e+01 9.99438000e-01 -1.90805000e-05 -8.54471000e-05 9.99810000e-01 1.00007000e+00
8.42994000e+01 9.99459000e-01 -1.83784000e-05 -9.17965000e-05 9.99798000e-01 1.00007000e+00
8.44041000e+01 9.99486000e-01 -1.74734000e-05 -9.71132000e-05 9.99788000e-01 1.00008000e+00
8.45088000e+01 9.99518000e-01 -1.63767000e-05 -1.01344000e-04 9.99781000e-01 1.00008000e+00
8.46136000e+01 9.99556000e-01 -1.51010000e-05 -1.04449000e-04 9.99776000e-01 1.00009000e+00
8.47183000e+01 9.99599000e-01 -1.36614000e-05 -1.06399000e-04 9.99774000e-01 1.00009000e+00
8.48230000e+01 9.99646000e-01 -1.20746000e-05 -1.07178000e-04 9.99774000e-01 1.00010000e+00
8.49277000e+01 9.99697000e-01 -1.03587000e-05 -1.06784000e-04 9.99776000e-01 1.00010000e+00
8.50324000e+01 9.99751000e-01 -8.53341000e-06 -1.05227000e-04 9.99781000e-01 1.00010000e+00
8.51372000e+01 9.99808000e-01 -6.61945000e-06 -1.02529000e-04 9.99788000e-01 1.00010000e+00
8.52419000e+01 9.99867000e-01 -4.63848000e-06 -9.87253000e-05 9.99798000e-01 1.00009000e+00
8.53466000e+01 9.99926000e-01 -2.61280000e-06 -9.38627000e-05 9.99810000e-01 1.00009000e+00
8.54513000e+01 9.99987000e-01 -5.65133000e-07 -8.79994000e-05 9.99823000e-01 1.00009000e+00
8.55560000e+01 1.00005000e+00 1.48165000e-06 -8.12040000e-05 9.99839000e-01 1.00008000e+00
8.56608000e+01 1.00011000e+00 3.50476000e-06 -7.35551000e-05 9.99856000e-01 1.00008000e+00
8.57655000e+01 1.00017000e+00 5.48175000e-06 -6.51402000e-05 9.99875000e-01 1.00007000e+00
8.58702000e+01 1.00022000e+00 7.39078000e-06 -5.60547000e-05 9.99895000e-01 1.00006000e+00
8.59749000e+01 1.00028000e+00 9.21083000e-06 -4.64009000e-05 9.99916000e-01 1.00006000e+00
8.60796000e+01 1.00033000e+00 1.09219000e-05 -3.62868000e-05 9.99938000e-01 1.00005000e+00
8.61844000e+01 1.00037000e+00 1.25054000e-05 -2.58249000e-05 9.99961000e-01 1.00004000e+00
8.62891000e+01 1.00041000e+00 1.39440000e-05 -1.51310000e-05 9.99984000e-01 1.00003000e+00
8.63938000e+01 1.00045000e+00 1.52222000e-05 -4.32283000e-06 1.00001000e+00 1.00002000e+00
8.64985000e+01 1.00048000e+00 1.63262000e-05 6.48117000e-06 1.00003000e+00 1.00001000e+00
8.66032000e+01 1.00051000e+00 1.72444000e-05 1.71632000e-05 1.00005000e+00 1.00000000e+00
8.67080000e+01 1.00053000e+00 1.79671000e-05 2.76072000e-05 1.00007000e+00 9.99990000e-01
8.68127000e+01 1.00055000e+00 1.84867000e-05 3.77004000e-05 1.00009000e+00 9.99981000e-01
8.69174000e+01 1.00056000e+00 1.87982000e-05 4.73343000e-05 1.00011000e+00 9.99971000e-01
8.70221000e+01 1.00056000e+00 1.88988000e-05 5.64061000e-05 1.00013000e+00 9.99962000e-01
8.71268000e+01 1.00055000e+00 1.87878000e-05 6.48193000e-05 1.00015000e+00 9.99954000e-01
8.72316000e+01 1.00054000e+00 1.84673000e-05 7.24853000e-05 1.00016000e+00 9.99946000e-01
8.73363000e+01 1.00053000e+00 1.79413000e-05 7.93239000e-05 1.00018000e+00 9.99939000e-01
8.74410000e+01 1.00051000e+00 1.72165000e-05 8.52644000e-05 1.00019000e+00 9.99932000e-01
8.75457000e+01 1.00048000e+00 1.63015000e-05 9.02462000e-05 1.00020000e+00 9.99926000e-01
8.76504000e+01 1.00045000e+00 1.52070000e-05 9.42194000e-05 1.00020000e+00 9.99921000e-01
8.77552000e+01 1.00041000e+00 1.39459000e-05 9.71455000e-05 1.00021000e+00 9.99917000e-01
8.78599000e+01 1.00037000e+00 1.25328000e-05 9.89974000e-05 1.00021000e+00 9.99914000e-01
8.79646000e+01 1.00032000e+00 1.09839000e-05 9.97599000e-05 1.00021000e+00 9.99911000e-01
8.80693000e+01 1.00027000e+00 9.31697000e-06 9.94299000e-05 1.00021000e+00 9.99910000e-01
8.81740000e+01 1.00022000e+00 7.55099000e-06 9.80161000e-05 1.00020000e+00 9.99910000e-01
8.82788000e+01 1.00017000e+00 5.70605000e-06 9.55389000e-05 1.00020000e+00 9.99910000e-01
8.83835000e+01 1.00011000e+00 3.80305000e-06 9.20305000e-05 1.00019000e+00 9.99912000e-01
8.84882000e+01 1.00005000e+00 1.86348000e-06 8.75339000e-05 1.00018000e+00 9.99914000e-01
8.85929000e+01 9.99994000e-01 -9.08286000e-08 8.21027000e-05 1.00016000e+00 9.99918000e-01
8.86976000e+01 9.99936000e-01 -2.03794000e-06 7.58008000e-05 1.00015000e+00 9.99922000e-01
8.88024000e+01 9.99880000e-01 -3.95605000e-06 6.87008000e-05 1.00013000e+00 9.99927000e-01
8.89071000e+01 9.99825000e-01 -5.82378000e-06 6.08839000e-05 1.00012000e+00 9.99933000e-01
8.90118000e+01 9.99772000e-01 -7.62035000e-06 5.24389000e-05 1.00010000e+00 9.99940000e-01
8.91165000e+01 9.99722000e-01 -9.32586000e-06 4.34607000e-05 1.00008000e+00 9.99947000e-01
8.92212000e+01 9.99675000e-01 -1.09215000e-05 3.40498000e-05 1.00006000e+00 9.99955000e-01
8.93260000e+01 9.99632000e-01 -1.23898000e-05 2.43109000e-05 1.00004000e+00 9.99963000e-01
8.94307000e+01 9.99593000e-01 -1.37146000e-05 1.43517000e-05 1.00001000e+00 9.99972000e-01
8.95354000e+01 9.99559000e-01 -1.48817000e-05 4.28194000e-06 9.99994000e-01 9.99981000e-01
8.96401000e+01 9.99530000e-01 -1.58784000e-05 -5.78811000e-06 9.99973000e-01 9.99990000e-01
8.97448000e+01 9.99506000e-01 -1.66942000e-05 -1.57486000e-05 9.99952000e-01 9.99999000e-01
8.98495000e+01 9.99488000e-01 -1.73205000e-05 -2.54913000e-05 9.99932000e-01 1.00001000e+00
8.99543000e+01 9.99475000e-01 -1.77511000e-05 -3.49111000e-05 9.99912000e-01 1.00002000e+00
9.00590000e+01 9.99469000e-01 -1.79816000e-05 -4.39067000e-05 9.99894000e-01 1.00003000e+00
9.01637000e+01 9.99468000e-01 -1.80103000e-05 -5.23819000e-05 9.99877000e-01 1.00003000e+00
9.02684000e+01 9.99474000e-01 -1.78374000e-05 -6.02467000e-05 9.99862000e-01 1.00004000e+00
9.03731000e+01 9.99485000e-01 -1.74656000e-05 -6.74181000e-05 9.99848000e-01 1.00005000e+00
9.04779000e+01 9.99502000e-01 -1.68998000e-05 -7.38211000e-05 9.99835000e-01 1.00006000e+00
9.05826000e+01 9.99524000e-01 -1.61468000e-05 -7.93894000e-05 9.99825000e-01 1.00006000e+00
9.06873000e+01 9.99552000e-01 -1.52158000e-05 -8.40660000e-05 9.99817000e-01 1.00007000e+00
9.07920000e+01 9.99585000e-01 -1.41177000e-05 -8.78040000e-05 9.99810000e-01 1.00007000e+00
9.08967000e+01 9.99622000e-01 -1.28654000e-05 -9.05670000e-05 9.99806000e-01 1.00008000e+00
9.10015000e+01 9.99663000e-01 -1.14734000e-05 -9.23291000e-05 9.99804000e-01 1.00008000e+00
9.11062000e+01 9.99708000e-01 -9.95755000e-06 -9.30757000e-05 9.99804000e-01 1.00008000e+00
9.12109000e+01 9.99756000e-01 -8.33529000e-06 -9.28032000e-05 9.99806000e-01 1.00008000e+00
9.13156000e+01 9.99806000e-01 -6.62503000e-06 -9.15193000e-05 9.99810000e-01 1.00008000e+00
9.14203000e+01 9.99859000e-01 -4.84613000e-06 -8.92424000e-05 9.99817000e-01 1.00008000e+00
9.15251000e+01 9.99913000e-01 -3.01864000e-06 -8.60018000e-05 9.99825000e-01 1.00008000e+00
9.16298000e+01 9.99968000e-01 -1.16308000e-06 -8.18372000e-05 9.99835000e-01 1.00008000e+00
9.17345000e+01 1.00002000e+00 6.99781000e-07 -7.67982000e-05 9.99847000e-01 1.00008000e+00
9.18392000e+01 1.00008000e+00 2.54915000e-06 -7.09435000e-05 9.99861000e-01 1.00007000e+00
9.19439000e+01 1.00013000e+00 4.36448000e-06 -6.43407000e-05 9.99876000e-01 1.00007000e+00
9.20487000e+01 1.00018000e+00 6.12563000e-06 -5.70651000e-05 9.99892000e-01 1.00006000e+00
9.21534000e+01 1.00023000e+00 7.81316000e-06 -4.91991000e-05 9.99909000e-01 1.00006000e+00
9.22581000e+01 1.00028000e+00 9.40846000e-06 -4.08311000e-05 9.99928000e-01 1.00005000e+00
9.23628000e+01 1.00032000e+00 1.08941000e-05 -3.20546000e-05 9.99947000e-01 1.00004000e+00
9.24675000e+01 1.00036000e+00 1.22537000e-05 -2.29671000e-05 9.99966000e-01 1.00004000e+00
9.25723000e+01 1.00040000e+00 1.34726000e-05 -1.36692000e-05 9.99986000e-01 1.00003000e+00
9.26770000e+01 1.00043000e+00 1.45375000e-05 -4.26321000e-06 1.00001000e+00 1.00002000e+00
9.27817000e+01 1.00046000e+00 1.54371000e-05 5.14778000e-06 1.00003000e+00 1.00001000e+00
9.28864000e+01 1.00048000e+00 1.61617000e-05 1.44611000e-05 1.00005000e+00 1.00000000e+00
9.29911000e+01 1.00049000e+00 1.67038000e-05 2.35754000e-05 1.00006000e+00 9.99993000e-01
9.30959000e+01 1.00050000e+00 1.70578000e-05 3.23924000e-05 1.00008000e+00 9.99985000e-01
9.32006000e+01 1.00051000e+00 1.72202000e-05 4.08169000e-05 1.00010000e+00 9.99976000e-01
9.33053000e+01 1.00051000e+00 1.71898000e-05 4.87588000e-05 1.00011000e+00 9.99968000e-01
9.34100000e+01 1.00050000e+00 1.69674000e-05 5.61336000e-05 1.00013000e+00 9.99961000e-01
9.35147000e+01 1.00049000e+00 1.65560000e-05 6.28633000e-05 1.00014000e+00 9.99954000e-01
9.36195000e+01 1.00047000e+00 1.59606000e-05 6.88773000e-05 1.00015000e+00 9.99947000e-01
9.37242000e+01 1.00045000e+00 1.51884000e-05 7.41130000e-05 1.00016000e+00 9.99941000e-01
9.38289000e+01 1.00042000e+00 1.42485000e-05 7.85168000e-05 1.00017000e+00 9.99936000e-01
9.39336000e+01 1.00039000e+00 1.31518000e-05 8.20442000e-05 1.00018000e+00 9.99931000e-01
9.40383000e+01 1.00035000e+00 1.19110000e-05 8.46605000e-05 1.00018000e+00 9.99927000e-01
9.41431000e+01 1.00031000e+00 1.05403000e-05 8.63412000e-05 1.00018000e+00 9.99924000e-01
9.42478000e+01 1.00027000e+00 9.05543000e-06 8.70720000e-05 1.00018000e+00 9.99922000e-01
9.43525000e+01 1.00022000e+00 7.47321000e-06 8.68492000e-05 1.00018000e+00 9.99921000e-01
9.44572000e+01 1.00017000e+00 5.81163000e-06 8.56792000e-05 1.00018000e+00 9.99920000e-01
9.45619000e+01 1.00012000e+00 4.08950000e-06 8.35791000e-05 1.00017000e+00 9.99921000e-01
9.46667000e+01 1.00007000e+00 2.32624000e-06 8.05757000e-05 1.00016000e+00 9.99922000e-01
9.47714000e+01 1.00001000e+00 5.41717000e-07 7.67058000e-05 1.00015000e+00 9.99924000e-01
9.48761000e+01 9.99961000e-01 -1.24405000e-06 7.20154000e-05 1.00014000e+00 9.99927000e-01
9.49808000e+01 9.99909000e-01 -3.01104000e-06 6.65592000e-05 1.00013000e+00 9.99930000e-01
9.50855000e+01 9.99858000e-01 -4.73954000e-06 6.04002000e-05 1.00012000e+00 9.99935000e-01
9.51903000e+01 9.99809000e-01 -6.41027000e-06 5.36085000e-05 1.00010000e+00 9.99940000e-01
9.52950000e+01 9.99762000e-01 -8.00469000e-06 4.62611000e-05 1.00008000e+00 9.99946000e-01
9.53997000e+01 9.99718000e-01 -9.50514000e-06 3.84404000e-05 1.00007000e+00 9.99952000e-01
9.55044000e+01 9.99677000e-01 -1.08951000e-05 3.02340000e-05 1.00005000e+00 9.99959000e-01
9.56091000e+01 9.99640000e-01 -1.21592000e-05 2.17329000e-05 1.00003000e+00 9.99966000e-01
9.57139000e+01 9.99607000e-01 -1.32838000e-05 1.30313000e-05 1.00001000e+00 9.99974000e-01
9.58186000e+01 9.99578000e-01 -1.42566000e-05 4.22484000e-06 9.99994000e-01 9.99982000e-01
9.59233000e+01 9.99555000e-01 -1.50671000e-05 -4.58988000e-06 9.99976000e-01 9.99990000e-01
9.60280000e+01 9.99536000e-01 -1.57068000e-05 -1.33167000e-05 9.99958000e-01 9.99998000e-01
9.61327000e+01 9.99522000e-01 -1.61689000e-05 -2.18607000e-05 9.99940000e-01 1.00001000e+00
9.62375000e+01 9.99514000e-01 -1.64488000e-05 -3.01296000e-05 9.99923000e-01 1.00001000e+00
9.63422000e+01 9.99512000e-01 -1.65440000e-05 -3.80344000e-05 9.99907000e-01 1.00002000e+00
9.64469000e+01 9.99514000e-01 -1.64537000e-05 -4.54903000e-05 9.99893000e-01 1.00003000e+00
9.65516000e+01 9.99523000e-01 -1.61797000e-05 -5.24180000e-05 9.99879000e-01 1.00004000e+00
9.66563000e+01 9.99536000e-01 -1.57254000e-05 -5.87442000e-05 9.99867000e-01 1.00004000e+00
9.67611000e+01 9.99555000e-01 -1.50966000e-05 -6.44023000e-05 9.99856000e-01 1.00005000e+00
9.68658000e+01 9.99578000e-01 -1.43006000e-05 -6.93337000e-05 9.99847000e-01 1.00006000e+00
9.69705000e+01 9.99607000e-01 -1.33470000e-05 -7.34875000e-05 9.99840000e-01 1.00006000e+00
9.70752000e+01 9.99639000e-01 -1.22467000e-05 -7.68217000e-05 9.99834000e-01 1.00006000e+00
9.71799000e+01 9.99676000e-01 -1.10126000e-05 -7.93035000e-05 9.99830000e-01 1.00007000e+00
9.72847000e+01 9.99716000e-01 -9.65878000e-06 -8.09094000e-05 9.99829000e-01 1.00007000e+00
9.73894000e+01 9.99759000e-01 -8.20068000e-06 -8.16256000e-05 9.99829000e-01 1.00007000e+00
9.74941000e+01 9.99805000e-01 -6.65487000e-06 -8.14479000e-05 9.99830000e-01 1.00007000e+00
9.75988000e+01 9.99852000e-01 -5.03887000e-06 -8.03821000e-05 9.99834000e-01 1.00008000e+00
9.77035000e+01 9.99902000e-01 -3.37089000e-06 -7.84435000e-05 9.99840000e-01 1.00008000e+00
9.78083000e+01 9.99952000e-01 -1.66969000e-06 -7.56570000e-05 9.99847000e-01 1.00007000e+00
9.79130000e+01 1.00000000e+00 4.56744000e-08 -7.20564000e-05 9.99856000e-01 1.00007000e+00
9.80177000e+01 1.00005000e+00 1.75602000e-06 -6.76844000e-05 9.99866000e-01 1.00007000e+00
9.81224000e+01 1.00010000e+00 3.44230000e-06 -6.25919000e-05 9.99878000e-01 1.00007000e+00
9.82271000e+01 1.00015000e+00 5.08577000e-06 -5.68375000e-05 9.99891000e-01 1.00006000e+00
9.83319000e+01 1.00020000e+00 6.66821000e-06 -5.04867000e-05 9.99906000e-01 1.00006000e+00
9.84366000e+01 1.00024000e+00 8.17214000e-06 -4.36111000e-05 9.99921000e-01 1.00005000e+00
9.85413000e+01 1.00028000e+00 9.58100000e-06 -3.62881000e-05 9.99937000e-01 1.00005000e+00
9.86460000e+01 1.00032000e+00 1.08793000e-05 -2.85994000e-05 9.99954000e-01 1.00004000e+00
9.87507000e+01 1.00036000e+00 1.20529000e-05 -2.06303000e-05 9.99971000e-01 1.00003000e+00
9.88554000e+01 1.00039000e+00 1.30889000e-05 -1.24689000e-05 9.99988000e-01 1.00003000e+00
9.89602000e+01 1.00041000e+00 1.39762000e-05 -4.20506000e-06 1.00001000e+00 1.00002000e+00
9.90649000e+01 1.00044000e+00 1.47053000e-05 4.07059000e-06 1.00002000e+00 1.00001000e+00
9.91696000e+01 1.00045000e+00 1.52682000e-05 1.22677000e-05 1.00004000e+00 1.00000000e+00
9.92743000e+01 1.00046000e+00 1.56593000e-05 2.02972000e-05 1.00006000e+00 9.99995000e-01
9.93790000e+01 1.00047000e+00 1.58745000e-05 2.80722000e-05 1.00007000e+00 9.99988000e-01
9.94838000e+01 1.00047000e+00 1.59117000e-05 3.55088000e-05 1.00009000e+00 9.99980000e-01
9.95885000e+01 1.00047000e+00 1.57711000e-05 4.25272000e-05 1.00010000e+00 9.99973000e-01
9.96932000e+01 1.00046000e+00 1.54545000e-05 4.90527000e-05 1.00011000e+00 9.99966000e-01
9.97979000e+01 1.00044000e+00 1.49659000e-05 5.50159000e-05 1.00012000e+00 9.99960000e-01
9.99026000e+01 1.00042000e+00 1.43112000e-05 6.03542000e-05 1.00014000e+00 9.99954000e-01
1.00007000e+02 1.00040000e+00 1.34980000e-05 6.50117000e-05 1.00014000e+00 9.99948000e-01
1.00112000e+02 1.00037000e+00 1.25357000e-05 6.89406000e-05 1.00015000e+00 9.99944000e-01
1.00217000e+02 1.00034000e+00 1.14354000e-05 7.21008000e-05 1.00016000e+00 9.99939000e-01
1.00322000e+02 1.00030000e+00 1.02098000e-05 7.44610000e-05 1.00016000e+00 9.99936000e-01
1.00426000e+02 1.00026000e+00 8.87279000e-06 7.59988000e-05 1.00016000e+00 9.99933000e-01
1.00531000e+02 1.00022000e+00 7.43956000e-06 7.67006000e-05 1.00016000e+00 9.99931000e-01
1.00636000e+02 1.00017000e+00 5.92637000e-06 7.65623000e-05 1.00016000e+00 9.99929000e-01
1.00740000e+02 1.00013000e+00 4.35032000e-06 7.55888000e-05 1.00016000e+00 9.99929000e-01
1.00845000e+02 1.00008000e+00 2.72919000e-06 7.37940000e-05 1.00015000e+00 9.99929000e-01
1.00950000e+02 1.00003000e+00 1.08121000e-06 7.12011000e-05 1.00014000e+00 9.99930000e-01
1.01055000e+02 9.99982000e-01 -5.75112000e-07 6.78414000e-05 1.00014000e+00 9.99932000e-01
1.01159000e+02 9.99933000e-01 -2.22121000e-06 6.37547000e-05 1.00013000e+00 9.99934000e-01
1.01264000e+02 9.99886000e-01 -3.83869000e-06 5.89887000e-05 1.00011000e+00 9.99937000e-01
1.01369000e+02 9.99839000e-01 -5.40949000e-06 5.35981000e-05 1.00010000e+00 9.99941000e-01
1.01473000e+02 9.99795000e-01 -6.91614000e-06 4.76443000e-05 1.00009000e+00 9.99945000e-01
1.01578000e+02 9.99753000e-01 -8.34191000e-06 4.11944000e-05 1.00007000e+00 9.99950000e-01
1.01683000e+02 9.99714000e-01 -9.67102000e-06 3.43209000e-05 1.00006000e+00 9.99956000e-01
1.01788000e+02 9.99678000e-01 -1.08888000e-05 2.71006000e-05 1.00004000e+00 9.99962000e-01
1.01892000e+02 9.99646000e-01 -1.19819000e-05 1.96135000e-05 1.00003000e+00 9.99968000e-01
1.01997000e+02 9.99618000e-01 -1.29383000e-05 1.19424000e-05 1.00001000e+00 9.99975000e-01
1.02102000e+02 9.99594000e-01 -1.37477000e-05 4.17188000e-06 9.99995000e-01 9.99982000e-01
1.02206000e+02 9.99575000e-01 -1.44013000e-05 -3.61302000e-06 9.99978000e-01 9.99989000e-01
1.02311000e+02 9.99560000e-01 -1.48923000e-05 -1.13273000e-05 9.99962000e-01 9.99996000e-01
1.02416000e+02 9.99551000e-01 -1.52154000e-05 -1.88870000e-05 9.99947000e-01 1.00000000e+00
1.02521000e+02 9.99546000e-01 -1.53675000e-05 -2.62104000e-05 9.99932000e-01 1.00001000e+00
1.02625000e+02 9.99547000e-01 -1.53473000e-05 -3.32185000e-05 9.99918000e-01 1.00002000e+00
1.02730000e+02 9.99553000e-01 -1.51554000e-05 -3.98360000e-05 9.99905000e-01 1.00002000e+00
1.02835000e+02 9.99563000e-01 -1.47944000e-05 -4.59925000e-05 9.99893000e-01 1.00003000e+00
1.02940000e+02 9.99579000e-01 -1.42688000e-05 -5.16225000e-05 9.99882000e-01 1.00004000e+00
1.03044000e+02 9.99599000e-01 -1.35847000e-05 -5.66668000e-05 9.99873000e-01 1.00004000e+00
1.03149000e+02 9.99624000e-01 -1.27503000e-05 -6.10726000e-05 9.99865000e-01 1.00005000e+00
1.03254000e+02 9.99652000e-01 -1.17753000e-05 -6.47945000e-05 9.99859000e-01 1.00005000e+00
1.03358000e+02 9.99685000e-01 -1.06708000e-05 -6.77946000e-05 9.99854000e-01 1.00006000e+00
1.03463000e+02 9.99721000e-01 -9.44956000e-06 -7.00429000e-05 9.99850000e-01 1.00006000e+00
1.03568000e+02 9.99760000e-01 -8.12546000e-06 -7.15179000e-05 9.99849000e-01 1.00006000e+00
1.03673000e+02 9.99802000e-01 -6.71356000e-06 -7.22066000e-05 9.99849000e-01 1.00007000e+00
1.03777000e+02 9.99846000e-01 -5.22982000e-06 -7.21046000e-05 9.99851000e-01 1.00007000e+00
1.03882000e+02 9.99891000e-01 -3.69098000e-06 -7.12161000e-05 9.99854000e-01 1.00007000e+00
1.03987000e+02 9.99938000e-01 -2.11434000e-06 -6.95538000e-05 9.99859000e-01 1.00007000e+00
1.04091000e+02 9.99985000e-01 -5.17605000e-07 -6.71389000e-05 9.99865000e-01 1.00007000e+00
1.04196000e+02 1.00003000e+00 1.08137000e-06 -6.40007000e-05 9.99873000e-01 1.00007000e+00
1.04301000e+02 1.00008000e+00 2.66474000e-06 -6.01763000e-05 9.99882000e-01 1.00006000e+00
1.04406000e+02 1.00012000e+00 4.21486000e-06 -5.57100000e-05 9.99893000e-01 1.00006000e+00
1.04510000e+02 1.00017000e+00 5.71453000e-06 -5.06530000e-05 9.99904000e-01 1.00006000e+00
1.04615000e+02 1.00021000e+00 7.14711000e-06 -4.50629000e-05 9.99917000e-01 1.00005000e+00
1.04720000e+02 1.00025000e+00 8.49678000e-06 -3.90026000e-05 9.99930000e-01 1.00005000e+00
1.04824000e+02 1.00029000e+00 9.74866000e-06 -3.25402000e-05 9.99945000e-01 1.00004000e+00
1.04929000e+02 1.00032000e+00 1.08890000e-05 -2.57476000e-05 9.99959000e-01 1.00004000e+00
1.05034000e+02 1.00035000e+00 1.19053000e-05 -1.87003000e-05 9.99975000e-01 1.00003000e+00
1.05139000e+02 1.00038000e+00 1.27865000e-05 -1.14760000e-05 9.99990000e-01 1.00002000e+00
1.05243000e+02 1.00040000e+00 1.35230000e-05 -4.15447000e-06 1.00001000e+00 1.00002000e+00
1.05348000e+02 1.00042000e+00 1.41069000e-05 3.18421000e-06 1.00002000e+00 1.00001000e+00
1.05453000e+02 1.00043000e+00 1.45320000e-05 1.04598000e-05 1.00004000e+00 1.00000000e+00
1.05558000e+02 1.00044000e+00 1.47939000e-05 1.75933000e-05 1.00005000e+00 9.99997000e-01
1.05662000e+02 1.00044000e+00 1.48899000e-05 2.45073000e-05 1.00006000e+00 9.99990000e-01
1.05767000e+02 1.00044000e+00 1.48194000e-05 3.11272000e-05 1.00008000e+00 9.99984000e-01
1.05872000e+02 1.00043000e+00 1.45834000e-05 3.73818000e-05 1.00009000e+00 9.99977000e-01
1.05976000e+02 1.00042000e+00 1.41848000e-05 4.32045000e-05 1.00010000e+00 9.99971000e-01
1.06081000e+02 1.00040000e+00 1.36285000e-05 4.85331000e-05 1.00011000e+00 9.99965000e-01
1.06186000e+02 1.00038000e+00 1.29209000e-05 5.33116000e-05 1.00012000e+00 9.99960000e-01
1.06291000e+02 1.00036000e+00 1.20702000e-05 5.74899000e-05 1.00013000e+00 9.99955000e-01
1.06395000e+02 1.00033000e+00 1.10862000e-05 6.10245000e-05 1.00013000e+00 9.99950000e-01
1.06500000e+02 1.00029000e+00 9.98016000e-06 6.38796000e-05 1.00014000e+00 9.99946000e-01
1.06605000e+02 1.00026000e+00 8.76461000e-06 6.60264000e-05 1.00014000e+00 9.99943000e-01
1.06709000e+02 1.00022000e+00 7.45336000e-06 6.74443000e-05 1.00014000e+00 9.99940000e-01
1.06814000e+02 1.00018000e+00 6.06126000e-06 6.81205000e-05 1.00014000e+00 9.99938000e-01
1.06919000e+02 1.00014000e+00 4.60401000e-06 6.80506000e-05 1.00014000e+00 9.99937000e-01
1.07024000e+02 1.00009000e+00 3.09805000e-06 6.72382000e-05 1.00014000e+00 9.99936000e-01
1.07128000e+02 1.00005000e+00 1.56031000e-06 6.56948000e-05 1.00013000e+00 9.99936000e-01
1.07233000e+02 1.00000000e+00 8.04884000e-09 6.34403000e-05 1.00013000e+00 9.99937000e-01
