# k S000 S110 S112 S10 S11
1.04720000e-01 1.98647000e-01 5.10382000e-04 -1.35511000e-05 4.83280000e-04 5.23934000e-04
2.09440000e-01 1.99127000e-01 5.13789000e-04 -1.38673000e-05 4.86054000e-04 5.27656000e-04
3.14159000e-01 1.99931000e-01 5.19544000e-04 -1.44071000e-05 4.90730000e-04 5.33951000e-04
4.18879000e-01 2.01061000e-01 5.27769000e-04 -1.51908000e-05 4.97387000e-04 5.42960000e-04
5.23599000e-01 2.02525000e-01 5.38643000e-04 -1.62489000e-05 5.06146000e-04 5.54892000e-04
6.28319000e-01 2.04329000e-01 5.52412000e-04 -1.76241000e-05 5.17163000e-04 5.70036000e-04
7.33038000e-01 2.06482000e-01 5.69400000e-04 -1.93751000e-05 5.30650000e-04 5.88775000e-04
8.37758000e-01 2.08998000e-01 5.90036000e-04 -2.15819000e-05 5.46872000e-04 6.11618000e-04
9.42478000e-01 2.11887000e-01 6.14874000e-04 -2.43526000e-05 5.66169000e-04 6.39227000e-04
1.04720000e+00 2.15166000e-01 6.44641000e-04 -2.78352000e-05 5.88971000e-04 6.72477000e-04
1.15192000e+00 2.18853000e-01 6.80292000e-04 -3.22344000e-05 6.15823000e-04 7.12526000e-04
1.25664000e+00 2.22966000e-01 7.23096000e-04 -3.78379000e-05 6.47420000e-04 7.60934000e-04
1.36136000e+00 2.27529000e-01 7.74774000e-04 -4.50587000e-05 6.84656000e-04 8.19832000e-04
1.46608000e+00 2.32567000e-01 8.37704000e-04 -5.45037000e-05 7.28696000e-04 8.92208000e-04
1.57080000e+00 2.38107000e-01 9.15265000e-04 -6.70933000e-05 7.81078000e-04 9.82358000e-04
1.67552000e+00 2.44180000e-01 1.01242000e-03 -8.42736000e-05 8.43870000e-04 1.09669000e-03
1.78024000e+00 2.50820000e-01 1.13675000e-03 -1.08421000e-04 9.19912000e-04 1.24518000e-03
1.88496000e+00 2.58065000e-01 1.30054000e-03 -1.43664000e-04 1.01321000e-03 1.44420000e-03
1.98968000e+00 2.65957000e-01 1.52501000e-03 -1.97708000e-04 1.12959000e-03 1.72272000e-03
2.09440000e+00 2.74541000e-01 1.85064000e-03 -2.86390000e-04 1.27786000e-03 2.13703000e-03
2.19911000e+00 2.83866000e-01 2.36606000e-03 -4.47062000e-04 1.47194000e-03 2.81312000e-03
2.30383000e+00 2.93986000e-01 3.31349000e-03 -7.89100000e-04 1.73529000e-03 4.10259000e-03
2.40855000e+00 3.04961000e-01 5.70100000e-03 -1.79518000e-03 2.11064000e-03 7.49618000e-03
2.51327000e+00 3.16853000e-01 2.74955000e-02 -1.24053000e-02 2.68485000e-03 3.99008000e-02
2.61799000e+00 3.29732000e-01 -7.04272000e-03 5.35423000e-03 3.66574000e-03 -1.23970000e-02
2.72271000e+00 3.43670000e-01 -1.73732000e-03 3.72108000e-03 5.70484000e-03 -5.45840000e-03
2.82743000e+00 3.58746000e-01 1.78130000e-03 5.32728000e-03 1.24359000e-02 -3.54598000e-03
2.93215000e+00 3.75043000e-01 -3.10337000e-02 -2.83781000e-02 -8.77900000e-02 -2.65553000e-03
3.03687000e+00 3.92649000e-01 -4.77254000e-03 -2.62856000e-03 -1.00297000e-02 -2.14398000e-03
3.14159000e+00 4.11653000e-01 -3.01983000e-03 -1.20537000e-03 -5.43056000e-03 -1.81446000e-03
3.24631000e+00 4.32149000e-01 -2.31863000e-03 -7.32086000e-04 -3.78280000e-03 -1.58654000e-03
3.35103000e+00 4.54229000e-01 -1.92782000e-03 -5.06579000e-04 -2.94098000e-03 -1.42124000e-03
3.45575000e+00 4.77985000e-01 -1.67624000e-03 -3.78816000e-04 -2.43387000e-03 -1.29742000e-03
3.56047000e+00 5.03503000e-01 -1.50109000e-03 -2.98450000e-04 -2.09799000e-03 -1.20264000e-03
3.66519000e+00 5.30863000e-01 -1.37328000e-03 -2.44183000e-04 -1.86164000e-03 -1.12909000e-03
3.76991000e+00 5.60129000e-01 -1.27730000e-03 -2.05599000e-04 -1.68850000e-03 -1.07170000e-03
3.87463000e+00 5.91347000e-01 -1.20406000e-03 -1.77062000e-04 -1.55818000e-03 -1.02700000e-03
3.97935000e+00 6.24536000e-01 -1.14786000e-03 -1.55285000e-04 -1.45843000e-03 -9.92573000e-04
4.08407000e+00 6.59681000e-01 -1.10496000e-03 -1.38233000e-04 -1.38142000e-03 -9.66726000e-04
4.18879000e+00 6.96723000e-01 -1.07282000e-03 -1.24585000e-04 -1.32199000e-03 -9.48236000e-04
4.29351000e+00 7.35548000e-01 -1.04968000e-03 -1.13452000e-04 -1.27659000e-03 -9.36232000e-04
4.39823000e+00 7.75980000e-01 -1.03432000e-03 -1.04211000e-04 -1.24274000e-03 -9.30108000e-04
4.50295000e+00 8.17768000e-01 -1.02587000e-03 -9.64098000e-05 -1.21869000e-03 -9.29458000e-04
4.60767000e+00 8.60579000e-01 -1.02376000e-03 -8.97150000e-05 -1.20319000e-03 -9.34041000e-04
4.71239000e+00 9.03994000e-01 -1.02763000e-03 -8.38686000e-05 -1.19536000e-03 -9.43757000e-04
4.81711000e+00 9.47510000e-01 -1.03729000e-03 -7.86651000e-05 -1.19462000e-03 -9.58629000e-04
4.92183000e+00 9.90540000e-01 -1.05273000e-03 -7.39348000e-05 -1.20060000e-03 -9.78800000e-04
5.02655000e+00 1.03243000e+00 -1.07406000e-03 -6.95303000e-05 -1.21312000e-03 -1.00453000e-03
5.13127000e+00 1.07250000e+00 -1.10151000e-03 -6.53172000e-05 -1.23215000e-03 -1.03619000e-03
5.23599000e+00 1.11001000e+00 -1.13548000e-03 -6.11663000e-05 -1.25781000e-03 -1.07431000e-03
5.34071000e+00 1.14430000e+00 -1.17649000e-03 -5.69461000e-05 -1.29038000e-03 -1.11954000e-03
5.44543000e+00 1.17472000e+00 -1.22523000e-03 -5.25158000e-05 -1.33027000e-03 -1.17272000e-03
5.55015000e+00 1.20073000e+00 -1.28259000e-03 -4.77176000e-05 -1.37803000e-03 -1.23488000e-03
5.65487000e+00 1.22194000e+00 -1.34966000e-03 -4.23685000e-05 -1.43439000e-03 -1.30729000e-03
5.75959000e+00 1.23810000e+00 -1.42777000e-03 -3.62500000e-05 -1.50027000e-03 -1.39152000e-03
5.86431000e+00 1.24911000e+00 -1.51860000e-03 -2.90954000e-05 -1.57679000e-03 -1.48950000e-03
5.96903000e+00 1.25507000e+00 -1.62416000e-03 -2.05749000e-05 -1.66531000e-03 -1.60358000e-03
6.07375000e+00 1.25620000e+00 -1.74694000e-03 -1.02759000e-05 -1.76749000e-03 -1.73667000e-03
6.17847000e+00 1.25287000e+00 -1.88998000e-03 2.32044000e-06 -1.88534000e-03 -1.89230000e-03
6.28319000e+00 1.24555000e+00 -2.05700000e-03 1.78679000e-05 -2.02127000e-03 -2.07487000e-03
6.38791000e+00 1.23477000e+00 -2.25254000e-03 3.71881000e-05 -2.17816000e-03 -2.28973000e-03
6.49262000e+00 1.22109000e+00 -2.48212000e-03 6.13050000e-05 -2.35951000e-03 -2.54342000e-03
6.59734000e+00 1.20508000e+00 -2.75238000e-03 9.14733000e-05 -2.56944000e-03 -2.84386000e-03
6.70206000e+00 1.18731000e+00 -3.07126000e-03 1.29184000e-04 -2.81289000e-03 -3.20044000e-03
6.80678000e+00 1.16827000e+00 -3.44789000e-03 1.76112000e-04 -3.09567000e-03 -3.62400000e-03
6.91150000e+00 1.14846000e+00 -3.89238000e-03 2.33940000e-04 -3.42450000e-03 -4.12632000e-03
7.01622000e+00 1.12827000e+00 -4.41491000e-03 3.03941000e-04 -3.80702000e-03 -4.71885000e-03
7.12094000e+00 1.10806000e+00 -5.02387000e-03 3.86142000e-04 -4.25158000e-03 -5.41001000e-03
7.22566000e+00 1.08814000e+00 -5.72235000e-03 4.77832000e-04 -4.76669000e-03 -6.20018000e-03
7.33038000e+00 1.06876000e+00 -6.50249000e-03 5.71270000e-04 -5.35995000e-03 -7.07376000e-03
7.43510000e+00 1.05010000e+00 -7.33807000e-03 6.50925000e-04 -6.03622000e-03 -7.98900000e-03
7.53982000e+00 1.03234000e+00 -8.17782000e-03 6.91669000e-04 -6.79448000e-03 -8.86948000e-03
7.64454000e+00 1.01559000e+00 -8.94533000e-03 6.60935000e-04 -7.62346000e-03 -9.60627000e-03
7.74926000e+00 9.99932000e-01 -9.55237000e-03 5.28007000e-04 -8.49635000e-03 -1.00804000e-02
7.85398000e+00 9.85436000e-01 -9.92505000e-03 2.79475000e-04 -9.36610000e-03 -1.02045000e-02
7.95870000e+00 9.72138000e-01 -1.00296000e-02 -6.75665000e-05 -1.01647000e-02 -9.96199000e-03
8.06342000e+00 9.60063000e-01 -9.87903000e-03 -4.65654000e-04 -1.08103000e-02 -9.41337000e-03
8.16814000e+00 9.49217000e-01 -9.51916000e-03 -8.52749000e-04 -1.12247000e-02 -8.66641000e-03
8.27286000e+00 9.39598000e-01 -9.00719000e-03 -1.17410000e-03 -1.13554000e-02 -7.83309000e-03
8.37758000e+00 9.31195000e-01 -8.39828000e-03 -1.39774000e-03 -1.11938000e-02 -7.00054000e-03
8.48230000e+00 9.23988000e-01 -7.74066000e-03 -1.51793000e-03 -1.07765000e-02 -6.22273000e-03
8.58702000e+00 9.17953000e-01 -7.07427000e-03 -1.54858000e-03 -1.01714000e-02 -5.52569000e-03
8.69174000e+00 9.13061000e-01 -6.42972000e-03 -1.51302000e-03 -9.45576000e-03 -4.91670000e-03
8.79646000e+00 9.09282000e-01 -5.82776000e-03 -1.43528000e-03 -8.69833000e-03 -4.39248000e-03
8.90118000e+00 9.06579000e-01 -5.28008000e-03 -1.33522000e-03 -7.95052000e-03 -3.94487000e-03
9.00590000e+00 9.04917000e-01 -4.79109000e-03 -1.22702000e-03 -7.24513000e-03 -3.56406000e-03
9.11062000e+00 9.04256000e-01 -4.36014000e-03 -1.11976000e-03 -6.59966000e-03 -3.24039000e-03
9.21534000e+00 9.04554000e-01 -3.98363000e-03 -1.01855000e-03 -6.02072000e-03 -2.96508000e-03
9.32006000e+00 9.05768000e-01 -3.65642000e-03 -9.25887000e-04 -5.50819000e-03 -2.73053000e-03
9.42478000e+00 9.07853000e-01 -3.37292000e-03 -8.42605000e-04 -5.05813000e-03 -2.53032000e-03
9.52950000e+00 9.10761000e-01 -3.12767000e-03 -7.68588000e-04 -4.66485000e-03 -2.35909000e-03
9.63422000e+00 9.14441000e-01 -2.91564000e-03 -7.03226000e-04 -4.32210000e-03 -2.21242000e-03
9.73894000e+00 9.18840000e-01 -2.73236000e-03 -6.45692000e-04 -4.02374000e-03 -2.08667000e-03
9.84366000e+00 9.23901000e-01 -2.57394000e-03 -5.95093000e-04 -3.76412000e-03 -1.97884000e-03
9.94838000e+00 9.29564000e-01 -2.43705000e-03 -5.50564000e-04 -3.53818000e-03 -1.88649000e-03
1.00531000e+01 9.35766000e-01 -2.31888000e-03 -5.11305000e-04 -3.34149000e-03 -1.80758000e-03
1.01578000e+01 9.42440000e-01 -2.21705000e-03 -4.76595000e-04 -3.17024000e-03 -1.74046000e-03
1.02625000e+01 9.49516000e-01 -2.12957000e-03 -4.45798000e-04 -3.02116000e-03 -1.68377000e-03
1.03673000e+01 9.56921000e-01 -2.05474000e-03 -4.18357000e-04 -2.89146000e-03 -1.63639000e-03
1.04720000e+01 9.64575000e-01 -1.99119000e-03 -3.93785000e-04 -2.77876000e-03 -1.59740000e-03
1.05767000e+01 9.72401000e-01 -1.93774000e-03 -3.71655000e-04 -2.68105000e-03 -1.56608000e-03
1.06814000e+01 9.80314000e-01 -1.89341000e-03 -3.51593000e-04 -2.59660000e-03 -1.54182000e-03
1.07861000e+01 9.88233000e-01 -1.85742000e-03 -3.33266000e-04 -2.52395000e-03 -1.52415000e-03
1.08909000e+01 9.96070000e-01 -1.82909000e-03 -3.16378000e-04 -2.46185000e-03 -1.51271000e-03
1.09956000e+01 1.00374000e+00 -1.80789000e-03 -3.00659000e-04 -2.40921000e-03 -1.50724000e-03
1.11003000e+01 1.01117000e+00 -1.79340000e-03 -2.85861000e-04 -2.36512000e-03 -1.50754000e-03
1.12050000e+01 1.01826000e+00 -1.78527000e-03 -2.71750000e-04 -2.32876000e-03 -1.51352000e-03
1.13097000e+01 1.02495000e+00 -1.78324000e-03 -2.58103000e-04 -2.29944000e-03 -1.52513000e-03
1.14145000e+01 1.03115000e+00 -1.78712000e-03 -2.44704000e-04 -2.27653000e-03 -1.54242000e-03
1.15192000e+01 1.03682000e+00 -1.79680000e-03 -2.31336000e-04 -2.25948000e-03 -1.56547000e-03
1.16239000e+01 1.04187000e+00 -1.81222000e-03 -2.17780000e-04 -2.24778000e-03 -1.59444000e-03
1.17286000e+01 1.04628000e+00 -1.83335000e-03 -2.03813000e-04 -2.24097000e-03 -1.62953000e-03
1.18333000e+01 1.05000000e+00 -1.86023000e-03 -1.89199000e-04 -2.23862000e-03 -1.67103000e-03
1.19381000e+01 1.05299000e+00 -1.89293000e-03 -1.73696000e-04 -2.24032000e-03 -1.71924000e-03
1.20428000e+01 1.05525000e+00 -1.93157000e-03 -1.57044000e-04 -2.24566000e-03 -1.77453000e-03
1.21475000e+01 1.05675000e+00 -1.97629000e-03 -1.38974000e-04 -2.25424000e-03 -1.83732000e-03
1.22522000e+01 1.05752000e+00 -2.02725000e-03 -1.19201000e-04 -2.26565000e-03 -1.90805000e-03
1.23569000e+01 1.05756000e+00 -2.08461000e-03 -9.74320000e-05 -2.27947000e-03 -1.98718000e-03
1.24617000e+01 1.05689000e+00 -2.14854000e-03 -7.33681000e-05 -2.29528000e-03 -2.07517000e-03
1.25664000e+01 1.05556000e+00 -2.21918000e-03 -4.67142000e-05 -2.31261000e-03 -2.17247000e-03
1.26711000e+01 1.05360000e+00 -2.29663000e-03 -1.71916000e-05 -2.33102000e-03 -2.27944000e-03
1.27758000e+01 1.05106000e+00 -2.38090000e-03 1.54451000e-05 -2.35001000e-03 -2.39634000e-03
1.28805000e+01 1.04800000e+00 -2.47185000e-03 5.13833000e-05 -2.36908000e-03 -2.52323000e-03
1.29852000e+01 1.04448000e+00 -2.56919000e-03 9.07226000e-05 -2.38775000e-03 -2.65991000e-03
1.30900000e+01 1.04056000e+00 -2.67236000e-03 1.33438000e-04 -2.40549000e-03 -2.80580000e-03
1.31947000e+01 1.03631000e+00 -2.78049000e-03 1.79335000e-04 -2.42182000e-03 -2.95983000e-03
1.32994000e+01 1.03179000e+00 -2.89229000e-03 2.28006000e-04 -2.43628000e-03 -3.12029000e-03
1.34041000e+01 1.02707000e+00 -3.00599000e-03 2.78788000e-04 -2.44841000e-03 -3.28478000e-03
1.35088000e+01 1.02222000e+00 -3.11930000e-03 3.30726000e-04 -2.45785000e-03 -3.45003000e-03
1.36136000e+01 1.01729000e+00 -3.22940000e-03 3.82564000e-04 -2.46427000e-03 -3.61196000e-03
1.37183000e+01 1.01235000e+00 -3.33294000e-03 4.32766000e-04 -2.46741000e-03 -3.76571000e-03
1.38230000e+01 1.00746000e+00 -3.42628000e-03 4.79585000e-04 -2.46711000e-03 -3.90586000e-03
1.39277000e+01 1.00266000e+00 -3.50564000e-03 5.21177000e-04 -2.46329000e-03 -4.02682000e-03
1.40324000e+01 9.98000000e-01 -3.56747000e-03 5.55760000e-04 -2.45595000e-03 -4.12323000e-03
1.41372000e+01 9.93534000e-01 -3.60881000e-03 5.81802000e-04 -2.44520000e-03 -4.19061000e-03
1.42419000e+01 9.89297000e-01 -3.62762000e-03 5.98196000e-04 -2.43122000e-03 -4.22581000e-03
1.43466000e+01 9.85324000e-01 -3.62306000e-03 6.04395000e-04 -2.41427000e-03 -4.22745000e-03
1.44513000e+01 9.81647000e-01 -3.59559000e-03 6.00469000e-04 -2.39465000e-03 -4.19606000e-03
1.45560000e+01 9.78292000e-01 -3.54692000e-03 5.87083000e-04 -2.37275000e-03 -4.13400000e-03
1.46608000e+01 9.75280000e-01 -3.47973000e-03 5.65385000e-04 -2.34896000e-03 -4.04512000e-03
1.47655000e+01 9.72629000e-01 -3.39742000e-03 5.36853000e-04 -2.32371000e-03 -3.93427000e-03
1.48702000e+01 9.70354000e-01 -3.30367000e-03 5.03116000e-04 -2.29744000e-03 -3.80678000e-03
1.49749000e+01 9.68464000e-01 -3.20216000e-03 4.65798000e-04 -2.27057000e-03 -3.66796000e-03
1.50796000e+01 9.66965000e-01 -3.09630000e-03 4.26391000e-04 -2.24351000e-03 -3.52269000e-03
1.51844000e+01 9.65860000e-01 -2.98904000e-03 3.86178000e-04 -2.21668000e-03 -3.37522000e-03
1.52891000e+01 9.65147000e-01 -2.88283000e-03 3.46197000e-04 -2.19044000e-03 -3.22903000e-03
1.53938000e+01 9.64822000e-01 -2.77960000e-03 3.07237000e-04 -2.16513000e-03 -3.08684000e-03
1.54985000e+01 9.64878000e-01 -2.68077000e-03 2.69860000e-04 -2.14105000e-03 -2.95063000e-03
1.56032000e+01 9.65305000e-01 -2.58736000e-03 2.34430000e-04 -2.11850000e-03 -2.82179000e-03
1.57080000e+01 9.66088000e-01 -2.50001000e-03 2.01153000e-04 -2.09770000e-03 -2.70116000e-03
1.58127000e+01 9.67212000e-01 -2.41911000e-03 1.70110000e-04 -2.07889000e-03 -2.58922000e-03
1.59174000e+01 9.68657000e-01 -2.34482000e-03 1.41292000e-04 -2.06224000e-03 -2.48611000e-03
1.60221000e+01 9.70404000e-01 -2.27717000e-03 1.14625000e-04 -2.04792000e-03 -2.39179000e-03
1.61268000e+01 9.72427000e-01 -2.21606000e-03 8.99925000e-05 -2.03607000e-03 -2.30605000e-03
1.62316000e+01 9.74701000e-01 -2.16133000e-03 6.72537000e-05 -2.02682000e-03 -2.22858000e-03
1.63363000e+01 9.77199000e-01 -2.11278000e-03 4.62532000e-05 -2.02028000e-03 -2.15904000e-03
1.64410000e+01 9.79891000e-01 -2.07019000e-03 2.68325000e-05 -2.01652000e-03 -2.09702000e-03
1.65457000e+01 9.82745000e-01 -2.03332000e-03 8.83557000e-06 -2.01564000e-03 -2.04215000e-03
1.66504000e+01 9.85729000e-01 -2.00193000e-03 -7.88650000e-06 -2.01771000e-03 -1.99405000e-03
1.67552000e+01 9.88809000e-01 -1.97583000e-03 -2.34727000e-05 -2.02277000e-03 -1.95235000e-03
1.68599000e+01 9.91952000e-01 -1.95478000e-03 -3.80499000e-05 -2.03088000e-03 -1.91674000e-03
1.69646000e+01 9.95121000e-01 -1.93863000e-03 -5.17322000e-05 -2.04209000e-03 -1.88689000e-03
1.70693000e+01 9.98283000e-01 -1.92718000e-03 -6.46197000e-05 -2.05642000e-03 -1.86256000e-03
1.71740000e+01 1.00140000e+00 -1.92028000e-03 -7.67983000e-05 -2.07388000e-03 -1.84349000e-03
1.72788000e+01 1.00445000e+00 -1.91782000e-03 -8.83390000e-05 -2.09449000e-03 -1.82948000e-03
1.73835000e+01 1.00738000e+00 -1.91965000e-03 -9.92980000e-05 -2.11824000e-03 -1.82035000e-03
1.74882000e+01 1.01017000e+00 -1.92567000e-03 -1.09716000e-04 -2.14510000e-03 -1.81595000e-03
1.75929000e+01 1.01279000e+00 -1.93577000e-03 -1.19617000e-04 -2.17501000e-03 -1.81616000e-03
1.76976000e+01 1.01522000e+00 -1.94987000e-03 -1.29009000e-04 -2.20789000e-03 -1.82087000e-03
1.78024000e+01 1.01742000e+00 -1.96787000e-03 -1.37882000e-04 -2.24363000e-03 -1.82999000e-03
1.79071000e+01 1.01938000e+00 -1.98966000e-03 -1.46209000e-04 -2.28208000e-03 -1.84345000e-03
1.80118000e+01 1.02107000e+00 -2.01514000e-03 -1.53941000e-04 -2.32302000e-03 -1.86120000e-03
1.81165000e+01 1.02249000e+00 -2.04418000e-03 -1.61012000e-04 -2.36621000e-03 -1.88317000e-03
1.82212000e+01 1.02362000e+00 -2.07665000e-03 -1.67334000e-04 -2.41131000e-03 -1.90931000e-03
1.83260000e+01 1.02445000e+00 -2.11235000e-03 -1.72801000e-04 -2.45796000e-03 -1.93955000e-03
1.84307000e+01 1.02498000e+00 -2.15110000e-03 -1.77287000e-04 -2.50567000e-03 -1.97381000e-03
1.85354000e+01 1.02521000e+00 -2.19264000e-03 -1.80648000e-04 -2.55394000e-03 -2.01199000e-03
1.86401000e+01 1.02514000e+00 -2.23667000e-03 -1.82728000e-04 -2.60213000e-03 -2.05394000e-03
1.87448000e+01 1.02478000e+00 -2.28285000e-03 -1.83363000e-04 -2.64958000e-03 -2.09949000e-03
1.88496000e+01 1.02414000e+00 -2.33076000e-03 -1.82386000e-04 -2.69553000e-03 -2.14837000e-03
1.89543000e+01 1.02324000e+00 -2.37993000e-03 -1.79639000e-04 -2.73921000e-03 -2.20029000e-03
1.90590000e+01 1.02210000e+00 -2.42982000e-03 -1.74980000e-04 -2.77978000e-03 -2.25484000e-03
1.91637000e+01 1.02072000e+00 -2.47983000e-03 -1.68300000e-04 -2.81643000e-03 -2.31153000e-03
1.92684000e+01 1.01914000e+00 -2.52929000e-03 -1.59533000e-04 -2.84835000e-03 -2.36976000e-03
1.93732000e+01 1.01738000e+00 -2.57748000e-03 -1.48669000e-04 -2.87482000e-03 -2.42881000e-03
1.94779000e+01 1.01546000e+00 -2.62364000e-03 -1.35769000e-04 -2.89518000e-03 -2.48787000e-03
1.95826000e+01 1.01342000e+00 -2.66696000e-03 -1.20972000e-04 -2.90891000e-03 -2.54599000e-03
1.96873000e+01 1.01126000e+00 -2.70665000e-03 -1.04499000e-04 -2.91565000e-03 -2.60215000e-03
1.97920000e+01 1.00904000e+00 -2.74190000e-03 -8.66524000e-05 -2.91521000e-03 -2.65525000e-03
1.98968000e+01 1.00676000e+00 -2.77195000e-03 -6.78106000e-05 -2.90757000e-03 -2.70414000e-03
2.00015000e+01 1.00447000e+00 -2.79610000e-03 -4.84120000e-05 -2.89292000e-03 -2.74769000e-03
2.01062000e+01 1.00218000e+00 -2.81375000e-03 -2.89350000e-05 -2.87162000e-03 -2.78482000e-03
2.02109000e+01 9.99914000e-01 -2.82443000e-03 -9.87335000e-06 -2.84418000e-03 -2.81456000e-03
2.03156000e+01 9.97706000e-01 -2.82783000e-03 8.29103000e-06 -2.81124000e-03 -2.83612000e-03
2.04204000e+01 9.95576000e-01 -2.82379000e-03 2.51150000e-05 -2.77356000e-03 -2.84890000e-03
2.05251000e+01 9.93543000e-01 -2.81237000e-03 4.02181000e-05 -2.73193000e-03 -2.85259000e-03
2.06298000e+01 9.91628000e-01 -2.79381000e-03 5.33002000e-05 -2.68721000e-03 -2.84711000e-03
2.07345000e+01 9.89848000e-01 -2.76853000e-03 6.41535000e-05 -2.64023000e-03 -2.83269000e-03
2.08392000e+01 9.88219000e-01 -2.73713000e-03 7.26648000e-05 -2.59180000e-03 -2.80980000e-03
2.09440000e+01 9.86754000e-01 -2.70033000e-03 7.88121000e-05 -2.54271000e-03 -2.77914000e-03
2.10487000e+01 9.85465000e-01 -2.65896000e-03 8.26542000e-05 -2.49366000e-03 -2.74162000e-03
2.11534000e+01 9.84362000e-01 -2.61391000e-03 8.43158000e-05 -2.44528000e-03 -2.69823000e-03
2.12581000e+01 9.83451000e-01 -2.56610000e-03 8.39711000e-05 -2.39816000e-03 -2.65007000e-03
2.13628000e+01 9.82739000e-01 -2.51642000e-03 8.18261000e-05 -2.35277000e-03 -2.59824000e-03
2.14675000e+01 9.82228000e-01 -2.46574000e-03 7.81030000e-05 -2.30953000e-03 -2.54384000e-03
2.15723000e+01 9.81920000e-01 -2.41486000e-03 7.30262000e-05 -2.26881000e-03 -2.48788000e-03
2.16770000e+01 9.81814000e-01 -2.36450000e-03 6.68110000e-05 -2.23088000e-03 -2.43131000e-03
2.17817000e+01 9.81907000e-01 -2.31531000e-03 5.96565000e-05 -2.19599000e-03 -2.37496000e-03
2.18864000e+01 9.82195000e-01 -2.26782000e-03 5.17394000e-05 -2.16434000e-03 -2.31956000e-03
2.19911000e+01 9.82671000e-01 -2.22251000e-03 4.32120000e-05 -2.13609000e-03 -2.26572000e-03
2.20959000e+01 9.83326000e-01 -2.17975000e-03 3.42008000e-05 -2.11135000e-03 -2.21395000e-03
2.22006000e+01 9.84152000e-01 -2.13985000e-03 2.48070000e-05 -2.09024000e-03 -2.16466000e-03
2.23053000e+01 9.85136000e-01 -2.10306000e-03 1.51084000e-05 -2.07285000e-03 -2.11817000e-03
2.24100000e+01 9.86266000e-01 -2.06957000e-03 5.16089000e-06 -2.05924000e-03 -2.07473000e-03
2.25147000e+01 9.87527000e-01 -2.03951000e-03 -4.99887000e-06 -2.04950000e-03 -2.03451000e-03
2.26195000e+01 9.88905000e-01 -2.01299000e-03 -1.53512000e-05 -2.04369000e-03 -1.99764000e-03
2.27242000e+01 9.90383000e-01 -1.99010000e-03 -2.58910000e-05 -2.04188000e-03 -1.96421000e-03
2.28289000e+01 9.91943000e-01 -1.97088000e-03 -3.66256000e-05 -2.04413000e-03 -1.93425000e-03
2.29336000e+01 9.93568000e-01 -1.95538000e-03 -4.75727000e-05 -2.05052000e-03 -1.90781000e-03
2.30383000e+01 9.95240000e-01 -1.94362000e-03 -5.87588000e-05 -2.06114000e-03 -1.88486000e-03
2.31431000e+01 9.96938000e-01 -1.93563000e-03 -7.02171000e-05 -2.07607000e-03 -1.86542000e-03
2.32478000e+01 9.98646000e-01 -1.93143000e-03 -8.19863000e-05 -2.09540000e-03 -1.84944000e-03
2.33525000e+01 1.00034000e+00 -1.93102000e-03 -9.41088000e-05 -2.11924000e-03 -1.83692000e-03
2.34572000e+01 1.00201000e+00 -1.93443000e-03 -1.06629000e-04 -2.14769000e-03 -1.82780000e-03
2.35619000e+01 1.00363000e+00 -1.94167000e-03 -1.19593000e-04 -2.18086000e-03 -1.82207000e-03
2.36667000e+01 1.00518000e+00 -1.95274000e-03 -1.33045000e-04 -2.21883000e-03 -1.81970000e-03
2.37714000e+01 1.00666000e+00 -1.96767000e-03 -1.47025000e-04 -2.26172000e-03 -1.82064000e-03
2.38761000e+01 1.00803000e+00 -1.98645000e-03 -1.61568000e-04 -2.30958000e-03 -1.82488000e-03
2.39808000e+01 1.00930000e+00 -2.00907000e-03 -1.76700000e-04 -2.36247000e-03 -1.83237000e-03
2.40855000e+01 1.01044000e+00 -2.03552000e-03 -1.92433000e-04 -2.42038000e-03 -1.84309000e-03
2.41903000e+01 1.01144000e+00 -2.06575000e-03 -2.08761000e-04 -2.48327000e-03 -1.85699000e-03
2.42950000e+01 1.01230000e+00 -2.09969000e-03 -2.25656000e-04 -2.55100000e-03 -1.87404000e-03
2.43997000e+01 1.01300000e+00 -2.13724000e-03 -2.43060000e-04 -2.62336000e-03 -1.89418000e-03
2.45044000e+01 1.01355000e+00 -2.17822000e-03 -2.60879000e-04 -2.69998000e-03 -1.91734000e-03
2.46091000e+01 1.01393000e+00 -2.22243000e-03 -2.78973000e-04 -2.78038000e-03 -1.94346000e-03
2.47139000e+01 1.01415000e+00 -2.26957000e-03 -2.97152000e-04 -2.86387000e-03 -1.97242000e-03
2.48186000e+01 1.01421000e+00 -2.31925000e-03 -3.15166000e-04 -2.94958000e-03 -2.00408000e-03
2.49233000e+01 1.01410000e+00 -2.37100000e-03 -3.32699000e-04 -3.03640000e-03 -2.03830000e-03
2.50280000e+01 1.01383000e+00 -2.42423000e-03 -3.49368000e-04 -3.12297000e-03 -2.07487000e-03
2.51327000e+01 1.01341000e+00 -2.47825000e-03 -3.64725000e-04 -3.20770000e-03 -2.11353000e-03
2.52375000e+01 1.01284000e+00 -2.53224000e-03 -3.78262000e-04 -3.28877000e-03 -2.15398000e-03
2.53422000e+01 1.01214000e+00 -2.58531000e-03 -3.89427000e-04 -3.36416000e-03 -2.19588000e-03
2.54469000e+01 1.01132000e+00 -2.63645000e-03 -3.97651000e-04 -3.43175000e-03 -2.23880000e-03
2.55516000e+01 1.01038000e+00 -2.68463000e-03 -4.02376000e-04 -3.48938000e-03 -2.28226000e-03
2.56563000e+01 1.00933000e+00 -2.72881000e-03 -4.03099000e-04 -3.53501000e-03 -2.32571000e-03
2.57611000e+01 1.00820000e+00 -2.76797000e-03 -3.99412000e-04 -3.56679000e-03 -2.36856000e-03
2.58658000e+01 1.00700000e+00 -2.80119000e-03 -3.91047000e-04 -3.58328000e-03 -2.41014000e-03
2.59705000e+01 1.00574000e+00 -2.82768000e-03 -3.77910000e-04 -3.58351000e-03 -2.44977000e-03
2.60752000e+01 1.00444000e+00 -2.84684000e-03 -3.60109000e-04 -3.56706000e-03 -2.48673000e-03
2.61799000e+01 1.00311000e+00 -2.85826000e-03 -3.37953000e-04 -3.53416000e-03 -2.52030000e-03
2.62847000e+01 1.00177000e+00 -2.86174000e-03 -3.11947000e-04 -3.48563000e-03 -2.54979000e-03
2.63894000e+01 1.00044000e+00 -2.85732000e-03 -2.82755000e-04 -3.42283000e-03 -2.57456000e-03
2.64941000e+01 9.99118000e-01 -2.84521000e-03 -2.51161000e-04 -3.34753000e-03 -2.59404000e-03
2.65988000e+01 9.97832000e-01 -2.82580000e-03 -2.18010000e-04 -3.26182000e-03 -2.60779000e-03
2.67035000e+01 9.96592000e-01 -2.79962000e-03 -1.84156000e-04 -3.16793000e-03 -2.61546000e-03
2.68083000e+01 9.95411000e-01 -2.76730000e-03 -1.50410000e-04 -3.06812000e-03 -2.61689000e-03
2.69130000e+01 9.94300000e-01 -2.72955000e-03 -1.17500000e-04 -2.96455000e-03 -2.61205000e-03
2.70177000e+01 9.93271000e-01 -2.68711000e-03 -8.60390000e-05 -2.85919000e-03 -2.60107000e-03
2.71224000e+01 9.92333000e-01 -2.64076000e-03 -5.65139000e-05 -2.75378000e-03 -2.58424000e-03
2.72271000e+01 9.91494000e-01 -2.59125000e-03 -2.92769000e-05 -2.64980000e-03 -2.56197000e-03
2.73319000e+01 9.90763000e-01 -2.53935000e-03 -4.55258000e-06 -2.54845000e-03 -2.53479000e-03
2.74366000e+01 9.90144000e-01 -2.48577000e-03 1.75495000e-05 -2.45067000e-03 -2.50332000e-03
2.75413000e+01 9.89643000e-01 -2.43121000e-03 3.70179000e-05 -2.35718000e-03 -2.46823000e-03
2.76460000e+01 9.89264000e-01 -2.37630000e-03 5.39200000e-05 -2.26846000e-03 -2.43022000e-03
2.77507000e+01 9.89008000e-01 -2.32163000e-03 6.83829000e-05 -2.18486000e-03 -2.39001000e-03
2.78555000e+01 9.88876000e-01 -2.26771000e-03 8.05752000e-05 -2.10656000e-03 -2.34828000e-03
2.79602000e+01 9.88868000e-01 -2.21501000e-03 9.06914000e-05 -2.03363000e-03 -2.30570000e-03
2.80649000e+01 9.88982000e-01 -2.16393000e-03 9.89388000e-05 -1.96606000e-03 -2.26287000e-03
2.81696000e+01 9.89215000e-01 -2.11483000e-03 1.05527000e-04 -1.90377000e-03 -2.22035000e-03
2.82743000e+01 9.89563000e-01 -2.06797000e-03 1.10660000e-04 -1.84665000e-03 -2.17863000e-03
2.83791000e+01 9.90022000e-01 -2.02361000e-03 1.14531000e-04 -1.79455000e-03 -2.13815000e-03
2.84838000e+01 9.90583000e-01 -1.98194000e-03 1.17319000e-04 -1.74730000e-03 -2.09926000e-03
2.85885000e+01 9.91241000e-01 -1.94309000e-03 1.19185000e-04 -1.70472000e-03 -2.06228000e-03
2.86932000e+01 9.91986000e-01 -1.90720000e-03 1.20275000e-04 -1.66665000e-03 -2.02747000e-03
2.87979000e+01 9.92810000e-01 -1.87433000e-03 1.20713000e-04 -1.63291000e-03 -1.99505000e-03
2.89027000e+01 9.93704000e-01 -1.84456000e-03 1.20612000e-04 -1.60334000e-03 -1.96517000e-03
2.90074000e+01 9.94655000e-01 -1.81793000e-03 1.20065000e-04 -1.57780000e-03 -1.93800000e-03
2.91121000e+01 9.95654000e-01 -1.79447000e-03 1.19151000e-04 -1.55617000e-03 -1.91362000e-03
2.92168000e+01 9.96688000e-01 -1.77420000e-03 1.17937000e-04 -1.53832000e-03 -1.89213000e-03
2.93215000e+01 9.97747000e-01 -1.75712000e-03 1.16478000e-04 -1.52417000e-03 -1.87360000e-03
2.94263000e+01 9.98818000e-01 -1.74327000e-03 1.14816000e-04 -1.51364000e-03 -1.85808000e-03
2.95310000e+01 9.99889000e-01 -1.73264000e-03 1.12986000e-04 -1.50667000e-03 -1.84562000e-03
2.96357000e+01 1.00095000e+00 -1.72525000e-03 1.11013000e-04 -1.50322000e-03 -1.83626000e-03
2.97404000e+01 1.00198000e+00 -1.72113000e-03 1.08914000e-04 -1.50330000e-03 -1.83004000e-03
2.98451000e+01 1.00299000e+00 -1.72029000e-03 1.06699000e-04 -1.50689000e-03 -1.82699000e-03
2.99498000e+01 1.00394000e+00 -1.72278000e-03 1.04373000e-04 -1.51404000e-03 -1.82716000e-03
3.00546000e+01 1.00484000e+00 -1.72864000e-03 1.01931000e-04 -1.52478000e-03 -1.83057000e-03
3.01593000e+01 1.00568000e+00 -1.73793000e-03 9.93674000e-05 -1.53919000e-03 -1.83730000e-03
3.02640000e+01 1.00644000e+00 -1.75071000e-03 9.66663000e-05 -1.55737000e-03 -1.84737000e-03
3.03687000e+01 1.00711000e+00 -1.76705000e-03 9.38084000e-05 -1.57944000e-03 -1.86086000e-03
3.04734000e+01 1.00770000e+00 -1.78706000e-03 9.07677000e-05 -1.60552000e-03 -1.87783000e-03
3.05782000e+01 1.00820000e+00 -1.81083000e-03 8.75124000e-05 -1.63580000e-03 -1.89834000e-03
3.06829000e+01 1.00860000e+00 -1.83847000e-03 8.40042000e-05 -1.67046000e-03 -1.92247000e-03
3.07876000e+01 1.00889000e+00 -1.87011000e-03 8.01980000e-05 -1.70971000e-03 -1.95031000e-03
3.08923000e+01 1.00908000e+00 -1.90588000e-03 7.60415000e-05 -1.75380000e-03 -1.98192000e-03
3.09970000e+01 1.00917000e+00 -1.94592000e-03 7.14744000e-05 -1.80297000e-03 -2.01740000e-03
3.11018000e+01 1.00915000e+00 -1.99038000e-03 6.64283000e-05 -1.85753000e-03 -2.05681000e-03
3.12065000e+01 1.00903000e+00 -2.03941000e-03 6.08257000e-05 -1.91776000e-03 -2.10024000e-03
3.13112000e+01 1.00881000e+00 -2.09315000e-03 5.45802000e-05 -1.98399000e-03 -2.14773000e-03
3.14159000e+01 1.00849000e+00 -2.15174000e-03 4.75958000e-05 -2.05654000e-03 -2.19933000e-03
3.15206000e+01 1.00808000e+00 -2.21529000e-03 3.97675000e-05 -2.13575000e-03 -2.25505000e-03
3.16254000e+01 1.00758000e+00 -2.28390000e-03 3.09817000e-05 -2.22193000e-03 -2.31488000e-03
3.17301000e+01 1.00701000e+00 -2.35763000e-03 2.11176000e-05 -2.31539000e-03 -2.37874000e-03
3.18348000e+01 1.00636000e+00 -2.43648000e-03 1.00492000e-05 -2.41639000e-03 -2.44653000e-03
3.19395000e+01 1.00565000e+00 -2.52042000e-03 -2.35091000e-06 -2.52512000e-03 -2.51806000e-03
3.20442000e+01 1.00489000e+00 -2.60928000e-03 -1.62069000e-05 -2.64170000e-03 -2.59307000e-03
3.21490000e+01 1.00408000e+00 -2.70284000e-03 -3.16334000e-05 -2.76611000e-03 -2.67121000e-03
3.22537000e+01 1.00324000e+00 -2.80074000e-03 -4.87266000e-05 -2.89819000e-03 -2.75202000e-03
3.23584000e+01 1.00237000e+00 -2.90247000e-03 -6.75540000e-05 -3.03757000e-03 -2.83491000e-03
3.24631000e+01 1.00149000e+00 -3.00734000e-03 -8.81421000e-05 -3.18363000e-03 -2.91920000e-03
3.25678000e+01 1.00061000e+00 -3.11452000e-03 -1.10463000e-04 -3.33545000e-03 -3.00406000e-03
3.26726000e+01 9.99728000e-01 -3.22294000e-03 -1.34419000e-04 -3.49178000e-03 -3.08852000e-03
3.27773000e+01 9.98862000e-01 -3.33136000e-03 -1.59833000e-04 -3.65103000e-03 -3.17153000e-03
3.28820000e+01 9.98021000e-01 -3.43834000e-03 -1.86434000e-04 -3.81121000e-03 -3.25191000e-03
3.29867000e+01 9.97214000e-01 -3.54226000e-03 -2.13855000e-04 -3.96997000e-03 -3.32841000e-03
3.30914000e+01 9.96448000e-01 -3.64140000e-03 -2.41638000e-04 -4.12467000e-03 -3.39976000e-03
3.31962000e+01 9.95731000e-01 -3.73394000e-03 -2.69242000e-04 -4.27242000e-03 -3.46470000e-03
3.33009000e+01 9.95071000e-01 -3.81810000e-03 -2.96072000e-04 -4.41025000e-03 -3.52203000e-03
3.34056000e+01 9.94474000e-01 -3.89220000e-03 -3.21513000e-04 -4.53522000e-03 -3.57069000e-03
3.35103000e+01 9.93946000e-01 -3.95474000e-03 -3.44966000e-04 -4.64467000e-03 -3.60977000e-03
3.36150000e+01 9.93491000e-01 -4.00452000e-03 -3.65900000e-04 -4.73632000e-03 -3.63862000e-03
3.37198000e+01 9.93114000e-01 -4.04071000e-03 -3.83890000e-04 -4.80849000e-03 -3.65682000e-03
3.38245000e+01 9.92817000e-01 -4.06291000e-03 -3.98651000e-04 -4.86021000e-03 -3.66426000e-03
3.39292000e+01 9.92603000e-01 -4.07115000e-03 -4.10056000e-04 -4.89126000e-03 -3.66110000e-03
3.40339000e+01 9.92474000e-01 -4.06592000e-03 -4.18142000e-04 -4.90220000e-03 -3.64778000e-03
3.41386000e+01 9.92428000e-01 -4.04808000e-03 -4.23097000e-04 -4.89427000e-03 -3.62498000e-03
3.42434000e+01 9.92467000e-01 -4.01883000e-03 -4.25231000e-04 -4.86929000e-03 -3.59360000e-03
3.43481000e+01 9.92588000e-01 -3.97962000e-03 -4.24949000e-04 -4.82952000e-03 -3.55467000e-03
3.44528000e+01 9.92790000e-01 -3.93204000e-03 -4.22707000e-04 -4.77745000e-03 -3.50933000e-03
3.45575000e+01 9.93069000e-01 -3.87775000e-03 -4.18984000e-04 -4.71572000e-03 -3.45877000e-03
3.46622000e+01 9.93421000e-01 -3.81841000e-03 -4.14245000e-04 -4.64690000e-03 -3.40417000e-03
3.47670000e+01 9.93843000e-01 -3.75561000e-03 -4.08927000e-04 -4.57347000e-03 -3.34669000e-03
3.48717000e+01 9.94327000e-01 -3.69082000e-03 -4.03418000e-04 -4.49766000e-03 -3.28740000e-03
3.49764000e+01 9.94869000e-01 -3.62536000e-03 -3.98053000e-04 -4.42147000e-03 -3.22731000e-03
3.50811000e+01 9.95463000e-01 -3.56040000e-03 -3.93110000e-04 -4.34662000e-03 -3.16729000e-03
3.51858000e+01 9.96100000e-01 -3.49695000e-03 -3.88816000e-04 -4.27458000e-03 -3.10814000e-03
3.52906000e+01 9.96774000e-01 -3.43586000e-03 -3.85346000e-04 -4.20655000e-03 -3.05052000e-03
3.53953000e+01 9.97477000e-01 -3.37783000e-03 -3.82836000e-04 -4.14350000e-03 -2.99499000e-03
3.55000000e+01 9.98201000e-01 -3.32343000e-03 -3.81386000e-04 -4.08620000e-03 -2.94204000e-03
3.56047000e+01 9.98938000e-01 -3.27311000e-03 -3.81068000e-04 -4.03525000e-03 -2.89205000e-03
3.57094000e+01 9.99679000e-01 -3.22725000e-03 -3.81931000e-04 -3.99111000e-03 -2.84532000e-03
3.58142000e+01 1.00042000e+00 -3.18611000e-03 -3.84009000e-04 -3.95413000e-03 -2.80210000e-03
3.59189000e+01 1.00114000e+00 -3.14990000e-03 -3.87321000e-04 -3.92454000e-03 -2.76258000e-03
3.60236000e+01 1.00185000e+00 -3.11877000e-03 -3.91876000e-04 -3.90252000e-03 -2.72689000e-03
3.61283000e+01 1.00252000e+00 -3.09284000e-03 -3.97675000e-04 -3.88819000e-03 -2.69516000e-03
3.62330000e+01 1.00317000e+00 -3.07217000e-03 -4.04710000e-04 -3.88159000e-03 -2.66746000e-03
3.63378000e+01 1.00377000e+00 -3.05682000e-03 -4.12969000e-04 -3.88275000e-03 -2.64385000e-03
3.64425000e+01 1.00432000e+00 -3.04680000e-03 -4.22426000e-04 -3.89165000e-03 -2.62437000e-03
3.65472000e+01 1.00482000e+00 -3.04212000e-03 -4.33047000e-04 -3.90821000e-03 -2.60907000e-03
3.66519000e+01 1.00526000e+00 -3.04276000e-03 -4.44783000e-04 -3.93233000e-03 -2.59798000e-03
3.67566000e+01 1.00563000e+00 -3.04870000e-03 -4.57568000e-04 -3.96383000e-03 -2.59113000e-03
3.68614000e+01 1.00594000e+00 -3.05987000e-03 -4.71310000e-04 -4.00249000e-03 -2.58856000e-03
3.69661000e+01 1.00618000e+00 -3.07620000e-03 -4.85888000e-04 -4.04798000e-03 -2.59031000e-03
3.70708000e+01 1.00634000e+00 -3.09759000e-03 -5.01145000e-04 -4.09988000e-03 -2.59645000e-03
3.71755000e+01 1.00644000e+00 -3.12390000e-03 -5.16875000e-04 -4.15765000e-03 -2.60702000e-03
3.72802000e+01 1.00646000e+00 -3.15494000e-03 -5.32819000e-04 -4.22058000e-03 -2.62212000e-03
3.73850000e+01 1.00640000e+00 -3.19049000e-03 -5.48652000e-04 -4.28780000e-03 -2.64184000e-03
3.74897000e+01 1.00628000e+00 -3.23026000e-03 -5.63974000e-04 -4.35821000e-03 -2.66629000e-03
3.75944000e+01 1.00608000e+00 -3.27390000e-03 -5.78301000e-04 -4.43050000e-03 -2.69560000e-03
3.76991000e+01 1.00582000e+00 -3.32099000e-03 -5.91058000e-04 -4.50310000e-03 -2.72993000e-03
3.78038000e+01 1.00550000e+00 -3.37102000e-03 -6.01579000e-04 -4.57418000e-03 -2.76944000e-03
3.79086000e+01 1.00512000e+00 -3.42345000e-03 -6.09105000e-04 -4.64166000e-03 -2.81435000e-03
3.80133000e+01 1.00468000e+00 -3.47767000e-03 -6.12795000e-04 -4.70326000e-03 -2.86487000e-03
3.81180000e+01 1.00420000e+00 -3.53302000e-03 -6.11749000e-04 -4.75652000e-03 -2.92127000e-03
3.82227000e+01 1.00368000e+00 -3.58886000e-03 -6.05029000e-04 -4.79892000e-03 -2.98383000e-03
3.83274000e+01 1.00312000e+00 -3.64458000e-03 -5.91702000e-04 -4.82798000e-03 -3.05288000e-03
3.84322000e+01 1.00253000e+00 -3.69965000e-03 -5.70882000e-04 -4.84141000e-03 -3.12876000e-03
3.85369000e+01 1.00192000e+00 -3.75367000e-03 -5.41783000e-04 -4.83724000e-03 -3.21189000e-03
3.86416000e+01 1.00129000e+00 -3.80646000e-03 -5.03763000e-04 -4.81399000e-03 -3.30270000e-03
3.87463000e+01 1.00066000e+00 -3.85806000e-03 -4.56372000e-04 -4.77080000e-03 -3.40169000e-03
3.88510000e+01 1.00003000e+00 -3.90876000e-03 -3.99373000e-04 -4.70751000e-03 -3.50938000e-03
3.89557000e+01 9.99404000e-01 -3.95916000e-03 -3.32758000e-04 -4.62467000e-03 -3.62640000e-03
3.90605000e+01 9.98792000e-01 -4.01012000e-03 -2.56733000e-04 -4.52358000e-03 -3.75338000e-03
3.91652000e+01 9.98200000e-01 -4.06276000e-03 -1.71688000e-04 -4.40614000e-03 -3.89107000e-03
3.92699000e+01 9.97634000e-01 -4.11841000e-03 -7.81524000e-05 -4.27472000e-03 -4.04026000e-03
3.93746000e+01 9.97101000e-01 -4.17857000e-03 2.32628000e-05 -4.13205000e-03 -4.20183000e-03
3.94793000e+01 9.96606000e-01 -4.24483000e-03 1.31927000e-04 -3.98097000e-03 -4.37675000e-03
3.95841000e+01 9.96154000e-01 -4.31884000e-03 2.47245000e-04 -3.82435000e-03 -4.56608000e-03
3.96888000e+01 9.95749000e-01 -4.40227000e-03 3.68705000e-04 -3.66486000e-03 -4.77098000e-03
3.97935000e+01 9.95395000e-01 -4.49679000e-03 4.95915000e-04 -3.50496000e-03 -4.99270000e-03
3.98982000e+01 9.95096000e-01 -4.60401000e-03 6.28629000e-04 -3.34675000e-03 -5.23263000e-03
4.00029000e+01 9.94854000e-01 -4.72551000e-03 7.66754000e-04 -3.19200000e-03 -5.49226000e-03
4.01077000e+01 9.94672000e-01 -4.86283000e-03 9.10355000e-04 -3.04212000e-03 -5.77318000e-03
4.02124000e+01 9.94551000e-01 -5.01746000e-03 1.05965000e-03 -2.89816000e-03 -6.07710000e-03
4.03171000e+01 9.94490000e-01 -5.19085000e-03 1.21497000e-03 -2.76091000e-03 -6.40583000e-03
4.04218000e+01 9.94492000e-01 -5.38443000e-03 1.37680000e-03 -2.63084000e-03 -6.76123000e-03
4.05265000e+01 9.94554000e-01 -5.59955000e-03 1.54566000e-03 -2.50823000e-03 -7.14522000e-03
4.06313000e+01 9.94676000e-01 -5.83752000e-03 1.72217000e-03 -2.39318000e-03 -7.55968000e-03
4.07360000e+01 9.94856000e-01 -6.09949000e-03 1.90693000e-03 -2.28564000e-03 -8.00642000e-03
4.08407000e+01 9.95091000e-01 -6.38647000e-03 2.10051000e-03 -2.18545000e-03 -8.48698000e-03
4.09454000e+01 9.95378000e-01 -6.69917000e-03 2.30339000e-03 -2.09238000e-03 -9.00256000e-03
4.10501000e+01 9.95714000e-01 -7.03789000e-03 2.51587000e-03 -2.00614000e-03 -9.55376000e-03
4.11549000e+01 9.96095000e-01 -7.40233000e-03 2.73795000e-03 -1.92643000e-03 -1.01403000e-02
4.12596000e+01 9.96515000e-01 -7.79138000e-03 2.96924000e-03 -1.85290000e-03 -1.07606000e-02
4.13643000e+01 9.96970000e-01 -8.20280000e-03 3.20880000e-03 -1.78521000e-03 -1.14116000e-02
4.14690000e+01 9.97455000e-01 -8.63293000e-03 3.45496000e-03 -1.72302000e-03 -1.20879000e-02
4.15737000e+01 9.97964000e-01 -9.07631000e-03 3.70515000e-03 -1.66600000e-03 -1.27815000e-02
4.16785000e+01 9.98491000e-01 -9.52533000e-03 3.95575000e-03 -1.61383000e-03 -1.34811000e-02
4.17832000e+01 9.99031000e-01 -9.97001000e-03 4.20189000e-03 -1.56623000e-03 -1.41719000e-02
4.18879000e+01 9.99576000e-01 -1.03979000e-02 4.43749000e-03 -1.52289000e-03 -1.48353000e-02
4.19926000e+01 1.00012000e+00 -1.07941000e-02 4.65527000e-03 -1.48357000e-03 -1.54494000e-02
4.20973000e+01 1.00066000e+00 -1.11422000e-02 4.84711000e-03 -1.44802000e-03 -1.59893000e-02
4.22021000e+01 1.00119000e+00 -1.14250000e-02 5.00452000e-03 -1.41602000e-03 -1.64296000e-02
4.23068000e+01 1.00170000e+00 -1.16261000e-02 5.11939000e-03 -1.38736000e-03 -1.67455000e-02
4.24115000e+01 1.00219000e+00 -1.17316000e-02 5.18489000e-03 -1.36187000e-03 -1.69165000e-02
4.25162000e+01 1.00264000e+00 -1.17321000e-02 5.19635000e-03 -1.33937000e-03 -1.69284000e-02
4.26209000e+01 1.00307000e+00 -1.16237000e-02 5.15197000e-03 -1.31972000e-03 -1.67756000e-02
4.27257000e+01 1.00346000e+00 -1.14091000e-02 5.05315000e-03 -1.30278000e-03 -1.64622000e-02
4.28304000e+01 1.00380000e+00 -1.10973000e-02 4.90442000e-03 -1.28843000e-03 -1.60017000e-02
4.29351000e+01 1.00410000e+00 -1.07023000e-02 4.71285000e-03 -1.27658000e-03 -1.54151000e-02
4.30398000e+01 1.00435000e+00 -1.02416000e-02 4.48722000e-03 -1.26712000e-03 -1.47288000e-02
4.31445000e+01 1.00455000e+00 -9.73404000e-03 4.23703000e-03 -1.25998000e-03 -1.39711000e-02
4.32493000e+01 1.00470000e+00 -9.19825000e-03 3.97158000e-03 -1.25510000e-03 -1.31698000e-02
4.33540000e+01 1.00479000e+00 -8.65100000e-03 3.69930000e-03 -1.25240000e-03 -1.23503000e-02
4.34587000e+01 1.00483000e+00 -8.10647000e-03 3.42731000e-03 -1.25185000e-03 -1.15338000e-02
4.35634000e+01 1.00481000e+00 -7.57583000e-03 3.16121000e-03 -1.25341000e-03 -1.07370000e-02
4.36681000e+01 1.00474000e+00 -7.06734000e-03 2.90515000e-03 -1.25704000e-03 -9.97249000e-03
4.37729000e+01 1.00461000e+00 -6.58655000e-03 2.66191000e-03 -1.26273000e-03 -9.24846000e-03
4.38776000e+01 1.00444000e+00 -6.13681000e-03 2.43318000e-03 -1.27045000e-03 -8.56999000e-03
4.39823000e+01 1.00422000e+00 -5.71968000e-03 2.21974000e-03 -1.28020000e-03 -7.93943000e-03
4.40870000e+01 1.00395000e+00 -5.33542000e-03 2.02172000e-03 -1.29197000e-03 -7.35714000e-03
4.41917000e+01 1.00364000e+00 -4.98330000e-03 1.83876000e-03 -1.30577000e-03 -6.82206000e-03
4.42965000e+01 1.00329000e+00 -4.66198000e-03 1.67020000e-03 -1.32159000e-03 -6.33218000e-03
4.44012000e+01 1.00291000e+00 -4.36975000e-03 1.51515000e-03 -1.33944000e-03 -5.88490000e-03
4.45059000e+01 1.00250000e+00 -4.10463000e-03 1.37265000e-03 -1.35934000e-03 -5.47728000e-03
4.46106000e+01 1.00207000e+00 -3.86462000e-03 1.24167000e-03 -1.38127000e-03 -5.10629000e-03
4.47153000e+01 1.00162000e+00 -3.64768000e-03 1.12120000e-03 -1.40527000e-03 -4.76888000e-03
4.48201000e+01 1.00115000e+00 -3.45186000e-03 1.01027000e-03 -1.43132000e-03 -4.46213000e-03
4.49248000e+01 1.00067000e+00 -3.27533000e-03 9.07944000e-04 -1.45944000e-03 -4.18327000e-03
4.50295000e+01 1.00019000e+00 -3.11635000e-03 8.13366000e-04 -1.48962000e-03 -3.92972000e-03
4.51342000e+01 9.99717000e-01 -2.97334000e-03 7.25745000e-04 -1.52185000e-03 -3.69908000e-03
4.52389000e+01 9.99249000e-01 -2.84483000e-03 6.44363000e-04 -1.55610000e-03 -3.48919000e-03
4.53437000e+01 9.98792000e-01 -2.72951000e-03 5.68570000e-04 -1.59237000e-03 -3.29808000e-03
4.54484000e+01 9.98354000e-01 -2.62616000e-03 4.97784000e-04 -1.63059000e-03 -3.12394000e-03
4.55531000e+01 9.97937000e-01 -2.53369000e-03 4.31486000e-04 -1.67072000e-03 -2.96518000e-03
4.56578000e+01 9.97548000e-01 -2.45112000e-03 3.69219000e-04 -1.71268000e-03 -2.82033000e-03
4.57625000e+01 9.97189000e-01 -2.37754000e-03 3.10578000e-04 -1.75638000e-03 -2.68812000e-03
4.58673000e+01 9.96865000e-01 -2.31215000e-03 2.55212000e-04 -1.80173000e-03 -2.56736000e-03
4.59720000e+01 9.96578000e-01 -2.25420000e-03 2.02817000e-04 -1.84857000e-03 -2.45702000e-03
4.60767000e+01 9.96332000e-01 -2.20303000e-03 1.53132000e-04 -1.89677000e-03 -2.35616000e-03
4.61814000e+01 9.96128000e-01 -2.15802000e-03 1.05936000e-04 -1.94614000e-03 -2.26395000e-03
4.62861000e+01 9.95969000e-01 -2.11859000e-03 6.10456000e-05 -1.99650000e-03 -2.17964000e-03
4.63909000e+01 9.95857000e-01 -2.08425000e-03 1.83088000e-05 -2.04763000e-03 -2.10255000e-03
4.64956000e+01 9.95791000e-01 -2.05449000e-03 -2.23960000e-05 -2.09929000e-03 -2.03210000e-03
4.66003000e+01 9.95772000e-01 -2.02890000e-03 -6.11647000e-05 -2.15123000e-03 -1.96773000e-03
4.67050000e+01 9.95801000e-01 -2.00705000e-03 -9.80706000e-05 -2.20319000e-03 -1.90898000e-03
4.68097000e+01 9.95875000e-01 -1.98856000e-03 -1.33168000e-04 -2.25490000e-03 -1.85540000e-03
4.69145000e+01 9.95995000e-01 -1.97310000e-03 -1.66495000e-04 -2.30609000e-03 -1.80661000e-03
4.70192000e+01 9.96158000e-01 -1.96034000e-03 -1.98079000e-04 -2.35649000e-03 -1.76226000e-03
4.71239000e+01 9.96363000e-01 -1.94997000e-03 -2.27939000e-04 -2.40585000e-03 -1.72203000e-03
4.72286000e+01 9.96607000e-01 -1.94175000e-03 -2.56087000e-04 -2.45392000e-03 -1.68566000e-03
4.73333000e+01 9.96886000e-01 -1.93542000e-03 -2.82535000e-04 -2.50049000e-03 -1.65288000e-03
4.74380000e+01 9.97197000e-01 -1.93077000e-03 -3.07296000e-04 -2.54537000e-03 -1.62348000e-03
4.75428000e+01 9.97538000e-01 -1.92762000e-03 -3.30385000e-04 -2.58839000e-03 -1.59724000e-03
4.76475000e+01 9.97903000e-01 -1.92580000e-03 -3.51824000e-04 -2.62945000e-03 -1.57398000e-03
4.77522000e+01 9.98289000e-01 -1.92518000e-03 -3.71643000e-04 -2.66846000e-03 -1.55353000e-03
4.78569000e+01 9.98691000e-01 -1.92564000e-03 -3.89878000e-04 -2.70539000e-03 -1.53576000e-03
4.79616000e+01 9.99105000e-01 -1.92710000e-03 -4.06576000e-04 -2.74025000e-03 -1.52052000e-03
4.80664000e+01 9.99525000e-01 -1.92949000e-03 -4.21793000e-04 -2.77307000e-03 -1.50769000e-03
4.81711000e+01 9.99948000e-01 -1.93277000e-03 -4.35593000e-04 -2.80395000e-03 -1.49717000e-03
4.82758000e+01 1.00037000e+00 -1.93691000e-03 -4.48049000e-04 -2.83301000e-03 -1.48886000e-03
4.83805000e+01 1.00078000e+00 -1.94190000e-03 -4.59240000e-04 -2.86038000e-03 -1.48266000e-03
4.84852000e+01 1.00118000e+00 -1.94775000e-03 -4.69251000e-04 -2.88625000e-03 -1.47850000e-03
4.85900000e+01 1.00157000e+00 -1.95446000e-03 -4.78171000e-04 -2.91081000e-03 -1.47629000e-03
4.86947000e+01 1.00193000e+00 -1.96207000e-03 -4.86093000e-04 -2.93426000e-03 -1.47598000e-03
4.87994000e+01 1.00227000e+00 -1.97061000e-03 -4.93110000e-04 -2.95683000e-03 -1.47750000e-03
4.89041000e+01 1.00259000e+00 -1.98009000e-03 -4.99315000e-04 -2.97872000e-03 -1.48078000e-03
4.90088000e+01 1.00287000e+00 -1.99057000e-03 -5.04799000e-04 -3.00017000e-03 -1.48577000e-03
4.91136000e+01 1.00312000e+00 -2.00208000e-03 -5.09652000e-04 -3.02138000e-03 -1.49242000e-03
4.92183000e+01 1.00333000e+00 -2.01464000e-03 -5.13958000e-04 -3.04255000e-03 -1.50068000e-03
4.93230000e+01 1.00350000e+00 -2.02828000e-03 -5.17796000e-04 -3.06387000e-03 -1.51048000e-03
4.94277000e+01 1.00363000e+00 -2.04303000e-03 -5.21241000e-04 -3.08552000e-03 -1.52179000e-03
4.95324000e+01 1.00372000e+00 -2.05891000e-03 -5.24360000e-04 -3.10763000e-03 -1.53455000e-03
4.96372000e+01 1.00376000e+00 -2.07592000e-03 -5.27213000e-04 -3.13034000e-03 -1.54870000e-03
4.97419000e+01 1.00377000e+00 -2.09405000e-03 -5.29853000e-04 -3.15376000e-03 -1.56420000e-03
4.98466000e+01 1.00373000e+00 -2.11330000e-03 -5.32324000e-04 -3.17795000e-03 -1.58098000e-03
4.99513000e+01 1.00365000e+00 -2.13364000e-03 -5.34661000e-04 -3.20296000e-03 -1.59898000e-03
5.00560000e+01 1.00353000e+00 -2.15504000e-03 -5.36890000e-04 -3.22882000e-03 -1.61815000e-03
5.01608000e+01 1.00337000e+00 -2.17744000e-03 -5.39028000e-04 -3.25550000e-03 -1.63841000e-03
5.02655000e+01 1.00318000e+00 -2.20079000e-03 -5.41080000e-04 -3.28295000e-03 -1.65971000e-03
5.03702000e+01 1.00295000e+00 -2.22501000e-03 -5.43043000e-04 -3.31110000e-03 -1.68197000e-03
5.04749000e+01 1.00269000e+00 -2.25002000e-03 -5.44900000e-04 -3.33982000e-03 -1.70512000e-03
5.05796000e+01 1.00240000e+00 -2.27572000e-03 -5.46625000e-04 -3.36897000e-03 -1.72909000e-03
5.06844000e+01 1.00209000e+00 -2.30199000e-03 -5.48178000e-04 -3.39834000e-03 -1.75381000e-03
5.07891000e+01 1.00175000e+00 -2.32871000e-03 -5.49509000e-04 -3.42773000e-03 -1.77920000e-03
5.08938000e+01 1.00140000e+00 -2.35574000e-03 -5.50554000e-04 -3.45685000e-03 -1.80519000e-03
5.09985000e+01 1.00104000e+00 -2.38295000e-03 -5.51240000e-04 -3.48543000e-03 -1.83171000e-03
5.11032000e+01 1.00067000e+00 -2.41019000e-03 -5.51478000e-04 -3.51314000e-03 -1.85871000e-03
5.12080000e+01 1.00029000e+00 -2.43729000e-03 -5.51174000e-04 -3.53964000e-03 -1.88612000e-03
5.13127000e+01 9.99911000e-01 -2.46411000e-03 -5.50219000e-04 -3.56455000e-03 -1.91389000e-03
5.14174000e+01 9.99538000e-01 -2.49049000e-03 -5.48500000e-04 -3.58749000e-03 -1.94199000e-03
5.15221000e+01 9.99173000e-01 -2.51629000e-03 -5.45897000e-04 -3.60808000e-03 -1.97039000e-03
5.16268000e+01 9.98820000e-01 -2.54136000e-03 -5.42283000e-04 -3.62593000e-03 -1.99908000e-03
5.17316000e+01 9.98483000e-01 -2.56559000e-03 -5.37533000e-04 -3.64065000e-03 -2.02805000e-03
5.18363000e+01 9.98165000e-01 -2.58886000e-03 -5.31523000e-04 -3.65190000e-03 -2.05733000e-03
5.19410000e+01 9.97870000e-01 -2.61109000e-03 -5.24131000e-04 -3.65935000e-03 -2.08696000e-03
5.20457000e+01 9.97601000e-01 -2.63223000e-03 -5.15245000e-04 -3.66272000e-03 -2.11699000e-03
5.21504000e+01 9.97361000e-01 -2.65225000e-03 -5.04760000e-04 -3.66177000e-03 -2.14749000e-03
5.22552000e+01 9.97152000e-01 -2.67116000e-03 -4.92585000e-04 -3.65633000e-03 -2.17857000e-03
5.23599000e+01 9.96976000e-01 -2.68900000e-03 -4.78644000e-04 -3.64629000e-03 -2.21035000e-03
5.24646000e+01 9.96835000e-01 -2.70585000e-03 -4.62875000e-04 -3.63160000e-03 -2.24297000e-03
5.25693000e+01 9.96731000e-01 -2.72183000e-03 -4.45230000e-04 -3.61229000e-03 -2.27660000e-03
5.26740000e+01 9.96663000e-01 -2.73711000e-03 -4.25682000e-04 -3.58847000e-03 -2.31142000e-03
5.27788000e+01 9.96633000e-01 -2.75187000e-03 -4.04213000e-04 -3.56030000e-03 -2.34766000e-03
5.28835000e+01 9.96640000e-01 -2.76637000e-03 -3.80821000e-04 -3.52801000e-03 -2.38555000e-03
5.29882000e+01 9.96685000e-01 -2.78087000e-03 -3.55515000e-04 -3.49190000e-03 -2.42535000e-03
5.30929000e+01 9.96766000e-01 -2.79567000e-03 -3.28307000e-04 -3.45229000e-03 -2.46736000e-03
5.31976000e+01 9.96883000e-01 -2.81111000e-03 -2.99217000e-04 -3.40955000e-03 -2.51190000e-03
5.33024000e+01 9.97033000e-01 -2.82756000e-03 -2.68262000e-04 -3.36409000e-03 -2.55930000e-03
5.34071000e+01 9.97215000e-01 -2.84540000e-03 -2.35454000e-04 -3.31631000e-03 -2.60995000e-03
5.35118000e+01 9.97428000e-01 -2.86506000e-03 -2.00799000e-04 -3.26665000e-03 -2.66426000e-03
5.36165000e+01 9.97667000e-01 -2.88695000e-03 -1.64286000e-04 -3.21553000e-03 -2.72267000e-03
5.37212000e+01 9.97930000e-01 -2.91156000e-03 -1.25893000e-04 -3.16335000e-03 -2.78567000e-03
5.38260000e+01 9.98215000e-01 -2.93936000e-03 -8.55726000e-05 -3.11050000e-03 -2.85378000e-03
5.39307000e+01 9.98518000e-01 -2.97085000e-03 -4.32564000e-05 -3.05737000e-03 -2.92760000e-03
5.40354000e+01 9.98836000e-01 -3.00658000e-03 1.15178000e-06 -3.00428000e-03 -3.00774000e-03
5.41401000e+01 9.99164000e-01 -3.04712000e-03 4.77779000e-05 -2.95156000e-03 -3.09489000e-03
5.42448000e+01 9.99500000e-01 -3.09305000e-03 9.67806000e-05 -2.89949000e-03 -3.18983000e-03
5.43496000e+01 9.99839000e-01 -3.14501000e-03 1.48354000e-04 -2.84830000e-03 -3.29337000e-03
5.44543000e+01 1.00018000e+00 -3.20369000e-03 2.02731000e-04 -2.79823000e-03 -3.40643000e-03
5.45590000e+01 1.00051000e+00 -3.26982000e-03 2.60184000e-04 -2.74945000e-03 -3.53000000e-03
5.46637000e+01 1.00084000e+00 -3.34418000e-03 3.21028000e-04 -2.70212000e-03 -3.66521000e-03
5.47684000e+01 1.00115000e+00 -3.42761000e-03 3.85621000e-04 -2.65637000e-03 -3.81323000e-03
5.48732000e+01 1.00146000e+00 -3.52102000e-03 4.54369000e-04 -2.61228000e-03 -3.97539000e-03
5.49779000e+01 1.00174000e+00 -3.62539000e-03 5.27722000e-04 -2.56995000e-03 -4.15311000e-03
5.50826000e+01 1.00200000e+00 -3.74176000e-03 6.06173000e-04 -2.52941000e-03 -4.34793000e-03
5.51873000e+01 1.00224000e+00 -3.87123000e-03 6.90257000e-04 -2.49072000e-03 -4.56149000e-03
5.52920000e+01 1.00245000e+00 -4.01496000e-03 7.80542000e-04 -2.45387000e-03 -4.79550000e-03
5.53968000e+01 1.00263000e+00 -4.17412000e-03 8.77617000e-04 -2.41888000e-03 -5.05173000e-03
5.55015000e+01 1.00278000e+00 -4.34989000e-03 9.82073000e-04 -2.38574000e-03 -5.33196000e-03
5.56062000e+01 1.00290000e+00 -4.54337000e-03 1.09448000e-03 -2.35441000e-03 -5.63784000e-03
5.57109000e+01 1.00298000e+00 -4.75553000e-03 1.21533000e-03 -2.32487000e-03 -5.97085000e-03
5.58156000e+01 1.00304000e+00 -4.98707000e-03 1.34500000e-03 -2.29708000e-03 -6.33207000e-03
5.59203000e+01 1.00305000e+00 -5.23830000e-03 1.48366000e-03 -2.27098000e-03 -6.72195000e-03
5.60251000e+01 1.00304000e+00 -5.50889000e-03 1.63118000e-03 -2.24653000e-03 -7.14006000e-03
5.61298000e+01 1.00298000e+00 -5.79766000e-03 1.78700000e-03 -2.22365000e-03 -7.58466000e-03
5.62345000e+01 1.00290000e+00 -6.10228000e-03 1.94999000e-03 -2.20230000e-03 -8.05227000e-03
5.63392000e+01 1.00278000e+00 -6.41895000e-03 2.11828000e-03 -2.18239000e-03 -8.53722000e-03
5.64439000e+01 1.00264000e+00 -6.74206000e-03 2.28909000e-03 -2.16387000e-03 -9.03115000e-03
5.65487000e+01 1.00246000e+00 -7.06401000e-03 2.45868000e-03 -2.14665000e-03 -9.52269000e-03
5.66534000e+01 1.00226000e+00 -7.37515000e-03 2.62224000e-03 -2.13067000e-03 -9.99740000e-03
5.67581000e+01 1.00204000e+00 -7.66400000e-03 2.77407000e-03 -2.11585000e-03 -1.04381000e-02
5.68628000e+01 1.00179000e+00 -7.91782000e-03 2.90786000e-03 -2.10210000e-03 -1.08257000e-02
5.69675000e+01 1.00152000e+00 -8.12370000e-03 3.01717000e-03 -2.08937000e-03 -1.11409000e-02
5.70723000e+01 1.00124000e+00 -8.26986000e-03 3.09615000e-03 -2.07757000e-03 -1.13660000e-02
5.71770000e+01 1.00095000e+00 -8.34716000e-03 3.14027000e-03 -2.06662000e-03 -1.14874000e-02
5.72817000e+01 1.00065000e+00 -8.35038000e-03 3.14696000e-03 -2.05645000e-03 -1.14973000e-02
5.73864000e+01 1.00035000e+00 -8.27908000e-03 3.11605000e-03 -2.04699000e-03 -1.13951000e-02
5.74911000e+01 1.00004000e+00 -8.13764000e-03 3.04974000e-03 -2.03816000e-03 -1.11874000e-02
5.75959000e+01 9.99732000e-01 -7.93458000e-03 2.95234000e-03 -2.02990000e-03 -1.08869000e-02
5.77006000e+01 9.99430000e-01 -7.68135000e-03 2.82961000e-03 -2.02213000e-03 -1.05110000e-02
5.78053000e+01 9.99138000e-01 -7.39080000e-03 2.68800000e-03 -2.01479000e-03 -1.00788000e-02
5.79100000e+01 9.98857000e-01 -7.07582000e-03 2.53400000e-03 -2.00783000e-03 -9.60982000e-03
5.80147000e+01 9.98590000e-01 -6.74822000e-03 2.37353000e-03 -2.00117000e-03 -9.12175000e-03
5.81195000e+01 9.98341000e-01 -6.41804000e-03 2.21164000e-03 -1.99477000e-03 -8.62968000e-03
5.82242000e+01 9.98112000e-01 -6.09327000e-03 2.05235000e-03 -1.98857000e-03 -8.14562000e-03
5.83289000e+01 9.97906000e-01 -5.77985000e-03 1.89866000e-03 -1.98254000e-03 -7.67851000e-03
5.84336000e+01 9.97724000e-01 -5.48188000e-03 1.75263000e-03 -1.97662000e-03 -7.23451000e-03
5.85383000e+01 9.97569000e-01 -5.20191000e-03 1.61557000e-03 -1.97078000e-03 -6.81748000e-03
5.86431000e+01 9.97442000e-01 -4.94129000e-03 1.48815000e-03 -1.96499000e-03 -6.42944000e-03
5.87478000e+01 9.97344000e-01 -4.70044000e-03 1.37061000e-03 -1.95922000e-03 -6.07105000e-03
5.88525000e+01 9.97276000e-01 -4.47914000e-03 1.26285000e-03 -1.95345000e-03 -5.74199000e-03
5.89572000e+01 9.97239000e-01 -4.27674000e-03 1.16454000e-03 -1.94766000e-03 -5.44127000e-03
5.90619000e+01 9.97233000e-01 -4.09230000e-03 1.07522000e-03 -1.94185000e-03 -5.16752000e-03
5.91667000e+01 9.97257000e-01 -3.92474000e-03 9.94363000e-04 -1.93601000e-03 -4.91910000e-03
5.92714000e+01 9.97312000e-01 -3.77292000e-03 9.21390000e-04 -1.93014000e-03 -4.69431000e-03
5.93761000e+01 9.97397000e-01 -3.63569000e-03 8.55727000e-04 -1.92424000e-03 -4.49142000e-03
5.94808000e+01 9.97510000e-01 -3.51194000e-03 7.96812000e-04 -1.91832000e-03 -4.30875000e-03
5.95855000e+01 9.97650000e-01 -3.40062000e-03 7.44115000e-04 -1.91239000e-03 -4.14473000e-03
5.96903000e+01 9.97815000e-01 -3.30075000e-03 6.97138000e-04 -1.90647000e-03 -3.99789000e-03
5.97950000e+01 9.98004000e-01 -3.21144000e-03 6.55426000e-04 -1.90058000e-03 -3.86686000e-03
5.98997000e+01 9.98214000e-01 -3.13187000e-03 6.18561000e-04 -1.89475000e-03 -3.75043000e-03
6.00044000e+01 9.98442000e-01 -3.06132000e-03 5.86168000e-04 -1.88899000e-03 -3.64749000e-03
6.01091000e+01 9.98687000e-01 -2.99915000e-03 5.57908000e-04 -1.88333000e-03 -3.55706000e-03
6.02139000e+01 9.98945000e-01 -2.94477000e-03 5.33479000e-04 -1.87781000e-03 -3.47825000e-03
6.03186000e+01 9.99213000e-01 -2.89768000e-03 5.12613000e-04 -1.87245000e-03 -3.41029000e-03
6.04233000e+01 9.99488000e-01 -2.85744000e-03 4.95072000e-04 -1.86729000e-03 -3.35251000e-03
6.05280000e+01 9.99768000e-01 -2.82365000e-03 4.80648000e-04 -1.86236000e-03 -3.30430000e-03
6.06327000e+01 1.00005000e+00 -2.79599000e-03 4.69157000e-04 -1.85768000e-03 -3.26515000e-03
6.07375000e+01 1.00033000e+00 -2.77418000e-03 4.60442000e-04 -1.85329000e-03 -3.23462000e-03
6.08422000e+01 1.00060000e+00 -2.75795000e-03 4.54362000e-04 -1.84923000e-03 -3.21231000e-03
6.09469000e+01 1.00087000e+00 -2.74711000e-03 4.50800000e-04 -1.84551000e-03 -3.19791000e-03
6.10516000e+01 1.00112000e+00 -2.74148000e-03 4.49652000e-04 -1.84218000e-03 -3.19114000e-03
6.11563000e+01 1.00136000e+00 -2.74092000e-03 4.50831000e-04 -1.83926000e-03 -3.19175000e-03
6.12611000e+01 1.00158000e+00 -2.74529000e-03 4.54261000e-04 -1.83677000e-03 -3.19955000e-03
6.13658000e+01 1.00179000e+00 -2.75450000e-03 4.59875000e-04 -1.83475000e-03 -3.21437000e-03
6.14705000e+01 1.00197000e+00 -2.76844000e-03 4.67616000e-04 -1.83321000e-03 -3.23606000e-03
6.15752000e+01 1.00213000e+00 -2.78703000e-03 4.77427000e-04 -1.83218000e-03 -3.26446000e-03
6.16799000e+01 1.00227000e+00 -2.81020000e-03 4.89258000e-04 -1.83168000e-03 -3.29946000e-03
6.17847000e+01 1.00238000e+00 -2.83784000e-03 5.03054000e-04 -1.83174000e-03 -3.34090000e-03
6.18894000e+01 1.00246000e+00 -2.86986000e-03 5.18754000e-04 -1.83236000e-03 -3.38862000e-03
6.19941000e+01 1.00251000e+00 -2.90614000e-03 5.36289000e-04 -1.83356000e-03 -3.44243000e-03
6.20988000e+01 1.00254000e+00 -2.94652000e-03 5.55575000e-04 -1.83537000e-03 -3.50210000e-03
6.22035000e+01 1.00254000e+00 -2.99081000e-03 5.76508000e-04 -1.83779000e-03 -3.56731000e-03
6.23083000e+01 1.00250000e+00 -3.03875000e-03 5.98958000e-04 -1.84084000e-03 -3.63771000e-03
6.24130000e+01 1.00245000e+00 -3.09005000e-03 6.22766000e-04 -1.84452000e-03 -3.71282000e-03
6.25177000e+01 1.00236000e+00 -3.14432000e-03 6.47731000e-04 -1.84886000e-03 -3.79205000e-03
6.26224000e+01 1.00225000e+00 -3.20108000e-03 6.73614000e-04 -1.85385000e-03 -3.87469000e-03
6.27271000e+01 1.00211000e+00 -3.25975000e-03 7.00123000e-04 -1.85951000e-03 -3.95988000e-03
6.28319000e+01 1.00195000e+00 -3.31967000e-03 7.26915000e-04 -1.86584000e-03 -4.04659000e-03
6.29366000e+01 1.00177000e+00 -3.38005000e-03 7.53593000e-04 -1.87286000e-03 -4.13364000e-03
6.30413000e+01 1.00157000e+00 -3.43997000e-03 7.79704000e-04 -1.88057000e-03 -4.21968000e-03
6.31460000e+01 1.00136000e+00 -3.49846000e-03 8.04745000e-04 -1.88897000e-03 -4.30320000e-03
6.32507000e+01 1.00113000e+00 -3.55442000e-03 8.28171000e-04 -1.89808000e-03 -4.38259000e-03
6.33555000e+01 1.00089000e+00 -3.60671000e-03 8.49407000e-04 -1.90789000e-03 -4.45611000e-03
6.34602000e+01 1.00064000e+00 -3.65416000e-03 8.67867000e-04 -1.91843000e-03 -4.52203000e-03
6.35649000e+01 1.00038000e+00 -3.69564000e-03 8.82974000e-04 -1.92969000e-03 -4.57862000e-03
6.36696000e+01 1.00012000e+00 -3.73007000e-03 8.94190000e-04 -1.94169000e-03 -4.62426000e-03
6.37743000e+01 9.99867000e-01 -3.75651000e-03 9.01037000e-04 -1.95444000e-03 -4.65755000e-03
6.38791000e+01 9.99612000e-01 -3.77420000e-03 9.03127000e-04 -1.96794000e-03 -4.67732000e-03
6.39838000e+01 9.99364000e-01 -3.78258000e-03 9.00185000e-04 -1.98221000e-03 -4.68277000e-03
6.40885000e+01 9.99124000e-01 -3.78139000e-03 8.92065000e-04 -1.99726000e-03 -4.67346000e-03
6.41932000e+01 9.98895000e-01 -3.77063000e-03 8.78759000e-04 -2.01311000e-03 -4.64939000e-03
6.42979000e+01 9.98680000e-01 -3.75057000e-03 8.60399000e-04 -2.02977000e-03 -4.61097000e-03
6.44026000e+01 9.98481000e-01 -3.72176000e-03 8.37247000e-04 -2.04726000e-03 -4.55900000e-03
6.45074000e+01 9.98300000e-01 -3.68496000e-03 8.09679000e-04 -2.06561000e-03 -4.49464000e-03
6.46121000e+01 9.98138000e-01 -3.64114000e-03 7.78159000e-04 -2.08482000e-03 -4.41930000e-03
6.47168000e+01 9.97999000e-01 -3.59137000e-03 7.43216000e-04 -2.10494000e-03 -4.33459000e-03
6.48215000e+01 9.97882000e-01 -3.53681000e-03 7.05417000e-04 -2.12597000e-03 -4.24223000e-03
6.49262000e+01 9.97790000e-01 -3.47863000e-03 6.65334000e-04 -2.14796000e-03 -4.14397000e-03
6.50310000e+01 9.97723000e-01 -3.41799000e-03 6.23529000e-04 -2.17094000e-03 -4.04152000e-03
6.51357000e+01 9.97682000e-01 -3.35598000e-03 5.80528000e-04 -2.19493000e-03 -3.93651000e-03
6.52404000e+01 9.97666000e-01 -3.29359000e-03 5.36813000e-04 -2.21996000e-03 -3.83040000e-03
6.53451000e+01 9.97677000e-01 -3.23171000e-03 4.92811000e-04 -2.24609000e-03 -3.72452000e-03
6.54498000e+01 9.97713000e-01 -3.17111000e-03 4.48886000e-04 -2.27334000e-03 -3.61999000e-03
6.55546000e+01 9.97775000e-01 -3.11244000e-03 4.05346000e-04 -2.30175000e-03 -3.51779000e-03
6.56593000e+01 9.97861000e-01 -3.05624000e-03 3.62437000e-04 -2.33137000e-03 -3.41868000e-03
6.57640000e+01 9.97970000e-01 -3.00294000e-03 3.20355000e-04 -2.36223000e-03 -3.32330000e-03
6.58687000e+01 9.98102000e-01 -2.95287000e-03 2.79242000e-04 -2.39439000e-03 -3.23211000e-03
6.59734000e+01 9.98254000e-01 -2.90628000e-03 2.39203000e-04 -2.42787000e-03 -3.14548000e-03
6.60782000e+01 9.98425000e-01 -2.86334000e-03 2.00302000e-04 -2.46273000e-03 -3.06364000e-03
6.61829000e+01 9.98612000e-01 -2.82416000e-03 1.62577000e-04 -2.49900000e-03 -2.98673000e-03
6.62876000e+01 9.98814000e-01 -2.78880000e-03 1.26037000e-04 -2.53673000e-03 -2.91484000e-03
6.63923000e+01 9.99028000e-01 -2.75729000e-03 9.06764000e-05 -2.57594000e-03 -2.84797000e-03
6.64970000e+01 9.99252000e-01 -2.72961000e-03 5.64716000e-05 -2.61667000e-03 -2.78608000e-03
6.66018000e+01 9.99483000e-01 -2.70572000e-03 2.33899000e-05 -2.65894000e-03 -2.72911000e-03
6.67065000e+01 9.99719000e-01 -2.68556000e-03 -8.60829000e-06 -2.70278000e-03 -2.67695000e-03
6.68112000e+01 9.99957000e-01 -2.66906000e-03 -3.95669000e-05 -2.74819000e-03 -2.62949000e-03
6.69159000e+01 1.00019000e+00 -2.65613000e-03 -6.95308000e-05 -2.79519000e-03 -2.58660000e-03
6.70206000e+01 1.00043000e+00 -2.64667000e-03 -9.85443000e-05 -2.84376000e-03 -2.54812000e-03
6.71254000e+01 1.00066000e+00 -2.64058000e-03 -1.26649000e-04 -2.89388000e-03 -2.51393000e-03
6.72301000e+01 1.00088000e+00 -2.63775000e-03 -1.53881000e-04 -2.94551000e-03 -2.48386000e-03
6.73348000e+01 1.00108000e+00 -2.63806000e-03 -1.80272000e-04 -2.99860000e-03 -2.45778000e-03
6.74395000e+01 1.00128000e+00 -2.64139000e-03 -2.05846000e-04 -3.05308000e-03 -2.43554000e-03
6.75442000e+01 1.00146000e+00 -2.64761000e-03 -2.30619000e-04 -3.10885000e-03 -2.41700000e-03
6.76490000e+01 1.00162000e+00 -2.65660000e-03 -2.54597000e-04 -3.16580000e-03 -2.40201000e-03
6.77537000e+01 1.00177000e+00 -2.66822000e-03 -2.77779000e-04 -3.22377000e-03 -2.39044000e-03
6.78584000e+01 1.00189000e+00 -2.68230000e-03 -3.00151000e-04 -3.28260000e-03 -2.38215000e-03
6.79631000e+01 1.00199000e+00 -2.69870000e-03 -3.21689000e-04 -3.34208000e-03 -2.37701000e-03
6.80678000e+01 1.00207000e+00 -2.71726000e-03 -3.42360000e-04 -3.40198000e-03 -2.37490000e-03
6.81726000e+01 1.00213000e+00 -2.73778000e-03 -3.62116000e-04 -3.46201000e-03 -2.37566000e-03
6.82773000e+01 1.00216000e+00 -2.76008000e-03 -3.80902000e-04 -3.52189000e-03 -2.37918000e-03
6.83820000e+01 1.00216000e+00 -2.78396000e-03 -3.98651000e-04 -3.58126000e-03 -2.38531000e-03
6.84867000e+01 1.00215000e+00 -2.80920000e-03 -4.15288000e-04 -3.63977000e-03 -2.39391000e-03
6.85914000e+01 1.00211000e+00 -2.83556000e-03 -4.30727000e-04 -3.69701000e-03 -2.40483000e-03
6.86962000e+01 1.00204000e+00 -2.86281000e-03 -4.44878000e-04 -3.75256000e-03 -2.41793000e-03
6.88009000e+01 1.00195000e+00 -2.89068000e-03 -4.57646000e-04 -3.80597000e-03 -2.43303000e-03
6.89056000e+01 1.00185000e+00 -2.91891000e-03 -4.68933000e-04 -3.85678000e-03 -2.44998000e-03
6.90103000e+01 1.00172000e+00 -2.94722000e-03 -4.78642000e-04 -3.90451000e-03 -2.46858000e-03
6.91150000e+01 1.00157000e+00 -2.97534000e-03 -4.86679000e-04 -3.94870000e-03 -2.48866000e-03
6.92198000e+01 1.00141000e+00 -3.00296000e-03 -4.92958000e-04 -3.98888000e-03 -2.51000000e-03
6.93245000e+01 1.00123000e+00 -3.02981000e-03 -4.97403000e-04 -4.02462000e-03 -2.53241000e-03
6.94292000e+01 1.00103000e+00 -3.05561000e-03 -4.99949000e-04 -4.05551000e-03 -2.55566000e-03
6.95339000e+01 1.00083000e+00 -3.08008000e-03 -5.00552000e-04 -4.08118000e-03 -2.57953000e-03
6.96386000e+01 1.00062000e+00 -3.10297000e-03 -4.99184000e-04 -4.10134000e-03 -2.60378000e-03
6.97434000e+01 1.00041000e+00 -3.12403000e-03 -4.95841000e-04 -4.11571000e-03 -2.62819000e-03
6.98481000e+01 1.00019000e+00 -3.14305000e-03 -4.90541000e-04 -4.12413000e-03 -2.65251000e-03
6.99528000e+01 9.99965000e-01 -3.15984000e-03 -4.83327000e-04 -4.12649000e-03 -2.67651000e-03
7.00575000e+01 9.99745000e-01 -3.17424000e-03 -4.74266000e-04 -4.12277000e-03 -2.69998000e-03
7.01622000e+01 9.99530000e-01 -3.18613000e-03 -4.63446000e-04 -4.11302000e-03 -2.72268000e-03
7.02670000e+01 9.99321000e-01 -3.19541000e-03 -4.50980000e-04 -4.09737000e-03 -2.74443000e-03
7.03717000e+01 9.99121000e-01 -3.20205000e-03 -4.36995000e-04 -4.07604000e-03 -2.76505000e-03
7.04764000e+01 9.98931000e-01 -3.20602000e-03 -4.21635000e-04 -4.04929000e-03 -2.78438000e-03
7.05811000e+01 9.98755000e-01 -3.20735000e-03 -4.05056000e-04 -4.01746000e-03 -2.80229000e-03
7.06858000e+01 9.98593000e-01 -3.20611000e-03 -3.87418000e-04 -3.98095000e-03 -2.81870000e-03
7.07906000e+01 9.98448000e-01 -3.20240000e-03 -3.68885000e-04 -3.94017000e-03 -2.83352000e-03
7.08953000e+01 9.98320000e-01 -3.19636000e-03 -3.49619000e-04 -3.89560000e-03 -2.84674000e-03
7.10000000e+01 9.98212000e-01 -3.18813000e-03 -3.29778000e-04 -3.84769000e-03 -2.85836000e-03
7.11047000e+01 9.98125000e-01 -3.17793000e-03 -3.09508000e-04 -3.79694000e-03 -2.86842000e-03
7.12094000e+01 9.98058000e-01 -3.16594000e-03 -2.88947000e-04 -3.74383000e-03 -2.87699000e-03
7.13142000e+01 9.98014000e-01 -3.15241000e-03 -2.68215000e-04 -3.68884000e-03 -2.88419000e-03
7.14189000e+01 9.97992000e-01 -3.13757000e-03 -2.47421000e-04 -3.63241000e-03 -2.89015000e-03
7.15236000e+01 9.97993000e-01 -3.12168000e-03 -2.26654000e-04 -3.57499000e-03 -2.89503000e-03
7.16283000e+01 9.98015000e-01 -3.10500000e-03 -2.05991000e-04 -3.51698000e-03 -2.89901000e-03
7.17330000e+01 9.98060000e-01 -3.08777000e-03 -1.85489000e-04 -3.45875000e-03 -2.90229000e-03
7.18378000e+01 9.98126000e-01 -3.07027000e-03 -1.65191000e-04 -3.40065000e-03 -2.90508000e-03
7.19425000e+01 9.98213000e-01 -3.05273000e-03 -1.45128000e-04 -3.34298000e-03 -2.90760000e-03
7.20472000e+01 9.98319000e-01 -3.03540000e-03 -1.25314000e-04 -3.28603000e-03 -2.91008000e-03
7.21519000e+01 9.98444000e-01 -3.01851000e-03 -1.05756000e-04 -3.23002000e-03 -2.91276000e-03
7.22566000e+01 9.98585000e-01 -3.00229000e-03 -8.64475000e-05 -3.17519000e-03 -2.91584000e-03
7.23614000e+01 9.98742000e-01 -2.98694000e-03 -6.73758000e-05 -3.12169000e-03 -2.91956000e-03
7.24661000e+01 9.98912000e-01 -2.97265000e-03 -4.85209000e-05 -3.06969000e-03 -2.92413000e-03
7.25708000e+01 9.99093000e-01 -2.95960000e-03 -2.98578000e-05 -3.01931000e-03 -2.92974000e-03
7.26755000e+01 9.99283000e-01 -2.94795000e-03 -1.13577000e-05 -2.97066000e-03 -2.93659000e-03
7.27802000e+01 9.99481000e-01 -2.93784000e-03 7.01032000e-06 -2.92382000e-03 -2.94485000e-03
7.28849000e+01 9.99684000e-01 -2.92941000e-03 2.52783000e-05 -2.87886000e-03 -2.95469000e-03
7.29897000e+01 9.99889000e-01 -2.92277000e-03 4.34780000e-05 -2.83582000e-03 -2.96625000e-03
7.30944000e+01 1.00009000e+00 -2.91801000e-03 6.16397000e-05 -2.79473000e-03 -2.97965000e-03
7.31991000e+01 1.00030000e+00 -2.91522000e-03 7.97912000e-05 -2.75564000e-03 -2.99501000e-03
7.33038000e+01 1.00050000e+00 -2.91445000e-03 9.79567000e-05 -2.71853000e-03 -3.01240000e-03
7.34085000e+01 1.00069000e+00 -2.91575000e-03 1.16155000e-04 -2.68344000e-03 -3.03190000e-03
7.35133000e+01 1.00088000e+00 -2.91914000e-03 1.34401000e-04 -2.65034000e-03 -3.05354000e-03
7.36180000e+01 1.00105000e+00 -2.92465000e-03 1.52700000e-04 -2.61925000e-03 -3.07735000e-03
7.37227000e+01 1.00121000e+00 -2.93224000e-03 1.71050000e-04 -2.59014000e-03 -3.10329000e-03
7.38274000e+01 1.00136000e+00 -2.94190000e-03 1.89441000e-04 -2.56302000e-03 -3.13134000e-03
7.39321000e+01 1.00149000e+00 -2.95357000e-03 2.07850000e-04 -2.53787000e-03 -3.16142000e-03
7.40369000e+01 1.00160000e+00 -2.96717000e-03 2.26245000e-04 -2.51468000e-03 -3.19342000e-03
7.41416000e+01 1.00170000e+00 -2.98261000e-03 2.44579000e-04 -2.49345000e-03 -3.22718000e-03
7.42463000e+01 1.00178000e+00 -2.99974000e-03 2.62790000e-04 -2.47416000e-03 -3.26253000e-03
7.43510000e+01 1.00183000e+00 -3.01841000e-03 2.80803000e-04 -2.45681000e-03 -3.29921000e-03
7.44557000e+01 1.00187000e+00 -3.03844000e-03 2.98524000e-04 -2.44140000e-03 -3.33697000e-03
7.45605000e+01 1.00188000e+00 -3.05962000e-03 3.15846000e-04 -2.42793000e-03 -3.37547000e-03
7.46652000e+01 1.00188000e+00 -3.08169000e-03 3.32640000e-04 -2.41641000e-03 -3.41433000e-03
7.47699000e+01 1.00185000e+00 -3.10439000e-03 3.48763000e-04 -2.40686000e-03 -3.45315000e-03
7.48746000e+01 1.00180000e+00 -3.12740000e-03 3.64054000e-04 -2.39929000e-03 -3.49146000e-03
7.49793000e+01 1.00173000e+00 -3.15042000e-03 3.78339000e-04 -2.39374000e-03 -3.52876000e-03
7.50841000e+01 1.00164000e+00 -3.17308000e-03 3.91428000e-04 -2.39023000e-03 -3.56451000e-03
7.51888000e+01 1.00154000e+00 -3.19505000e-03 4.03123000e-04 -2.38880000e-03 -3.59817000e-03
7.52935000e+01 1.00142000e+00 -3.21595000e-03 4.13217000e-04 -2.38952000e-03 -3.62917000e-03
7.53982000e+01 1.00128000e+00 -3.23543000e-03 4.21502000e-04 -2.39243000e-03 -3.65693000e-03
7.55029000e+01 1.00113000e+00 -3.25315000e-03 4.27772000e-04 -2.39761000e-03 -3.68092000e-03
7.56077000e+01 1.00096000e+00 -3.26880000e-03 4.31828000e-04 -2.40514000e-03 -3.70062000e-03
7.57124000e+01 1.00079000e+00 -3.28209000e-03 4.33487000e-04 -2.41511000e-03 -3.71557000e-03
7.58171000e+01 1.00061000e+00 -3.29280000e-03 4.32579000e-04 -2.42764000e-03 -3.72538000e-03
7.59218000e+01 1.00042000e+00 -3.30077000e-03 4.28962000e-04 -2.44284000e-03 -3.72973000e-03
7.60265000e+01 1.00023000e+00 -3.30589000e-03 4.22518000e-04 -2.46086000e-03 -3.72841000e-03
7.61313000e+01 1.00004000e+00 -3.30816000e-03 4.13161000e-04 -2.48184000e-03 -3.72132000e-03
7.62360000e+01 9.99846000e-01 -3.30763000e-03 4.00834000e-04 -2.50597000e-03 -3.70847000e-03
7.63407000e+01 9.99656000e-01 -3.30446000e-03 3.85511000e-04 -2.53344000e-03 -3.68997000e-03
7.64454000e+01 9.99471000e-01 -3.29886000e-03 3.67194000e-04 -2.56447000e-03 -3.66605000e-03
7.65501000e+01 9.99293000e-01 -3.29113000e-03 3.45913000e-04 -2.59931000e-03 -3.63705000e-03
7.66549000e+01 9.99123000e-01 -3.28166000e-03 3.21714000e-04 -2.63823000e-03 -3.60338000e-03
7.67596000e+01 9.98964000e-01 -3.27088000e-03 2.94658000e-04 -2.68156000e-03 -3.56553000e-03
7.68643000e+01 9.98817000e-01 -3.25926000e-03 2.64814000e-04 -2.72963000e-03 -3.52407000e-03
7.69690000e+01 9.98684000e-01 -3.24734000e-03 2.32250000e-04 -2.78284000e-03 -3.47959000e-03
7.70737000e+01 9.98566000e-01 -3.23567000e-03 1.97025000e-04 -2.84162000e-03 -3.43269000e-03
7.71785000e+01 9.98465000e-01 -3.22482000e-03 1.59182000e-04 -2.90646000e-03 -3.38400000e-03
7.72832000e+01 9.98381000e-01 -3.21539000e-03 1.18742000e-04 -2.97791000e-03 -3.33414000e-03
7.73879000e+01 9.98316000e-01 -3.20798000e-03 7.56954000e-05 -3.05659000e-03 -3.28368000e-03
7.74926000e+01 9.98270000e-01 -3.20320000e-03 2.99967000e-05 -3.14320000e-03 -3.23319000e-03
7.75973000e+01 9.98243000e-01 -3.20164000e-03 -1.84418000e-05 -3.23852000e-03 -3.18320000e-03
7.77021000e+01 9.98236000e-01 -3.20392000e-03 -6.97553000e-05 -3.34343000e-03 -3.13417000e-03
7.78068000e+01 9.98248000e-01 -3.21067000e-03 -1.24132000e-04 -3.45893000e-03 -3.08653000e-03
7.79115000e+01 9.98280000e-01 -3.22249000e-03 -1.81817000e-04 -3.58613000e-03 -3.04068000e-03
7.80162000e+01 9.98331000e-01 -3.24005000e-03 -2.43120000e-04 -3.72629000e-03 -2.99693000e-03
7.81209000e+01 9.98401000e-01 -3.26401000e-03 -3.08418000e-04 -3.88085000e-03 -2.95559000e-03
7.82257000e+01 9.98488000e-01 -3.29507000e-03 -3.78159000e-04 -4.05139000e-03 -2.91691000e-03
7.83304000e+01 9.98591000e-01 -3.33396000e-03 -4.52872000e-04 -4.23970000e-03 -2.88109000e-03
7.84351000e+01 9.98710000e-01 -3.38148000e-03 -5.33165000e-04 -4.44781000e-03 -2.84831000e-03
7.85398000e+01 9.98843000e-01 -3.43846000e-03 -6.19732000e-04 -4.67792000e-03 -2.81872000e-03
7.86445000e+01 9.98988000e-01 -3.50580000e-03 -7.13353000e-04 -4.93251000e-03 -2.79245000e-03
7.87493000e+01 9.99144000e-01 -3.58447000e-03 -8.14891000e-04 -5.21425000e-03 -2.76958000e-03
7.88540000e+01 9.99308000e-01 -3.67548000e-03 -9.25280000e-04 -5.52604000e-03 -2.75020000e-03
7.89587000e+01 9.99480000e-01 -3.77987000e-03 -1.04551000e-03 -5.87088000e-03 -2.73436000e-03
7.90634000e+01 9.99657000e-01 -3.89870000e-03 -1.17658000e-03 -6.25186000e-03 -2.72212000e-03
7.91681000e+01 9.99838000e-01 -4.03296000e-03 -1.31946000e-03 -6.67187000e-03 -2.71350000e-03
7.92729000e+01 1.00002000e+00 -4.18350000e-03 -1.47497000e-03 -7.13344000e-03 -2.70853000e-03
7.93776000e+01 1.00020000e+00 -4.35090000e-03 -1.64367000e-03 -7.63825000e-03 -2.70723000e-03
7.94823000e+01 1.00038000e+00 -4.53525000e-03 -1.82567000e-03 -8.18659000e-03 -2.70959000e-03
7.95870000e+01 1.00055000e+00 -4.73591000e-03 -2.02031000e-03 -8.77652000e-03 -2.71560000e-03
7.96917000e+01 1.00072000e+00 -4.95114000e-03 -2.22589000e-03 -9.40292000e-03 -2.72525000e-03
7.97965000e+01 1.00087000e+00 -5.17775000e-03 -2.43924000e-03 -1.00562000e-02 -2.73851000e-03
7.99012000e+01 1.00102000e+00 -5.41063000e-03 -2.65530000e-03 -1.07212000e-02 -2.75533000e-03
8.00059000e+01 1.00116000e+00 -5.64243000e-03 -2.86679000e-03 -1.13760000e-02 -2.77564000e-03
8.01106000e+01 1.00128000e+00 -5.86350000e-03 -3.06414000e-03 -1.19918000e-02 -2.79935000e-03
8.02153000e+01 1.00138000e+00 -6.06215000e-03 -3.23578000e-03 -1.25337000e-02 -2.82637000e-03
8.03201000e+01 1.00147000e+00 -6.22567000e-03 -3.36912000e-03 -1.29639000e-02 -2.85655000e-03
8.04248000e+01 1.00155000e+00 -6.34185000e-03 -3.45214000e-03 -1.32461000e-02 -2.88971000e-03
8.05295000e+01 1.00161000e+00 -6.40100000e-03 -3.47535000e-03 -1.33517000e-02 -2.92565000e-03
8.06342000e+01 1.00164000e+00 -6.39787000e-03 -3.43377000e-03 -1.32654000e-02 -2.96410000e-03
8.07389000e+01 1.00166000e+00 -6.33284000e-03 -3.32809000e-03 -1.29890000e-02 -3.00475000e-03
8.08437000e+01 1.00166000e+00 -6.21194000e-03 -3.16469000e-03 -1.25413000e-02 -3.04724000e-03
8.09484000e+01 1.00165000e+00 -6.04559000e-03 -2.95444000e-03 -1.19545000e-02 -3.09115000e-03
8.10531000e+01 1.00161000e+00 -5.84667000e-03 -2.71069000e-03 -1.12680000e-02 -3.13598000e-03
8.11578000e+01 1.00156000e+00 -5.62833000e-03 -2.44715000e-03 -1.05226000e-02 -3.18118000e-03
8.12625000e+01 1.00149000e+00 -5.40235000e-03 -2.17623000e-03 -9.75482000e-03 -3.22612000e-03
8.13672000e+01 1.00140000e+00 -5.17816000e-03 -1.90801000e-03 -8.99418000e-03 -3.27015000e-03
8.14720000e+01 1.00130000e+00 -4.96248000e-03 -1.64995000e-03 -8.26237000e-03 -3.31253000e-03
8.15767000e+01 1.00118000e+00 -4.75952000e-03 -1.40703000e-03 -7.57358000e-03 -3.35249000e-03
8.16814000e+01 1.00105000e+00 -4.57145000e-03 -1.18218000e-03 -6.93581000e-03 -3.38927000e-03
8.17861000e+01 1.00091000e+00 -4.39883000e-03 -9.76765000e-04 -6.35236000e-03 -3.42206000e-03
8.18908000e+01 1.00076000e+00 -4.24117000e-03 -7.91041000e-04 -5.82325000e-03 -3.45013000e-03
8.19956000e+01 1.00060000e+00 -4.09730000e-03 -6.24541000e-04 -5.34638000e-03 -3.47276000e-03
8.21003000e+01 1.00044000e+00 -3.96568000e-03 -4.76352000e-04 -4.91838000e-03 -3.48933000e-03
8.22050000e+01 1.00027000e+00 -3.84464000e-03 -3.45321000e-04 -4.53529000e-03 -3.49932000e-03
8.23097000e+01 1.00010000e+00 -3.73254000e-03 -2.30182000e-04 -4.19291000e-03 -3.50236000e-03
8.24144000e+01 9.99924000e-01 -3.62785000e-03 -1.29642000e-04 -3.88714000e-03 -3.49821000e-03
8.25192000e+01 9.99755000e-01 -3.52923000e-03 -4.24236000e-05 -3.61408000e-03 -3.48681000e-03
8.26239000e+01 9.99588000e-01 -3.43555000e-03 3.27021000e-05 -3.37015000e-03 -3.46825000e-03
8.27286000e+01 9.99427000e-01 -3.34590000e-03 9.69088000e-05 -3.15208000e-03 -3.44281000e-03
8.28333000e+01 9.99273000e-01 -3.25959000e-03 1.51307000e-04 -2.95698000e-03 -3.41090000e-03
8.29380000e+01 9.99128000e-01 -3.17614000e-03 1.96943000e-04 -2.78225000e-03 -3.37308000e-03
8.30428000e+01 9.98993000e-01 -3.09522000e-03 2.34798000e-04 -2.62562000e-03 -3.33001000e-03
8.31475000e+01 9.98869000e-01 -3.01666000e-03 2.65789000e-04 -2.48508000e-03 -3.28245000e-03
8.32522000e+01 9.98759000e-01 -2.94041000e-03 2.90769000e-04 -2.35887000e-03 -3.23117000e-03
8.33569000e+01 9.98663000e-01 -2.86650000e-03 3.10523000e-04 -2.24545000e-03 -3.17702000e-03
8.34616000e+01 9.98582000e-01 -2.79503000e-03 3.25774000e-04 -2.14349000e-03 -3.12081000e-03
8.35664000e+01 9.98518000e-01 -2.72615000e-03 3.37179000e-04 -2.05179000e-03 -3.06333000e-03
8.36711000e+01 9.98470000e-01 -2.66001000e-03 3.45333000e-04 -1.96935000e-03 -3.00535000e-03
8.37758000e+01 9.98439000e-01 -2.59678000e-03 3.50767000e-04 -1.89525000e-03 -2.94755000e-03
8.38805000e+01 9.98426000e-01 -2.53663000e-03 3.53955000e-04 -1.82872000e-03 -2.89058000e-03
8.39852000e+01 9.98431000e-01 -2.47969000e-03 3.55314000e-04 -1.76906000e-03 -2.83501000e-03
8.40900000e+01 9.98453000e-01 -2.42611000e-03 3.55209000e-04 -1.71569000e-03 -2.78132000e-03
8.41947000e+01 9.98492000e-01 -2.37600000e-03 3.53959000e-04 -1.66808000e-03 -2.72996000e-03
8.42994000e+01 9.98548000e-01 -2.32944000e-03 3.51836000e-04 -1.62577000e-03 -2.68128000e-03
8.44041000e+01 9.98619000e-01 -2.28652000e-03 3.49075000e-04 -1.58837000e-03 -2.63560000e-03
8.45088000e+01 9.98706000e-01 -2.24729000e-03 3.45878000e-04 -1.55553000e-03 -2.59317000e-03
8.46136000e+01 9.98808000e-01 -2.21178000e-03 3.42412000e-04 -1.52696000e-03 -2.55420000e-03
8.47183000e+01 9.98922000e-01 -2.18004000e-03 3.38822000e-04 -1.50239000e-03 -2.51886000e-03
8.48230000e+01 9.99047000e-01 -2.15207000e-03 3.35228000e-04 -1.48161000e-03 -2.48730000e-03
8.49277000e+01 9.99183000e-01 -2.12789000e-03 3.31730000e-04 -1.46443000e-03 -2.45962000e-03
8.50324000e+01 9.99328000e-01 -2.10752000e-03 3.28412000e-04 -1.45070000e-03 -2.43594000e-03
8.51372000e+01 9.99479000e-01 -2.09097000e-03 3.25346000e-04 -1.44028000e-03 -2.41632000e-03
8.52419000e+01 9.99636000e-01 -2.07825000e-03 3.22588000e-04 -1.43307000e-03 -2.40084000e-03
8.53466000e+01 9.99797000e-01 -2.06937000e-03 3.20190000e-04 -1.42899000e-03 -2.38956000e-03
8.54513000e+01 9.99959000e-01 -2.06437000e-03 3.18190000e-04 -1.42799000e-03 -2.38256000e-03
8.55560000e+01 1.00012000e+00 -2.06327000e-03 3.16624000e-04 -1.43002000e-03 -2.37989000e-03
8.56608000e+01 1.00028000e+00 -2.06610000e-03 3.15521000e-04 -1.43506000e-03 -2.38162000e-03
8.57655000e+01 1.00044000e+00 -2.07292000e-03 3.14904000e-04 -1.44311000e-03 -2.38782000e-03
8.58702000e+01 1.00059000e+00 -2.08378000e-03 3.14794000e-04 -1.45419000e-03 -2.39857000e-03
8.59749000e+01 1.00073000e+00 -2.09874000e-03 3.15207000e-04 -1.46833000e-03 -2.41395000e-03
8.60796000e+01 1.00087000e+00 -2.11787000e-03 3.16155000e-04 -1.48556000e-03 -2.43403000e-03
8.61844000e+01 1.00099000e+00 -2.14126000e-03 3.17648000e-04 -1.50596000e-03 -2.45891000e-03
8.62891000e+01 1.00111000e+00 -2.16897000e-03 3.19688000e-04 -1.52960000e-03 -2.48866000e-03
8.63938000e+01 1.00121000e+00 -2.20110000e-03 3.22275000e-04 -1.55655000e-03 -2.52337000e-03
8.64985000e+01 1.00130000e+00 -2.23771000e-03 3.25400000e-04 -1.58691000e-03 -2.56311000e-03
8.66032000e+01 1.00137000e+00 -2.27887000e-03 3.29047000e-04 -1.62078000e-03 -2.60792000e-03
8.67080000e+01 1.00143000e+00 -2.32464000e-03 3.33187000e-04 -1.65827000e-03 -2.65783000e-03
8.68127000e+01 1.00147000e+00 -2.37504000e-03 3.37781000e-04 -1.69948000e-03 -2.71282000e-03
8.69174000e+01 1.00149000e+00 -2.43006000e-03 3.42769000e-04 -1.74452000e-03 -2.77283000e-03
8.70221000e+01 1.00150000e+00 -2.48964000e-03 3.48072000e-04 -1.79350000e-03 -2.83771000e-03
8.71268000e+01 1.00149000e+00 -2.55365000e-03 3.53584000e-04 -1.84648000e-03 -2.90724000e-03
8.72316000e+01 1.00146000e+00 -2.62189000e-03 3.59170000e-04 -1.90355000e-03 -2.98106000e-03
8.73363000e+01 1.00142000e+00 -2.69404000e-03 3.64655000e-04 -1.96473000e-03 -3.05869000e-03
8.74410000e+01 1.00136000e+00 -2.76966000e-03 3.69824000e-04 -2.03001000e-03 -3.13948000e-03
8.75457000e+01 1.00129000e+00 -2.84817000e-03 3.74416000e-04 -2.09934000e-03 -3.22259000e-03
8.76504000e+01 1.00120000e+00 -2.92882000e-03 3.78116000e-04 -2.17259000e-03 -3.30694000e-03
8.77552000e+01 1.00110000e+00 -3.01068000e-03 3.80562000e-04 -2.24956000e-03 -3.39124000e-03
8.78599000e+01 1.00099000e+00 -3.09261000e-03 3.81342000e-04 -2.32993000e-03 -3.47395000e-03
8.79646000e+01 1.00086000e+00 -3.17329000e-03 3.80003000e-04 -2.41328000e-03 -3.55329000e-03
8.80693000e+01 1.00073000e+00 -3.25121000e-03 3.76068000e-04 -2.49908000e-03 -3.62728000e-03
8.81740000e+01 1.00059000e+00 -3.32472000e-03 3.69057000e-04 -2.58661000e-03 -3.69378000e-03
8.82788000e+01 1.00045000e+00 -3.39207000e-03 3.58518000e-04 -2.67503000e-03 -3.75058000e-03
8.83835000e+01 1.00030000e+00 -3.45147000e-03 3.44059000e-04 -2.76335000e-03 -3.79553000e-03
8.84882000e+01 1.00014000e+00 -3.50121000e-03 3.25394000e-04 -2.85043000e-03 -3.82661000e-03
8.85929000e+01 9.99987000e-01 -3.53974000e-03 3.02381000e-04 -2.93498000e-03 -3.84212000e-03
8.86976000e+01 9.99833000e-01 -3.56575000e-03 2.75051000e-04 -3.01565000e-03 -3.84080000e-03
8.88024000e+01 9.99682000e-01 -3.57830000e-03 2.43639000e-04 -3.09102000e-03 -3.82194000e-03
8.89071000e+01 9.99534000e-01 -3.57683000e-03 2.08582000e-04 -3.15967000e-03 -3.78542000e-03
8.90118000e+01 9.99393000e-01 -3.56128000e-03 1.70504000e-04 -3.22027000e-03 -3.73178000e-03
8.91165000e+01 9.99258000e-01 -3.53198000e-03 1.30187000e-04 -3.27161000e-03 -3.66217000e-03
8.92212000e+01 9.99132000e-01 -3.48973000e-03 8.85165000e-05 -3.31269000e-03 -3.57824000e-03
8.93260000e+01 9.99017000e-01 -3.43564000e-03 4.64200000e-05 -3.34280000e-03 -3.48206000e-03
8.94307000e+01 9.98912000e-01 -3.37113000e-03 4.80612000e-06 -3.36152000e-03 -3.37594000e-03
8.95354000e+01 9.98821000e-01 -3.29778000e-03 -3.54935000e-05 -3.36877000e-03 -3.26229000e-03
8.96401000e+01 9.98742000e-01 -3.21726000e-03 -7.37695000e-05 -3.36480000e-03 -3.14349000e-03
8.97448000e+01 9.98678000e-01 -3.13125000e-03 -1.09464000e-04 -3.35018000e-03 -3.02179000e-03
8.98495000e+01 9.98629000e-01 -3.04139000e-03 -1.42184000e-04 -3.32576000e-03 -2.89921000e-03
8.99543000e+01 9.98595000e-01 -2.94919000e-03 -1.71699000e-04 -3.29259000e-03 -2.77749000e-03
9.00590000e+01 9.98578000e-01 -2.85602000e-03 -1.97928000e-04 -3.25188000e-03 -2.65809000e-03
9.01637000e+01 9.98576000e-01 -2.76309000e-03 -2.20915000e-04 -3.20492000e-03 -2.54218000e-03
9.02684000e+01 9.98589000e-01 -2.67143000e-03 -2.40805000e-04 -3.15305000e-03 -2.43063000e-03
9.03731000e+01 9.98619000e-01 -2.58191000e-03 -2.57816000e-04 -3.09754000e-03 -2.32409000e-03
9.04779000e+01 9.98664000e-01 -2.49520000e-03 -2.72215000e-04 -3.03963000e-03 -2.22299000e-03
9.05826000e+01 9.98724000e-01 -2.41187000e-03 -2.84293000e-04 -2.98045000e-03 -2.12757000e-03
9.06873000e+01 9.98797000e-01 -2.33230000e-03 -2.94352000e-04 -2.92101000e-03 -2.03795000e-03
9.07920000e+01 9.98884000e-01 -2.25681000e-03 -3.02690000e-04 -2.86219000e-03 -1.95412000e-03
9.08967000e+01 9.98983000e-01 -2.18558000e-03 -3.09588000e-04 -2.80475000e-03 -1.87599000e-03
9.10015000e+01 9.99094000e-01 -2.11871000e-03 -3.15309000e-04 -2.74933000e-03 -1.80341000e-03
9.11062000e+01 9.99214000e-01 -2.05626000e-03 -3.20092000e-04 -2.69644000e-03 -1.73617000e-03
9.12109000e+01 9.99342000e-01 -1.99821000e-03 -3.24151000e-04 -2.64651000e-03 -1.67406000e-03
9.13156000e+01 9.99477000e-01 -1.94451000e-03 -3.27677000e-04 -2.59987000e-03 -1.61683000e-03
9.14203000e+01 9.99618000e-01 -1.89508000e-03 -3.30836000e-04 -2.55676000e-03 -1.56425000e-03
9.15251000e+01 9.99763000e-01 -1.84983000e-03 -3.33773000e-04 -2.51737000e-03 -1.51605000e-03
9.16298000e+01 9.99910000e-01 -1.80863000e-03 -3.36613000e-04 -2.48185000e-03 -1.47201000e-03
9.17345000e+01 1.00006000e+00 -1.77136000e-03 -3.39466000e-04 -2.45030000e-03 -1.43190000e-03
9.18392000e+01 1.00020000e+00 -1.73791000e-03 -3.42425000e-04 -2.42276000e-03 -1.39549000e-03
9.19439000e+01 1.00035000e+00 -1.70814000e-03 -3.45570000e-04 -2.39928000e-03 -1.36257000e-03
9.20487000e+01 1.00049000e+00 -1.68194000e-03 -3.48973000e-04 -2.37989000e-03 -1.33297000e-03
9.21534000e+01 1.00062000e+00 -1.65919000e-03 -3.52693000e-04 -2.36458000e-03 -1.30650000e-03
9.22581000e+01 1.00075000e+00 -1.63979000e-03 -3.56782000e-04 -2.35335000e-03 -1.28301000e-03
9.23628000e+01 1.00087000e+00 -1.62363000e-03 -3.61288000e-04 -2.34621000e-03 -1.26234000e-03
9.24675000e+01 1.00097000e+00 -1.61063000e-03 -3.66249000e-04 -2.34312000e-03 -1.24438000e-03
9.25723000e+01 1.00107000e+00 -1.60069000e-03 -3.71700000e-04 -2.34409000e-03 -1.22899000e-03
9.26770000e+01 1.00115000e+00 -1.59376000e-03 -3.77672000e-04 -2.34910000e-03 -1.21609000e-03
9.27817000e+01 1.00122000e+00 -1.58976000e-03 -3.84189000e-04 -2.35814000e-03 -1.20557000e-03
9.28864000e+01 1.00128000e+00 -1.58864000e-03 -3.91272000e-04 -2.37118000e-03 -1.19737000e-03
9.29911000e+01 1.00132000e+00 -1.59034000e-03 -3.98937000e-04 -2.38822000e-03 -1.19140000e-03
9.30959000e+01 1.00135000e+00 -1.59482000e-03 -4.07194000e-04 -2.40921000e-03 -1.18763000e-03
9.32006000e+01 1.00136000e+00 -1.60204000e-03 -4.16048000e-04 -2.43414000e-03 -1.18600000e-03
9.33053000e+01 1.00136000e+00 -1.61196000e-03 -4.25496000e-04 -2.46295000e-03 -1.18647000e-03
9.34100000e+01 1.00134000e+00 -1.62454000e-03 -4.35526000e-04 -2.49559000e-03 -1.18902000e-03
9.35147000e+01 1.00131000e+00 -1.63974000e-03 -4.46118000e-04 -2.53198000e-03 -1.19363000e-03
9.36195000e+01 1.00126000e+00 -1.65752000e-03 -4.57239000e-04 -2.57200000e-03 -1.20029000e-03
9.37242000e+01 1.00120000e+00 -1.67783000e-03 -4.68844000e-04 -2.61552000e-03 -1.20899000e-03
9.38289000e+01 1.00113000e+00 -1.70061000e-03 -4.80869000e-04 -2.66235000e-03 -1.21975000e-03
9.39336000e+01 1.00104000e+00 -1.72580000e-03 -4.93237000e-04 -2.71227000e-03 -1.23256000e-03
9.40383000e+01 1.00094000e+00 -1.75329000e-03 -5.05845000e-04 -2.76498000e-03 -1.24745000e-03
9.41431000e+01 1.00083000e+00 -1.78300000e-03 -5.18571000e-04 -2.82014000e-03 -1.26443000e-03
9.42478000e+01 1.00071000e+00 -1.81479000e-03 -5.31267000e-04 -2.87732000e-03 -1.28352000e-03
9.43525000e+01 1.00059000e+00 -1.84852000e-03 -5.43759000e-04 -2.93604000e-03 -1.30476000e-03
9.44572000e+01 1.00046000e+00 -1.88402000e-03 -5.55844000e-04 -2.99571000e-03 -1.32818000e-03
9.45619000e+01 1.00032000e+00 -1.92108000e-03 -5.67295000e-04 -3.05567000e-03 -1.35379000e-03
9.46667000e+01 1.00018000e+00 -1.95949000e-03 -5.77855000e-04 -3.11520000e-03 -1.38163000e-03
9.47714000e+01 1.00004000e+00 -1.99898000e-03 -5.87249000e-04 -3.17347000e-03 -1.41173000e-03
9.48761000e+01 9.99898000e-01 -2.03928000e-03 -5.95178000e-04 -3.22964000e-03 -1.44411000e-03
9.49808000e+01 9.99758000e-01 -2.08012000e-03 -6.01337000e-04 -3.28280000e-03 -1.47878000e-03
9.50855000e+01 9.99622000e-01 -2.12119000e-03 -6.05415000e-04 -3.33202000e-03 -1.51577000e-03
9.51903000e+01 9.99490000e-01 -2.16218000e-03 -6.07109000e-04 -3.37640000e-03 -1.55507000e-03
9.52950000e+01 9.99364000e-01 -2.20281000e-03 -6.06135000e-04 -3.41509000e-03 -1.59668000e-03
9.53997000e+01 9.99246000e-01 -2.24281000e-03 -6.02242000e-04 -3.44730000e-03 -1.64057000e-03
9.55044000e+01 9.99136000e-01 -2.28193000e-03 -5.95220000e-04 -3.47237000e-03 -1.68671000e-03
9.56091000e+01 9.99036000e-01 -2.31996000e-03 -5.84916000e-04 -3.48979000e-03 -1.73504000e-03
9.57139000e+01 9.98948000e-01 -2.35674000e-03 -5.71240000e-04 -3.49922000e-03 -1.78550000e-03
9.58186000e+01 9.98871000e-01 -2.39215000e-03 -5.54171000e-04 -3.50049000e-03 -1.83798000e-03
9.59233000e+01 9.98807000e-01 -2.42613000e-03 -5.33763000e-04 -3.49366000e-03 -1.89237000e-03
9.60280000e+01 9.98757000e-01 -2.45868000e-03 -5.10142000e-04 -3.47896000e-03 -1.94854000e-03
9.61327000e+01 9.98721000e-01 -2.48981000e-03 -4.83501000e-04 -3.45681000e-03 -2.00631000e-03
9.62375000e+01 9.98699000e-01 -2.51960000e-03 -4.54094000e-04 -3.42779000e-03 -2.06551000e-03
9.63422000e+01 9.98691000e-01 -2.54815000e-03 -4.22224000e-04 -3.39260000e-03 -2.12592000e-03
9.64469000e+01 9.98699000e-01 -2.57557000e-03 -3.88235000e-04 -3.35204000e-03 -2.18733000e-03
9.65516000e+01 9.98720000e-01 -2.60199000e-03 -3.52493000e-04 -3.30697000e-03 -2.24949000e-03
9.66563000e+01 9.98756000e-01 -2.62754000e-03 -3.15381000e-04 -3.25830000e-03 -2.31216000e-03
9.67611000e+01 9.98806000e-01 -2.65235000e-03 -2.77280000e-04 -3.20691000e-03 -2.37507000e-03
9.68658000e+01 9.98869000e-01 -2.67654000e-03 -2.38562000e-04 -3.15366000e-03 -2.43798000e-03
9.69705000e+01 9.98944000e-01 -2.70022000e-03 -1.99583000e-04 -3.09938000e-03 -2.50063000e-03
9.70752000e+01 9.99031000e-01 -2.72347000e-03 -1.60668000e-04 -3.04481000e-03 -2.56280000e-03
9.71799000e+01 9.99129000e-01 -2.74640000e-03 -1.22116000e-04 -2.99063000e-03 -2.62429000e-03
9.72847000e+01 9.99236000e-01 -2.76908000e-03 -8.41844000e-05 -2.93745000e-03 -2.68490000e-03
9.73894000e+01 9.99351000e-01 -2.79160000e-03 -4.70974000e-05 -2.88579000e-03 -2.74450000e-03
9.74941000e+01 9.99474000e-01 -2.81402000e-03 -1.10379000e-05 -2.83610000e-03 -2.80298000e-03
9.75988000e+01 9.99602000e-01 -2.83644000e-03 2.38495000e-05 -2.78874000e-03 -2.86029000e-03
9.77035000e+01 9.99734000e-01 -2.85895000e-03 5.74582000e-05 -2.74403000e-03 -2.91641000e-03
9.78083000e+01 9.99868000e-01 -2.88165000e-03 8.97171000e-05 -2.70222000e-03 -2.97137000e-03
9.79130000e+01 1.00000000e+00 -2.90467000e-03 1.20588000e-04 -2.66349000e-03 -3.02526000e-03
9.80177000e+01 1.00014000e+00 -2.92813000e-03 1.50064000e-04 -2.62800000e-03 -3.07819000e-03
9.81224000e+01 1.00027000e+00 -2.95218000e-03 1.78164000e-04 -2.59585000e-03 -3.13034000e-03
9.82271000e+01 1.00040000e+00 -2.97698000e-03 2.04930000e-04 -2.56712000e-03 -3.18191000e-03
9.83319000e+01 1.00053000e+00 -3.00271000e-03 2.30426000e-04 -2.54185000e-03 -3.23313000e-03
9.84366000e+01 1.00065000e+00 -3.02953000e-03 2.54728000e-04 -2.52007000e-03 -3.28426000e-03
9.85413000e+01 1.00076000e+00 -3.05763000e-03 2.77930000e-04 -2.50178000e-03 -3.33556000e-03
9.86460000e+01 1.00086000e+00 -3.08721000e-03 3.00131000e-04 -2.48695000e-03 -3.38734000e-03
9.87507000e+01 1.00096000e+00 -3.11844000e-03 3.21439000e-04 -2.47557000e-03 -3.43988000e-03
9.88554000e+01 1.00104000e+00 -3.15151000e-03 3.41965000e-04 -2.46758000e-03 -3.49348000e-03
9.89602000e+01 1.00111000e+00 -3.18658000e-03 3.61822000e-04 -2.46294000e-03 -3.54840000e-03
9.90649000e+01 1.00117000e+00 -3.22381000e-03 3.81120000e-04 -2.46157000e-03 -3.60493000e-03
9.91696000e+01 1.00121000e+00 -3.26333000e-03 3.99968000e-04 -2.46339000e-03 -3.66329000e-03
9.92743000e+01 1.00124000e+00 -3.30524000e-03 4.18465000e-04 -2.46831000e-03 -3.72371000e-03
9.93790000e+01 1.00126000e+00 -3.34964000e-03 4.36708000e-04 -2.47622000e-03 -3.78635000e-03
9.94838000e+01 1.00126000e+00 -3.39655000e-03 4.54781000e-04 -2.48699000e-03 -3.85134000e-03
9.95885000e+01 1.00125000e+00 -3.44599000e-03 4.72756000e-04 -2.50048000e-03 -3.91875000e-03
9.96932000e+01 1.00122000e+00 -3.49790000e-03 4.90693000e-04 -2.51652000e-03 -3.98859000e-03
9.97979000e+01 1.00118000e+00 -3.55218000e-03 5.08635000e-04 -2.53491000e-03 -4.06081000e-03
9.99026000e+01 1.00113000e+00 -3.60864000e-03 5.26609000e-04 -2.55543000e-03 -4.13525000e-03
1.00007000e+02 1.00107000e+00 -3.66706000e-03 5.44617000e-04 -2.57783000e-03 -4.21168000e-03
1.00112000e+02 1.00099000e+00 -3.72711000e-03 5.62644000e-04 -2.60183000e-03 -4.28976000e-03
1.00217000e+02 1.00090000e+00 -3.78838000e-03 5.80644000e-04 -2.62710000e-03 -4.36903000e-03
1.00322000e+02 1.00081000e+00 -3.85038000e-03 5.98548000e-04 -2.65328000e-03 -4.44893000e-03
1.00426000e+02 1.00070000e+00 -3.91251000e-03 6.16257000e-04 -2.67999000e-03 -4.52876000e-03
1.00531000e+02 1.00059000e+00 -3.97408000e-03 6.33640000e-04 -2.70680000e-03 -4.60772000e-03
1.00636000e+02 1.00047000e+00 -4.03431000e-03 6.50539000e-04 -2.73323000e-03 -4.68485000e-03
1.00740000e+02 1.00034000e+00 -4.09236000e-03 6.66768000e-04 -2.75882000e-03 -4.75912000e-03
1.00845000e+02 1.00021000e+00 -4.14728000e-03 6.82112000e-04 -2.78306000e-03 -4.82939000e-03
1.00950000e+02 1.00008000e+00 -4.19811000e-03 6.96342000e-04 -2.80542000e-03 -4.89445000e-03
1.01055000e+02 9.99952000e-01 -4.24384000e-03 7.09210000e-04 -2.82542000e-03 -4.95305000e-03
1.01159000e+02 9.99822000e-01 -4.28349000e-03 7.20469000e-04 -2.84255000e-03 -5.00396000e-03
1.01264000e+02 9.99694000e-01 -4.31612000e-03 7.29876000e-04 -2.85637000e-03 -5.04600000e-03
1.01369000e+02 9.99570000e-01 -4.34089000e-03 7.37207000e-04 -2.86647000e-03 -5.07809000e-03
1.01473000e+02 9.99451000e-01 -4.35705000e-03 7.42270000e-04 -2.87251000e-03 -5.09932000e-03
1.01578000e+02 9.99339000e-01 -4.36406000e-03 7.44916000e-04 -2.87423000e-03 -5.10898000e-03
1.01683000e+02 9.99234000e-01 -4.36155000e-03 7.45050000e-04 -2.87145000e-03 -5.10660000e-03
1.01788000e+02 9.99138000e-01 -4.34939000e-03 7.42635000e-04 -2.86412000e-03 -5.09202000e-03
1.01892000e+02 9.99051000e-01 -4.32766000e-03 7.37700000e-04 -2.85226000e-03 -5.06536000e-03
1.01997000e+02 9.98976000e-01 -4.29669000e-03 7.30340000e-04 -2.83601000e-03 -5.02703000e-03
1.02102000e+02 9.98912000e-01 -4.25702000e-03 7.20709000e-04 -2.81560000e-03 -4.97773000e-03
1.02206000e+02 9.98861000e-01 -4.20939000e-03 7.09014000e-04 -2.79136000e-03 -4.91840000e-03
1.02311000e+02 9.98822000e-01 -4.15470000e-03 6.95506000e-04 -2.76369000e-03 -4.85020000e-03
1.02416000e+02 9.98796000e-01 -4.09398000e-03 6.80467000e-04 -2.73305000e-03 -4.77445000e-03
1.02521000e+02 9.98784000e-01 -4.02834000e-03 6.64196000e-04 -2.69995000e-03 -4.69254000e-03
1.02625000e+02 9.98786000e-01 -3.95893000e-03 6.46998000e-04 -2.66494000e-03 -4.60593000e-03
1.02730000e+02 9.98801000e-01 -3.88691000e-03 6.29175000e-04 -2.62856000e-03 -4.51609000e-03
1.02835000e+02 9.98830000e-01 -3.81340000e-03 6.11010000e-04 -2.59138000e-03 -4.42441000e-03
1.02940000e+02 9.98871000e-01 -3.73948000e-03 5.92766000e-04 -2.55395000e-03 -4.33224000e-03
1.03044000e+02 9.98925000e-01 -3.66613000e-03 5.74681000e-04 -2.51677000e-03 -4.24082000e-03
1.03149000e+02 9.98991000e-01 -3.59428000e-03 5.56961000e-04 -2.48036000e-03 -4.15124000e-03
1.03254000e+02 9.99068000e-01 -3.52475000e-03 5.39783000e-04 -2.44518000e-03 -4.06453000e-03
1.03358000e+02 9.99155000e-01 -3.45825000e-03 5.23297000e-04 -2.41166000e-03 -3.98155000e-03
1.03463000e+02 9.99252000e-01 -3.39545000e-03 5.07622000e-04 -2.38020000e-03 -3.90307000e-03
1.03568000e+02 9.99357000e-01 -3.33689000e-03 4.92857000e-04 -2.35117000e-03 -3.82974000e-03
1.03673000e+02 9.99468000e-01 -3.28307000e-03 4.79075000e-04 -2.32492000e-03 -3.76214000e-03
1.03777000e+02 9.99586000e-01 -3.23443000e-03 4.66337000e-04 -2.30176000e-03 -3.70077000e-03
1.03882000e+02 9.99707000e-01 -3.19136000e-03 4.54685000e-04 -2.28199000e-03 -3.64605000e-03
1.03987000e+02 9.99832000e-01 -3.15422000e-03 4.44154000e-04 -2.26592000e-03 -3.59838000e-03
1.04091000e+02 9.99958000e-01 -3.12337000e-03 4.34771000e-04 -2.25383000e-03 -3.55814000e-03
1.04196000e+02 1.00009000e+00 -3.09913000e-03 4.26557000e-04 -2.24602000e-03 -3.52569000e-03
1.04301000e+02 1.00021000e+00 -3.08188000e-03 4.19535000e-04 -2.24281000e-03 -3.50142000e-03
1.04406000e+02 1.00033000e+00 -3.07200000e-03 4.13728000e-04 -2.24454000e-03 -3.48573000e-03
1.04510000e+02 1.00045000e+00 -3.06992000e-03 4.09163000e-04 -2.25159000e-03 -3.47908000e-03
1.04615000e+02 1.00057000e+00 -3.07614000e-03 4.05875000e-04 -2.26439000e-03 -3.48202000e-03
1.04720000e+02 1.00067000e+00 -3.09125000e-03 4.03909000e-04 -2.28343000e-03 -3.49516000e-03
1.04824000e+02 1.00077000e+00 -3.11595000e-03 4.03324000e-04 -2.30930000e-03 -3.51928000e-03
1.04929000e+02 1.00086000e+00 -3.15108000e-03 4.04197000e-04 -2.34269000e-03 -3.55528000e-03
1.05034000e+02 1.00094000e+00 -3.19767000e-03 4.06625000e-04 -2.38442000e-03 -3.60429000e-03
1.05139000e+02 1.00101000e+00 -3.25696000e-03 4.10734000e-04 -2.43549000e-03 -3.66769000e-03
1.05243000e+02 1.00107000e+00 -3.33049000e-03 4.16684000e-04 -2.49713000e-03 -3.74718000e-03
1.05348000e+02 1.00112000e+00 -3.42019000e-03 4.24680000e-04 -2.57083000e-03 -3.84488000e-03
1.05453000e+02 1.00115000e+00 -3.52846000e-03 4.34986000e-04 -2.65849000e-03 -3.96345000e-03
1.05558000e+02 1.00117000e+00 -3.65834000e-03 4.47937000e-04 -2.76246000e-03 -4.10628000e-03
1.05662000e+02 1.00118000e+00 -3.81371000e-03 4.63971000e-04 -2.88576000e-03 -4.27768000e-03
1.05767000e+02 1.00117000e+00 -3.99961000e-03 4.83661000e-04 -3.03229000e-03 -4.48327000e-03
1.05872000e+02 1.00116000e+00 -4.22268000e-03 5.07763000e-04 -3.20716000e-03 -4.73045000e-03
1.05976000e+02 1.00112000e+00 -4.49183000e-03 5.37302000e-04 -3.41722000e-03 -5.02913000e-03
1.06081000e+02 1.00108000e+00 -4.81924000e-03 5.73685000e-04 -3.67187000e-03 -5.39293000e-03
1.06186000e+02 1.00102000e+00 -5.22207000e-03 6.18900000e-04 -3.98427000e-03 -5.84097000e-03
1.06291000e+02 1.00096000e+00 -5.72517000e-03 6.75834000e-04 -4.37350000e-03 -6.40100000e-03
1.06395000e+02 1.00088000e+00 -6.36596000e-03 7.48852000e-04 -4.86825000e-03 -7.11481000e-03
1.06500000e+02 1.00079000e+00 -7.20346000e-03 8.44855000e-04 -5.51375000e-03 -8.04831000e-03
1.06605000e+02 1.00069000e+00 -8.33642000e-03 9.75431000e-04 -6.38556000e-03 -9.31185000e-03
1.06709000e+02 1.00059000e+00 -9.94349000e-03 1.16164000e-03 -7.62022000e-03 -1.11051000e-02
1.06814000e+02 1.00048000e+00 -1.23843000e-02 1.44610000e-03 -9.49211000e-03 -1.38304000e-02
1.06919000e+02 1.00036000e+00 -1.65063000e-02 1.93014000e-03 -1.26460000e-02 -1.84364000e-02
1.07024000e+02 1.00024000e+00 -2.48955000e-02 2.92758000e-03 -1.90403000e-02 -2.78231000e-02
1.07128000e+02 1.00012000e+00 -5.10288000e-02 6.13286000e-03 -3.87631000e-02 -5.71617000e-02
1.07233000e+02 1.00000000e+00 1.00035000e+00 1.32441000e-02 1.02683000e+00 9.87102000e-01
