# k S000 S110 S112 S10 S11
1.04720000e-01 8.65069000e-02 9.80236000e-01 1.02252000e+00 3.02528000e+00 -4.22890000e-02
2.09440000e-01 8.67300000e-02 9.69764000e-01 1.01218000e+00 2.99413000e+00 -4.24168000e-02
3.14159000e-01 8.71033000e-02 9.52848000e-01 9.95479000e-01 2.94381000e+00 -4.26308000e-02
4.18879000e-01 8.76290000e-02 9.30230000e-01 9.73163000e-01 2.87656000e+00 -4.29329000e-02
5.23599000e-01 8.83103000e-02 9.02833000e-01 9.46159000e-01 2.79515000e+00 -4.33253000e-02
6.28319000e-01 8.91513000e-02 8.71680000e-01 9.15491000e-01 2.70266000e+00 -4.38113000e-02
7.33038000e-01 9.01572000e-02 8.37804000e-01 8.82199000e-01 2.60220000e+00 -4.43948000e-02
8.37758000e-01 9.13340000e-02 8.02184000e-01 8.47265000e-01 2.49671000e+00 -4.50807000e-02
9.42478000e-01 9.26892000e-02 7.65698000e-01 8.11573000e-01 2.38884000e+00 -4.58748000e-02
1.04720000e+00 9.42313000e-02 7.29089000e-01 7.75873000e-01 2.28083000e+00 -4.67839000e-02
1.15192000e+00 9.59702000e-02 6.92960000e-01 7.40776000e-01 2.17451000e+00 -4.78164000e-02
1.25664000e+00 9.79172000e-02 6.57774000e-01 7.06755000e-01 2.07128000e+00 -4.89815000e-02
1.36136000e+00 1.00085000e-01 6.23868000e-01 6.74159000e-01 1.97219000e+00 -5.02906000e-02
1.46608000e+00 1.02489000e-01 5.91470000e-01 6.43227000e-01 1.87792000e+00 -5.17564000e-02
1.57080000e+00 1.05145000e-01 5.60715000e-01 6.14109000e-01 1.78893000e+00 -5.33940000e-02
1.67552000e+00 1.08072000e-01 5.31665000e-01 5.86886000e-01 1.70544000e+00 -5.52211000e-02
1.78024000e+00 1.11291000e-01 5.04325000e-01 5.61583000e-01 1.62749000e+00 -5.72580000e-02
1.88496000e+00 1.14826000e-01 4.78657000e-01 5.38186000e-01 1.55503000e+00 -5.95290000e-02
1.98968000e+00 1.18704000e-01 4.54592000e-01 5.16654000e-01 1.48790000e+00 -6.20622000e-02
2.09440000e+00 1.22955000e-01 4.32036000e-01 4.96927000e-01 1.42589000e+00 -6.48909000e-02
2.19911000e+00 1.27613000e-01 4.10882000e-01 4.78936000e-01 1.36875000e+00 -6.80548000e-02
2.30383000e+00 1.32716000e-01 3.91007000e-01 4.62608000e-01 1.31622000e+00 -7.16010000e-02
2.40855000e+00 1.38308000e-01 3.72283000e-01 4.47870000e-01 1.26802000e+00 -7.55862000e-02
2.51327000e+00 1.44438000e-01 3.54573000e-01 4.34652000e-01 1.22388000e+00 -8.00789000e-02
2.61799000e+00 1.51160000e-01 3.37732000e-01 4.22895000e-01 1.18352000e+00 -8.51626000e-02
2.72271000e+00 1.58538000e-01 3.21607000e-01 4.12547000e-01 1.14670000e+00 -9.09401000e-02
2.82743000e+00 1.66641000e-01 3.06033000e-01 4.03572000e-01 1.11318000e+00 -9.75390000e-02
2.93215000e+00 1.75549000e-01 2.90827000e-01 3.95946000e-01 1.08272000e+00 -1.05120000e-01
3.03687000e+00 1.85354000e-01 2.75783000e-01 3.89670000e-01 1.05512000e+00 -1.13887000e-01
3.14159000e+00 1.96157000e-01 2.60662000e-01 3.84766000e-01 1.03019000e+00 -1.24103000e-01
3.24631000e+00 2.08076000e-01 2.45173000e-01 3.81290000e-01 1.00775000e+00 -1.36117000e-01
3.35103000e+00 2.21241000e-01 2.28953000e-01 3.79344000e-01 9.87641000e-01 -1.50390000e-01
3.45575000e+00 2.35804000e-01 2.11529000e-01 3.79089000e-01 9.69706000e-01 -1.67560000e-01
3.56047000e+00 2.51933000e-01 1.92259000e-01 3.80777000e-01 9.53814000e-01 -1.88518000e-01
3.66519000e+00 2.69820000e-01 1.70241000e-01 3.84800000e-01 9.39841000e-01 -2.14559000e-01
3.76991000e+00 2.89683000e-01 1.44135000e-01 3.91770000e-01 9.27675000e-01 -2.47635000e-01
3.87463000e+00 3.11765000e-01 1.11856000e-01 4.02678000e-01 9.17211000e-01 -2.90822000e-01
3.97935000e+00 3.36339000e-01 6.99326000e-02 4.19212000e-01 9.08357000e-01 -3.49280000e-01
4.08407000e+00 3.63709000e-01 1.21074000e-02 4.44460000e-01 9.01026000e-01 -4.32352000e-01
4.18879000e+00 3.94208000e-01 -7.42130000e-02 4.84676000e-01 8.95140000e-01 -5.58889000e-01
4.29351000e+00 4.28199000e-01 -2.18753000e-01 5.54688000e-01 8.90624000e-01 -7.73442000e-01
4.39823000e+00 4.66069000e-01 -5.12632000e-01 7.00021000e-01 8.87411000e-01 -1.21265000e+00
4.50295000e+00 5.08220000e-01 -1.43656000e+00 1.16100000e+00 8.85436000e-01 -2.59755000e+00
4.60767000e+00 5.55052000e-01 2.62881000e+01 -1.27017000e+01 8.84639000e-01 3.89898000e+01
4.71239000e+00 6.06942000e-01 1.93305000e+00 -5.24046000e-01 8.84961000e-01 2.45710000e+00
4.81711000e+00 6.64201000e-01 1.17388000e+00 -1.43765000e-01 8.86346000e-01 1.31764000e+00
4.92183000e+00 7.27030000e-01 9.12651000e-01 -1.19563000e-02 8.88739000e-01 9.24607000e-01
5.02655000e+00 7.95452000e-01 7.82207000e-01 5.49372000e-02 8.92082000e-01 7.27270000e-01
5.13127000e+00 8.69223000e-01 7.05361000e-01 9.54790000e-02 8.96320000e-01 6.09882000e-01
5.23599000e+00 9.47744000e-01 6.55835000e-01 1.22779000e-01 9.01394000e-01 5.33056000e-01
5.34071000e+00 1.02996000e+00 6.22229000e-01 1.42508000e-01 9.07245000e-01 4.79721000e-01
5.44543000e+00 1.11428000e+00 5.98796000e-01 1.57506000e-01 9.13809000e-01 4.41290000e-01
5.55015000e+00 1.19856000e+00 5.82327000e-01 1.69347000e-01 9.21021000e-01 4.12981000e-01
5.65487000e+00 1.28011000e+00 5.70889000e-01 1.78960000e-01 9.28809000e-01 3.91930000e-01
5.75959000e+00 1.35589000e+00 5.63250000e-01 1.86926000e-01 9.37101000e-01 3.76324000e-01
5.86431000e+00 1.42275000e+00 5.58586000e-01 1.93615000e-01 9.45817000e-01 3.64971000e-01
5.96903000e+00 1.47778000e+00 5.56332000e-01 1.99271000e-01 9.54873000e-01 3.57061000e-01
6.07375000e+00 1.51871000e+00 5.56085000e-01 2.04049000e-01 9.64183000e-01 3.52036000e-01
6.17847000e+00 1.54415000e+00 5.57555000e-01 2.08050000e-01 9.73654000e-01 3.49505000e-01
6.28319000e+00 1.55386000e+00 5.60531000e-01 2.11331000e-01 9.83192000e-01 3.49200000e-01
6.38791000e+00 1.54863000e+00 5.64858000e-01 2.13920000e-01 9.92697000e-01 3.50938000e-01
6.49262000e+00 1.53014000e+00 5.70425000e-01 2.15822000e-01 1.00207000e+00 3.54604000e-01
6.59734000e+00 1.50066000e+00 5.77159000e-01 2.17025000e-01 1.01121000e+00 3.60134000e-01
6.70206000e+00 1.46273000e+00 5.85010000e-01 2.17501000e-01 1.02001000e+00 3.67509000e-01
6.80678000e+00 1.41887000e+00 5.93960000e-01 2.17213000e-01 1.02839000e+00 3.76747000e-01
6.91150000e+00 1.37137000e+00 6.04009000e-01 2.16113000e-01 1.03623000e+00 3.87896000e-01
7.01622000e+00 1.32218000e+00 6.15181000e-01 2.14143000e-01 1.04347000e+00 4.01038000e-01
7.12094000e+00 1.27287000e+00 6.27522000e-01 2.11243000e-01 1.05001000e+00 4.16279000e-01
7.22566000e+00 1.22464000e+00 6.41097000e-01 2.07342000e-01 1.05578000e+00 4.33755000e-01
7.33038000e+00 1.17836000e+00 6.55995000e-01 2.02368000e-01 1.06073000e+00 4.53627000e-01
7.43510000e+00 1.13459000e+00 6.72322000e-01 1.96243000e-01 1.06481000e+00 4.76079000e-01
7.53982000e+00 1.09372000e+00 6.90207000e-01 1.88885000e-01 1.06798000e+00 5.01322000e-01
7.64454000e+00 1.05593000e+00 7.09794000e-01 1.80211000e-01 1.07022000e+00 5.29583000e-01
7.74926000e+00 1.02130000e+00 7.31244000e-01 1.70139000e-01 1.07152000e+00 5.61105000e-01
7.85398000e+00 9.89814000e-01 7.54728000e-01 1.58587000e-01 1.07190000e+00 5.96141000e-01
7.95870000e+00 9.61406000e-01 7.80418000e-01 1.45480000e-01 1.07138000e+00 6.34939000e-01
8.06342000e+00 9.35969000e-01 8.08480000e-01 1.30753000e-01 1.06999000e+00 6.77726000e-01
8.16814000e+00 9.13374000e-01 8.39052000e-01 1.14361000e-01 1.06777000e+00 7.24691000e-01
8.27286000e+00 8.93484000e-01 8.72231000e-01 9.62831000e-02 1.06480000e+00 7.75948000e-01
8.37758000e+00 8.76161000e-01 9.08040000e-01 7.65420000e-02 1.06112000e+00 8.31498000e-01
8.48230000e+00 8.61268000e-01 9.46399000e-01 5.52147000e-02 1.05683000e+00 8.91185000e-01
8.58702000e+00 8.48675000e-01 9.87084000e-01 3.24523000e-02 1.05199000e+00 9.54632000e-01
8.69174000e+00 8.38261000e-01 1.02969000e+00 8.49949000e-03 1.04669000e+00 1.02119000e+00
8.79646000e+00 8.29912000e-01 1.07359000e+00 -1.62882000e-02 1.04101000e+00 1.08988000e+00
8.90118000e+00 8.23525000e-01 1.11791000e+00 -4.14319000e-02 1.03504000e+00 1.15934000e+00
9.00590000e+00 8.19004000e-01 1.16152000e+00 -6.63288000e-02 1.02887000e+00 1.22785000e+00
9.11062000e+00 8.16264000e-01 1.20310000e+00 -9.02678000e-02 1.02256000e+00 1.29337000e+00
9.21534000e+00 8.15225000e-01 1.24115000e+00 -1.12467000e-01 1.01621000e+00 1.35361000e+00
9.32006000e+00 8.15813000e-01 1.27415000e+00 -1.32132000e-01 1.00989000e+00 1.40628000e+00
9.42478000e+00 8.17959000e-01 1.30072000e+00 -1.48532000e-01 1.00366000e+00 1.44926000e+00
9.52950000e+00 8.21599000e-01 1.31975000e+00 -1.61082000e-01 9.97590000e-01 1.48084000e+00
9.63422000e+00 8.26669000e-01 1.33055000e+00 -1.69406000e-01 9.91740000e-01 1.49996000e+00
9.73894000e+00 8.33107000e-01 1.33293000e+00 -1.73384000e-01 9.86161000e-01 1.50631000e+00
9.84366000e+00 8.40850000e-01 1.32721000e+00 -1.73153000e-01 9.80901000e-01 1.50036000e+00
9.94838000e+00 8.49830000e-01 1.31416000e+00 -1.69077000e-01 9.76001000e-01 1.48323000e+00
1.00531000e+01 8.59977000e-01 1.29488000e+00 -1.61689000e-01 9.71498000e-01 1.45657000e+00
1.01578000e+01 8.71214000e-01 1.27066000e+00 -1.51618000e-01 9.67421000e-01 1.42227000e+00
1.02625000e+01 8.83456000e-01 1.24283000e+00 -1.39518000e-01 9.63797000e-01 1.38235000e+00
1.03673000e+01 8.96608000e-01 1.21268000e+00 -1.26019000e-01 9.60646000e-01 1.33870000e+00
1.04720000e+01 9.10566000e-01 1.18134000e+00 -1.11680000e-01 9.57983000e-01 1.29302000e+00
1.05767000e+01 9.25213000e-01 1.14977000e+00 -9.69737000e-02 9.55820000e-01 1.24674000e+00
1.06814000e+01 9.40417000e-01 1.11872000e+00 -8.22785000e-02 9.54164000e-01 1.20100000e+00
1.07861000e+01 9.56037000e-01 1.08878000e+00 -6.78833000e-02 9.53017000e-01 1.15667000e+00
1.08909000e+01 9.71914000e-01 1.06037000e+00 -5.39980000e-02 9.52378000e-01 1.11437000e+00
1.09956000e+01 9.87879000e-01 1.03377000e+00 -4.07665000e-02 9.52242000e-01 1.07454000e+00
1.11003000e+01 1.00375000e+00 1.00916000e+00 -2.82800000e-02 9.52600000e-01 1.03744000e+00
1.12050000e+01 1.01934000e+00 9.86619000e-01 -1.65899000e-02 9.53439000e-01 1.00321000e+00
1.13097000e+01 1.03446000e+00 9.66181000e-01 -5.71795000e-03 9.54745000e-01 9.71899000e-01
1.14145000e+01 1.04890000e+00 9.47828000e-01 4.33467000e-03 9.56497000e-01 9.43493000e-01
1.15192000e+01 1.06248000e+00 9.31512000e-01 1.35804000e-02 9.58673000e-01 9.17932000e-01
1.16239000e+01 1.07499000e+00 9.17167000e-01 2.20402000e-02 9.61247000e-01 8.95127000e-01
1.17286000e+01 1.08628000e+00 9.04712000e-01 2.97391000e-02 9.64190000e-01 8.74973000e-01
1.18333000e+01 1.09619000e+00 8.94062000e-01 3.67040000e-02 9.67470000e-01 8.57358000e-01
1.19381000e+01 1.10458000e+00 8.85130000e-01 4.29611000e-02 9.71052000e-01 8.42169000e-01
1.20428000e+01 1.11136000e+00 8.77828000e-01 4.85347000e-02 9.74897000e-01 8.29293000e-01
1.21475000e+01 1.11644000e+00 8.72072000e-01 5.34466000e-02 9.78965000e-01 8.18626000e-01
1.22522000e+01 1.11980000e+00 8.67784000e-01 5.77152000e-02 9.83214000e-01 8.10068000e-01
1.23569000e+01 1.12142000e+00 8.64886000e-01 6.13559000e-02 9.87598000e-01 8.03530000e-01
1.24617000e+01 1.12134000e+00 8.63309000e-01 6.43806000e-02 9.92070000e-01 7.98928000e-01
1.25664000e+01 1.11963000e+00 8.62985000e-01 6.67982000e-02 9.96582000e-01 7.96187000e-01
1.26711000e+01 1.11637000e+00 8.63855000e-01 6.86149000e-02 1.00108000e+00 7.95240000e-01
1.27758000e+01 1.11167000e+00 8.65859000e-01 6.98349000e-02 1.00553000e+00 7.96025000e-01
1.28805000e+01 1.10569000e+00 8.68945000e-01 7.04604000e-02 1.00987000e+00 7.98485000e-01
1.29852000e+01 1.09857000e+00 8.73061000e-01 7.04928000e-02 1.01405000e+00 8.02568000e-01
1.30900000e+01 1.09047000e+00 8.78157000e-01 6.99331000e-02 1.01802000e+00 8.08224000e-01
1.31947000e+01 1.08157000e+00 8.84186000e-01 6.87828000e-02 1.02175000e+00 8.15403000e-01
1.32994000e+01 1.07204000e+00 8.91100000e-01 6.70447000e-02 1.02519000e+00 8.24056000e-01
1.34041000e+01 1.06203000e+00 8.98851000e-01 6.47237000e-02 1.02830000e+00 8.34128000e-01
1.35088000e+01 1.05171000e+00 9.07388000e-01 6.18278000e-02 1.03104000e+00 8.45561000e-01
1.36136000e+01 1.04124000e+00 9.16658000e-01 5.83690000e-02 1.03340000e+00 8.58289000e-01
1.37183000e+01 1.03075000e+00 9.26601000e-01 5.43644000e-02 1.03533000e+00 8.72237000e-01
1.38230000e+01 1.02037000e+00 9.37153000e-01 4.98368000e-02 1.03683000e+00 8.87316000e-01
1.39277000e+01 1.01021000e+00 9.48242000e-01 4.48159000e-02 1.03787000e+00 9.03426000e-01
1.40324000e+01 1.00039000e+00 9.59785000e-01 3.93391000e-02 1.03846000e+00 9.20446000e-01
1.41372000e+01 9.90987000e-01 9.71690000e-01 3.34519000e-02 1.03859000e+00 9.38238000e-01
1.42419000e+01 9.82082000e-01 9.83855000e-01 2.72088000e-02 1.03827000e+00 9.56646000e-01
1.43466000e+01 9.73741000e-01 9.96163000e-01 2.06733000e-02 1.03751000e+00 9.75490000e-01
1.44513000e+01 9.66020000e-01 1.00849000e+00 1.39178000e-02 1.03632000e+00 9.94569000e-01
1.45560000e+01 9.58962000e-01 1.02069000e+00 7.02326000e-03 1.03473000e+00 1.01366000e+00
1.46608000e+01 9.52604000e-01 1.03261000e+00 7.83208000e-05 1.03277000e+00 1.03253000e+00
1.47655000e+01 9.46974000e-01 1.04410000e+00 -6.82214000e-03 1.03046000e+00 1.05093000e+00
1.48702000e+01 9.42091000e-01 1.05500000e+00 -1.35788000e-02 1.02784000e+00 1.06858000e+00
1.49749000e+01 9.37969000e-01 1.06514000e+00 -2.00904000e-02 1.02495000e+00 1.08523000e+00
1.50796000e+01 9.34614000e-01 1.07435000e+00 -2.62563000e-02 1.02183000e+00 1.10060000e+00
1.51844000e+01 9.32029000e-01 1.08248000e+00 -3.19796000e-02 1.01853000e+00 1.11446000e+00
1.52891000e+01 9.30209000e-01 1.08941000e+00 -3.71704000e-02 1.01507000e+00 1.12658000e+00
1.53938000e+01 9.29146000e-01 1.09501000e+00 -4.17488000e-02 1.01151000e+00 1.13676000e+00
1.54985000e+01 9.28826000e-01 1.09919000e+00 -4.56480000e-02 1.00789000e+00 1.14483000e+00
1.56032000e+01 9.29232000e-01 1.10188000e+00 -4.88162000e-02 1.00425000e+00 1.15070000e+00
1.57080000e+01 9.30344000e-01 1.10307000e+00 -5.12189000e-02 1.00063000e+00 1.15429000e+00
1.58127000e+01 9.32135000e-01 1.10275000e+00 -5.28391000e-02 9.97075000e-01 1.15559000e+00
1.59174000e+01 9.34575000e-01 1.10097000e+00 -5.36781000e-02 9.93616000e-01 1.15465000e+00
1.60221000e+01 9.37633000e-01 1.09780000e+00 -5.37539000e-02 9.90289000e-01 1.15155000e+00
1.61268000e+01 9.41269000e-01 1.09333000e+00 -5.31002000e-02 9.87128000e-01 1.14643000e+00
1.62316000e+01 9.45442000e-01 1.08769000e+00 -5.17640000e-02 9.84160000e-01 1.13945000e+00
1.63363000e+01 9.50107000e-01 1.08102000e+00 -4.98033000e-02 9.81413000e-01 1.13082000e+00
1.64410000e+01 9.55214000e-01 1.07348000e+00 -4.72836000e-02 9.78911000e-01 1.12076000e+00
1.65457000e+01 9.60710000e-01 1.06523000e+00 -4.42763000e-02 9.76675000e-01 1.10950000e+00
1.66504000e+01 9.66536000e-01 1.05643000e+00 -4.08547000e-02 9.74721000e-01 1.09729000e+00
1.67552000e+01 9.72632000e-01 1.04725000e+00 -3.70930000e-02 9.73064000e-01 1.08434000e+00
1.68599000e+01 9.78934000e-01 1.03784000e+00 -3.30633000e-02 9.71717000e-01 1.07091000e+00
1.69646000e+01 9.85374000e-01 1.02836000e+00 -2.88347000e-02 9.70686000e-01 1.05719000e+00
1.70693000e+01 9.91882000e-01 1.01892000e+00 -2.44717000e-02 9.69978000e-01 1.04339000e+00
1.71740000e+01 9.98386000e-01 1.00966000e+00 -2.00341000e-02 9.69595000e-01 1.02970000e+00
1.72788000e+01 1.00481000e+00 1.00069000e+00 -1.55757000e-02 9.69537000e-01 1.01626000e+00
1.73835000e+01 1.01109000e+00 9.92090000e-01 -1.11452000e-02 9.69799000e-01 1.00323000e+00
1.74882000e+01 1.01715000e+00 9.83948000e-01 -6.78555000e-03 9.70377000e-01 9.90733000e-01
1.75929000e+01 1.02292000e+00 9.76329000e-01 -2.53452000e-03 9.71260000e-01 9.78863000e-01
1.76976000e+01 1.02833000e+00 9.69288000e-01 1.57480000e-03 9.72437000e-01 9.67713000e-01
1.78024000e+01 1.03332000e+00 9.62867000e-01 5.51372000e-03 9.73895000e-01 9.57353000e-01
1.79071000e+01 1.03783000e+00 9.57100000e-01 9.25737000e-03 9.75615000e-01 9.47843000e-01
1.80118000e+01 1.04181000e+00 9.52011000e-01 1.27842000e-02 9.77580000e-01 9.39227000e-01
1.81165000e+01 1.04522000e+00 9.47616000e-01 1.60757000e-02 9.79767000e-01 9.31540000e-01
1.82212000e+01 1.04802000e+00 9.43922000e-01 1.91155000e-02 9.82153000e-01 9.24806000e-01
1.83260000e+01 1.05018000e+00 9.40933000e-01 2.18899000e-02 9.84712000e-01 9.19043000e-01
1.84307000e+01 1.05170000e+00 9.38645000e-01 2.43864000e-02 9.87418000e-01 9.14259000e-01
1.85354000e+01 1.05255000e+00 9.37051000e-01 2.65946000e-02 9.90240000e-01 9.10456000e-01
1.86401000e+01 1.05275000e+00 9.36138000e-01 2.85053000e-02 9.93149000e-01 9.07633000e-01
1.87448000e+01 1.05231000e+00 9.35891000e-01 3.01106000e-02 9.96112000e-01 9.05781000e-01
1.88496000e+01 1.05124000e+00 9.36291000e-01 3.14039000e-02 9.99099000e-01 9.04887000e-01
1.89543000e+01 1.04958000e+00 9.37316000e-01 3.23799000e-02 1.00208000e+00 9.04936000e-01
1.90590000e+01 1.04737000e+00 9.38940000e-01 3.30348000e-02 1.00501000e+00 9.05905000e-01
1.91637000e+01 1.04464000e+00 9.41135000e-01 3.33660000e-02 1.00787000e+00 9.07770000e-01
1.92684000e+01 1.04145000e+00 9.43873000e-01 3.33727000e-02 1.01062000e+00 9.10500000e-01
1.93732000e+01 1.03785000e+00 9.47120000e-01 3.30559000e-02 1.01323000e+00 9.14064000e-01
1.94779000e+01 1.03390000e+00 9.50840000e-01 3.24186000e-02 1.01568000e+00 9.18421000e-01
1.95826000e+01 1.02966000e+00 9.54995000e-01 3.14661000e-02 1.01793000e+00 9.23529000e-01
1.96873000e+01 1.02519000e+00 9.59546000e-01 3.02062000e-02 1.01996000e+00 9.29340000e-01
1.97920000e+01 1.02055000e+00 9.64448000e-01 2.86493000e-02 1.02175000e+00 9.35798000e-01
1.98968000e+01 1.01580000e+00 9.69654000e-01 2.68087000e-02 1.02327000e+00 9.42846000e-01
2.00015000e+01 1.01100000e+00 9.75117000e-01 2.47010000e-02 1.02452000e+00 9.50416000e-01
2.01062000e+01 1.00621000e+00 9.80784000e-01 2.23458000e-02 1.02548000e+00 9.58438000e-01
2.02109000e+01 1.00148000e+00 9.86599000e-01 1.97661000e-02 1.02613000e+00 9.66833000e-01
2.03156000e+01 9.96866000e-01 9.92506000e-01 1.69881000e-02 1.02648000e+00 9.75518000e-01
2.04204000e+01 9.92407000e-01 9.98444000e-01 1.40412000e-02 1.02653000e+00 9.84403000e-01
2.05251000e+01 9.88150000e-01 1.00435000e+00 1.09579000e-02 1.02627000e+00 9.93393000e-01
2.06298000e+01 9.84133000e-01 1.01016000e+00 7.77334000e-03 1.02571000e+00 1.00239000e+00
2.07345000e+01 9.80391000e-01 1.01581000e+00 4.52500000e-03 1.02486000e+00 1.01129000e+00
2.08392000e+01 9.76955000e-01 1.02124000e+00 1.25223000e-03 1.02375000e+00 1.01999000e+00
2.09440000e+01 9.73851000e-01 1.02638000e+00 -2.00443000e-03 1.02237000e+00 1.02838000e+00
2.10487000e+01 9.71102000e-01 1.03117000e+00 -5.20382000e-03 1.02076000e+00 1.03637000e+00
2.11534000e+01 9.68726000e-01 1.03554000e+00 -8.30502000e-03 1.01893000e+00 1.04384000e+00
2.12581000e+01 9.66736000e-01 1.03945000e+00 -1.12681000e-02 1.01691000e+00 1.05072000e+00
2.13628000e+01 9.65142000e-01 1.04284000e+00 -1.40549000e-02 1.01473000e+00 1.05689000e+00
2.14675000e+01 9.63952000e-01 1.04567000e+00 -1.66301000e-02 1.01241000e+00 1.06230000e+00
2.15723000e+01 9.63168000e-01 1.04790000e+00 -1.89615000e-02 1.00998000e+00 1.06686000e+00
2.16770000e+01 9.62789000e-01 1.04952000e+00 -2.10212000e-02 1.00747000e+00 1.07054000e+00
2.17817000e+01 9.62810000e-01 1.05049000e+00 -2.27859000e-02 1.00492000e+00 1.07327000e+00
2.18864000e+01 9.63225000e-01 1.05081000e+00 -2.42376000e-02 1.00234000e+00 1.07505000e+00
2.19911000e+01 9.64022000e-01 1.05050000e+00 -2.53634000e-02 9.99771000e-01 1.07586000e+00
2.20959000e+01 9.65187000e-01 1.04955000e+00 -2.61564000e-02 9.97240000e-01 1.07571000e+00
2.22006000e+01 9.66703000e-01 1.04800000e+00 -2.66148000e-02 9.94771000e-01 1.07462000e+00
2.23053000e+01 9.68551000e-01 1.04588000e+00 -2.67424000e-02 9.92391000e-01 1.07262000e+00
2.24100000e+01 9.70707000e-01 1.04322000e+00 -2.65479000e-02 9.90124000e-01 1.06977000e+00
2.25147000e+01 9.73145000e-01 1.04008000e+00 -2.60446000e-02 9.87992000e-01 1.06613000e+00
2.26195000e+01 9.75839000e-01 1.03652000e+00 -2.52496000e-02 9.86016000e-01 1.06176000e+00
2.27242000e+01 9.78757000e-01 1.03258000e+00 -2.41837000e-02 9.84214000e-01 1.05676000e+00
2.28289000e+01 9.81867000e-01 1.02834000e+00 -2.28700000e-02 9.82601000e-01 1.05121000e+00
2.29336000e+01 9.85135000e-01 1.02386000e+00 -2.13341000e-02 9.81194000e-01 1.04520000e+00
2.30383000e+01 9.88524000e-01 1.01921000e+00 -1.96028000e-02 9.80002000e-01 1.03881000e+00
2.31431000e+01 9.91997000e-01 1.01444000e+00 -1.77038000e-02 9.79036000e-01 1.03215000e+00
2.32478000e+01 9.95516000e-01 1.00963000e+00 -1.56652000e-02 9.78303000e-01 1.02530000e+00
2.33525000e+01 9.99042000e-01 1.00484000e+00 -1.35149000e-02 9.77808000e-01 1.01835000e+00
2.34572000e+01 1.00253000e+00 1.00011000e+00 -1.12804000e-02 9.77554000e-01 1.01139000e+00
2.35619000e+01 1.00596000e+00 9.95517000e-01 -8.98826000e-03 9.77540000e-01 1.00450000e+00
2.36667000e+01 1.00927000e+00 9.91094000e-01 -6.66409000e-03 9.77765000e-01 9.97758000e-01
2.37714000e+01 1.01243000e+00 9.86890000e-01 -4.33222000e-03 9.78225000e-01 9.91222000e-01
2.38761000e+01 1.01541000e+00 9.82945000e-01 -2.01567000e-03 9.78914000e-01 9.84961000e-01
2.39808000e+01 1.01818000e+00 9.79294000e-01 2.63962000e-04 9.79822000e-01 9.79030000e-01
2.40855000e+01 1.02070000e+00 9.75966000e-01 2.48650000e-03 9.80939000e-01 9.73479000e-01
2.41903000e+01 1.02294000e+00 9.72985000e-01 4.63322000e-03 9.82252000e-01 9.68352000e-01
2.42950000e+01 1.02489000e+00 9.70374000e-01 6.68680000e-03 9.83747000e-01 9.63687000e-01
2.43997000e+01 1.02652000e+00 9.68146000e-01 8.63127000e-03 9.85408000e-01 9.59514000e-01
2.45044000e+01 1.02782000e+00 9.66312000e-01 1.04520000e-02 9.87217000e-01 9.55860000e-01
2.46091000e+01 1.02878000e+00 9.64882000e-01 1.21358000e-02 9.89153000e-01 9.52746000e-01
2.47139000e+01 1.02938000e+00 9.63856000e-01 1.36704000e-02 9.91197000e-01 9.50186000e-01
2.48186000e+01 1.02963000e+00 9.63235000e-01 1.50451000e-02 9.93326000e-01 9.48190000e-01
2.49233000e+01 1.02953000e+00 9.63016000e-01 1.62504000e-02 9.95517000e-01 9.46765000e-01
2.50280000e+01 1.02909000e+00 9.63190000e-01 1.72778000e-02 9.97746000e-01 9.45912000e-01
2.51327000e+01 1.02831000e+00 9.63748000e-01 1.81204000e-02 9.99989000e-01 9.45628000e-01
2.52375000e+01 1.02722000e+00 9.64676000e-01 1.87723000e-02 1.00222000e+00 9.45904000e-01
2.53422000e+01 1.02583000e+00 9.65960000e-01 1.92291000e-02 1.00442000e+00 9.46731000e-01
2.54469000e+01 1.02417000e+00 9.67579000e-01 1.94878000e-02 1.00655000e+00 9.48092000e-01
2.55516000e+01 1.02226000e+00 9.69515000e-01 1.95469000e-02 1.00861000e+00 9.49968000e-01
2.56563000e+01 1.02013000e+00 9.71742000e-01 1.94065000e-02 1.01056000e+00 9.52336000e-01
2.57611000e+01 1.01781000e+00 9.74237000e-01 1.90684000e-02 1.01237000e+00 9.55169000e-01
2.58658000e+01 1.01532000e+00 9.76972000e-01 1.85359000e-02 1.01404000e+00 9.58436000e-01
2.59705000e+01 1.01272000e+00 9.79918000e-01 1.78144000e-02 1.01555000e+00 9.62104000e-01
2.60752000e+01 1.01002000e+00 9.83043000e-01 1.69110000e-02 1.01687000e+00 9.66132000e-01
2.61799000e+01 1.00726000e+00 9.86316000e-01 1.58349000e-02 1.01799000e+00 9.70481000e-01
2.62847000e+01 1.00447000e+00 9.89702000e-01 1.45969000e-02 1.01890000e+00 9.75105000e-01
2.63894000e+01 1.00168000e+00 9.93166000e-01 1.32101000e-02 1.01959000e+00 9.79956000e-01
2.64941000e+01 9.98933000e-01 9.96671000e-01 1.16891000e-02 1.02005000e+00 9.84982000e-01
2.65988000e+01 9.96248000e-01 1.00018000e+00 1.00506000e-02 1.02028000e+00 9.90131000e-01
2.67035000e+01 9.93657000e-01 1.00366000e+00 8.31272000e-03 1.02028000e+00 9.95346000e-01
2.68083000e+01 9.91185000e-01 1.00706000e+00 6.49517000e-03 1.02006000e+00 1.00057000e+00
2.69130000e+01 9.88856000e-01 1.01036000e+00 4.61888000e-03 1.01960000e+00 1.00575000e+00
2.70177000e+01 9.86692000e-01 1.01352000e+00 2.70578000e-03 1.01893000e+00 1.01081000e+00
2.71224000e+01 9.84712000e-01 1.01649000e+00 7.78544000e-04 1.01805000e+00 1.01572000e+00
2.72271000e+01 9.82935000e-01 1.01926000e+00 -1.13981000e-03 1.01698000e+00 1.02040000e+00
2.73319000e+01 9.81373000e-01 1.02177000e+00 -3.02621000e-03 1.01572000e+00 1.02480000e+00
2.74366000e+01 9.80040000e-01 1.02401000e+00 -4.85795000e-03 1.01430000e+00 1.02887000e+00
2.75413000e+01 9.78945000e-01 1.02596000e+00 -6.61301000e-03 1.01273000e+00 1.03257000e+00
2.76460000e+01 9.78096000e-01 1.02758000e+00 -8.27049000e-03 1.01104000e+00 1.03585000e+00
2.77507000e+01 9.77496000e-01 1.02886000e+00 -9.81092000e-03 1.00923000e+00 1.03867000e+00
2.78555000e+01 9.77149000e-01 1.02978000e+00 -1.12166000e-02 1.00735000e+00 1.04100000e+00
2.79602000e+01 9.77053000e-01 1.03034000e+00 -1.24720000e-02 1.00540000e+00 1.04282000e+00
2.80649000e+01 9.77207000e-01 1.03054000e+00 -1.35637000e-02 1.00341000e+00 1.04410000e+00
2.81696000e+01 9.77604000e-01 1.03037000e+00 -1.44810000e-02 1.00141000e+00 1.04485000e+00
2.82743000e+01 9.78238000e-01 1.02984000e+00 -1.52157000e-02 9.99408000e-01 1.04505000e+00
2.83791000e+01 9.79100000e-01 1.02896000e+00 -1.57625000e-02 9.97434000e-01 1.04472000e+00
2.84838000e+01 9.80177000e-01 1.02775000e+00 -1.61184000e-02 9.95509000e-01 1.04386000e+00
2.85885000e+01 9.81456000e-01 1.02622000e+00 -1.62836000e-02 9.93652000e-01 1.04250000e+00
2.86932000e+01 9.82921000e-01 1.02440000e+00 -1.62605000e-02 9.91882000e-01 1.04066000e+00
2.87979000e+01 9.84555000e-01 1.02232000e+00 -1.60540000e-02 9.90217000e-01 1.03838000e+00
2.89027000e+01 9.86340000e-01 1.02002000e+00 -1.56712000e-02 9.88674000e-01 1.03569000e+00
2.90074000e+01 9.88255000e-01 1.01751000e+00 -1.51211000e-02 9.87267000e-01 1.03263000e+00
2.91121000e+01 9.90277000e-01 1.01484000e+00 -1.44146000e-02 9.86010000e-01 1.02925000e+00
2.92168000e+01 9.92386000e-01 1.01204000e+00 -1.35639000e-02 9.84914000e-01 1.02561000e+00
2.93215000e+01 9.94556000e-01 1.00915000e+00 -1.25825000e-02 9.83990000e-01 1.02174000e+00
2.94263000e+01 9.96764000e-01 1.00621000e+00 -1.14848000e-02 9.83245000e-01 1.01770000e+00
2.95310000e+01 9.98985000e-01 1.00326000e+00 -1.02859000e-02 9.82685000e-01 1.01354000e+00
2.96357000e+01 1.00119000e+00 1.00032000e+00 -9.00122000e-03 9.82315000e-01 1.00932000e+00
2.97404000e+01 1.00337000e+00 9.97430000e-01 -7.64667000e-03 9.82136000e-01 1.00508000e+00
2.98451000e+01 1.00548000e+00 9.94626000e-01 -6.23808000e-03 9.82150000e-01 1.00086000e+00
2.99498000e+01 1.00751000e+00 9.91938000e-01 -4.79117000e-03 9.82355000e-01 9.96729000e-01
3.00546000e+01 1.00943000e+00 9.89391000e-01 -3.32145000e-03 9.82748000e-01 9.92712000e-01
3.01593000e+01 1.01122000e+00 9.87011000e-01 -1.84404000e-03 9.83323000e-01 9.88855000e-01
3.02640000e+01 1.01287000e+00 9.84821000e-01 -3.73595000e-04 9.84074000e-01 9.85194000e-01
3.03687000e+01 1.01435000e+00 9.82840000e-01 1.07577000e-03 9.84991000e-01 9.81764000e-01
3.04734000e+01 1.01565000e+00 9.81085000e-01 2.49055000e-03 9.86066000e-01 9.78594000e-01
3.05782000e+01 1.01676000e+00 9.79569000e-01 3.85793000e-03 9.87285000e-01 9.75711000e-01
3.06829000e+01 1.01766000e+00 9.78304000e-01 5.16577000e-03 9.88636000e-01 9.73138000e-01
3.07876000e+01 1.01835000e+00 9.77298000e-01 6.40272000e-03 9.90103000e-01 9.70895000e-01
3.08923000e+01 1.01882000e+00 9.76556000e-01 7.55818000e-03 9.91672000e-01 9.68998000e-01
3.09970000e+01 1.01907000e+00 9.76080000e-01 8.62239000e-03 9.93325000e-01 9.67458000e-01
3.11018000e+01 1.01909000e+00 9.75871000e-01 9.58643000e-03 9.95044000e-01 9.66285000e-01
3.12065000e+01 1.01890000e+00 9.75926000e-01 1.04423000e-02 9.96811000e-01 9.65484000e-01
3.13112000e+01 1.01849000e+00 9.76240000e-01 1.11828000e-02 9.98605000e-01 9.65057000e-01
3.14159000e+01 1.01787000e+00 9.76805000e-01 1.18019000e-02 1.00041000e+00 9.65003000e-01
3.15206000e+01 1.01706000e+00 9.77611000e-01 1.22945000e-02 1.00220000e+00 9.65317000e-01
3.16254000e+01 1.01606000e+00 9.78648000e-01 1.26565000e-02 1.00396000e+00 9.65992000e-01
3.17301000e+01 1.01489000e+00 9.79902000e-01 1.28850000e-02 1.00567000e+00 9.67016000e-01
3.18348000e+01 1.01358000e+00 9.81356000e-01 1.29782000e-02 1.00731000e+00 9.68378000e-01
3.19395000e+01 1.01212000e+00 9.82994000e-01 1.29356000e-02 1.00887000e+00 9.70058000e-01
3.20442000e+01 1.01055000e+00 9.84797000e-01 1.27579000e-02 1.01031000e+00 9.72039000e-01
3.21490000e+01 1.00889000e+00 9.86744000e-01 1.24471000e-02 1.01164000e+00 9.74297000e-01
3.22537000e+01 1.00715000e+00 9.88816000e-01 1.20065000e-02 1.01283000e+00 9.76809000e-01
3.23584000e+01 1.00535000e+00 9.90987000e-01 1.14408000e-02 1.01387000e+00 9.79547000e-01
3.24631000e+01 1.00352000e+00 9.93237000e-01 1.07560000e-02 1.01475000e+00 9.82481000e-01
3.25678000e+01 1.00168000e+00 9.95539000e-01 9.95959000e-03 1.01546000e+00 9.85579000e-01
3.26726000e+01 9.99848000e-01 9.97870000e-01 9.06013000e-03 1.01599000e+00 9.88810000e-01
3.27773000e+01 9.98045000e-01 1.00020000e+00 8.06752000e-03 1.01634000e+00 9.92136000e-01
3.28820000e+01 9.96291000e-01 1.00252000e+00 6.99284000e-03 1.01650000e+00 9.95523000e-01
3.29867000e+01 9.94604000e-01 1.00478000e+00 5.84820000e-03 1.01648000e+00 9.98933000e-01
3.30914000e+01 9.93001000e-01 1.00697000e+00 4.64662000e-03 1.01627000e+00 1.00233000e+00
3.31962000e+01 9.91498000e-01 1.00907000e+00 3.40194000e-03 1.01588000e+00 1.00567000e+00
3.33009000e+01 9.90110000e-01 1.01105000e+00 2.12858000e-03 1.01531000e+00 1.00892000e+00
3.34056000e+01 9.88850000e-01 1.01289000e+00 8.41385000e-04 1.01457000e+00 1.01205000e+00
3.35103000e+01 9.87730000e-01 1.01457000e+00 -4.44586000e-04 1.01368000e+00 1.01501000e+00
3.36150000e+01 9.86759000e-01 1.01607000e+00 -1.71427000e-03 1.01264000e+00 1.01778000e+00
3.37198000e+01 9.85946000e-01 1.01737000e+00 -2.95284000e-03 1.01147000e+00 1.02032000e+00
3.38245000e+01 9.85297000e-01 1.01847000e+00 -4.14588000e-03 1.01017000e+00 1.02261000e+00
3.39292000e+01 9.84817000e-01 1.01934000e+00 -5.27967000e-03 1.00878000e+00 1.02462000e+00
3.40339000e+01 9.84509000e-01 1.01998000e+00 -6.34133000e-03 1.00730000e+00 1.02632000e+00
3.41386000e+01 9.84373000e-01 1.02038000e+00 -7.31903000e-03 1.00574000e+00 1.02770000e+00
3.42434000e+01 9.84409000e-01 1.02055000e+00 -8.20217000e-03 1.00414000e+00 1.02875000e+00
3.43481000e+01 9.84615000e-01 1.02047000e+00 -8.98153000e-03 1.00251000e+00 1.02945000e+00
3.44528000e+01 9.84986000e-01 1.02016000e+00 -9.64935000e-03 1.00086000e+00 1.02981000e+00
3.45575000e+01 9.85517000e-01 1.01961000e+00 -1.01995000e-02 9.99215000e-01 1.02981000e+00
3.46622000e+01 9.86202000e-01 1.01885000e+00 -1.06273000e-02 9.97593000e-01 1.02947000e+00
3.47670000e+01 9.87030000e-01 1.01787000e+00 -1.09299000e-02 9.96010000e-01 1.02880000e+00
3.48717000e+01 9.87992000e-01 1.01670000e+00 -1.11061000e-02 9.94484000e-01 1.02780000e+00
3.49764000e+01 9.89076000e-01 1.01534000e+00 -1.11561000e-02 9.93030000e-01 1.02650000e+00
3.50811000e+01 9.90270000e-01 1.01383000e+00 -1.10817000e-02 9.91663000e-01 1.02491000e+00
3.51858000e+01 9.91560000e-01 1.01217000e+00 -1.08864000e-02 9.90396000e-01 1.02306000e+00
3.52906000e+01 9.92931000e-01 1.01039000e+00 -1.05747000e-02 9.89244000e-01 1.02097000e+00
3.53953000e+01 9.94368000e-01 1.00852000e+00 -1.01525000e-02 9.88215000e-01 1.01867000e+00
3.55000000e+01 9.95855000e-01 1.00657000e+00 -9.62660000e-03 9.87322000e-01 1.01620000e+00
3.56047000e+01 9.97374000e-01 1.00458000e+00 -9.00502000e-03 9.86571000e-01 1.01359000e+00
3.57094000e+01 9.98908000e-01 1.00256000e+00 -8.29639000e-03 9.85969000e-01 1.01086000e+00
3.58142000e+01 1.00044000e+00 1.00054000e+00 -7.51005000e-03 9.85522000e-01 1.00805000e+00
3.59189000e+01 1.00196000e+00 9.98546000e-01 -6.65589000e-03 9.85234000e-01 1.00520000e+00
3.60236000e+01 1.00344000e+00 9.96594000e-01 -5.74417000e-03 9.85106000e-01 1.00234000e+00
3.61283000e+01 1.00486000e+00 9.94710000e-01 -4.78543000e-03 9.85139000e-01 9.99495000e-01
3.62330000e+01 1.00622000e+00 9.92912000e-01 -3.79037000e-03 9.85331000e-01 9.96702000e-01
3.63378000e+01 1.00750000e+00 9.91220000e-01 -2.76975000e-03 9.85680000e-01 9.93990000e-01
3.64425000e+01 1.00868000e+00 9.89651000e-01 -1.73429000e-03 9.86182000e-01 9.91385000e-01
3.65472000e+01 1.00975000e+00 9.88219000e-01 -6.94564000e-04 9.86830000e-01 9.88914000e-01
3.66519000e+01 1.01071000e+00 9.86939000e-01 3.39038000e-04 9.87617000e-01 9.86600000e-01
3.67566000e+01 1.01153000e+00 9.85822000e-01 1.35641000e-03 9.88535000e-01 9.84466000e-01
3.68614000e+01 1.01221000e+00 9.84878000e-01 2.34778000e-03 9.89573000e-01 9.82530000e-01
3.69661000e+01 1.01274000e+00 9.84113000e-01 3.30378000e-03 9.90720000e-01 9.80809000e-01
3.70708000e+01 1.01313000e+00 9.83533000e-01 4.21547000e-03 9.91964000e-01 9.79318000e-01
3.71755000e+01 1.01336000e+00 9.83142000e-01 5.07444000e-03 9.93291000e-01 9.78068000e-01
3.72802000e+01 1.01344000e+00 9.82941000e-01 5.87279000e-03 9.94687000e-01 9.77068000e-01
3.73850000e+01 1.01336000e+00 9.82929000e-01 6.60326000e-03 9.96136000e-01 9.76326000e-01
3.74897000e+01 1.01313000e+00 9.83104000e-01 7.25920000e-03 9.97623000e-01 9.75845000e-01
3.75944000e+01 1.01276000e+00 9.83462000e-01 7.83465000e-03 9.99131000e-01 9.75627000e-01
3.76991000e+01 1.01224000e+00 9.83996000e-01 8.32439000e-03 1.00064000e+00 9.75671000e-01
3.78038000e+01 1.01159000e+00 9.84698000e-01 8.72398000e-03 1.00215000e+00 9.75974000e-01
3.79086000e+01 1.01082000e+00 9.85560000e-01 9.02981000e-03 1.00362000e+00 9.76530000e-01
3.80133000e+01 1.00993000e+00 9.86571000e-01 9.23912000e-03 1.00505000e+00 9.77331000e-01
3.81180000e+01 1.00894000e+00 9.87717000e-01 9.35006000e-03 1.00642000e+00 9.78367000e-01
3.82227000e+01 1.00786000e+00 9.88987000e-01 9.36173000e-03 1.00771000e+00 9.79625000e-01
3.83274000e+01 1.00671000e+00 9.90364000e-01 9.27421000e-03 1.00891000e+00 9.81090000e-01
3.84322000e+01 1.00549000e+00 9.91835000e-01 9.08856000e-03 1.01001000e+00 9.82746000e-01
3.85369000e+01 1.00423000e+00 9.93381000e-01 8.80685000e-03 1.01100000e+00 9.84575000e-01
3.86416000e+01 1.00293000e+00 9.94987000e-01 8.43220000e-03 1.01185000e+00 9.86555000e-01
3.87463000e+01 1.00162000e+00 9.96635000e-01 7.96872000e-03 1.01257000e+00 9.88666000e-01
3.88510000e+01 1.00031000e+00 9.98306000e-01 7.42149000e-03 1.01315000e+00 9.90885000e-01
3.89557000e+01 9.99006000e-01 9.99983000e-01 6.79660000e-03 1.01358000e+00 9.93186000e-01
3.90605000e+01 9.97731000e-01 1.00165000e+00 6.10102000e-03 1.01385000e+00 9.95545000e-01
3.91652000e+01 9.96496000e-01 1.00328000e+00 5.34256000e-03 1.01396000e+00 9.97936000e-01
3.92699000e+01 9.95314000e-01 1.00486000e+00 4.52984000e-03 1.01392000e+00 1.00033000e+00
3.93746000e+01 9.94199000e-01 1.00638000e+00 3.67210000e-03 1.01373000e+00 1.00271000e+00
3.94793000e+01 9.93160000e-01 1.00782000e+00 2.77919000e-03 1.01337000e+00 1.00504000e+00
3.95841000e+01 9.92209000e-01 1.00915000e+00 1.86139000e-03 1.01288000e+00 1.00729000e+00
3.96888000e+01 9.91354000e-01 1.01038000e+00 9.29296000e-04 1.01224000e+00 1.00945000e+00
3.97935000e+01 9.90605000e-01 1.01148000e+00 -6.32823000e-06 1.01146000e+00 1.01148000e+00
3.98982000e+01 9.89966000e-01 1.01244000e+00 -9.34685000e-04 1.01057000e+00 1.01337000e+00
4.00029000e+01 9.89445000e-01 1.01325000e+00 -1.84510000e-03 1.00956000e+00 1.01510000e+00
4.01077000e+01 9.89045000e-01 1.01391000e+00 -2.72717000e-03 1.00845000e+00 1.01663000e+00
4.02124000e+01 9.88770000e-01 1.01440000e+00 -3.57089000e-03 1.00726000e+00 1.01797000e+00
4.03171000e+01 9.88621000e-01 1.01472000e+00 -4.36685000e-03 1.00599000e+00 1.01909000e+00
4.04218000e+01 9.88598000e-01 1.01488000e+00 -5.10626000e-03 1.00467000e+00 1.01998000e+00
4.05265000e+01 9.88700000e-01 1.01486000e+00 -5.78119000e-03 1.00330000e+00 1.02064000e+00
4.06313000e+01 9.88926000e-01 1.01467000e+00 -6.38455000e-03 1.00190000e+00 1.02106000e+00
4.07360000e+01 9.89271000e-01 1.01432000e+00 -6.91027000e-03 1.00050000e+00 1.02123000e+00
4.08407000e+01 9.89731000e-01 1.01380000e+00 -7.35330000e-03 9.99096000e-01 1.02116000e+00
4.09454000e+01 9.90300000e-01 1.01313000e+00 -7.70971000e-03 9.97714000e-01 1.02084000e+00
4.10501000e+01 9.90971000e-01 1.01232000e+00 -7.97664000e-03 9.96366000e-01 1.02030000e+00
4.11549000e+01 9.91736000e-01 1.01137000e+00 -8.15240000e-03 9.95068000e-01 1.01952000e+00
4.12596000e+01 9.92586000e-01 1.01030000e+00 -8.23639000e-03 9.93831000e-01 1.01854000e+00
4.13643000e+01 9.93511000e-01 1.00913000e+00 -8.22909000e-03 9.92670000e-01 1.01736000e+00
4.14690000e+01 9.94500000e-01 1.00786000e+00 -8.13206000e-03 9.91596000e-01 1.01599000e+00
4.15737000e+01 9.95542000e-01 1.00652000e+00 -7.94779000e-03 9.90620000e-01 1.01446000e+00
4.16785000e+01 9.96626000e-01 1.00511000e+00 -7.67974000e-03 9.89751000e-01 1.01279000e+00
4.17832000e+01 9.97738000e-01 1.00366000e+00 -7.33219000e-03 9.88998000e-01 1.01099000e+00
4.18879000e+01 9.98868000e-01 1.00219000e+00 -6.91018000e-03 9.88369000e-01 1.00910000e+00
4.19926000e+01 1.00000000e+00 1.00071000e+00 -6.41943000e-03 9.87868000e-01 1.00713000e+00
4.20973000e+01 1.00113000e+00 9.99234000e-01 -5.86625000e-03 9.87501000e-01 1.00510000e+00
4.22021000e+01 1.00223000e+00 9.97786000e-01 -5.25745000e-03 9.87271000e-01 1.00304000e+00
4.23068000e+01 1.00330000e+00 9.96379000e-01 -4.60023000e-03 9.87179000e-01 1.00098000e+00
4.24115000e+01 1.00433000e+00 9.95030000e-01 -3.90215000e-03 9.87225000e-01 9.98932000e-01
4.25162000e+01 1.00529000e+00 9.93752000e-01 -3.17098000e-03 9.87410000e-01 9.96923000e-01
4.26209000e+01 1.00619000e+00 9.92558000e-01 -2.41465000e-03 9.87729000e-01 9.94973000e-01
4.27257000e+01 1.00702000e+00 9.91462000e-01 -1.64120000e-03 9.88179000e-01 9.93103000e-01
4.28304000e+01 1.00776000e+00 9.90473000e-01 -8.58680000e-04 9.88756000e-01 9.91332000e-01
4.29351000e+01 1.00840000e+00 9.89602000e-01 -7.50749000e-05 9.89452000e-01 9.89677000e-01
4.30398000e+01 1.00895000e+00 9.88856000e-01 7.01729000e-04 9.90260000e-01 9.88155000e-01
4.31445000e+01 1.00938000e+00 9.88243000e-01 1.46402000e-03 9.91171000e-01 9.86779000e-01
4.32493000e+01 1.00971000e+00 9.87766000e-01 2.20432000e-03 9.92175000e-01 9.85562000e-01
4.33540000e+01 1.00993000e+00 9.87430000e-01 2.91541000e-03 9.93261000e-01 9.84514000e-01
4.34587000e+01 1.01003000e+00 9.87236000e-01 3.59043000e-03 9.94417000e-01 9.83646000e-01
4.35634000e+01 1.01002000e+00 9.87186000e-01 4.22289000e-03 9.95631000e-01 9.82963000e-01
4.36681000e+01 1.00989000e+00 9.87277000e-01 4.80672000e-03 9.96890000e-01 9.82470000e-01
4.37729000e+01 1.00965000e+00 9.87507000e-01 5.33634000e-03 9.98180000e-01 9.82171000e-01
4.38776000e+01 1.00931000e+00 9.87873000e-01 5.80668000e-03 9.99487000e-01 9.82066000e-01
4.39823000e+01 1.00886000e+00 9.88369000e-01 6.21324000e-03 1.00080000e+00 9.82156000e-01
4.40870000e+01 1.00832000e+00 9.88988000e-01 6.55212000e-03 1.00209000e+00 9.82436000e-01
4.41917000e+01 1.00769000e+00 9.89723000e-01 6.82008000e-03 1.00336000e+00 9.82903000e-01
4.42965000e+01 1.00697000e+00 9.90564000e-01 7.01454000e-03 1.00459000e+00 9.83550000e-01
4.44012000e+01 1.00619000e+00 9.91502000e-01 7.13368000e-03 1.00577000e+00 9.84368000e-01
4.45059000e+01 1.00534000e+00 9.92526000e-01 7.17639000e-03 1.00688000e+00 9.85349000e-01
4.46106000e+01 1.00445000e+00 9.93623000e-01 7.14236000e-03 1.00791000e+00 9.86481000e-01
4.47153000e+01 1.00351000e+00 9.94782000e-01 7.03205000e-03 1.00885000e+00 9.87750000e-01
4.48201000e+01 1.00254000e+00 9.95990000e-01 6.84674000e-03 1.00968000e+00 9.89143000e-01
4.49248000e+01 1.00155000e+00 9.97233000e-01 6.58850000e-03 1.01041000e+00 9.90644000e-01
4.50295000e+01 1.00056000e+00 9.98497000e-01 6.26023000e-03 1.01102000e+00 9.92237000e-01
4.51342000e+01 9.99568000e-01 9.99769000e-01 5.86557000e-03 1.01150000e+00 9.93903000e-01
4.52389000e+01 9.98592000e-01 1.00103000e+00 5.40896000e-03 1.01185000e+00 9.95625000e-01
4.53437000e+01 9.97641000e-01 1.00228000e+00 4.89552000e-03 1.01207000e+00 9.97383000e-01
4.54484000e+01 9.96726000e-01 1.00349000e+00 4.33105000e-03 1.01215000e+00 9.99158000e-01
4.55531000e+01 9.95857000e-01 1.00465000e+00 3.72196000e-03 1.01210000e+00 1.00093000e+00
4.56578000e+01 9.95042000e-01 1.00576000e+00 3.07520000e-03 1.01191000e+00 1.00268000e+00
4.57625000e+01 9.94289000e-01 1.00679000e+00 2.39817000e-03 1.01159000e+00 1.00439000e+00
4.58673000e+01 9.93607000e-01 1.00774000e+00 1.69860000e-03 1.01114000e+00 1.00604000e+00
4.59720000e+01 9.93002000e-01 1.00859000e+00 9.84546000e-04 1.01056000e+00 1.00761000e+00
4.60767000e+01 9.92480000e-01 1.00935000e+00 2.64173000e-04 1.00988000e+00 1.00908000e+00
4.61814000e+01 9.92046000e-01 1.00999000e+00 -4.54273000e-04 1.00908000e+00 1.01045000e+00
4.62861000e+01 9.91703000e-01 1.01052000e+00 -1.16261000e-03 1.00819000e+00 1.01168000e+00
4.63909000e+01 9.91455000e-01 1.01092000e+00 -1.85281000e-03 1.00722000e+00 1.01278000e+00
4.64956000e+01 9.91303000e-01 1.01120000e+00 -2.51714000e-03 1.00617000e+00 1.01372000e+00
4.66003000e+01 9.91248000e-01 1.01135000e+00 -3.14821000e-03 1.00505000e+00 1.01450000e+00
4.67050000e+01 9.91290000e-01 1.01137000e+00 -3.73910000e-03 1.00389000e+00 1.01511000e+00
4.68097000e+01 9.91428000e-01 1.01126000e+00 -4.28347000e-03 1.00269000e+00 1.01554000e+00
4.69145000e+01 9.91659000e-01 1.01102000e+00 -4.77558000e-03 1.00147000e+00 1.01580000e+00
4.70192000e+01 9.91980000e-01 1.01066000e+00 -5.21041000e-03 1.00024000e+00 1.01587000e+00
4.71239000e+01 9.92388000e-01 1.01018000e+00 -5.58367000e-03 9.99012000e-01 1.01576000e+00
4.72286000e+01 9.92876000e-01 1.00959000e+00 -5.89188000e-03 9.97804000e-01 1.01548000e+00
4.73333000e+01 9.93440000e-01 1.00889000e+00 -6.13235000e-03 9.96627000e-01 1.01502000e+00
4.74380000e+01 9.94072000e-01 1.00810000e+00 -6.30324000e-03 9.95494000e-01 1.01440000e+00
4.75428000e+01 9.94766000e-01 1.00722000e+00 -6.40354000e-03 9.94417000e-01 1.01363000e+00
4.76475000e+01 9.95512000e-01 1.00627000e+00 -6.43307000e-03 9.93406000e-01 1.01271000e+00
4.77522000e+01 9.96304000e-01 1.00526000e+00 -6.39242000e-03 9.92472000e-01 1.01165000e+00
4.78569000e+01 9.97131000e-01 1.00419000e+00 -6.28298000e-03 9.91626000e-01 1.01047000e+00
4.79616000e+01 9.97984000e-01 1.00309000e+00 -6.10686000e-03 9.90874000e-01 1.00919000e+00
4.80664000e+01 9.98854000e-01 1.00196000e+00 -5.86684000e-03 9.90225000e-01 1.00783000e+00
4.81711000e+01 9.99732000e-01 1.00082000e+00 -5.56637000e-03 9.89685000e-01 1.00638000e+00
4.82758000e+01 1.00061000e+00 9.99678000e-01 -5.20942000e-03 9.89259000e-01 1.00489000e+00
4.83805000e+01 1.00147000e+00 9.98553000e-01 -4.80051000e-03 9.88952000e-01 1.00335000e+00
4.84852000e+01 1.00231000e+00 9.97454000e-01 -4.34461000e-03 9.88765000e-01 1.00180000e+00
4.85900000e+01 1.00312000e+00 9.96394000e-01 -3.84705000e-03 9.88700000e-01 1.00024000e+00
4.86947000e+01 1.00388000e+00 9.95385000e-01 -3.31352000e-03 9.88758000e-01 9.98698000e-01
4.87994000e+01 1.00460000e+00 9.94436000e-01 -2.74994000e-03 9.88937000e-01 9.97186000e-01
4.89041000e+01 1.00526000e+00 9.93559000e-01 -2.16247000e-03 9.89235000e-01 9.95722000e-01
4.90088000e+01 1.00586000e+00 9.92763000e-01 -1.55737000e-03 9.89648000e-01 9.94320000e-01
4.91136000e+01 1.00639000e+00 9.92054000e-01 -9.41006000e-04 9.90172000e-01 9.92995000e-01
4.92183000e+01 1.00684000e+00 9.91441000e-01 -3.19774000e-04 9.90801000e-01 9.91761000e-01
4.93230000e+01 1.00722000e+00 9.90929000e-01 2.99967000e-04 9.91529000e-01 9.90629000e-01
4.94277000e+01 1.00750000e+00 9.90522000e-01 9.11933000e-04 9.92346000e-01 9.89610000e-01
4.95324000e+01 1.00770000e+00 9.90224000e-01 1.50997000e-03 9.93244000e-01 9.88714000e-01
4.96372000e+01 1.00782000e+00 9.90038000e-01 2.08810000e-03 9.94214000e-01 9.87950000e-01
4.97419000e+01 1.00784000e+00 9.89964000e-01 2.64058000e-03 9.95245000e-01 9.87323000e-01
4.98466000e+01 1.00777000e+00 9.90002000e-01 3.16194000e-03 9.96325000e-01 9.86840000e-01
4.99513000e+01 1.00762000e+00 9.90150000e-01 3.64700000e-03 9.97444000e-01 9.86503000e-01
5.00560000e+01 1.00738000e+00 9.90406000e-01 4.09098000e-03 9.98588000e-01 9.86315000e-01
5.01608000e+01 1.00706000e+00 9.90766000e-01 4.48949000e-03 9.99745000e-01 9.86277000e-01
5.02655000e+01 1.00667000e+00 9.91225000e-01 4.83858000e-03 1.00090000e+00 9.86387000e-01
5.03702000e+01 1.00620000e+00 9.91778000e-01 5.13477000e-03 1.00205000e+00 9.86644000e-01
5.04749000e+01 1.00567000e+00 9.92418000e-01 5.37514000e-03 1.00317000e+00 9.87043000e-01
5.05796000e+01 1.00507000e+00 9.93137000e-01 5.55729000e-03 1.00425000e+00 9.87580000e-01
5.06844000e+01 1.00443000e+00 9.93926000e-01 5.67941000e-03 1.00528000e+00 9.88247000e-01
5.07891000e+01 1.00374000e+00 9.94777000e-01 5.74031000e-03 1.00626000e+00 9.89037000e-01
5.08938000e+01 1.00301000e+00 9.95680000e-01 5.73943000e-03 1.00716000e+00 9.89940000e-01
5.09985000e+01 1.00226000e+00 9.96624000e-01 5.67686000e-03 1.00798000e+00 9.90947000e-01
5.11032000e+01 1.00148000e+00 9.97599000e-01 5.55334000e-03 1.00871000e+00 9.92046000e-01
5.12080000e+01 1.00070000e+00 9.98595000e-01 5.37028000e-03 1.00934000e+00 9.93224000e-01
5.13127000e+01 9.99918000e-01 9.99599000e-01 5.12974000e-03 1.00986000e+00 9.94469000e-01
5.14174000e+01 9.99142000e-01 1.00060000e+00 4.83442000e-03 1.01027000e+00 9.95767000e-01
5.15221000e+01 9.98382000e-01 1.00159000e+00 4.48765000e-03 1.01057000e+00 9.97103000e-01
5.16268000e+01 9.97646000e-01 1.00256000e+00 4.09333000e-03 1.01074000e+00 9.98463000e-01
5.17316000e+01 9.96943000e-01 1.00349000e+00 3.65595000e-03 1.01080000e+00 9.99831000e-01
5.18363000e+01 9.96280000e-01 1.00437000e+00 3.18045000e-03 1.01073000e+00 1.00119000e+00
5.19410000e+01 9.95663000e-01 1.00521000e+00 2.67227000e-03 1.01055000e+00 1.00253000e+00
5.20457000e+01 9.95099000e-01 1.00597000e+00 2.13719000e-03 1.01025000e+00 1.00384000e+00
5.21504000e+01 9.94595000e-01 1.00667000e+00 1.58133000e-03 1.00983000e+00 1.00509000e+00
5.22552000e+01 9.94154000e-01 1.00729000e+00 1.01103000e-03 1.00931000e+00 1.00628000e+00
5.23599000e+01 9.93781000e-01 1.00782000e+00 4.32794000e-04 1.00869000e+00 1.00739000e+00
5.24646000e+01 9.93480000e-01 1.00826000e+00 -1.46798000e-04 1.00797000e+00 1.00841000e+00
5.25693000e+01 9.93253000e-01 1.00861000e+00 -7.21182000e-04 1.00717000e+00 1.00933000e+00
5.26740000e+01 9.93103000e-01 1.00886000e+00 -1.28389000e-03 1.00629000e+00 1.01014000e+00
5.27788000e+01 9.93029000e-01 1.00900000e+00 -1.82864000e-03 1.00534000e+00 1.01083000e+00
5.28835000e+01 9.93034000e-01 1.00904000e+00 -2.34939000e-03 1.00435000e+00 1.01139000e+00
5.29882000e+01 9.93115000e-01 1.00898000e+00 -2.84045000e-03 1.00330000e+00 1.01183000e+00
5.30929000e+01 9.93272000e-01 1.00882000e+00 -3.29654000e-03 1.00223000e+00 1.01212000e+00
5.31976000e+01 9.93502000e-01 1.00856000e+00 -3.71282000e-03 1.00114000e+00 1.01228000e+00
5.33024000e+01 9.93803000e-01 1.00821000e+00 -4.08499000e-03 1.00004000e+00 1.01230000e+00
5.34071000e+01 9.94170000e-01 1.00777000e+00 -4.40932000e-03 9.98947000e-01 1.01217000e+00
5.35118000e+01 9.94600000e-01 1.00724000e+00 -4.68266000e-03 9.97870000e-01 1.01192000e+00
5.36165000e+01 9.95086000e-01 1.00663000e+00 -4.90251000e-03 9.96822000e-01 1.01153000e+00
5.37212000e+01 9.95625000e-01 1.00595000e+00 -5.06701000e-03 9.95814000e-01 1.01102000e+00
5.38260000e+01 9.96208000e-01 1.00521000e+00 -5.17494000e-03 9.94857000e-01 1.01038000e+00
5.39307000e+01 9.96830000e-01 1.00441000e+00 -5.22575000e-03 9.93961000e-01 1.00964000e+00
5.40354000e+01 9.97484000e-01 1.00357000e+00 -5.21952000e-03 9.93134000e-01 1.00879000e+00
5.41401000e+01 9.98162000e-01 1.00270000e+00 -5.15697000e-03 9.92386000e-01 1.00786000e+00
5.42448000e+01 9.98856000e-01 1.00180000e+00 -5.03939000e-03 9.91724000e-01 1.00684000e+00
5.43496000e+01 9.99559000e-01 1.00089000e+00 -4.86867000e-03 9.91155000e-01 1.00576000e+00
5.44543000e+01 1.00026000e+00 9.99978000e-01 -4.64723000e-03 9.90684000e-01 1.00463000e+00
5.45590000e+01 1.00096000e+00 9.99072000e-01 -4.37797000e-03 9.90316000e-01 1.00345000e+00
5.46637000e+01 1.00164000e+00 9.98182000e-01 -4.06425000e-03 9.90054000e-01 1.00225000e+00
5.47684000e+01 1.00230000e+00 9.97320000e-01 -3.70984000e-03 9.89901000e-01 1.00103000e+00
5.48732000e+01 1.00293000e+00 9.96495000e-01 -3.31887000e-03 9.89857000e-01 9.99814000e-01
5.49779000e+01 1.00353000e+00 9.95716000e-01 -2.89577000e-03 9.89924000e-01 9.98612000e-01
5.50826000e+01 1.00408000e+00 9.94990000e-01 -2.44525000e-03 9.90100000e-01 9.97436000e-01
5.51873000e+01 1.00458000e+00 9.94327000e-01 -1.97223000e-03 9.90382000e-01 9.96299000e-01
5.52920000e+01 1.00502000e+00 9.93732000e-01 -1.48176000e-03 9.90768000e-01 9.95214000e-01
5.53968000e+01 1.00541000e+00 9.93211000e-01 -9.79067000e-04 9.91253000e-01 9.94190000e-01
5.55015000e+01 1.00574000e+00 9.92771000e-01 -4.69394000e-04 9.91832000e-01 9.93240000e-01
5.56062000e+01 1.00599000e+00 9.92414000e-01 4.19701000e-05 9.92498000e-01 9.92372000e-01
5.57109000e+01 1.00618000e+00 9.92145000e-01 5.49765000e-04 9.93245000e-01 9.91595000e-01
5.58156000e+01 1.00630000e+00 9.91965000e-01 1.04880000e-03 9.94063000e-01 9.90916000e-01
5.59203000e+01 1.00634000e+00 9.91876000e-01 1.53400000e-03 9.94944000e-01 9.90342000e-01
5.60251000e+01 1.00632000e+00 9.91878000e-01 2.00044000e-03 9.95879000e-01 9.89878000e-01
5.61298000e+01 1.00622000e+00 9.91971000e-01 2.44341000e-03 9.96857000e-01 9.89527000e-01
5.62345000e+01 1.00605000e+00 9.92152000e-01 2.85843000e-03 9.97868000e-01 9.89293000e-01
5.63392000e+01 1.00582000e+00 9.92419000e-01 3.24129000e-03 9.98901000e-01 9.89177000e-01
5.64439000e+01 1.00552000e+00 9.92768000e-01 3.58813000e-03 9.99944000e-01 9.89180000e-01
5.65487000e+01 1.00517000e+00 9.93195000e-01 3.89543000e-03 1.00099000e+00 9.89300000e-01
5.66534000e+01 1.00475000e+00 9.93695000e-01 4.16006000e-03 1.00202000e+00 9.89535000e-01
5.67581000e+01 1.00429000e+00 9.94262000e-01 4.37932000e-03 1.00302000e+00 9.89882000e-01
5.68628000e+01 1.00378000e+00 9.94888000e-01 4.55099000e-03 1.00399000e+00 9.90337000e-01
5.69675000e+01 1.00323000e+00 9.95568000e-01 4.67330000e-03 1.00491000e+00 9.90895000e-01
5.70723000e+01 1.00265000e+00 9.96293000e-01 4.74502000e-03 1.00578000e+00 9.91547000e-01
5.71770000e+01 1.00205000e+00 9.97054000e-01 4.76545000e-03 1.00658000e+00 9.92288000e-01
5.72817000e+01 1.00142000e+00 9.97843000e-01 4.73440000e-03 1.00731000e+00 9.93109000e-01
5.73864000e+01 1.00079000e+00 9.98652000e-01 4.65227000e-03 1.00796000e+00 9.94000000e-01
5.74911000e+01 1.00015000e+00 9.99471000e-01 4.52001000e-03 1.00851000e+00 9.94951000e-01
5.75959000e+01 9.99512000e-01 1.00029000e+00 4.33911000e-03 1.00897000e+00 9.95952000e-01
5.77006000e+01 9.98886000e-01 1.00110000e+00 4.11161000e-03 1.00933000e+00 9.96991000e-01
5.78053000e+01 9.98276000e-01 1.00190000e+00 3.84009000e-03 1.00958000e+00 9.98058000e-01
5.79100000e+01 9.97691000e-01 1.00267000e+00 3.52761000e-03 1.00972000e+00 9.99140000e-01
5.80147000e+01 9.97135000e-01 1.00340000e+00 3.17772000e-03 1.00976000e+00 1.00022000e+00
5.81195000e+01 9.96615000e-01 1.00410000e+00 2.79439000e-03 1.00968000e+00 1.00130000e+00
5.82242000e+01 9.96136000e-01 1.00474000e+00 2.38197000e-03 1.00950000e+00 1.00236000e+00
5.83289000e+01 9.95704000e-01 1.00533000e+00 1.94518000e-03 1.00922000e+00 1.00338000e+00
5.84336000e+01 9.95322000e-01 1.00585000e+00 1.48897000e-03 1.00883000e+00 1.00436000e+00
5.85383000e+01 9.94995000e-01 1.00631000e+00 1.01855000e-03 1.00834000e+00 1.00529000e+00
5.86431000e+01 9.94725000e-01 1.00669000e+00 5.39257000e-04 1.00777000e+00 1.00615000e+00
5.87478000e+01 9.94515000e-01 1.00699000e+00 5.65224000e-05 1.00711000e+00 1.00694000e+00
5.88525000e+01 9.94368000e-01 1.00722000e+00 -4.24207000e-04 1.00637000e+00 1.00764000e+00
5.89572000e+01 9.94284000e-01 1.00736000e+00 -8.97535000e-04 1.00557000e+00 1.00826000e+00
5.90619000e+01 9.94264000e-01 1.00742000e+00 -1.35819000e-03 1.00470000e+00 1.00878000e+00
5.91667000e+01 9.94307000e-01 1.00740000e+00 -1.80107000e-03 1.00379000e+00 1.00920000e+00
5.92714000e+01 9.94413000e-01 1.00729000e+00 -2.22134000e-03 1.00285000e+00 1.00951000e+00
5.93761000e+01 9.94581000e-01 1.00710000e+00 -2.61447000e-03 1.00187000e+00 1.00971000e+00
5.94808000e+01 9.94807000e-01 1.00683000e+00 -2.97627000e-03 1.00088000e+00 1.00981000e+00
5.95855000e+01 9.95090000e-01 1.00649000e+00 -3.30296000e-03 9.99882000e-01 1.00979000e+00
5.96903000e+01 9.95426000e-01 1.00607000e+00 -3.59122000e-03 9.98890000e-01 1.00966000e+00
5.97950000e+01 9.95810000e-01 1.00559000e+00 -3.83819000e-03 9.97916000e-01 1.00943000e+00
5.98997000e+01 9.96239000e-01 1.00505000e+00 -4.04151000e-03 9.96968000e-01 1.00909000e+00
6.00044000e+01 9.96708000e-01 1.00446000e+00 -4.19936000e-03 9.96058000e-01 1.00866000e+00
6.01091000e+01 9.97211000e-01 1.00382000e+00 -4.31043000e-03 9.95195000e-01 1.00813000e+00
6.02139000e+01 9.97742000e-01 1.00314000e+00 -4.37396000e-03 9.94388000e-01 1.00751000e+00
6.03186000e+01 9.98295000e-01 1.00242000e+00 -4.38972000e-03 9.93645000e-01 1.00681000e+00
6.04233000e+01 9.98865000e-01 1.00169000e+00 -4.35799000e-03 9.92975000e-01 1.00605000e+00
6.05280000e+01 9.99444000e-01 1.00094000e+00 -4.27957000e-03 9.92383000e-01 1.00522000e+00
6.06327000e+01 1.00003000e+00 1.00019000e+00 -4.15575000e-03 9.91877000e-01 1.00434000e+00
6.07375000e+01 1.00061000e+00 9.99437000e-01 -3.98827000e-03 9.91460000e-01 1.00343000e+00
6.08422000e+01 1.00118000e+00 9.98697000e-01 -3.77932000e-03 9.91138000e-01 1.00248000e+00
6.09469000e+01 1.00173000e+00 9.97976000e-01 -3.53148000e-03 9.90913000e-01 1.00151000e+00
6.10516000e+01 1.00226000e+00 9.97283000e-01 -3.24770000e-03 9.90787000e-01 1.00053000e+00
6.11563000e+01 1.00276000e+00 9.96624000e-01 -2.93128000e-03 9.90762000e-01 9.99555000e-01
6.12611000e+01 1.00323000e+00 9.96008000e-01 -2.58578000e-03 9.90836000e-01 9.98594000e-01
6.13658000e+01 1.00367000e+00 9.95441000e-01 -2.21505000e-03 9.91010000e-01 9.97656000e-01
6.14705000e+01 1.00405000e+00 9.94928000e-01 -1.82312000e-03 9.91282000e-01 9.96751000e-01
6.15752000e+01 1.00439000e+00 9.94475000e-01 -1.41421000e-03 9.91647000e-01 9.95889000e-01
6.16799000e+01 1.00468000e+00 9.94087000e-01 -9.92691000e-04 9.92102000e-01 9.95080000e-01
6.17847000e+01 1.00492000e+00 9.93768000e-01 -5.62989000e-04 9.92642000e-01 9.94331000e-01
6.18894000e+01 1.00509000e+00 9.93520000e-01 -1.29602000e-04 9.93261000e-01 9.93649000e-01
6.19941000e+01 1.00521000e+00 9.93346000e-01 3.02966000e-04 9.93952000e-01 9.93043000e-01
6.20988000e+01 1.00527000e+00 9.93247000e-01 7.30242000e-04 9.94708000e-01 9.92517000e-01
6.22035000e+01 1.00527000e+00 9.93225000e-01 1.14782000e-03 9.95520000e-01 9.92077000e-01
6.23083000e+01 1.00521000e+00 9.93278000e-01 1.55141000e-03 9.96381000e-01 9.91726000e-01
6.24130000e+01 1.00510000e+00 9.93405000e-01 1.93687000e-03 9.97279000e-01 9.91468000e-01
6.25177000e+01 1.00492000e+00 9.93606000e-01 2.30024000e-03 9.98206000e-01 9.91305000e-01
6.26224000e+01 1.00470000e+00 9.93876000e-01 2.63778000e-03 9.99151000e-01 9.91238000e-01
6.27271000e+01 1.00442000e+00 9.94213000e-01 2.94603000e-03 1.00010000e+00 9.91267000e-01
6.28319000e+01 1.00409000e+00 9.94612000e-01 3.22179000e-03 1.00106000e+00 9.91391000e-01
6.29366000e+01 1.00372000e+00 9.95069000e-01 3.46223000e-03 1.00199000e+00 9.91607000e-01
6.30413000e+01 1.00330000e+00 9.95579000e-01 3.66484000e-03 1.00291000e+00 9.91914000e-01
6.31460000e+01 1.00286000e+00 9.96135000e-01 3.82752000e-03 1.00379000e+00 9.92307000e-01
6.32507000e+01 1.00238000e+00 9.96731000e-01 3.94858000e-03 1.00463000e+00 9.92782000e-01
6.33555000e+01 1.00189000e+00 9.97360000e-01 4.02676000e-03 1.00541000e+00 9.93333000e-01
6.34602000e+01 1.00137000e+00 9.98015000e-01 4.06126000e-03 1.00614000e+00 9.93953000e-01
6.35649000e+01 1.00084000e+00 9.98688000e-01 4.05174000e-03 1.00679000e+00 9.94637000e-01
6.36696000e+01 1.00031000e+00 9.99373000e-01 3.99833000e-03 1.00737000e+00 9.95375000e-01
6.37743000e+01 9.99771000e-01 1.00006000e+00 3.90167000e-03 1.00786000e+00 9.96160000e-01
6.38791000e+01 9.99243000e-01 1.00075000e+00 3.76284000e-03 1.00827000e+00 9.96982000e-01
6.39838000e+01 9.98726000e-01 1.00142000e+00 3.58343000e-03 1.00858000e+00 9.97834000e-01
6.40885000e+01 9.98226000e-01 1.00207000e+00 3.36545000e-03 1.00880000e+00 9.98705000e-01
6.41932000e+01 9.97750000e-01 1.00270000e+00 3.11138000e-03 1.00892000e+00 9.99585000e-01
6.42979000e+01 9.97301000e-01 1.00329000e+00 2.82410000e-03 1.00894000e+00 1.00047000e+00
6.44026000e+01 9.96885000e-01 1.00384000e+00 2.50687000e-03 1.00886000e+00 1.00134000e+00
6.45074000e+01 9.96507000e-01 1.00435000e+00 2.16329000e-03 1.00868000e+00 1.00219000e+00
6.46121000e+01 9.96169000e-01 1.00481000e+00 1.79727000e-03 1.00840000e+00 1.00301000e+00
6.47168000e+01 9.95876000e-01 1.00521000e+00 1.41296000e-03 1.00803000e+00 1.00379000e+00
6.48215000e+01 9.95630000e-01 1.00555000e+00 1.01474000e-03 1.00758000e+00 1.00453000e+00
6.49262000e+01 9.95435000e-01 1.00582000e+00 6.07118000e-04 1.00704000e+00 1.00522000e+00
6.50310000e+01 9.95291000e-01 1.00603000e+00 1.94694000e-04 1.00642000e+00 1.00584000e+00
6.51357000e+01 9.95200000e-01 1.00617000e+00 -2.17887000e-04 1.00574000e+00 1.00639000e+00
6.52404000e+01 9.95163000e-01 1.00624000e+00 -6.26004000e-04 1.00499000e+00 1.00687000e+00
6.53451000e+01 9.95179000e-01 1.00624000e+00 -1.02512000e-03 1.00419000e+00 1.00727000e+00
6.54498000e+01 9.95249000e-01 1.00617000e+00 -1.41082000e-03 1.00335000e+00 1.00758000e+00
6.55546000e+01 9.95372000e-01 1.00603000e+00 -1.77888000e-03 1.00248000e+00 1.00781000e+00
6.56593000e+01 9.95545000e-01 1.00583000e+00 -2.12534000e-03 1.00158000e+00 1.00795000e+00
6.57640000e+01 9.95767000e-01 1.00556000e+00 -2.44647000e-03 1.00067000e+00 1.00800000e+00
6.58687000e+01 9.96034000e-01 1.00523000e+00 -2.73892000e-03 9.99749000e-01 1.00797000e+00
6.59734000e+01 9.96345000e-01 1.00484000e+00 -2.99965000e-03 9.98839000e-01 1.00784000e+00
6.60782000e+01 9.96694000e-01 1.00440000e+00 -3.22605000e-03 9.97945000e-01 1.00762000e+00
6.61829000e+01 9.97079000e-01 1.00391000e+00 -3.41589000e-03 9.97077000e-01 1.00732000e+00
6.62876000e+01 9.97495000e-01 1.00338000e+00 -3.56740000e-03 9.96245000e-01 1.00695000e+00
6.63923000e+01 9.97936000e-01 1.00282000e+00 -3.67924000e-03 9.95457000e-01 1.00649000e+00
6.64970000e+01 9.98398000e-01 1.00222000e+00 -3.75052000e-03 9.94721000e-01 1.00597000e+00
6.66018000e+01 9.98876000e-01 1.00161000e+00 -3.78081000e-03 9.94045000e-01 1.00539000e+00
6.67065000e+01 9.99365000e-01 1.00098000e+00 -3.77012000e-03 9.93437000e-01 1.00475000e+00
6.68112000e+01 9.99858000e-01 1.00034000e+00 -3.71890000e-03 9.92903000e-01 1.00406000e+00
6.69159000e+01 1.00035000e+00 9.99703000e-01 -3.62805000e-03 9.92447000e-01 1.00333000e+00
6.70206000e+01 1.00084000e+00 9.99073000e-01 -3.49883000e-03 9.92075000e-01 1.00257000e+00
6.71254000e+01 1.00131000e+00 9.98456000e-01 -3.33294000e-03 9.91790000e-01 1.00179000e+00
6.72301000e+01 1.00177000e+00 9.97860000e-01 -3.13241000e-03 9.91595000e-01 1.00099000e+00
6.73348000e+01 1.00221000e+00 9.97291000e-01 -2.89962000e-03 9.91492000e-01 1.00019000e+00
6.74395000e+01 1.00262000e+00 9.96756000e-01 -2.63723000e-03 9.91482000e-01 9.99393000e-01
6.75442000e+01 1.00300000e+00 9.96260000e-01 -2.34822000e-03 9.91564000e-01 9.98609000e-01
6.76490000e+01 1.00334000e+00 9.95809000e-01 -2.03578000e-03 9.91737000e-01 9.97845000e-01
6.77537000e+01 1.00364000e+00 9.95407000e-01 -1.70333000e-03 9.92000000e-01 9.97110000e-01
6.78584000e+01 1.00390000e+00 9.95059000e-01 -1.35444000e-03 9.92350000e-01 9.96413000e-01
6.79631000e+01 1.00412000e+00 9.94768000e-01 -9.92851000e-04 9.92782000e-01 9.95760000e-01
6.80678000e+01 1.00429000e+00 9.94536000e-01 -6.22384000e-04 9.93292000e-01 9.95159000e-01
6.81726000e+01 1.00441000e+00 9.94367000e-01 -2.46940000e-04 9.93874000e-01 9.94614000e-01
6.82773000e+01 1.00448000e+00 9.94262000e-01 1.29549000e-04 9.94522000e-01 9.94133000e-01
6.83820000e+01 1.00450000e+00 9.94222000e-01 5.03158000e-04 9.95228000e-01 9.93719000e-01
6.84867000e+01 1.00447000e+00 9.94246000e-01 8.69998000e-04 9.95986000e-01 9.93376000e-01
6.85914000e+01 1.00439000e+00 9.94335000e-01 1.22626000e-03 9.96787000e-01 9.93108000e-01
6.86962000e+01 1.00426000e+00 9.94486000e-01 1.56824000e-03 9.97622000e-01 9.92918000e-01
6.88009000e+01 1.00408000e+00 9.94698000e-01 1.89239000e-03 9.98483000e-01 9.92805000e-01
6.89056000e+01 1.00386000e+00 9.94968000e-01 2.19534000e-03 9.99359000e-01 9.92773000e-01
6.90103000e+01 1.00359000e+00 9.95293000e-01 2.47394000e-03 1.00024000e+00 9.92819000e-01
6.91150000e+01 1.00329000e+00 9.95668000e-01 2.72526000e-03 1.00112000e+00 9.92943000e-01
6.92198000e+01 1.00295000e+00 9.96091000e-01 2.94668000e-03 1.00198000e+00 9.93144000e-01
6.93245000e+01 1.00258000e+00 9.96554000e-01 3.13587000e-03 1.00283000e+00 9.93419000e-01
6.94292000e+01 1.00218000e+00 9.97054000e-01 3.29085000e-03 1.00364000e+00 9.93764000e-01
6.95339000e+01 1.00176000e+00 9.97585000e-01 3.40996000e-03 1.00440000e+00 9.94175000e-01
6.96386000e+01 1.00132000e+00 9.98140000e-01 3.49196000e-03 1.00512000e+00 9.94648000e-01
6.97434000e+01 1.00088000e+00 9.98713000e-01 3.53598000e-03 1.00578000e+00 9.95177000e-01
6.98481000e+01 1.00042000e+00 9.99298000e-01 3.54157000e-03 1.00638000e+00 9.95756000e-01
6.99528000e+01 9.99961000e-01 9.99887000e-01 3.50869000e-03 1.00690000e+00 9.96379000e-01
7.00575000e+01 9.99505000e-01 1.00048000e+00 3.43772000e-03 1.00735000e+00 9.97038000e-01
7.01622000e+01 9.99057000e-01 1.00106000e+00 3.32948000e-03 1.00772000e+00 9.97727000e-01
7.02670000e+01 9.98623000e-01 1.00162000e+00 3.18520000e-03 1.00799000e+00 9.98437000e-01
7.03717000e+01 9.98206000e-01 1.00217000e+00 3.00650000e-03 1.00818000e+00 9.99161000e-01
7.04764000e+01 9.97811000e-01 1.00269000e+00 2.79540000e-03 1.00828000e+00 9.99890000e-01
7.05811000e+01 9.97443000e-01 1.00317000e+00 2.55431000e-03 1.00828000e+00 1.00062000e+00
7.06858000e+01 9.97105000e-01 1.00362000e+00 2.28596000e-03 1.00819000e+00 1.00133000e+00
7.07906000e+01 9.96802000e-01 1.00403000e+00 1.99338000e-03 1.00801000e+00 1.00203000e+00
7.08953000e+01 9.96535000e-01 1.00438000e+00 1.67991000e-03 1.00774000e+00 1.00270000e+00
7.10000000e+01 9.96308000e-01 1.00469000e+00 1.34910000e-03 1.00739000e+00 1.00334000e+00
7.11047000e+01 9.96124000e-01 1.00495000e+00 1.00470000e-03 1.00696000e+00 1.00394000e+00
7.12094000e+01 9.95983000e-01 1.00514000e+00 6.50601000e-04 1.00645000e+00 1.00449000e+00
7.13142000e+01 9.95888000e-01 1.00528000e+00 2.90800000e-04 1.00587000e+00 1.00499000e+00
7.14189000e+01 9.95838000e-01 1.00536000e+00 -7.06605000e-05 1.00522000e+00 1.00543000e+00
7.15236000e+01 9.95836000e-01 1.00538000e+00 -4.29739000e-04 1.00452000e+00 1.00581000e+00
7.16283000e+01 9.95879000e-01 1.00534000e+00 -7.82444000e-04 1.00377000e+00 1.00612000e+00
7.17330000e+01 9.95968000e-01 1.00524000e+00 -1.12488000e-03 1.00299000e+00 1.00636000e+00
7.18378000e+01 9.96102000e-01 1.00508000e+00 -1.45330000e-03 1.00217000e+00 1.00653000e+00
7.19425000e+01 9.96278000e-01 1.00486000e+00 -1.76414000e-03 1.00133000e+00 1.00663000e+00
7.20472000e+01 9.96495000e-01 1.00459000e+00 -2.05408000e-03 1.00048000e+00 1.00665000e+00
7.21519000e+01 9.96750000e-01 1.00427000e+00 -2.32003000e-03 9.99633000e-01 1.00659000e+00
7.22566000e+01 9.97040000e-01 1.00391000e+00 -2.55924000e-03 9.98788000e-01 1.00647000e+00
7.23614000e+01 9.97361000e-01 1.00350000e+00 -2.76925000e-03 9.97960000e-01 1.00627000e+00
7.24661000e+01 9.97711000e-01 1.00305000e+00 -2.94798000e-03 9.97156000e-01 1.00600000e+00
7.25708000e+01 9.98085000e-01 1.00257000e+00 -3.09370000e-03 9.96387000e-01 1.00567000e+00
7.26755000e+01 9.98478000e-01 1.00207000e+00 -3.20505000e-03 9.95660000e-01 1.00527000e+00
7.27802000e+01 9.98888000e-01 1.00154000e+00 -3.28110000e-03 9.94982000e-01 1.00483000e+00
7.28849000e+01 9.99307000e-01 1.00100000e+00 -3.32126000e-03 9.94361000e-01 1.00433000e+00
7.29897000e+01 9.99733000e-01 1.00046000e+00 -3.32537000e-03 9.93804000e-01 1.00378000e+00
7.30944000e+01 1.00016000e+00 9.99904000e-01 -3.29364000e-03 9.93316000e-01 1.00320000e+00
7.31991000e+01 1.00058000e+00 9.99356000e-01 -3.22668000e-03 9.92903000e-01 1.00258000e+00
7.33038000e+01 1.00100000e+00 9.98818000e-01 -3.12543000e-03 9.92567000e-01 1.00194000e+00
7.34085000e+01 1.00140000e+00 9.98296000e-01 -2.99121000e-03 9.92313000e-01 1.00129000e+00
7.35133000e+01 1.00179000e+00 9.97795000e-01 -2.82566000e-03 9.92144000e-01 1.00062000e+00
7.36180000e+01 1.00215000e+00 9.97322000e-01 -2.63072000e-03 9.92060000e-01 9.99952000e-01
7.37227000e+01 1.00249000e+00 9.96880000e-01 -2.40864000e-03 9.92063000e-01 9.99289000e-01
7.38274000e+01 1.00280000e+00 9.96476000e-01 -2.16190000e-03 9.92152000e-01 9.98638000e-01
7.39321000e+01 1.00308000e+00 9.96113000e-01 -1.89324000e-03 9.92326000e-01 9.98006000e-01
7.40369000e+01 1.00332000e+00 9.95795000e-01 -1.60559000e-03 9.92584000e-01 9.97401000e-01
7.41416000e+01 1.00352000e+00 9.95526000e-01 -1.30204000e-03 9.92922000e-01 9.96828000e-01
7.42463000e+01 1.00368000e+00 9.95308000e-01 -9.85861000e-04 9.93336000e-01 9.96293000e-01
7.43510000e+01 1.00380000e+00 9.95143000e-01 -6.60401000e-04 9.93822000e-01 9.95803000e-01
7.44557000e+01 1.00388000e+00 9.95033000e-01 -3.29105000e-04 9.94375000e-01 9.95362000e-01
7.45605000e+01 1.00391000e+00 9.94980000e-01 4.53920000e-06 9.94989000e-01 9.94975000e-01
7.46652000e+01 1.00390000e+00 9.94982000e-01 3.37029000e-04 9.95656000e-01 9.94645000e-01
7.47699000e+01 1.00384000e+00 9.95041000e-01 6.64881000e-04 9.96371000e-01 9.94376000e-01
7.48746000e+01 1.00375000e+00 9.95155000e-01 9.84660000e-04 9.97124000e-01 9.94170000e-01
7.49793000e+01 1.00361000e+00 9.95323000e-01 1.29302000e-03 9.97909000e-01 9.94030000e-01
7.50841000e+01 1.00343000e+00 9.95542000e-01 1.58673000e-03 9.98715000e-01 9.93955000e-01
7.51888000e+01 1.00321000e+00 9.95810000e-01 1.86270000e-03 9.99535000e-01 9.93947000e-01
7.52935000e+01 1.00296000e+00 9.96123000e-01 2.11803000e-03 1.00036000e+00 9.94005000e-01
7.53982000e+01 1.00267000e+00 9.96479000e-01 2.35004000e-03 1.00118000e+00 9.94129000e-01
7.55029000e+01 1.00236000e+00 9.96872000e-01 2.55626000e-03 1.00198000e+00 9.94316000e-01
7.56077000e+01 1.00202000e+00 9.97299000e-01 2.73450000e-03 1.00277000e+00 9.94565000e-01
7.57124000e+01 1.00166000e+00 9.97754000e-01 2.88287000e-03 1.00352000e+00 9.94871000e-01
7.58171000e+01 1.00129000e+00 9.98233000e-01 2.99978000e-03 1.00423000e+00 9.95233000e-01
7.59218000e+01 1.00090000e+00 9.98729000e-01 3.08399000e-03 1.00490000e+00 9.95645000e-01
7.60265000e+01 1.00050000e+00 9.99237000e-01 3.13459000e-03 1.00551000e+00 9.96103000e-01
7.61313000e+01 1.00010000e+00 9.99752000e-01 3.15104000e-03 1.00605000e+00 9.96601000e-01
7.62360000e+01 9.99704000e-01 1.00027000e+00 3.13319000e-03 1.00653000e+00 9.97134000e-01
7.63407000e+01 9.99309000e-01 1.00078000e+00 3.08124000e-03 1.00694000e+00 9.97696000e-01
7.64454000e+01 9.98925000e-01 1.00128000e+00 2.99579000e-03 1.00727000e+00 9.98281000e-01
7.65501000e+01 9.98554000e-01 1.00176000e+00 2.87781000e-03 1.00752000e+00 9.98883000e-01
7.66549000e+01 9.98201000e-01 1.00222000e+00 2.72862000e-03 1.00768000e+00 9.99493000e-01
7.67596000e+01 9.97870000e-01 1.00266000e+00 2.54993000e-03 1.00776000e+00 1.00011000e+00
7.68643000e+01 9.97564000e-01 1.00306000e+00 2.34375000e-03 1.00775000e+00 1.00072000e+00
7.69690000e+01 9.97286000e-01 1.00343000e+00 2.11242000e-03 1.00765000e+00 1.00132000e+00
7.70737000e+01 9.97040000e-01 1.00375000e+00 1.85857000e-03 1.00747000e+00 1.00190000e+00
7.71785000e+01 9.96828000e-01 1.00404000e+00 1.58506000e-03 1.00721000e+00 1.00245000e+00
7.72832000e+01 9.96653000e-01 1.00428000e+00 1.29501000e-03 1.00687000e+00 1.00298000e+00
7.73879000e+01 9.96515000e-01 1.00447000e+00 9.91690000e-04 1.00645000e+00 1.00347000e+00
7.74926000e+01 9.96416000e-01 1.00460000e+00 6.78527000e-04 1.00596000e+00 1.00392000e+00
7.75973000e+01 9.96358000e-01 1.00469000e+00 3.59047000e-04 1.00541000e+00 1.00433000e+00
7.77021000e+01 9.96341000e-01 1.00472000e+00 3.68362000e-05 1.00480000e+00 1.00469000e+00
7.78068000e+01 9.96364000e-01 1.00470000e+00 -2.84507000e-04 1.00413000e+00 1.00499000e+00
7.79115000e+01 9.96428000e-01 1.00463000e+00 -6.01412000e-04 1.00343000e+00 1.00523000e+00
7.80162000e+01 9.96531000e-01 1.00450000e+00 -9.10381000e-04 1.00268000e+00 1.00541000e+00
7.81209000e+01 9.96672000e-01 1.00433000e+00 -1.20803000e-03 1.00191000e+00 1.00554000e+00
7.82257000e+01 9.96850000e-01 1.00411000e+00 -1.49112000e-03 1.00113000e+00 1.00560000e+00
7.83304000e+01 9.97062000e-01 1.00384000e+00 -1.75661000e-03 1.00033000e+00 1.00560000e+00
7.84351000e+01 9.97306000e-01 1.00353000e+00 -2.00168000e-03 9.99528000e-01 1.00553000e+00
7.85398000e+01 9.97579000e-01 1.00318000e+00 -2.22375000e-03 9.98736000e-01 1.00541000e+00
7.86445000e+01 9.97878000e-01 1.00280000e+00 -2.42054000e-03 9.97961000e-01 1.00522000e+00
7.87493000e+01 9.98200000e-01 1.00239000e+00 -2.59005000e-03 9.97211000e-01 1.00498000e+00
7.88540000e+01 9.98541000e-01 1.00195000e+00 -2.73061000e-03 9.96493000e-01 1.00468000e+00
7.89587000e+01 9.98896000e-01 1.00150000e+00 -2.84088000e-03 9.95815000e-01 1.00434000e+00
7.90634000e+01 9.99263000e-01 1.00103000e+00 -2.91986000e-03 9.95186000e-01 1.00395000e+00
7.91681000e+01 9.99637000e-01 1.00054000e+00 -2.96689000e-03 9.94611000e-01 1.00351000e+00
7.92729000e+01 1.00001000e+00 1.00006000e+00 -2.98169000e-03 9.94096000e-01 1.00304000e+00
7.93776000e+01 1.00039000e+00 9.99575000e-01 -2.96428000e-03 9.93647000e-01 1.00254000e+00
7.94823000e+01 1.00076000e+00 9.99098000e-01 -2.91507000e-03 9.93268000e-01 1.00201000e+00
7.95870000e+01 1.00112000e+00 9.98633000e-01 -2.83476000e-03 9.92963000e-01 1.00147000e+00
7.96917000e+01 1.00146000e+00 9.98185000e-01 -2.72439000e-03 9.92736000e-01 1.00091000e+00
7.97965000e+01 1.00179000e+00 9.97759000e-01 -2.58531000e-03 9.92589000e-01 1.00034000e+00
7.99012000e+01 1.00210000e+00 9.97360000e-01 -2.41915000e-03 9.92522000e-01 9.99779000e-01
8.00059000e+01 1.00238000e+00 9.96992000e-01 -2.22779000e-03 9.92537000e-01 9.99220000e-01
8.01106000e+01 1.00264000e+00 9.96659000e-01 -2.01340000e-03 9.92633000e-01 9.98673000e-01
8.02153000e+01 1.00286000e+00 9.96365000e-01 -1.77832000e-03 9.92809000e-01 9.98144000e-01
8.03201000e+01 1.00305000e+00 9.96113000e-01 -1.52513000e-03 9.93063000e-01 9.97638000e-01
8.04248000e+01 1.00321000e+00 9.95905000e-01 -1.25655000e-03 9.93392000e-01 9.97162000e-01
8.05295000e+01 1.00333000e+00 9.95744000e-01 -9.75475000e-04 9.93793000e-01 9.96719000e-01
8.06342000e+01 1.00341000e+00 9.95631000e-01 -6.84892000e-04 9.94261000e-01 9.96315000e-01
8.07389000e+01 1.00345000e+00 9.95567000e-01 -3.87885000e-04 9.94791000e-01 9.95955000e-01
8.08437000e+01 1.00346000e+00 9.95553000e-01 -8.75956000e-05 9.95377000e-01 9.95640000e-01
8.09484000e+01 1.00342000e+00 9.95588000e-01 2.12808000e-04 9.96014000e-01 9.95376000e-01
8.10531000e+01 1.00335000e+00 9.95673000e-01 5.10160000e-04 9.96694000e-01 9.95163000e-01
8.11578000e+01 1.00324000e+00 9.95806000e-01 8.01328000e-04 9.97409000e-01 9.95005000e-01
8.12625000e+01 1.00310000e+00 9.95986000e-01 1.08324000e-03 9.98152000e-01 9.94903000e-01
8.13672000e+01 1.00291000e+00 9.96209000e-01 1.35293000e-03 9.98915000e-01 9.94856000e-01
8.14720000e+01 1.00270000e+00 9.96475000e-01 1.60753000e-03 9.99690000e-01 9.94867000e-01
8.15767000e+01 1.00246000e+00 9.96778000e-01 1.84436000e-03 1.00047000e+00 9.94934000e-01
8.16814000e+01 1.00219000e+00 9.97117000e-01 2.06089000e-03 1.00124000e+00 9.95056000e-01
8.17861000e+01 1.00190000e+00 9.97487000e-01 2.25481000e-03 1.00200000e+00 9.95232000e-01
8.18908000e+01 1.00159000e+00 9.97883000e-01 2.42405000e-03 1.00273000e+00 9.95459000e-01
8.19956000e+01 1.00126000e+00 9.98302000e-01 2.56680000e-03 1.00344000e+00 9.95735000e-01
8.21003000e+01 1.00092000e+00 9.98738000e-01 2.68151000e-03 1.00410000e+00 9.96057000e-01
8.22050000e+01 1.00057000e+00 9.99187000e-01 2.76694000e-03 1.00472000e+00 9.96420000e-01
8.23097000e+01 1.00021000e+00 9.99643000e-01 2.82218000e-03 1.00529000e+00 9.96821000e-01
8.24144000e+01 9.99859000e-01 1.00010000e+00 2.84662000e-03 1.00580000e+00 9.97255000e-01
8.25192000e+01 9.99506000e-01 1.00056000e+00 2.84001000e-03 1.00624000e+00 9.97718000e-01
8.26239000e+01 9.99161000e-01 1.00101000e+00 2.80244000e-03 1.00661000e+00 9.98203000e-01
8.27286000e+01 9.98826000e-01 1.00144000e+00 2.73431000e-03 1.00691000e+00 9.98706000e-01
8.28333000e+01 9.98506000e-01 1.00186000e+00 2.63642000e-03 1.00713000e+00 9.99222000e-01
8.29380000e+01 9.98203000e-01 1.00225000e+00 2.50987000e-03 1.00727000e+00 9.99743000e-01
8.30428000e+01 9.97922000e-01 1.00262000e+00 2.35609000e-03 1.00733000e+00 1.00027000e+00
8.31475000e+01 9.97665000e-01 1.00296000e+00 2.17681000e-03 1.00731000e+00 1.00078000e+00
8.32522000e+01 9.97436000e-01 1.00326000e+00 1.97407000e-03 1.00721000e+00 1.00129000e+00
8.33569000e+01 9.97235000e-01 1.00353000e+00 1.75016000e-03 1.00703000e+00 1.00178000e+00
8.34616000e+01 9.97067000e-01 1.00375000e+00 1.50763000e-03 1.00677000e+00 1.00225000e+00
8.35664000e+01 9.96931000e-01 1.00394000e+00 1.24920000e-03 1.00643000e+00 1.00269000e+00
8.36711000e+01 9.96830000e-01 1.00407000e+00 9.77817000e-04 1.00603000e+00 1.00309000e+00
8.37758000e+01 9.96765000e-01 1.00416000e+00 6.96524000e-04 1.00556000e+00 1.00347000e+00
8.38805000e+01 9.96736000e-01 1.00421000e+00 4.08490000e-04 1.00503000e+00 1.00380000e+00
8.39852000e+01 9.96744000e-01 1.00420000e+00 1.16943000e-04 1.00444000e+00 1.00409000e+00
8.40900000e+01 9.96787000e-01 1.00415000e+00 -1.74862000e-04 1.00381000e+00 1.00433000e+00
8.41947000e+01 9.96867000e-01 1.00406000e+00 -4.63686000e-04 1.00313000e+00 1.00452000e+00
8.42994000e+01 9.96981000e-01 1.00392000e+00 -7.46338000e-04 1.00242000e+00 1.00466000e+00
8.44041000e+01 9.97128000e-01 1.00373000e+00 -1.01972000e-03 1.00169000e+00 1.00475000e+00
8.45088000e+01 9.97306000e-01 1.00351000e+00 -1.28086000e-03 1.00094000e+00 1.00479000e+00
8.46136000e+01 9.97514000e-01 1.00324000e+00 -1.52693000e-03 1.00019000e+00 1.00477000e+00
8.47183000e+01 9.97749000e-01 1.00294000e+00 -1.75532000e-03 9.99430000e-01 1.00470000e+00
8.48230000e+01 9.98009000e-01 1.00261000e+00 -1.96361000e-03 9.98682000e-01 1.00457000e+00
8.49277000e+01 9.98289000e-01 1.00225000e+00 -2.14964000e-03 9.97950000e-01 1.00440000e+00
8.50324000e+01 9.98588000e-01 1.00187000e+00 -2.31149000e-03 9.97243000e-01 1.00418000e+00
8.51372000e+01 9.98902000e-01 1.00146000e+00 -2.44755000e-03 9.96568000e-01 1.00391000e+00
8.52419000e+01 9.99227000e-01 1.00105000e+00 -2.55649000e-03 9.95932000e-01 1.00360000e+00
8.53466000e+01 9.99560000e-01 1.00062000e+00 -2.63728000e-03 9.95343000e-01 1.00325000e+00
8.54513000e+01 9.99897000e-01 1.00018000e+00 -2.68922000e-03 9.94805000e-01 1.00287000e+00
8.55560000e+01 1.00023000e+00 9.99750000e-01 -2.71191000e-03 9.94326000e-01 1.00246000e+00
8.56608000e+01 1.00057000e+00 9.99320000e-01 -2.70526000e-03 9.93910000e-01 1.00203000e+00
8.57655000e+01 1.00089000e+00 9.98900000e-01 -2.66952000e-03 9.93561000e-01 1.00157000e+00
8.58702000e+01 1.00121000e+00 9.98493000e-01 -2.60520000e-03 9.93283000e-01 1.00110000e+00
8.59749000e+01 1.00151000e+00 9.98105000e-01 -2.51316000e-03 9.93078000e-01 1.00062000e+00
8.60796000e+01 1.00179000e+00 9.97739000e-01 -2.39449000e-03 9.92950000e-01 1.00013000e+00
8.61844000e+01 1.00205000e+00 9.97399000e-01 -2.25059000e-03 9.92898000e-01 9.99650000e-01
8.62891000e+01 1.00229000e+00 9.97090000e-01 -2.08308000e-03 9.92924000e-01 9.99173000e-01
8.63938000e+01 1.00250000e+00 9.96815000e-01 -1.89385000e-03 9.93027000e-01 9.98708000e-01
8.64985000e+01 1.00269000e+00 9.96576000e-01 -1.68496000e-03 9.93206000e-01 9.98260000e-01
8.66032000e+01 1.00284000e+00 9.96376000e-01 -1.45871000e-03 9.93458000e-01 9.97834000e-01
8.67080000e+01 1.00296000e+00 9.96217000e-01 -1.21752000e-03 9.93782000e-01 9.97434000e-01
8.68127000e+01 1.00304000e+00 9.96101000e-01 -9.63997000e-04 9.94173000e-01 9.97065000e-01
8.69174000e+01 1.00309000e+00 9.96029000e-01 -7.00839000e-04 9.94627000e-01 9.96730000e-01
8.70221000e+01 1.00311000e+00 9.96001000e-01 -4.30846000e-04 9.95140000e-01 9.96432000e-01
8.71268000e+01 1.00309000e+00 9.96019000e-01 -1.56882000e-04 9.95705000e-01 9.96176000e-01
8.72316000e+01 1.00304000e+00 9.96081000e-01 1.18150000e-04 9.96317000e-01 9.95962000e-01
8.73363000e+01 1.00295000e+00 9.96186000e-01 3.91338000e-04 9.96969000e-01 9.95795000e-01
8.74410000e+01 1.00283000e+00 9.96334000e-01 6.59791000e-04 9.97654000e-01 9.95674000e-01
8.75457000e+01 1.00268000e+00 9.96522000e-01 9.20663000e-04 9.98364000e-01 9.95602000e-01
8.76504000e+01 1.00250000e+00 9.96749000e-01 1.17119000e-03 9.99091000e-01 9.95578000e-01
8.77552000e+01 1.00229000e+00 9.97012000e-01 1.40869000e-03 9.99829000e-01 9.95603000e-01
8.78599000e+01 1.00206000e+00 9.97307000e-01 1.63066000e-03 1.00057000e+00 9.95676000e-01
8.79646000e+01 1.00181000e+00 9.97631000e-01 1.83470000e-03 1.00130000e+00 9.95796000e-01
8.80693000e+01 1.00153000e+00 9.97981000e-01 2.01863000e-03 1.00202000e+00 9.95962000e-01
8.81740000e+01 1.00124000e+00 9.98352000e-01 2.18046000e-03 1.00271000e+00 9.96172000e-01
8.82788000e+01 1.00094000e+00 9.98741000e-01 2.31846000e-03 1.00338000e+00 9.96423000e-01
8.83835000e+01 1.00062000e+00 9.99143000e-01 2.43111000e-03 1.00401000e+00 9.96712000e-01
8.84882000e+01 1.00030000e+00 9.99553000e-01 2.51721000e-03 1.00459000e+00 9.97036000e-01
8.85929000e+01 9.99984000e-01 9.99967000e-01 2.57579000e-03 1.00512000e+00 9.97391000e-01
8.86976000e+01 9.99664000e-01 1.00038000e+00 2.60624000e-03 1.00559000e+00 9.97773000e-01
8.88024000e+01 9.99349000e-01 1.00079000e+00 2.60820000e-03 1.00600000e+00 9.98179000e-01
8.89071000e+01 9.99043000e-01 1.00118000e+00 2.58168000e-03 1.00635000e+00 9.98603000e-01
8.90118000e+01 9.98749000e-01 1.00157000e+00 2.52697000e-03 1.00662000e+00 9.99040000e-01
8.91165000e+01 9.98469000e-01 1.00193000e+00 2.44468000e-03 1.00682000e+00 9.99486000e-01
8.92212000e+01 9.98208000e-01 1.00227000e+00 2.33575000e-03 1.00694000e+00 9.99936000e-01
8.93260000e+01 9.97967000e-01 1.00259000e+00 2.20141000e-03 1.00699000e+00 1.00039000e+00
8.94307000e+01 9.97750000e-01 1.00287000e+00 2.04317000e-03 1.00696000e+00 1.00083000e+00
8.95354000e+01 9.97559000e-01 1.00312000e+00 1.86283000e-03 1.00685000e+00 1.00126000e+00
8.96401000e+01 9.97396000e-01 1.00334000e+00 1.66242000e-03 1.00666000e+00 1.00168000e+00
8.97448000e+01 9.97262000e-01 1.00352000e+00 1.44421000e-03 1.00640000e+00 1.00207000e+00
8.98495000e+01 9.97159000e-01 1.00365000e+00 1.21067000e-03 1.00607000e+00 1.00244000e+00
8.99543000e+01 9.97088000e-01 1.00375000e+00 9.64439000e-04 1.00568000e+00 1.00278000e+00
9.00590000e+01 9.97050000e-01 1.00380000e+00 7.08283000e-04 1.00522000e+00 1.00309000e+00
9.01637000e+01 9.97045000e-01 1.00381000e+00 4.45083000e-04 1.00470000e+00 1.00337000e+00
9.02684000e+01 9.97072000e-01 1.00378000e+00 1.77787000e-04 1.00414000e+00 1.00360000e+00
9.03731000e+01 9.97132000e-01 1.00371000e+00 -9.06235000e-05 1.00353000e+00 1.00380000e+00
9.04779000e+01 9.97224000e-01 1.00359000e+00 -3.57169000e-04 1.00288000e+00 1.00395000e+00
9.05826000e+01 9.97347000e-01 1.00344000e+00 -6.18906000e-04 1.00220000e+00 1.00406000e+00
9.06873000e+01 9.97498000e-01 1.00324000e+00 -8.72962000e-04 1.00150000e+00 1.00412000e+00
9.07920000e+01 9.97678000e-01 1.00301000e+00 -1.11657000e-03 1.00078000e+00 1.00413000e+00
9.08967000e+01 9.97882000e-01 1.00275000e+00 -1.34709000e-03 1.00006000e+00 1.00410000e+00
9.10015000e+01 9.98110000e-01 1.00246000e+00 -1.56207000e-03 9.99336000e-01 1.00402000e+00
9.11062000e+01 9.98358000e-01 1.00214000e+00 -1.75921000e-03 9.98624000e-01 1.00390000e+00
9.12109000e+01 9.98624000e-01 1.00180000e+00 -1.93646000e-03 9.97928000e-01 1.00374000e+00
9.13156000e+01 9.98904000e-01 1.00144000e+00 -2.09198000e-03 9.97256000e-01 1.00353000e+00
9.14203000e+01 9.99196000e-01 1.00107000e+00 -2.22419000e-03 9.96617000e-01 1.00329000e+00
9.15251000e+01 9.99496000e-01 1.00068000e+00 -2.33178000e-03 9.96015000e-01 1.00301000e+00
9.16298000e+01 9.99801000e-01 1.00029000e+00 -2.41372000e-03 9.95459000e-01 1.00270000e+00
9.17345000e+01 1.00011000e+00 9.99892000e-01 -2.46925000e-03 9.94954000e-01 1.00236000e+00
9.18392000e+01 1.00041000e+00 9.99500000e-01 -2.49789000e-03 9.94505000e-01 1.00200000e+00
9.19439000e+01 1.00071000e+00 9.99115000e-01 -2.49949000e-03 9.94116000e-01 1.00161000e+00
9.20487000e+01 1.00100000e+00 9.98741000e-01 -2.47415000e-03 9.93793000e-01 1.00122000e+00
9.21534000e+01 1.00128000e+00 9.98382000e-01 -2.42227000e-03 9.93538000e-01 1.00080000e+00
9.22581000e+01 1.00154000e+00 9.98042000e-01 -2.34451000e-03 9.93353000e-01 1.00039000e+00
9.23628000e+01 1.00179000e+00 9.97726000e-01 -2.24181000e-03 9.93242000e-01 9.99967000e-01
9.24675000e+01 1.00201000e+00 9.97435000e-01 -2.11538000e-03 9.93204000e-01 9.99550000e-01
9.25723000e+01 1.00221000e+00 9.97174000e-01 -1.96663000e-03 9.93241000e-01 9.99140000e-01
9.26770000e+01 1.00239000e+00 9.96945000e-01 -1.79722000e-03 9.93351000e-01 9.98742000e-01
9.27817000e+01 1.00254000e+00 9.96751000e-01 -1.60902000e-03 9.93533000e-01 9.98360000e-01
9.28864000e+01 1.00266000e+00 9.96594000e-01 -1.40406000e-03 9.93786000e-01 9.97998000e-01
9.29911000e+01 1.00275000e+00 9.96475000e-01 -1.18457000e-03 9.94106000e-01 9.97660000e-01
9.30959000e+01 1.00281000e+00 9.96396000e-01 -9.52893000e-04 9.94490000e-01 9.97349000e-01
9.32006000e+01 1.00283000e+00 9.96358000e-01 -7.11515000e-04 9.94935000e-01 9.97069000e-01
9.33053000e+01 1.00283000e+00 9.96360000e-01 -4.63003000e-04 9.95434000e-01 9.96823000e-01
9.34100000e+01 1.00279000e+00 9.96403000e-01 -2.10002000e-04 9.95983000e-01 9.96613000e-01
9.35147000e+01 1.00273000e+00 9.96487000e-01 4.47999000e-05 9.96576000e-01 9.96442000e-01
9.36195000e+01 1.00263000e+00 9.96609000e-01 2.98697000e-04 9.97206000e-01 9.96310000e-01
9.37242000e+01 1.00250000e+00 9.96769000e-01 5.48989000e-04 9.97867000e-01 9.96220000e-01
9.38289000e+01 1.00234000e+00 9.96965000e-01 7.93012000e-04 9.98551000e-01 9.96172000e-01
9.39336000e+01 1.00216000e+00 9.97194000e-01 1.02817000e-03 9.99250000e-01 9.96166000e-01
9.40383000e+01 1.00196000e+00 9.97454000e-01 1.25193000e-03 9.99958000e-01 9.96202000e-01
9.41431000e+01 1.00173000e+00 9.97742000e-01 1.46192000e-03 1.00067000e+00 9.96280000e-01
9.42478000e+01 1.00149000e+00 9.98054000e-01 1.65587000e-03 1.00137000e+00 9.96398000e-01
9.43525000e+01 1.00123000e+00 9.98388000e-01 1.83168000e-03 1.00205000e+00 9.96556000e-01
9.44572000e+01 1.00095000e+00 9.98739000e-01 1.98745000e-03 1.00271000e+00 9.96751000e-01
9.45619000e+01 1.00067000e+00 9.99103000e-01 2.12150000e-03 1.00335000e+00 9.96981000e-01
9.46667000e+01 1.00038000e+00 9.99476000e-01 2.23235000e-03 1.00394000e+00 9.97243000e-01
9.47714000e+01 1.00009000e+00 9.99854000e-01 2.31879000e-03 1.00449000e+00 9.97535000e-01
9.48761000e+01 9.99794000e-01 1.00023000e+00 2.37987000e-03 1.00499000e+00 9.97853000e-01
9.49808000e+01 9.99504000e-01 1.00061000e+00 2.41492000e-03 1.00544000e+00 9.98193000e-01
9.50855000e+01 9.99220000e-01 1.00097000e+00 2.42355000e-03 1.00582000e+00 9.98551000e-01
9.51903000e+01 9.98946000e-01 1.00133000e+00 2.40567000e-03 1.00614000e+00 9.98924000e-01
9.52950000e+01 9.98685000e-01 1.00167000e+00 2.36148000e-03 1.00639000e+00 9.99308000e-01
9.53997000e+01 9.98439000e-01 1.00199000e+00 2.29147000e-03 1.00657000e+00 9.99698000e-01
9.55044000e+01 9.98211000e-01 1.00229000e+00 2.19643000e-03 1.00668000e+00 1.00009000e+00
9.56091000e+01 9.98004000e-01 1.00256000e+00 2.07744000e-03 1.00671000e+00 1.00048000e+00
9.57139000e+01 9.97820000e-01 1.00280000e+00 1.93583000e-03 1.00667000e+00 1.00086000e+00
9.58186000e+01 9.97661000e-01 1.00300000e+00 1.77322000e-03 1.00655000e+00 1.00123000e+00
9.59233000e+01 9.97528000e-01 1.00318000e+00 1.59142000e-03 1.00636000e+00 1.00159000e+00
9.60280000e+01 9.97423000e-01 1.00332000e+00 1.39251000e-03 1.00610000e+00 1.00192000e+00
9.61327000e+01 9.97347000e-01 1.00342000e+00 1.17872000e-03 1.00577000e+00 1.00224000e+00
9.62375000e+01 9.97301000e-01 1.00348000e+00 9.52466000e-04 1.00538000e+00 1.00253000e+00
9.63422000e+01 9.97285000e-01 1.00350000e+00 7.16292000e-04 1.00493000e+00 1.00279000e+00
9.64469000e+01 9.97299000e-01 1.00348000e+00 4.72851000e-04 1.00443000e+00 1.00301000e+00
9.65516000e+01 9.97344000e-01 1.00343000e+00 2.24867000e-04 1.00388000e+00 1.00320000e+00
9.66563000e+01 9.97418000e-01 1.00334000e+00 -2.48962000e-05 1.00329000e+00 1.00336000e+00
9.67611000e+01 9.97520000e-01 1.00320000e+00 -2.73665000e-04 1.00266000e+00 1.00348000e+00
9.68658000e+01 9.97650000e-01 1.00304000e+00 -5.18693000e-04 1.00200000e+00 1.00356000e+00
9.69705000e+01 9.97806000e-01 1.00284000e+00 -7.57289000e-04 1.00132000e+00 1.00359000e+00
9.70752000e+01 9.97985000e-01 1.00261000e+00 -9.86850000e-04 1.00063000e+00 1.00359000e+00
9.71799000e+01 9.98187000e-01 1.00235000e+00 -1.20489000e-03 9.99937000e-01 1.00355000e+00
9.72847000e+01 9.98409000e-01 1.00206000e+00 -1.40907000e-03 9.99243000e-01 1.00347000e+00
9.73894000e+01 9.98648000e-01 1.00175000e+00 -1.59721000e-03 9.98559000e-01 1.00335000e+00
9.74941000e+01 9.98901000e-01 1.00143000e+00 -1.76733000e-03 9.97893000e-01 1.00319000e+00
9.75988000e+01 9.99166000e-01 1.00109000e+00 -1.91767000e-03 9.97251000e-01 1.00300000e+00
9.77035000e+01 9.99440000e-01 1.00073000e+00 -2.04667000e-03 9.96641000e-01 1.00278000e+00
9.78083000e+01 9.99719000e-01 1.00037000e+00 -2.15305000e-03 9.96068000e-01 1.00253000e+00
9.79130000e+01 1.00000000e+00 1.00001000e+00 -2.23575000e-03 9.95540000e-01 1.00225000e+00
9.80177000e+01 1.00028000e+00 9.99650000e-01 -2.29398000e-03 9.95062000e-01 1.00194000e+00
9.81224000e+01 1.00056000e+00 9.99293000e-01 -2.32724000e-03 9.94638000e-01 1.00162000e+00
9.82271000e+01 1.00083000e+00 9.98944000e-01 -2.33527000e-03 9.94274000e-01 1.00128000e+00
9.83319000e+01 1.00109000e+00 9.98609000e-01 -2.31809000e-03 9.93973000e-01 1.00093000e+00
9.84366000e+01 1.00134000e+00 9.98290000e-01 -2.27599000e-03 9.93738000e-01 1.00057000e+00
9.85413000e+01 1.00157000e+00 9.97990000e-01 -2.20952000e-03 9.93571000e-01 1.00020000e+00
9.86460000e+01 1.00179000e+00 9.97714000e-01 -2.11946000e-03 9.93475000e-01 9.99834000e-01
9.87507000e+01 1.00198000e+00 9.97464000e-01 -2.00687000e-03 9.93451000e-01 9.99471000e-01
9.88554000e+01 1.00215000e+00 9.97243000e-01 -1.87300000e-03 9.93497000e-01 9.99116000e-01
9.89602000e+01 1.00230000e+00 9.97054000e-01 -1.71935000e-03 9.93615000e-01 9.98773000e-01
9.90649000e+01 1.00242000e+00 9.96897000e-01 -1.54759000e-03 9.93802000e-01 9.98445000e-01
9.91696000e+01 1.00251000e+00 9.96776000e-01 -1.35959000e-03 9.94057000e-01 9.98135000e-01
9.92743000e+01 1.00258000e+00 9.96691000e-01 -1.15738000e-03 9.94376000e-01 9.97848000e-01
9.93790000e+01 1.00261000e+00 9.96643000e-01 -9.43124000e-04 9.94757000e-01 9.97586000e-01
9.94838000e+01 1.00262000e+00 9.96633000e-01 -7.19122000e-04 9.95195000e-01 9.97352000e-01
9.95885000e+01 1.00260000e+00 9.96660000e-01 -4.87761000e-04 9.95685000e-01 9.97148000e-01
9.96932000e+01 1.00254000e+00 9.96725000e-01 -2.51507000e-04 9.96222000e-01 9.96977000e-01
9.97979000e+01 1.00246000e+00 9.96826000e-01 -1.28741000e-05 9.96801000e-01 9.96839000e-01
9.99026000e+01 1.00235000e+00 9.96963000e-01 2.25594000e-04 9.97414000e-01 9.96737000e-01
1.00007000e+02 1.00222000e+00 9.97133000e-01 4.61354000e-04 9.98056000e-01 9.96672000e-01
1.00112000e+02 1.00206000e+00 9.97335000e-01 6.91887000e-04 9.98719000e-01 9.96643000e-01
1.00217000e+02 1.00188000e+00 9.97567000e-01 9.14727000e-04 9.99396000e-01 9.96652000e-01
1.00322000e+02 1.00168000e+00 9.97825000e-01 1.12748000e-03 1.00008000e+00 9.96698000e-01
1.00426000e+02 1.00146000e+00 9.98107000e-01 1.32786000e-03 1.00076000e+00 9.96780000e-01
1.00531000e+02 1.00122000e+00 9.98410000e-01 1.51370000e-03 1.00144000e+00 9.96896000e-01
1.00636000e+02 1.00097000e+00 9.98730000e-01 1.68298000e-03 1.00210000e+00 9.97047000e-01
1.00740000e+02 1.00071000e+00 9.99064000e-01 1.83386000e-03 1.00273000e+00 9.97230000e-01
1.00845000e+02 1.00045000e+00 9.99407000e-01 1.96470000e-03 1.00334000e+00 9.97443000e-01
1.00950000e+02 1.00018000e+00 9.99757000e-01 2.07405000e-03 1.00390000e+00 9.97682000e-01
1.01055000e+02 9.99903000e-01 1.00011000e+00 2.16072000e-03 1.00443000e+00 9.97947000e-01
1.01159000e+02 9.99633000e-01 1.00046000e+00 2.22374000e-03 1.00490000e+00 9.98233000e-01
1.01264000e+02 9.99367000e-01 1.00080000e+00 2.26242000e-03 1.00533000e+00 9.98538000e-01
1.01369000e+02 9.99110000e-01 1.00113000e+00 2.27632000e-03 1.00569000e+00 9.98858000e-01
1.01473000e+02 9.98863000e-01 1.00145000e+00 2.26528000e-03 1.00598000e+00 9.99189000e-01
1.01578000e+02 9.98629000e-01 1.00176000e+00 2.22943000e-03 1.00622000e+00 9.99528000e-01
1.01683000e+02 9.98411000e-01 1.00204000e+00 2.16917000e-03 1.00638000e+00 9.99871000e-01
1.01788000e+02 9.98212000e-01 1.00230000e+00 2.08517000e-03 1.00647000e+00 1.00021000e+00
1.01892000e+02 9.98033000e-01 1.00253000e+00 1.97837000e-03 1.00649000e+00 1.00055000e+00
1.01997000e+02 9.97876000e-01 1.00273000e+00 1.84999000e-03 1.00643000e+00 1.00088000e+00
1.02102000e+02 9.97744000e-01 1.00291000e+00 1.70147000e-03 1.00631000e+00 1.00121000e+00
1.02206000e+02 9.97637000e-01 1.00305000e+00 1.53448000e-03 1.00612000e+00 1.00151000e+00
1.02311000e+02 9.97556000e-01 1.00315000e+00 1.35092000e-03 1.00585000e+00 1.00180000e+00
1.02416000e+02 9.97503000e-01 1.00322000e+00 1.15284000e-03 1.00553000e+00 1.00207000e+00
1.02521000e+02 9.97478000e-01 1.00325000e+00 9.42480000e-04 1.00514000e+00 1.00231000e+00
1.02625000e+02 9.97481000e-01 1.00325000e+00 7.22209000e-04 1.00469000e+00 1.00253000e+00
1.02730000e+02 9.97512000e-01 1.00321000e+00 4.94493000e-04 1.00420000e+00 1.00271000e+00
1.02835000e+02 9.97571000e-01 1.00313000e+00 2.61881000e-04 1.00366000e+00 1.00287000e+00
1.02940000e+02 9.97657000e-01 1.00302000e+00 2.69645000e-05 1.00308000e+00 1.00299000e+00
1.03044000e+02 9.97768000e-01 1.00288000e+00 -2.07650000e-04 1.00246000e+00 1.00308000e+00
1.03149000e+02 9.97905000e-01 1.00270000e+00 -4.39370000e-04 1.00182000e+00 1.00314000e+00
1.03254000e+02 9.98064000e-01 1.00249000e+00 -6.65650000e-04 1.00116000e+00 1.00316000e+00
1.03358000e+02 9.98245000e-01 1.00226000e+00 -8.84020000e-04 1.00049000e+00 1.00314000e+00
1.03463000e+02 9.98445000e-01 1.00200000e+00 -1.09211000e-03 9.99818000e-01 1.00309000e+00
1.03568000e+02 9.98661000e-01 1.00172000e+00 -1.28768000e-03 9.99147000e-01 1.00301000e+00
1.03673000e+02 9.98893000e-01 1.00142000e+00 -1.46864000e-03 9.98486000e-01 1.00289000e+00
1.03777000e+02 9.99136000e-01 1.00111000e+00 -1.63308000e-03 9.97844000e-01 1.00274000e+00
1.03882000e+02 9.99389000e-01 1.00078000e+00 -1.77927000e-03 9.97226000e-01 1.00256000e+00
1.03987000e+02 9.99648000e-01 1.00045000e+00 -1.90570000e-03 9.96640000e-01 1.00236000e+00
1.04091000e+02 9.99910000e-01 1.00011000e+00 -2.01108000e-03 9.96091000e-01 1.00212000e+00
1.04196000e+02 1.00017000e+00 9.99775000e-01 -2.09436000e-03 9.95587000e-01 1.00187000e+00
1.04301000e+02 1.00043000e+00 9.99441000e-01 -2.15474000e-03 9.95131000e-01 1.00160000e+00
1.04406000e+02 1.00069000e+00 9.99113000e-01 -2.19164000e-03 9.94730000e-01 1.00130000e+00
1.04510000e+02 1.00094000e+00 9.98796000e-01 -2.20476000e-03 9.94386000e-01 1.00100000e+00
1.04615000e+02 1.00117000e+00 9.98493000e-01 -2.19406000e-03 9.94105000e-01 1.00069000e+00
1.04720000e+02 1.00139000e+00 9.98207000e-01 -2.15972000e-03 9.93888000e-01 1.00037000e+00
1.04824000e+02 1.00160000e+00 9.97942000e-01 -2.10219000e-03 9.93738000e-01 1.00004000e+00
1.04929000e+02 1.00179000e+00 9.97701000e-01 -2.02215000e-03 9.93656000e-01 9.99723000e-01
1.05034000e+02 1.00196000e+00 9.97485000e-01 -1.92053000e-03 9.93644000e-01 9.99406000e-01
1.05139000e+02 1.00210000e+00 9.97299000e-01 -1.79846000e-03 9.93702000e-01 9.99097000e-01
1.05243000e+02 1.00222000e+00 9.97142000e-01 -1.65729000e-03 9.93828000e-01 9.98800000e-01
1.05348000e+02 1.00232000e+00 9.97018000e-01 -1.49855000e-03 9.94021000e-01 9.98517000e-01
1.05453000e+02 1.00239000e+00 9.96928000e-01 -1.32396000e-03 9.94280000e-01 9.98252000e-01
1.05558000e+02 1.00244000e+00 9.96872000e-01 -1.13541000e-03 9.94601000e-01 9.98007000e-01
1.05662000e+02 1.00245000e+00 9.96851000e-01 -9.34918000e-04 9.94981000e-01 9.97786000e-01
1.05767000e+02 1.00244000e+00 9.96866000e-01 -7.24622000e-04 9.95416000e-01 9.97590000e-01
1.05872000e+02 1.00240000e+00 9.96915000e-01 -5.06768000e-04 9.95902000e-01 9.97422000e-01
1.05976000e+02 1.00233000e+00 9.96999000e-01 -2.83678000e-04 9.96432000e-01 9.97283000e-01
1.06081000e+02 1.00224000e+00 9.97117000e-01 -5.77319000e-05 9.97001000e-01 9.97174000e-01
1.06186000e+02 1.00213000e+00 9.97266000e-01 1.68661000e-04 9.97604000e-01 9.97098000e-01
1.06291000e+02 1.00199000e+00 9.97446000e-01 3.93082000e-04 9.98232000e-01 9.97053000e-01
1.06395000e+02 1.00182000e+00 9.97655000e-01 6.13129000e-04 9.98881000e-01 9.97042000e-01
1.06500000e+02 1.00164000e+00 9.97889000e-01 8.26440000e-04 9.99542000e-01 9.97063000e-01
1.06605000e+02 1.00144000e+00 9.98147000e-01 1.03072000e-03 1.00021000e+00 9.97116000e-01
1.06709000e+02 1.00122000e+00 9.98425000e-01 1.22377000e-03 1.00087000e+00 9.97202000e-01
1.06814000e+02 1.00100000e+00 9.98721000e-01 1.40349000e-03 1.00153000e+00 9.97318000e-01
1.06919000e+02 1.00076000e+00 9.99031000e-01 1.56793000e-03 1.00217000e+00 9.97463000e-01
1.07024000e+02 1.00051000e+00 9.99351000e-01 1.71529000e-03 1.00278000e+00 9.97635000e-01
1.07128000e+02 1.00025000e+00 9.99678000e-01 1.84397000e-03 1.00337000e+00 9.97834000e-01
1.07233000e+02 1.00000000e+00 1.00001000e+00 1.95254000e-03 1.00391000e+00 9.98055000e-01
