# k S000 S110 S112 S10 S11
1.04720000e-01 4.44507000e-01 1.94133000e+00 -9.10734000e-01 1.19861000e-01 2.85206000e+00
2.09440000e-01 4.45297000e-01 1.93002000e+00 -9.04930000e-01 1.20159000e-01 2.83495000e+00
3.14159000e-01 4.46615000e-01 1.91153000e+00 -8.95435000e-01 1.20658000e-01 2.80696000e+00
4.18879000e-01 4.48465000e-01 1.88637000e+00 -8.82503000e-01 1.21361000e-01 2.76887000e+00
5.23599000e-01 4.50852000e-01 1.85520000e+00 -8.66465000e-01 1.22272000e-01 2.72167000e+00
6.28319000e-01 4.53780000e-01 1.81881000e+00 -8.47710000e-01 1.23395000e-01 2.66652000e+00
7.33038000e-01 4.57258000e-01 1.77806000e+00 -8.26662000e-01 1.24737000e-01 2.60472000e+00
8.37758000e-01 4.61291000e-01 1.73382000e+00 -8.03758000e-01 1.26306000e-01 2.53758000e+00
9.42478000e-01 4.65891000e-01 1.68697000e+00 -7.79430000e-01 1.28112000e-01 2.46640000e+00
1.04720000e+00 4.71067000e-01 1.63834000e+00 -7.54087000e-01 1.30164000e-01 2.39243000e+00
1.15192000e+00 4.76829000e-01 1.58869000e+00 -7.28106000e-01 1.32476000e-01 2.31679000e+00
1.25664000e+00 4.83190000e-01 1.53870000e+00 -7.01820000e-01 1.35061000e-01 2.24052000e+00
1.36136000e+00 4.90163000e-01 1.48897000e+00 -6.75519000e-01 1.37936000e-01 2.16449000e+00
1.46608000e+00 4.97760000e-01 1.44001000e+00 -6.49445000e-01 1.41117000e-01 2.08945000e+00
1.57080000e+00 5.05996000e-01 1.39221000e+00 -6.23794000e-01 1.44627000e-01 2.01601000e+00
1.67552000e+00 5.14883000e-01 1.34592000e+00 -5.98718000e-01 1.48487000e-01 1.94464000e+00
1.78024000e+00 5.24435000e-01 1.30139000e+00 -5.74334000e-01 1.52723000e-01 1.87573000e+00
1.88496000e+00 5.34667000e-01 1.25881000e+00 -5.50721000e-01 1.57364000e-01 1.80953000e+00
1.98968000e+00 5.45589000e-01 1.21830000e+00 -5.27929000e-01 1.62443000e-01 1.74623000e+00
2.09440000e+00 5.57214000e-01 1.17996000e+00 -5.05985000e-01 1.67994000e-01 1.68595000e+00
2.19911000e+00 5.69550000e-01 1.14384000e+00 -4.84892000e-01 1.74058000e-01 1.62873000e+00
2.30383000e+00 5.82606000e-01 1.10995000e+00 -4.64637000e-01 1.80680000e-01 1.57459000e+00
2.40855000e+00 5.96386000e-01 1.07830000e+00 -4.45193000e-01 1.87910000e-01 1.52349000e+00
2.51327000e+00 6.10891000e-01 1.04885000e+00 -4.26522000e-01 1.95804000e-01 1.47537000e+00
2.61799000e+00 6.26119000e-01 1.02157000e+00 -4.08575000e-01 2.04423000e-01 1.43015000e+00
2.72271000e+00 6.42060000e-01 9.96435000e-01 -3.91298000e-01 2.13838000e-01 1.38773000e+00
2.82743000e+00 6.58701000e-01 9.73385000e-01 -3.74630000e-01 2.24125000e-01 1.34801000e+00
2.93215000e+00 6.76022000e-01 9.52377000e-01 -3.58503000e-01 2.35372000e-01 1.31088000e+00
3.03687000e+00 6.93993000e-01 9.33368000e-01 -3.42848000e-01 2.47672000e-01 1.27622000e+00
3.14159000e+00 7.12578000e-01 9.16313000e-01 -3.27590000e-01 2.61134000e-01 1.24390000e+00
3.24631000e+00 7.31729000e-01 9.01178000e-01 -3.12651000e-01 2.75876000e-01 1.21383000e+00
3.35103000e+00 7.51390000e-01 8.87928000e-01 -2.97951000e-01 2.92027000e-01 1.18588000e+00
3.45575000e+00 7.71492000e-01 8.76541000e-01 -2.83404000e-01 3.09732000e-01 1.15995000e+00
3.56047000e+00 7.91955000e-01 8.66999000e-01 -2.68925000e-01 3.29149000e-01 1.13592000e+00
3.66519000e+00 8.12688000e-01 8.59292000e-01 -2.54421000e-01 3.50450000e-01 1.11371000e+00
3.76991000e+00 8.33586000e-01 8.53418000e-01 -2.39799000e-01 3.73820000e-01 1.09322000e+00
3.87463000e+00 8.54535000e-01 8.49385000e-01 -2.24963000e-01 3.99458000e-01 1.07435000e+00
3.97935000e+00 8.75410000e-01 8.47205000e-01 -2.09815000e-01 4.27575000e-01 1.05702000e+00
4.08407000e+00 8.96076000e-01 8.46896000e-01 -1.94254000e-01 4.58388000e-01 1.04115000e+00
4.18879000e+00 9.16390000e-01 8.48482000e-01 -1.78184000e-01 4.92115000e-01 1.02667000e+00
4.29351000e+00 9.36206000e-01 8.51986000e-01 -1.61509000e-01 5.28968000e-01 1.01349000e+00
4.39823000e+00 9.55373000e-01 8.57426000e-01 -1.44143000e-01 5.69141000e-01 1.00157000e+00
4.50295000e+00 9.73744000e-01 8.64815000e-01 -1.26011000e-01 6.12793000e-01 9.90826000e-01
4.60767000e+00 9.91173000e-01 8.74147000e-01 -1.07060000e-01 6.60027000e-01 9.81207000e-01
4.71239000e+00 1.00752000e+00 8.85391000e-01 -8.72636000e-02 7.10864000e-01 9.72654000e-01
4.81711000e+00 1.02267000e+00 8.98481000e-01 -6.66352000e-02 7.65211000e-01 9.65116000e-01
4.92183000e+00 1.03651000e+00 9.13303000e-01 -4.52388000e-02 8.22825000e-01 9.58542000e-01
5.02655000e+00 1.04893000e+00 9.29681000e-01 -2.32018000e-02 8.83278000e-01 9.52883000e-01
5.13127000e+00 1.05988000e+00 9.47368000e-01 -7.26676000e-04 9.45914000e-01 9.48094000e-01
5.23599000e+00 1.06930000e+00 9.66033000e-01 2.19009000e-02 1.00983000e+00 9.44132000e-01
5.34071000e+00 1.07717000e+00 9.85262000e-01 4.43089000e-02 1.07388000e+00 9.40953000e-01
5.44543000e+00 1.08347000e+00 1.00456000e+00 6.60456000e-02 1.13665000e+00 9.38518000e-01
5.55015000e+00 1.08824000e+00 1.02338000e+00 8.65966000e-02 1.19657000e+00 9.36785000e-01
5.65487000e+00 1.09152000e+00 1.04113000e+00 1.05415000e-01 1.25196000e+00 9.35717000e-01
5.75959000e+00 1.09336000e+00 1.05724000e+00 1.21964000e-01 1.30117000e+00 9.35274000e-01
5.86431000e+00 1.09386000e+00 1.07118000e+00 1.35761000e-01 1.34270000e+00 9.35419000e-01
5.96903000e+00 1.09309000e+00 1.08254000e+00 1.46426000e-01 1.37539000e+00 9.36115000e-01
6.07375000e+00 1.09118000e+00 1.09105000e+00 1.53722000e-01 1.39849000e+00 9.37324000e-01
6.17847000e+00 1.08823000e+00 1.09658000e+00 1.57571000e-01 1.41172000e+00 9.39007000e-01
6.28319000e+00 1.08437000e+00 1.09919000e+00 1.58062000e-01 1.41532000e+00 9.41129000e-01
6.38791000e+00 1.07972000e+00 1.09908000e+00 1.55432000e-01 1.40994000e+00 9.43650000e-01
6.49262000e+00 1.07441000e+00 1.09656000e+00 1.50029000e-01 1.39662000e+00 9.46532000e-01
6.59734000e+00 1.06855000e+00 1.09202000e+00 1.42281000e-01 1.37658000e+00 9.49736000e-01
6.70206000e+00 1.06227000e+00 1.08587000e+00 1.32649000e-01 1.35117000e+00 9.53224000e-01
6.80678000e+00 1.05567000e+00 1.07855000e+00 1.21593000e-01 1.32173000e+00 9.56955000e-01
6.91150000e+00 1.04887000e+00 1.07044000e+00 1.09547000e-01 1.28953000e+00 9.60891000e-01
7.01622000e+00 1.04195000e+00 1.06189000e+00 9.68974000e-02 1.25568000e+00 9.64991000e-01
7.12094000e+00 1.03501000e+00 1.05319000e+00 8.39781000e-02 1.22115000e+00 9.69216000e-01
7.22566000e+00 1.02814000e+00 1.04459000e+00 7.10643000e-02 1.18672000e+00 9.73525000e-01
7.33038000e+00 1.02139000e+00 1.03626000e+00 5.83767000e-02 1.15301000e+00 9.77880000e-01
7.43510000e+00 1.01484000e+00 1.02833000e+00 4.60866000e-02 1.12050000e+00 9.82241000e-01
7.53982000e+00 1.00854000e+00 1.02089000e+00 3.43225000e-02 1.08954000e+00 9.86570000e-01
7.64454000e+00 1.00255000e+00 1.01401000e+00 2.31774000e-02 1.06036000e+00 9.90829000e-01
7.74926000e+00 9.96891000e-01 1.00770000e+00 1.27154000e-02 1.03313000e+00 9.94985000e-01
7.85398000e+00 9.91611000e-01 1.00198000e+00 2.97792000e-03 1.00794000e+00 9.99002000e-01
7.95870000e+00 9.86735000e-01 9.96837000e-01 -6.01112000e-03 9.84815000e-01 1.00285000e+00
8.06342000e+00 9.82284000e-01 9.92254000e-01 -1.42412000e-02 9.63771000e-01 1.00649000e+00
8.16814000e+00 9.78274000e-01 9.88203000e-01 -2.17117000e-02 9.44779000e-01 1.00991000e+00
8.27286000e+00 9.74718000e-01 9.84653000e-01 -2.84290000e-02 9.27795000e-01 1.01308000e+00
8.37758000e+00 9.71623000e-01 9.81572000e-01 -3.44049000e-02 9.12762000e-01 1.01598000e+00
8.48230000e+00 9.68990000e-01 9.78927000e-01 -3.96546000e-02 8.99618000e-01 1.01858000e+00
8.58702000e+00 9.66819000e-01 9.76685000e-01 -4.41957000e-02 8.88294000e-01 1.02088000e+00
8.69174000e+00 9.65105000e-01 9.74816000e-01 -4.80477000e-02 8.78721000e-01 1.02286000e+00
8.79646000e+00 9.63842000e-01 9.73293000e-01 -5.12310000e-02 8.70831000e-01 1.02452000e+00
8.90118000e+00 9.63017000e-01 9.72090000e-01 -5.37667000e-02 8.64556000e-01 1.02586000e+00
9.00590000e+00 9.62617000e-01 9.71185000e-01 -5.56767000e-02 8.59831000e-01 1.02686000e+00
9.11062000e+00 9.62627000e-01 9.70559000e-01 -5.69831000e-02 8.56593000e-01 1.02754000e+00
9.21534000e+00 9.63028000e-01 9.70197000e-01 -5.77084000e-02 8.54780000e-01 1.02791000e+00
9.32006000e+00 9.63799000e-01 9.70085000e-01 -5.78756000e-02 8.54334000e-01 1.02796000e+00
9.42478000e+00 9.64917000e-01 9.70213000e-01 -5.75081000e-02 8.55197000e-01 1.02772000e+00
9.52950000e+00 9.66359000e-01 9.70570000e-01 -5.66299000e-02 8.57311000e-01 1.02720000e+00
9.63422000e+00 9.68098000e-01 9.71151000e-01 -5.52660000e-02 8.60619000e-01 1.02642000e+00
9.73894000e+00 9.70106000e-01 9.71949000e-01 -5.34421000e-02 8.65065000e-01 1.02539000e+00
9.84366000e+00 9.72354000e-01 9.72958000e-01 -5.11851000e-02 8.70588000e-01 1.02414000e+00
9.94838000e+00 9.74811000e-01 9.74173000e-01 -4.85230000e-02 8.77127000e-01 1.02270000e+00
1.00531000e+01 9.77446000e-01 9.75587000e-01 -4.54857000e-02 8.84616000e-01 1.02107000e+00
1.01578000e+01 9.80228000e-01 9.77195000e-01 -4.21044000e-02 8.92986000e-01 1.01930000e+00
1.02625000e+01 9.83122000e-01 9.78986000e-01 -3.84123000e-02 9.02162000e-01 1.01740000e+00
1.03673000e+01 9.86097000e-01 9.80952000e-01 -3.44447000e-02 9.12063000e-01 1.01540000e+00
1.04720000e+01 9.89119000e-01 9.83079000e-01 -3.02390000e-02 9.22601000e-01 1.01332000e+00
1.05767000e+01 9.92155000e-01 9.85352000e-01 -2.58347000e-02 9.33682000e-01 1.01119000e+00
1.06814000e+01 9.95172000e-01 9.87752000e-01 -2.12738000e-02 9.45205000e-01 1.00903000e+00
1.07861000e+01 9.98140000e-01 9.90259000e-01 -1.66003000e-02 9.57059000e-01 1.00686000e+00
1.08909000e+01 1.00103000e+00 9.92848000e-01 -1.18603000e-02 9.69128000e-01 1.00471000e+00
1.09956000e+01 1.00381000e+00 9.95492000e-01 -7.10179000e-03 9.81289000e-01 1.00259000e+00
1.11003000e+01 1.00645000e+00 9.98160000e-01 -2.37393000e-03 9.93413000e-01 1.00053000e+00
1.12050000e+01 1.00893000e+00 1.00082000e+00 2.27306000e-03 1.00537000e+00 9.98548000e-01
1.13097000e+01 1.01123000e+00 1.00344000e+00 6.78875000e-03 1.01702000e+00 9.96651000e-01
1.14145000e+01 1.01333000e+00 1.00598000e+00 1.11232000e-02 1.02823000e+00 9.94858000e-01
1.15192000e+01 1.01520000e+00 1.00841000e+00 1.52278000e-02 1.03887000e+00 9.93183000e-01
1.16239000e+01 1.01684000e+00 1.01069000e+00 1.90561000e-02 1.04880000e+00 9.91636000e-01
1.17286000e+01 1.01823000e+00 1.01279000e+00 2.25652000e-02 1.05792000e+00 9.90229000e-01
1.18333000e+01 1.01937000e+00 1.01468000e+00 2.57160000e-02 1.06612000e+00 9.88968000e-01
1.19381000e+01 1.02025000e+00 1.01634000e+00 2.84747000e-02 1.07329000e+00 9.87861000e-01
1.20428000e+01 1.02086000e+00 1.01773000e+00 3.08135000e-02 1.07935000e+00 9.86913000e-01
1.21475000e+01 1.02122000e+00 1.01884000e+00 3.27111000e-02 1.08426000e+00 9.86126000e-01
1.22522000e+01 1.02132000e+00 1.01966000e+00 3.41533000e-02 1.08796000e+00 9.85504000e-01
1.23569000e+01 1.02118000e+00 1.02018000e+00 3.51334000e-02 1.09045000e+00 9.85046000e-01
1.24617000e+01 1.02080000e+00 1.02040000e+00 3.56522000e-02 1.09171000e+00 9.84752000e-01
1.25664000e+01 1.02019000e+00 1.02034000e+00 3.57177000e-02 1.09177000e+00 9.84618000e-01
1.26711000e+01 1.01937000e+00 1.01999000e+00 3.53448000e-02 1.09068000e+00 9.84642000e-01
1.27758000e+01 1.01836000e+00 1.01937000e+00 3.45549000e-02 1.08848000e+00 9.84818000e-01
1.28805000e+01 1.01718000e+00 1.01851000e+00 3.33748000e-02 1.08526000e+00 9.85140000e-01
1.29852000e+01 1.01584000e+00 1.01744000e+00 3.18363000e-02 1.08111000e+00 9.85601000e-01
1.30900000e+01 1.01436000e+00 1.01617000e+00 2.99747000e-02 1.07612000e+00 9.86192000e-01
1.31947000e+01 1.01278000e+00 1.01473000e+00 2.78285000e-02 1.07039000e+00 9.86905000e-01
1.32994000e+01 1.01110000e+00 1.01317000e+00 2.54377000e-02 1.06404000e+00 9.87729000e-01
1.34041000e+01 1.00935000e+00 1.01150000e+00 2.28437000e-02 1.05719000e+00 9.88654000e-01
1.35088000e+01 1.00756000e+00 1.00976000e+00 2.00878000e-02 1.04993000e+00 9.89667000e-01
1.36136000e+01 1.00574000e+00 1.00797000e+00 1.72109000e-02 1.04239000e+00 9.90758000e-01
1.37183000e+01 1.00392000e+00 1.00617000e+00 1.42528000e-02 1.03467000e+00 9.91912000e-01
1.38230000e+01 1.00211000e+00 1.00437000e+00 1.12513000e-02 1.02687000e+00 9.93119000e-01
1.39277000e+01 1.00034000e+00 1.00261000e+00 8.24257000e-03 1.01909000e+00 9.94363000e-01
1.40324000e+01 9.98619000e-01 1.00089000e+00 5.26013000e-03 1.01141000e+00 9.95633000e-01
1.41372000e+01 9.96970000e-01 9.99251000e-01 2.33504000e-03 1.00392000e+00 9.96916000e-01
1.42419000e+01 9.95405000e-01 9.97692000e-01 -5.04334000e-04 9.96684000e-01 9.98197000e-01
1.43466000e+01 9.93940000e-01 9.96232000e-01 -3.23237000e-03 9.89767000e-01 9.99464000e-01
1.44513000e+01 9.92586000e-01 9.94880000e-01 -5.82618000e-03 9.83228000e-01 1.00071000e+00
1.45560000e+01 9.91354000e-01 9.93644000e-01 -8.26558000e-03 9.77113000e-01 1.00191000e+00
1.46608000e+01 9.90253000e-01 9.92531000e-01 -1.05330000e-02 9.71465000e-01 1.00306000e+00
1.47655000e+01 9.89291000e-01 9.91545000e-01 -1.26134000e-02 9.66318000e-01 1.00416000e+00
1.48702000e+01 9.88474000e-01 9.90689000e-01 -1.44942000e-02 9.61701000e-01 1.00518000e+00
1.49749000e+01 9.87805000e-01 9.89965000e-01 -1.61651000e-02 9.57634000e-01 1.00613000e+00
1.50796000e+01 9.87288000e-01 9.89372000e-01 -1.76181000e-02 9.54135000e-01 1.00699000e+00
1.51844000e+01 9.86924000e-01 9.88909000e-01 -1.88472000e-02 9.51215000e-01 1.00776000e+00
1.52891000e+01 9.86712000e-01 9.88575000e-01 -1.98484000e-02 9.48879000e-01 1.00842000e+00
1.53938000e+01 9.86649000e-01 9.88368000e-01 -2.06197000e-02 9.47128000e-01 1.00899000e+00
1.54985000e+01 9.86734000e-01 9.88283000e-01 -2.11609000e-02 9.45961000e-01 1.00944000e+00
1.56032000e+01 9.86961000e-01 9.88317000e-01 -2.14736000e-02 9.45370000e-01 1.00979000e+00
1.57080000e+01 9.87323000e-01 9.88466000e-01 -2.15610000e-02 9.45344000e-01 1.01003000e+00
1.58127000e+01 9.87815000e-01 9.88725000e-01 -2.14279000e-02 9.45869000e-01 1.01015000e+00
1.59174000e+01 9.88426000e-01 9.89089000e-01 -2.10810000e-02 9.46927000e-01 1.01017000e+00
1.60221000e+01 9.89149000e-01 9.89552000e-01 -2.05281000e-02 9.48496000e-01 1.01008000e+00
1.61268000e+01 9.89973000e-01 9.90109000e-01 -1.97788000e-02 9.50551000e-01 1.00989000e+00
1.62316000e+01 9.90887000e-01 9.90752000e-01 -1.88439000e-02 9.53064000e-01 1.00960000e+00
1.63363000e+01 9.91879000e-01 9.91475000e-01 -1.77358000e-02 9.56004000e-01 1.00921000e+00
1.64410000e+01 9.92936000e-01 9.92271000e-01 -1.64680000e-02 9.59335000e-01 1.00874000e+00
1.65457000e+01 9.94047000e-01 9.93132000e-01 -1.50554000e-02 9.63021000e-01 1.00819000e+00
1.66504000e+01 9.95197000e-01 9.94049000e-01 -1.35140000e-02 9.67021000e-01 1.00756000e+00
1.67552000e+01 9.96374000e-01 9.95014000e-01 -1.18610000e-02 9.71292000e-01 1.00688000e+00
1.68599000e+01 9.97564000e-01 9.96017000e-01 -1.01145000e-02 9.75788000e-01 1.00613000e+00
1.69646000e+01 9.98755000e-01 9.97048000e-01 -8.29332000e-03 9.80461000e-01 1.00534000e+00
1.70693000e+01 9.99932000e-01 9.98097000e-01 -6.41721000e-03 9.85263000e-01 1.00451000e+00
1.71740000e+01 1.00108000e+00 9.99153000e-01 -4.50635000e-03 9.90140000e-01 1.00366000e+00
1.72788000e+01 1.00220000e+00 1.00020000e+00 -2.58129000e-03 9.95042000e-01 1.00279000e+00
1.73835000e+01 1.00326000e+00 1.00124000e+00 -6.62750000e-04 9.99916000e-01 1.00190000e+00
1.74882000e+01 1.00427000e+00 1.00225000e+00 1.22863000e-03 1.00471000e+00 1.00102000e+00
1.75929000e+01 1.00520000e+00 1.00322000e+00 3.07250000e-03 1.00937000e+00 1.00015000e+00
1.76976000e+01 1.00606000e+00 1.00415000e+00 4.84909000e-03 1.01384000e+00 9.99296000e-01
1.78024000e+01 1.00683000e+00 1.00501000e+00 6.53942000e-03 1.01809000e+00 9.98468000e-01
1.79071000e+01 1.00751000e+00 1.00580000e+00 8.12559000e-03 1.02205000e+00 9.97674000e-01
1.80118000e+01 1.00808000e+00 1.00651000e+00 9.59100000e-03 1.02569000e+00 9.96921000e-01
1.81165000e+01 1.00856000e+00 1.00714000e+00 1.09206000e-02 1.02898000e+00 9.96217000e-01
1.82212000e+01 1.00892000e+00 1.00767000e+00 1.21013000e-02 1.03187000e+00 9.95566000e-01
1.83260000e+01 1.00918000e+00 1.00810000e+00 1.31216000e-02 1.03434000e+00 9.94974000e-01
1.84307000e+01 1.00933000e+00 1.00842000e+00 1.39726000e-02 1.03636000e+00 9.94447000e-01
1.85354000e+01 1.00937000e+00 1.00863000e+00 1.46473000e-02 1.03793000e+00 9.93987000e-01
1.86401000e+01 1.00930000e+00 1.00874000e+00 1.51413000e-02 1.03902000e+00 9.93598000e-01
1.87448000e+01 1.00913000e+00 1.00874000e+00 1.54524000e-02 1.03964000e+00 9.93283000e-01
1.88496000e+01 1.00887000e+00 1.00862000e+00 1.55810000e-02 1.03979000e+00 9.93043000e-01
1.89543000e+01 1.00851000e+00 1.00841000e+00 1.55297000e-02 1.03947000e+00 9.92879000e-01
1.90590000e+01 1.00806000e+00 1.00809000e+00 1.53032000e-02 1.03870000e+00 9.92792000e-01
1.91637000e+01 1.00753000e+00 1.00769000e+00 1.49087000e-02 1.03751000e+00 9.92779000e-01
1.92684000e+01 1.00692000e+00 1.00720000e+00 1.43549000e-02 1.03591000e+00 9.92841000e-01
1.93732000e+01 1.00626000e+00 1.00663000e+00 1.36525000e-02 1.03393000e+00 9.92976000e-01
1.94779000e+01 1.00554000e+00 1.00599000e+00 1.28136000e-02 1.03162000e+00 9.93179000e-01
1.95826000e+01 1.00477000e+00 1.00530000e+00 1.18518000e-02 1.02900000e+00 9.93450000e-01
1.96873000e+01 1.00396000e+00 1.00456000e+00 1.07813000e-02 1.02613000e+00 9.93782000e-01
1.97920000e+01 1.00313000e+00 1.00379000e+00 9.61762000e-03 1.02303000e+00 9.94173000e-01
1.98968000e+01 1.00229000e+00 1.00299000e+00 8.37639000e-03 1.01975000e+00 9.94616000e-01
2.00015000e+01 1.00143000e+00 1.00218000e+00 7.07377000e-03 1.01633000e+00 9.95107000e-01
2.01062000e+01 1.00058000e+00 1.00137000e+00 5.72600000e-03 1.01282000e+00 9.95640000e-01
2.02109000e+01 9.99740000e-01 1.00056000e+00 4.34916000e-03 1.00926000e+00 9.96209000e-01
2.03156000e+01 9.98921000e-01 9.99767000e-01 2.95908000e-03 1.00568000e+00 9.96808000e-01
2.04204000e+01 9.98131000e-01 9.99000000e-01 1.57111000e-03 1.00214000e+00 9.97429000e-01
2.05251000e+01 9.97379000e-01 9.98266000e-01 2.00003000e-04 9.98666000e-01 9.98066000e-01
2.06298000e+01 9.96672000e-01 9.97573000e-01 -1.14021000e-03 9.95292000e-01 9.98713000e-01
2.07345000e+01 9.96016000e-01 9.96926000e-01 -2.43634000e-03 9.92054000e-01 9.99363000e-01
2.08392000e+01 9.95417000e-01 9.96332000e-01 -3.67611000e-03 9.88980000e-01 1.00001000e+00
2.09440000e+01 9.94882000e-01 9.95795000e-01 -4.84823000e-03 9.86098000e-01 1.00064000e+00
2.10487000e+01 9.94413000e-01 9.95318000e-01 -5.94246000e-03 9.83433000e-01 1.00126000e+00
2.11534000e+01 9.94016000e-01 9.94906000e-01 -6.94963000e-03 9.81007000e-01 1.00186000e+00
2.12581000e+01 9.93692000e-01 9.94560000e-01 -7.86170000e-03 9.78836000e-01 1.00242000e+00
2.13628000e+01 9.93444000e-01 9.94281000e-01 -8.67175000e-03 9.76937000e-01 1.00295000e+00
2.14675000e+01 9.93272000e-01 9.94071000e-01 -9.37403000e-03 9.75322000e-01 1.00344000e+00
2.15723000e+01 9.93178000e-01 9.93929000e-01 -9.96392000e-03 9.74001000e-01 1.00389000e+00
2.16770000e+01 9.93161000e-01 9.93855000e-01 -1.04379000e-02 9.72979000e-01 1.00429000e+00
2.17817000e+01 9.93219000e-01 9.93848000e-01 -1.07938000e-02 9.72260000e-01 1.00464000e+00
2.18864000e+01 9.93351000e-01 9.93906000e-01 -1.10303000e-02 9.71845000e-01 1.00494000e+00
2.19911000e+01 9.93554000e-01 9.94027000e-01 -1.11472000e-02 9.71732000e-01 1.00517000e+00
2.20959000e+01 9.93823000e-01 9.94208000e-01 -1.11458000e-02 9.71916000e-01 1.00535000e+00
2.22006000e+01 9.94156000e-01 9.94447000e-01 -1.10279000e-02 9.72391000e-01 1.00547000e+00
2.23053000e+01 9.94548000e-01 9.94739000e-01 -1.07968000e-02 9.73146000e-01 1.00554000e+00
2.24100000e+01 9.94992000e-01 9.95082000e-01 -1.04565000e-02 9.74169000e-01 1.00554000e+00
2.25147000e+01 9.95484000e-01 9.95470000e-01 -1.00121000e-02 9.75446000e-01 1.00548000e+00
2.26195000e+01 9.96018000e-01 9.95900000e-01 -9.46958000e-03 9.76960000e-01 1.00537000e+00
2.27242000e+01 9.96586000e-01 9.96366000e-01 -8.83589000e-03 9.78694000e-01 1.00520000e+00
2.28289000e+01 9.97182000e-01 9.96864000e-01 -8.11868000e-03 9.80626000e-01 1.00498000e+00
2.29336000e+01 9.97800000e-01 9.97388000e-01 -7.32637000e-03 9.82735000e-01 1.00471000e+00
2.30383000e+01 9.98431000e-01 9.97932000e-01 -6.46809000e-03 9.84996000e-01 1.00440000e+00
2.31431000e+01 9.99069000e-01 9.98492000e-01 -5.55355000e-03 9.87385000e-01 1.00405000e+00
2.32478000e+01 9.99707000e-01 9.99061000e-01 -4.59298000e-03 9.89875000e-01 1.00365000e+00
2.33525000e+01 1.00034000e+00 9.99633000e-01 -3.59703000e-03 9.92439000e-01 1.00323000e+00
2.34572000e+01 1.00095000e+00 1.00020000e+00 -2.57665000e-03 9.95049000e-01 1.00278000e+00
2.35619000e+01 1.00155000e+00 1.00076000e+00 -1.54302000e-03 9.97676000e-01 1.00231000e+00
2.36667000e+01 1.00212000e+00 1.00131000e+00 -5.07399000e-04 1.00029000e+00 1.00182000e+00
2.37714000e+01 1.00265000e+00 1.00183000e+00 5.18996000e-04 1.00287000e+00 1.00131000e+00
2.38761000e+01 1.00315000e+00 1.00233000e+00 1.52509000e-03 1.00538000e+00 1.00081000e+00
2.39808000e+01 1.00360000e+00 1.00280000e+00 2.50009000e-03 1.00780000e+00 1.00030000e+00
2.40855000e+01 1.00401000e+00 1.00323000e+00 3.43362000e-03 1.01010000e+00 9.99795000e-01
2.41903000e+01 1.00437000e+00 1.00362000e+00 4.31584000e-03 1.01225000e+00 9.99301000e-01
2.42950000e+01 1.00467000e+00 1.00396000e+00 5.13755000e-03 1.01423000e+00 9.98822000e-01
2.43997000e+01 1.00491000e+00 1.00425000e+00 5.89034000e-03 1.01603000e+00 9.98363000e-01
2.45044000e+01 1.00509000e+00 1.00449000e+00 6.56667000e-03 1.01763000e+00 9.97927000e-01
2.46091000e+01 1.00522000e+00 1.00468000e+00 7.15995000e-03 1.01900000e+00 9.97520000e-01
2.47139000e+01 1.00528000e+00 1.00481000e+00 7.66465000e-03 1.02014000e+00 9.97144000e-01
2.48186000e+01 1.00528000e+00 1.00488000e+00 8.07635000e-03 1.02103000e+00 9.96803000e-01
2.49233000e+01 1.00523000e+00 1.00489000e+00 8.39180000e-03 1.02168000e+00 9.96501000e-01
2.50280000e+01 1.00511000e+00 1.00485000e+00 8.60893000e-03 1.02207000e+00 9.96239000e-01
2.51327000e+01 1.00494000e+00 1.00475000e+00 8.72686000e-03 1.02220000e+00 9.96020000e-01
2.52375000e+01 1.00472000e+00 1.00459000e+00 8.74593000e-03 1.02208000e+00 9.95846000e-01
2.53422000e+01 1.00445000e+00 1.00438000e+00 8.66762000e-03 1.02172000e+00 9.95717000e-01
2.54469000e+01 1.00413000e+00 1.00413000e+00 8.49456000e-03 1.02112000e+00 9.95635000e-01
2.55516000e+01 1.00378000e+00 1.00383000e+00 8.23044000e-03 1.02029000e+00 9.95599000e-01
2.56563000e+01 1.00338000e+00 1.00349000e+00 7.87993000e-03 1.01925000e+00 9.95609000e-01
2.57611000e+01 1.00296000e+00 1.00311000e+00 7.44863000e-03 1.01801000e+00 9.95665000e-01
2.58658000e+01 1.00251000e+00 1.00271000e+00 6.94294000e-03 1.01659000e+00 9.95766000e-01
2.59705000e+01 1.00204000e+00 1.00228000e+00 6.36996000e-03 1.01502000e+00 9.95909000e-01
2.60752000e+01 1.00155000e+00 1.00183000e+00 5.73740000e-03 1.01330000e+00 9.96093000e-01
2.61799000e+01 1.00105000e+00 1.00137000e+00 5.05347000e-03 1.01148000e+00 9.96315000e-01
2.62847000e+01 1.00055000e+00 1.00090000e+00 4.32672000e-03 1.00955000e+00 9.96573000e-01
2.63894000e+01 1.00006000e+00 1.00043000e+00 3.56599000e-03 1.00756000e+00 9.96864000e-01
2.64941000e+01 9.99567000e-01 9.99964000e-01 2.78024000e-03 1.00552000e+00 9.97183000e-01
2.65988000e+01 9.99089000e-01 9.99507000e-01 1.97850000e-03 1.00346000e+00 9.97529000e-01
2.67035000e+01 9.98629000e-01 9.99065000e-01 1.16973000e-03 1.00140000e+00 9.97895000e-01
2.68083000e+01 9.98192000e-01 9.98643000e-01 3.62719000e-04 9.99368000e-01 9.98280000e-01
2.69130000e+01 9.97781000e-01 9.98244000e-01 -4.33958000e-04 9.97376000e-01 9.98678000e-01
2.70177000e+01 9.97402000e-01 9.97873000e-01 -1.21206000e-03 9.95449000e-01 9.99085000e-01
2.71224000e+01 9.97057000e-01 9.97533000e-01 -1.96375000e-03 9.93605000e-01 9.99497000e-01
2.72271000e+01 9.96750000e-01 9.97227000e-01 -2.68163000e-03 9.91864000e-01 9.99909000e-01
2.73319000e+01 9.96484000e-01 9.96958000e-01 -3.35883000e-03 9.90241000e-01 1.00032000e+00
2.74366000e+01 9.96260000e-01 9.96728000e-01 -3.98905000e-03 9.88750000e-01 1.00072000e+00
2.75413000e+01 9.96082000e-01 9.96539000e-01 -4.56658000e-03 9.87406000e-01 1.00111000e+00
2.76460000e+01 9.95949000e-01 9.96391000e-01 -5.08638000e-03 9.86218000e-01 1.00148000e+00
2.77507000e+01 9.95863000e-01 9.96285000e-01 -5.54406000e-03 9.85197000e-01 1.00183000e+00
2.78555000e+01 9.95824000e-01 9.96222000e-01 -5.93594000e-03 9.84350000e-01 1.00216000e+00
2.79602000e+01 9.95832000e-01 9.96201000e-01 -6.25904000e-03 9.83683000e-01 1.00246000e+00
2.80649000e+01 9.95885000e-01 9.96222000e-01 -6.51111000e-03 9.83200000e-01 1.00273000e+00
2.81696000e+01 9.95984000e-01 9.96283000e-01 -6.69063000e-03 9.82902000e-01 1.00297000e+00
2.82743000e+01 9.96125000e-01 9.96383000e-01 -6.79682000e-03 9.82790000e-01 1.00318000e+00
2.83791000e+01 9.96308000e-01 9.96521000e-01 -6.82962000e-03 9.82862000e-01 1.00335000e+00
2.84838000e+01 9.96528000e-01 9.96694000e-01 -6.78969000e-03 9.83115000e-01 1.00348000e+00
2.85885000e+01 9.96784000e-01 9.96900000e-01 -6.67839000e-03 9.83544000e-01 1.00358000e+00
2.86932000e+01 9.97072000e-01 9.97137000e-01 -6.49778000e-03 9.84141000e-01 1.00363000e+00
2.87979000e+01 9.97389000e-01 9.97401000e-01 -6.25056000e-03 9.84900000e-01 1.00365000e+00
2.89027000e+01 9.97730000e-01 9.97689000e-01 -5.94011000e-03 9.85809000e-01 1.00363000e+00
2.90074000e+01 9.98092000e-01 9.97999000e-01 -5.57036000e-03 9.86858000e-01 1.00357000e+00
2.91121000e+01 9.98470000e-01 9.98326000e-01 -5.14585000e-03 9.88034000e-01 1.00347000e+00
2.92168000e+01 9.98860000e-01 9.98667000e-01 -4.67160000e-03 9.89324000e-01 1.00334000e+00
2.93215000e+01 9.99258000e-01 9.99019000e-01 -4.15313000e-03 9.90713000e-01 1.00317000e+00
2.94263000e+01 9.99659000e-01 9.99377000e-01 -3.59638000e-03 9.92185000e-01 1.00297000e+00
2.95310000e+01 1.00006000e+00 9.99738000e-01 -3.00762000e-03 9.93723000e-01 1.00275000e+00
2.96357000e+01 1.00045000e+00 1.00010000e+00 -2.39344000e-03 9.95312000e-01 1.00249000e+00
2.97404000e+01 1.00083000e+00 1.00045000e+00 -1.76067000e-03 9.96933000e-01 1.00221000e+00
2.98451000e+01 1.00120000e+00 1.00080000e+00 -1.11627000e-03 9.98568000e-01 1.00192000e+00
2.99498000e+01 1.00155000e+00 1.00113000e+00 -4.67310000e-04 1.00020000e+00 1.00160000e+00
3.00546000e+01 1.00188000e+00 1.00145000e+00 1.79145000e-04 1.00181000e+00 1.00127000e+00
3.01593000e+01 1.00219000e+00 1.00175000e+00 8.16096000e-04 1.00338000e+00 1.00094000e+00
3.02640000e+01 1.00246000e+00 1.00203000e+00 1.43669000e-03 1.00490000e+00 1.00059000e+00
3.03687000e+01 1.00271000e+00 1.00228000e+00 2.03429000e-03 1.00635000e+00 1.00025000e+00
3.04734000e+01 1.00292000e+00 1.00250000e+00 2.60259000e-03 1.00771000e+00 9.99902000e-01
3.05782000e+01 1.00309000e+00 1.00270000e+00 3.13561000e-03 1.00897000e+00 9.99562000e-01
3.06829000e+01 1.00323000e+00 1.00286000e+00 3.62786000e-03 1.01011000e+00 9.99230000e-01
3.07876000e+01 1.00333000e+00 1.00298000e+00 4.07433000e-03 1.01113000e+00 9.98910000e-01
3.08923000e+01 1.00339000e+00 1.00308000e+00 4.47058000e-03 1.01202000e+00 9.98605000e-01
3.09970000e+01 1.00342000e+00 1.00313000e+00 4.81280000e-03 1.01276000e+00 9.98318000e-01
3.11018000e+01 1.00340000e+00 1.00315000e+00 5.09781000e-03 1.01335000e+00 9.98052000e-01
3.12065000e+01 1.00335000e+00 1.00313000e+00 5.32314000e-03 1.01378000e+00 9.97809000e-01
3.13112000e+01 1.00326000e+00 1.00308000e+00 5.48704000e-03 1.01405000e+00 9.97592000e-01
3.14159000e+01 1.00313000e+00 1.00299000e+00 5.58847000e-03 1.01417000e+00 9.97402000e-01
3.15206000e+01 1.00298000e+00 1.00287000e+00 5.62713000e-03 1.01412000e+00 9.97242000e-01
3.16254000e+01 1.00279000e+00 1.00272000e+00 5.60344000e-03 1.01392000e+00 9.97112000e-01
3.17301000e+01 1.00257000e+00 1.00253000e+00 5.51853000e-03 1.01357000e+00 9.97015000e-01
3.18348000e+01 1.00232000e+00 1.00232000e+00 5.37423000e-03 1.01307000e+00 9.96949000e-01
3.19395000e+01 1.00206000e+00 1.00209000e+00 5.17299000e-03 1.01244000e+00 9.96916000e-01
3.20442000e+01 1.00177000e+00 1.00183000e+00 4.91788000e-03 1.01167000e+00 9.96916000e-01
3.21490000e+01 1.00147000e+00 1.00156000e+00 4.61253000e-03 1.01079000e+00 9.96949000e-01
3.22537000e+01 1.00115000e+00 1.00127000e+00 4.26106000e-03 1.00980000e+00 9.97013000e-01
3.23584000e+01 1.00083000e+00 1.00098000e+00 3.86804000e-03 1.00871000e+00 9.97108000e-01
3.24631000e+01 1.00050000e+00 1.00067000e+00 3.43843000e-03 1.00755000e+00 9.97233000e-01
3.25678000e+01 1.00017000e+00 1.00036000e+00 2.97749000e-03 1.00632000e+00 9.97385000e-01
3.26726000e+01 9.99842000e-01 1.00005000e+00 2.49071000e-03 1.00504000e+00 9.97564000e-01
3.27773000e+01 9.99521000e-01 9.99750000e-01 1.98379000e-03 1.00372000e+00 9.97766000e-01
3.28820000e+01 9.99208000e-01 9.99453000e-01 1.46251000e-03 1.00238000e+00 9.97991000e-01
3.29867000e+01 9.98908000e-01 9.99167000e-01 9.32729000e-04 1.00103000e+00 9.98234000e-01
3.30914000e+01 9.98625000e-01 9.98894000e-01 4.00250000e-04 9.99695000e-01 9.98494000e-01
3.31962000e+01 9.98360000e-01 9.98638000e-01 -1.29184000e-04 9.98380000e-01 9.98767000e-01
3.33009000e+01 9.98116000e-01 9.98401000e-01 -6.49974000e-04 9.97101000e-01 9.99051000e-01
3.34056000e+01 9.97896000e-01 9.98186000e-01 -1.15671000e-03 9.95873000e-01 9.99343000e-01
3.35103000e+01 9.97703000e-01 9.97994000e-01 -1.64424000e-03 9.94706000e-01 9.99639000e-01
3.36150000e+01 9.97537000e-01 9.97828000e-01 -2.10768000e-03 9.93612000e-01 9.99936000e-01
3.37198000e+01 9.97401000e-01 9.97688000e-01 -2.54249000e-03 9.92603000e-01 1.00023000e+00
3.38245000e+01 9.97295000e-01 9.97576000e-01 -2.94451000e-03 9.91687000e-01 1.00052000e+00
3.39292000e+01 9.97220000e-01 9.97493000e-01 -3.30995000e-03 9.90873000e-01 1.00080000e+00
3.40339000e+01 9.97177000e-01 9.97438000e-01 -3.63549000e-03 9.90167000e-01 1.00107000e+00
3.41386000e+01 9.97166000e-01 9.97412000e-01 -3.91823000e-03 9.89576000e-01 1.00133000e+00
3.42434000e+01 9.97186000e-01 9.97416000e-01 -4.15577000e-03 9.89104000e-01 1.00157000e+00
3.43481000e+01 9.97238000e-01 9.97447000e-01 -4.34618000e-03 9.88755000e-01 1.00179000e+00
3.44528000e+01 9.97319000e-01 9.97507000e-01 -4.48804000e-03 9.88531000e-01 1.00199000e+00
3.45575000e+01 9.97429000e-01 9.97592000e-01 -4.58045000e-03 9.88431000e-01 1.00217000e+00
3.46622000e+01 9.97567000e-01 9.97703000e-01 -4.62300000e-03 9.88457000e-01 1.00233000e+00
3.47670000e+01 9.97729000e-01 9.97838000e-01 -4.61581000e-03 9.88606000e-01 1.00245000e+00
3.48717000e+01 9.97916000e-01 9.97994000e-01 -4.55947000e-03 9.88875000e-01 1.00255000e+00
3.49764000e+01 9.98123000e-01 9.98171000e-01 -4.45510000e-03 9.89261000e-01 1.00263000e+00
3.50811000e+01 9.98349000e-01 9.98365000e-01 -4.30428000e-03 9.89756000e-01 1.00267000e+00
3.51858000e+01 9.98591000e-01 9.98575000e-01 -4.10906000e-03 9.90357000e-01 1.00268000e+00
3.52906000e+01 9.98845000e-01 9.98798000e-01 -3.87192000e-03 9.91054000e-01 1.00267000e+00
3.53953000e+01 9.99110000e-01 9.99032000e-01 -3.59576000e-03 9.91840000e-01 1.00263000e+00
3.55000000e+01 9.99382000e-01 9.99274000e-01 -3.28387000e-03 9.92706000e-01 1.00256000e+00
3.56047000e+01 9.99658000e-01 9.99521000e-01 -2.93988000e-03 9.93642000e-01 1.00246000e+00
3.57094000e+01 9.99934000e-01 9.99772000e-01 -2.56773000e-03 9.94636000e-01 1.00234000e+00
3.58142000e+01 1.00021000e+00 1.00002000e+00 -2.17165000e-03 9.95679000e-01 1.00219000e+00
3.59189000e+01 1.00048000e+00 1.00027000e+00 -1.75608000e-03 9.96758000e-01 1.00203000e+00
3.60236000e+01 1.00074000e+00 1.00051000e+00 -1.32565000e-03 9.97861000e-01 1.00184000e+00
3.61283000e+01 1.00099000e+00 1.00075000e+00 -8.85126000e-04 9.98977000e-01 1.00163000e+00
3.62330000e+01 1.00123000e+00 1.00097000e+00 -4.39341000e-04 1.00009000e+00 1.00141000e+00
3.63378000e+01 1.00145000e+00 1.00118000e+00 6.83102000e-06 1.00120000e+00 1.00118000e+00
3.64425000e+01 1.00165000e+00 1.00138000e+00 4.48542000e-04 1.00228000e+00 1.00093000e+00
3.65472000e+01 1.00183000e+00 1.00156000e+00 8.81023000e-04 1.00332000e+00 1.00068000e+00
3.66519000e+01 1.00199000e+00 1.00172000e+00 1.29964000e-03 1.00432000e+00 1.00042000e+00
3.67566000e+01 1.00212000e+00 1.00186000e+00 1.69993000e-03 1.00526000e+00 1.00016000e+00
3.68614000e+01 1.00223000e+00 1.00198000e+00 2.07768000e-03 1.00613000e+00 9.99901000e-01
3.69661000e+01 1.00231000e+00 1.00207000e+00 2.42895000e-03 1.00693000e+00 9.99645000e-01
3.70708000e+01 1.00237000e+00 1.00214000e+00 2.75013000e-03 1.00764000e+00 9.99394000e-01
3.71755000e+01 1.00240000e+00 1.00219000e+00 3.03797000e-03 1.00827000e+00 9.99153000e-01
3.72802000e+01 1.00240000e+00 1.00221000e+00 3.28961000e-03 1.00879000e+00 9.98922000e-01
3.73850000e+01 1.00238000e+00 1.00221000e+00 3.50265000e-03 1.00921000e+00 9.98705000e-01
3.74897000e+01 1.00233000e+00 1.00218000e+00 3.67514000e-03 1.00953000e+00 9.98503000e-01
3.75944000e+01 1.00225000e+00 1.00212000e+00 3.80558000e-03 1.00974000e+00 9.98319000e-01
3.76991000e+01 1.00215000e+00 1.00205000e+00 3.89299000e-03 1.00983000e+00 9.98154000e-01
3.78038000e+01 1.00203000e+00 1.00195000e+00 3.93688000e-03 1.00982000e+00 9.98010000e-01
3.79086000e+01 1.00188000e+00 1.00183000e+00 3.93725000e-03 1.00970000e+00 9.97888000e-01
3.80133000e+01 1.00172000e+00 1.00168000e+00 3.89459000e-03 1.00947000e+00 9.97789000e-01
3.81180000e+01 1.00154000e+00 1.00153000e+00 3.80987000e-03 1.00914000e+00 9.97715000e-01
3.82227000e+01 1.00134000e+00 1.00135000e+00 3.68451000e-03 1.00872000e+00 9.97666000e-01
3.83274000e+01 1.00113000e+00 1.00116000e+00 3.52038000e-03 1.00820000e+00 9.97642000e-01
3.84322000e+01 1.00091000e+00 1.00096000e+00 3.31975000e-03 1.00760000e+00 9.97643000e-01
3.85369000e+01 1.00068000e+00 1.00075000e+00 3.08527000e-03 1.00692000e+00 9.97669000e-01
3.86416000e+01 1.00045000e+00 1.00054000e+00 2.81991000e-03 1.00618000e+00 9.97719000e-01
3.87463000e+01 1.00021000e+00 1.00032000e+00 2.52696000e-03 1.00537000e+00 9.97793000e-01
3.88510000e+01 9.99978000e-01 1.00010000e+00 2.20994000e-03 1.00452000e+00 9.97890000e-01
3.89557000e+01 9.99745000e-01 9.99882000e-01 1.87261000e-03 1.00363000e+00 9.98009000e-01
3.90605000e+01 9.99517000e-01 9.99667000e-01 1.51887000e-03 1.00270000e+00 9.98148000e-01
3.91652000e+01 9.99297000e-01 9.99459000e-01 1.15274000e-03 1.00176000e+00 9.98306000e-01
3.92699000e+01 9.99087000e-01 9.99259000e-01 7.78339000e-04 1.00082000e+00 9.98481000e-01
3.93746000e+01 9.98890000e-01 9.99070000e-01 3.99783000e-04 9.99869000e-01 9.98670000e-01
3.94793000e+01 9.98707000e-01 9.98893000e-01 2.11877000e-05 9.98936000e-01 9.98872000e-01
3.95841000e+01 9.98540000e-01 9.98732000e-01 -3.53394000e-04 9.98025000e-01 9.99085000e-01
3.96888000e+01 9.98391000e-01 9.98586000e-01 -7.20011000e-04 9.97146000e-01 9.99306000e-01
3.97935000e+01 9.98261000e-01 9.98458000e-01 -1.07485000e-03 9.96308000e-01 9.99533000e-01
3.98982000e+01 9.98152000e-01 9.98349000e-01 -1.41428000e-03 9.95520000e-01 9.99763000e-01
4.00029000e+01 9.98064000e-01 9.98260000e-01 -1.73488000e-03 9.94790000e-01 9.99994000e-01
4.01077000e+01 9.97999000e-01 9.98191000e-01 -2.03345000e-03 9.94124000e-01 1.00022000e+00
4.02124000e+01 9.97957000e-01 9.98143000e-01 -2.30709000e-03 9.93529000e-01 1.00045000e+00
4.03171000e+01 9.97938000e-01 9.98116000e-01 -2.55318000e-03 9.93010000e-01 1.00067000e+00
4.04218000e+01 9.97942000e-01 9.98110000e-01 -2.76941000e-03 9.92572000e-01 1.00088000e+00
4.05265000e+01 9.97969000e-01 9.98126000e-01 -2.95381000e-03 9.92218000e-01 1.00108000e+00
4.06313000e+01 9.98018000e-01 9.98162000e-01 -3.10477000e-03 9.91952000e-01 1.00127000e+00
4.07360000e+01 9.98089000e-01 9.98218000e-01 -3.22103000e-03 9.91776000e-01 1.00144000e+00
4.08407000e+01 9.98180000e-01 9.98293000e-01 -3.30169000e-03 9.91689000e-01 1.00159000e+00
4.09454000e+01 9.98291000e-01 9.98386000e-01 -3.34626000e-03 9.91693000e-01 1.00173000e+00
4.10501000e+01 9.98419000e-01 9.98495000e-01 -3.35458000e-03 9.91786000e-01 1.00185000e+00
4.11549000e+01 9.98564000e-01 9.98620000e-01 -3.32692000e-03 9.91967000e-01 1.00195000e+00
4.12596000e+01 9.98724000e-01 9.98759000e-01 -3.26387000e-03 9.92232000e-01 1.00202000e+00
4.13643000e+01 9.98896000e-01 9.98911000e-01 -3.16640000e-03 9.92578000e-01 1.00208000e+00
4.14690000e+01 9.99079000e-01 9.99072000e-01 -3.03586000e-03 9.93001000e-01 1.00211000e+00
4.15737000e+01 9.99270000e-01 9.99243000e-01 -2.87389000e-03 9.93495000e-01 1.00212000e+00
4.16785000e+01 9.99468000e-01 9.99420000e-01 -2.68247000e-03 9.94055000e-01 1.00210000e+00
4.17832000e+01 9.99670000e-01 9.99602000e-01 -2.46387000e-03 9.94674000e-01 1.00207000e+00
4.18879000e+01 9.99874000e-01 9.99786000e-01 -2.22065000e-03 9.95345000e-01 1.00201000e+00
4.19926000e+01 1.00008000e+00 9.99972000e-01 -1.95559000e-03 9.96060000e-01 1.00193000e+00
4.20973000e+01 1.00028000e+00 1.00016000e+00 -1.67171000e-03 9.96812000e-01 1.00183000e+00
4.22021000e+01 1.00047000e+00 1.00034000e+00 -1.37218000e-03 9.97592000e-01 1.00171000e+00
4.23068000e+01 1.00066000e+00 1.00051000e+00 -1.06037000e-03 9.98392000e-01 1.00157000e+00
4.24115000e+01 1.00084000e+00 1.00068000e+00 -7.39708000e-04 9.99202000e-01 1.00142000e+00
4.25162000e+01 1.00101000e+00 1.00084000e+00 -4.13740000e-04 1.00001000e+00 1.00125000e+00
4.26209000e+01 1.00117000e+00 1.00099000e+00 -8.60313000e-05 1.00082000e+00 1.00108000e+00
4.27257000e+01 1.00131000e+00 1.00113000e+00 2.39848000e-04 1.00161000e+00 1.00089000e+00
4.28304000e+01 1.00143000e+00 1.00125000e+00 5.60370000e-04 1.00237000e+00 1.00069000e+00
4.29351000e+01 1.00154000e+00 1.00136000e+00 8.72087000e-04 1.00310000e+00 1.00049000e+00
4.30398000e+01 1.00163000e+00 1.00145000e+00 1.17167000e-03 1.00380000e+00 1.00028000e+00
4.31445000e+01 1.00170000e+00 1.00153000e+00 1.45593000e-03 1.00444000e+00 1.00007000e+00
4.32493000e+01 1.00176000e+00 1.00159000e+00 1.72189000e-03 1.00503000e+00 9.99865000e-01
4.33540000e+01 1.00179000e+00 1.00163000e+00 1.96679000e-03 1.00556000e+00 9.99660000e-01
4.34587000e+01 1.00180000e+00 1.00165000e+00 2.18812000e-03 1.00602000e+00 9.99460000e-01
4.35634000e+01 1.00179000e+00 1.00165000e+00 2.38364000e-03 1.00642000e+00 9.99268000e-01
4.36681000e+01 1.00176000e+00 1.00164000e+00 2.55143000e-03 1.00674000e+00 9.99084000e-01
4.37729000e+01 1.00171000e+00 1.00160000e+00 2.68989000e-03 1.00698000e+00 9.98911000e-01
4.38776000e+01 1.00165000e+00 1.00155000e+00 2.79777000e-03 1.00714000e+00 9.98752000e-01
4.39823000e+01 1.00156000e+00 1.00148000e+00 2.87415000e-03 1.00723000e+00 9.98606000e-01
4.40870000e+01 1.00146000e+00 1.00139000e+00 2.91849000e-03 1.00723000e+00 9.98476000e-01
4.41917000e+01 1.00134000e+00 1.00129000e+00 2.93061000e-03 1.00716000e+00 9.98364000e-01
4.42965000e+01 1.00121000e+00 1.00118000e+00 2.91067000e-03 1.00700000e+00 9.98269000e-01
4.44012000e+01 1.00107000e+00 1.00105000e+00 2.85921000e-03 1.00677000e+00 9.98194000e-01
4.45059000e+01 1.00091000e+00 1.00092000e+00 2.77711000e-03 1.00647000e+00 9.98139000e-01
4.46106000e+01 1.00075000e+00 1.00077000e+00 2.66556000e-03 1.00610000e+00 9.98103000e-01
4.47153000e+01 1.00058000e+00 1.00061000e+00 2.52610000e-03 1.00567000e+00 9.98088000e-01
4.48201000e+01 1.00041000e+00 1.00045000e+00 2.36051000e-03 1.00518000e+00 9.98094000e-01
4.49248000e+01 1.00023000e+00 1.00029000e+00 2.17088000e-03 1.00463000e+00 9.98120000e-01
4.50295000e+01 1.00005000e+00 1.00012000e+00 1.95951000e-03 1.00404000e+00 9.98165000e-01
4.51342000e+01 9.99874000e-01 9.99959000e-01 1.72894000e-03 1.00342000e+00 9.98230000e-01
4.52389000e+01 9.99699000e-01 9.99796000e-01 1.48185000e-03 1.00276000e+00 9.98314000e-01
4.53437000e+01 9.99530000e-01 9.99636000e-01 1.22110000e-03 1.00208000e+00 9.98415000e-01
4.54484000e+01 9.99367000e-01 9.99482000e-01 9.49646000e-04 1.00138000e+00 9.98532000e-01
4.55531000e+01 9.99212000e-01 9.99335000e-01 6.70525000e-04 1.00068000e+00 9.98665000e-01
4.56578000e+01 9.99068000e-01 9.99198000e-01 3.86822000e-04 9.99971000e-01 9.98811000e-01
4.57625000e+01 9.98935000e-01 9.99070000e-01 1.01633000e-04 9.99273000e-01 9.98969000e-01
4.58673000e+01 9.98815000e-01 9.98954000e-01 -1.81967000e-04 9.98590000e-01 9.99136000e-01
4.59720000e+01 9.98710000e-01 9.98852000e-01 -4.60956000e-04 9.97930000e-01 9.99313000e-01
4.60767000e+01 9.98619000e-01 9.98763000e-01 -7.32397000e-04 9.97298000e-01 9.99495000e-01
4.61814000e+01 9.98545000e-01 9.98689000e-01 -9.93465000e-04 9.96702000e-01 9.99682000e-01
4.62861000e+01 9.98488000e-01 9.98630000e-01 -1.24148000e-03 9.96147000e-01 9.99871000e-01
4.63909000e+01 9.98447000e-01 9.98587000e-01 -1.47391000e-03 9.95639000e-01 1.00006000e+00
4.64956000e+01 9.98425000e-01 9.98560000e-01 -1.68845000e-03 9.95183000e-01 1.00025000e+00
4.66003000e+01 9.98420000e-01 9.98550000e-01 -1.88297000e-03 9.94784000e-01 1.00043000e+00
4.67050000e+01 9.98433000e-01 9.98556000e-01 -2.05558000e-03 9.94445000e-01 1.00061000e+00
4.68097000e+01 9.98463000e-01 9.98578000e-01 -2.20465000e-03 9.94168000e-01 1.00078000e+00
4.69145000e+01 9.98510000e-01 9.98615000e-01 -2.32880000e-03 9.93958000e-01 1.00094000e+00
4.70192000e+01 9.98573000e-01 9.98668000e-01 -2.42692000e-03 9.93814000e-01 1.00109000e+00
4.71239000e+01 9.98652000e-01 9.98734000e-01 -2.49819000e-03 9.93738000e-01 1.00123000e+00
4.72286000e+01 9.98745000e-01 9.98815000e-01 -2.54206000e-03 9.93730000e-01 1.00136000e+00
4.73333000e+01 9.98851000e-01 9.98907000e-01 -2.55830000e-03 9.93791000e-01 1.00147000e+00
4.74380000e+01 9.98969000e-01 9.99011000e-01 -2.54694000e-03 9.93917000e-01 1.00156000e+00
4.75428000e+01 9.99098000e-01 9.99125000e-01 -2.50832000e-03 9.94108000e-01 1.00163000e+00
4.76475000e+01 9.99235000e-01 9.99247000e-01 -2.44305000e-03 9.94361000e-01 1.00169000e+00
4.77522000e+01 9.99380000e-01 9.99377000e-01 -2.35201000e-03 9.94673000e-01 1.00173000e+00
4.78569000e+01 9.99531000e-01 9.99513000e-01 -2.23638000e-03 9.95040000e-01 1.00175000e+00
4.79616000e+01 9.99686000e-01 9.99652000e-01 -2.09755000e-03 9.95457000e-01 1.00175000e+00
4.80664000e+01 9.99844000e-01 9.99795000e-01 -1.93717000e-03 9.95921000e-01 1.00173000e+00
4.81711000e+01 1.00000000e+00 9.99939000e-01 -1.75712000e-03 9.96424000e-01 1.00170000e+00
4.82758000e+01 1.00016000e+00 1.00008000e+00 -1.55945000e-03 9.96963000e-01 1.00164000e+00
4.83805000e+01 1.00031000e+00 1.00022000e+00 -1.34641000e-03 9.97531000e-01 1.00157000e+00
4.84852000e+01 1.00046000e+00 1.00036000e+00 -1.12039000e-03 9.98120000e-01 1.00148000e+00
4.85900000e+01 1.00060000e+00 1.00049000e+00 -8.83915000e-04 9.98726000e-01 1.00138000e+00
4.86947000e+01 1.00074000e+00 1.00062000e+00 -6.39610000e-04 9.99341000e-01 1.00126000e+00
4.87994000e+01 1.00086000e+00 1.00074000e+00 -3.90169000e-04 9.99959000e-01 1.00113000e+00
4.89041000e+01 1.00098000e+00 1.00085000e+00 -1.38325000e-04 1.00057000e+00 1.00099000e+00
4.90088000e+01 1.00108000e+00 1.00095000e+00 1.13174000e-04 1.00117000e+00 1.00084000e+00
4.91136000e+01 1.00117000e+00 1.00104000e+00 3.61598000e-04 1.00176000e+00 1.00068000e+00
4.92183000e+01 1.00125000e+00 1.00111000e+00 6.04265000e-04 1.00232000e+00 1.00051000e+00
4.93230000e+01 1.00131000e+00 1.00118000e+00 8.38574000e-04 1.00285000e+00 1.00034000e+00
4.94277000e+01 1.00136000e+00 1.00123000e+00 1.06203000e-03 1.00335000e+00 1.00016000e+00
4.95324000e+01 1.00139000e+00 1.00126000e+00 1.27226000e-03 1.00381000e+00 9.99990000e-01
4.96372000e+01 1.00140000e+00 1.00128000e+00 1.46708000e-03 1.00422000e+00 9.99817000e-01
4.97419000e+01 1.00140000e+00 1.00129000e+00 1.64446000e-03 1.00458000e+00 9.99646000e-01
4.98466000e+01 1.00139000e+00 1.00128000e+00 1.80258000e-03 1.00489000e+00 9.99481000e-01
4.99513000e+01 1.00136000e+00 1.00126000e+00 1.93988000e-03 1.00514000e+00 9.99321000e-01
5.00560000e+01 1.00131000e+00 1.00123000e+00 2.05499000e-03 1.00534000e+00 9.99170000e-01
5.01608000e+01 1.00125000e+00 1.00118000e+00 2.14683000e-03 1.00547000e+00 9.99029000e-01
5.02655000e+01 1.00118000e+00 1.00111000e+00 2.21458000e-03 1.00554000e+00 9.98899000e-01
5.03702000e+01 1.00109000e+00 1.00104000e+00 2.25769000e-03 1.00555000e+00 9.98781000e-01
5.04749000e+01 1.00099000e+00 1.00095000e+00 2.27589000e-03 1.00550000e+00 9.98677000e-01
5.05796000e+01 1.00088000e+00 1.00086000e+00 2.26918000e-03 1.00540000e+00 9.98588000e-01
5.06844000e+01 1.00077000e+00 1.00075000e+00 2.23784000e-03 1.00523000e+00 9.98514000e-01
5.07891000e+01 1.00064000e+00 1.00064000e+00 2.18243000e-03 1.00500000e+00 9.98457000e-01
5.08938000e+01 1.00051000e+00 1.00052000e+00 2.10375000e-03 1.00473000e+00 9.98417000e-01
5.09985000e+01 1.00037000e+00 1.00040000e+00 2.00286000e-03 1.00440000e+00 9.98393000e-01
5.11032000e+01 1.00023000e+00 1.00027000e+00 1.88105000e-03 1.00403000e+00 9.98387000e-01
5.12080000e+01 1.00009000e+00 1.00014000e+00 1.73984000e-03 1.00362000e+00 9.98399000e-01
5.13127000e+01 9.99953000e-01 1.00001000e+00 1.58092000e-03 1.00317000e+00 9.98427000e-01
5.14174000e+01 9.99814000e-01 9.99878000e-01 1.40618000e-03 1.00269000e+00 9.98472000e-01
5.15221000e+01 9.99678000e-01 9.99751000e-01 1.21765000e-03 1.00219000e+00 9.98534000e-01
5.16268000e+01 9.99547000e-01 9.99628000e-01 1.01749000e-03 1.00166000e+00 9.98610000e-01
5.17316000e+01 9.99422000e-01 9.99510000e-01 8.07963000e-04 1.00113000e+00 9.98702000e-01
5.18363000e+01 9.99304000e-01 9.99398000e-01 5.91420000e-04 1.00058000e+00 9.98806000e-01
5.19410000e+01 9.99194000e-01 9.99294000e-01 3.70254000e-04 1.00003000e+00 9.98923000e-01
5.20457000e+01 9.99095000e-01 9.99198000e-01 1.46884000e-04 9.99492000e-01 9.99052000e-01
5.21504000e+01 9.99006000e-01 9.99113000e-01 -7.62703000e-05 9.98960000e-01 9.99189000e-01
5.22552000e+01 9.98929000e-01 9.99038000e-01 -2.96815000e-04 9.98445000e-01 9.99335000e-01
5.23599000e+01 9.98865000e-01 9.98975000e-01 -5.12408000e-04 9.97950000e-01 9.99487000e-01
5.24646000e+01 9.98813000e-01 9.98923000e-01 -7.20781000e-04 9.97482000e-01 9.99644000e-01
5.25693000e+01 9.98775000e-01 9.98885000e-01 -9.19765000e-04 9.97045000e-01 9.99804000e-01
5.26740000e+01 9.98752000e-01 9.98858000e-01 -1.10731000e-03 9.96644000e-01 9.99966000e-01
5.27788000e+01 9.98742000e-01 9.98845000e-01 -1.28150000e-03 9.96282000e-01 1.00013000e+00
5.28835000e+01 9.98746000e-01 9.98845000e-01 -1.44059000e-03 9.95964000e-01 1.00029000e+00
5.29882000e+01 9.98764000e-01 9.98858000e-01 -1.58299000e-03 9.95692000e-01 1.00044000e+00
5.30929000e+01 9.98796000e-01 9.98884000e-01 -1.70731000e-03 9.95469000e-01 1.00059000e+00
5.31976000e+01 9.98841000e-01 9.98921000e-01 -1.81237000e-03 9.95296000e-01 1.00073000e+00
5.33024000e+01 9.98898000e-01 9.98971000e-01 -1.89717000e-03 9.95176000e-01 1.00087000e+00
5.34071000e+01 9.98968000e-01 9.99031000e-01 -1.96098000e-03 9.95109000e-01 1.00099000e+00
5.35118000e+01 9.99048000e-01 9.99102000e-01 -2.00324000e-03 9.95095000e-01 1.00110000e+00
5.36165000e+01 9.99139000e-01 9.99182000e-01 -2.02366000e-03 9.95134000e-01 1.00121000e+00
5.37212000e+01 9.99238000e-01 9.99270000e-01 -2.02217000e-03 9.95226000e-01 1.00129000e+00
5.38260000e+01 9.99346000e-01 9.99366000e-01 -1.99893000e-03 9.95368000e-01 1.00137000e+00
5.39307000e+01 9.99459000e-01 9.99469000e-01 -1.95434000e-03 9.95560000e-01 1.00142000e+00
5.40354000e+01 9.99579000e-01 9.99576000e-01 -1.88900000e-03 9.95798000e-01 1.00147000e+00
5.41401000e+01 9.99702000e-01 9.99687000e-01 -1.80374000e-03 9.96080000e-01 1.00149000e+00
5.42448000e+01 9.99827000e-01 9.99801000e-01 -1.69961000e-03 9.96402000e-01 1.00150000e+00
5.43496000e+01 9.99954000e-01 9.99917000e-01 -1.57784000e-03 9.96761000e-01 1.00149000e+00
5.44543000e+01 1.00008000e+00 1.00003000e+00 -1.43984000e-03 9.97153000e-01 1.00147000e+00
5.45590000e+01 1.00020000e+00 1.00015000e+00 -1.28719000e-03 9.97572000e-01 1.00143000e+00
5.46637000e+01 1.00033000e+00 1.00026000e+00 -1.12162000e-03 9.98015000e-01 1.00138000e+00
5.47684000e+01 1.00044000e+00 1.00037000e+00 -9.45003000e-04 9.98477000e-01 1.00131000e+00
5.48732000e+01 1.00055000e+00 1.00047000e+00 -7.59299000e-04 9.98952000e-01 1.00123000e+00
5.49779000e+01 1.00066000e+00 1.00057000e+00 -5.66572000e-04 9.99436000e-01 1.00114000e+00
5.50826000e+01 1.00076000e+00 1.00066000e+00 -3.68947000e-04 9.99922000e-01 1.00103000e+00
5.51873000e+01 1.00084000e+00 1.00074000e+00 -1.68596000e-04 1.00041000e+00 1.00091000e+00
5.52920000e+01 1.00092000e+00 1.00082000e+00 3.22940000e-05 1.00088000e+00 1.00078000e+00
5.53968000e+01 1.00099000e+00 1.00088000e+00 2.31538000e-04 1.00134000e+00 1.00065000e+00
5.55015000e+01 1.00104000e+00 1.00094000e+00 4.26980000e-04 1.00179000e+00 1.00051000e+00
5.56062000e+01 1.00108000e+00 1.00098000e+00 6.16518000e-04 1.00221000e+00 1.00036000e+00
5.57109000e+01 1.00111000e+00 1.00101000e+00 7.98124000e-04 1.00261000e+00 1.00021000e+00
5.58156000e+01 1.00113000e+00 1.00103000e+00 9.69868000e-04 1.00297000e+00 1.00006000e+00
5.59203000e+01 1.00114000e+00 1.00104000e+00 1.12994000e-03 1.00330000e+00 9.99914000e-01
5.60251000e+01 1.00113000e+00 1.00104000e+00 1.27667000e-03 1.00359000e+00 9.99765000e-01
5.61298000e+01 1.00111000e+00 1.00103000e+00 1.40854000e-03 1.00384000e+00 9.99619000e-01
5.62345000e+01 1.00108000e+00 1.00100000e+00 1.52420000e-03 1.00405000e+00 9.99478000e-01
5.63392000e+01 1.00103000e+00 1.00097000e+00 1.62251000e-03 1.00421000e+00 9.99344000e-01
5.64439000e+01 1.00098000e+00 1.00092000e+00 1.70251000e-03 1.00432000e+00 9.99217000e-01
5.65487000e+01 1.00091000e+00 1.00086000e+00 1.76345000e-03 1.00439000e+00 9.99099000e-01
5.66534000e+01 1.00084000e+00 1.00080000e+00 1.80479000e-03 1.00441000e+00 9.98991000e-01
5.67581000e+01 1.00075000e+00 1.00072000e+00 1.82623000e-03 1.00437000e+00 9.98894000e-01
5.68628000e+01 1.00066000e+00 1.00064000e+00 1.82766000e-03 1.00429000e+00 9.98810000e-01
5.69675000e+01 1.00056000e+00 1.00055000e+00 1.80923000e-03 1.00417000e+00 9.98739000e-01
5.70723000e+01 1.00046000e+00 1.00045000e+00 1.77128000e-03 1.00400000e+00 9.98682000e-01
5.71770000e+01 1.00035000e+00 1.00035000e+00 1.71436000e-03 1.00378000e+00 9.98640000e-01
5.72817000e+01 1.00023000e+00 1.00025000e+00 1.63924000e-03 1.00353000e+00 9.98612000e-01
5.73864000e+01 1.00012000e+00 1.00015000e+00 1.54686000e-03 1.00324000e+00 9.98599000e-01
5.74911000e+01 1.00000000e+00 1.00004000e+00 1.43837000e-03 1.00292000e+00 9.98602000e-01
5.75959000e+01 9.99891000e-01 9.99934000e-01 1.31506000e-03 1.00256000e+00 9.98619000e-01
5.77006000e+01 9.99778000e-01 9.99830000e-01 1.17839000e-03 1.00219000e+00 9.98651000e-01
5.78053000e+01 9.99669000e-01 9.99728000e-01 1.02993000e-03 1.00179000e+00 9.98698000e-01
5.79100000e+01 9.99565000e-01 9.99630000e-01 8.71380000e-04 1.00137000e+00 9.98758000e-01
5.80147000e+01 9.99466000e-01 9.99536000e-01 7.04535000e-04 1.00095000e+00 9.98832000e-01
5.81195000e+01 9.99373000e-01 9.99449000e-01 5.31257000e-04 1.00051000e+00 9.98917000e-01
5.82242000e+01 9.99288000e-01 9.99368000e-01 3.53462000e-04 1.00008000e+00 9.99015000e-01
5.83289000e+01 9.99212000e-01 9.99295000e-01 1.73100000e-04 9.99641000e-01 9.99122000e-01
5.84336000e+01 9.99145000e-01 9.99231000e-01 -7.86790000e-06 9.99215000e-01 9.99238000e-01
5.85383000e+01 9.99088000e-01 9.99175000e-01 -1.87493000e-04 9.98800000e-01 9.99363000e-01
5.86431000e+01 9.99041000e-01 9.99129000e-01 -3.63854000e-04 9.98402000e-01 9.99493000e-01
5.87478000e+01 9.99005000e-01 9.99094000e-01 -5.35083000e-04 9.98023000e-01 9.99629000e-01
5.88525000e+01 9.98981000e-01 9.99068000e-01 -6.99381000e-04 9.97669000e-01 9.99768000e-01
5.89572000e+01 9.98968000e-01 9.99054000e-01 -8.55034000e-04 9.97343000e-01 9.99909000e-01
5.90619000e+01 9.98967000e-01 9.99050000e-01 -1.00044000e-03 9.97049000e-01 1.00005000e+00
5.91667000e+01 9.98977000e-01 9.99056000e-01 -1.13410000e-03 9.96788000e-01 1.00019000e+00
5.92714000e+01 9.98999000e-01 9.99073000e-01 -1.25468000e-03 9.96564000e-01 1.00033000e+00
5.93761000e+01 9.99031000e-01 9.99101000e-01 -1.36096000e-03 9.96379000e-01 1.00046000e+00
5.94808000e+01 9.99074000e-01 9.99138000e-01 -1.45191000e-03 9.96234000e-01 1.00059000e+00
5.95855000e+01 9.99127000e-01 9.99185000e-01 -1.52665000e-03 9.96131000e-01 1.00071000e+00
5.96903000e+01 9.99190000e-01 9.99240000e-01 -1.58448000e-03 9.96071000e-01 1.00082000e+00
5.97950000e+01 9.99261000e-01 9.99303000e-01 -1.62489000e-03 9.96054000e-01 1.00093000e+00
5.98997000e+01 9.99340000e-01 9.99374000e-01 -1.64755000e-03 9.96079000e-01 1.00102000e+00
6.00044000e+01 9.99426000e-01 9.99451000e-01 -1.65232000e-03 9.96147000e-01 1.00110000e+00
6.01091000e+01 9.99518000e-01 9.99534000e-01 -1.63925000e-03 9.96256000e-01 1.00117000e+00
6.02139000e+01 9.99615000e-01 9.99622000e-01 -1.60860000e-03 9.96404000e-01 1.00123000e+00
6.03186000e+01 9.99715000e-01 9.99713000e-01 -1.56079000e-03 9.96591000e-01 1.00127000e+00
6.04233000e+01 9.99818000e-01 9.99806000e-01 -1.49642000e-03 9.96814000e-01 1.00130000e+00
6.05280000e+01 9.99923000e-01 9.99902000e-01 -1.41628000e-03 9.97069000e-01 1.00132000e+00
6.06327000e+01 1.00003000e+00 9.99997000e-01 -1.32132000e-03 9.97355000e-01 1.00132000e+00
6.07375000e+01 1.00013000e+00 1.00009000e+00 -1.21264000e-03 9.97667000e-01 1.00131000e+00
6.08422000e+01 1.00023000e+00 1.00019000e+00 -1.09148000e-03 9.98003000e-01 1.00128000e+00
6.09469000e+01 1.00033000e+00 1.00028000e+00 -9.59210000e-04 9.98359000e-01 1.00124000e+00
6.10516000e+01 1.00043000e+00 1.00036000e+00 -8.17325000e-04 9.98730000e-01 1.00118000e+00
6.11563000e+01 1.00051000e+00 1.00045000e+00 -6.67405000e-04 9.99113000e-01 1.00112000e+00
6.12611000e+01 1.00060000e+00 1.00053000e+00 -5.11112000e-04 9.99503000e-01 1.00104000e+00
6.13658000e+01 1.00067000e+00 1.00060000e+00 -3.50173000e-04 9.99896000e-01 1.00095000e+00
6.14705000e+01 1.00074000e+00 1.00066000e+00 -1.86354000e-04 1.00029000e+00 1.00085000e+00
6.15752000e+01 1.00080000e+00 1.00072000e+00 -2.14482000e-05 1.00067000e+00 1.00074000e+00
6.16799000e+01 1.00085000e+00 1.00077000e+00 1.42749000e-04 1.00105000e+00 1.00062000e+00
6.17847000e+01 1.00089000e+00 1.00080000e+00 3.04458000e-04 1.00141000e+00 1.00050000e+00
6.18894000e+01 1.00092000e+00 1.00083000e+00 4.61934000e-04 1.00176000e+00 1.00037000e+00
6.19941000e+01 1.00094000e+00 1.00086000e+00 6.13486000e-04 1.00208000e+00 1.00024000e+00
6.20988000e+01 1.00095000e+00 1.00087000e+00 7.57499000e-04 1.00238000e+00 1.00011000e+00
6.22035000e+01 1.00095000e+00 1.00087000e+00 8.92446000e-04 1.00265000e+00 9.99976000e-01
6.23083000e+01 1.00093000e+00 1.00086000e+00 1.01691000e-03 1.00289000e+00 9.99843000e-01
6.24130000e+01 1.00091000e+00 1.00084000e+00 1.12959000e-03 1.00310000e+00 9.99713000e-01
6.25177000e+01 1.00088000e+00 1.00082000e+00 1.22932000e-03 1.00327000e+00 9.99586000e-01
6.26224000e+01 1.00083000e+00 1.00078000e+00 1.31511000e-03 1.00341000e+00 9.99464000e-01
6.27271000e+01 1.00078000e+00 1.00073000e+00 1.38609000e-03 1.00351000e+00 9.99348000e-01
6.28319000e+01 1.00072000e+00 1.00068000e+00 1.44158000e-03 1.00356000e+00 9.99240000e-01
6.29366000e+01 1.00066000e+00 1.00062000e+00 1.48107000e-03 1.00358000e+00 9.99141000e-01
6.30413000e+01 1.00058000e+00 1.00055000e+00 1.50423000e-03 1.00356000e+00 9.99051000e-01
6.31460000e+01 1.00050000e+00 1.00048000e+00 1.51091000e-03 1.00350000e+00 9.98971000e-01
6.32507000e+01 1.00041000e+00 1.00040000e+00 1.50114000e-03 1.00341000e+00 9.98903000e-01
6.33555000e+01 1.00032000e+00 1.00032000e+00 1.47513000e-03 1.00327000e+00 9.98848000e-01
6.34602000e+01 1.00023000e+00 1.00024000e+00 1.43328000e-03 1.00310000e+00 9.98804000e-01
6.35649000e+01 1.00014000e+00 1.00015000e+00 1.37613000e-03 1.00290000e+00 9.98774000e-01
6.36696000e+01 1.00004000e+00 1.00006000e+00 1.30442000e-03 1.00267000e+00 9.98757000e-01
6.37743000e+01 9.99944000e-01 9.99973000e-01 1.21901000e-03 1.00241000e+00 9.98754000e-01
6.38791000e+01 9.99849000e-01 9.99885000e-01 1.12093000e-03 1.00213000e+00 9.98764000e-01
6.39838000e+01 9.99756000e-01 9.99799000e-01 1.01132000e-03 1.00182000e+00 9.98788000e-01
6.40885000e+01 9.99667000e-01 9.99715000e-01 8.91436000e-04 1.00150000e+00 9.98824000e-01
6.41932000e+01 9.99582000e-01 9.99636000e-01 7.62657000e-04 1.00116000e+00 9.98873000e-01
6.42979000e+01 9.99502000e-01 9.99560000e-01 6.26429000e-04 1.00081000e+00 9.98934000e-01
6.44026000e+01 9.99428000e-01 9.99491000e-01 4.84273000e-04 1.00046000e+00 9.99006000e-01
6.45074000e+01 9.99361000e-01 9.99427000e-01 3.37762000e-04 1.00010000e+00 9.99089000e-01
6.46121000e+01 9.99301000e-01 9.99370000e-01 1.88504000e-04 9.99747000e-01 9.99181000e-01
6.47168000e+01 9.99250000e-01 9.99320000e-01 3.81256000e-05 9.99397000e-01 9.99282000e-01
6.48215000e+01 9.99207000e-01 9.99279000e-01 -1.11748000e-04 9.99055000e-01 9.99391000e-01
6.49262000e+01 9.99173000e-01 9.99246000e-01 -2.59507000e-04 9.98727000e-01 9.99505000e-01
6.50310000e+01 9.99148000e-01 9.99221000e-01 -4.03577000e-04 9.98414000e-01 9.99625000e-01
6.51357000e+01 9.99134000e-01 9.99205000e-01 -5.42433000e-04 9.98121000e-01 9.99748000e-01
6.52404000e+01 9.99128000e-01 9.99199000e-01 -6.74616000e-04 9.97850000e-01 9.99873000e-01
6.53451000e+01 9.99133000e-01 9.99201000e-01 -7.98749000e-04 9.97604000e-01 1.00000000e+00
6.54498000e+01 9.99147000e-01 9.99212000e-01 -9.13547000e-04 9.97385000e-01 1.00013000e+00
6.55546000e+01 9.99171000e-01 9.99232000e-01 -1.01783000e-03 9.97197000e-01 1.00025000e+00
6.56593000e+01 9.99204000e-01 9.99261000e-01 -1.11055000e-03 9.97040000e-01 1.00037000e+00
6.57640000e+01 9.99246000e-01 9.99297000e-01 -1.19078000e-03 9.96916000e-01 1.00049000e+00
6.58687000e+01 9.99295000e-01 9.99342000e-01 -1.25772000e-03 9.96826000e-01 1.00060000e+00
6.59734000e+01 9.99353000e-01 9.99393000e-01 -1.31073000e-03 9.96771000e-01 1.00070000e+00
6.60782000e+01 9.99417000e-01 9.99451000e-01 -1.34931000e-03 9.96752000e-01 1.00080000e+00
6.61829000e+01 9.99487000e-01 9.99514000e-01 -1.37314000e-03 9.96768000e-01 1.00089000e+00
6.62876000e+01 9.99563000e-01 9.99583000e-01 -1.38203000e-03 9.96819000e-01 1.00096000e+00
6.63923000e+01 9.99643000e-01 9.99656000e-01 -1.37596000e-03 9.96904000e-01 1.00103000e+00
6.64970000e+01 9.99727000e-01 9.99732000e-01 -1.35508000e-03 9.97022000e-01 1.00109000e+00
6.66018000e+01 9.99814000e-01 9.99811000e-01 -1.31968000e-03 9.97171000e-01 1.00113000e+00
6.67065000e+01 9.99902000e-01 9.99891000e-01 -1.27022000e-03 9.97351000e-01 1.00116000e+00
6.68112000e+01 9.99991000e-01 9.99972000e-01 -1.20730000e-03 9.97558000e-01 1.00118000e+00
6.69159000e+01 1.00008000e+00 1.00005000e+00 -1.13166000e-03 9.97790000e-01 1.00118000e+00
6.70206000e+01 1.00017000e+00 1.00013000e+00 -1.04418000e-03 9.98045000e-01 1.00118000e+00
6.71254000e+01 1.00025000e+00 1.00021000e+00 -9.45856000e-04 9.98320000e-01 1.00116000e+00
6.72301000e+01 1.00033000e+00 1.00029000e+00 -8.37801000e-04 9.98611000e-01 1.00112000e+00
6.73348000e+01 1.00041000e+00 1.00036000e+00 -7.21228000e-04 9.98916000e-01 1.00108000e+00
6.74395000e+01 1.00048000e+00 1.00043000e+00 -5.97439000e-04 9.99231000e-01 1.00102000e+00
6.75442000e+01 1.00055000e+00 1.00049000e+00 -4.67806000e-04 9.99553000e-01 1.00096000e+00
6.76490000e+01 1.00061000e+00 1.00055000e+00 -3.33761000e-04 9.99878000e-01 1.00088000e+00
6.77537000e+01 1.00066000e+00 1.00060000e+00 -1.96777000e-04 1.00020000e+00 1.00079000e+00
6.78584000e+01 1.00071000e+00 1.00064000e+00 -5.83541000e-05 1.00052000e+00 1.00070000e+00
6.79631000e+01 1.00075000e+00 1.00068000e+00 7.99992000e-05 1.00084000e+00 1.00060000e+00
6.80678000e+01 1.00077000e+00 1.00070000e+00 2.16781000e-04 1.00114000e+00 1.00049000e+00
6.81726000e+01 1.00079000e+00 1.00072000e+00 3.50511000e-04 1.00143000e+00 1.00037000e+00
6.82773000e+01 1.00081000e+00 1.00074000e+00 4.79752000e-04 1.00170000e+00 1.00026000e+00
6.83820000e+01 1.00081000e+00 1.00074000e+00 6.03119000e-04 1.00195000e+00 1.00014000e+00
6.84867000e+01 1.00080000e+00 1.00074000e+00 7.19299000e-04 1.00218000e+00 1.00002000e+00
6.85914000e+01 1.00078000e+00 1.00072000e+00 8.27064000e-04 1.00238000e+00 9.99897000e-01
6.86962000e+01 1.00076000e+00 1.00070000e+00 9.25283000e-04 1.00255000e+00 9.99778000e-01
6.88009000e+01 1.00073000e+00 1.00068000e+00 1.01294000e-03 1.00270000e+00 9.99662000e-01
6.89056000e+01 1.00069000e+00 1.00064000e+00 1.08912000e-03 1.00282000e+00 9.99551000e-01
6.90103000e+01 1.00064000e+00 1.00060000e+00 1.15308000e-03 1.00290000e+00 9.99444000e-01
6.91150000e+01 1.00058000e+00 1.00055000e+00 1.20416000e-03 1.00296000e+00 9.99344000e-01
6.92198000e+01 1.00052000e+00 1.00049000e+00 1.24190000e-03 1.00298000e+00 9.99251000e-01
6.93245000e+01 1.00045000e+00 1.00043000e+00 1.26594000e-03 1.00296000e+00 9.99167000e-01
6.94292000e+01 1.00038000e+00 1.00037000e+00 1.27611000e-03 1.00292000e+00 9.99092000e-01
6.95339000e+01 1.00031000e+00 1.00030000e+00 1.27238000e-03 1.00284000e+00 9.99026000e-01
6.96386000e+01 1.00023000e+00 1.00023000e+00 1.25485000e-03 1.00274000e+00 9.98972000e-01
6.97434000e+01 1.00015000e+00 1.00015000e+00 1.22381000e-03 1.00260000e+00 9.98929000e-01
6.98481000e+01 1.00006000e+00 1.00008000e+00 1.17966000e-03 1.00244000e+00 9.98898000e-01
6.99528000e+01 9.99982000e-01 1.00000000e+00 1.12296000e-03 1.00225000e+00 9.98879000e-01
7.00575000e+01 9.99901000e-01 9.99926000e-01 1.05440000e-03 1.00203000e+00 9.98872000e-01
7.01622000e+01 9.99820000e-01 9.99851000e-01 9.74795000e-04 1.00180000e+00 9.98877000e-01
7.02670000e+01 9.99742000e-01 9.99779000e-01 8.85067000e-04 1.00155000e+00 9.98894000e-01
7.03717000e+01 9.99668000e-01 9.99709000e-01 7.86250000e-04 1.00128000e+00 9.98923000e-01
7.04764000e+01 9.99597000e-01 9.99643000e-01 6.79466000e-04 1.00100000e+00 9.98964000e-01
7.05811000e+01 9.99532000e-01 9.99582000e-01 5.65916000e-04 1.00071000e+00 9.99016000e-01
7.06858000e+01 9.99472000e-01 9.99525000e-01 4.46865000e-04 1.00042000e+00 9.99078000e-01
7.07906000e+01 9.99418000e-01 9.99474000e-01 3.23633000e-04 1.00012000e+00 9.99150000e-01
7.08953000e+01 9.99370000e-01 9.99429000e-01 1.97571000e-04 9.99824000e-01 9.99232000e-01
7.10000000e+01 9.99330000e-01 9.99391000e-01 7.00565000e-05 9.99531000e-01 9.99321000e-01
7.11047000e+01 9.99298000e-01 9.99360000e-01 -5.75290000e-05 9.99245000e-01 9.99417000e-01
7.12094000e+01 9.99274000e-01 9.99336000e-01 -1.83811000e-04 9.98968000e-01 9.99520000e-01
7.13142000e+01 9.99258000e-01 9.99320000e-01 -3.07437000e-04 9.98705000e-01 9.99627000e-01
7.14189000e+01 9.99250000e-01 9.99311000e-01 -4.27093000e-04 9.98457000e-01 9.99738000e-01
7.15236000e+01 9.99251000e-01 9.99310000e-01 -5.41512000e-04 9.98227000e-01 9.99852000e-01
7.16283000e+01 9.99260000e-01 9.99317000e-01 -6.49493000e-04 9.98018000e-01 9.99967000e-01
7.17330000e+01 9.99277000e-01 9.99332000e-01 -7.49910000e-04 9.97832000e-01 1.00008000e+00
7.18378000e+01 9.99302000e-01 9.99354000e-01 -8.41723000e-04 9.97670000e-01 1.00020000e+00
7.19425000e+01 9.99335000e-01 9.99383000e-01 -9.23989000e-04 9.97535000e-01 1.00031000e+00
7.20472000e+01 9.99375000e-01 9.99418000e-01 -9.95874000e-04 9.97427000e-01 1.00041000e+00
7.21519000e+01 9.99422000e-01 9.99461000e-01 -1.05666000e-03 9.97347000e-01 1.00052000e+00
7.22566000e+01 9.99475000e-01 9.99509000e-01 -1.10574000e-03 9.97297000e-01 1.00061000e+00
7.23614000e+01 9.99534000e-01 9.99562000e-01 -1.14265000e-03 9.97276000e-01 1.00070000e+00
7.24661000e+01 9.99598000e-01 9.99620000e-01 -1.16705000e-03 9.97285000e-01 1.00079000e+00
7.25708000e+01 9.99666000e-01 9.99681000e-01 -1.17873000e-03 9.97324000e-01 1.00086000e+00
7.26755000e+01 9.99737000e-01 9.99746000e-01 -1.17763000e-03 9.97391000e-01 1.00092000e+00
7.27802000e+01 9.99811000e-01 9.99814000e-01 -1.16382000e-03 9.97486000e-01 1.00098000e+00
7.28849000e+01 9.99887000e-01 9.99883000e-01 -1.13750000e-03 9.97608000e-01 1.00102000e+00
7.29897000e+01 9.99963000e-01 9.99953000e-01 -1.09902000e-03 9.97755000e-01 1.00105000e+00
7.30944000e+01 1.00004000e+00 1.00002000e+00 -1.04883000e-03 9.97926000e-01 1.00107000e+00
7.31991000e+01 1.00012000e+00 1.00009000e+00 -9.87539000e-04 9.98118000e-01 1.00108000e+00
7.33038000e+01 1.00019000e+00 1.00016000e+00 -9.15845000e-04 9.98330000e-01 1.00108000e+00
7.34085000e+01 1.00026000e+00 1.00023000e+00 -8.34571000e-04 9.98559000e-01 1.00106000e+00
7.35133000e+01 1.00033000e+00 1.00029000e+00 -7.44633000e-04 9.98802000e-01 1.00104000e+00
7.36180000e+01 1.00040000e+00 1.00035000e+00 -6.47042000e-04 9.99057000e-01 1.00100000e+00
7.37227000e+01 1.00046000e+00 1.00041000e+00 -5.42885000e-04 9.99321000e-01 1.00095000e+00
7.38274000e+01 1.00051000e+00 1.00046000e+00 -4.33318000e-04 9.99591000e-01 1.00089000e+00
7.39321000e+01 1.00056000e+00 1.00050000e+00 -3.19549000e-04 9.99865000e-01 1.00082000e+00
7.40369000e+01 1.00060000e+00 1.00054000e+00 -2.02831000e-04 1.00014000e+00 1.00075000e+00
7.41416000e+01 1.00064000e+00 1.00058000e+00 -8.44403000e-05 1.00041000e+00 1.00066000e+00
7.42463000e+01 1.00066000e+00 1.00060000e+00 3.43295000e-05 1.00067000e+00 1.00057000e+00
7.43510000e+01 1.00068000e+00 1.00062000e+00 1.52188000e-04 1.00093000e+00 1.00047000e+00
7.44557000e+01 1.00070000e+00 1.00064000e+00 2.67858000e-04 1.00117000e+00 1.00037000e+00
7.45605000e+01 1.00070000e+00 1.00064000e+00 3.80092000e-04 1.00140000e+00 1.00026000e+00
7.46652000e+01 1.00070000e+00 1.00064000e+00 4.87686000e-04 1.00162000e+00 1.00015000e+00
7.47699000e+01 1.00069000e+00 1.00063000e+00 5.89489000e-04 1.00181000e+00 1.00004000e+00
7.48746000e+01 1.00067000e+00 1.00062000e+00 6.84420000e-04 1.00199000e+00 9.99934000e-01
7.49793000e+01 1.00064000e+00 1.00060000e+00 7.71477000e-04 1.00214000e+00 9.99825000e-01
7.50841000e+01 1.00061000e+00 1.00057000e+00 8.49750000e-04 1.00227000e+00 9.99718000e-01
7.51888000e+01 1.00057000e+00 1.00053000e+00 9.18428000e-04 1.00237000e+00 9.99614000e-01
7.52935000e+01 1.00053000e+00 1.00049000e+00 9.76807000e-04 1.00245000e+00 9.99515000e-01
7.53982000e+01 1.00047000e+00 1.00045000e+00 1.02430000e-03 1.00249000e+00 9.99421000e-01
7.55029000e+01 1.00042000e+00 1.00039000e+00 1.06045000e-03 1.00252000e+00 9.99334000e-01
7.56077000e+01 1.00036000e+00 1.00034000e+00 1.08491000e-03 1.00251000e+00 9.99254000e-01
7.57124000e+01 1.00029000e+00 1.00028000e+00 1.09748000e-03 1.00248000e+00 9.99183000e-01
7.58171000e+01 1.00022000e+00 1.00022000e+00 1.09808000e-03 1.00241000e+00 9.99121000e-01
7.59218000e+01 1.00015000e+00 1.00015000e+00 1.08676000e-03 1.00233000e+00 9.99068000e-01
7.60265000e+01 1.00008000e+00 1.00009000e+00 1.06370000e-03 1.00222000e+00 9.99026000e-01
7.61313000e+01 1.00001000e+00 1.00002000e+00 1.02922000e-03 1.00208000e+00 9.98994000e-01
7.62360000e+01 9.99939000e-01 9.99957000e-01 9.83746000e-04 1.00192000e+00 9.98973000e-01
7.63407000e+01 9.99869000e-01 9.99891000e-01 9.27832000e-04 1.00175000e+00 9.98964000e-01
7.64454000e+01 9.99800000e-01 9.99827000e-01 8.62136000e-04 1.00155000e+00 9.98965000e-01
7.65501000e+01 9.99733000e-01 9.99766000e-01 7.87421000e-04 1.00134000e+00 9.98978000e-01
7.66549000e+01 9.99670000e-01 9.99707000e-01 7.04543000e-04 1.00112000e+00 9.99002000e-01
7.67596000e+01 9.99611000e-01 9.99651000e-01 6.14440000e-04 1.00088000e+00 9.99037000e-01
7.68643000e+01 9.99556000e-01 9.99600000e-01 5.18126000e-04 1.00064000e+00 9.99082000e-01
7.69690000e+01 9.99507000e-01 9.99554000e-01 4.16672000e-04 1.00039000e+00 9.99137000e-01
7.70737000e+01 9.99463000e-01 9.99512000e-01 3.11201000e-04 1.00013000e+00 9.99201000e-01
7.71785000e+01 9.99426000e-01 9.99477000e-01 2.02872000e-04 9.99883000e-01 9.99274000e-01
7.72832000e+01 9.99395000e-01 9.99447000e-01 9.28686000e-05 9.99633000e-01 9.99354000e-01
7.73879000e+01 9.99370000e-01 9.99424000e-01 -1.76142000e-05 9.99389000e-01 9.99442000e-01
7.74926000e+01 9.99353000e-01 9.99407000e-01 -1.27383000e-04 9.99152000e-01 9.99535000e-01
7.75973000e+01 9.99344000e-01 9.99397000e-01 -2.35259000e-04 9.98927000e-01 9.99632000e-01
7.77021000e+01 9.99341000e-01 9.99394000e-01 -3.40090000e-04 9.98714000e-01 9.99734000e-01
7.78068000e+01 9.99346000e-01 9.99398000e-01 -4.40760000e-04 9.98516000e-01 9.99838000e-01
7.79115000e+01 9.99359000e-01 9.99408000e-01 -5.36207000e-04 9.98336000e-01 9.99944000e-01
7.80162000e+01 9.99378000e-01 9.99425000e-01 -6.25428000e-04 9.98174000e-01 1.00005000e+00
7.81209000e+01 9.99404000e-01 9.99448000e-01 -7.07491000e-04 9.98033000e-01 1.00016000e+00
7.82257000e+01 9.99437000e-01 9.99478000e-01 -7.81545000e-04 9.97915000e-01 1.00026000e+00
7.83304000e+01 9.99476000e-01 9.99513000e-01 -8.46831000e-04 9.97819000e-01 1.00036000e+00
7.84351000e+01 9.99521000e-01 9.99553000e-01 -9.02684000e-04 9.97748000e-01 1.00046000e+00
7.85398000e+01 9.99571000e-01 9.99598000e-01 -9.48545000e-04 9.97701000e-01 1.00055000e+00
7.86445000e+01 9.99625000e-01 9.99648000e-01 -9.83962000e-04 9.97680000e-01 1.00063000e+00
7.87493000e+01 9.99683000e-01 9.99701000e-01 -1.00860000e-03 9.97684000e-01 1.00071000e+00
7.88540000e+01 9.99745000e-01 9.99757000e-01 -1.02223000e-03 9.97713000e-01 1.00078000e+00
7.89587000e+01 9.99809000e-01 9.99816000e-01 -1.02477000e-03 9.97767000e-01 1.00084000e+00
7.90634000e+01 9.99875000e-01 9.99877000e-01 -1.01622000e-03 9.97844000e-01 1.00089000e+00
7.91681000e+01 9.99943000e-01 9.99938000e-01 -9.96713000e-04 9.97945000e-01 1.00094000e+00
7.92729000e+01 1.00001000e+00 1.00000000e+00 -9.66516000e-04 9.98067000e-01 1.00097000e+00
7.93776000e+01 1.00008000e+00 1.00006000e+00 -9.25991000e-04 9.98210000e-01 1.00099000e+00
7.94823000e+01 1.00014000e+00 1.00012000e+00 -8.75615000e-04 9.98372000e-01 1.00100000e+00
7.95870000e+01 1.00021000e+00 1.00018000e+00 -8.15970000e-04 9.98550000e-01 1.00100000e+00
7.96917000e+01 1.00027000e+00 1.00024000e+00 -7.47736000e-04 9.98744000e-01 1.00099000e+00
7.97965000e+01 1.00033000e+00 1.00029000e+00 -6.71683000e-04 9.98950000e-01 1.00097000e+00
7.99012000e+01 1.00038000e+00 1.00034000e+00 -5.88663000e-04 9.99167000e-01 1.00093000e+00
8.00059000e+01 1.00043000e+00 1.00039000e+00 -4.99601000e-04 9.99391000e-01 1.00089000e+00
8.01106000e+01 1.00048000e+00 1.00043000e+00 -4.05485000e-04 9.99622000e-01 1.00084000e+00
8.02153000e+01 1.00052000e+00 1.00047000e+00 -3.07353000e-04 9.99855000e-01 1.00078000e+00
8.03201000e+01 1.00055000e+00 1.00050000e+00 -2.06285000e-04 1.00009000e+00 1.00071000e+00
8.04248000e+01 1.00058000e+00 1.00053000e+00 -1.03388000e-04 1.00032000e+00 1.00063000e+00
8.05295000e+01 1.00060000e+00 1.00055000e+00 2.14101000e-07 1.00055000e+00 1.00055000e+00
8.06342000e+01 1.00061000e+00 1.00056000e+00 1.03394000e-04 1.00077000e+00 1.00046000e+00
8.07389000e+01 1.00062000e+00 1.00057000e+00 2.05032000e-04 1.00098000e+00 1.00036000e+00
8.08437000e+01 1.00062000e+00 1.00057000e+00 3.04030000e-04 1.00118000e+00 1.00027000e+00
8.09484000e+01 1.00061000e+00 1.00056000e+00 3.99323000e-04 1.00136000e+00 1.00017000e+00
8.10531000e+01 1.00060000e+00 1.00055000e+00 4.89888000e-04 1.00153000e+00 1.00006000e+00
8.11578000e+01 1.00058000e+00 1.00054000e+00 5.74761000e-04 1.00168000e+00 9.99961000e-01
8.12625000e+01 1.00055000e+00 1.00051000e+00 6.53041000e-04 1.00182000e+00 9.99859000e-01
8.13672000e+01 1.00052000e+00 1.00048000e+00 7.23905000e-04 1.00193000e+00 9.99759000e-01
8.14720000e+01 1.00048000e+00 1.00045000e+00 7.86611000e-04 1.00202000e+00 9.99662000e-01
8.15767000e+01 1.00044000e+00 1.00041000e+00 8.40513000e-04 1.00209000e+00 9.99568000e-01
8.16814000e+01 1.00039000e+00 1.00037000e+00 8.85061000e-04 1.00214000e+00 9.99480000e-01
8.17861000e+01 1.00034000e+00 1.00032000e+00 9.19812000e-04 1.00216000e+00 9.99398000e-01
8.18908000e+01 1.00028000e+00 1.00027000e+00 9.44430000e-04 1.00216000e+00 9.99322000e-01
8.19956000e+01 1.00022000e+00 1.00021000e+00 9.58693000e-04 1.00213000e+00 9.99254000e-01
8.21003000e+01 1.00016000e+00 1.00016000e+00 9.62490000e-04 1.00208000e+00 9.99194000e-01
8.22050000e+01 1.00010000e+00 1.00010000e+00 9.55828000e-04 1.00201000e+00 9.99143000e-01
8.23097000e+01 1.00003000e+00 1.00004000e+00 9.38826000e-04 1.00192000e+00 9.99101000e-01
8.24144000e+01 9.99970000e-01 9.99981000e-01 9.11715000e-04 1.00180000e+00 9.99069000e-01
8.25192000e+01 9.99906000e-01 9.99923000e-01 8.74836000e-04 1.00167000e+00 9.99048000e-01
8.26239000e+01 9.99844000e-01 9.99865000e-01 8.28633000e-04 1.00152000e+00 9.99037000e-01
8.27286000e+01 9.99784000e-01 9.99810000e-01 7.73650000e-04 1.00136000e+00 9.99036000e-01
8.28333000e+01 9.99727000e-01 9.99756000e-01 7.10523000e-04 1.00118000e+00 9.99046000e-01
8.29380000e+01 9.99673000e-01 9.99706000e-01 6.39973000e-04 1.00099000e+00 9.99066000e-01
8.30428000e+01 9.99622000e-01 9.99659000e-01 5.62797000e-04 1.00078000e+00 9.99096000e-01
8.31475000e+01 9.99577000e-01 9.99616000e-01 4.79861000e-04 1.00058000e+00 9.99136000e-01
8.32522000e+01 9.99536000e-01 9.99578000e-01 3.92089000e-04 1.00036000e+00 9.99185000e-01
8.33569000e+01 9.99500000e-01 9.99544000e-01 3.00449000e-04 1.00014000e+00 9.99244000e-01
8.34616000e+01 9.99470000e-01 9.99516000e-01 2.05951000e-04 9.99928000e-01 9.99310000e-01
8.35664000e+01 9.99446000e-01 9.99493000e-01 1.09626000e-04 9.99712000e-01 9.99383000e-01
8.36711000e+01 9.99428000e-01 9.99476000e-01 1.25238000e-05 9.99501000e-01 9.99463000e-01
8.37758000e+01 9.99417000e-01 9.99465000e-01 -8.43060000e-05 9.99296000e-01 9.99549000e-01
8.38805000e+01 9.99412000e-01 9.99460000e-01 -1.79820000e-04 9.99100000e-01 9.99640000e-01
8.39852000e+01 9.99414000e-01 9.99461000e-01 -2.72994000e-04 9.98915000e-01 9.99734000e-01
8.40900000e+01 9.99423000e-01 9.99468000e-01 -3.62833000e-04 9.98742000e-01 9.99831000e-01
8.41947000e+01 9.99438000e-01 9.99481000e-01 -4.48385000e-04 9.98584000e-01 9.99929000e-01
8.42994000e+01 9.99459000e-01 9.99500000e-01 -5.28744000e-04 9.98442000e-01 1.00003000e+00
8.44041000e+01 9.99486000e-01 9.99524000e-01 -6.03066000e-04 9.98318000e-01 1.00013000e+00
8.45088000e+01 9.99518000e-01 9.99554000e-01 -6.70575000e-04 9.98212000e-01 1.00022000e+00
8.46136000e+01 9.99556000e-01 9.99588000e-01 -7.30571000e-04 9.98127000e-01 1.00032000e+00
8.47183000e+01 9.99599000e-01 9.99627000e-01 -7.82438000e-04 9.98062000e-01 1.00041000e+00
8.48230000e+01 9.99646000e-01 9.99670000e-01 -8.25646000e-04 9.98019000e-01 1.00050000e+00
8.49277000e+01 9.99697000e-01 9.99716000e-01 -8.59765000e-04 9.97997000e-01 1.00058000e+00
8.50324000e+01 9.99751000e-01 9.99766000e-01 -8.84460000e-04 9.97997000e-01 1.00065000e+00
8.51372000e+01 9.99808000e-01 9.99818000e-01 -8.99500000e-04 9.98019000e-01 1.00072000e+00
8.52419000e+01 9.99867000e-01 9.99872000e-01 -9.04757000e-04 9.98062000e-01 1.00078000e+00
8.53466000e+01 9.99926000e-01 9.99927000e-01 -9.00211000e-04 9.98126000e-01 1.00083000e+00
8.54513000e+01 9.99987000e-01 9.99982000e-01 -8.85946000e-04 9.98210000e-01 1.00087000e+00
8.55560000e+01 1.00005000e+00 1.00004000e+00 -8.62148000e-04 9.98313000e-01 1.00090000e+00
8.56608000e+01 1.00011000e+00 1.00009000e+00 -8.29109000e-04 9.98434000e-01 1.00092000e+00
8.57655000e+01 1.00017000e+00 1.00015000e+00 -7.87217000e-04 9.98572000e-01 1.00093000e+00
8.58702000e+01 1.00022000e+00 1.00020000e+00 -7.36955000e-04 9.98724000e-01 1.00094000e+00
8.59749000e+01 1.00028000e+00 1.00025000e+00 -6.78895000e-04 9.98890000e-01 1.00093000e+00
8.60796000e+01 1.00033000e+00 1.00029000e+00 -6.13692000e-04 9.99067000e-01 1.00091000e+00
8.61844000e+01 1.00037000e+00 1.00034000e+00 -5.42075000e-04 9.99253000e-01 1.00088000e+00
8.62891000e+01 1.00041000e+00 1.00038000e+00 -4.64843000e-04 9.99447000e-01 1.00084000e+00
8.63938000e+01 1.00045000e+00 1.00041000e+00 -3.82849000e-04 9.99645000e-01 1.00079000e+00
8.64985000e+01 1.00048000e+00 1.00044000e+00 -2.97001000e-04 9.99847000e-01 1.00074000e+00
8.66032000e+01 1.00051000e+00 1.00047000e+00 -2.08240000e-04 1.00005000e+00 1.00067000e+00
8.67080000e+01 1.00053000e+00 1.00049000e+00 -1.17541000e-04 1.00025000e+00 1.00060000e+00
8.68127000e+01 1.00055000e+00 1.00050000e+00 -2.58944000e-05 1.00045000e+00 1.00053000e+00
8.69174000e+01 1.00056000e+00 1.00051000e+00 6.57015000e-05 1.00064000e+00 1.00044000e+00
8.70221000e+01 1.00056000e+00 1.00051000e+00 1.56252000e-04 1.00082000e+00 1.00036000e+00
8.71268000e+01 1.00055000e+00 1.00051000e+00 2.44777000e-04 1.00100000e+00 1.00026000e+00
8.72316000e+01 1.00054000e+00 1.00050000e+00 3.30321000e-04 1.00116000e+00 1.00017000e+00
8.73363000e+01 1.00053000e+00 1.00049000e+00 4.11966000e-04 1.00131000e+00 1.00008000e+00
8.74410000e+01 1.00051000e+00 1.00047000e+00 4.88837000e-04 1.00145000e+00 9.99979000e-01
8.75457000e+01 1.00048000e+00 1.00044000e+00 5.60116000e-04 1.00156000e+00 9.99883000e-01
8.76504000e+01 1.00045000e+00 1.00041000e+00 6.25049000e-04 1.00166000e+00 9.99789000e-01
8.77552000e+01 1.00041000e+00 1.00038000e+00 6.82954000e-04 1.00175000e+00 9.99697000e-01
8.78599000e+01 1.00037000e+00 1.00034000e+00 7.33226000e-04 1.00181000e+00 9.99609000e-01
8.79646000e+01 1.00032000e+00 1.00030000e+00 7.75349000e-04 1.00185000e+00 9.99525000e-01
8.80693000e+01 1.00027000e+00 1.00026000e+00 8.08896000e-04 1.00187000e+00 9.99446000e-01
8.81740000e+01 1.00022000e+00 1.00021000e+00 8.33535000e-04 1.00187000e+00 9.99374000e-01
8.82788000e+01 1.00017000e+00 1.00016000e+00 8.49033000e-04 1.00186000e+00 9.99309000e-01
8.83835000e+01 1.00011000e+00 1.00011000e+00 8.55259000e-04 1.00182000e+00 9.99251000e-01
8.84882000e+01 1.00005000e+00 1.00005000e+00 8.52181000e-04 1.00176000e+00 9.99201000e-01
8.85929000e+01 9.99994000e-01 1.00000000e+00 8.39870000e-04 1.00168000e+00 9.99161000e-01
8.86976000e+01 9.99936000e-01 9.99948000e-01 8.18498000e-04 1.00158000e+00 9.99129000e-01
8.88024000e+01 9.99880000e-01 9.99895000e-01 7.88331000e-04 1.00147000e+00 9.99107000e-01
8.89071000e+01 9.99825000e-01 9.99845000e-01 7.49734000e-04 1.00134000e+00 9.99095000e-01
8.90118000e+01 9.99772000e-01 9.99796000e-01 7.03159000e-04 1.00120000e+00 9.99093000e-01
8.91165000e+01 9.99722000e-01 9.99749000e-01 6.49143000e-04 1.00105000e+00 9.99100000e-01
8.92212000e+01 9.99675000e-01 9.99706000e-01 5.88302000e-04 1.00088000e+00 9.99117000e-01
8.93260000e+01 9.99632000e-01 9.99666000e-01 5.21322000e-04 1.00071000e+00 9.99144000e-01
8.94307000e+01 9.99593000e-01 9.99629000e-01 4.48952000e-04 1.00053000e+00 9.99180000e-01
8.95354000e+01 9.99559000e-01 9.99597000e-01 3.71998000e-04 1.00034000e+00 9.99225000e-01
8.96401000e+01 9.99530000e-01 9.99570000e-01 2.91310000e-04 1.00015000e+00 9.99279000e-01
8.97448000e+01 9.99506000e-01 9.99548000e-01 2.07774000e-04 9.99963000e-01 9.99340000e-01
8.98495000e+01 9.99488000e-01 9.99530000e-01 1.22305000e-04 9.99775000e-01 9.99408000e-01
8.99543000e+01 9.99475000e-01 9.99518000e-01 3.58334000e-05 9.99590000e-01 9.99482000e-01
9.00590000e+01 9.99469000e-01 9.99512000e-01 -5.07035000e-05 9.99410000e-01 9.99562000e-01
9.01637000e+01 9.99468000e-01 9.99511000e-01 -1.36371000e-04 9.99238000e-01 9.99647000e-01
9.02684000e+01 9.99474000e-01 9.99515000e-01 -2.20249000e-04 9.99075000e-01 9.99735000e-01
9.03731000e+01 9.99485000e-01 9.99525000e-01 -3.01438000e-04 9.98922000e-01 9.99827000e-01
9.04779000e+01 9.99502000e-01 9.99540000e-01 -3.79074000e-04 9.98782000e-01 9.99919000e-01
9.05826000e+01 9.99524000e-01 9.99561000e-01 -4.52332000e-04 9.98656000e-01 1.00001000e+00
9.06873000e+01 9.99552000e-01 9.99586000e-01 -5.20437000e-04 9.98545000e-01 1.00011000e+00
9.07920000e+01 9.99585000e-01 9.99615000e-01 -5.82674000e-04 9.98450000e-01 1.00020000e+00
9.08967000e+01 9.99622000e-01 9.99649000e-01 -6.38392000e-04 9.98373000e-01 1.00029000e+00
9.10015000e+01 9.99663000e-01 9.99687000e-01 -6.87014000e-04 9.98313000e-01 1.00037000e+00
9.11062000e+01 9.99708000e-01 9.99728000e-01 -7.28038000e-04 9.98272000e-01 1.00046000e+00
9.12109000e+01 9.99756000e-01 9.99772000e-01 -7.61049000e-04 9.98250000e-01 1.00053000e+00
9.13156000e+01 9.99806000e-01 9.99819000e-01 -7.85716000e-04 9.98247000e-01 1.00060000e+00
9.14203000e+01 9.99859000e-01 9.99867000e-01 -8.01801000e-04 9.98263000e-01 1.00067000e+00
9.15251000e+01 9.99913000e-01 9.99916000e-01 -8.09158000e-04 9.98298000e-01 1.00073000e+00
9.16298000e+01 9.99968000e-01 9.99967000e-01 -8.07735000e-04 9.98351000e-01 1.00077000e+00
9.17345000e+01 1.00002000e+00 1.00002000e+00 -7.97575000e-04 9.98422000e-01 1.00082000e+00
9.18392000e+01 1.00008000e+00 1.00007000e+00 -7.78815000e-04 9.98510000e-01 1.00085000e+00
9.19439000e+01 1.00013000e+00 1.00012000e+00 -7.51686000e-04 9.98614000e-01 1.00087000e+00
9.20487000e+01 1.00018000e+00 1.00016000e+00 -7.16504000e-04 9.98732000e-01 1.00088000e+00
9.21534000e+01 1.00023000e+00 1.00021000e+00 -6.73677000e-04 9.98863000e-01 1.00088000e+00
9.22581000e+01 1.00028000e+00 1.00025000e+00 -6.23689000e-04 9.99007000e-01 1.00088000e+00
9.23628000e+01 1.00032000e+00 1.00029000e+00 -5.67104000e-04 9.99160000e-01 1.00086000e+00
9.24675000e+01 1.00036000e+00 1.00033000e+00 -5.04555000e-04 9.99322000e-01 1.00084000e+00
9.25723000e+01 1.00040000e+00 1.00036000e+00 -4.36737000e-04 9.99491000e-01 1.00080000e+00
9.26770000e+01 1.00043000e+00 1.00039000e+00 -3.64401000e-04 9.99665000e-01 1.00076000e+00
9.27817000e+01 1.00046000e+00 1.00042000e+00 -2.88345000e-04 9.99841000e-01 1.00071000e+00
9.28864000e+01 1.00048000e+00 1.00044000e+00 -2.09405000e-04 1.00002000e+00 1.00065000e+00
9.29911000e+01 1.00049000e+00 1.00045000e+00 -1.28446000e-04 1.00020000e+00 1.00058000e+00
9.30959000e+01 1.00050000e+00 1.00046000e+00 -4.63541000e-05 1.00037000e+00 1.00051000e+00
9.32006000e+01 1.00051000e+00 1.00047000e+00 3.59764000e-05 1.00054000e+00 1.00043000e+00
9.33053000e+01 1.00051000e+00 1.00047000e+00 1.17650000e-04 1.00070000e+00 1.00035000e+00
9.34100000e+01 1.00050000e+00 1.00046000e+00 1.97783000e-04 1.00086000e+00 1.00026000e+00
9.35147000e+01 1.00049000e+00 1.00045000e+00 2.75507000e-04 1.00100000e+00 1.00017000e+00
9.36195000e+01 1.00047000e+00 1.00043000e+00 3.49987000e-04 1.00113000e+00 1.00008000e+00
9.37242000e+01 1.00045000e+00 1.00041000e+00 4.20423000e-04 1.00125000e+00 9.99992000e-01
9.38289000e+01 1.00042000e+00 1.00039000e+00 4.86063000e-04 1.00136000e+00 9.99901000e-01
9.39336000e+01 1.00039000e+00 1.00036000e+00 5.46208000e-04 1.00145000e+00 9.99812000e-01
9.40383000e+01 1.00035000e+00 1.00032000e+00 6.00222000e-04 1.00152000e+00 9.99724000e-01
9.41431000e+01 1.00031000e+00 1.00029000e+00 6.47540000e-04 1.00158000e+00 9.99640000e-01
9.42478000e+01 1.00027000e+00 1.00025000e+00 6.87670000e-04 1.00162000e+00 9.99560000e-01
9.43525000e+01 1.00022000e+00 1.00020000e+00 7.20199000e-04 1.00164000e+00 9.99484000e-01
9.44572000e+01 1.00017000e+00 1.00016000e+00 7.44801000e-04 1.00165000e+00 9.99415000e-01
9.45619000e+01 1.00012000e+00 1.00011000e+00 7.61236000e-04 1.00164000e+00 9.99352000e-01
9.46667000e+01 1.00007000e+00 1.00006000e+00 7.69354000e-04 1.00160000e+00 9.99296000e-01
9.47714000e+01 1.00001000e+00 1.00002000e+00 7.69096000e-04 1.00155000e+00 9.99247000e-01
9.48761000e+01 9.99961000e-01 9.99968000e-01 7.60495000e-04 1.00149000e+00 9.99208000e-01
9.49808000e+01 9.99909000e-01 9.99920000e-01 7.43674000e-04 1.00141000e+00 9.99176000e-01
9.50855000e+01 9.99858000e-01 9.99873000e-01 7.18844000e-04 1.00131000e+00 9.99154000e-01
9.51903000e+01 9.99809000e-01 9.99828000e-01 6.86305000e-04 1.00120000e+00 9.99141000e-01
9.52950000e+01 9.99762000e-01 9.99784000e-01 6.46436000e-04 1.00108000e+00 9.99138000e-01
9.53997000e+01 9.99718000e-01 9.99743000e-01 5.99696000e-04 1.00094000e+00 9.99144000e-01
9.55044000e+01 9.99677000e-01 9.99706000e-01 5.46617000e-04 1.00080000e+00 9.99159000e-01
9.56091000e+01 9.99640000e-01 9.99671000e-01 4.87795000e-04 1.00065000e+00 9.99183000e-01
9.57139000e+01 9.99607000e-01 9.99640000e-01 4.23888000e-04 1.00049000e+00 9.99216000e-01
9.58186000e+01 9.99578000e-01 9.99614000e-01 3.55606000e-04 1.00032000e+00 9.99258000e-01
9.59233000e+01 9.99555000e-01 9.99592000e-01 2.83704000e-04 1.00016000e+00 9.99308000e-01
9.60280000e+01 9.99536000e-01 9.99574000e-01 2.08970000e-04 9.99992000e-01 9.99365000e-01
9.61327000e+01 9.99522000e-01 9.99561000e-01 1.32223000e-04 9.99826000e-01 9.99429000e-01
9.62375000e+01 9.99514000e-01 9.99553000e-01 5.43002000e-05 9.99662000e-01 9.99499000e-01
9.63422000e+01 9.99512000e-01 9.99551000e-01 -2.39537000e-05 9.99503000e-01 9.99575000e-01
9.64469000e+01 9.99514000e-01 9.99553000e-01 -1.01692000e-04 9.99350000e-01 9.99655000e-01
9.65516000e+01 9.99523000e-01 9.99560000e-01 -1.78077000e-04 9.99204000e-01 9.99738000e-01
9.66563000e+01 9.99536000e-01 9.99573000e-01 -2.52289000e-04 9.99068000e-01 9.99825000e-01
9.67611000e+01 9.99555000e-01 9.99589000e-01 -3.23533000e-04 9.98942000e-01 9.99913000e-01
9.68658000e+01 9.99578000e-01 9.99611000e-01 -3.91051000e-04 9.98829000e-01 1.00000000e+00
9.69705000e+01 9.99607000e-01 9.99637000e-01 -4.54125000e-04 9.98729000e-01 1.00009000e+00
9.70752000e+01 9.99639000e-01 9.99667000e-01 -5.12088000e-04 9.98643000e-01 1.00018000e+00
9.71799000e+01 9.99676000e-01 9.99700000e-01 -5.64332000e-04 9.98572000e-01 1.00026000e+00
9.72847000e+01 9.99716000e-01 9.99737000e-01 -6.10309000e-04 9.98516000e-01 1.00035000e+00
9.73894000e+01 9.99759000e-01 9.99777000e-01 -6.49542000e-04 9.98477000e-01 1.00043000e+00
9.74941000e+01 9.99805000e-01 9.99818000e-01 -6.81628000e-04 9.98455000e-01 1.00050000e+00
9.75988000e+01 9.99852000e-01 9.99862000e-01 -7.06241000e-04 9.98450000e-01 1.00057000e+00
9.77035000e+01 9.99902000e-01 9.99908000e-01 -7.23137000e-04 9.98461000e-01 1.00063000e+00
9.78083000e+01 9.99952000e-01 9.99954000e-01 -7.32156000e-04 9.98490000e-01 1.00069000e+00
9.79130000e+01 1.00000000e+00 1.00000000e+00 -7.33221000e-04 9.98534000e-01 1.00073000e+00
9.80177000e+01 1.00005000e+00 1.00005000e+00 -7.26344000e-04 9.98594000e-01 1.00077000e+00
9.81224000e+01 1.00010000e+00 1.00009000e+00 -7.11621000e-04 9.98669000e-01 1.00080000e+00
9.82271000e+01 1.00015000e+00 1.00014000e+00 -6.89233000e-04 9.98759000e-01 1.00083000e+00
9.83319000e+01 1.00020000e+00 1.00018000e+00 -6.59443000e-04 9.98861000e-01 1.00084000e+00
9.84366000e+01 1.00024000e+00 1.00022000e+00 -6.22592000e-04 9.98976000e-01 1.00084000e+00
9.85413000e+01 1.00028000e+00 1.00026000e+00 -5.79099000e-04 9.99101000e-01 1.00084000e+00
9.86460000e+01 1.00032000e+00 1.00029000e+00 -5.29452000e-04 9.99236000e-01 1.00082000e+00
9.87507000e+01 1.00036000e+00 1.00033000e+00 -4.74207000e-04 9.99378000e-01 1.00080000e+00
9.88554000e+01 1.00039000e+00 1.00035000e+00 -4.13976000e-04 9.99527000e-01 1.00077000e+00
9.89602000e+01 1.00041000e+00 1.00038000e+00 -3.49426000e-04 9.99680000e-01 1.00073000e+00
9.90649000e+01 1.00044000e+00 1.00040000e+00 -2.81269000e-04 9.99836000e-01 1.00068000e+00
9.91696000e+01 1.00045000e+00 1.00041000e+00 -2.10253000e-04 9.99993000e-01 1.00062000e+00
9.92743000e+01 1.00046000e+00 1.00042000e+00 -1.37158000e-04 1.00015000e+00 1.00056000e+00
9.93790000e+01 1.00047000e+00 1.00043000e+00 -6.27819000e-05 1.00030000e+00 1.00049000e+00
9.94838000e+01 1.00047000e+00 1.00043000e+00 1.20632000e-05 1.00046000e+00 1.00042000e+00
9.95885000e+01 1.00047000e+00 1.00043000e+00 8.65633000e-05 1.00060000e+00 1.00034000e+00
9.96932000e+01 1.00046000e+00 1.00042000e+00 1.59910000e-04 1.00074000e+00 1.00026000e+00
9.97979000e+01 1.00044000e+00 1.00041000e+00 2.31309000e-04 1.00087000e+00 1.00017000e+00
9.99026000e+01 1.00042000e+00 1.00039000e+00 2.99991000e-04 1.00099000e+00 1.00009000e+00
1.00007000e+02 1.00040000e+00 1.00037000e+00 3.65216000e-04 1.00110000e+00 1.00000000e+00
1.00112000e+02 1.00037000e+00 1.00034000e+00 4.26285000e-04 1.00119000e+00 9.99914000e-01
1.00217000e+02 1.00034000e+00 1.00031000e+00 4.82546000e-04 1.00128000e+00 9.99828000e-01
1.00322000e+02 1.00030000e+00 1.00028000e+00 5.33403000e-04 1.00134000e+00 9.99744000e-01
1.00426000e+02 1.00026000e+00 1.00024000e+00 5.78318000e-04 1.00140000e+00 9.99663000e-01
1.00531000e+02 1.00022000e+00 1.00020000e+00 6.16822000e-04 1.00144000e+00 9.99586000e-01
1.00636000e+02 1.00017000e+00 1.00016000e+00 6.48514000e-04 1.00146000e+00 9.99513000e-01
1.00740000e+02 1.00013000e+00 1.00012000e+00 6.73071000e-04 1.00147000e+00 9.99446000e-01
1.00845000e+02 1.00008000e+00 1.00008000e+00 6.90249000e-04 1.00146000e+00 9.99385000e-01
1.00950000e+02 1.00003000e+00 1.00003000e+00 6.99884000e-04 1.00143000e+00 9.99330000e-01
1.01055000e+02 9.99982000e-01 9.99985000e-01 7.01894000e-04 1.00139000e+00 9.99284000e-01
1.01159000e+02 9.99933000e-01 9.99941000e-01 6.96282000e-04 1.00133000e+00 9.99244000e-01
1.01264000e+02 9.99886000e-01 9.99897000e-01 6.83133000e-04 1.00126000e+00 9.99214000e-01
1.01369000e+02 9.99839000e-01 9.99854000e-01 6.62614000e-04 1.00118000e+00 9.99192000e-01
1.01473000e+02 9.99795000e-01 9.99813000e-01 6.34970000e-04 1.00108000e+00 9.99178000e-01
1.01578000e+02 9.99753000e-01 9.99774000e-01 6.00523000e-04 1.00098000e+00 9.99174000e-01
1.01683000e+02 9.99714000e-01 9.99738000e-01 5.59669000e-04 1.00086000e+00 9.99179000e-01
1.01788000e+02 9.99678000e-01 9.99705000e-01 5.12871000e-04 1.00073000e+00 9.99192000e-01
1.01892000e+02 9.99646000e-01 9.99675000e-01 4.60654000e-04 1.00060000e+00 9.99215000e-01
1.01997000e+02 9.99618000e-01 9.99649000e-01 4.03602000e-04 1.00046000e+00 9.99246000e-01
1.02102000e+02 9.99594000e-01 9.99627000e-01 3.42346000e-04 1.00031000e+00 9.99285000e-01
1.02206000e+02 9.99575000e-01 9.99609000e-01 2.77563000e-04 1.00016000e+00 9.99332000e-01
1.02311000e+02 9.99560000e-01 9.99596000e-01 2.09964000e-04 1.00002000e+00 9.99386000e-01
1.02416000e+02 9.99551000e-01 9.99587000e-01 1.40290000e-04 9.99868000e-01 9.99447000e-01
1.02521000e+02 9.99546000e-01 9.99583000e-01 6.93003000e-05 9.99721000e-01 9.99513000e-01
1.02625000e+02 9.99547000e-01 9.99583000e-01 -2.23440000e-06 9.99579000e-01 9.99585000e-01
1.02730000e+02 9.99553000e-01 9.99588000e-01 -7.35389000e-05 9.99441000e-01 9.99662000e-01
1.02835000e+02 9.99563000e-01 9.99598000e-01 -1.43844000e-04 9.99310000e-01 9.99742000e-01
1.02940000e+02 9.99579000e-01 9.99612000e-01 -2.12392000e-04 9.99187000e-01 9.99825000e-01
1.03044000e+02 9.99599000e-01 9.99631000e-01 -2.78448000e-04 9.99074000e-01 9.99909000e-01
1.03149000e+02 9.99624000e-01 9.99653000e-01 -3.41305000e-04 9.98971000e-01 9.99995000e-01
1.03254000e+02 9.99652000e-01 9.99680000e-01 -4.00294000e-04 9.98879000e-01 1.00008000e+00
1.03358000e+02 9.99685000e-01 9.99710000e-01 -4.54789000e-04 9.98800000e-01 1.00016000e+00
1.03463000e+02 9.99721000e-01 9.99743000e-01 -5.04211000e-04 9.98735000e-01 1.00025000e+00
1.03568000e+02 9.99760000e-01 9.99779000e-01 -5.48042000e-04 9.98683000e-01 1.00033000e+00
1.03673000e+02 9.99802000e-01 9.99817000e-01 -5.85823000e-04 9.98646000e-01 1.00040000e+00
1.03777000e+02 9.99846000e-01 9.99858000e-01 -6.17161000e-04 9.98623000e-01 1.00047000e+00
1.03882000e+02 9.99891000e-01 9.99900000e-01 -6.41733000e-04 9.98616000e-01 1.00054000e+00
1.03987000e+02 9.99938000e-01 9.99942000e-01 -6.59292000e-04 9.98624000e-01 1.00060000e+00
1.04091000e+02 9.99985000e-01 9.99986000e-01 -6.69665000e-04 9.98646000e-01 1.00066000e+00
1.04196000e+02 1.00003000e+00 1.00003000e+00 -6.72758000e-04 9.98684000e-01 1.00070000e+00
1.04301000e+02 1.00008000e+00 1.00007000e+00 -6.68554000e-04 9.98735000e-01 1.00074000e+00
1.04406000e+02 1.00012000e+00 1.00011000e+00 -6.57117000e-04 9.98800000e-01 1.00077000e+00
1.04510000e+02 1.00017000e+00 1.00016000e+00 -6.38588000e-04 9.98878000e-01 1.00079000e+00
1.04615000e+02 1.00021000e+00 1.00019000e+00 -6.13185000e-04 9.98968000e-01 1.00081000e+00
1.04720000e+02 1.00025000e+00 1.00023000e+00 -5.81198000e-04 9.99068000e-01 1.00081000e+00
1.04824000e+02 1.00029000e+00 1.00026000e+00 -5.42989000e-04 9.99179000e-01 1.00081000e+00
1.04929000e+02 1.00032000e+00 1.00030000e+00 -4.98988000e-04 9.99297000e-01 1.00079000e+00
1.05034000e+02 1.00035000e+00 1.00032000e+00 -4.49683000e-04 9.99424000e-01 1.00077000e+00
1.05139000e+02 1.00038000e+00 1.00035000e+00 -3.95624000e-04 9.99556000e-01 1.00074000e+00
1.05243000e+02 1.00040000e+00 1.00037000e+00 -3.37406000e-04 9.99692000e-01 1.00070000e+00
1.05348000e+02 1.00042000e+00 1.00038000e+00 -2.75671000e-04 9.99831000e-01 1.00066000e+00
1.05453000e+02 1.00043000e+00 1.00039000e+00 -2.11098000e-04 9.99972000e-01 1.00061000e+00
1.05558000e+02 1.00044000e+00 1.00040000e+00 -1.44394000e-04 1.00011000e+00 1.00055000e+00
1.05662000e+02 1.00044000e+00 1.00040000e+00 -7.62883000e-05 1.00025000e+00 1.00048000e+00
1.05767000e+02 1.00044000e+00 1.00040000e+00 -7.52427000e-06 1.00039000e+00 1.00041000e+00
1.05872000e+02 1.00043000e+00 1.00040000e+00 6.11496000e-05 1.00052000e+00 1.00033000e+00
1.05976000e+02 1.00042000e+00 1.00038000e+00 1.28987000e-04 1.00064000e+00 1.00026000e+00
1.06081000e+02 1.00040000e+00 1.00037000e+00 1.95254000e-04 1.00076000e+00 1.00017000e+00
1.06186000e+02 1.00038000e+00 1.00035000e+00 2.59233000e-04 1.00087000e+00 1.00009000e+00
1.06291000e+02 1.00036000e+00 1.00033000e+00 3.20236000e-04 1.00097000e+00 1.00001000e+00
1.06395000e+02 1.00033000e+00 1.00030000e+00 3.77605000e-04 1.00106000e+00 9.99923000e-01
1.06500000e+02 1.00029000e+00 1.00027000e+00 4.30728000e-04 1.00113000e+00 9.99840000e-01
1.06605000e+02 1.00026000e+00 1.00024000e+00 4.79038000e-04 1.00120000e+00 9.99759000e-01
1.06709000e+02 1.00022000e+00 1.00020000e+00 5.22022000e-04 1.00125000e+00 9.99681000e-01
1.06814000e+02 1.00018000e+00 1.00016000e+00 5.59227000e-04 1.00128000e+00 9.99606000e-01
1.06919000e+02 1.00014000e+00 1.00013000e+00 5.90265000e-04 1.00131000e+00 9.99535000e-01
1.07024000e+02 1.00009000e+00 1.00008000e+00 6.14815000e-04 1.00131000e+00 9.99470000e-01
1.07128000e+02 1.00005000e+00 1.00004000e+00 6.32627000e-04 1.00131000e+00 9.99410000e-01
1.07233000e+02 1.00000000e+00 1.00000000e+00 6.43527000e-04 1.00129000e+00 9.99357000e-01
