# k S000 S110 S112 S10 S11
1.04720e-01  1.98648e-01  -9.37856e-02  -4.49994e-01  6.22571e-03  1.35621e+00
2.09440e-01  1.99128e-01  -9.10463e-02  -4.51357e-01  6.23895e-03  1.36031e+00
3.14159e-01  1.99932e-01  -8.64810e-02  -4.53629e-01  6.26108e-03  1.36715e+00
4.18879e-01  2.01062e-01  -8.00909e-02  -4.56808e-01  6.29223e-03  1.37672e+00
5.23599e-01  2.02526e-01  -7.18792e-02  -4.60894e-01  6.33254e-03  1.38901e+00
6.28319e-01  2.04330e-01  -6.18531e-02  -4.65882e-01  6.38222e-03  1.40403e+00
7.33038e-01  2.06484e-01  -5.00254e-02  -4.71767e-01  6.44153e-03  1.42174e+00
8.37758e-01  2.08999e-01  -3.64181e-02  -4.78536e-01  6.51075e-03  1.44212e+00
9.42478e-01  2.11888e-01  -2.10653e-02  -4.86172e-01  6.59027e-03  1.46511e+00
1.04720e+00  2.15167e-01  -4.01794e-03  -4.94651e-01  6.68048e-03  1.49063e+00
1.15192e+00  2.18854e-01  1.46519e-02  -5.03935e-01  6.78187e-03  1.51859e+00
1.25664e+00  2.22967e-01  3.48447e-02  -5.13975e-01  6.89499e-03  1.54882e+00
1.36136e+00  2.27530e-01  5.64278e-02  -5.24704e-01  7.02046e-03  1.58113e+00
1.46608e+00  2.32568e-01  7.92285e-02  -5.36035e-01  7.15898e-03  1.61526e+00
1.57080e+00  2.38108e-01  1.03027e-01  -5.47858e-01  7.31134e-03  1.65089e+00
1.67552e+00  2.44181e-01  1.27552e-01  -5.60037e-01  7.47843e-03  1.68759e+00
1.78024e+00  2.50821e-01  1.52472e-01  -5.72405e-01  7.66124e-03  1.72488e+00
1.88496e+00  2.58067e-01  1.77393e-01  -5.84766e-01  7.86088e-03  1.76216e+00
1.98968e+00  2.65959e-01  2.01863e-01  -5.96892e-01  8.07860e-03  1.79876e+00
2.09440e+00  2.74542e-01  2.25368e-01  -6.08526e-01  8.31580e-03  1.83389e+00
2.19911e+00  2.83867e-01  2.47345e-01  -6.19385e-01  8.57404e-03  1.86673e+00
2.30383e+00  2.93988e-01  2.67197e-01  -6.29171e-01  8.85507e-03  1.89637e+00
2.40855e+00  3.04962e-01  2.84314e-01  -6.37577e-01  9.16085e-03  1.92189e+00
2.51327e+00  3.16855e-01  2.98098e-01  -6.44302e-01  9.49360e-03  1.94240e+00
2.61799e+00  3.29733e-01  3.07997e-01  -6.49071e-01  9.85578e-03  1.95707e+00
2.72271e+00  3.43672e-01  3.13537e-01  -6.51644e-01  1.02502e-02  1.96518e+00
2.82743e+00  3.58748e-01  3.14356e-01  -6.51838e-01  1.06800e-02  1.96619e+00
2.93215e+00  3.75045e-01  3.10226e-01  -6.49539e-01  1.11487e-02  1.95977e+00
3.03687e+00  3.92651e-01  3.01081e-01  -6.44710e-01  1.16604e-02  1.94579e+00
3.14159e+00  4.11655e-01  2.87016e-01  -6.37398e-01  1.22196e-02  1.92441e+00
3.24631e+00  4.32151e-01  2.68285e-01  -6.27727e-01  1.28316e-02  1.89601e+00
3.35103e+00  4.54231e-01  2.45286e-01  -6.15892e-01  1.35022e-02  1.86118e+00
3.45575e+00  4.77987e-01  2.18534e-01  -6.02148e-01  1.42382e-02  1.82068e+00
3.56047e+00  5.03506e-01  1.88623e-01  -5.86788e-01  1.50475e-02  1.77541e+00
3.66519e+00  5.30865e-01  1.56197e-01  -5.70129e-01  1.59390e-02  1.72633e+00
3.76991e+00  5.60132e-01  1.21912e-01  -5.52495e-01  1.69229e-02  1.67441e+00
3.87463e+00  5.91349e-01  8.64055e-02  -5.34197e-01  1.80113e-02  1.62060e+00
3.97935e+00  6.24538e-01  5.02740e-02  -5.15528e-01  1.92182e-02  1.56580e+00
4.08407e+00  6.59683e-01  1.40550e-02  -4.96748e-01  2.05596e-02  1.51080e+00
4.18879e+00  6.96725e-01  -2.17832e-02  -4.78081e-01  2.20546e-02  1.45630e+00
4.29351e+00  7.35550e-01  -5.68449e-02  -4.59715e-01  2.37257e-02  1.40287e+00
4.39823e+00  7.75982e-01  -9.08066e-02  -4.41797e-01  2.55993e-02  1.35099e+00
4.50295e+00  8.17770e-01  -1.23412e-01  -4.24441e-01  2.77068e-02  1.30103e+00
4.60767e+00  8.60581e-01  -1.54465e-01  -4.07724e-01  3.00859e-02  1.25326e+00
4.71239e+00  9.03996e-01  -1.83823e-01  -3.91698e-01  3.27816e-02  1.20787e+00
4.81711e+00  9.47511e-01  -2.11384e-01  -3.76384e-01  3.58484e-02  1.16500e+00
4.92183e+00  9.90541e-01  -2.37081e-01  -3.61783e-01  3.93527e-02  1.12470e+00
5.02655e+00  1.03244e+00  -2.60875e-01  -3.47875e-01  4.33756e-02  1.08700e+00
5.13127e+00  1.07250e+00  -2.82740e-01  -3.34621e-01  4.80171e-02  1.05188e+00
5.23599e+00  1.11001e+00  -3.02664e-01  -3.21967e-01  5.34018e-02  1.01930e+00
5.34071e+00  1.14430e+00  -3.20636e-01  -3.09839e-01  5.96855e-02  9.89203e-01
5.44543e+00  1.17472e+00  -3.36639e-01  -2.98148e-01  6.70655e-02  9.61509e-01
5.55015e+00  1.20073e+00  -3.50644e-01  -2.86781e-01  7.57941e-02  9.36137e-01
5.65487e+00  1.22194e+00  -3.62602e-01  -2.75601e-01  8.61970e-02  9.12999e-01
5.75959e+00  1.23810e+00  -3.72429e-01  -2.64436e-01  9.87002e-02  8.92007e-01
5.86431e+00  1.24911e+00  -3.79995e-01  -2.53068e-01  1.13868e-01  8.73073e-01
5.96903e+00  1.25507e+00  -3.85106e-01  -2.41218e-01  1.32458e-01  8.56112e-01
6.07375e+00  1.25620e+00  -3.87470e-01  -2.28512e-01  1.55506e-01  8.41042e-01
6.17847e+00  1.25287e+00  -3.86658e-01  -2.14446e-01  1.84450e-01  8.27788e-01
6.28319e+00  1.24555e+00  -3.82039e-01  -1.98318e-01  2.21324e-01  8.16279e-01
6.38791e+00  1.23477e+00  -3.72675e-01  -1.79125e-01  2.69076e-01  8.06450e-01
6.49262e+00  1.22109e+00  -3.57151e-01  -1.55391e-01  3.32068e-01  7.98240e-01
6.59734e+00  1.20508e+00  -3.33291e-01  -1.24889e-01  4.16931e-01  7.91598e-01
6.70206e+00  1.18730e+00  -2.97675e-01  -8.41489e-02  5.34027e-01  7.86474e-01
6.80678e+00  1.16827e+00  -2.44780e-01  -2.76069e-02  7.00006e-01  7.82827e-01
6.91150e+00  1.14845e+00  -1.65484e-01  5.38975e-02  9.42311e-01  7.80618e-01
7.01622e+00  1.12826e+00  -4.45240e-02  1.75660e-01  1.30680e+00  7.79816e-01
7.12094e+00  1.10806e+00  1.43048e-01  3.62656e-01  1.86836e+00  7.80392e-01
7.22566e+00  1.08814e+00  4.32681e-01  6.50363e-01  2.73341e+00  7.82319e-01
7.33038e+00  1.06876e+00  8.47905e-01  1.06233e+00  3.97256e+00  7.85575e-01
7.43510e+00  1.05010e+00  1.30380e+00  1.51366e+00  5.33112e+00  7.90141e-01
7.53982e+00  1.03234e+00  1.51270e+00  1.71670e+00  5.94610e+00  7.95995e-01
7.64454e+00  1.01559e+00  1.30460e+00  1.50148e+00  5.30755e+00  8.03120e-01
7.74926e+00  9.99932e-01  9.11075e-01  1.09958e+00  4.11024e+00  8.11494e-01
7.85398e+00  9.85436e-01  5.63655e-01  7.42560e-01  3.04877e+00  8.21095e-01
7.95870e+00  9.72138e-01  3.15851e-01  4.83953e-01  2.28376e+00  8.31897e-01
8.06342e+00  9.60063e-01  1.48959e-01  3.05090e-01  1.75914e+00  8.43869e-01
8.16814e+00  9.49217e-01  3.71822e-02  1.80211e-01  1.39760e+00  8.56972e-01
8.27286e+00  9.39598e-01  -3.82799e-02  9.05616e-02  1.14284e+00  8.71158e-01
8.37758e+00  9.31195e-01  -8.95512e-02  2.40771e-02  9.58603e-01  8.86372e-01
8.48230e+00  9.23988e-01  -1.24298e-01  -2.68391e-02  8.22023e-01  9.02541e-01
8.58702e+00  9.17953e-01  -1.47436e-01  -6.70163e-02  7.18532e-01  9.19581e-01
8.69174e+00  9.13062e-01  -1.62196e-01  -9.95853e-02  6.38634e-01  9.37390e-01
8.79646e+00  9.09282e-01  -1.70772e-01  -1.26619e-01  5.75991e-01  9.55847e-01
8.90118e+00  9.06580e-01  -1.74702e-01  -1.49515e-01  5.26269e-01  9.74813e-01
9.00590e+00  9.04917e-01  -1.75104e-01  -1.69231e-01  4.86435e-01  9.94126e-01
9.11062e+00  9.04256e-01  -1.72821e-01  -1.86426e-01  4.54327e-01  1.01360e+00
9.21534e+00  9.04554e-01  -1.68511e-01  -2.01557e-01  4.28374e-01  1.03305e+00
9.32006e+00  9.05769e-01  -1.62707e-01  -2.14936e-01  4.07421e-01  1.05223e+00
9.42478e+00  9.07854e-01  -1.55854e-01  -2.26772e-01  3.90603e-01  1.07092e+00
9.52950e+00  9.10762e-01  -1.48335e-01  -2.37196e-01  3.77272e-01  1.08886e+00
9.63422e+00  9.14441e-01  -1.40484e-01  -2.46290e-01  3.66937e-01  1.10581e+00
9.73894e+00  9.18840e-01  -1.32593e-01  -2.54089e-01  3.59228e-01  1.12150e+00
9.84366e+00  9.23901e-01  -1.24919e-01  -2.60606e-01  3.53868e-01  1.13569e+00
9.94838e+00  9.29564e-01  -1.17683e-01  -2.65832e-01  3.50653e-01  1.14815e+00
1.00531e+01  9.35766e-01  -1.11069e-01  -2.69747e-01  3.49438e-01  1.15868e+00
1.01578e+01  9.42441e-01  -1.05224e-01  -2.72324e-01  3.50128e-01  1.16710e+00
1.02625e+01  9.49517e-01  -1.00251e-01  -2.73538e-01  3.52673e-01  1.17329e+00
1.03673e+01  9.56921e-01  -9.62117e-02  -2.73365e-01  3.57059e-01  1.17715e+00
1.04720e+01  9.64575e-01  -9.31222e-02  -2.71784e-01  3.63310e-01  1.17866e+00
1.05767e+01  9.72401e-01  -9.09530e-02  -2.68782e-01  3.71483e-01  1.17783e+00
1.06814e+01  9.80315e-01  -8.96303e-02  -2.64349e-01  3.81671e-01  1.17472e+00
1.07861e+01  9.88233e-01  -8.90376e-02  -2.58481e-01  3.94000e-01  1.16944e+00
1.08909e+01  9.96070e-01  -8.90186e-02  -2.51173e-01  4.08635e-01  1.16215e+00
1.09956e+01  1.00374e+00  -8.93808e-02  -2.42419e-01  4.25781e-01  1.15304e+00
1.11003e+01  1.01117e+00  -8.98997e-02  -2.32207e-01  4.45687e-01  1.14231e+00
1.12050e+01  1.01826e+00  -9.03228e-02  -2.20514e-01  4.68649e-01  1.13019e+00
1.13097e+01  1.02495e+00  -9.03732e-02  -2.07304e-01  4.95018e-01  1.11693e+00
1.14145e+01  1.03115e+00  -8.97536e-02  -1.92523e-01  5.25200e-01  1.10277e+00
1.15192e+01  1.03681e+00  -8.81486e-02  -1.76094e-01  5.59664e-01  1.08795e+00
1.16239e+01  1.04187e+00  -8.52285e-02  -1.57916e-01  5.98939e-01  1.07269e+00
1.17286e+01  1.04628e+00  -8.06520e-02  -1.37864e-01  6.43621e-01  1.05721e+00
1.18333e+01  1.05000e+00  -7.40711e-02  -1.15787e-01  6.94354e-01  1.04172e+00
1.19381e+01  1.05299e+00  -6.51388e-02  -9.15198e-02  7.51822e-01  1.02638e+00
1.20428e+01  1.05525e+00  -5.35209e-02  -6.48872e-02  8.16705e-01  1.01137e+00
1.21475e+01  1.05675e+00  -3.89164e-02  -3.57293e-02  8.89625e-01  9.96813e-01
1.22522e+01  1.05752e+00  -2.10885e-02  -3.93080e-03  9.71050e-01  9.82842e-01
1.23569e+01  1.05756e+00  8.96433e-05  3.05317e-02  1.06115e+00  9.69558e-01
1.24617e+01  1.05689e+00  2.45715e-02  6.75247e-02  1.15962e+00  9.57047e-01
1.25664e+01  1.05556e+00  5.20565e-02  1.06676e-01  1.26541e+00  9.45381e-01
1.26711e+01  1.05360e+00  8.18993e-02  1.47282e-01  1.37646e+00  9.34617e-01
1.27758e+01  1.05106e+00  1.13029e-01  1.88225e-01  1.48948e+00  9.24803e-01
1.28805e+01  1.04800e+00  1.43909e-01  2.27935e-01  1.59978e+00  9.15974e-01
1.29852e+01  1.04448e+00  1.72590e-01  2.64433e-01  1.70146e+00  9.08157e-01
1.30900e+01  1.04056e+00  1.96880e-01  2.95509e-01  1.78790e+00  9.01371e-01
1.31947e+01  1.03631e+00  2.14660e-01  3.19031e-01  1.85272e+00  8.95629e-01
1.32994e+01  1.03179e+00  2.24263e-01  3.33326e-01  1.89091e+00  8.90937e-01
1.34041e+01  1.02707e+00  2.24831e-01  3.37532e-01  1.89989e+00  8.87299e-01
1.35088e+01  1.02222e+00  2.16486e-01  3.31775e-01  1.88004e+00  8.84712e-01
1.36136e+01  1.01729e+00  2.00278e-01  3.17109e-01  1.83450e+00  8.83170e-01
1.37183e+01  1.01235e+00  1.77916e-01  2.95252e-01  1.76842e+00  8.82664e-01
1.38230e+01  1.00746e+00  1.51405e-01  2.68223e-01  1.68785e+00  8.83182e-01
1.39277e+01  1.00266e+00  1.22714e-01  2.38005e-01  1.59873e+00  8.84709e-01
1.40324e+01  9.98000e-01  9.35435e-02  2.06318e-01  1.50618e+00  8.87226e-01
1.41372e+01  9.93534e-01  6.52135e-02  1.74505e-01  1.41422e+00  8.90709e-01
1.42419e+01  9.89297e-01  3.86558e-02  1.43523e-01  1.32570e+00  8.95133e-01
1.43466e+01  9.85324e-01  1.44588e-02  1.13993e-01  1.24244e+00  9.00466e-01
1.44513e+01  9.81647e-01  -7.06105e-03  8.62658e-02  1.16547e+00  9.06673e-01
1.45560e+01  9.78292e-01  -2.57873e-02  6.04997e-02  1.09521e+00  9.13713e-01
1.46608e+01  9.75280e-01  -4.17408e-02  3.67212e-02  1.03170e+00  9.21538e-01
1.47655e+01  9.72629e-01  -5.50307e-02  1.48753e-02  9.74720e-01  9.30094e-01
1.48702e+01  9.70354e-01  -6.58200e-02  -5.13918e-03  9.23902e-01  9.39319e-01
1.49749e+01  9.68464e-01  -7.43001e-02  -2.34441e-02  8.78812e-01  9.49144e-01
1.50796e+01  9.66965e-01  -8.06758e-02  -4.01658e-02  8.38993e-01  9.59490e-01
1.51844e+01  9.65860e-01  -8.51548e-02  -5.54249e-02  8.03995e-01  9.70270e-01
1.52891e+01  9.65147e-01  -8.79422e-02  -6.93300e-02  7.73398e-01  9.81388e-01
1.53938e+01  9.64822e-01  -8.92369e-02  -8.19747e-02  7.46814e-01  9.92738e-01
1.54985e+01  9.64878e-01  -8.92305e-02  -9.34364e-02  7.23897e-01  1.00421e+00
1.56032e+01  9.65305e-01  -8.81062e-02  -1.03776e-01  7.04341e-01  1.01567e+00
1.57080e+01  9.66088e-01  -8.60384e-02  -1.13040e-01  6.87882e-01  1.02700e+00
1.58127e+01  9.67212e-01  -8.31926e-02  -1.21259e-01  6.74290e-01  1.03807e+00
1.59174e+01  9.68657e-01  -7.97250e-02  -1.28451e-01  6.63372e-01  1.04873e+00
1.60221e+01  9.70404e-01  -7.57814e-02  -1.34626e-01  6.54967e-01  1.05884e+00
1.61268e+01  9.72427e-01  -7.14969e-02  -1.39781e-01  6.48942e-01  1.06828e+00
1.62316e+01  9.74701e-01  -6.69943e-02  -1.43908e-01  6.45190e-01  1.07691e+00
1.63363e+01  9.77199e-01  -6.23825e-02  -1.46993e-01  6.43631e-01  1.08461e+00
1.64410e+01  9.79891e-01  -5.77558e-02  -1.49020e-01  6.44204e-01  1.09126e+00
1.65457e+01  9.82745e-01  -5.31914e-02  -1.49969e-01  6.46870e-01  1.09678e+00
1.66504e+01  9.85729e-01  -4.87490e-02  -1.49822e-01  6.51607e-01  1.10107e+00
1.67552e+01  9.88809e-01  -4.44691e-02  -1.48560e-01  6.58412e-01  1.10409e+00
1.68599e+01  9.91952e-01  -4.03729e-02  -1.46167e-01  6.67292e-01  1.10579e+00
1.69646e+01  9.95121e-01  -3.64617e-02  -1.42633e-01  6.78272e-01  1.10617e+00
1.70693e+01  9.98283e-01  -3.27175e-02  -1.37949e-01  6.91385e-01  1.10523e+00
1.71740e+01  1.00140e+00  -2.91045e-02  -1.32111e-01  7.06673e-01  1.10301e+00
1.72788e+01  1.00445e+00  -2.55704e-02  -1.25123e-01  7.24184e-01  1.09955e+00
1.73835e+01  1.00738e+00  -2.20491e-02  -1.16991e-01  7.43968e-01  1.09494e+00
1.74882e+01  1.01017e+00  -1.84641e-02  -1.07733e-01  7.66071e-01  1.08927e+00
1.75929e+01  1.01279e+00  -1.47322e-02  -9.73682e-02  7.90531e-01  1.08264e+00
1.76976e+01  1.01522e+00  -1.07677e-02  -8.59298e-02  8.17373e-01  1.07516e+00
1.78024e+01  1.01742e+00  -6.48785e-03  -7.34592e-02  8.46594e-01  1.06697e+00
1.79071e+01  1.01938e+00  -1.81842e-03  -6.00112e-02  8.78159e-01  1.05819e+00
1.80118e+01  1.02107e+00  3.30046e-03  -4.56571e-02  9.11986e-01  1.04896e+00
1.81165e+01  1.02249e+00  8.90775e-03  -3.04877e-02  9.47932e-01  1.03940e+00
1.82212e+01  1.02362e+00  1.50149e-02  -1.46181e-02  9.85779e-01  1.02963e+00
1.83260e+01  1.02445e+00  2.15996e-02  1.80821e-03  1.02522e+00  1.01979e+00
1.84307e+01  1.02498e+00  2.85999e-02  1.86148e-02  1.06583e+00  1.00999e+00
1.85354e+01  1.02521e+00  3.59096e-02  3.55892e-02  1.10709e+00  1.00032e+00
1.86401e+01  1.02514e+00  4.33765e-02  5.24812e-02  1.14834e+00  9.90895e-01
1.87448e+01  1.02478e+00  5.08026e-02  6.90040e-02  1.18881e+00  9.81799e-01
1.88496e+01  1.02414e+00  5.79493e-02  8.48393e-02  1.22763e+00  9.73110e-01
1.89543e+01  1.02324e+00  6.45470e-02  9.96470e-02  1.26384e+00  9.64900e-01
1.90590e+01  1.02210e+00  7.03098e-02  1.13079e-01  1.29647e+00  9.57231e-01
1.91637e+01  1.02072e+00  7.49544e-02  1.24799e-01  1.32455e+00  9.50155e-01
1.92684e+01  1.01914e+00  7.82223e-02  1.34503e-01  1.34723e+00  9.43719e-01
1.93732e+01  1.01738e+00  7.99017e-02  1.41941e-01  1.36378e+00  9.37961e-01
1.94779e+01  1.01546e+00  7.98484e-02  1.46937e-01  1.37372e+00  9.32911e-01
1.95826e+01  1.01342e+00  7.79992e-02  1.49403e-01  1.37681e+00  9.28596e-01
1.96873e+01  1.01126e+00  7.43794e-02  1.49346e-01  1.37307e+00  9.25034e-01
1.97920e+01  1.00904e+00  6.91005e-02  1.46862e-01  1.36282e+00  9.22238e-01
1.98968e+01  1.00676e+00  6.23495e-02  1.42131e-01  1.34661e+00  9.20219e-01
2.00015e+01  1.00447e+00  5.43727e-02  1.35394e-01  1.32516e+00  9.18979e-01
2.01062e+01  1.00218e+00  4.54548e-02  1.26937e-01  1.29933e+00  9.18518e-01
2.02109e+01  9.99914e-01  3.58981e-02  1.17066e-01  1.27003e+00  9.18832e-01
2.03156e+01  9.97706e-01  2.60031e-02  1.06093e-01  1.23819e+00  9.19910e-01
2.04204e+01  9.95576e-01  1.60524e-02  9.43121e-02  1.20468e+00  9.21740e-01
2.05251e+01  9.93543e-01  6.29971e-03  8.19955e-02  1.17029e+00  9.24304e-01
2.06298e+01  9.91628e-01  -3.03762e-03  6.93829e-02  1.13573e+00  9.27579e-01
2.07345e+01  9.89848e-01  -1.17815e-02  5.66793e-02  1.10158e+00  9.31539e-01
2.08392e+01  9.88219e-01  -1.97931e-02  4.40552e-02  1.06832e+00  9.36152e-01
2.09440e+01  9.86754e-01  -2.69713e-02  3.16488e-02  1.03633e+00  9.41380e-01
2.10487e+01  9.85465e-01  -3.32487e-02  1.95694e-02  1.00589e+00  9.47182e-01
2.11534e+01  9.84362e-01  -3.85880e-02  7.90233e-03  9.77217e-01  9.53510e-01
2.12581e+01  9.83451e-01  -4.29774e-02  -3.28737e-03  9.50448e-01  9.60310e-01
2.13628e+01  9.82739e-01  -4.64267e-02  -1.39503e-02  9.25673e-01  9.67524e-01
2.14675e+01  9.82228e-01  -4.89636e-02  -2.40488e-02  9.02939e-01  9.75085e-01
2.15723e+01  9.81920e-01  -5.06303e-02  -3.35541e-02  8.82261e-01  9.82924e-01
2.16770e+01  9.81814e-01  -5.14803e-02  -4.24432e-02  8.63633e-01  9.90963e-01
2.17817e+01  9.81907e-01  -5.15762e-02  -5.06968e-02  8.47030e-01  9.99121e-01
2.18864e+01  9.82195e-01  -5.09871e-02  -5.82977e-02  8.32417e-01  1.00731e+00
2.19911e+01  9.82671e-01  -4.97870e-02  -6.52295e-02  8.19754e-01  1.01544e+00
2.20959e+01  9.83326e-01  -4.80528e-02  -7.14759e-02  8.08995e-01  1.02342e+00
2.22006e+01  9.84152e-01  -4.58626e-02  -7.70202e-02  8.00097e-01  1.03116e+00
2.23053e+01  9.85136e-01  -4.32940e-02  -8.18450e-02  7.93016e-01  1.03855e+00
2.24100e+01  9.86266e-01  -4.04230e-02  -8.59328e-02  7.87711e-01  1.04551e+00
2.25147e+01  9.87527e-01  -3.73223e-02  -8.92656e-02  7.84146e-01  1.05194e+00
2.26195e+01  9.88905e-01  -3.40597e-02  -9.18261e-02  7.82288e-01  1.05777e+00
2.27242e+01  9.90383e-01  -3.06973e-02  -9.35978e-02  7.82107e-01  1.06290e+00
2.28289e+01  9.91943e-01  -2.72900e-02  -9.45657e-02  7.83578e-01  1.06728e+00
2.29336e+01  9.93568e-01  -2.38847e-02  -9.47175e-02  7.86680e-01  1.07083e+00
2.30383e+01  9.95240e-01  -2.05191e-02  -9.40436e-02  7.91394e-01  1.07352e+00
2.31431e+01  9.96939e-01  -1.72220e-02  -9.25384e-02  7.97701e-01  1.07532e+00
2.32478e+01  9.98646e-01  -1.40121e-02  -9.02009e-02  8.05586e-01  1.07619e+00
2.33525e+01  1.00034e+00  -1.08993e-02  -8.70352e-02  8.15030e-01  1.07614e+00
2.34572e+01  1.00201e+00  -7.88419e-03  -8.30512e-02  8.26013e-01  1.07517e+00
2.35619e+01  1.00363e+00  -4.95962e-03  -7.82650e-02  8.38510e-01  1.07331e+00
2.36667e+01  1.00518e+00  -2.11175e-03  -7.27001e-02  8.52488e-01  1.07059e+00
2.37714e+01  1.00666e+00  6.78225e-04  -6.63870e-02  8.67904e-01  1.06707e+00
2.38761e+01  1.00803e+00  3.43216e-03  -5.93645e-02  8.84703e-01  1.06280e+00
2.39808e+01  1.00930e+00  6.17276e-03  -5.16802e-02  9.02812e-01  1.05785e+00
2.40855e+01  1.01044e+00  8.92115e-03  -4.33906e-02  9.22140e-01  1.05231e+00
2.41903e+01  1.01144e+00  1.16945e-02  -3.45622e-02  9.42570e-01  1.04626e+00
2.42950e+01  1.01230e+00  1.45035e-02  -2.52720e-02  9.63960e-01  1.03978e+00
2.43997e+01  1.01300e+00  1.73502e-02  -1.56076e-02  9.86135e-01  1.03296e+00
2.45044e+01  1.01355e+00  2.02259e-02  -5.66805e-03  1.00889e+00  1.02589e+00
2.46091e+01  1.01393e+00  2.31095e-02  4.43638e-03  1.03198e+00  1.01867e+00
2.47139e+01  1.01415e+00  2.59671e-02  1.45846e-02  1.05514e+00  1.01138e+00
2.48186e+01  1.01421e+00  2.87511e-02  2.46456e-02  1.07804e+00  1.00411e+00
2.49233e+01  1.01410e+00  3.14014e-02  3.44799e-02  1.10036e+00  9.96922e-01
2.50280e+01  1.01383e+00  3.38469e-02  4.39422e-02  1.12173e+00  9.89905e-01
2.51327e+01  1.01341e+00  3.60085e-02  5.28845e-02  1.14178e+00  9.83124e-01
2.52375e+01  1.01284e+00  3.78026e-02  6.11601e-02  1.16012e+00  9.76642e-01
2.53422e+01  1.01214e+00  3.91456e-02  6.86285e-02  1.17640e+00  9.70517e-01
2.54469e+01  1.01132e+00  3.99593e-02  7.51602e-02  1.19028e+00  9.64799e-01
2.55516e+01  1.01038e+00  4.01759e-02  8.06422e-02  1.20146e+00  9.59534e-01
2.56563e+01  1.00933e+00  3.97430e-02  8.49829e-02  1.20971e+00  9.54760e-01
2.57611e+01  1.00820e+00  3.86280e-02  8.81159e-02  1.21486e+00  9.50512e-01
2.58658e+01  1.00700e+00  3.68212e-02  9.00030e-02  1.21683e+00  9.46818e-01
2.59705e+01  1.00574e+00  3.43370e-02  9.06357e-02  1.21561e+00  9.43701e-01
2.60752e+01  1.00444e+00  3.12145e-02  9.00348e-02  1.21128e+00  9.41180e-01
2.61799e+01  1.00311e+00  2.75154e-02  8.82487e-02  1.20401e+00  9.39267e-01
2.62847e+01  1.00177e+00  2.33212e-02  8.53500e-02  1.19402e+00  9.37971e-01
2.63894e+01  1.00044e+00  1.87288e-02  8.14314e-02  1.18159e+00  9.37297e-01
2.64941e+01  9.99118e-01  1.38460e-02  7.66006e-02  1.16705e+00  9.37245e-01
2.65988e+01  9.97832e-01  8.78640e-03  7.09753e-02  1.15074e+00  9.37811e-01
2.67035e+01  9.96592e-01  3.66419e-03  6.46783e-02  1.13302e+00  9.38986e-01
2.68083e+01  9.95411e-01  -1.40980e-03  5.78330e-02  1.11426e+00  9.40757e-01
2.69130e+01  9.94300e-01  -6.33204e-03  5.05598e-02  1.09479e+00  9.43108e-01
2.70177e+01  9.93271e-01  -1.10091e-02  4.29731e-02  1.07494e+00  9.46018e-01
2.71224e+01  9.92333e-01  -1.53596e-02  3.51799e-02  1.05500e+00  9.49460e-01
2.72271e+01  9.91494e-01  -1.93157e-02  2.72779e-02  1.03524e+00  9.53406e-01
2.73319e+01  9.90763e-01  -2.28235e-02  1.93553e-02  1.01589e+00  9.57821e-01
2.74366e+01  9.90144e-01  -2.58428e-02  1.14913e-02  9.97140e-01  9.62666e-01
2.75413e+01  9.89643e-01  -2.83470e-02  3.75574e-03  9.79164e-01  9.67897e-01
2.76460e+01  9.89264e-01  -3.03225e-02  -3.78944e-03  9.62099e-01  9.73467e-01
2.77507e+01  9.89008e-01  -3.17670e-02  -1.10897e-02  9.46054e-01  9.79323e-01
2.78555e+01  9.88876e-01  -3.26889e-02  -1.80966e-02  9.31118e-01  9.85408e-01
2.79602e+01  9.88868e-01  -3.31062e-02  -2.47673e-02  9.17359e-01  9.91661e-01
2.80649e+01  9.88982e-01  -3.30448e-02  -3.10631e-02  9.04829e-01  9.98018e-01
2.81696e+01  9.89215e-01  -3.25374e-02  -3.69493e-02  8.93564e-01  1.00441e+00
2.82743e+01  9.89563e-01  -3.16224e-02  -4.23941e-02  8.83590e-01  1.01077e+00
2.83791e+01  9.90022e-01  -3.03424e-02  -4.73680e-02  8.74922e-01  1.01703e+00
2.84838e+01  9.90583e-01  -2.87432e-02  -5.18440e-02  8.67569e-01  1.02310e+00
2.85885e+01  9.91241e-01  -2.68725e-02  -5.57970e-02  8.61533e-01  1.02892e+00
2.86932e+01  9.91986e-01  -2.47786e-02  -5.92039e-02  8.56814e-01  1.03443e+00
2.87979e+01  9.92811e-01  -2.25092e-02  -6.20435e-02  8.53404e-01  1.03953e+00
2.89027e+01  9.93704e-01  -2.01108e-02  -6.42969e-02  8.51295e-01  1.04419e+00
2.90074e+01  9.94655e-01  -1.76271e-02  -6.59476e-02  8.50478e-01  1.04832e+00
2.91121e+01  9.95654e-01  -1.50983e-02  -6.69819e-02  8.50938e-01  1.05188e+00
2.92168e+01  9.96688e-01  -1.25606e-02  -6.73892e-02  8.52661e-01  1.05483e+00
2.93215e+01  9.97747e-01  -1.00451e-02  -6.71626e-02  8.55630e-01  1.05712e+00
2.94263e+01  9.98818e-01  -7.57765e-03  -6.62991e-02  8.59824e-01  1.05872e+00
2.95310e+01  9.99889e-01  -5.17847e-03  -6.48001e-02  8.65221e-01  1.05962e+00
2.96357e+01  1.00095e+00  -2.86219e-03  -6.26719e-02  8.71794e-01  1.05981e+00
2.97404e+01  1.00198e+00  -6.38017e-04  -5.99258e-02  8.79510e-01  1.05929e+00
2.98451e+01  1.00299e+00  1.48985e-03  -5.65786e-02  8.88333e-01  1.05807e+00
2.99498e+01  1.00394e+00  3.52154e-03  -5.26531e-02  8.98215e-01  1.05617e+00
3.00546e+01  1.00484e+00  5.46071e-03  -4.81778e-02  9.09105e-01  1.05364e+00
3.01593e+01  1.00568e+00  7.31347e-03  -4.31876e-02  9.20938e-01  1.05050e+00
3.02640e+01  1.00644e+00  9.08727e-03  -3.77237e-02  9.33640e-01  1.04681e+00
3.03687e+01  1.00711e+00  1.07896e-02  -3.18339e-02  9.47122e-01  1.04262e+00
3.04734e+01  1.00770e+00  1.24270e-02  -2.55722e-02  9.61283e-01  1.03800e+00
3.05782e+01  1.00820e+00  1.40034e-02  -1.89992e-02  9.76005e-01  1.03300e+00
3.06829e+01  1.00860e+00  1.55193e-02  -1.21820e-02  9.91155e-01  1.02770e+00
3.07876e+01  1.00889e+00  1.69710e-02  -5.19339e-03  1.00658e+00  1.02216e+00
3.08923e+01  1.00908e+00  1.83495e-02  1.88828e-03  1.02213e+00  1.01646e+00
3.09970e+01  1.00917e+00  1.96406e-02  8.97977e-03  1.03760e+00  1.01066e+00
3.11018e+01  1.00915e+00  2.08245e-02  1.59939e-02  1.05281e+00  1.00483e+00
3.12065e+01  1.00903e+00  2.18763e-02  2.28409e-02  1.06756e+00  9.99035e-01
3.13112e+01  1.00881e+00  2.27670e-02  2.94296e-02  1.08163e+00  9.93337e-01
3.14159e+01  1.00849e+00  2.34645e-02  3.56694e-02  1.09480e+00  9.87795e-01
3.15206e+01  1.00808e+00  2.39352e-02  4.14722e-02  1.10688e+00  9.82463e-01
3.16254e+01  1.00758e+00  2.41460e-02  4.67545e-02  1.11765e+00  9.77392e-01
3.17301e+01  1.00701e+00  2.40660e-02  5.14395e-02  1.12694e+00  9.72626e-01
3.18348e+01  1.00636e+00  2.36689e-02  5.54597e-02  1.13459e+00  9.68209e-01
3.19395e+01  1.00565e+00  2.29350e-02  5.87585e-02  1.14045e+00  9.64176e-01
3.20442e+01  1.00489e+00  2.18526e-02  6.12924e-02  1.14444e+00  9.60560e-01
3.21490e+01  1.00408e+00  2.04198e-02  6.30315e-02  1.14648e+00  9.57388e-01
3.22537e+01  1.00324e+00  1.86450e-02  6.39614e-02  1.14657e+00  9.54684e-01
3.23584e+01  1.00237e+00  1.65473e-02  6.40824e-02  1.14471e+00  9.52465e-01
3.24631e+01  1.00149e+00  1.41564e-02  6.34097e-02  1.14098e+00  9.50747e-01
3.25678e+01  1.00061e+00  1.15114e-02  6.19720e-02  1.13546e+00  9.49539e-01
3.26726e+01  9.99728e-01  8.65975e-03  5.98106e-02  1.12828e+00  9.48849e-01
3.27773e+01  9.98862e-01  5.65515e-03  5.69771e-02  1.11961e+00  9.48678e-01
3.28820e+01  9.98021e-01  2.55593e-03  5.35315e-02  1.10962e+00  9.49024e-01
3.29867e+01  9.97214e-01  -5.77277e-04  4.95402e-02  1.09850e+00  9.49883e-01
3.30914e+01  9.96448e-01  -3.68357e-03  4.50737e-02  1.08646e+00  9.51243e-01
3.31962e+01  9.95731e-01  -6.70375e-03  4.02046e-02  1.07371e+00  9.53092e-01
3.33009e+01  9.95071e-01  -9.58209e-03  3.50061e-02  1.06043e+00  9.55412e-01
3.34056e+01  9.94474e-01  -1.22678e-02  2.95502e-02  1.04683e+00  9.58182e-01
3.35103e+01  9.93946e-01  -1.47162e-02  2.39068e-02  1.03310e+00  9.61377e-01
3.36150e+01  9.93491e-01  -1.68895e-02  1.81427e-02  1.01940e+00  9.64968e-01
3.37198e+01  9.93114e-01  -1.87576e-02  1.23212e-02  1.00588e+00  9.68921e-01
3.38245e+01  9.92817e-01  -2.02980e-02  6.50151e-03  9.92705e-01  9.73200e-01
3.39292e+01  9.92603e-01  -2.14961e-02  7.38795e-04  9.79981e-01  9.77765e-01
3.40339e+01  9.92474e-01  -2.23450e-02  -4.91576e-03  9.67823e-01  9.82571e-01
3.41386e+01  9.92428e-01  -2.28450e-02  -1.04148e-02  9.56325e-01  9.87570e-01
3.42434e+01  9.92467e-01  -2.30031e-02  -1.57148e-02  9.45567e-01  9.92712e-01
3.43481e+01  9.92588e-01  -2.28326e-02  -2.07752e-02  9.35617e-01  9.97943e-01
3.44528e+01  9.92790e-01  -2.23523e-02  -2.55589e-02  9.26530e-01  1.00321e+00
3.45575e+01  9.93069e-01  -2.15855e-02  -3.00316e-02  9.18351e-01  1.00845e+00
3.46622e+01  9.93421e-01  -2.05595e-02  -3.41615e-02  9.11117e-01  1.01360e+00
3.47670e+01  9.93843e-01  -1.93046e-02  -3.79196e-02  9.04856e-01  1.01862e+00
3.48717e+01  9.94327e-01  -1.78533e-02  -4.12792e-02  8.99588e-01  1.02343e+00
3.49764e+01  9.94869e-01  -1.62394e-02  -4.42160e-02  8.95329e-01  1.02798e+00
3.50811e+01  9.95463e-01  -1.44969e-02  -4.67084e-02  8.92086e-01  1.03221e+00
3.51858e+01  9.96100e-01  -1.26597e-02  -4.87373e-02  8.89866e-01  1.03608e+00
3.52906e+01  9.96774e-01  -1.07603e-02  -5.02864e-02  8.88667e-01  1.03953e+00
3.53953e+01  9.97477e-01  -8.82931e-03  -5.13425e-02  8.88486e-01  1.04251e+00
3.55000e+01  9.98201e-01  -6.89484e-03  -5.18955e-02  8.89314e-01  1.04500e+00
3.56047e+01  9.98938e-01  -4.98190e-03  -5.19390e-02  8.91140e-01  1.04696e+00
3.57094e+01  9.99679e-01  -3.11203e-03  -5.14701e-02  8.93948e-01  1.04836e+00
3.58142e+01  1.00042e+00  -1.30304e-03  -5.04901e-02  8.97717e-01  1.04919e+00
3.59189e+01  1.00114e+00  4.31114e-04  -4.90044e-02  9.02422e-01  1.04944e+00
3.60236e+01  1.00185e+00  2.08026e-03  -4.70231e-02  9.08034e-01  1.04910e+00
3.61283e+01  1.00252e+00  3.63782e-03  -4.45605e-02  9.14517e-01  1.04820e+00
3.62330e+01  1.00317e+00  5.10049e-03  -4.16361e-02  9.21828e-01  1.04674e+00
3.63378e+01  1.00377e+00  6.46771e-03  -3.82739e-02  9.29920e-01  1.04474e+00
3.64425e+01  1.00432e+00  7.74109e-03  -3.45031e-02  9.38735e-01  1.04224e+00
3.65472e+01  1.00482e+00  8.92372e-03  -3.03574e-02  9.48209e-01  1.03928e+00
3.66519e+01  1.00526e+00  1.00194e-02  -2.58758e-02  9.58268e-01  1.03590e+00
3.67566e+01  1.00563e+00  1.10321e-02  -2.11018e-02  9.68828e-01  1.03213e+00
3.68614e+01  1.00594e+00  1.19646e-02  -1.60832e-02  9.79798e-01  1.02805e+00
3.69661e+01  1.00618e+00  1.28188e-02  -1.08725e-02  9.91074e-01  1.02369e+00
3.70708e+01  1.00634e+00  1.35942e-02  -5.52561e-03  1.00254e+00  1.01912e+00
3.71755e+01  1.00644e+00  1.42880e-02  -1.02185e-04  1.01408e+00  1.01439e+00
3.72802e+01  1.00646e+00  1.48947e-02  5.33546e-03  1.02557e+00  1.00956e+00
3.73850e+01  1.00640e+00  1.54061e-02  1.07229e-02  1.03685e+00  1.00468e+00
3.74897e+01  1.00628e+00  1.58112e-02  1.59944e-02  1.04780e+00  9.99817e-01
3.75944e+01  1.00608e+00  1.60971e-02  2.10841e-02  1.05827e+00  9.95013e-01
3.76991e+01  1.00582e+00  1.62491e-02  2.59267e-02  1.06810e+00  9.90322e-01
3.78038e+01  1.00550e+00  1.62515e-02  3.04593e-02  1.07717e+00  9.85792e-01
3.79086e+01  1.00512e+00  1.60890e-02  3.46220e-02  1.08533e+00  9.81467e-01
3.80133e+01  1.00468e+00  1.57473e-02  3.83596e-02  1.09247e+00  9.77388e-01
3.81180e+01  1.00420e+00  1.52141e-02  4.16227e-02  1.09846e+00  9.73591e-01
3.82227e+01  1.00368e+00  1.44808e-02  4.43690e-02  1.10322e+00  9.70112e-01
3.83274e+01  1.00312e+00  1.35425e-02  4.65642e-02  1.10667e+00  9.66978e-01
3.84322e+01  1.00253e+00  1.23996e-02  4.81828e-02  1.10877e+00  9.64217e-01
3.85369e+01  1.00192e+00  1.10581e-02  4.92087e-02  1.10948e+00  9.61849e-01
3.86416e+01  1.00129e+00  9.52941e-03  4.96356e-02  1.10880e+00  9.59894e-01
3.87463e+01  1.00066e+00  7.83122e-03  4.94666e-02  1.10676e+00  9.58365e-01
3.88510e+01  1.00003e+00  5.98650e-03  4.87143e-02  1.10342e+00  9.57272e-01
3.89557e+01  9.99404e-01  4.02325e-03  4.73999e-02  1.09882e+00  9.56623e-01
3.90605e+01  9.98792e-01  1.97362e-03  4.55525e-02  1.09308e+00  9.56421e-01
3.91652e+01  9.98200e-01  -1.27074e-04  4.32079e-02  1.08629e+00  9.56665e-01
3.92699e+01  9.97634e-01  -2.24144e-03  4.04076e-02  1.07857e+00  9.57351e-01
3.93746e+01  9.97101e-01  -4.33121e-03  3.71978e-02  1.07006e+00  9.58471e-01
3.94793e+01  9.96606e-01  -6.35842e-03  3.36277e-02  1.06090e+00  9.60014e-01
3.95841e+01  9.96154e-01  -8.28648e-03  2.97488e-02  1.05121e+00  9.61965e-01
3.96888e+01  9.95749e-01  -1.00813e-02  2.56135e-02  1.04115e+00  9.64305e-01
3.97935e+01  9.95395e-01  -1.17119e-02  2.12748e-02  1.03084e+00  9.67013e-01
3.98982e+01  9.95096e-01  -1.31517e-02  1.67847e-02  1.02042e+00  9.70064e-01
4.00029e+01  9.94854e-01  -1.43783e-02  1.21943e-02  1.01001e+00  9.73427e-01
4.01077e+01  9.94672e-01  -1.53746e-02  7.55300e-03  9.99731e-01  9.77072e-01
4.02124e+01  9.94551e-01  -1.61286e-02  2.90809e-03  9.89688e-01  9.80963e-01
4.03171e+01  9.94490e-01  -1.66335e-02  -1.69523e-03  9.79976e-01  9.85062e-01
4.04218e+01  9.94492e-01  -1.68877e-02  -6.21415e-03  9.70684e-01  9.89326e-01
4.05265e+01  9.94554e-01  -1.68948e-02  -1.06083e-02  9.61889e-01  9.93714e-01
4.06313e+01  9.94676e-01  -1.66627e-02  -1.48396e-02  9.53658e-01  9.98177e-01
4.07360e+01  9.94856e-01  -1.62038e-02  -1.88725e-02  9.46051e-01  1.00267e+00
4.08407e+01  9.95091e-01  -1.55343e-02  -2.26738e-02  9.39118e-01  1.00714e+00
4.09454e+01  9.95378e-01  -1.46734e-02  -2.62128e-02  9.32901e-01  1.01154e+00
4.10501e+01  9.95714e-01  -1.36432e-02  -2.94607e-02  9.27435e-01  1.01582e+00
4.11549e+01  9.96095e-01  -1.24675e-02  -3.23917e-02  9.22749e-01  1.01992e+00
4.12596e+01  9.96515e-01  -1.11715e-02  -3.49820e-02  9.18865e-01  1.02381e+00
4.13643e+01  9.96970e-01  -9.78105e-03  -3.72103e-02  9.15798e-01  1.02743e+00
4.14690e+01  9.97455e-01  -8.32208e-03  -3.90583e-02  9.13561e-01  1.03074e+00
4.15737e+01  9.97964e-01  -6.81982e-03  -4.05100e-02  9.12160e-01  1.03369e+00
4.16785e+01  9.98491e-01  -5.29832e-03  -4.15527e-02  9.11596e-01  1.03625e+00
4.17832e+01  9.99031e-01  -3.77994e-03  -4.21765e-02  9.11867e-01  1.03840e+00
4.18879e+01  9.99576e-01  -2.28488e-03  -4.23749e-02  9.12965e-01  1.04009e+00
4.19926e+01  1.00012e+00  -8.30884e-04  -4.21448e-02  9.14880e-01  1.04131e+00
4.20973e+01  1.00066e+00  5.67051e-04  -4.14867e-02  9.17594e-01  1.04205e+00
4.22021e+01  1.00119e+00  1.89678e-03  -4.04050e-02  9.21087e-01  1.04230e+00
4.23068e+01  1.00170e+00  3.14906e-03  -3.89078e-02  9.25333e-01  1.04206e+00
4.24115e+01  1.00219e+00  4.31739e-03  -3.70072e-02  9.30303e-01  1.04132e+00
4.25162e+01  1.00264e+00  5.39790e-03  -3.47194e-02  9.35959e-01  1.04012e+00
4.26209e+01  1.00307e+00  6.38897e-03  -3.20647e-02  9.42260e-01  1.03845e+00
4.27257e+01  1.00346e+00  7.29087e-03  -2.90674e-02  9.49156e-01  1.03636e+00
4.28304e+01  1.00380e+00  8.10533e-03  -2.57556e-02  9.56594e-01  1.03386e+00
4.29351e+01  1.00410e+00  8.83497e-03  -2.21616e-02  9.64512e-01  1.03100e+00
4.30398e+01  1.00435e+00  9.48288e-03  -1.83212e-02  9.72840e-01  1.02780e+00
4.31445e+01  1.00455e+00  1.00520e-02  -1.42738e-02  9.81504e-01  1.02433e+00
4.32493e+01  1.00470e+00  1.05448e-02  -1.00618e-02  9.90421e-01  1.02061e+00
4.33540e+01  1.00479e+00  1.09626e-02  -5.73078e-03  9.99501e-01  1.01669e+00
4.34587e+01  1.00483e+00  1.13057e-02  -1.32852e-03  1.00865e+00  1.01263e+00
4.35634e+01  1.00481e+00  1.15726e-02  3.09512e-03  1.01776e+00  1.00848e+00
4.36681e+01  1.00474e+00  1.17602e-02  7.48894e-03  1.02674e+00  1.00427e+00
4.37729e+01  1.00461e+00  1.18641e-02  1.18010e-02  1.03547e+00  1.00006e+00
4.38776e+01  1.00444e+00  1.18784e-02  1.59792e-02  1.04384e+00  9.95899e-01
4.39823e+01  1.00422e+00  1.17959e-02  1.99724e-02  1.05174e+00  9.91824e-01
4.40870e+01  1.00395e+00  1.16092e-02  2.37309e-02  1.05907e+00  9.87878e-01
4.41917e+01  1.00364e+00  1.13104e-02  2.72075e-02  1.06573e+00  9.84103e-01
4.42965e+01  1.00329e+00  1.08925e-02  3.03585e-02  1.07161e+00  9.80534e-01
4.44012e+01  1.00291e+00  1.03495e-02  3.31441e-02  1.07664e+00  9.77205e-01
4.45059e+01  1.00250e+00  9.67717e-03  3.55298e-02  1.08074e+00  9.74147e-01
4.46106e+01  1.00207e+00  8.87382e-03  3.74865e-02  1.08385e+00  9.71387e-01
4.47153e+01  1.00162e+00  7.94065e-03  3.89916e-02  1.08592e+00  9.68949e-01
4.48201e+01  1.00115e+00  6.88220e-03  4.00293e-02  1.08694e+00  9.66853e-01
4.49248e+01  1.00067e+00  5.70659e-03  4.05907e-02  1.08689e+00  9.65116e-01
4.50295e+01  1.00019e+00  4.42556e-03  4.06738e-02  1.08577e+00  9.63752e-01
4.51342e+01  9.99717e-01  3.05443e-03  4.02838e-02  1.08362e+00  9.62771e-01
4.52389e+01  9.99249e-01  1.61178e-03  3.94325e-02  1.08048e+00  9.62179e-01
4.53437e+01  9.98792e-01  1.19045e-04  3.81379e-02  1.07639e+00  9.61981e-01
4.54484e+01  9.98354e-01  -1.40005e-03  3.64237e-02  1.07145e+00  9.62176e-01
4.55531e+01  9.97937e-01  -2.92019e-03  3.43185e-02  1.06572e+00  9.62761e-01
4.56578e+01  9.97548e-01  -4.41514e-03  3.18551e-02  1.05930e+00  9.63730e-01
4.57625e+01  9.97189e-01  -5.85859e-03  2.90698e-02  1.05228e+00  9.65072e-01
4.58673e+01  9.96865e-01  -7.22484e-03  2.60013e-02  1.04478e+00  9.66774e-01
4.59720e+01  9.96578e-01  -8.48961e-03  2.26903e-02  1.03689e+00  9.68820e-01
4.60767e+01  9.96332e-01  -9.63061e-03  1.91787e-02  1.02873e+00  9.71191e-01
4.61814e+01  9.96128e-01  -1.06282e-02  1.55088e-02  1.02039e+00  9.73863e-01
4.62861e+01  9.95969e-01  -1.14658e-02  1.17229e-02  1.01198e+00  9.76811e-01
4.63909e+01  9.95857e-01  -1.21304e-02  7.86275e-03  1.00360e+00  9.80007e-01
4.64956e+01  9.95791e-01  -1.26125e-02  3.96931e-03  9.95326e-01  9.83418e-01
4.66003e+01  9.95772e-01  -1.29065e-02  8.22660e-05  9.87258e-01  9.87011e-01
4.67050e+01  9.95801e-01  -1.30109e-02  -3.76011e-03  9.79469e-01  9.90749e-01
4.68097e+01  9.95875e-01  -1.29277e-02  -7.52116e-03  9.72030e-01  9.94593e-01
4.69145e+01  9.95995e-01  -1.26627e-02  -1.11660e-02  9.65005e-01  9.98503e-01
4.70192e+01  9.96158e-01  -1.22249e-02  -1.46615e-02  9.58452e-01  1.00244e+00
4.71239e+01  9.96363e-01  -1.16264e-02  -1.79765e-02  9.52421e-01  1.00635e+00
4.72286e+01  9.96607e-01  -1.08821e-02  -2.10820e-02  9.46954e-01  1.01020e+00
4.73333e+01  9.96886e-01  -1.00088e-02  -2.39510e-02  9.42089e-01  1.01394e+00
4.74380e+01  9.97197e-01  -9.02518e-03  -2.65585e-02  9.37858e-01  1.01753e+00
4.75428e+01  9.97538e-01  -7.95101e-03  -2.88820e-02  9.34285e-01  1.02093e+00
4.76475e+01  9.97903e-01  -6.80677e-03  -3.09012e-02  9.31391e-01  1.02409e+00
4.77522e+01  9.98289e-01  -5.61307e-03  -3.25983e-02  9.29190e-01  1.02699e+00
4.78569e+01  9.98691e-01  -4.39020e-03  -3.39583e-02  9.27693e-01  1.02957e+00
4.79616e+01  9.99105e-01  -3.15759e-03  -3.49685e-02  9.26905e-01  1.03181e+00
4.80664e+01  9.99525e-01  -1.93344e-03  -3.56196e-02  9.26827e-01  1.03369e+00
4.81711e+01  9.99948e-01  -7.34334e-04  -3.59048e-02  9.27456e-01  1.03517e+00
4.82758e+01  1.00037e+00  4.25033e-04  -3.58210e-02  9.28783e-01  1.03625e+00
4.83805e+01  1.00078e+00  1.53211e-03  -3.53678e-02  9.30797e-01  1.03690e+00
4.84852e+01  1.00118e+00  2.57659e-03  -3.45485e-02  9.33480e-01  1.03713e+00
4.85900e+01  1.00157e+00  3.55048e-03  -3.33699e-02  9.36811e-01  1.03692e+00
4.86947e+01  1.00193e+00  4.44804e-03  -3.18421e-02  9.40764e-01  1.03629e+00
4.87994e+01  1.00227e+00  5.26567e-03  -2.99788e-02  9.45308e-01  1.03524e+00
4.89041e+01  1.00259e+00  6.00167e-03  -2.77973e-02  9.50407e-01  1.03380e+00
4.90088e+01  1.00287e+00  6.65602e-03  -2.53182e-02  9.56020e-01  1.03197e+00
4.91136e+01  1.00312e+00  7.23001e-03  -2.25655e-02  9.62099e-01  1.02980e+00
4.92183e+01  1.00333e+00  7.72588e-03  -1.95668e-02  9.68592e-01  1.02729e+00
4.93230e+01  1.00350e+00  8.14647e-03  -1.63523e-02  9.75442e-01  1.02450e+00
4.94277e+01  1.00363e+00  8.49477e-03  -1.29553e-02  9.82584e-01  1.02145e+00
4.95324e+01  1.00372e+00  8.77365e-03  -9.41180e-03  9.89950e-01  1.01819e+00
4.96372e+01  1.00376e+00  8.98546e-03  -5.75994e-03  9.97466e-01  1.01475e+00
4.97419e+01  1.00377e+00  9.13181e-03  -2.03988e-03  1.00505e+00  1.01117e+00
4.98466e+01  1.00373e+00  9.21337e-03  1.70670e-03  1.01263e+00  1.00751e+00
4.99513e+01  1.00365e+00  9.22975e-03  5.43708e-03  1.02010e+00  1.00379e+00
5.00560e+01  1.00353e+00  9.17954e-03  9.10798e-03  1.02740e+00  1.00007e+00
5.01608e+01  1.00337e+00  9.06035e-03  1.26762e-02  1.03441e+00  9.96384e-01
5.02655e+01  1.00318e+00  8.86903e-03  1.60990e-02  1.04107e+00  9.92770e-01
5.03702e+01  1.00295e+00  8.60190e-03  1.93352e-02  1.04727e+00  9.89267e-01
5.04749e+01  1.00269e+00  8.25514e-03  2.23453e-02  1.05295e+00  9.85910e-01
5.05796e+01  1.00240e+00  7.82514e-03  2.50925e-02  1.05801e+00  9.82733e-01
5.06844e+01  1.00209e+00  7.30898e-03  2.75434e-02  1.06240e+00  9.79766e-01
5.07891e+01  1.00175e+00  6.70483e-03  2.96681e-02  1.06604e+00  9.77037e-01
5.08938e+01  1.00140e+00  6.01236e-03  3.14413e-02  1.06889e+00  9.74571e-01
5.09985e+01  1.00104e+00  5.23315e-03  3.28426e-02  1.07092e+00  9.72391e-01
5.11032e+01  1.00067e+00  4.37092e-03  3.38568e-02  1.07208e+00  9.70514e-01
5.12080e+01  1.00029e+00  3.43179e-03  3.44740e-02  1.07238e+00  9.68958e-01
5.13127e+01  9.99911e-01  2.42434e-03  3.46899e-02  1.07180e+00  9.67734e-01
5.14174e+01  9.99538e-01  1.35959e-03  3.45061e-02  1.07037e+00  9.66853e-01
5.15221e+01  9.99173e-01  2.50869e-04  3.39292e-02  1.06811e+00  9.66322e-01
5.16268e+01  9.98820e-01  -8.86457e-04  3.29712e-02  1.06506e+00  9.66142e-01
5.17316e+01  9.98483e-01  -2.03532e-03  3.16489e-02  1.06126e+00  9.66316e-01
5.18363e+01  9.98165e-01  -3.17742e-03  2.99832e-02  1.05679e+00  9.66839e-01
5.19410e+01  9.97870e-01  -4.29368e-03  2.79992e-02  1.05170e+00  9.67707e-01
5.20457e+01  9.97601e-01  -5.36481e-03  2.57250e-02  1.04609e+00  9.68910e-01
5.21504e+01  9.97361e-01  -6.37187e-03  2.31914e-02  1.04001e+00  9.70437e-01
5.22552e+01  9.97152e-01  -7.29678e-03  2.04315e-02  1.03357e+00  9.72272e-01
5.23599e+01  9.96976e-01  -8.12286e-03  1.74796e-02  1.02684e+00  9.74398e-01
5.24646e+01  9.96835e-01  -8.83525e-03  1.43713e-02  1.01991e+00  9.76793e-01
5.25693e+01  9.96731e-01  -9.42134e-03  1.11426e-02  1.01286e+00  9.79436e-01
5.26740e+01  9.96663e-01  -9.87108e-03  7.82962e-03  1.00579e+00  9.82299e-01
5.27788e+01  9.96633e-01  -1.01772e-02  4.46819e-03  9.98759e-01  9.85355e-01
5.28835e+01  9.96640e-01  -1.03354e-02  1.09358e-03  9.91852e-01  9.88571e-01
5.29882e+01  9.96685e-01  -1.03443e-02  -2.25985e-03  9.85136e-01  9.91916e-01
5.30929e+01  9.96766e-01  -1.02056e-02  -5.55881e-03  9.78677e-01  9.95353e-01
5.31976e+01  9.96883e-01  -9.92380e-03  -8.77130e-03  9.72534e-01  9.98847e-01
5.33024e+01  9.97033e-01  -9.50623e-03  -1.18668e-02  9.66760e-01  1.00236e+00
5.34071e+01  9.97215e-01  -8.96256e-03  -1.48163e-02  9.61405e-01  1.00585e+00
5.35118e+01  9.97428e-01  -8.30468e-03  -1.75926e-02  9.56510e-01  1.00929e+00
5.36165e+01  9.97667e-01  -7.54630e-03  -2.01702e-02  9.52113e-01  1.01262e+00
5.37212e+01  9.97930e-01  -6.70254e-03  -2.25258e-02  9.48246e-01  1.01582e+00
5.38260e+01  9.98215e-01  -5.78958e-03  -2.46379e-02  9.44935e-01  1.01885e+00
5.39307e+01  9.98518e-01  -4.82419e-03  -2.64872e-02  9.42201e-01  1.02166e+00
5.40354e+01  9.98836e-01  -3.82333e-03  -2.80569e-02  9.40063e-01  1.02423e+00
5.41401e+01  9.99164e-01  -2.80373e-03  -2.93325e-02  9.38531e-01  1.02653e+00
5.42448e+01  9.99500e-01  -1.78149e-03  -3.03020e-02  9.37615e-01  1.02852e+00
5.43496e+01  9.99839e-01  -7.71736e-04  -3.09560e-02  9.37316e-01  1.03018e+00
5.44543e+01  1.00018e+00  2.11680e-04  -3.12882e-02  9.37635e-01  1.03150e+00
5.45590e+01  1.00051e+00  1.15646e-03  -3.12949e-02  9.38567e-01  1.03245e+00
5.46637e+01  1.00084e+00  2.05204e-03  -3.09754e-02  9.40101e-01  1.03303e+00
5.47684e+01  1.00115e+00  2.88971e-03  -3.03322e-02  9.42225e-01  1.03322e+00
5.48732e+01  1.00146e+00  3.66267e-03  -2.93708e-02  9.44921e-01  1.03303e+00
5.49779e+01  1.00174e+00  4.36603e-03  -2.80999e-02  9.48166e-01  1.03247e+00
5.50826e+01  1.00200e+00  4.99669e-03  -2.65313e-02  9.51934e-01  1.03153e+00
5.51873e+01  1.00224e+00  5.55321e-03  -2.46800e-02  9.56193e-01  1.03023e+00
5.52920e+01  1.00245e+00  6.03562e-03  -2.25639e-02  9.60908e-01  1.02860e+00
5.53968e+01  1.00263e+00  6.44512e-03  -2.02040e-02  9.66037e-01  1.02665e+00
5.55015e+01  1.00278e+00  6.78386e-03  -1.76242e-02  9.71535e-01  1.02441e+00
5.56062e+01  1.00290e+00  7.05457e-03  -1.48508e-02  9.77353e-01  1.02191e+00
5.57109e+01  1.00298e+00  7.26033e-03  -1.19129e-02  9.83435e-01  1.01917e+00
5.58156e+01  1.00304e+00  7.40422e-03  -8.84144e-03  9.89721e-01  1.01625e+00
5.59203e+01  1.00305e+00  7.48907e-03  -5.66969e-03  9.96150e-01  1.01316e+00
5.60251e+01  1.00304e+00  7.51728e-03  -2.43236e-03  1.00265e+00  1.00995e+00
5.61298e+01  1.00298e+00  7.49061e-03  8.34553e-04  1.00916e+00  1.00666e+00
5.62345e+01  1.00290e+00  7.41006e-03  4.09415e-03  1.01560e+00  1.00332e+00
5.63392e+01  1.00278e+00  7.27591e-03  7.30911e-03  1.02189e+00  9.99967e-01
5.64439e+01  1.00264e+00  7.08768e-03  1.04421e-02  1.02797e+00  9.96646e-01
5.65487e+01  1.00246e+00  6.84430e-03  1.34565e-02  1.03376e+00  9.93388e-01
5.66534e+01  1.00226e+00  6.54424e-03  1.63164e-02  1.03918e+00  9.90228e-01
5.67581e+01  1.00204e+00  6.18578e-03  1.89878e-02  1.04416e+00  9.87198e-01
5.68628e+01  1.00179e+00  5.76725e-03  2.14387e-02  1.04864e+00  9.84329e-01
5.69675e+01  1.00152e+00  5.28737e-03  2.36397e-02  1.05257e+00  9.81648e-01
5.70723e+01  1.00124e+00  4.74556e-03  2.55645e-02  1.05587e+00  9.79181e-01
5.71770e+01  1.00095e+00  4.14222e-03  2.71905e-02  1.05852e+00  9.76952e-01
5.72817e+01  1.00065e+00  3.47903e-03  2.84990e-02  1.06048e+00  9.74980e-01
5.73864e+01  1.00035e+00  2.75919e-03  2.94754e-02  1.06171e+00  9.73284e-01
5.74911e+01  1.00004e+00  1.98754e-03  3.01097e-02  1.06221e+00  9.71878e-01
5.75959e+01  9.99732e-01  1.17071e-03  3.03968e-02  1.06196e+00  9.70774e-01
5.77006e+01  9.99430e-01  3.17075e-04  3.03357e-02  1.06099e+00  9.69981e-01
5.78053e+01  9.99138e-01  -5.63276e-04  2.99305e-02  1.05930e+00  9.69506e-01
5.79100e+01  9.98857e-01  -1.45874e-03  2.91893e-02  1.05692e+00  9.69352e-01
5.80147e+01  9.98590e-01  -2.35643e-03  2.81248e-02  1.05389e+00  9.69519e-01
5.81195e+01  9.98341e-01  -3.24247e-03  2.67533e-02  1.05026e+00  9.70004e-01
5.82242e+01  9.98112e-01  -4.10236e-03  2.50946e-02  1.04609e+00  9.70803e-01
5.83289e+01  9.97906e-01  -4.92140e-03  2.31715e-02  1.04142e+00  9.71907e-01
5.84336e+01  9.97724e-01  -5.68507e-03  2.10097e-02  1.03633e+00  9.73305e-01
5.85383e+01  9.97569e-01  -6.37946e-03  1.86367e-02  1.03089e+00  9.74984e-01
5.86431e+01  9.97442e-01  -6.99169e-03  1.60820e-02  1.02517e+00  9.76926e-01
5.87478e+01  9.97344e-01  -7.51024e-03  1.33760e-02  1.01924e+00  9.79114e-01
5.88525e+01  9.97276e-01  -7.92533e-03  1.05501e-02  1.01317e+00  9.81525e-01
5.89572e+01  9.97239e-01  -8.22914e-03  7.63630e-03  1.00704e+00  9.84135e-01
5.90619e+01  9.97233e-01  -8.41605e-03  4.66639e-03  1.00092e+00  9.86918e-01
5.91667e+01  9.97257e-01  -8.48278e-03  1.67210e-03  9.94861e-01  9.89845e-01
5.92714e+01  9.97312e-01  -8.42847e-03  -1.31541e-03  9.88941e-01  9.92887e-01
5.93761e+01  9.97397e-01  -8.25466e-03  -4.26571e-03  9.83214e-01  9.96011e-01
5.94808e+01  9.97510e-01  -7.96525e-03  -7.14936e-03  9.77736e-01  9.99184e-01
5.95855e+01  9.97650e-01  -7.56637e-03  -9.93806e-03  9.72558e-01  1.00237e+00
5.96903e+01  9.97815e-01  -7.06619e-03  -1.26048e-02  9.67724e-01  1.00554e+00
5.97950e+01  9.98004e-01  -6.47469e-03  -1.51242e-02  9.63277e-01  1.00865e+00
5.98997e+01  9.98214e-01  -5.80336e-03  -1.74723e-02  9.59252e-01  1.01167e+00
6.00044e+01  9.98442e-01  -5.06494e-03  -1.96269e-02  9.55681e-01  1.01456e+00
6.01091e+01  9.98687e-01  -4.27304e-03  -2.15680e-02  9.52591e-01  1.01729e+00
6.02139e+01  9.98945e-01  -3.44177e-03  -2.32772e-02  9.50004e-01  1.01984e+00
6.03186e+01  9.99213e-01  -2.58546e-03  -2.47384e-02  9.47938e-01  1.02215e+00
6.04233e+01  9.99488e-01  -1.71821e-03  -2.59378e-02  9.46406e-01  1.02422e+00
6.05280e+01  9.99768e-01  -8.53669e-04  -2.68639e-02  9.45419e-01  1.02601e+00
6.06327e+01  1.00005e+00  -4.63372e-06  -2.75078e-02  9.44980e-01  1.02750e+00
6.07375e+01  1.00033e+00  8.17158e-04  -2.78630e-02  9.45091e-01  1.02868e+00
6.08422e+01  1.00060e+00  1.60127e-03  -2.79258e-02  9.45750e-01  1.02953e+00
6.09469e+01  1.00087e+00  2.33874e-03  -2.76953e-02  9.46948e-01  1.03003e+00
6.10516e+01  1.00112e+00  3.02217e-03  -2.71732e-02  9.48676e-01  1.03020e+00
6.11563e+01  1.00136e+00  3.64583e-03  -2.63642e-02  9.50917e-01  1.03001e+00
6.12611e+01  1.00158e+00  4.20558e-03  -2.52759e-02  9.53654e-01  1.02948e+00
6.13658e+01  1.00179e+00  4.69889e-03  -2.39186e-02  9.56862e-01  1.02862e+00
6.14705e+01  1.00197e+00  5.12466e-03  -2.23056e-02  9.60513e-01  1.02743e+00
6.15752e+01  1.00213e+00  5.48306e-03  -2.04528e-02  9.64577e-01  1.02594e+00
6.16799e+01  1.00227e+00  5.77539e-03  -1.83788e-02  9.69018e-01  1.02415e+00
6.17847e+01  1.00238e+00  6.00376e-03  -1.61048e-02  9.73794e-01  1.02211e+00
6.18894e+01  1.00246e+00  6.17092e-03  -1.36543e-02  9.78862e-01  1.01983e+00
6.19941e+01  1.00251e+00  6.27996e-03  -1.10529e-02  9.84174e-01  1.01733e+00
6.20988e+01  1.00254e+00  6.33410e-03  -8.32840e-03  9.89677e-01  1.01466e+00
6.22035e+01  1.00254e+00  6.33644e-03  -5.51007e-03  9.95316e-01  1.01185e+00
6.23083e+01  1.00250e+00  6.28977e-03  -2.62873e-03  1.00103e+00  1.00892e+00
6.24130e+01  1.00245e+00  6.19647e-03  2.83715e-04  1.00676e+00  1.00591e+00
6.25177e+01  1.00236e+00  6.05833e-03  3.19461e-03  1.01245e+00  1.00286e+00
6.26224e+01  1.00225e+00  5.87656e-03  6.07092e-03  1.01802e+00  9.99806e-01
6.27271e+01  1.00211e+00  5.65179e-03  8.87965e-03  1.02341e+00  9.96772e-01
6.28319e+01  1.00195e+00  5.38413e-03  1.15882e-02  1.02856e+00  9.93796e-01
6.29366e+01  1.00177e+00  5.07329e-03  1.41650e-02  1.03340e+00  9.90908e-01
6.30413e+01  1.00157e+00  4.71876e-03  1.65796e-02  1.03788e+00  9.88139e-01
6.31460e+01  1.00136e+00  4.31999e-03  1.88035e-02  1.04193e+00  9.85516e-01
6.32507e+01  1.00113e+00  3.87664e-03  2.08104e-02  1.04550e+00  9.83066e-01
6.33555e+01  1.00089e+00  3.38883e-03  2.25767e-02  1.04854e+00  9.80812e-01
6.34602e+01  1.00064e+00  2.85735e-03  2.40817e-02  1.05102e+00  9.78776e-01
6.35649e+01  1.00038e+00  2.28387e-03  2.53080e-02  1.05290e+00  9.76976e-01
6.36696e+01  1.00012e+00  1.67117e-03  2.62421e-02  1.05416e+00  9.75429e-01
6.37743e+01  9.99867e-01  1.02325e-03  2.68739e-02  1.05477e+00  9.74149e-01
6.38791e+01  9.99612e-01  3.45408e-04  2.71978e-02  1.05474e+00  9.73148e-01
6.39838e+01  9.99364e-01  -3.55709e-04  2.72116e-02  1.05407e+00  9.72433e-01
6.40885e+01  9.99124e-01  -1.07218e-03  2.69177e-02  1.05276e+00  9.72010e-01
6.41932e+01  9.98895e-01  -1.79490e-03  2.63220e-02  1.05085e+00  9.71883e-01
6.42979e+01  9.98680e-01  -2.51376e-03  2.54343e-02  1.04835e+00  9.72052e-01
6.44026e+01  9.98481e-01  -3.21788e-03  2.42676e-02  1.04532e+00  9.72514e-01
6.45074e+01  9.98300e-01  -3.89587e-03  2.28386e-02  1.04178e+00  9.73266e-01
6.46121e+01  9.98138e-01  -4.53615e-03  2.11664e-02  1.03780e+00  9.74297e-01
6.47168e+01  9.97999e-01  -5.12727e-03  1.92727e-02  1.03342e+00  9.75600e-01
6.48215e+01  9.97882e-01  -5.65824e-03  1.71816e-02  1.02870e+00  9.77160e-01
6.49262e+01  9.97790e-01  -6.11887e-03  1.49185e-02  1.02372e+00  9.78963e-01
6.50310e+01  9.97723e-01  -6.50004e-03  1.25104e-02  1.01852e+00  9.80990e-01
6.51357e+01  9.97682e-01  -6.79403e-03  9.98530e-03  1.01318e+00  9.83221e-01
6.52404e+01  9.97666e-01  -6.99470e-03  7.37167e-03  1.00775e+00  9.85634e-01
6.53451e+01  9.97677e-01  -7.09770e-03  4.69839e-03  1.00230e+00  9.88204e-01
6.54498e+01  9.97713e-01  -7.10061e-03  1.99428e-03  9.96888e-01  9.90905e-01
6.55546e+01  9.97775e-01  -7.00298e-03  -7.12087e-04  9.91573e-01  9.93709e-01
6.56593e+01  9.97861e-01  -6.80637e-03  -3.39266e-03  9.86408e-01  9.96586e-01
6.57640e+01  9.97970e-01  -6.51433e-03  -6.02014e-03  9.81445e-01  9.99506e-01
6.58687e+01  9.98102e-01  -6.13225e-03  -8.56818e-03  9.76731e-01  1.00244e+00
6.59734e+01  9.98254e-01  -5.66724e-03  -1.10116e-02  9.72310e-01  1.00534e+00
6.60782e+01  9.98425e-01  -5.12796e-03  -1.33263e-02  9.68219e-01  1.00820e+00
6.61829e+01  9.98612e-01  -4.52434e-03  -1.54900e-02  9.64496e-01  1.01097e+00
6.62876e+01  9.98814e-01  -3.86738e-03  -1.74817e-02  9.61169e-01  1.01361e+00
6.63923e+01  9.99028e-01  -3.16880e-03  -1.92822e-02  9.58267e-01  1.01611e+00
6.64970e+01  9.99252e-01  -2.44078e-03  -2.08743e-02  9.55811e-01  1.01843e+00
6.66018e+01  9.99483e-01  -1.69565e-03  -2.22427e-02  9.53819e-01  1.02055e+00
6.67065e+01  9.99719e-01  -9.45563e-04  -2.33740e-02  9.52306e-01  1.02243e+00
6.68112e+01  9.99957e-01  -2.02262e-04  -2.42574e-02  9.51283e-01  1.02406e+00
6.69159e+01  1.00019e+00  5.23231e-04  -2.48841e-02  9.50755e-01  1.02541e+00
6.70206e+01  1.00043e+00  1.22083e-03  -2.52479e-02  9.50725e-01  1.02647e+00
6.71254e+01  1.00066e+00  1.88157e-03  -2.53451e-02  9.51191e-01  1.02723e+00
6.72301e+01  1.00088e+00  2.49777e-03  -2.51743e-02  9.52149e-01  1.02767e+00
6.73348e+01  1.00108e+00  3.06315e-03  -2.47370e-02  9.53589e-01  1.02780e+00
6.74395e+01  1.00128e+00  3.57283e-03  -2.40373e-02  9.55498e-01  1.02761e+00
6.75442e+01  1.00146e+00  4.02339e-03  -2.30818e-02  9.57860e-01  1.02711e+00
6.76490e+01  1.00162e+00  4.41278e-03  -2.18798e-02  9.60653e-01  1.02629e+00
6.77537e+01  1.00177e+00  4.74025e-03  -2.04432e-02  9.63854e-01  1.02518e+00
6.78584e+01  1.00189e+00  5.00621e-03  -1.87863e-02  9.67434e-01  1.02379e+00
6.79631e+01  1.00199e+00  5.21203e-03  -1.69261e-02  9.71360e-01  1.02214e+00
6.80678e+01  1.00207e+00  5.35989e-03  -1.48815e-02  9.75597e-01  1.02024e+00
6.81726e+01  1.00213e+00  5.45256e-03  -1.26740e-02  9.80105e-01  1.01813e+00
6.82773e+01  1.00216e+00  5.49315e-03  -1.03266e-02  9.84840e-01  1.01582e+00
6.83820e+01  1.00216e+00  5.48494e-03  -7.86444e-03  9.89756e-01  1.01335e+00
6.84867e+01  1.00215e+00  5.43118e-03  -5.31404e-03  9.94803e-01  1.01075e+00
6.85914e+01  1.00211e+00  5.33490e-03  -2.70321e-03  9.99928e-01  1.00804e+00
6.86962e+01  1.00204e+00  5.19881e-03  -6.07627e-05  1.00508e+00  1.00526e+00
6.88009e+01  1.00195e+00  5.02515e-03  2.58383e-03  1.01019e+00  1.00244e+00
6.89056e+01  1.00185e+00  4.81569e-03  5.20073e-03  1.01522e+00  9.99615e-01
6.90103e+01  1.00172e+00  4.57171e-03  7.76015e-03  1.02009e+00  9.96812e-01
6.91150e+01  1.00157e+00  4.29403e-03  1.02327e-02  1.02476e+00  9.94061e-01
6.92198e+01  1.00141e+00  3.98310e-03  1.25896e-02  1.02916e+00  9.91393e-01
6.93245e+01  1.00123e+00  3.63913e-03  1.48036e-02  1.03325e+00  9.88836e-01
6.94292e+01  1.00103e+00  3.26226e-03  1.68487e-02  1.03696e+00  9.86414e-01
6.95339e+01  1.00083e+00  2.85268e-03  1.87008e-02  1.04025e+00  9.84152e-01
6.96386e+01  1.00062e+00  2.41093e-03  2.03384e-02  1.04309e+00  9.82073e-01
6.97434e+01  1.00041e+00  1.93796e-03  2.17424e-02  1.04542e+00  9.80196e-01
6.98481e+01  1.00019e+00  1.43543e-03  2.28966e-02  1.04723e+00  9.78539e-01
6.99528e+01  9.99965e-01  9.05760e-04  2.37881e-02  1.04848e+00  9.77118e-01
7.00575e+01  9.99745e-01  3.52332e-04  2.44073e-02  1.04917e+00  9.75945e-01
7.01622e+01  9.99530e-01  -2.20481e-04  2.47481e-02  1.04928e+00  9.75031e-01
7.02670e+01  9.99321e-01  -8.07270e-04  2.48079e-02  1.04881e+00  9.74385e-01
7.03717e+01  9.99121e-01  -1.40162e-03  2.45878e-02  1.04777e+00  9.74011e-01
7.04764e+01  9.98931e-01  -1.99617e-03  2.40923e-02  1.04619e+00  9.73912e-01
7.05811e+01  9.98755e-01  -2.58278e-03  2.33292e-02  1.04408e+00  9.74088e-01
7.06858e+01  9.98593e-01  -3.15267e-03  2.23095e-02  1.04147e+00  9.74538e-01
7.07906e+01  9.98448e-01  -3.69666e-03  2.10474e-02  1.03840e+00  9.75256e-01
7.08953e+01  9.98320e-01  -4.20540e-03  1.95594e-02  1.03491e+00  9.76235e-01
7.10000e+01  9.98212e-01  -4.66965e-03  1.78646e-02  1.03106e+00  9.77466e-01
7.11047e+01  9.98125e-01  -5.08052e-03  1.59841e-02  1.02689e+00  9.78935e-01
7.12094e+01  9.98058e-01  -5.42980e-03  1.39408e-02  1.02245e+00  9.80629e-01
7.13142e+01  9.98014e-01  -5.71015e-03  1.17588e-02  1.01781e+00  9.82531e-01
7.14189e+01  9.97992e-01  -5.91539e-03  9.46344e-03  1.01301e+00  9.84621e-01
7.15236e+01  9.97993e-01  -6.04065e-03  7.08068e-03  1.00812e+00  9.86879e-01
7.16283e+01  9.98015e-01  -6.08259e-03  4.63694e-03  1.00319e+00  9.89280e-01
7.17330e+01  9.98060e-01  -6.03944e-03  2.15879e-03  9.98278e-01  9.91802e-01
7.18378e+01  9.98126e-01  -5.91115e-03  -3.27328e-04  9.93434e-01  9.94416e-01
7.19425e+01  9.98213e-01  -5.69934e-03  -2.79533e-03  9.88710e-01  9.97096e-01
7.20472e+01  9.98319e-01  -5.40734e-03  -5.21972e-03  9.84153e-01  9.99812e-01
7.21519e+01  9.98444e-01  -5.04004e-03  -7.57580e-03  9.79808e-01  1.00254e+00
7.22566e+01  9.98585e-01  -4.60382e-03  -9.83982e-03  9.75717e-01  1.00524e+00
7.23614e+01  9.98742e-01  -4.10637e-03  -1.19892e-02  9.71915e-01  1.00788e+00
7.24661e+01  9.98912e-01  -3.55648e-03  -1.40027e-02  9.68438e-01  1.01045e+00
7.25708e+01  9.99093e-01  -2.96384e-03  -1.58605e-02  9.65315e-01  1.01290e+00
7.26755e+01  9.99283e-01  -2.33876e-03  -1.75444e-02  9.62572e-01  1.01521e+00
7.27802e+01  9.99481e-01  -1.69195e-03  -1.90379e-02  9.60232e-01  1.01735e+00
7.28849e+01  9.99684e-01  -1.03421e-03  -2.03264e-02  9.58313e-01  1.01929e+00
7.29897e+01  9.99889e-01  -3.76200e-04  -2.13972e-02  9.56829e-01  1.02102e+00
7.30944e+01  1.00009e+00  2.71823e-04  -2.22399e-02  9.55792e-01  1.02251e+00
7.31991e+01  1.00030e+00  9.00236e-04  -2.28461e-02  9.55208e-01  1.02375e+00
7.33038e+01  1.00050e+00  1.50025e-03  -2.32096e-02  9.55081e-01  1.02471e+00
7.34085e+01  1.00069e+00  2.06410e-03  -2.33268e-02  9.55410e-01  1.02539e+00
7.35133e+01  1.00088e+00  2.58515e-03  -2.31962e-02  9.56193e-01  1.02578e+00
7.36180e+01  1.00105e+00  3.05800e-03  -2.28190e-02  9.57420e-01  1.02588e+00
7.37227e+01  1.00121e+00  3.47853e-03  -2.21987e-02  9.59081e-01  1.02568e+00
7.38274e+01  1.00136e+00  3.84392e-03  -2.13414e-02  9.61161e-01  1.02519e+00
7.39321e+01  1.00149e+00  4.15256e-03  -2.02554e-02  9.63642e-01  1.02441e+00
7.40369e+01  1.00160e+00  4.40405e-03  -1.89517e-02  9.66501e-01  1.02336e+00
7.41416e+01  1.00170e+00  4.59898e-03  -1.74434e-02  9.69712e-01  1.02204e+00
7.42463e+01  1.00178e+00  4.73889e-03  -1.57460e-02  9.73247e-01  1.02048e+00
7.43510e+01  1.00183e+00  4.82602e-03  -1.38770e-02  9.77072e-01  1.01870e+00
7.44557e+01  1.00187e+00  4.86315e-03  -1.18560e-02  9.81151e-01  1.01672e+00
7.45605e+01  1.00188e+00  4.85343e-03  -9.70420e-03  9.85445e-01  1.01456e+00
7.46652e+01  1.00188e+00  4.80020e-03  -7.44464e-03  9.89911e-01  1.01224e+00
7.47699e+01  1.00185e+00  4.70676e-03  -5.10167e-03  9.94503e-01  1.00981e+00
7.48746e+01  1.00180e+00  4.57628e-03  -2.70081e-03  9.99175e-01  1.00728e+00
7.49793e+01  1.00173e+00  4.41166e-03  -2.68479e-04  1.00387e+00  1.00468e+00
7.50841e+01  1.00164e+00  4.21543e-03  2.16827e-03  1.00855e+00  1.00205e+00
7.51888e+01  1.00154e+00  3.98968e-03  4.58211e-03  1.01315e+00  9.99408e-01
7.52935e+01  1.00142e+00  3.73607e-03  6.94567e-03  1.01763e+00  9.96790e-01
7.53982e+01  1.00128e+00  3.45587e-03  9.23198e-03  1.02192e+00  9.94224e-01
7.55029e+01  1.00113e+00  3.14999e-03  1.14147e-02  1.02598e+00  9.91735e-01
7.56077e+01  1.00096e+00  2.81907e-03  1.34687e-02  1.02976e+00  9.89350e-01
7.57124e+01  1.00079e+00  2.46366e-03  1.53699e-02  1.03320e+00  9.87094e-01
7.58171e+01  1.00061e+00  2.08431e-03  1.70963e-02  1.03628e+00  9.84988e-01
7.59218e+01  1.00042e+00  1.68174e-03  1.86278e-02  1.03894e+00  9.83054e-01
7.60265e+01  1.00023e+00  1.25703e-03  1.99466e-02  1.04115e+00  9.81310e-01
7.61313e+01  1.00004e+00  8.11716e-04  2.10376e-02  1.04289e+00  9.79774e-01
7.62360e+01  9.99846e-01  3.47977e-04  2.18884e-02  1.04412e+00  9.78460e-01
7.63407e+01  9.99656e-01  -1.31302e-04  2.24899e-02  1.04485e+00  9.77379e-01
7.64454e+01  9.99471e-01  -6.22436e-04  2.28358e-02  1.04505e+00  9.76542e-01
7.65501e+01  9.99293e-01  -1.12092e-03  2.29232e-02  1.04473e+00  9.75956e-01
7.66549e+01  9.99123e-01  -1.62144e-03  2.27525e-02  1.04388e+00  9.75626e-01
7.67596e+01  9.98964e-01  -2.11792e-03  2.23270e-02  1.04254e+00  9.75555e-01
7.68643e+01  9.98817e-01  -2.60364e-03  2.16535e-02  1.04070e+00  9.75743e-01
7.69690e+01  9.98684e-01  -3.07137e-03  2.07413e-02  1.03841e+00  9.76187e-01
7.70737e+01  9.98566e-01  -3.51355e-03  1.96028e-02  1.03569e+00  9.76884e-01
7.71785e+01  9.98465e-01  -3.92248e-03  1.82527e-02  1.03258e+00  9.77825e-01
7.72832e+01  9.98381e-01  -4.29054e-03  1.67081e-02  1.02913e+00  9.79001e-01
7.73879e+01  9.98316e-01  -4.61044e-03  1.49881e-02  1.02537e+00  9.80401e-01
7.74926e+01  9.98270e-01  -4.87544e-03  1.31132e-02  1.02135e+00  9.82011e-01
7.75973e+01  9.98243e-01  -5.07957e-03  1.11058e-02  1.01713e+00  9.83815e-01
7.77021e+01  9.98236e-01  -5.21779e-03  8.98881e-03  1.01276e+00  9.85793e-01
7.78068e+01  9.98248e-01  -5.28626e-03  6.78637e-03  1.00829e+00  9.87927e-01
7.79115e+01  9.98280e-01  -5.28238e-03  4.52294e-03  1.00376e+00  9.90195e-01
7.80162e+01  9.98331e-01  -5.20496e-03  2.22324e-03  9.99242e-01  9.92572e-01
7.81209e+01  9.98401e-01  -5.05424e-03  -8.80007e-05  9.94770e-01  9.95034e-01
7.82257e+01  9.98488e-01  -4.83197e-03  -2.38632e-03  9.90395e-01  9.97554e-01
7.83304e+01  9.98591e-01  -4.54130e-03  -4.64773e-03  9.86163e-01  1.00011e+00
7.84351e+01  9.98710e-01  -4.18681e-03  -6.84889e-03  9.82115e-01  1.00266e+00
7.85398e+01  9.98843e-01  -3.77432e-03  -8.96736e-03  9.78291e-01  1.00519e+00
7.86445e+01  9.98988e-01  -3.31080e-03  -1.09817e-02  9.74726e-01  1.00767e+00
7.87493e+01  9.99144e-01  -2.80419e-03  -1.28717e-02  9.71452e-01  1.01007e+00
7.88540e+01  9.99308e-01  -2.26317e-03  -1.46185e-02  9.68500e-01  1.01236e+00
7.89587e+01  9.99480e-01  -1.69700e-03  -1.62048e-02  9.65893e-01  1.01451e+00
7.90634e+01  9.99657e-01  -1.11520e-03  -1.76147e-02  9.63655e-01  1.01650e+00
7.91681e+01  9.99838e-01  -5.27425e-04  -1.88344e-02  9.61804e-01  1.01831e+00
7.92729e+01  1.00002e+00  5.68724e-05  -1.98517e-02  9.60353e-01  1.01991e+00
7.93776e+01  1.00020e+00  6.28597e-04  -2.06566e-02  9.59315e-01  1.02129e+00
7.94823e+01  1.00038e+00  1.17925e-03  -2.12408e-02  9.58698e-01  1.02242e+00
7.95870e+01  1.00055e+00  1.70108e-03  -2.15985e-02  9.58504e-01  1.02330e+00
7.96917e+01  1.00072e+00  2.18729e-03  -2.17261e-02  9.58735e-01  1.02391e+00
7.97965e+01  1.00087e+00  2.63211e-03  -2.16221e-02  9.59388e-01  1.02425e+00
7.99012e+01  1.00102e+00  3.03088e-03  -2.12874e-02  9.60456e-01  1.02432e+00
8.00059e+01  1.00116e+00  3.38012e-03  -2.07252e-02  9.61930e-01  1.02411e+00
8.01106e+01  1.00128e+00  3.67752e-03  -1.99409e-02  9.63796e-01  1.02362e+00
8.02153e+01  1.00138e+00  3.92188e-03  -1.89426e-02  9.66037e-01  1.02286e+00
8.03201e+01  1.00147e+00  4.11309e-03  -1.77401e-02  9.68633e-01  1.02185e+00
8.04248e+01  1.00155e+00  4.25197e-03  -1.63458e-02  9.71560e-01  1.02060e+00
8.05295e+01  1.00161e+00  4.34017e-03  -1.47740e-02  9.74792e-01  1.01911e+00
8.06342e+01  1.00164e+00  4.38003e-03  -1.30410e-02  9.78298e-01  1.01742e+00
8.07389e+01  1.00166e+00  4.37439e-03  -1.11650e-02  9.82044e-01  1.01554e+00
8.08437e+01  1.00166e+00  4.32641e-03  -9.16581e-03  9.85995e-01  1.01349e+00
8.09484e+01  1.00165e+00  4.23944e-03  -7.06483e-03  9.90110e-01  1.01130e+00
8.10531e+01  1.00161e+00  4.11687e-03  -4.88469e-03  9.94347e-01  1.00900e+00
8.11578e+01  1.00156e+00  3.96192e-03  -2.64911e-03  9.98664e-01  1.00661e+00
8.12625e+01  1.00149e+00  3.77760e-03  -3.82660e-04  1.00301e+00  1.00416e+00
8.13672e+01  1.00140e+00  3.56661e-03  1.88954e-03  1.00735e+00  1.00168e+00
8.14720e+01  1.00130e+00  3.33124e-03  4.14207e-03  1.01162e+00  9.99189e-01
8.15767e+01  1.00118e+00  3.07341e-03  6.34953e-03  1.01577e+00  9.96724e-01
8.16814e+01  1.00105e+00  2.79464e-03  8.48682e-03  1.01977e+00  9.94308e-01
8.17861e+01  1.00091e+00  2.49611e-03  1.05295e-02  1.02356e+00  9.91967e-01
8.18908e+01  1.00076e+00  2.17877e-03  1.24540e-02  1.02709e+00  9.89725e-01
8.19956e+01  1.00060e+00  1.84339e-03  1.42381e-02  1.03032e+00  9.87605e-01
8.21003e+01  1.00044e+00  1.49073e-03  1.58611e-02  1.03321e+00  9.85630e-01
8.22050e+01  1.00027e+00  1.12163e-03  1.73042e-02  1.03573e+00  9.83817e-01
8.23097e+01  1.00010e+00  7.37183e-04  1.85507e-02  1.03784e+00  9.82187e-01
8.24144e+01  9.99924e-01  3.38839e-04  1.95863e-02  1.03951e+00  9.80753e-01
8.25192e+01  9.99755e-01  -7.14698e-05  2.03993e-02  1.04073e+00  9.79529e-01
8.26239e+01  9.99588e-01  -4.91234e-04  2.09807e-02  1.04147e+00  9.78528e-01
8.27286e+01  9.99427e-01  -9.17307e-04  2.13244e-02  1.04173e+00  9.77758e-01
8.28333e+01  9.99273e-01  -1.34587e-03  2.14274e-02  1.04151e+00  9.77227e-01
8.29380e+01  9.99128e-01  -1.77244e-03  2.12894e-02  1.04081e+00  9.76938e-01
8.30428e+01  9.98993e-01  -2.19192e-03  2.09132e-02  1.03963e+00  9.76895e-01
8.31475e+01  9.98869e-01  -2.59865e-03  2.03045e-02  1.03801e+00  9.77097e-01
8.32522e+01  9.98759e-01  -2.98658e-03  1.94717e-02  1.03596e+00  9.77542e-01
8.33569e+01  9.98663e-01  -3.34937e-03  1.84258e-02  1.03350e+00  9.78225e-01
8.34616e+01  9.98582e-01  -3.68055e-03  1.71801e-02  1.03068e+00  9.79139e-01
8.35664e+01  9.98518e-01  -3.97378e-03  1.57502e-02  1.02753e+00  9.80276e-01
8.36711e+01  9.98470e-01  -4.22296e-03  1.41536e-02  1.02408e+00  9.81623e-01
8.37758e+01  9.98439e-01  -4.42249e-03  1.24093e-02  1.02040e+00  9.83168e-01
8.38805e+01  9.98426e-01  -4.56743e-03  1.05379e-02  1.01651e+00  9.84895e-01
8.39852e+01  9.98431e-01  -4.65370e-03  8.56078e-03  1.01247e+00  9.86786e-01
8.40900e+01  9.98453e-01  -4.67820e-03  6.50049e-03  1.00832e+00  9.88821e-01
8.41947e+01  9.98492e-01  -4.63897e-03  4.37992e-03  1.00412e+00  9.90981e-01
8.42994e+01  9.98548e-01  -4.53525e-03  2.22233e-03  9.99909e-01  9.93242e-01
8.44041e+01  9.98619e-01  -4.36758e-03  5.10356e-05  9.95734e-01  9.95581e-01
8.45088e+01  9.98706e-01  -4.13778e-03  -2.11082e-03  9.91641e-01  9.97973e-01
8.46136e+01  9.98808e-01  -3.84893e-03  -4.24049e-03  9.87670e-01  1.00039e+00
8.47183e+01  9.98922e-01  -3.50535e-03  -6.31581e-03  9.83863e-01  1.00281e+00
8.48230e+01  9.99047e-01  -3.11247e-03  -8.31539e-03  9.80257e-01  1.00520e+00
8.49277e+01  9.99183e-01  -2.67671e-03  -1.02188e-02  9.76886e-01  1.00754e+00
8.50324e+01  9.99328e-01  -2.20535e-03  -1.20067e-02  9.73781e-01  1.00980e+00
8.51372e+01  9.99479e-01  -1.70631e-03  -1.36611e-02  9.70972e-01  1.01195e+00
8.52419e+01  9.99636e-01  -1.18798e-03  -1.51653e-02  9.68481e-01  1.01398e+00
8.53466e+01  9.99797e-01  -6.59016e-04  -1.65043e-02  9.66332e-01  1.01585e+00
8.54513e+01  9.99959e-01  -1.28095e-04  -1.76646e-02  9.64543e-01  1.01754e+00
8.55560e+01  1.00012e+00  3.96254e-04  -1.86345e-02  9.63127e-01  1.01903e+00
8.56608e+01  1.00028e+00  9.05880e-04  -1.94045e-02  9.62097e-01  1.02031e+00
8.57655e+01  1.00044e+00  1.39318e-03  -1.99666e-02  9.61460e-01  1.02136e+00
8.58702e+01  1.00059e+00  1.85129e-03  -2.03151e-02  9.61221e-01  1.02217e+00
8.59749e+01  1.00073e+00  2.27417e-03  -2.04465e-02  9.61381e-01  1.02272e+00
8.60796e+01  1.00087e+00  2.65677e-03  -2.03592e-02  9.61938e-01  1.02302e+00
8.61844e+01  1.00099e+00  2.99508e-03  -2.00541e-02  9.62887e-01  1.02305e+00
8.62891e+01  1.00111e+00  3.28614e-03  -1.95341e-02  9.64218e-01  1.02282e+00
8.63938e+01  1.00121e+00  3.52810e-03  -1.88044e-02  9.65919e-01  1.02233e+00
8.64985e+01  1.00130e+00  3.72013e-03  -1.78722e-02  9.67976e-01  1.02159e+00
8.66032e+01  1.00137e+00  3.86237e-03  -1.67471e-02  9.70368e-01  1.02061e+00
8.67080e+01  1.00143e+00  3.95587e-03  -1.54405e-02  9.73075e-01  1.01940e+00
8.68127e+01  1.00147e+00  4.00242e-03  -1.39660e-02  9.76070e-01  1.01797e+00
8.69174e+01  1.00149e+00  4.00443e-03  -1.23390e-02  9.79327e-01  1.01634e+00
8.70221e+01  1.00150e+00  3.96481e-03  -1.05764e-02  9.82812e-01  1.01454e+00
8.71268e+01  1.00149e+00  3.88675e-03  -8.69712e-03  9.86493e-01  1.01258e+00
8.72316e+01  1.00146e+00  3.77364e-03  -6.72110e-03  9.90331e-01  1.01049e+00
8.73363e+01  1.00142e+00  3.62887e-03  -4.66968e-03  9.94290e-01  1.00830e+00
8.74410e+01  1.00136e+00  3.45574e-03  -2.56517e-03  9.98325e-01  1.00602e+00
8.75457e+01  1.00129e+00  3.25732e-03  -4.30658e-04  1.00240e+00  1.00369e+00
8.76504e+01  1.00120e+00  3.03640e-03  1.71024e-03  1.00646e+00  1.00133e+00
8.77552e+01  1.00110e+00  2.79540e-03  3.83363e-03  1.01046e+00  9.98962e-01
8.78599e+01  1.00099e+00  2.53637e-03  5.91565e-03  1.01437e+00  9.96621e-01
8.79646e+01  1.00086e+00  2.26103e-03  7.93269e-03  1.01813e+00  9.94328e-01
8.80693e+01  1.00073e+00  1.97071e-03  9.86177e-03  1.02169e+00  9.92109e-01
8.81740e+01  1.00059e+00  1.66654e-03  1.16808e-02  1.02503e+00  9.89986e-01
8.82788e+01  1.00045e+00  1.34944e-03  1.33687e-02  1.02809e+00  9.87981e-01
8.83835e+01  1.00030e+00  1.02025e-03  1.49061e-02  1.03083e+00  9.86114e-01
8.84882e+01  1.00014e+00  6.79902e-04  1.62751e-02  1.03323e+00  9.84405e-01
8.85929e+01  9.99987e-01  3.29446e-04  1.74600e-02  1.03525e+00  9.82869e-01
8.86976e+01  9.99833e-01  -2.97680e-05  1.84472e-02  1.03686e+00  9.81523e-01
8.88024e+01  9.99682e-01  -3.96012e-04  1.92254e-02  1.03805e+00  9.80379e-01
8.89071e+01  9.99534e-01  -7.67092e-04  1.97860e-02  1.03880e+00  9.79447e-01
8.90118e+01  9.99393e-01  -1.14029e-03  2.01230e-02  1.03911e+00  9.78737e-01
8.91165e+01  9.99258e-01  -1.51233e-03  2.02333e-02  1.03895e+00  9.78254e-01
8.92212e+01  9.99132e-01  -1.87937e-03  2.01163e-02  1.03835e+00  9.78004e-01
8.93260e+01  9.99017e-01  -2.23706e-03  1.97744e-02  1.03731e+00  9.77989e-01
8.94307e+01  9.98912e-01  -2.58059e-03  1.92125e-02  1.03584e+00  9.78207e-01
8.95354e+01  9.98821e-01  -2.90480e-03  1.84382e-02  1.03397e+00  9.78657e-01
8.96401e+01  9.98742e-01  -3.20429e-03  1.74617e-02  1.03172e+00  9.79334e-01
8.97448e+01  9.98678e-01  -3.47357e-03  1.62952e-02  1.02912e+00  9.80231e-01
8.98495e+01  9.98629e-01  -3.70726e-03  1.49532e-02  1.02620e+00  9.81340e-01
8.99543e+01  9.98595e-01  -3.90021e-03  1.34518e-02  1.02300e+00  9.82648e-01
9.00590e+01  9.98578e-01  -4.04771e-03  1.18089e-02  1.01957e+00  9.84143e-01
9.01637e+01  9.98576e-01  -4.14565e-03  1.00437e-02  1.01594e+00  9.85811e-01
9.02684e+01  9.98589e-01  -4.19066e-03  8.17660e-03  1.01216e+00  9.87633e-01
9.03731e+01  9.98619e-01  -4.18028e-03  6.22861e-03  1.00828e+00  9.89591e-01
9.04779e+01  9.98664e-01  -4.11305e-03  4.22149e-03  1.00433e+00  9.91665e-01
9.05826e+01  9.98724e-01  -3.98857e-03  2.17731e-03  1.00037e+00  9.93834e-01
9.06873e+01  9.98797e-01  -3.80762e-03  1.18228e-04  9.96429e-01  9.96074e-01
9.07920e+01  9.98884e-01  -3.57210e-03  -1.93369e-03  9.92561e-01  9.98362e-01
9.08967e+01  9.98983e-01  -3.28506e-03  -3.95670e-03  9.88802e-01  1.00067e+00
9.10015e+01  9.99094e-01  -2.95064e-03  -5.92963e-03  9.85190e-01  1.00298e+00
9.11062e+01  9.99214e-01  -2.57396e-03  -7.83196e-03  9.81762e-01  1.00526e+00
9.12109e+01  9.99342e-01  -2.16103e-03  -9.64410e-03  9.78551e-01  1.00748e+00
9.13156e+01  9.99477e-01  -1.71861e-03  -1.13475e-02  9.75586e-01  1.00963e+00
9.14203e+01  9.99618e-01  -1.25402e-03  -1.29248e-02  9.72896e-01  1.01167e+00
9.15251e+01  9.99763e-01  -7.74989e-04  -1.43600e-02  9.70505e-01  1.01358e+00
9.16298e+01  9.99910e-01  -2.89436e-04  -1.56386e-02  9.68433e-01  1.01535e+00
9.17345e+01  1.00006e+00  1.94698e-04  -1.67476e-02  9.66700e-01  1.01694e+00
9.18392e+01  1.00020e+00  6.69654e-04  -1.76758e-02  9.65318e-01  1.01835e+00
9.19439e+01  1.00035e+00  1.12804e-03  -1.84139e-02  9.64300e-01  1.01954e+00
9.20487e+01  1.00049e+00  1.56301e-03  -1.89543e-02  9.63654e-01  1.02052e+00
9.21534e+01  1.00062e+00  1.96837e-03  -1.92914e-02  9.63386e-01  1.02126e+00
9.22581e+01  1.00075e+00  2.33879e-03  -1.94218e-02  9.63495e-01  1.02176e+00
9.23628e+01  1.00087e+00  2.66979e-03  -1.93441e-02  9.63982e-01  1.02201e+00
9.24675e+01  1.00097e+00  2.95790e-03  -1.90589e-02  9.64840e-01  1.02202e+00
9.25723e+01  1.00107e+00  3.20064e-03  -1.85689e-02  9.66063e-01  1.02177e+00
9.26770e+01  1.00115e+00  3.39654e-03  -1.78791e-02  9.67638e-01  1.02128e+00
9.27817e+01  1.00122e+00  3.54511e-03  -1.69965e-02  9.69552e-01  1.02054e+00
9.28864e+01  1.00128e+00  3.64674e-03  -1.59301e-02  9.71787e-01  1.01958e+00
9.29911e+01  1.00132e+00  3.70268e-03  -1.46907e-02  9.74321e-01  1.01839e+00
9.30959e+01  1.00135e+00  3.71485e-03  -1.32913e-02  9.77132e-01  1.01701e+00
9.32006e+01  1.00136e+00  3.68578e-03  -1.17465e-02  9.80193e-01  1.01543e+00
9.33053e+01  1.00136e+00  3.61841e-03  -1.00726e-02  9.83473e-01  1.01369e+00
9.34100e+01  1.00134e+00  3.51602e-03  -8.28724e-03  9.86942e-01  1.01180e+00
9.35147e+01  1.00131e+00  3.38199e-03  -6.40959e-03  9.90563e-01  1.00979e+00
9.36195e+01  1.00126e+00  3.21976e-03  -4.45988e-03  9.94300e-01  1.00768e+00
9.37242e+01  1.00120e+00  3.03265e-03  -2.45930e-03  9.98114e-01  1.00549e+00
9.38289e+01  1.00113e+00  2.82378e-03  -4.29785e-04  1.00196e+00  1.00325e+00
9.39336e+01  1.00104e+00  2.59598e-03  1.60625e-03  1.00581e+00  1.00099e+00
9.40383e+01  1.00094e+00  2.35177e-03  3.62614e-03  1.00960e+00  9.98726e-01
9.41431e+01  1.00083e+00  2.09329e-03  5.60721e-03  1.01331e+00  9.96486e-01
9.42478e+01  1.00071e+00  1.82232e-03  7.52708e-03  1.01688e+00  9.94295e-01
9.43525e+01  1.00059e+00  1.54034e-03  9.36390e-03  1.02027e+00  9.92176e-01
9.44572e+01  1.00046e+00  1.24854e-03  1.10967e-02  1.02344e+00  9.90152e-01
9.45619e+01  1.00032e+00  9.47938e-04  1.27055e-02  1.02636e+00  9.88242e-01
9.46667e+01  1.00018e+00  6.39429e-04  1.41718e-02  1.02898e+00  9.86468e-01
9.47714e+01  1.00004e+00  3.23930e-04  1.54787e-02  1.03128e+00  9.84845e-01
9.48761e+01  9.99898e-01  2.46294e-06  1.66110e-02  1.03322e+00  9.83391e-01
9.49808e+01  9.99758e-01  -3.23737e-04  1.75558e-02  1.03479e+00  9.82120e-01
9.50855e+01  9.99622e-01  -6.53127e-04  1.83024e-02  1.03595e+00  9.81044e-01
9.51903e+01  9.99490e-01  -9.83780e-04  1.88423e-02  1.03670e+00  9.80174e-01
9.52950e+01  9.99364e-01  -1.31333e-03  1.91697e-02  1.03703e+00  9.79517e-01
9.53997e+01  9.99246e-01  -1.63892e-03  1.92814e-02  1.03692e+00  9.79080e-01
9.55044e+01  9.99136e-01  -1.95725e-03  1.91767e-02  1.03640e+00  9.78866e-01
9.56091e+01  9.99036e-01  -2.26455e-03  1.88577e-02  1.03545e+00  9.78878e-01
9.57139e+01  9.98948e-01  -2.55667e-03  1.83289e-02  1.03410e+00  9.79114e-01
9.58186e+01  9.98871e-01  -2.82915e-03  1.75972e-02  1.03237e+00  9.79574e-01
9.59233e+01  9.98807e-01  -3.07734e-03  1.66721e-02  1.03027e+00  9.80251e-01
9.60280e+01  9.98757e-01  -3.29652e-03  1.55650e-02  1.02783e+00  9.81138e-01
9.61327e+01  9.98721e-01  -3.48206e-03  1.42896e-02  1.02510e+00  9.82228e-01
9.62375e+01  9.98699e-01  -3.62956e-03  1.28611e-02  1.02209e+00  9.83509e-01
9.63422e+01  9.98691e-01  -3.73503e-03  1.12964e-02  1.01886e+00  9.84969e-01
9.64469e+01  9.98699e-01  -3.79500e-03  9.61375e-03  1.01543e+00  9.86591e-01
9.65516e+01  9.98720e-01  -3.80670e-03  7.83245e-03  1.01186e+00  9.88361e-01
9.66563e+01  9.98756e-01  -3.76816e-03  5.97264e-03  1.00818e+00  9.90259e-01
9.67611e+01  9.98806e-01  -3.67833e-03  4.05507e-03  1.00443e+00  9.92267e-01
9.68658e+01  9.98869e-01  -3.53713e-03  2.10085e-03  1.00066e+00  9.94362e-01
9.69705e+01  9.98944e-01  -3.34551e-03  1.31240e-04  9.96917e-01  9.96523e-01
9.70752e+01  9.99031e-01  -3.10548e-03  -1.83257e-03  9.93229e-01  9.98727e-01
9.71799e+01  9.99129e-01  -2.82007e-03  -3.76969e-03  9.89641e-01  1.00095e+00
9.72847e+01  9.99236e-01  -2.49328e-03  -5.65971e-03  9.86187e-01  1.00317e+00
9.73894e+01  9.99351e-01  -2.13001e-03  -7.48286e-03  9.82904e-01  1.00535e+00
9.74941e+01  9.99474e-01  -1.73595e-03  -9.22023e-03  9.79824e-01  1.00748e+00
9.75988e+01  9.99602e-01  -1.31744e-03  -1.08539e-02  9.76975e-01  1.00954e+00
9.77035e+01  9.99734e-01  -8.81342e-04  -1.23671e-02  9.74384e-01  1.01149e+00
9.78083e+01  9.99868e-01  -4.34834e-04  -1.37444e-02  9.72076e-01  1.01331e+00
9.79130e+01  1.00000e+00  1.47303e-05  -1.49717e-02  9.70071e-01  1.01499e+00
9.80177e+01  1.00014e+00  4.60023e-04  -1.60366e-02  9.68387e-01  1.01650e+00
9.81224e+01  1.00027e+00  8.93910e-04  -1.69281e-02  9.67038e-01  1.01782e+00
9.82271e+01  1.00040e+00  1.30963e-03  -1.76372e-02  9.66035e-01  1.01895e+00
9.83319e+01  1.00053e+00  1.70093e-03  -1.81566e-02  9.65388e-01  1.01986e+00
9.84366e+01  1.00065e+00  2.06224e-03  -1.84809e-02  9.65100e-01  1.02054e+00
9.85413e+01  1.00076e+00  2.38876e-03  -1.86068e-02  9.65175e-01  1.02100e+00
9.86460e+01  1.00086e+00  2.67654e-03  -1.85328e-02  9.65611e-01  1.02121e+00
9.87507e+01  1.00096e+00  2.92257e-03  -1.82597e-02  9.66403e-01  1.02118e+00
9.88554e+01  1.00104e+00  3.12478e-03  -1.77900e-02  9.67545e-01  1.02091e+00
9.89602e+01  1.00111e+00  3.28204e-03  -1.71285e-02  9.69025e-01  1.02041e+00
9.90649e+01  1.00117e+00  3.39416e-03  -1.62819e-02  9.70830e-01  1.01968e+00
9.91696e+01  1.00121e+00  3.46179e-03  -1.52589e-02  9.72944e-01  1.01872e+00
9.92743e+01  1.00124e+00  3.48634e-03  -1.40700e-02  9.75346e-01  1.01756e+00
9.93790e+01  1.00126e+00  3.46989e-03  -1.27275e-02  9.78015e-01  1.01620e+00
9.94838e+01  1.00126e+00  3.41507e-03  -1.12456e-02  9.80924e-01  1.01466e+00
9.95885e+01  1.00125e+00  3.32489e-03  -9.63970e-03  9.84045e-01  1.01296e+00
9.96932e+01  1.00122e+00  3.20266e-03  -7.92701e-03  9.87349e-01  1.01113e+00
9.97979e+01  1.00118e+00  3.05182e-03  -6.12582e-03  9.90800e-01  1.00918e+00
9.99026e+01  1.00113e+00  2.87581e-03  -4.25555e-03  9.94365e-01  1.00713e+00
1.00007e+02  1.00107e+00  2.67798e-03  -2.33650e-03  9.98005e-01  1.00501e+00
1.00112e+02  1.00099e+00  2.46147e-03  -3.89705e-04  1.00168e+00  1.00285e+00
1.00217e+02  1.00090e+00  2.22914e-03  1.56336e-03  1.00536e+00  1.00067e+00
1.00322e+02  1.00081e+00  1.98354e-03  3.50098e-03  1.00899e+00  9.98483e-01
1.00426e+02  1.00070e+00  1.72685e-03  5.40144e-03  1.01253e+00  9.96325e-01
1.00531e+02  1.00059e+00  1.46091e-03  7.24330e-03  1.01595e+00  9.94218e-01
1.00636e+02  1.00047e+00  1.18722e-03  9.00565e-03  1.01920e+00  9.92182e-01
1.00740e+02  1.00034e+00  9.07037e-04  1.06684e-02  1.02224e+00  9.90239e-01
1.00845e+02  1.00021e+00  6.21377e-04  1.22124e-02  1.02505e+00  9.88409e-01
1.00950e+02  1.00008e+00  3.31155e-04  1.36199e-02  1.02757e+00  9.86711e-01
1.01055e+02  9.99952e-01  3.72492e-05  1.48746e-02  1.02979e+00  9.85163e-01
1.01159e+02  9.99822e-01  -2.59388e-04  1.59622e-02  1.03167e+00  9.83778e-01
1.01264e+02  9.99694e-01  -5.57640e-04  1.68700e-02  1.03318e+00  9.82572e-01
1.01369e+02  9.99570e-01  -8.56139e-04  1.75877e-02  1.03432e+00  9.81556e-01
1.01473e+02  9.99451e-01  -1.15319e-03  1.81073e-02  1.03506e+00  9.80740e-01
1.01578e+02  9.99339e-01  -1.44672e-03  1.84229e-02  1.03540e+00  9.80130e-01
1.01683e+02  9.99234e-01  -1.73425e-03  1.85315e-02  1.03533e+00  9.79734e-01
1.01788e+02  9.99138e-01  -2.01288e-03  1.84322e-02  1.03485e+00  9.79555e-01
1.01892e+02  9.99051e-01  -2.27932e-03  1.81268e-02  1.03397e+00  9.79594e-01
1.01997e+02  9.98976e-01  -2.52994e-03  1.76197e-02  1.03271e+00  9.79850e-01
1.02102e+02  9.98912e-01  -2.76085e-03  1.69173e-02  1.03107e+00  9.80322e-01
1.02206e+02  9.98861e-01  -2.96797e-03  1.60286e-02  1.02909e+00  9.81003e-01
1.02311e+02  9.98822e-01  -3.14720e-03  1.49645e-02  1.02678e+00  9.81888e-01
1.02416e+02  9.98796e-01  -3.29451e-03  1.37379e-02  1.02418e+00  9.82968e-01
1.02521e+02  9.98784e-01  -3.40607e-03  1.23635e-02  1.02132e+00  9.84230e-01
1.02625e+02  9.98786e-01  -3.47845e-03  1.08573e-02  1.01824e+00  9.85664e-01
1.02730e+02  9.98801e-01  -3.50871e-03  9.23701e-03  1.01497e+00  9.87254e-01
1.02835e+02  9.98830e-01  -3.49451e-03  7.52101e-03  1.01155e+00  9.88984e-01
1.02940e+02  9.98871e-01  -3.43430e-03  5.72875e-03  1.00802e+00  9.90837e-01
1.03044e+02  9.98925e-01  -3.32732e-03  3.88021e-03  1.00443e+00  9.92792e-01
1.03149e+02  9.98991e-01  -3.17375e-03  1.99580e-03  1.00082e+00  9.94830e-01
1.03254e+02  9.99068e-01  -2.97470e-03  9.60441e-05  9.97217e-01  9.96929e-01
1.03358e+02  9.99155e-01  -2.73221e-03  -1.79855e-03  9.93671e-01  9.99066e-01
1.03463e+02  9.99252e-01  -2.44930e-03  -3.66774e-03  9.90215e-01  1.00122e+00
1.03568e+02  9.99357e-01  -2.12985e-03  -5.49174e-03  9.86887e-01  1.00336e+00
1.03673e+02  9.99468e-01  -1.77857e-03  -7.25138e-03  9.83719e-01  1.00547e+00
1.03777e+02  9.99586e-01  -1.40086e-03  -8.92830e-03  9.80743e-01  1.00753e+00
1.03882e+02  9.99707e-01  -1.00272e-03  -1.05051e-02  9.77987e-01  1.00950e+00
1.03987e+02  9.99832e-01  -5.90605e-04  -1.19655e-02  9.75478e-01  1.01137e+00
1.04091e+02  9.99958e-01  -1.71230e-04  -1.32944e-02  9.73240e-01  1.01312e+00
1.04196e+02  1.00009e+00  2.48552e-04  -1.44783e-02  9.71292e-01  1.01473e+00
1.04301e+02  1.00021e+00  6.61944e-04  -1.55049e-02  9.69652e-01  1.01617e+00
1.04406e+02  1.00033e+00  1.06236e-03  -1.63637e-02  9.68335e-01  1.01743e+00
1.04510e+02  1.00045e+00  1.44359e-03  -1.70459e-02  9.67352e-01  1.01849e+00
1.04615e+02  1.00057e+00  1.79995e-03  -1.75444e-02  9.66711e-01  1.01934e+00
1.04720e+02  1.00067e+00  2.12639e-03  -1.78541e-02  9.66418e-01  1.01998e+00
1.04824e+02  1.00077e+00  2.41863e-03  -1.79715e-02  9.66476e-01  1.02039e+00
1.04929e+02  1.00086e+00  2.67319e-03  -1.78955e-02  9.66882e-01  1.02057e+00
1.05034e+02  1.00094e+00  2.88752e-03  -1.76266e-02  9.67634e-01  1.02051e+00
1.05139e+02  1.00101e+00  3.05995e-03  -1.71674e-02  9.68725e-01  1.02023e+00
1.05243e+02  1.00107e+00  3.18971e-03  -1.65225e-02  9.70145e-01  1.01971e+00
1.05348e+02  1.00112e+00  3.27691e-03  -1.56984e-02  9.71880e-01  1.01898e+00
1.05453e+02  1.00115e+00  3.32246e-03  -1.47036e-02  9.73915e-01  1.01803e+00
1.05558e+02  1.00117e+00  3.32799e-03  -1.35482e-02  9.76232e-01  1.01688e+00
1.05662e+02  1.00118e+00  3.29577e-03  -1.22441e-02  9.78807e-01  1.01554e+00
1.05767e+02  1.00117e+00  3.22854e-03  -1.08052e-02  9.81618e-01  1.01403e+00
1.05872e+02  1.00116e+00  3.12945e-03  -9.24629e-03  9.84637e-01  1.01238e+00
1.05976e+02  1.00112e+00  3.00186e-03  -7.58405e-03  9.87834e-01  1.01059e+00
1.06081e+02  1.00108e+00  2.84927e-03  -5.83615e-03  9.91177e-01  1.00869e+00
1.06186e+02  1.00102e+00  2.67515e-03  -4.02138e-03  9.94632e-01  1.00670e+00
1.06291e+02  1.00096e+00  2.48289e-03  -2.15938e-03  9.98164e-01  1.00464e+00
1.06395e+02  1.00088e+00  2.27563e-03  -2.70449e-04  1.00173e+00  1.00255e+00
1.06500e+02  1.00079e+00  2.05624e-03  1.62465e-03  1.00531e+00  1.00043e+00
1.06605e+02  1.00069e+00  1.82726e-03  3.50493e-03  1.00884e+00  9.98322e-01
1.06709e+02  1.00059e+00  1.59087e-03  5.34941e-03  1.01229e+00  9.96241e-01
1.06814e+02  1.00048e+00  1.34889e-03  7.13739e-03  1.01562e+00  9.94212e-01
1.06919e+02  1.00036e+00  1.10280e-03  8.84864e-03  1.01880e+00  9.92254e-01
1.07024e+02  1.00024e+00  8.53792e-04  1.04637e-02  1.02178e+00  9.90390e-01
1.07128e+02  1.00012e+00  6.02827e-04  1.19641e-02  1.02453e+00  9.88639e-01
1.07233e+02  1.00000e+00  3.50721e-04  1.33327e-02  1.02702e+00  9.87018e-01
