# k S000 S110 S112 S10 S11
1.04720000e-01 2.76433000e-04 -1.70998000e-04 -3.98320000e-06 -1.78964000e-04 -1.67014000e-04
2.09440000e-01 2.77518000e-04 -1.71885000e-04 -4.01869000e-06 -1.79922000e-04 -1.67866000e-04
3.14159000e-01 2.79340000e-04 -1.73378000e-04 -4.07879000e-06 -1.81536000e-04 -1.69299000e-04
4.18879000e-01 2.81919000e-04 -1.75498000e-04 -4.16497000e-06 -1.83828000e-04 -1.71333000e-04
5.23599000e-01 2.85283000e-04 -1.78276000e-04 -4.27939000e-06 -1.86835000e-04 -1.73997000e-04
6.28319000e-01 2.89473000e-04 -1.81755000e-04 -4.42501000e-06 -1.90605000e-04 -1.77330000e-04
7.33038000e-01 2.94538000e-04 -1.85986000e-04 -4.60574000e-06 -1.95198000e-04 -1.81381000e-04
8.37758000e-01 3.00540000e-04 -1.91040000e-04 -4.82670000e-06 -2.00693000e-04 -1.86213000e-04
9.42478000e-01 3.07553000e-04 -1.96998000e-04 -5.09445000e-06 -2.07187000e-04 -1.91904000e-04
1.04720000e+00 3.15670000e-04 -2.03967000e-04 -5.41747000e-06 -2.14802000e-04 -1.98549000e-04
1.15192000e+00 3.25002000e-04 -2.12073000e-04 -5.80669000e-06 -2.23686000e-04 -2.06266000e-04
1.25664000e+00 3.35684000e-04 -2.21475000e-04 -6.27632000e-06 -2.34028000e-04 -2.15199000e-04
1.36136000e+00 3.47875000e-04 -2.32369000e-04 -6.84496000e-06 -2.46059000e-04 -2.25524000e-04
1.46608000e+00 3.61774000e-04 -2.45000000e-04 -7.53723000e-06 -2.60075000e-04 -2.37463000e-04
1.57080000e+00 3.77618000e-04 -2.59674000e-04 -8.38610000e-06 -2.76446000e-04 -2.51288000e-04
1.67552000e+00 3.95699000e-04 -2.76779000e-04 -9.43642000e-06 -2.95652000e-04 -2.67343000e-04
1.78024000e+00 4.16378000e-04 -2.96815000e-04 -1.07502000e-05 -3.18315000e-04 -2.86065000e-04
1.88496000e+00 4.40102000e-04 -3.20430000e-04 -1.24148000e-05 -3.45259000e-04 -3.08015000e-04
1.98968000e+00 4.67435000e-04 -3.48481000e-04 -1.45564000e-05 -3.77594000e-04 -3.33925000e-04
2.09440000e+00 4.99093000e-04 -3.82126000e-04 -1.73613000e-05 -4.16848000e-04 -3.64764000e-04
2.19911000e+00 5.36002000e-04 -4.22958000e-04 -2.11141000e-05 -4.65186000e-04 -4.01844000e-04
2.30383000e+00 5.79376000e-04 -4.73238000e-04 -2.62642000e-05 -5.25766000e-04 -4.46974000e-04
2.40855000e+00 6.30837000e-04 -5.36280000e-04 -3.35533000e-05 -6.03386000e-04 -5.02726000e-04
2.51327000e+00 6.92600000e-04 -6.17144000e-04 -4.42714000e-05 -7.05687000e-04 -5.72873000e-04
2.61799000e+00 7.67774000e-04 -7.23985000e-04 -6.08164000e-05 -8.45618000e-04 -6.63169000e-04
2.72271000e+00 8.60853000e-04 -8.70883000e-04 -8.80480000e-05 -1.04698000e-03 -7.82836000e-04
2.82743000e+00 9.78583000e-04 -1.08467000e-03 -1.37049000e-04 -1.35876000e-03 -9.47617000e-04
2.93215000e+00 1.13158000e-03 -1.42461000e-03 -2.37877000e-04 -1.90036000e-03 -1.18673000e-03
3.03687000e+00 1.33752000e-03 -2.06031000e-03 -4.99154000e-04 -3.05862000e-03 -1.56115000e-03
3.14159000e+00 1.62827000e-03 -3.87766000e-03 -1.65506000e-03 -7.18778000e-03 -2.22259000e-03
3.24631000e+00 2.06756000e-03 6.70989000e-03 1.03917000e-02 2.74933000e-02 -3.68182000e-03
3.35103000e+00 2.80405000e-03 -4.59347000e-03 4.81214000e-03 5.03081000e-03 -9.40561000e-03
3.45575000e+00 4.28378000e-03 1.56720000e-02 -6.39683000e-03 2.87838000e-03 2.20689000e-02
3.56047000e+00 8.73598000e-03 4.33914000e-03 -1.13168000e-03 2.07579000e-03 5.47082000e-03
3.66519000e+00 1.72782000e+01 2.73500000e-03 -5.35985000e-04 1.66303000e-03 3.27098000e-03
3.76991000e+00 -9.13340000e-03 2.08324000e-03 -3.33197000e-04 1.41684000e-03 2.41643000e-03
3.87463000e+00 -4.67518000e-03 1.73428000e-03 -2.38192000e-04 1.25789000e-03 1.97247000e-03
3.97935000e+00 -3.19566000e-03 1.52306000e-03 -1.86002000e-04 1.15105000e-03 1.70906000e-03
4.08407000e+00 -2.46081000e-03 1.38780000e-03 -1.54632000e-04 1.07854000e-03 1.54244000e-03
4.18879000e+00 -2.02403000e-03 1.30028000e-03 -1.34861000e-04 1.03056000e-03 1.43515000e-03
4.29351000e+00 -1.73650000e-03 1.24605000e-03 -1.22277000e-04 1.00150000e-03 1.36833000e-03
4.39823000e+00 -1.53446000e-03 1.21732000e-03 -1.14592000e-04 9.88141000e-04 1.33192000e-03
4.50295000e+00 -1.38606000e-03 1.21001000e-03 -1.10586000e-04 9.88837000e-04 1.32059000e-03
4.60767000e+00 -1.27361000e-03 1.22240000e-03 -1.09654000e-04 1.00310000e-03 1.33206000e-03
4.71239000e+00 -1.18652000e-03 1.25466000e-03 -1.11605000e-04 1.03145000e-03 1.36626000e-03
4.81711000e+00 -1.11807000e-03 1.30870000e-03 -1.16600000e-04 1.07550000e-03 1.42530000e-03
4.92183000e+00 -1.06380000e-03 1.38859000e-03 -1.25199000e-04 1.13819000e-03 1.51378000e-03
5.02655000e+00 -1.02062000e-03 1.50143000e-03 -1.38524000e-04 1.22438000e-03 1.63995000e-03
5.13127000e+00 -9.86355000e-04 1.65926000e-03 -1.58656000e-04 1.34195000e-03 1.81791000e-03
5.23599000e+00 -9.59423000e-04 1.88301000e-03 -1.89524000e-04 1.50396000e-03 2.07253000e-03
5.34071000e+00 -9.38651000e-04 2.21152000e-03 -2.39130000e-04 1.73326000e-03 2.45065000e-03
5.44543000e+00 -9.23160000e-04 2.72491000e-03 -3.25877000e-04 2.07316000e-03 3.05079000e-03
5.55015000e+00 -9.12282000e-04 3.61841000e-03 -5.01085000e-04 2.61624000e-03 4.11950000e-03
5.65487000e+00 -9.05504000e-04 5.52910000e-03 -9.63858000e-04 3.60138000e-03 6.49296000e-03
5.75959000e+00 -9.02434000e-04 1.26057000e-02 -3.35824000e-03 5.88926000e-03 1.59640000e-02
5.86431000e+00 -9.02769000e-04 -1.64086000e-02 1.65754000e-02 1.67422000e-02 -3.29840000e-02
5.96903000e+00 -9.06275000e-04 -1.18634000e-02 -3.78810000e-03 -1.94396000e-02 -8.07529000e-03
6.07375000e+00 -9.12773000e-04 -5.12312000e-03 -5.12921000e-04 -6.14896000e-03 -4.61020000e-03
6.17847000e+00 -9.22129000e-04 -3.38239000e-03 -1.41783000e-04 -3.66595000e-03 -3.24060000e-03
6.28319000e+00 -9.34238000e-04 -2.55046000e-03 -3.75251000e-05 -2.62551000e-03 -2.51294000e-03
6.38791000e+00 -9.49022000e-04 -2.06302000e-03 2.59825000e-06 -2.05782000e-03 -2.06562000e-03
6.49262000e+00 -9.66422000e-04 -1.74500000e-03 2.08229000e-05 -1.70335000e-03 -1.76582000e-03
6.59734000e+00 -9.86389000e-04 -1.52331000e-03 3.00180000e-05 -1.46327000e-03 -1.55333000e-03
6.70206000e+00 -1.00888000e-03 -1.36188000e-03 3.50439000e-05 -1.29180000e-03 -1.39693000e-03
6.80678000e+00 -1.03385000e-03 -1.24084000e-03 3.80133000e-05 -1.16482000e-03 -1.27886000e-03
6.91150000e+00 -1.06125000e-03 -1.14836000e-03 3.99416000e-05 -1.06847000e-03 -1.18830000e-03
7.01622000e+00 -1.09101000e-03 -1.07697000e-03 4.13561000e-05 -9.94259000e-04 -1.11833000e-03
7.12094000e+00 -1.12306000e-03 -1.02178000e-03 4.25495000e-05 -9.36685000e-04 -1.06433000e-03
7.22566000e+00 -1.15727000e-03 -9.79470000e-04 4.36949000e-05 -8.92080000e-04 -1.02316000e-03
7.33038000e+00 -1.19349000e-03 -9.47730000e-04 4.49021000e-05 -8.57926000e-04 -9.92632000e-04
7.43510000e+00 -1.23154000e-03 -9.24963000e-04 4.62471000e-05 -8.32469000e-04 -9.71211000e-04
7.53982000e+00 -1.27116000e-03 -9.10062000e-04 4.77886000e-05 -8.14484000e-04 -9.57850000e-04
7.64454000e+00 -1.31206000e-03 -9.02285000e-04 4.95774000e-05 -8.03131000e-04 -9.51863000e-04
7.74926000e+00 -1.35387000e-03 -9.01184000e-04 5.16625000e-05 -7.97859000e-04 -9.52847000e-04
7.85398000e+00 -1.39615000e-03 -9.06549000e-04 5.40961000e-05 -7.98357000e-04 -9.60645000e-04
7.95870000e+00 -1.43842000e-03 -9.18386000e-04 5.69367000e-05 -8.04513000e-04 -9.75323000e-04
8.06342000e+00 -1.48010000e-03 -9.36909000e-04 6.02535000e-05 -8.16402000e-04 -9.97163000e-04
8.16814000e+00 -1.52059000e-03 -9.62549000e-04 6.41297000e-05 -8.34290000e-04 -1.02668000e-03
8.27286000e+00 -1.55925000e-03 -9.95976000e-04 6.86679000e-05 -8.58640000e-04 -1.06464000e-03
8.37758000e+00 -1.59541000e-03 -1.03814000e-03 7.39961000e-05 -8.90153000e-04 -1.11214000e-03
8.48230000e+00 -1.62841000e-03 -1.09036000e-03 8.02760000e-05 -9.29809000e-04 -1.17064000e-03
8.58702000e+00 -1.65765000e-03 -1.15438000e-03 8.77144000e-05 -9.78953000e-04 -1.24210000e-03
8.69174000e+00 -1.68256000e-03 -1.23257000e-03 9.65795000e-05 -1.03941000e-03 -1.32915000e-03
8.79646000e+00 -1.70269000e-03 -1.32811000e-03 1.07223000e-04 -1.11366000e-03 -1.43533000e-03
8.90118000e+00 -1.71771000e-03 -1.44537000e-03 1.20115000e-04 -1.20514000e-03 -1.56548000e-03
9.00590000e+00 -1.72740000e-03 -1.59040000e-03 1.35892000e-04 -1.31862000e-03 -1.72629000e-03
9.11062000e+00 -1.73170000e-03 -1.77186000e-03 1.55432000e-04 -1.46100000e-03 -1.92729000e-03
9.21534000e+00 -1.73072000e-03 -2.00240000e-03 1.79977000e-04 -1.64245000e-03 -2.18238000e-03
9.32006000e+00 -1.72466000e-03 -2.30129000e-03 2.11320000e-04 -1.87865000e-03 -2.51261000e-03
9.42478000e+00 -1.71389000e-03 -2.69917000e-03 2.52113000e-04 -2.19495000e-03 -2.95129000e-03
9.52950000e+00 -1.69883000e-03 -3.24783000e-03 3.06369000e-04 -2.63510000e-03 -3.55420000e-03
9.63422000e+00 -1.68002000e-03 -4.04182000e-03 3.80198000e-04 -3.28142000e-03 -4.42202000e-03
9.73894000e+00 -1.65800000e-03 -5.27362000e-03 4.82290000e-04 -4.30904000e-03 -5.75591000e-03
9.84366000e+00 -1.63336000e-03 -7.40432000e-03 6.18661000e-04 -6.16700000e-03 -8.02299000e-03
9.94838000e+00 -1.60666000e-03 -1.18897000e-02 7.17126000e-04 -1.04555000e-02 -1.26069000e-02
1.00531000e+01 -1.57847000e-03 -2.75160000e-02 -1.32658000e-03 -3.01692000e-02 -2.61895000e-02
1.01578000e+01 -1.54930000e-03 -4.08059000e-01 2.24206000e-01 4.03520000e-02 -6.32265000e-01
1.02625000e+01 -1.51960000e-03 2.63803000e-02 -6.75005000e-03 1.28802000e-02 3.31304000e-02
1.03673000e+01 -1.48981000e-03 1.43895000e-02 -3.19402000e-03 8.00145000e-03 1.75835000e-02
1.04720000e+01 -1.46027000e-03 1.05173000e-02 -2.25412000e-03 6.00909000e-03 1.27715000e-02
1.05767000e+01 -1.43130000e-03 8.71935000e-03 -1.87987000e-03 4.95961000e-03 1.05992000e-02
1.06814000e+01 -1.40313000e-03 7.79914000e-03 -1.72910000e-03 4.34094000e-03 9.52823000e-03
1.07861000e+01 -1.37599000e-03 7.37488000e-03 -1.70673000e-03 3.96142000e-03 9.08160000e-03
1.08909000e+01 -1.35003000e-03 7.31183000e-03 -1.78829000e-03 3.73525000e-03 9.10011000e-03
1.09956000e+01 -1.32538000e-03 7.59303000e-03 -1.98602000e-03 3.62099000e-03 9.57904000e-03
1.11003000e+01 -1.30212000e-03 8.30721000e-03 -2.35372000e-03 3.59977000e-03 1.06609000e-02
1.12050000e+01 -1.28033000e-03 9.73354000e-03 -3.03317000e-03 3.66720000e-03 1.27667000e-02
1.13097000e+01 -1.26003000e-03 1.27219000e-02 -4.44517000e-03 3.83154000e-03 1.71671000e-02
1.14145000e+01 -1.24126000e-03 2.10469000e-02 -8.46518000e-03 4.11657000e-03 2.95121000e-02
1.15192000e+01 -1.22402000e-03 1.20858000e-01 -5.81432000e-02 4.57153000e-03 1.79001000e-01
1.16239000e+01 -1.20830000e-03 -2.36334000e-02 1.44651000e-02 5.29679000e-03 -3.80985000e-02
1.17286000e+01 -1.19408000e-03 -8.72235000e-03 7.61964000e-03 6.51693000e-03 -1.63420000e-02
1.18333000e+01 -1.18134000e-03 -3.80172000e-03 6.32044000e-03 8.83915000e-03 -1.01222000e-02
1.19381000e+01 -1.17005000e-03 6.77809000e-05 7.28402000e-03 1.46358000e-02 -7.21624000e-03
1.20428000e+01 -1.16016000e-03 1.33613000e-02 1.89153000e-02 5.11918000e-02 -5.55399000e-03
1.21475000e+01 -1.15164000e-03 -1.31880000e-02 -8.69796000e-03 -3.05839000e-02 -4.49004000e-03
1.22522000e+01 -1.14444000e-03 -6.30226000e-03 -2.54376000e-03 -1.13898000e-02 -3.75850000e-03
1.23569000e+01 -1.13852000e-03 -4.44943000e-03 -1.21935000e-03 -6.88813000e-03 -3.23008000e-03
1.24617000e+01 -1.13383000e-03 -3.52183000e-03 -6.87324000e-04 -4.89648000e-03 -2.83451000e-03
1.25664000e+01 -1.13033000e-03 -2.94798000e-03 -4.17547000e-04 -3.78307000e-03 -2.53043000e-03
1.26711000e+01 -1.12795000e-03 -2.55401000e-03 -2.62022000e-04 -3.07806000e-03 -2.29199000e-03
1.27758000e+01 -1.12666000e-03 -2.26674000e-03 -1.64493000e-04 -2.59573000e-03 -2.10225000e-03
1.28805000e+01 -1.12638000e-03 -2.04914000e-03 -9.94471000e-05 -2.24803000e-03 -1.94969000e-03
1.29852000e+01 -1.12708000e-03 -1.88013000e-03 -5.38791000e-05 -1.98789000e-03 -1.82625000e-03
1.30900000e+01 -1.12868000e-03 -1.74673000e-03 -2.05807000e-05 -1.78790000e-03 -1.72615000e-03
1.31947000e+01 -1.13114000e-03 -1.64047000e-03 4.70932000e-06 -1.63105000e-03 -1.64518000e-03
1.32994000e+01 -1.13438000e-03 -1.55556000e-03 2.46444000e-05 -1.50627000e-03 -1.58020000e-03
1.34041000e+01 -1.13835000e-03 -1.48796000e-03 4.09519000e-05 -1.40605000e-03 -1.52891000e-03
1.35088000e+01 -1.14298000e-03 -1.43477000e-03 5.48024000e-05 -1.32516000e-03 -1.48957000e-03
1.36136000e+01 -1.14819000e-03 -1.39390000e-03 6.70213000e-05 -1.25986000e-03 -1.46092000e-03
1.37183000e+01 -1.15392000e-03 -1.36384000e-03 7.82144000e-05 -1.20741000e-03 -1.44205000e-03
1.38230000e+01 -1.16009000e-03 -1.34351000e-03 8.88476000e-05 -1.16582000e-03 -1.43236000e-03
1.39277000e+01 -1.16662000e-03 -1.33219000e-03 9.92977000e-05 -1.13359000e-03 -1.43149000e-03
1.40324000e+01 -1.17343000e-03 -1.32943000e-03 1.09888000e-04 -1.10966000e-03 -1.43932000e-03
1.41372000e+01 -1.18045000e-03 -1.33504000e-03 1.20915000e-04 -1.09321000e-03 -1.45596000e-03
1.42419000e+01 -1.18758000e-03 -1.34906000e-03 1.32667000e-04 -1.08372000e-03 -1.48172000e-03
1.43466000e+01 -1.19475000e-03 -1.37174000e-03 1.45443000e-04 -1.08085000e-03 -1.51718000e-03
1.44513000e+01 -1.20186000e-03 -1.40358000e-03 1.59569000e-04 -1.08444000e-03 -1.56315000e-03
1.45560000e+01 -1.20885000e-03 -1.44534000e-03 1.75420000e-04 -1.09450000e-03 -1.62076000e-03
1.46608000e+01 -1.21562000e-03 -1.49807000e-03 1.93435000e-04 -1.11119000e-03 -1.69150000e-03
1.47655000e+01 -1.22209000e-03 -1.56318000e-03 2.14153000e-04 -1.13487000e-03 -1.77733000e-03
1.48702000e+01 -1.22820000e-03 -1.64254000e-03 2.38241000e-04 -1.16606000e-03 -1.88078000e-03
1.49749000e+01 -1.23387000e-03 -1.73858000e-03 2.66547000e-04 -1.20548000e-03 -2.00512000e-03
1.50796000e+01 -1.23903000e-03 -1.85446000e-03 3.00165000e-04 -1.25414000e-03 -2.15463000e-03
1.51844000e+01 -1.24363000e-03 -1.99438000e-03 3.40532000e-04 -1.31331000e-03 -2.33491000e-03
1.52891000e+01 -1.24762000e-03 -2.16383000e-03 3.89570000e-04 -1.38469000e-03 -2.55340000e-03
1.53938000e+01 -1.25096000e-03 -2.37022000e-03 4.49891000e-04 -1.47044000e-03 -2.82011000e-03
1.54985000e+01 -1.25361000e-03 -2.62363000e-03 5.25117000e-04 -1.57339000e-03 -3.14875000e-03
1.56032000e+01 -1.25555000e-03 -2.93800000e-03 6.20374000e-04 -1.69726000e-03 -3.55838000e-03
1.57080000e+01 -1.25677000e-03 -3.33311000e-03 7.43092000e-04 -1.84692000e-03 -4.07620000e-03
1.58127000e+01 -1.25726000e-03 -3.83762000e-03 9.04326000e-04 -2.02897000e-03 -4.74195000e-03
1.59174000e+01 -1.25703000e-03 -4.49442000e-03 1.12103000e-03 -2.25236000e-03 -5.61545000e-03
1.60221000e+01 -1.25610000e-03 -5.36981000e-03 1.42015000e-03 -2.52952000e-03 -6.78996000e-03
1.61268000e+01 -1.25449000e-03 -6.57061000e-03 1.84624000e-03 -2.87813000e-03 -8.41685000e-03
1.62316000e+01 -1.25224000e-03 -8.27738000e-03 2.47669000e-03 -3.32401000e-03 -1.07541000e-02
1.63363000e+01 -1.24938000e-03 -1.08135000e-02 3.45374000e-03 -3.90600000e-03 -1.42672000e-02
1.64410000e+01 -1.24595000e-03 -1.47991000e-02 5.05710000e-03 -4.68491000e-03 -1.98562000e-02
1.65457000e+01 -1.24203000e-03 -2.15216000e-02 7.88061000e-03 -5.76038000e-03 -2.94022000e-02
1.66504000e+01 -1.23764000e-03 -3.38685000e-02 1.32816000e-02 -7.30536000e-03 -4.71501000e-02
1.67552000e+01 -1.23287000e-03 -5.83680000e-02 2.43623000e-02 -9.64338000e-03 -8.27304000e-02
1.68599000e+01 -1.22776000e-03 -1.03418000e-01 4.49875000e-02 -1.34432000e-02 -1.48406000e-01
1.69646000e+01 -1.22238000e-03 -1.34681000e-01 5.71906000e-02 -2.03001000e-02 -1.91872000e-01
1.70693000e+01 -1.21679000e-03 -1.00346000e-01 3.26808000e-02 -3.49848000e-02 -1.33027000e-01
1.71740000e+01 -1.21105000e-03 -7.54515000e-02 -2.04529000e-03 -7.95421000e-02 -7.34062000e-02
1.72788000e+01 -1.20522000e-03 -2.67814000e-01 -2.25182000e-01 -7.18178000e-01 -4.26324000e-02
1.73835000e+01 -1.19936000e-03 5.08244000e-02 7.79200000e-02 2.06664000e-01 -2.70956000e-02
1.74882000e+01 -1.19353000e-03 4.26425000e-02 6.12217000e-02 1.65086000e-01 -1.85792000e-02
1.75929000e+01 -1.18778000e-03 1.39008000e-01 1.52517000e-01 4.44042000e-01 -1.35094000e-02
1.76976000e+01 -1.18215000e-03 -5.78478000e-02 -4.75688000e-02 -1.52985000e-01 -1.02791000e-02
1.78024000e+01 -1.17670000e-03 -2.18932000e-02 -1.37869000e-02 -4.94670000e-02 -8.10630000e-03
1.79071000e+01 -1.17147000e-03 -1.30132000e-02 -6.43304000e-03 -2.58793000e-02 -6.58019000e-03
1.80118000e+01 -1.16649000e-03 -9.05624000e-03 -3.58619000e-03 -1.62286000e-02 -5.47005000e-03
1.81165000e+01 -1.16180000e-03 -6.84176000e-03 -2.20275000e-03 -1.12473000e-02 -4.63901000e-03
1.82212000e+01 -1.15743000e-03 -5.44049000e-03 -1.43851000e-03 -8.31750000e-03 -4.00198000e-03
1.83260000e+01 -1.15341000e-03 -4.48308000e-03 -9.79169000e-04 -6.44141000e-03 -3.50391000e-03
1.84307000e+01 -1.14977000e-03 -3.79378000e-03 -6.85820000e-04 -5.16542000e-03 -3.10796000e-03
1.85354000e+01 -1.14653000e-03 -3.27839000e-03 -4.89590000e-04 -4.25757000e-03 -2.78880000e-03
1.86401000e+01 -1.14370000e-03 -2.88190000e-03 -3.53381000e-04 -3.58866000e-03 -2.52852000e-03
1.87448000e+01 -1.14131000e-03 -2.57011000e-03 -2.55897000e-04 -3.08190000e-03 -2.31421000e-03
1.88496000e+01 -1.13936000e-03 -2.32067000e-03 -1.84283000e-04 -2.68924000e-03 -2.13639000e-03
1.89543000e+01 -1.13786000e-03 -2.11840000e-03 -1.30450000e-04 -2.37931000e-03 -1.98795000e-03
1.90590000e+01 -1.13682000e-03 -1.95267000e-03 -8.91329000e-05 -2.13093000e-03 -1.86353000e-03
1.91637000e+01 -1.13625000e-03 -1.81580000e-03 -5.67983000e-05 -1.92940000e-03 -1.75900000e-03
1.92684000e+01 -1.13615000e-03 -1.70218000e-03 -3.10162000e-05 -1.76421000e-03 -1.67116000e-03
1.93732000e+01 -1.13652000e-03 -1.60759000e-03 -1.00754000e-05 -1.62774000e-03 -1.59751000e-03
1.94779000e+01 -1.13736000e-03 -1.52883000e-03 7.25341000e-06 -1.51433000e-03 -1.53609000e-03
1.95826000e+01 -1.13867000e-03 -1.46347000e-03 2.18710000e-05 -1.41973000e-03 -1.48535000e-03
1.96873000e+01 -1.14044000e-03 -1.40962000e-03 3.44494000e-05 -1.34072000e-03 -1.44406000e-03
1.97920000e+01 -1.14266000e-03 -1.36579000e-03 4.54989000e-05 -1.27480000e-03 -1.41129000e-03
1.98968000e+01 -1.14534000e-03 -1.33088000e-03 5.54143000e-05 -1.22005000e-03 -1.38629000e-03
2.00015000e+01 -1.14845000e-03 -1.30399000e-03 6.45070000e-05 -1.17498000e-03 -1.36850000e-03
2.01062000e+01 -1.15198000e-03 -1.28450000e-03 7.30275000e-05 -1.13844000e-03 -1.35753000e-03
2.02109000e+01 -1.15593000e-03 -1.27192000e-03 8.11817000e-05 -1.10956000e-03 -1.35310000e-03
2.03156000e+01 -1.16027000e-03 -1.26594000e-03 8.91434000e-05 -1.08765000e-03 -1.35508000e-03
2.04204000e+01 -1.16500000e-03 -1.26639000e-03 9.70626000e-05 -1.07226000e-03 -1.36345000e-03
2.05251000e+01 -1.17010000e-03 -1.27322000e-03 1.05072000e-04 -1.06308000e-03 -1.37830000e-03
2.06298000e+01 -1.17554000e-03 -1.28653000e-03 1.13293000e-04 -1.05994000e-03 -1.39982000e-03
2.07345000e+01 -1.18131000e-03 -1.30651000e-03 1.21837000e-04 -1.06284000e-03 -1.42835000e-03
2.08392000e+01 -1.18739000e-03 -1.33353000e-03 1.30811000e-04 -1.07191000e-03 -1.46434000e-03
2.09440000e+01 -1.19375000e-03 -1.36807000e-03 1.40313000e-04 -1.08744000e-03 -1.50838000e-03
2.10487000e+01 -1.20037000e-03 -1.41079000e-03 1.50437000e-04 -1.10991000e-03 -1.56122000e-03
2.11534000e+01 -1.20723000e-03 -1.46254000e-03 1.61267000e-04 -1.14001000e-03 -1.62381000e-03
2.12581000e+01 -1.21429000e-03 -1.52441000e-03 1.72872000e-04 -1.17867000e-03 -1.69728000e-03
2.13628000e+01 -1.22154000e-03 -1.59775000e-03 1.85290000e-04 -1.22717000e-03 -1.78304000e-03
2.14675000e+01 -1.22894000e-03 -1.68426000e-03 1.98516000e-04 -1.28723000e-03 -1.88278000e-03
2.15723000e+01 -1.23646000e-03 -1.78607000e-03 2.12462000e-04 -1.36115000e-03 -1.99853000e-03
2.16770000e+01 -1.24407000e-03 -1.90584000e-03 2.26903000e-04 -1.45204000e-03 -2.13274000e-03
2.17817000e+01 -1.25175000e-03 -2.04697000e-03 2.41381000e-04 -1.56421000e-03 -2.28835000e-03
2.18864000e+01 -1.25945000e-03 -2.21380000e-03 2.55042000e-04 -1.70371000e-03 -2.46884000e-03
2.19911000e+01 -1.26716000e-03 -2.41199000e-03 2.66349000e-04 -1.87929000e-03 -2.67834000e-03
2.20959000e+01 -1.27483000e-03 -2.64911000e-03 2.72556000e-04 -2.10400000e-03 -2.92167000e-03
2.22006000e+01 -1.28243000e-03 -2.93564000e-03 2.68730000e-04 -2.39818000e-03 -3.20437000e-03
2.23053000e+01 -1.28994000e-03 -3.28681000e-03 2.45785000e-04 -2.79524000e-03 -3.53259000e-03
2.24100000e+01 -1.29731000e-03 -3.72661000e-03 1.86256000e-04 -3.35410000e-03 -3.91287000e-03
2.25147000e+01 -1.30451000e-03 -4.29734000e-03 5.41571000e-05 -4.18903000e-03 -4.35150000e-03
2.26195000e+01 -1.31152000e-03 -5.08699000e-03 -2.33557000e-04 -5.55410000e-03 -4.85343000e-03
2.27242000e+01 -1.31831000e-03 -6.33040000e-03 -9.10043000e-04 -8.15049000e-03 -5.42036000e-03
2.28289000e+01 -1.32483000e-03 -8.99126000e-03 -2.94351000e-03 -1.48783000e-02 -6.04775000e-03
2.29336000e+01 -1.33108000e-03 -2.80310000e-02 -2.13102000e-02 -7.06513000e-02 -6.72083000e-03
2.30383000e+01 -1.33700000e-03 4.33155000e-03 1.17418000e-02 2.78151000e-02 -7.41021000e-03
2.31431000e+01 -1.34260000e-03 -1.34353000e-03 6.72533000e-03 1.21071000e-02 -8.06886000e-03
2.32478000e+01 -1.34782000e-03 -3.09563000e-03 5.53839000e-03 7.98115000e-03 -8.63402000e-03
2.33525000e+01 -1.35267000e-03 -3.98702000e-03 5.04982000e-03 6.11261000e-03 -9.03684000e-03
2.34572000e+01 -1.35711000e-03 -4.45536000e-03 4.76473000e-03 5.07409000e-03 -9.22009000e-03
2.35619000e+01 -1.36113000e-03 -4.62563000e-03 4.53145000e-03 4.43726000e-03 -9.15708000e-03
2.36667000e+01 -1.36472000e-03 -4.56414000e-03 4.29730000e-03 4.03046000e-03 -8.86144000e-03
2.37714000e+01 -1.36786000e-03 -4.32995000e-03 4.05161000e-03 3.77326000e-03 -8.38156000e-03
2.38761000e+01 -1.37054000e-03 -3.98049000e-03 3.80281000e-03 3.62513000e-03 -7.78331000e-03
2.39808000e+01 -1.37276000e-03 -3.56552000e-03 3.56593000e-03 3.56633000e-03 -7.13145000e-03
2.40855000e+01 -1.37451000e-03 -3.12157000e-03 3.35600000e-03 3.59043000e-03 -6.47757000e-03
2.41903000e+01 -1.37580000e-03 -2.67008000e-03 3.18614000e-03 3.70220000e-03 -5.85622000e-03
2.42950000e+01 -1.37661000e-03 -2.21794000e-03 3.06873000e-03 3.91952000e-03 -5.28667000e-03
2.43997000e+01 -1.37697000e-03 -1.75766000e-03 3.01925000e-03 4.28083000e-03 -4.77691000e-03
2.45044000e+01 -1.37686000e-03 -1.26363000e-03 3.06406000e-03 4.86448000e-03 -4.32769000e-03
2.46091000e+01 -1.37631000e-03 -6.76387000e-04 3.25929000e-03 5.84219000e-03 -3.93568000e-03
2.47139000e+01 -1.37532000e-03 1.56069000e-04 3.75167000e-03 7.65941000e-03 -3.59560000e-03
2.48186000e+01 -1.37391000e-03 1.76907000e-03 5.07062000e-03 1.19103000e-02 -3.30156000e-03
2.49233000e+01 -1.37210000e-03 8.50199000e-03 1.15497000e-02 3.16014000e-02 -3.04774000e-03
2.50280000e+01 -1.36989000e-03 -1.46682000e-02 -1.18394000e-02 -3.83471000e-02 -2.82880000e-03
2.51327000e+01 -1.36731000e-03 -5.51179000e-03 -2.87178000e-03 -1.12553000e-02 -2.64000000e-03
2.52375000e+01 -1.36439000e-03 -3.78463000e-03 -1.30738000e-03 -6.39938000e-03 -2.47725000e-03
2.53422000e+01 -1.36114000e-03 -3.02067000e-03 -6.83628000e-04 -4.38793000e-03 -2.33704000e-03
2.54469000e+01 -1.35758000e-03 -2.57672000e-03 -3.60298000e-04 -3.29731000e-03 -2.21642000e-03
2.55516000e+01 -1.35374000e-03 -2.28142000e-03 -1.68516000e-04 -2.61845000e-03 -2.11290000e-03
2.56563000e+01 -1.34965000e-03 -2.06914000e-03 -4.47339000e-05 -2.15861000e-03 -2.02441000e-03
2.57611000e+01 -1.34532000e-03 -1.90909000e-03 4.01348000e-05 -1.82882000e-03 -1.94922000e-03
2.58658000e+01 -1.34078000e-03 -1.78474000e-03 1.01186000e-04 -1.58236000e-03 -1.88592000e-03
2.59705000e+01 -1.33606000e-03 -1.68635000e-03 1.46979000e-04 -1.39239000e-03 -1.83333000e-03
2.60752000e+01 -1.33117000e-03 -1.60780000e-03 1.82696000e-04 -1.24241000e-03 -1.79050000e-03
2.61799000e+01 -1.32615000e-03 -1.54501000e-03 2.11647000e-04 -1.12172000e-03 -1.75666000e-03
2.62847000e+01 -1.32102000e-03 -1.49518000e-03 2.36037000e-04 -1.02310000e-03 -1.73121000e-03
2.63894000e+01 -1.31580000e-03 -1.45631000e-03 2.57395000e-04 -9.41522000e-04 -1.71371000e-03
2.64941000e+01 -1.31050000e-03 -1.42700000e-03 2.76820000e-04 -8.73359000e-04 -1.70382000e-03
2.65988000e+01 -1.30516000e-03 -1.40621000e-03 2.95132000e-04 -8.15950000e-04 -1.70135000e-03
2.67035000e+01 -1.29978000e-03 -1.39323000e-03 3.12967000e-04 -7.67296000e-04 -1.70620000e-03
2.68083000e+01 -1.29439000e-03 -1.38755000e-03 3.30839000e-04 -7.25875000e-04 -1.71839000e-03
2.69130000e+01 -1.28900000e-03 -1.38887000e-03 3.49184000e-04 -6.90506000e-04 -1.73806000e-03
2.70177000e+01 -1.28364000e-03 -1.39704000e-03 3.68388000e-04 -6.60264000e-04 -1.76543000e-03
2.71224000e+01 -1.27830000e-03 -1.41204000e-03 3.88811000e-04 -6.34419000e-04 -1.80085000e-03
2.72271000e+01 -1.27301000e-03 -1.43399000e-03 4.10802000e-04 -6.12384000e-04 -1.84479000e-03
2.73319000e+01 -1.26778000e-03 -1.46311000e-03 4.34712000e-04 -5.93691000e-04 -1.89783000e-03
2.74366000e+01 -1.26261000e-03 -1.49978000e-03 4.60908000e-04 -5.77962000e-04 -1.96068000e-03
2.75413000e+01 -1.25752000e-03 -1.54445000e-03 4.89779000e-04 -5.64889000e-04 -2.03422000e-03
2.76460000e+01 -1.25250000e-03 -1.59772000e-03 5.21745000e-04 -5.54227000e-04 -2.11946000e-03
2.77507000e+01 -1.24757000e-03 -1.66031000e-03 5.57266000e-04 -5.45775000e-04 -2.21757000e-03
2.78555000e+01 -1.24272000e-03 -1.73306000e-03 5.96842000e-04 -5.39377000e-04 -2.32990000e-03
2.79602000e+01 -1.23797000e-03 -1.81694000e-03 6.41016000e-04 -5.34907000e-04 -2.45795000e-03
2.80649000e+01 -1.23331000e-03 -1.91302000e-03 6.90372000e-04 -5.32273000e-04 -2.60339000e-03
2.81696000e+01 -1.22874000e-03 -2.02245000e-03 7.45523000e-04 -5.31404000e-04 -2.76797000e-03
2.82743000e+01 -1.22426000e-03 -2.14643000e-03 8.07086000e-04 -5.32258000e-04 -2.95352000e-03
2.83791000e+01 -1.21987000e-03 -2.28610000e-03 8.75647000e-04 -5.34809000e-04 -3.16175000e-03
2.84838000e+01 -1.21556000e-03 -2.44244000e-03 9.51691000e-04 -5.39053000e-04 -3.39413000e-03
2.85885000e+01 -1.21133000e-03 -2.61602000e-03 1.03551000e-03 -5.45005000e-04 -3.65152000e-03
2.86932000e+01 -1.20718000e-03 -2.80678000e-03 1.12704000e-03 -5.52699000e-04 -3.93382000e-03
2.87979000e+01 -1.20309000e-03 -3.01359000e-03 1.22571000e-03 -5.62184000e-04 -4.23930000e-03
2.89027000e+01 -1.19907000e-03 -3.23382000e-03 1.33015000e-03 -5.73530000e-04 -4.56397000e-03
2.90074000e+01 -1.19511000e-03 -3.46275000e-03 1.43796000e-03 -5.86824000e-04 -4.90071000e-03
2.91121000e+01 -1.19119000e-03 -3.69314000e-03 1.54549000e-03 -6.02174000e-04 -5.23863000e-03
2.92168000e+01 -1.18731000e-03 -3.91503000e-03 1.64766000e-03 -6.19706000e-04 -5.56270000e-03
2.93215000e+01 -1.18347000e-03 -4.11600000e-03 1.73822000e-03 -6.39568000e-04 -5.85421000e-03
2.94263000e+01 -1.17965000e-03 -4.28225000e-03 1.81016000e-03 -6.61930000e-04 -6.09240000e-03
2.95310000e+01 -1.17585000e-03 -4.40048000e-03 1.85675000e-03 -6.86984000e-04 -6.25722000e-03
2.96357000e+01 -1.17206000e-03 -4.46030000e-03 1.87268000e-03 -7.14950000e-04 -6.33298000e-03
2.97404000e+01 -1.16828000e-03 -4.45648000e-03 1.85520000e-03 -7.46070000e-04 -6.31168000e-03
2.98451000e+01 -1.16450000e-03 -4.39017000e-03 1.80478000e-03 -7.80613000e-04 -6.19494000e-03
2.99498000e+01 -1.16071000e-03 -4.26870000e-03 1.72491000e-03 -8.18875000e-04 -5.99362000e-03
3.00546000e+01 -1.15692000e-03 -4.10394000e-03 1.62138000e-03 -8.61178000e-04 -5.72533000e-03
3.01593000e+01 -1.15310000e-03 -3.90986000e-03 1.50100000e-03 -9.07865000e-04 -5.41086000e-03
3.02640000e+01 -1.14927000e-03 -3.70024000e-03 1.37047000e-03 -9.59300000e-04 -5.07070000e-03
3.03687000e+01 -1.14543000e-03 -3.48701000e-03 1.23557000e-03 -1.01586000e-03 -4.72259000e-03
3.04734000e+01 -1.14156000e-03 -3.27948000e-03 1.10077000e-03 -1.07793000e-03 -4.38025000e-03
3.05782000e+01 -1.13768000e-03 -3.08416000e-03 9.69143000e-04 -1.14588000e-03 -4.05331000e-03
3.06829000e+01 -1.13378000e-03 -2.90514000e-03 8.42552000e-04 -1.22004000e-03 -3.74770000e-03
3.07876000e+01 -1.12986000e-03 -2.74457000e-03 7.21933000e-04 -1.30071000e-03 -3.46651000e-03
3.08923000e+01 -1.12594000e-03 -2.60319000e-03 6.07553000e-04 -1.38808000e-03 -3.21074000e-03
3.09970000e+01 -1.12202000e-03 -2.48075000e-03 4.99263000e-04 -1.48223000e-03 -2.98001000e-03
3.11018000e+01 -1.11810000e-03 -2.37641000e-03 3.96685000e-04 -1.58304000e-03 -2.77310000e-03
3.12065000e+01 -1.11419000e-03 -2.28892000e-03 2.99365000e-04 -1.69019000e-03 -2.58829000e-03
3.13112000e+01 -1.11030000e-03 -2.21682000e-03 2.06878000e-04 -1.80307000e-03 -2.42370000e-03
3.14159000e+01 -1.10644000e-03 -2.15851000e-03 1.18896000e-04 -1.92072000e-03 -2.27741000e-03
3.15206000e+01 -1.10262000e-03 -2.11231000e-03 3.52400000e-05 -2.04183000e-03 -2.14755000e-03
3.16254000e+01 -1.09886000e-03 -2.07652000e-03 -4.40999000e-05 -2.16472000e-03 -2.03242000e-03
3.17301000e+01 -1.09516000e-03 -2.04939000e-03 -1.18965000e-04 -2.28732000e-03 -1.93042000e-03
3.18348000e+01 -1.09155000e-03 -2.02922000e-03 -1.89047000e-04 -2.40731000e-03 -1.84017000e-03
3.19395000e+01 -1.08802000e-03 -2.01434000e-03 -2.53929000e-04 -2.52220000e-03 -1.76041000e-03
3.20442000e+01 -1.08461000e-03 -2.00319000e-03 -3.13148000e-04 -2.62948000e-03 -1.69004000e-03
3.21490000e+01 -1.08132000e-03 -1.99435000e-03 -3.66255000e-04 -2.72686000e-03 -1.62809000e-03
3.22537000e+01 -1.07817000e-03 -1.98662000e-03 -4.12894000e-04 -2.81241000e-03 -1.57373000e-03
3.23584000e+01 -1.07517000e-03 -1.97908000e-03 -4.52858000e-04 -2.88480000e-03 -1.52622000e-03
3.24631000e+01 -1.07234000e-03 -1.97106000e-03 -4.86134000e-04 -2.94333000e-03 -1.48492000e-03
3.25678000e+01 -1.06969000e-03 -1.96221000e-03 -5.12920000e-04 -2.98805000e-03 -1.44929000e-03
3.26726000e+01 -1.06724000e-03 -1.95246000e-03 -5.33619000e-04 -3.01969000e-03 -1.41884000e-03
3.27773000e+01 -1.06500000e-03 -1.94196000e-03 -5.48811000e-04 -3.03958000e-03 -1.39315000e-03
3.28820000e+01 -1.06299000e-03 -1.93107000e-03 -5.59207000e-04 -3.04948000e-03 -1.37186000e-03
3.29867000e+01 -1.06122000e-03 -1.92026000e-03 -5.65601000e-04 -3.05146000e-03 -1.35466000e-03
3.30914000e+01 -1.05970000e-03 -1.91008000e-03 -5.68819000e-04 -3.04772000e-03 -1.34126000e-03
3.31962000e+01 -1.05844000e-03 -1.90112000e-03 -5.69685000e-04 -3.04049000e-03 -1.33144000e-03
3.33009000e+01 -1.05746000e-03 -1.89396000e-03 -5.68987000e-04 -3.03193000e-03 -1.32497000e-03
3.34056000e+01 -1.05677000e-03 -1.88912000e-03 -5.67462000e-04 -3.02405000e-03 -1.32166000e-03
3.35103000e+01 -1.05636000e-03 -1.88713000e-03 -5.65787000e-04 -3.01870000e-03 -1.32134000e-03
3.36150000e+01 -1.05627000e-03 -1.88843000e-03 -5.64582000e-04 -3.01759000e-03 -1.32385000e-03
3.37198000e+01 -1.05648000e-03 -1.89344000e-03 -5.64420000e-04 -3.02228000e-03 -1.32902000e-03
3.38245000e+01 -1.05700000e-03 -1.90256000e-03 -5.65836000e-04 -3.03423000e-03 -1.33672000e-03
3.39292000e+01 -1.05785000e-03 -1.91614000e-03 -5.69345000e-04 -3.05483000e-03 -1.34679000e-03
3.40339000e+01 -1.05902000e-03 -1.93453000e-03 -5.75460000e-04 -3.08545000e-03 -1.35907000e-03
3.41386000e+01 -1.06051000e-03 -1.95809000e-03 -5.84711000e-04 -3.12752000e-03 -1.37338000e-03
3.42434000e+01 -1.06232000e-03 -1.98721000e-03 -5.97664000e-04 -3.18254000e-03 -1.38955000e-03
3.43481000e+01 -1.06446000e-03 -2.02231000e-03 -6.14945000e-04 -3.25220000e-03 -1.40736000e-03
3.44528000e+01 -1.06691000e-03 -2.06385000e-03 -6.37262000e-04 -3.33838000e-03 -1.42659000e-03
3.45575000e+01 -1.06968000e-03 -2.11241000e-03 -6.65432000e-04 -3.44327000e-03 -1.44697000e-03
3.46622000e+01 -1.07275000e-03 -2.16863000e-03 -7.00408000e-04 -3.56945000e-03 -1.46822000e-03
3.47670000e+01 -1.07611000e-03 -2.23333000e-03 -7.43315000e-04 -3.71996000e-03 -1.49002000e-03
3.48717000e+01 -1.07976000e-03 -2.30749000e-03 -7.95483000e-04 -3.89845000e-03 -1.51201000e-03
3.49764000e+01 -1.08368000e-03 -2.39229000e-03 -8.58488000e-04 -4.10926000e-03 -1.53380000e-03
3.50811000e+01 -1.08786000e-03 -2.48919000e-03 -9.34195000e-04 -4.35758000e-03 -1.55500000e-03
3.51858000e+01 -1.09228000e-03 -2.59997000e-03 -1.02480000e-03 -4.64957000e-03 -1.57517000e-03
3.52906000e+01 -1.09692000e-03 -2.72674000e-03 -1.13285000e-03 -4.99245000e-03 -1.59389000e-03
3.53953000e+01 -1.10175000e-03 -2.87200000e-03 -1.26127000e-03 -5.39454000e-03 -1.61073000e-03
3.55000000e+01 -1.10676000e-03 -3.03856000e-03 -1.41328000e-03 -5.86511000e-03 -1.62528000e-03
3.56047000e+01 -1.11191000e-03 -3.22939000e-03 -1.59222000e-03 -6.41383000e-03 -1.63717000e-03
3.57094000e+01 -1.11719000e-03 -3.44724000e-03 -1.80117000e-03 -7.04958000e-03 -1.64606000e-03
3.58142000e+01 -1.12256000e-03 -3.69387000e-03 -2.04215000e-03 -7.77818000e-03 -1.65171000e-03
3.59189000e+01 -1.12798000e-03 -3.96870000e-03 -2.31477000e-03 -8.59825000e-03 -1.65393000e-03
3.60236000e+01 -1.13344000e-03 -4.26666000e-03 -2.61405000e-03 -9.49476000e-03 -1.65262000e-03
3.61283000e+01 -1.13888000e-03 -4.57526000e-03 -2.92749000e-03 -1.04302000e-02 -1.64777000e-03
3.62330000e+01 -1.14428000e-03 -4.87160000e-03 -3.23212000e-03 -1.13358000e-02 -1.63947000e-03
3.63378000e+01 -1.14961000e-03 -5.12129000e-03 -3.49340000e-03 -1.21081000e-02 -1.62789000e-03
3.64425000e+01 -1.15482000e-03 -5.28248000e-03 -3.66921000e-03 -1.26209000e-02 -1.61327000e-03
3.65472000e+01 -1.15987000e-03 -5.31699000e-03 -3.72107000e-03 -1.27591000e-02 -1.59592000e-03
3.66519000e+01 -1.16474000e-03 -5.20566000e-03 -3.62946000e-03 -1.24646000e-02 -1.57619000e-03
3.67566000e+01 -1.16939000e-03 -4.95847000e-03 -3.40399000e-03 -1.17664000e-02 -1.55448000e-03
3.68614000e+01 -1.17378000e-03 -4.61139000e-03 -3.08020000e-03 -1.07718000e-02 -1.53119000e-03
3.69661000e+01 -1.17788000e-03 -4.21178000e-03 -2.70505000e-03 -9.62189000e-03 -1.50673000e-03
3.70708000e+01 -1.18166000e-03 -3.80277000e-03 -2.32127000e-03 -8.44530000e-03 -1.48150000e-03
3.71755000e+01 -1.18509000e-03 -3.41461000e-03 -1.95873000e-03 -7.33207000e-03 -1.45587000e-03
3.72802000e+01 -1.18816000e-03 -3.06380000e-03 -1.63359000e-03 -6.33099000e-03 -1.43021000e-03
3.73850000e+01 -1.19082000e-03 -2.75634000e-03 -1.35152000e-03 -5.45939000e-03 -1.40482000e-03
3.74897000e+01 -1.19308000e-03 -2.49177000e-03 -1.11177000e-03 -4.71530000e-03 -1.38000000e-03
3.75944000e+01 -1.19491000e-03 -2.26633000e-03 -9.10345000e-04 -4.08702000e-03 -1.35599000e-03
3.76991000e+01 -1.19631000e-03 -2.07510000e-03 -7.42097000e-04 -3.55929000e-03 -1.33300000e-03
3.78038000e+01 -1.19727000e-03 -1.91301000e-03 -6.01797000e-04 -3.11661000e-03 -1.31121000e-03
3.79086000e+01 -1.19780000e-03 -1.77546000e-03 -4.84681000e-04 -2.74482000e-03 -1.29078000e-03
3.80133000e+01 -1.19788000e-03 -1.65845000e-03 -3.86632000e-04 -2.43172000e-03 -1.27182000e-03
3.81180000e+01 -1.19754000e-03 -1.55863000e-03 -3.04199000e-04 -2.16703000e-03 -1.25443000e-03
3.82227000e+01 -1.19679000e-03 -1.47323000e-03 -2.34538000e-04 -1.94231000e-03 -1.23869000e-03
3.83274000e+01 -1.19565000e-03 -1.39998000e-03 -1.75325000e-04 -1.75063000e-03 -1.22466000e-03
3.84322000e+01 -1.19412000e-03 -1.33704000e-03 -1.24668000e-04 -1.58637000e-03 -1.21237000e-03
3.85369000e+01 -1.19225000e-03 -1.28290000e-03 -8.10316000e-05 -1.44496000e-03 -1.20187000e-03
3.86416000e+01 -1.19006000e-03 -1.23634000e-03 -4.31659000e-05 -1.32267000e-03 -1.19317000e-03
3.87463000e+01 -1.18758000e-03 -1.19634000e-03 -1.00518000e-05 -1.21645000e-03 -1.18629000e-03
3.88510000e+01 -1.18484000e-03 -1.16210000e-03 1.91443000e-05 -1.12381000e-03 -1.18124000e-03
3.89557000e+01 -1.18187000e-03 -1.13292000e-03 4.51065000e-05 -1.04271000e-03 -1.17803000e-03
3.90605000e+01 -1.17872000e-03 -1.10825000e-03 6.83989000e-05 -9.71451000e-04 -1.17665000e-03
3.91652000e+01 -1.17542000e-03 -1.08761000e-03 8.94879000e-05 -9.08635000e-04 -1.17710000e-03
3.92699000e+01 -1.17201000e-03 -1.07062000e-03 1.08761000e-04 -8.53093000e-04 -1.17938000e-03
3.93746000e+01 -1.16853000e-03 -1.05693000e-03 1.26541000e-04 -8.03849000e-04 -1.18347000e-03
3.94793000e+01 -1.16501000e-03 -1.04628000e-03 1.43098000e-04 -7.60083000e-04 -1.18938000e-03
3.95841000e+01 -1.16149000e-03 -1.03842000e-03 1.58657000e-04 -7.21102000e-04 -1.19707000e-03
3.96888000e+01 -1.15802000e-03 -1.03314000e-03 1.73407000e-04 -6.86322000e-04 -1.20654000e-03
3.97935000e+01 -1.15461000e-03 -1.03026000e-03 1.87506000e-04 -6.55243000e-04 -1.21776000e-03
3.98982000e+01 -1.15131000e-03 -1.02961000e-03 2.01085000e-04 -6.27442000e-04 -1.23070000e-03
4.00029000e+01 -1.14815000e-03 -1.03106000e-03 2.14252000e-04 -6.02556000e-04 -1.24531000e-03
4.01077000e+01 -1.14516000e-03 -1.03446000e-03 2.27094000e-04 -5.80271000e-04 -1.26155000e-03
4.02124000e+01 -1.14237000e-03 -1.03968000e-03 2.39679000e-04 -5.60320000e-04 -1.27936000e-03
4.03171000e+01 -1.13979000e-03 -1.04659000e-03 2.52058000e-04 -5.42470000e-04 -1.29864000e-03
4.04218000e+01 -1.13746000e-03 -1.05506000e-03 2.64267000e-04 -5.26521000e-04 -1.31932000e-03
4.05265000e+01 -1.13539000e-03 -1.06495000e-03 2.76325000e-04 -5.12300000e-04 -1.34128000e-03
4.06313000e+01 -1.13361000e-03 -1.07613000e-03 2.88238000e-04 -4.99654000e-04 -1.36437000e-03
4.07360000e+01 -1.13212000e-03 -1.08844000e-03 2.99996000e-04 -4.88453000e-04 -1.38844000e-03
4.08407000e+01 -1.13094000e-03 -1.10173000e-03 3.11575000e-04 -4.78582000e-04 -1.41331000e-03
4.09454000e+01 -1.13009000e-03 -1.11582000e-03 3.22938000e-04 -4.69941000e-04 -1.43876000e-03
4.10501000e+01 -1.12957000e-03 -1.13052000e-03 3.34036000e-04 -4.62444000e-04 -1.46455000e-03
4.11549000e+01 -1.12938000e-03 -1.14563000e-03 3.44806000e-04 -4.56015000e-04 -1.49043000e-03
4.12596000e+01 -1.12953000e-03 -1.16094000e-03 3.55175000e-04 -4.50588000e-04 -1.51611000e-03
4.13643000e+01 -1.13002000e-03 -1.17623000e-03 3.65063000e-04 -4.46107000e-04 -1.54130000e-03
4.14690000e+01 -1.13085000e-03 -1.19128000e-03 3.74381000e-04 -4.42521000e-04 -1.56566000e-03
4.15737000e+01 -1.13201000e-03 -1.20586000e-03 3.83037000e-04 -4.39789000e-04 -1.58890000e-03
4.16785000e+01 -1.13349000e-03 -1.21974000e-03 3.90936000e-04 -4.37873000e-04 -1.61068000e-03
4.17832000e+01 -1.13529000e-03 -1.23272000e-03 3.97988000e-04 -4.36742000e-04 -1.63071000e-03
4.18879000e+01 -1.13740000e-03 -1.24459000e-03 4.04107000e-04 -4.36371000e-04 -1.64869000e-03
4.19926000e+01 -1.13980000e-03 -1.25517000e-03 4.09218000e-04 -4.36736000e-04 -1.66439000e-03
4.20973000e+01 -1.14248000e-03 -1.26433000e-03 4.13256000e-04 -4.37821000e-04 -1.67759000e-03
4.22021000e+01 -1.14541000e-03 -1.27196000e-03 4.16175000e-04 -4.39608000e-04 -1.68813000e-03
4.23068000e+01 -1.14858000e-03 -1.27798000e-03 4.17945000e-04 -4.42089000e-04 -1.69592000e-03
4.24115000e+01 -1.15197000e-03 -1.28236000e-03 4.18554000e-04 -4.45252000e-04 -1.70092000e-03
4.25162000e+01 -1.15555000e-03 -1.28512000e-03 4.18013000e-04 -4.49092000e-04 -1.70313000e-03
4.26209000e+01 -1.15929000e-03 -1.28631000e-03 4.16350000e-04 -4.53605000e-04 -1.70266000e-03
4.27257000e+01 -1.16317000e-03 -1.28601000e-03 4.13611000e-04 -4.58788000e-04 -1.69962000e-03
4.28304000e+01 -1.16717000e-03 -1.28436000e-03 4.09859000e-04 -4.64642000e-04 -1.69422000e-03
4.29351000e+01 -1.17124000e-03 -1.28151000e-03 4.05171000e-04 -4.71166000e-04 -1.68668000e-03
4.30398000e+01 -1.17537000e-03 -1.27763000e-03 3.99631000e-04 -4.78363000e-04 -1.67726000e-03
4.31445000e+01 -1.17952000e-03 -1.27291000e-03 3.93335000e-04 -4.86236000e-04 -1.66624000e-03
4.32493000e+01 -1.18365000e-03 -1.26755000e-03 3.86380000e-04 -4.94790000e-04 -1.65393000e-03
4.33540000e+01 -1.18775000e-03 -1.26176000e-03 3.78864000e-04 -5.04028000e-04 -1.64062000e-03
4.34587000e+01 -1.19177000e-03 -1.25573000e-03 3.70885000e-04 -5.13956000e-04 -1.62661000e-03
4.35634000e+01 -1.19569000e-03 -1.24965000e-03 3.62538000e-04 -5.24578000e-04 -1.61219000e-03
4.36681000e+01 -1.19947000e-03 -1.24372000e-03 3.53911000e-04 -5.35898000e-04 -1.59763000e-03
4.37729000e+01 -1.20310000e-03 -1.23810000e-03 3.45088000e-04 -5.47922000e-04 -1.58319000e-03
4.38776000e+01 -1.20654000e-03 -1.23294000e-03 3.36143000e-04 -5.60652000e-04 -1.56908000e-03
4.39823000e+01 -1.20977000e-03 -1.22838000e-03 3.27144000e-04 -5.74091000e-04 -1.55552000e-03
4.40870000e+01 -1.21277000e-03 -1.22454000e-03 3.18152000e-04 -5.88240000e-04 -1.54270000e-03
4.41917000e+01 -1.21551000e-03 -1.22154000e-03 3.09219000e-04 -6.03100000e-04 -1.53076000e-03
4.42965000e+01 -1.21799000e-03 -1.21945000e-03 3.00391000e-04 -6.18668000e-04 -1.51984000e-03
4.44012000e+01 -1.22019000e-03 -1.21835000e-03 2.91705000e-04 -6.34940000e-04 -1.51005000e-03
4.45059000e+01 -1.22210000e-03 -1.21830000e-03 2.83193000e-04 -6.51910000e-04 -1.50149000e-03
4.46106000e+01 -1.22371000e-03 -1.21934000e-03 2.74882000e-04 -6.69571000e-04 -1.49422000e-03
4.47153000e+01 -1.22502000e-03 -1.22150000e-03 2.66792000e-04 -6.87911000e-04 -1.48829000e-03
4.48201000e+01 -1.22602000e-03 -1.22479000e-03 2.58939000e-04 -7.06915000e-04 -1.48373000e-03
4.49248000e+01 -1.22673000e-03 -1.22923000e-03 2.51332000e-04 -7.26567000e-04 -1.48056000e-03
4.50295000e+01 -1.22715000e-03 -1.23480000e-03 2.43978000e-04 -7.46847000e-04 -1.47878000e-03
4.51342000e+01 -1.22727000e-03 -1.24149000e-03 2.36880000e-04 -7.67730000e-04 -1.47837000e-03
4.52389000e+01 -1.22713000e-03 -1.24926000e-03 2.30035000e-04 -7.89189000e-04 -1.47929000e-03
4.53437000e+01 -1.22673000e-03 -1.25806000e-03 2.23436000e-04 -8.11192000e-04 -1.48150000e-03
4.54484000e+01 -1.22609000e-03 -1.26785000e-03 2.17074000e-04 -8.33704000e-04 -1.48492000e-03
4.55531000e+01 -1.22523000e-03 -1.27855000e-03 2.10932000e-04 -8.56685000e-04 -1.48948000e-03
4.56578000e+01 -1.22416000e-03 -1.29008000e-03 2.04994000e-04 -8.80088000e-04 -1.49507000e-03
4.57625000e+01 -1.22291000e-03 -1.30233000e-03 1.99234000e-04 -9.03866000e-04 -1.50157000e-03
4.58673000e+01 -1.22150000e-03 -1.31521000e-03 1.93625000e-04 -9.27961000e-04 -1.50883000e-03
4.59720000e+01 -1.21996000e-03 -1.32858000e-03 1.88135000e-04 -9.52312000e-04 -1.51672000e-03
4.60767000e+01 -1.21830000e-03 -1.34231000e-03 1.82727000e-04 -9.76853000e-04 -1.52503000e-03
4.61814000e+01 -1.21656000e-03 -1.35623000e-03 1.77361000e-04 -1.00151000e-03 -1.53359000e-03
4.62861000e+01 -1.21475000e-03 -1.37018000e-03 1.71993000e-04 -1.02620000e-03 -1.54217000e-03
4.63909000e+01 -1.21289000e-03 -1.38398000e-03 1.66577000e-04 -1.05083000e-03 -1.55056000e-03
4.64956000e+01 -1.21101000e-03 -1.39744000e-03 1.61066000e-04 -1.07530000e-03 -1.55850000e-03
4.66003000e+01 -1.20912000e-03 -1.41034000e-03 1.55413000e-04 -1.09952000e-03 -1.56576000e-03
4.67050000e+01 -1.20724000e-03 -1.42250000e-03 1.49571000e-04 -1.12336000e-03 -1.57207000e-03
4.68097000e+01 -1.20540000e-03 -1.43370000e-03 1.43501000e-04 -1.14669000e-03 -1.57720000e-03
4.69145000e+01 -1.20360000e-03 -1.44373000e-03 1.37165000e-04 -1.16940000e-03 -1.58089000e-03
4.70192000e+01 -1.20186000e-03 -1.45240000e-03 1.30537000e-04 -1.19132000e-03 -1.58293000e-03
4.71239000e+01 -1.20019000e-03 -1.45952000e-03 1.23600000e-04 -1.21233000e-03 -1.58312000e-03
4.72286000e+01 -1.19859000e-03 -1.46494000e-03 1.16349000e-04 -1.23225000e-03 -1.58129000e-03
4.73333000e+01 -1.19708000e-03 -1.46851000e-03 1.08794000e-04 -1.25093000e-03 -1.57731000e-03
4.74380000e+01 -1.19566000e-03 -1.47012000e-03 1.00960000e-04 -1.26820000e-03 -1.57108000e-03
4.75428000e+01 -1.19432000e-03 -1.46969000e-03 9.28865000e-05 -1.28392000e-03 -1.56258000e-03
4.76475000e+01 -1.19308000e-03 -1.46717000e-03 8.46290000e-05 -1.29791000e-03 -1.55180000e-03
4.77522000e+01 -1.19193000e-03 -1.46255000e-03 7.62564000e-05 -1.31003000e-03 -1.53880000e-03
4.78569000e+01 -1.19086000e-03 -1.45585000e-03 6.78495000e-05 -1.32015000e-03 -1.52370000e-03
4.79616000e+01 -1.18987000e-03 -1.44714000e-03 5.94982000e-05 -1.32814000e-03 -1.50664000e-03
4.80664000e+01 -1.18896000e-03 -1.43651000e-03 5.12979000e-05 -1.33391000e-03 -1.48780000e-03
4.81711000e+01 -1.18810000e-03 -1.42407000e-03 4.33462000e-05 -1.33738000e-03 -1.46742000e-03
4.82758000e+01 -1.18730000e-03 -1.40998000e-03 3.57391000e-05 -1.33850000e-03 -1.44571000e-03
4.83805000e+01 -1.18654000e-03 -1.39439000e-03 2.85674000e-05 -1.33725000e-03 -1.42296000e-03
4.84852000e+01 -1.18580000e-03 -1.37749000e-03 2.19133000e-05 -1.33367000e-03 -1.39941000e-03
4.85900000e+01 -1.18507000e-03 -1.35948000e-03 1.58479000e-05 -1.32778000e-03 -1.37533000e-03
4.86947000e+01 -1.18434000e-03 -1.34055000e-03 1.04293000e-05 -1.31969000e-03 -1.35098000e-03
4.87994000e+01 -1.18360000e-03 -1.32090000e-03 5.70085000e-06 -1.30950000e-03 -1.32660000e-03
4.89041000e+01 -1.18282000e-03 -1.30074000e-03 1.69142000e-06 -1.29736000e-03 -1.30243000e-03
4.90088000e+01 -1.18200000e-03 -1.28027000e-03 -1.58499000e-06 -1.28344000e-03 -1.27868000e-03
4.91136000e+01 -1.18111000e-03 -1.25967000e-03 -4.12810000e-06 -1.26793000e-03 -1.25554000e-03
4.92183000e+01 -1.18015000e-03 -1.23913000e-03 -5.95010000e-06 -1.25103000e-03 -1.23318000e-03
4.93230000e+01 -1.17909000e-03 -1.21882000e-03 -7.07390000e-06 -1.23297000e-03 -1.21175000e-03
4.94277000e+01 -1.17794000e-03 -1.19891000e-03 -7.53117000e-06 -1.21397000e-03 -1.19138000e-03
4.95324000e+01 -1.17668000e-03 -1.17954000e-03 -7.36039000e-06 -1.19426000e-03 -1.17218000e-03
4.96372000e+01 -1.17529000e-03 -1.16084000e-03 -6.60481000e-06 -1.17405000e-03 -1.15423000e-03
4.97419000e+01 -1.17378000e-03 -1.14294000e-03 -5.31062000e-06 -1.15356000e-03 -1.13763000e-03
4.98466000e+01 -1.17213000e-03 -1.12596000e-03 -3.52529000e-06 -1.13301000e-03 -1.12243000e-03
4.99513000e+01 -1.17035000e-03 -1.10998000e-03 -1.29617000e-06 -1.11257000e-03 -1.10868000e-03
5.00560000e+01 -1.16843000e-03 -1.09510000e-03 1.33069000e-06 -1.09244000e-03 -1.09643000e-03
5.01608000e+01 -1.16638000e-03 -1.08139000e-03 4.31139000e-06 -1.07277000e-03 -1.08570000e-03
5.02655000e+01 -1.16420000e-03 -1.06893000e-03 7.60482000e-06 -1.05372000e-03 -1.07653000e-03
5.03702000e+01 -1.16190000e-03 -1.05776000e-03 1.11730000e-05 -1.03541000e-03 -1.06893000e-03
5.04749000e+01 -1.15948000e-03 -1.04794000e-03 1.49813000e-05 -1.01798000e-03 -1.06292000e-03
5.05796000e+01 -1.15696000e-03 -1.03952000e-03 1.89984000e-05 -1.00152000e-03 -1.05851000e-03
5.06844000e+01 -1.15434000e-03 -1.03253000e-03 2.31960000e-05 -9.86135000e-04 -1.05572000e-03
5.07891000e+01 -1.15166000e-03 -1.02701000e-03 2.75486000e-05 -9.71908000e-04 -1.05455000e-03
5.08938000e+01 -1.14891000e-03 -1.02298000e-03 3.20330000e-05 -9.58917000e-04 -1.05502000e-03
5.09985000e+01 -1.14613000e-03 -1.02049000e-03 3.66278000e-05 -9.47231000e-04 -1.05711000e-03
5.11032000e+01 -1.14333000e-03 -1.01954000e-03 4.13126000e-05 -9.36915000e-04 -1.06085000e-03
5.12080000e+01 -1.14053000e-03 -1.02017000e-03 4.60674000e-05 -9.28033000e-04 -1.06623000e-03
5.13127000e+01 -1.13775000e-03 -1.02239000e-03 5.08718000e-05 -9.20644000e-04 -1.07326000e-03
5.14174000e+01 -1.13503000e-03 -1.02622000e-03 5.57038000e-05 -9.14813000e-04 -1.08192000e-03
5.15221000e+01 -1.13237000e-03 -1.03168000e-03 6.05390000e-05 -9.10603000e-04 -1.09222000e-03
5.16268000e+01 -1.12982000e-03 -1.03878000e-03 6.53493000e-05 -9.08084000e-04 -1.10413000e-03
5.17316000e+01 -1.12738000e-03 -1.04754000e-03 7.01016000e-05 -9.07334000e-04 -1.11764000e-03
5.18363000e+01 -1.12508000e-03 -1.05795000e-03 7.47566000e-05 -9.08438000e-04 -1.13271000e-03
5.19410000e+01 -1.12295000e-03 -1.07003000e-03 7.92666000e-05 -9.11495000e-04 -1.14929000e-03
5.20457000e+01 -1.12101000e-03 -1.08376000e-03 8.35741000e-05 -9.16616000e-04 -1.16734000e-03
5.21504000e+01 -1.11928000e-03 -1.09915000e-03 8.76098000e-05 -9.23933000e-04 -1.18676000e-03
5.22552000e+01 -1.11777000e-03 -1.11618000e-03 9.12898000e-05 -9.33596000e-04 -1.20747000e-03
5.23599000e+01 -1.11651000e-03 -1.13481000e-03 9.45139000e-05 -9.45783000e-04 -1.22932000e-03
5.24646000e+01 -1.11552000e-03 -1.15502000e-03 9.71623000e-05 -9.60699000e-04 -1.25219000e-03
5.25693000e+01 -1.11481000e-03 -1.17677000e-03 9.90926000e-05 -9.78589000e-04 -1.27587000e-03
5.26740000e+01 -1.11439000e-03 -1.20001000e-03 1.00137000e-04 -9.99740000e-04 -1.30015000e-03
5.27788000e+01 -1.11428000e-03 -1.22469000e-03 1.00099000e-04 -1.02449000e-03 -1.32479000e-03
5.28835000e+01 -1.11448000e-03 -1.25074000e-03 9.87484000e-05 -1.05325000e-03 -1.34949000e-03
5.29882000e+01 -1.11500000e-03 -1.27812000e-03 9.58187000e-05 -1.08648000e-03 -1.37394000e-03
5.30929000e+01 -1.11584000e-03 -1.30678000e-03 9.10016000e-05 -1.12478000e-03 -1.39779000e-03
5.31976000e+01 -1.11702000e-03 -1.33671000e-03 8.39414000e-05 -1.16883000e-03 -1.42066000e-03
5.33024000e+01 -1.11852000e-03 -1.36793000e-03 7.42284000e-05 -1.21947000e-03 -1.44216000e-03
5.34071000e+01 -1.12034000e-03 -1.40051000e-03 6.13896000e-05 -1.27773000e-03 -1.46190000e-03
5.35118000e+01 -1.12248000e-03 -1.43462000e-03 4.48763000e-05 -1.34486000e-03 -1.47949000e-03
5.36165000e+01 -1.12493000e-03 -1.47052000e-03 2.40465000e-05 -1.42243000e-03 -1.49457000e-03
5.37212000e+01 -1.12767000e-03 -1.50867000e-03 -1.86017000e-06 -1.51239000e-03 -1.50681000e-03
5.38260000e+01 -1.13069000e-03 -1.54969000e-03 -3.37597000e-05 -1.61721000e-03 -1.51593000e-03
5.39307000e+01 -1.13397000e-03 -1.59450000e-03 -7.27782000e-05 -1.74006000e-03 -1.52172000e-03
5.40354000e+01 -1.13749000e-03 -1.64439000e-03 -1.20333000e-04 -1.88505000e-03 -1.52406000e-03
5.41401000e+01 -1.14123000e-03 -1.70113000e-03 -1.78253000e-04 -2.05764000e-03 -1.52288000e-03
5.42448000e+01 -1.14515000e-03 -1.76720000e-03 -2.48965000e-04 -2.26513000e-03 -1.51824000e-03
5.43496000e+01 -1.14922000e-03 -1.84603000e-03 -3.35782000e-04 -2.51760000e-03 -1.51025000e-03
5.44543000e+01 -1.15341000e-03 -1.94249000e-03 -4.43364000e-04 -2.82921000e-03 -1.49912000e-03
5.45590000e+01 -1.15768000e-03 -2.06361000e-03 -5.78487000e-04 -3.22058000e-03 -1.48512000e-03
5.46637000e+01 -1.16199000e-03 -2.21995000e-03 -7.51381000e-04 -3.72271000e-03 -1.46857000e-03
5.47684000e+01 -1.16630000e-03 -2.42803000e-03 -9.78196000e-04 -4.38442000e-03 -1.44983000e-03
5.48732000e+01 -1.17056000e-03 -2.71520000e-03 -1.28590000e-03 -5.28700000e-03 -1.42930000e-03
5.49779000e+01 -1.17473000e-03 -3.13030000e-03 -1.72291000e-03 -6.57612000e-03 -1.40739000e-03
5.50826000e+01 -1.17876000e-03 -3.76973000e-03 -2.38525000e-03 -8.54024000e-03 -1.38447000e-03
5.51873000e+01 -1.18260000e-03 -4.85401000e-03 -3.49306000e-03 -1.18401000e-02 -1.36095000e-03
5.52920000e+01 -1.18621000e-03 -7.02096000e-03 -5.68378000e-03 -1.83885000e-02 -1.33718000e-03
5.53968000e+01 -1.18953000e-03 -1.31916000e-02 -1.18781000e-02 -3.69479000e-02 -1.31348000e-03
5.55015000e+01 -1.19252000e-03 -1.24598000e-01 -1.23308000e-01 -3.71215000e-01 -1.29017000e-03
5.56062000e+01 -1.19514000e-03 1.71084000e-02 1.83759000e-02 5.38602000e-02 -1.26751000e-03
5.57109000e+01 -1.19734000e-03 8.28410000e-03 9.52982000e-03 2.73437000e-02 -1.24572000e-03
5.58156000e+01 -1.19909000e-03 5.69397000e-03 6.91897000e-03 1.95319000e-02 -1.22500000e-03
5.59203000e+01 -1.20035000e-03 4.54267000e-03 5.74819000e-03 1.60391000e-02 -1.20552000e-03
5.60251000e+01 -1.20110000e-03 3.97403000e-03 5.16145000e-03 1.42969000e-02 -1.18742000e-03
5.61298000e+01 -1.20131000e-03 3.72764000e-03 4.89845000e-03 1.35245000e-02 -1.17081000e-03
5.62345000e+01 -1.20097000e-03 3.71537000e-03 4.87115000e-03 1.34577000e-02 -1.15578000e-03
5.63392000e+01 -1.20007000e-03 3.93007000e-03 5.07249000e-03 1.40751000e-02 -1.14242000e-03
5.64439000e+01 -1.19859000e-03 4.43922000e-03 5.56999000e-03 1.55792000e-02 -1.13077000e-03
5.65487000e+01 -1.19656000e-03 5.45078000e-03 6.57167000e-03 1.85941000e-02 -1.12089000e-03
5.66534000e+01 -1.19397000e-03 7.61205000e-03 8.72487000e-03 2.50618000e-02 -1.11282000e-03
5.67581000e+01 -1.19084000e-03 1.39774000e-02 1.50839000e-02 4.41453000e-02 -1.10659000e-03
5.68628000e+01 -1.18720000e-03 1.53665000e-01 1.54768000e-01 4.63201000e-01 -1.10222000e-03
5.69675000e+01 -1.18308000e-03 -1.62864000e-02 -1.51867000e-02 -4.66598000e-02 -1.09974000e-03
5.70723000e+01 -1.17852000e-03 -7.68442000e-03 -6.58526000e-03 -2.08549000e-02 -1.09916000e-03
5.71770000e+01 -1.17354000e-03 -5.05103000e-03 -3.95052000e-03 -1.29521000e-02 -1.10051000e-03
5.72817000e+01 -1.16821000e-03 -3.79406000e-03 -2.69026000e-03 -9.17458000e-03 -1.10379000e-03
5.73864000e+01 -1.16258000e-03 -3.06884000e-03 -1.95980000e-03 -6.98844000e-03 -1.10903000e-03
5.74911000e+01 -1.15668000e-03 -2.60367000e-03 -1.48743000e-03 -5.57852000e-03 -1.11624000e-03
5.75959000e+01 -1.15058000e-03 -2.28467000e-03 -1.15925000e-03 -4.60316000e-03 -1.12542000e-03
5.77006000e+01 -1.14434000e-03 -2.05584000e-03 -9.19266000e-04 -3.89438000e-03 -1.13658000e-03
5.78053000e+01 -1.13800000e-03 -1.88653000e-03 -7.36816000e-04 -3.36016000e-03 -1.14971000e-03
5.79100000e+01 -1.13164000e-03 -1.75857000e-03 -5.93743000e-04 -2.94605000e-03 -1.16482000e-03
5.80147000e+01 -1.12529000e-03 -1.66052000e-03 -4.78642000e-04 -2.61781000e-03 -1.18188000e-03
5.81195000e+01 -1.11903000e-03 -1.58487000e-03 -3.84012000e-04 -2.35289000e-03 -1.20086000e-03
5.82242000e+01 -1.11291000e-03 -1.52644000e-03 -3.04735000e-04 -2.13591000e-03 -1.22171000e-03
5.83289000e+01 -1.10697000e-03 -1.48156000e-03 -2.37213000e-04 -1.95599000e-03 -1.24435000e-03
5.84336000e+01 -1.10127000e-03 -1.44755000e-03 -1.78860000e-04 -1.80527000e-03 -1.26869000e-03
5.85383000e+01 -1.09585000e-03 -1.42237000e-03 -1.27778000e-04 -1.67793000e-03 -1.29459000e-03
5.86431000e+01 -1.09077000e-03 -1.40446000e-03 -8.25618000e-05 -1.56958000e-03 -1.32190000e-03
5.87478000e+01 -1.08605000e-03 -1.39255000e-03 -4.21595000e-05 -1.47687000e-03 -1.35039000e-03
5.88525000e+01 -1.08174000e-03 -1.38559000e-03 -5.78470000e-06 -1.39716000e-03 -1.37981000e-03
5.89572000e+01 -1.07788000e-03 -1.38269000e-03 2.71468000e-05 -1.32840000e-03 -1.40984000e-03
5.90619000e+01 -1.07449000e-03 -1.38307000e-03 5.70620000e-05 -1.26895000e-03 -1.44013000e-03
5.91667000e+01 -1.07161000e-03 -1.38600000e-03 8.42631000e-05 -1.21747000e-03 -1.47026000e-03
5.92714000e+01 -1.06926000e-03 -1.39081000e-03 1.08953000e-04 -1.17291000e-03 -1.49977000e-03
5.93761000e+01 -1.06746000e-03 -1.39688000e-03 1.31256000e-04 -1.13437000e-03 -1.52814000e-03
5.94808000e+01 -1.06624000e-03 -1.40360000e-03 1.51234000e-04 -1.10114000e-03 -1.55484000e-03
5.95855000e+01 -1.06561000e-03 -1.41041000e-03 1.68903000e-04 -1.07260000e-03 -1.57931000e-03
5.96903000e+01 -1.06558000e-03 -1.41676000e-03 1.84249000e-04 -1.04827000e-03 -1.60101000e-03
5.97950000e+01 -1.06616000e-03 -1.42218000e-03 1.97239000e-04 -1.02771000e-03 -1.61942000e-03
5.98997000e+01 -1.06736000e-03 -1.42624000e-03 2.07838000e-04 -1.01057000e-03 -1.63408000e-03
6.00044000e+01 -1.06918000e-03 -1.42858000e-03 2.16019000e-04 -9.96544000e-04 -1.64460000e-03
6.01091000e+01 -1.07163000e-03 -1.42893000e-03 2.21773000e-04 -9.85380000e-04 -1.65070000e-03
6.02139000e+01 -1.07469000e-03 -1.42709000e-03 2.25120000e-04 -9.76851000e-04 -1.65221000e-03
6.03186000e+01 -1.07836000e-03 -1.42299000e-03 2.26115000e-04 -9.70764000e-04 -1.64911000e-03
6.04233000e+01 -1.08263000e-03 -1.41664000e-03 2.24847000e-04 -9.66947000e-04 -1.64149000e-03
6.05280000e+01 -1.08749000e-03 -1.40813000e-03 2.21441000e-04 -9.65251000e-04 -1.62958000e-03
6.06327000e+01 -1.09290000e-03 -1.39765000e-03 2.16059000e-04 -9.65537000e-04 -1.61371000e-03
6.07375000e+01 -1.09885000e-03 -1.38545000e-03 2.08886000e-04 -9.67679000e-04 -1.59434000e-03
6.08422000e+01 -1.10532000e-03 -1.37182000e-03 2.00131000e-04 -9.71555000e-04 -1.57195000e-03
6.09469000e+01 -1.11225000e-03 -1.35709000e-03 1.90018000e-04 -9.77051000e-04 -1.54711000e-03
6.10516000e+01 -1.11962000e-03 -1.34160000e-03 1.78775000e-04 -9.84050000e-04 -1.52037000e-03
6.11563000e+01 -1.12737000e-03 -1.32570000e-03 1.66631000e-04 -9.92433000e-04 -1.49233000e-03
6.12611000e+01 -1.13546000e-03 -1.30970000e-03 1.53811000e-04 -1.00208000e-03 -1.46351000e-03
6.13658000e+01 -1.14383000e-03 -1.29391000e-03 1.40530000e-04 -1.01285000e-03 -1.43444000e-03
6.14705000e+01 -1.15241000e-03 -1.27860000e-03 1.26990000e-04 -1.02462000e-03 -1.40559000e-03
6.15752000e+01 -1.16114000e-03 -1.26398000e-03 1.13383000e-04 -1.03722000e-03 -1.37737000e-03
6.16799000e+01 -1.16994000e-03 -1.25027000e-03 9.98853000e-05 -1.05049000e-03 -1.35015000e-03
6.17847000e+01 -1.17873000e-03 -1.23759000e-03 8.66625000e-05 -1.06427000e-03 -1.32425000e-03
6.18894000e+01 -1.18743000e-03 -1.22608000e-03 7.38681000e-05 -1.07834000e-03 -1.29995000e-03
6.19941000e+01 -1.19596000e-03 -1.21581000e-03 6.16455000e-05 -1.09252000e-03 -1.27745000e-03
6.20988000e+01 -1.20422000e-03 -1.20684000e-03 5.01297000e-05 -1.10658000e-03 -1.25697000e-03
6.22035000e+01 -1.21213000e-03 -1.19920000e-03 3.94481000e-05 -1.12030000e-03 -1.23865000e-03
6.23083000e+01 -1.21958000e-03 -1.19290000e-03 2.97213000e-05 -1.13346000e-03 -1.22263000e-03
6.24130000e+01 -1.22649000e-03 -1.18796000e-03 2.10636000e-05 -1.14583000e-03 -1.20902000e-03
6.25177000e+01 -1.23278000e-03 -1.18436000e-03 1.35831000e-05 -1.15720000e-03 -1.19795000e-03
6.26224000e+01 -1.23836000e-03 -1.18211000e-03 7.38128000e-06 -1.16734000e-03 -1.18949000e-03
6.27271000e+01 -1.24315000e-03 -1.18119000e-03 2.55267000e-06 -1.17609000e-03 -1.18375000e-03
6.28319000e+01 -1.24708000e-03 -1.18164000e-03 -8.15773000e-07 -1.18327000e-03 -1.18082000e-03
6.29366000e+01 -1.25010000e-03 -1.18347000e-03 -2.64514000e-06 -1.18876000e-03 -1.18083000e-03
6.30413000e+01 -1.25215000e-03 -1.18674000e-03 -2.86477000e-06 -1.19247000e-03 -1.18387000e-03
6.31460000e+01 -1.25321000e-03 -1.19151000e-03 -1.41203000e-06 -1.19433000e-03 -1.19010000e-03
6.32507000e+01 -1.25324000e-03 -1.19789000e-03 1.76837000e-06 -1.19435000e-03 -1.19966000e-03
6.33555000e+01 -1.25224000e-03 -1.20600000e-03 6.72575000e-06 -1.19255000e-03 -1.21273000e-03
6.34602000e+01 -1.25021000e-03 -1.21602000e-03 1.35054000e-05 -1.18901000e-03 -1.22952000e-03
6.35649000e+01 -1.24717000e-03 -1.22813000e-03 2.21511000e-05 -1.18383000e-03 -1.25028000e-03
6.36696000e+01 -1.24316000e-03 -1.24257000e-03 3.27082000e-05 -1.17715000e-03 -1.27527000e-03
6.37743000e+01 -1.23822000e-03 -1.25960000e-03 4.52271000e-05 -1.16914000e-03 -1.30482000e-03
6.38791000e+01 -1.23241000e-03 -1.27953000e-03 5.97667000e-05 -1.15999000e-03 -1.33929000e-03
6.39838000e+01 -1.22579000e-03 -1.30270000e-03 7.63981000e-05 -1.14991000e-03 -1.37910000e-03
6.40885000e+01 -1.21844000e-03 -1.32950000e-03 9.52080000e-05 -1.13908000e-03 -1.42471000e-03
6.41932000e+01 -1.21046000e-03 -1.36034000e-03 1.16302000e-04 -1.12773000e-03 -1.47664000e-03
6.42979000e+01 -1.20192000e-03 -1.39568000e-03 1.39805000e-04 -1.11607000e-03 -1.53548000e-03
6.44026000e+01 -1.19292000e-03 -1.43601000e-03 1.65865000e-04 -1.10428000e-03 -1.60187000e-03
6.45074000e+01 -1.18356000e-03 -1.48185000e-03 1.94648000e-04 -1.09255000e-03 -1.67650000e-03
6.46121000e+01 -1.17393000e-03 -1.53374000e-03 2.26337000e-04 -1.08107000e-03 -1.76008000e-03
6.47168000e+01 -1.16413000e-03 -1.59223000e-03 2.61124000e-04 -1.06998000e-03 -1.85335000e-03
6.48215000e+01 -1.15426000e-03 -1.65782000e-03 2.99193000e-04 -1.05944000e-03 -1.95702000e-03
6.49262000e+01 -1.14439000e-03 -1.73097000e-03 3.40704000e-04 -1.04956000e-03 -2.07168000e-03
6.50310000e+01 -1.13463000e-03 -1.81199000e-03 3.85759000e-04 -1.04047000e-03 -2.19775000e-03
6.51357000e+01 -1.12506000e-03 -1.90098000e-03 4.34358000e-04 -1.03227000e-03 -2.33534000e-03
6.52404000e+01 -1.11574000e-03 -1.99771000e-03 4.86341000e-04 -1.02503000e-03 -2.48405000e-03
6.53451000e+01 -1.10675000e-03 -2.10146000e-03 5.41311000e-04 -1.01884000e-03 -2.64277000e-03
6.54498000e+01 -1.09816000e-03 -2.21086000e-03 5.98548000e-04 -1.01376000e-03 -2.80941000e-03
6.55546000e+01 -1.09002000e-03 -2.32368000e-03 6.56914000e-04 -1.00985000e-03 -2.98060000e-03
6.56593000e+01 -1.08240000e-03 -2.43670000e-03 7.14774000e-04 -1.00715000e-03 -3.15148000e-03
6.57640000e+01 -1.07534000e-03 -2.54562000e-03 7.69957000e-04 -1.00571000e-03 -3.31558000e-03
6.58687000e+01 -1.06888000e-03 -2.64517000e-03 8.19808000e-04 -1.00555000e-03 -3.46497000e-03
6.59734000e+01 -1.06306000e-03 -2.72940000e-03 8.61349000e-04 -1.00671000e-03 -3.59075000e-03
6.60782000e+01 -1.05792000e-03 -2.79238000e-03 8.91591000e-04 -1.00920000e-03 -3.68397000e-03
6.61829000e+01 -1.05349000e-03 -2.82892000e-03 9.07941000e-04 -1.01304000e-03 -3.73686000e-03
6.62876000e+01 -1.04979000e-03 -2.83555000e-03 9.08653000e-04 -1.01825000e-03 -3.74420000e-03
6.63923000e+01 -1.04684000e-03 -2.81116000e-03 8.93167000e-04 -1.02482000e-03 -3.70432000e-03
6.64970000e+01 -1.04467000e-03 -2.75726000e-03 8.62244000e-04 -1.03277000e-03 -3.61950000e-03
6.66018000e+01 -1.04328000e-03 -2.67773000e-03 8.17827000e-04 -1.04208000e-03 -3.49556000e-03
6.67065000e+01 -1.04269000e-03 -2.57813000e-03 7.62697000e-04 -1.05274000e-03 -3.34083000e-03
6.68112000e+01 -1.04291000e-03 -2.46474000e-03 7.00006000e-04 -1.06472000e-03 -3.16474000e-03
6.69159000e+01 -1.04394000e-03 -2.34371000e-03 6.32855000e-04 -1.07800000e-03 -2.97656000e-03
6.70206000e+01 -1.04578000e-03 -2.22047000e-03 5.63974000e-04 -1.09252000e-03 -2.78444000e-03
6.71254000e+01 -1.04843000e-03 -2.09933000e-03 4.95554000e-04 -1.10823000e-03 -2.59489000e-03
6.72301000e+01 -1.05188000e-03 -1.98346000e-03 4.29209000e-04 -1.12504000e-03 -2.41267000e-03
6.73348000e+01 -1.05613000e-03 -1.87491000e-03 3.66021000e-04 -1.14287000e-03 -2.24093000e-03
6.74395000e+01 -1.06117000e-03 -1.77487000e-03 3.06636000e-04 -1.16160000e-03 -2.08150000e-03
6.75442000e+01 -1.06698000e-03 -1.68382000e-03 2.51368000e-04 -1.18109000e-03 -1.93519000e-03
6.76490000e+01 -1.07354000e-03 -1.60178000e-03 2.00297000e-04 -1.20118000e-03 -1.80207000e-03
6.77537000e+01 -1.08082000e-03 -1.52840000e-03 1.53352000e-04 -1.22170000e-03 -1.68175000e-03
6.78584000e+01 -1.08880000e-03 -1.46317000e-03 1.10373000e-04 -1.24242000e-03 -1.57354000e-03
6.79631000e+01 -1.09744000e-03 -1.40543000e-03 7.11541000e-05 -1.26312000e-03 -1.47658000e-03
6.80678000e+01 -1.10669000e-03 -1.35450000e-03 3.54771000e-05 -1.28355000e-03 -1.38998000e-03
6.81726000e+01 -1.11652000e-03 -1.30969000e-03 3.13011000e-06 -1.30343000e-03 -1.31282000e-03
6.82773000e+01 -1.12686000e-03 -1.27033000e-03 -2.60818000e-05 -1.32249000e-03 -1.24424000e-03
6.83820000e+01 -1.13765000e-03 -1.23577000e-03 -5.23309000e-05 -1.34043000e-03 -1.18344000e-03
6.84867000e+01 -1.14884000e-03 -1.20543000e-03 -7.57662000e-05 -1.35697000e-03 -1.12967000e-03
6.85914000e+01 -1.16033000e-03 -1.17880000e-03 -9.65149000e-05 -1.37183000e-03 -1.08228000e-03
6.86962000e+01 -1.17205000e-03 -1.15538000e-03 -1.14686000e-04 -1.38475000e-03 -1.04069000e-03
6.88009000e+01 -1.18392000e-03 -1.13477000e-03 -1.30375000e-04 -1.39552000e-03 -1.00440000e-03
6.89056000e+01 -1.19582000e-03 -1.11662000e-03 -1.43667000e-04 -1.40396000e-03 -9.72954000e-04
6.90103000e+01 -1.20766000e-03 -1.10063000e-03 -1.54643000e-04 -1.40991000e-03 -9.45983000e-04
6.91150000e+01 -1.21934000e-03 -1.08655000e-03 -1.63383000e-04 -1.41332000e-03 -9.23169000e-04
6.92198000e+01 -1.23073000e-03 -1.07421000e-03 -1.69968000e-04 -1.41415000e-03 -9.04245000e-04
6.93245000e+01 -1.24173000e-03 -1.06348000e-03 -1.74480000e-04 -1.41244000e-03 -8.89000000e-04
6.94292000e+01 -1.25221000e-03 -1.05428000e-03 -1.77009000e-04 -1.40829000e-03 -8.77267000e-04
6.95339000e+01 -1.26207000e-03 -1.04657000e-03 -1.77644000e-04 -1.40185000e-03 -8.68924000e-04
6.96386000e+01 -1.27120000e-03 -1.04037000e-03 -1.76476000e-04 -1.39332000e-03 -8.63892000e-04
6.97434000e+01 -1.27948000e-03 -1.03573000e-03 -1.73596000e-04 -1.38293000e-03 -8.62137000e-04
6.98481000e+01 -1.28682000e-03 -1.03275000e-03 -1.69090000e-04 -1.37093000e-03 -8.63664000e-04
6.99528000e+01 -1.29313000e-03 -1.03156000e-03 -1.63035000e-04 -1.35763000e-03 -8.68522000e-04
7.00575000e+01 -1.29833000e-03 -1.03231000e-03 -1.55498000e-04 -1.34330000e-03 -8.76807000e-04
7.01622000e+01 -1.30236000e-03 -1.03519000e-03 -1.46530000e-04 -1.32825000e-03 -8.88661000e-04
7.02670000e+01 -1.30518000e-03 -1.04044000e-03 -1.36161000e-04 -1.31276000e-03 -9.04278000e-04
7.03717000e+01 -1.30675000e-03 -1.04831000e-03 -1.24400000e-04 -1.29711000e-03 -9.23912000e-04
7.04764000e+01 -1.30706000e-03 -1.05911000e-03 -1.11228000e-04 -1.28156000e-03 -9.47879000e-04
7.05811000e+01 -1.30612000e-03 -1.07316000e-03 -9.65958000e-05 -1.26635000e-03 -9.76567000e-04
7.06858000e+01 -1.30396000e-03 -1.09087000e-03 -8.04192000e-05 -1.25171000e-03 -1.01045000e-03
7.07906000e+01 -1.30062000e-03 -1.11266000e-03 -6.25754000e-05 -1.23781000e-03 -1.05009000e-03
7.08953000e+01 -1.29614000e-03 -1.13906000e-03 -4.28983000e-05 -1.22485000e-03 -1.09616000e-03
7.10000000e+01 -1.29062000e-03 -1.17063000e-03 -2.11739000e-05 -1.21298000e-03 -1.14946000e-03
7.11047000e+01 -1.28412000e-03 -1.20806000e-03 2.86491000e-06 -1.20233000e-03 -1.21093000e-03
7.12094000e+01 -1.27675000e-03 -1.25211000e-03 2.95425000e-05 -1.19303000e-03 -1.28165000e-03
7.13142000e+01 -1.26861000e-03 -1.30365000e-03 5.92445000e-05 -1.18516000e-03 -1.36290000e-03
7.14189000e+01 -1.25981000e-03 -1.36367000e-03 9.24188000e-05 -1.17883000e-03 -1.45609000e-03
7.15236000e+01 -1.25046000e-03 -1.43326000e-03 1.29571000e-04 -1.17412000e-03 -1.56283000e-03
7.16283000e+01 -1.24069000e-03 -1.51358000e-03 1.71251000e-04 -1.17108000e-03 -1.68483000e-03
7.17330000e+01 -1.23059000e-03 -1.60582000e-03 2.18022000e-04 -1.16978000e-03 -1.82384000e-03
7.18378000e+01 -1.22030000e-03 -1.71107000e-03 2.70404000e-04 -1.17027000e-03 -1.98148000e-03
7.19425000e+01 -1.20990000e-03 -1.83014000e-03 3.28774000e-04 -1.17259000e-03 -2.15891000e-03
7.20472000e+01 -1.19952000e-03 -1.96320000e-03 3.93205000e-04 -1.17679000e-03 -2.35641000e-03
7.21519000e+01 -1.18925000e-03 -2.10936000e-03 4.63231000e-04 -1.18290000e-03 -2.57260000e-03
7.22566000e+01 -1.17918000e-03 -2.26599000e-03 5.37523000e-04 -1.19095000e-03 -2.80352000e-03
7.23614000e+01 -1.16940000e-03 -2.42798000e-03 6.13513000e-04 -1.20095000e-03 -3.04149000e-03
7.24661000e+01 -1.15999000e-03 -2.58706000e-03 6.87067000e-04 -1.21292000e-03 -3.27412000e-03
7.25708000e+01 -1.15101000e-03 -2.73167000e-03 7.52401000e-04 -1.22686000e-03 -3.48407000e-03
7.26755000e+01 -1.14254000e-03 -2.84781000e-03 8.02521000e-04 -1.24277000e-03 -3.65033000e-03
7.27802000e+01 -1.13463000e-03 -2.92136000e-03 8.30379000e-04 -1.26060000e-03 -3.75174000e-03
7.28849000e+01 -1.12734000e-03 -2.94152000e-03 8.30601000e-04 -1.28032000e-03 -3.77212000e-03
7.29897000e+01 -1.12070000e-03 -2.90419000e-03 8.01174000e-04 -1.30185000e-03 -3.70537000e-03
7.30944000e+01 -1.11477000e-03 -2.81354000e-03 7.44227000e-04 -1.32508000e-03 -3.55777000e-03
7.31991000e+01 -1.10957000e-03 -2.68076000e-03 6.65432000e-04 -1.34989000e-03 -3.34619000e-03
7.33038000e+01 -1.10514000e-03 -2.52077000e-03 5.72338000e-04 -1.37609000e-03 -3.09311000e-03
7.34085000e+01 -1.10149000e-03 -2.34850000e-03 4.72522000e-04 -1.40345000e-03 -2.82102000e-03
7.35133000e+01 -1.09865000e-03 -2.17621000e-03 3.72261000e-04 -1.43169000e-03 -2.54847000e-03
7.36180000e+01 -1.09664000e-03 -2.01247000e-03 2.76006000e-04 -1.46046000e-03 -2.28848000e-03
7.37227000e+01 -1.09547000e-03 -1.86227000e-03 1.86453000e-04 -1.48937000e-03 -2.04873000e-03
7.38274000e+01 -1.09515000e-03 -1.72780000e-03 1.04931000e-04 -1.51794000e-03 -1.83273000e-03
7.39321000e+01 -1.09569000e-03 -1.60932000e-03 3.18340000e-05 -1.54565000e-03 -1.64115000e-03
7.40369000e+01 -1.09708000e-03 -1.50593000e-03 -3.29971000e-05 -1.57192000e-03 -1.47293000e-03
7.41416000e+01 -1.09933000e-03 -1.41613000e-03 -9.00079000e-05 -1.59614000e-03 -1.32612000e-03
7.42463000e+01 -1.10244000e-03 -1.33817000e-03 -1.39756000e-04 -1.61768000e-03 -1.19841000e-03
7.43510000e+01 -1.10639000e-03 -1.27027000e-03 -1.82814000e-04 -1.63590000e-03 -1.08746000e-03
7.44557000e+01 -1.11119000e-03 -1.21077000e-03 -2.19721000e-04 -1.65021000e-03 -9.91049000e-04
7.45605000e+01 -1.11680000e-03 -1.15816000e-03 -2.50962000e-04 -1.66008000e-03 -9.07193000e-04
7.46652000e+01 -1.12323000e-03 -1.11111000e-03 -2.76980000e-04 -1.66507000e-03 -8.34134000e-04
7.47699000e+01 -1.13044000e-03 -1.06853000e-03 -2.98176000e-04 -1.66488000e-03 -7.70355000e-04
7.48746000e+01 -1.13841000e-03 -1.02949000e-03 -3.14928000e-04 -1.65934000e-03 -7.14558000e-04
7.49793000e+01 -1.14710000e-03 -9.93240000e-04 -3.27603000e-04 -1.64845000e-03 -6.65637000e-04
7.50841000e+01 -1.15649000e-03 -9.59221000e-04 -3.36566000e-04 -1.63235000e-03 -6.22655000e-04
7.51888000e+01 -1.16653000e-03 -9.27004000e-04 -3.42185000e-04 -1.61137000e-03 -5.84819000e-04
7.52935000e+01 -1.17716000e-03 -8.96289000e-04 -3.44831000e-04 -1.58595000e-03 -5.51458000e-04
7.53982000e+01 -1.18834000e-03 -8.66880000e-04 -3.44877000e-04 -1.55664000e-03 -5.22003000e-04
7.55029000e+01 -1.20001000e-03 -8.38667000e-04 -3.42693000e-04 -1.52405000e-03 -4.95973000e-04
7.56077000e+01 -1.21209000e-03 -8.11598000e-04 -3.38638000e-04 -1.48887000e-03 -4.72961000e-04
7.57124000e+01 -1.22452000e-03 -7.85670000e-04 -3.33052000e-04 -1.45177000e-03 -4.52618000e-04
7.58171000e+01 -1.23720000e-03 -7.60905000e-04 -3.26255000e-04 -1.41341000e-03 -4.34650000e-04
7.59218000e+01 -1.25005000e-03 -7.37343000e-04 -3.18537000e-04 -1.37442000e-03 -4.18806000e-04
7.60265000e+01 -1.26297000e-03 -7.15031000e-04 -3.10158000e-04 -1.33535000e-03 -4.04872000e-04
7.61313000e+01 -1.27587000e-03 -6.94013000e-04 -3.01345000e-04 -1.29670000e-03 -3.92668000e-04
7.62360000e+01 -1.28862000e-03 -6.74329000e-04 -2.92291000e-04 -1.25891000e-03 -3.82038000e-04
7.63407000e+01 -1.30114000e-03 -6.56011000e-04 -2.83160000e-04 -1.22233000e-03 -3.72851000e-04
7.64454000e+01 -1.31328000e-03 -6.39083000e-04 -2.74085000e-04 -1.18725000e-03 -3.64998000e-04
7.65501000e+01 -1.32495000e-03 -6.23559000e-04 -2.65174000e-04 -1.15391000e-03 -3.58385000e-04
7.66549000e+01 -1.33603000e-03 -6.09446000e-04 -2.56510000e-04 -1.12247000e-03 -3.52937000e-04
7.67596000e+01 -1.34639000e-03 -5.96746000e-04 -2.48156000e-04 -1.09306000e-03 -3.48590000e-04
7.68643000e+01 -1.35594000e-03 -5.85454000e-04 -2.40160000e-04 -1.06578000e-03 -3.45294000e-04
7.69690000e+01 -1.36457000e-03 -5.75566000e-04 -2.32554000e-04 -1.04067000e-03 -3.43012000e-04
7.70737000e+01 -1.37218000e-03 -5.67073000e-04 -2.25358000e-04 -1.01779000e-03 -3.41715000e-04
7.71785000e+01 -1.37869000e-03 -5.59968000e-04 -2.18583000e-04 -9.97134000e-04 -3.41386000e-04
7.72832000e+01 -1.38402000e-03 -5.54249000e-04 -2.12231000e-04 -9.78712000e-04 -3.42017000e-04
7.73879000e+01 -1.38812000e-03 -5.49913000e-04 -2.06302000e-04 -9.62518000e-04 -3.43611000e-04
7.74926000e+01 -1.39094000e-03 -5.46965000e-04 -2.00788000e-04 -9.48541000e-04 -3.46178000e-04
7.75973000e+01 -1.39246000e-03 -5.45415000e-04 -1.95678000e-04 -9.36770000e-04 -3.49737000e-04
7.77021000e+01 -1.39267000e-03 -5.45279000e-04 -1.90958000e-04 -9.27195000e-04 -3.54320000e-04
7.78068000e+01 -1.39157000e-03 -5.46582000e-04 -1.86615000e-04 -9.19811000e-04 -3.59967000e-04
7.79115000e+01 -1.38919000e-03 -5.49357000e-04 -1.82630000e-04 -9.14617000e-04 -3.66727000e-04
7.80162000e+01 -1.38557000e-03 -5.53650000e-04 -1.78986000e-04 -9.11622000e-04 -3.74664000e-04
7.81209000e+01 -1.38076000e-03 -5.59514000e-04 -1.75664000e-04 -9.10842000e-04 -3.83850000e-04
7.82257000e+01 -1.37483000e-03 -5.67016000e-04 -1.72644000e-04 -9.12303000e-04 -3.94373000e-04
7.83304000e+01 -1.36785000e-03 -5.76237000e-04 -1.69903000e-04 -9.16043000e-04 -4.06334000e-04
7.84351000e+01 -1.35993000e-03 -5.87271000e-04 -1.67419000e-04 -9.22109000e-04 -4.19852000e-04
7.85398000e+01 -1.35114000e-03 -6.00227000e-04 -1.65168000e-04 -9.30563000e-04 -4.35059000e-04
7.86445000e+01 -1.34160000e-03 -6.15233000e-04 -1.63122000e-04 -9.41477000e-04 -4.52110000e-04
7.87493000e+01 -1.33141000e-03 -6.32432000e-04 -1.61252000e-04 -9.54937000e-04 -4.71180000e-04
7.88540000e+01 -1.32068000e-03 -6.51989000e-04 -1.59525000e-04 -9.71039000e-04 -4.92464000e-04
7.89587000e+01 -1.30951000e-03 -6.74086000e-04 -1.57903000e-04 -9.89891000e-04 -5.16183000e-04
7.90634000e+01 -1.29801000e-03 -6.98928000e-04 -1.56343000e-04 -1.01161000e-03 -5.42585000e-04
7.91681000e+01 -1.28627000e-03 -7.26738000e-04 -1.54795000e-04 -1.03633000e-03 -5.71943000e-04
7.92729000e+01 -1.27440000e-03 -7.57759000e-04 -1.53204000e-04 -1.06417000e-03 -6.04555000e-04
7.93776000e+01 -1.26248000e-03 -7.92251000e-04 -1.51503000e-04 -1.09526000e-03 -6.40748000e-04
7.94823000e+01 -1.25060000e-03 -8.30485000e-04 -1.49618000e-04 -1.12972000e-03 -6.80868000e-04
7.95870000e+01 -1.23883000e-03 -8.72736000e-04 -1.47462000e-04 -1.16766000e-03 -7.25275000e-04
7.96917000e+01 -1.22726000e-03 -9.19271000e-04 -1.44940000e-04 -1.20915000e-03 -7.74331000e-04
7.97965000e+01 -1.21595000e-03 -9.70332000e-04 -1.41946000e-04 -1.25422000e-03 -8.28386000e-04
7.99012000e+01 -1.20494000e-03 -1.02611000e-03 -1.38367000e-04 -1.30284000e-03 -8.87742000e-04
8.00059000e+01 -1.19430000e-03 -1.08671000e-03 -1.34088000e-04 -1.35489000e-03 -9.52624000e-04
8.01106000e+01 -1.18408000e-03 -1.15212000e-03 -1.28998000e-04 -1.41011000e-03 -1.02312000e-03
8.02153000e+01 -1.17430000e-03 -1.22213000e-03 -1.23004000e-04 -1.46814000e-03 -1.09912000e-03
8.03201000e+01 -1.16500000e-03 -1.29629000e-03 -1.16046000e-04 -1.52838000e-03 -1.18024000e-03
8.04248000e+01 -1.15622000e-03 -1.37383000e-03 -1.08114000e-04 -1.59006000e-03 -1.26572000e-03
8.05295000e+01 -1.14797000e-03 -1.45359000e-03 -9.92740000e-05 -1.65214000e-03 -1.35432000e-03
8.06342000e+01 -1.14027000e-03 -1.53396000e-03 -8.96871000e-05 -1.71333000e-03 -1.44427000e-03
8.07389000e+01 -1.13313000e-03 -1.61286000e-03 -7.96223000e-05 -1.77210000e-03 -1.53324000e-03
8.08437000e+01 -1.12657000e-03 -1.68780000e-03 -6.94568000e-05 -1.82671000e-03 -1.61834000e-03
8.09484000e+01 -1.12059000e-03 -1.75597000e-03 -5.96529000e-05 -1.87527000e-03 -1.69632000e-03
8.10531000e+01 -1.11519000e-03 -1.81446000e-03 -5.07107000e-05 -1.91588000e-03 -1.76375000e-03
8.11578000e+01 -1.11038000e-03 -1.86056000e-03 -4.30977000e-05 -1.94675000e-03 -1.81746000e-03
8.12625000e+01 -1.10614000e-03 -1.89204000e-03 -3.71718000e-05 -1.96638000e-03 -1.85487000e-03
8.13672000e+01 -1.10248000e-03 -1.90747000e-03 -3.31148000e-05 -1.97369000e-03 -1.87435000e-03
8.14720000e+01 -1.09939000e-03 -1.90639000e-03 -3.08983000e-05 -1.96818000e-03 -1.87549000e-03
8.15767000e+01 -1.09686000e-03 -1.88937000e-03 -3.02941000e-05 -1.94996000e-03 -1.85908000e-03
8.16814000e+01 -1.09487000e-03 -1.85789000e-03 -3.09237000e-05 -1.91974000e-03 -1.82697000e-03
8.17861000e+01 -1.09341000e-03 -1.81411000e-03 -3.23344000e-05 -1.87878000e-03 -1.78178000e-03
8.18908000e+01 -1.09247000e-03 -1.76059000e-03 -3.40754000e-05 -1.82874000e-03 -1.72652000e-03
8.19956000e+01 -1.09203000e-03 -1.70001000e-03 -3.57600000e-05 -1.77153000e-03 -1.66425000e-03
8.21003000e+01 -1.09208000e-03 -1.63491000e-03 -3.70999000e-05 -1.70911000e-03 -1.59781000e-03
8.22050000e+01 -1.09258000e-03 -1.56757000e-03 -3.79151000e-05 -1.64340000e-03 -1.52965000e-03
8.23097000e+01 -1.09353000e-03 -1.49989000e-03 -3.81234000e-05 -1.57614000e-03 -1.46177000e-03
8.24144000e+01 -1.09490000e-03 -1.43339000e-03 -3.77199000e-05 -1.50883000e-03 -1.39567000e-03
8.25192000e+01 -1.09666000e-03 -1.36921000e-03 -3.67527000e-05 -1.44271000e-03 -1.33245000e-03
8.26239000e+01 -1.09880000e-03 -1.30815000e-03 -3.53007000e-05 -1.37875000e-03 -1.27284000e-03
8.27286000e+01 -1.10128000e-03 -1.25074000e-03 -3.34564000e-05 -1.31765000e-03 -1.21728000e-03
8.28333000e+01 -1.10408000e-03 -1.19730000e-03 -3.13130000e-05 -1.25993000e-03 -1.16599000e-03
8.29380000e+01 -1.10718000e-03 -1.14799000e-03 -2.89569000e-05 -1.20590000e-03 -1.11903000e-03
8.30428000e+01 -1.11053000e-03 -1.10281000e-03 -2.64636000e-05 -1.15574000e-03 -1.07635000e-03
8.31475000e+01 -1.11413000e-03 -1.06172000e-03 -2.38961000e-05 -1.10951000e-03 -1.03782000e-03
8.32522000e+01 -1.11793000e-03 -1.02459000e-03 -2.13051000e-05 -1.06720000e-03 -1.00329000e-03
8.33569000e+01 -1.12191000e-03 -9.91279000e-04 -1.87302000e-05 -1.02874000e-03 -9.72549000e-04
8.34616000e+01 -1.12603000e-03 -9.61616000e-04 -1.62014000e-05 -9.94019000e-04 -9.45415000e-04
8.35664000e+01 -1.13027000e-03 -9.35429000e-04 -1.37408000e-05 -9.62910000e-04 -9.21688000e-04
8.36711000e+01 -1.13459000e-03 -9.12549000e-04 -1.13644000e-05 -9.35278000e-04 -9.01185000e-04
8.37758000e+01 -1.13896000e-03 -8.92818000e-04 -9.08385000e-06 -9.10986000e-04 -8.83735000e-04
8.38805000e+01 -1.14336000e-03 -8.76091000e-04 -6.90732000e-06 -8.89906000e-04 -8.69184000e-04
8.39852000e+01 -1.14775000e-03 -8.62239000e-04 -4.84125000e-06 -8.71922000e-04 -8.57398000e-04
8.40900000e+01 -1.15210000e-03 -8.51152000e-04 -2.89120000e-06 -8.56934000e-04 -8.48260000e-04
8.41947000e+01 -1.15639000e-03 -8.42737000e-04 -1.06286000e-06 -8.44863000e-04 -8.41674000e-04
8.42994000e+01 -1.16058000e-03 -8.36924000e-04 6.36978000e-07 -8.35650000e-04 -8.37561000e-04
8.44041000e+01 -1.16465000e-03 -8.33659000e-04 2.19954000e-06 -8.29260000e-04 -8.35859000e-04
8.45088000e+01 -1.16858000e-03 -8.32912000e-04 3.61311000e-06 -8.25685000e-04 -8.36525000e-04
8.46136000e+01 -1.17233000e-03 -8.34669000e-04 4.86203000e-06 -8.24945000e-04 -8.39531000e-04
8.47183000e+01 -1.17589000e-03 -8.38940000e-04 5.92548000e-06 -8.27089000e-04 -8.44866000e-04
8.48230000e+01 -1.17924000e-03 -8.45754000e-04 6.77618000e-06 -8.32201000e-04 -8.52530000e-04
8.49277000e+01 -1.18235000e-03 -8.55159000e-04 7.37868000e-06 -8.40402000e-04 -8.62538000e-04
8.50324000e+01 -1.18522000e-03 -8.67230000e-04 7.68734000e-06 -8.51855000e-04 -8.74917000e-04
8.51372000e+01 -1.18782000e-03 -8.82058000e-04 7.64387000e-06 -8.66770000e-04 -8.89702000e-04
8.52419000e+01 -1.19015000e-03 -8.99762000e-04 7.17419000e-06 -8.85413000e-04 -9.06936000e-04
8.53466000e+01 -1.19219000e-03 -9.20482000e-04 6.18455000e-06 -9.08113000e-04 -9.26667000e-04
8.54513000e+01 -1.19394000e-03 -9.44389000e-04 4.55667000e-06 -9.35275000e-04 -9.48945000e-04
8.55560000e+01 -1.19539000e-03 -9.71676000e-04 2.14159000e-06 -9.67393000e-04 -9.73818000e-04
8.56608000e+01 -1.19654000e-03 -1.00257000e-03 -1.24798000e-06 -1.00507000e-03 -1.00132000e-03
8.57655000e+01 -1.19739000e-03 -1.03734000e-03 -5.84733000e-06 -1.04903000e-03 -1.03149000e-03
8.58702000e+01 -1.19794000e-03 -1.07627000e-03 -1.19518000e-05 -1.10017000e-03 -1.06432000e-03
8.59749000e+01 -1.19819000e-03 -1.11971000e-03 -1.99322000e-05 -1.15958000e-03 -1.09978000e-03
8.60796000e+01 -1.19815000e-03 -1.16806000e-03 -3.02537000e-05 -1.22857000e-03 -1.13781000e-03
8.61844000e+01 -1.19783000e-03 -1.22178000e-03 -4.34997000e-05 -1.30878000e-03 -1.17828000e-03
8.62891000e+01 -1.19724000e-03 -1.28141000e-03 -6.04019000e-05 -1.40221000e-03 -1.22101000e-03
8.63938000e+01 -1.19639000e-03 -1.34760000e-03 -8.18777000e-05 -1.51135000e-03 -1.26572000e-03
8.64985000e+01 -1.19530000e-03 -1.42112000e-03 -1.09076000e-04 -1.63927000e-03 -1.31204000e-03
8.66032000e+01 -1.19397000e-03 -1.50294000e-03 -1.43435000e-04 -1.78981000e-03 -1.35950000e-03
8.67080000e+01 -1.19242000e-03 -1.59426000e-03 -1.86751000e-04 -1.96777000e-03 -1.40751000e-03
8.68127000e+01 -1.19068000e-03 -1.69662000e-03 -2.41262000e-04 -2.17915000e-03 -1.45536000e-03
8.69174000e+01 -1.18876000e-03 -1.81196000e-03 -3.09740000e-04 -2.43144000e-03 -1.50222000e-03
8.70221000e+01 -1.18668000e-03 -1.94276000e-03 -3.95589000e-04 -2.73394000e-03 -1.54717000e-03
8.71268000e+01 -1.18445000e-03 -2.09214000e-03 -5.02920000e-04 -3.09798000e-03 -1.58922000e-03
8.72316000e+01 -1.18212000e-03 -2.26391000e-03 -6.36552000e-04 -3.53702000e-03 -1.62736000e-03
8.73363000e+01 -1.17968000e-03 -2.46241000e-03 -8.01823000e-04 -4.06606000e-03 -1.66059000e-03
8.74410000e+01 -1.17717000e-03 -2.69198000e-03 -1.00398000e-03 -4.69995000e-03 -1.68800000e-03
8.75457000e+01 -1.17462000e-03 -2.95562000e-03 -1.24678000e-03 -5.44919000e-03 -1.70883000e-03
8.76504000e+01 -1.17203000e-03 -3.25224000e-03 -1.52972000e-03 -6.31167000e-03 -1.72253000e-03
8.77552000e+01 -1.16944000e-03 -3.57221000e-03 -1.84344000e-03 -7.25909000e-03 -1.72877000e-03
8.78599000e+01 -1.16686000e-03 -3.89165000e-03 -2.16414000e-03 -8.21993000e-03 -1.72751000e-03
8.79646000e+01 -1.16433000e-03 -4.16917000e-03 -2.45020000e-03 -9.06956000e-03 -1.71897000e-03
8.80693000e+01 -1.16186000e-03 -4.35169000e-03 -2.64806000e-03 -9.64782000e-03 -1.70363000e-03
8.81740000e+01 -1.15948000e-03 -4.39385000e-03 -2.71170000e-03 -9.81724000e-03 -1.68215000e-03
8.82788000e+01 -1.15721000e-03 -4.28202000e-03 -2.62665000e-03 -9.53531000e-03 -1.65537000e-03
8.83835000e+01 -1.15507000e-03 -4.04276000e-03 -2.41856000e-03 -8.87988000e-03 -1.62421000e-03
8.84882000e+01 -1.15308000e-03 -3.72725000e-03 -2.13763000e-03 -8.00251000e-03 -1.58962000e-03
8.85929000e+01 -1.15127000e-03 -3.38680000e-03 -1.83424000e-03 -7.05527000e-03 -1.55256000e-03
8.86976000e+01 -1.14966000e-03 -3.05778000e-03 -1.54387000e-03 -6.14552000e-03 -1.51392000e-03
8.88024000e+01 -1.14827000e-03 -2.75953000e-03 -1.28503000e-03 -5.32959000e-03 -1.47449000e-03
8.89071000e+01 -1.14711000e-03 -2.49881000e-03 -1.06380000e-03 -4.62641000e-03 -1.43501000e-03
8.90118000e+01 -1.14621000e-03 -2.27529000e-03 -8.79232000e-04 -4.03376000e-03 -1.39606000e-03
8.91165000e+01 -1.14559000e-03 -2.08540000e-03 -7.27250000e-04 -3.53990000e-03 -1.35815000e-03
8.92212000e+01 -1.14526000e-03 -1.92454000e-03 -6.02874000e-04 -3.13029000e-03 -1.32167000e-03
8.93260000e+01 -1.14525000e-03 -1.78822000e-03 -5.01294000e-04 -2.79081000e-03 -1.28693000e-03
8.94307000e+01 -1.14556000e-03 -1.67245000e-03 -4.18298000e-04 -2.50905000e-03 -1.25415000e-03
8.95354000e+01 -1.14622000e-03 -1.57389000e-03 -3.50372000e-04 -2.27463000e-03 -1.22351000e-03
8.96401000e+01 -1.14724000e-03 -1.48977000e-03 -2.94662000e-04 -2.07910000e-03 -1.19511000e-03
8.97448000e+01 -1.14863000e-03 -1.41790000e-03 -2.48883000e-04 -1.91566000e-03 -1.16901000e-03
8.98495000e+01 -1.15041000e-03 -1.35647000e-03 -2.11218000e-04 -1.77890000e-03 -1.14525000e-03
8.99543000e+01 -1.15259000e-03 -1.30406000e-03 -1.80234000e-04 -1.66452000e-03 -1.12382000e-03
9.00590000e+01 -1.15518000e-03 -1.25952000e-03 -1.54802000e-04 -1.56912000e-03 -1.10472000e-03
9.01637000e+01 -1.15818000e-03 -1.22195000e-03 -1.34043000e-04 -1.49003000e-03 -1.08790000e-03
9.02684000e+01 -1.16161000e-03 -1.19062000e-03 -1.17274000e-04 -1.42516000e-03 -1.07334000e-03
9.03731000e+01 -1.16547000e-03 -1.16497000e-03 -1.03977000e-04 -1.37292000e-03 -1.06099000e-03
9.04779000e+01 -1.16976000e-03 -1.14458000e-03 -9.37738000e-05 -1.33213000e-03 -1.05081000e-03
9.05826000e+01 -1.17449000e-03 -1.12914000e-03 -8.64071000e-05 -1.30196000e-03 -1.04274000e-03
9.06873000e+01 -1.17965000e-03 -1.11846000e-03 -8.17308000e-05 -1.28192000e-03 -1.03673000e-03
9.07920000e+01 -1.18525000e-03 -1.11245000e-03 -7.97086000e-05 -1.27187000e-03 -1.03274000e-03
9.08967000e+01 -1.19128000e-03 -1.11115000e-03 -8.04196000e-05 -1.27199000e-03 -1.03073000e-03
9.10015000e+01 -1.19772000e-03 -1.11472000e-03 -8.40750000e-05 -1.28287000e-03 -1.03065000e-03
9.11062000e+01 -1.20458000e-03 -1.12349000e-03 -9.10488000e-05 -1.30559000e-03 -1.03244000e-03
9.12109000e+01 -1.21183000e-03 -1.13801000e-03 -1.01930000e-04 -1.34187000e-03 -1.03608000e-03
9.13156000e+01 -1.21945000e-03 -1.15911000e-03 -1.17607000e-04 -1.39432000e-03 -1.04150000e-03
9.14203000e+01 -1.22743000e-03 -1.18808000e-03 -1.39418000e-04 -1.46692000e-03 -1.04867000e-03
9.15251000e+01 -1.23574000e-03 -1.22691000e-03 -1.69398000e-04 -1.56571000e-03 -1.05752000e-03
9.16298000e+01 -1.24435000e-03 -1.27873000e-03 -2.10743000e-04 -1.70022000e-03 -1.06799000e-03
9.17345000e+01 -1.25323000e-03 -1.34872000e-03 -2.68704000e-04 -1.88612000e-03 -1.08001000e-03
9.18392000e+01 -1.26233000e-03 -1.44599000e-03 -3.52487000e-04 -2.15096000e-03 -1.09350000e-03
9.19439000e+01 -1.27162000e-03 -1.58811000e-03 -4.79748000e-04 -2.54760000e-03 -1.10836000e-03
9.20487000e+01 -1.28105000e-03 -1.81355000e-03 -6.89078000e-04 -3.19170000e-03 -1.12447000e-03
9.21534000e+01 -1.29056000e-03 -2.22565000e-03 -1.08396000e-03 -4.39358000e-03 -1.14169000e-03
9.22581000e+01 -1.30010000e-03 -3.22778000e-03 -2.06792000e-03 -7.36362000e-03 -1.15987000e-03
9.23628000e+01 -1.30960000e-03 -9.47362000e-03 -8.29481000e-03 -2.60632000e-02 -1.17881000e-03
9.24675000e+01 -1.31901000e-03 4.39490000e-03 5.59320000e-03 1.55813000e-02 -1.19830000e-03
9.25723000e+01 -1.32826000e-03 1.13422000e-03 2.35232000e-03 5.83886000e-03 -1.21810000e-03
9.26770000e+01 -1.33727000e-03 3.55623000e-04 1.59356000e-03 3.54273000e-03 -1.23793000e-03
9.27817000e+01 -1.34597000e-03 2.32460000e-06 1.25983000e-03 2.52198000e-03 -1.25750000e-03
9.28864000e+01 -1.35428000e-03 -2.01590000e-04 1.07490000e-03 1.94821000e-03 -1.27649000e-03
9.29911000e+01 -1.36214000e-03 -3.35486000e-04 9.59061000e-04 1.58264000e-03 -1.29455000e-03
9.30959000e+01 -1.36947000e-03 -4.30621000e-04 8.80708000e-04 1.33079000e-03 -1.31133000e-03
9.32006000e+01 -1.37619000e-03 -5.01716000e-04 8.24769000e-04 1.14782000e-03 -1.32648000e-03
9.33053000e+01 -1.38225000e-03 -5.56549000e-04 7.83126000e-04 1.00970000e-03 -1.33967000e-03
9.34100000e+01 -1.38757000e-03 -5.99582000e-04 7.51001000e-04 9.02420000e-04 -1.35058000e-03
9.35147000e+01 -1.39209000e-03 -6.33536000e-04 7.25397000e-04 8.17258000e-04 -1.35893000e-03
9.36195000e+01 -1.39577000e-03 -6.60157000e-04 7.04336000e-04 7.48515000e-04 -1.36449000e-03
9.37242000e+01 -1.39856000e-03 -6.80627000e-04 6.86469000e-04 6.92310000e-04 -1.36710000e-03
9.38289000e+01 -1.40043000e-03 -6.95786000e-04 6.70853000e-04 6.45919000e-04 -1.36664000e-03
9.39336000e+01 -1.40136000e-03 -7.06272000e-04 6.56825000e-04 6.07377000e-04 -1.36310000e-03
9.40383000e+01 -1.40133000e-03 -7.12601000e-04 6.43918000e-04 5.75235000e-04 -1.35652000e-03
9.41431000e+01 -1.40034000e-03 -7.15213000e-04 6.31811000e-04 5.48408000e-04 -1.34702000e-03
9.42478000e+01 -1.39841000e-03 -7.14509000e-04 6.20293000e-04 5.26076000e-04 -1.33480000e-03
9.43525000e+01 -1.39555000e-03 -7.10861000e-04 6.09235000e-04 5.07609000e-04 -1.32010000e-03
9.44572000e+01 -1.39181000e-03 -7.04621000e-04 5.98573000e-04 4.92525000e-04 -1.30319000e-03
9.45619000e+01 -1.38722000e-03 -6.96126000e-04 5.88291000e-04 4.80456000e-04 -1.28442000e-03
9.46667000e+01 -1.38184000e-03 -6.85696000e-04 5.78410000e-04 4.71124000e-04 -1.26411000e-03
9.47714000e+01 -1.37573000e-03 -6.73628000e-04 5.68978000e-04 4.64327000e-04 -1.24261000e-03
9.48761000e+01 -1.36896000e-03 -6.60197000e-04 5.60062000e-04 4.59927000e-04 -1.22026000e-03
9.49808000e+01 -1.36162000e-03 -6.45648000e-04 5.51744000e-04 4.57840000e-04 -1.19739000e-03
9.50855000e+01 -1.35379000e-03 -6.30195000e-04 5.44117000e-04 4.58039000e-04 -1.17431000e-03
9.51903000e+01 -1.34555000e-03 -6.14017000e-04 5.37282000e-04 4.60546000e-04 -1.15130000e-03
9.52950000e+01 -1.33699000e-03 -5.97256000e-04 5.31348000e-04 4.65439000e-04 -1.12860000e-03
9.53997000e+01 -1.32821000e-03 -5.80015000e-04 5.26434000e-04 4.72853000e-04 -1.10645000e-03
9.55044000e+01 -1.31930000e-03 -5.62352000e-04 5.22672000e-04 4.82992000e-04 -1.08502000e-03
9.56091000e+01 -1.31034000e-03 -5.44280000e-04 5.20210000e-04 4.96140000e-04 -1.06449000e-03
9.57139000e+01 -1.30144000e-03 -5.25763000e-04 5.19222000e-04 5.12681000e-04 -1.04498000e-03
9.58186000e+01 -1.29267000e-03 -5.06702000e-04 5.19915000e-04 5.33129000e-04 -1.02662000e-03
9.59233000e+01 -1.28411000e-03 -4.86929000e-04 5.22548000e-04 5.58166000e-04 -1.00948000e-03
9.60280000e+01 -1.27586000e-03 -4.66188000e-04 5.27447000e-04 5.88707000e-04 -9.93635000e-04
9.61327000e+01 -1.26797000e-03 -4.44102000e-04 5.35045000e-04 6.25988000e-04 -9.79147000e-04
9.62375000e+01 -1.26053000e-03 -4.20133000e-04 5.45922000e-04 6.71710000e-04 -9.66055000e-04
9.63422000e+01 -1.25361000e-03 -3.93504000e-04 5.60887000e-04 7.28269000e-04 -9.54391000e-04
9.64469000e+01 -1.24725000e-03 -3.63077000e-04 5.81102000e-04 7.99127000e-04 -9.44178000e-04
9.65516000e+01 -1.24153000e-03 -3.27134000e-04 6.08302000e-04 8.89470000e-04 -9.35436000e-04
9.66563000e+01 -1.23648000e-03 -2.82980000e-04 6.45198000e-04 1.00742000e-03 -9.28178000e-04
9.67611000e+01 -1.23217000e-03 -2.26142000e-04 6.96272000e-04 1.16640000e-03 -9.22414000e-04
9.68658000e+01 -1.22863000e-03 -1.48646000e-04 7.69508000e-04 1.39037000e-03 -9.18154000e-04
9.69705000e+01 -1.22590000e-03 -3.47807000e-05 8.80628000e-04 1.72648000e-03 -9.15409000e-04
9.70752000e+01 -1.22402000e-03 1.51268000e-04 1.06545000e-03 2.28218000e-03 -9.14186000e-04
9.71799000e+01 -1.22301000e-03 5.12598000e-04 1.42710000e-03 3.36679000e-03 -9.14498000e-04
9.72847000e+01 -1.22291000e-03 1.51731000e-03 2.43367000e-03 6.38465000e-03 -9.16358000e-04
9.73894000e+01 -1.22374000e-03 1.80358000e-02 1.89556000e-02 5.59469000e-02 -9.19779000e-04
9.74941000e+01 -1.22550000e-03 -3.43227000e-03 -2.50749000e-03 -8.44724000e-03 -9.24779000e-04
9.75988000e+01 -1.22822000e-03 -1.94727000e-03 -1.01589000e-03 -3.97905000e-03 -9.31377000e-04
9.77035000e+01 -1.23191000e-03 -1.50327000e-03 -5.63680000e-04 -2.63063000e-03 -9.39595000e-04
9.78083000e+01 -1.23656000e-03 -1.29423000e-03 -3.44769000e-04 -1.98376000e-03 -9.49456000e-04
9.79130000e+01 -1.24218000e-03 -1.17615000e-03 -2.15166000e-04 -1.60648000e-03 -9.60983000e-04
9.80177000e+01 -1.24876000e-03 -1.10320000e-03 -1.29001000e-04 -1.36120000e-03 -9.74201000e-04
9.81224000e+01 -1.25628000e-03 -1.05625000e-03 -6.71182000e-05 -1.19049000e-03 -9.89135000e-04
9.82271000e+01 -1.26472000e-03 -1.02591000e-03 -2.01024000e-05 -1.06611000e-03 -1.00581000e-03
9.83319000e+01 -1.27404000e-03 -1.00702000e-03 1.72082000e-05 -9.72607000e-04 -1.02423000e-03
9.84366000e+01 -1.28422000e-03 -9.96552000e-04 4.78750000e-05 -9.00802000e-04 -1.04443000e-03
9.85413000e+01 -1.29520000e-03 -9.92573000e-04 7.38224000e-05 -8.44928000e-04 -1.06640000e-03
9.86460000e+01 -1.30691000e-03 -9.93818000e-04 9.63134000e-05 -8.01192000e-04 -1.09013000e-03
9.87507000e+01 -1.31929000e-03 -9.99413000e-04 1.16203000e-04 -7.67007000e-04 -1.11562000e-03
9.88554000e+01 -1.33225000e-03 -1.00873000e-03 1.34080000e-04 -7.40570000e-04 -1.14281000e-03
9.89602000e+01 -1.34569000e-03 -1.02130000e-03 1.50353000e-04 -7.20596000e-04 -1.17165000e-03
9.90649000e+01 -1.35948000e-03 -1.03676000e-03 1.65300000e-04 -7.06162000e-04 -1.20206000e-03
9.91696000e+01 -1.37351000e-03 -1.05481000e-03 1.79102000e-04 -6.96608000e-04 -1.23391000e-03
9.92743000e+01 -1.38762000e-03 -1.07519000e-03 1.91864000e-04 -6.91467000e-04 -1.26706000e-03
9.93790000e+01 -1.40164000e-03 -1.09767000e-03 2.03625000e-04 -6.90424000e-04 -1.30130000e-03
9.94838000e+01 -1.41540000e-03 -1.12202000e-03 2.14372000e-04 -6.93281000e-04 -1.33640000e-03
9.95885000e+01 -1.42871000e-03 -1.14802000e-03 2.24038000e-04 -6.99944000e-04 -1.37206000e-03
9.96932000e+01 -1.44137000e-03 -1.17544000e-03 2.32514000e-04 -7.10408000e-04 -1.40795000e-03
9.97979000e+01 -1.45316000e-03 -1.20403000e-03 2.39644000e-04 -7.24746000e-04 -1.44368000e-03
9.99026000e+01 -1.46387000e-03 -1.23358000e-03 2.45234000e-04 -7.43110000e-04 -1.47881000e-03
1.00007000e+02 -1.47328000e-03 -1.26382000e-03 2.49046000e-04 -7.65731000e-04 -1.51287000e-03
1.00112000e+02 -1.48119000e-03 -1.29454000e-03 2.50811000e-04 -7.92914000e-04 -1.54535000e-03
1.00217000e+02 -1.48738000e-03 -1.32550000e-03 2.50223000e-04 -8.25052000e-04 -1.57572000e-03
1.00322000e+02 -1.49169000e-03 -1.35652000e-03 2.46947000e-04 -8.62623000e-04 -1.60346000e-03
1.00426000e+02 -1.49395000e-03 -1.38745000e-03 2.40624000e-04 -9.06199000e-04 -1.62807000e-03
1.00531000e+02 -1.49404000e-03 -1.41820000e-03 2.30875000e-04 -9.56453000e-04 -1.64908000e-03
1.00636000e+02 -1.49185000e-03 -1.44878000e-03 2.17307000e-04 -1.01416000e-03 -1.66608000e-03
1.00740000e+02 -1.48733000e-03 -1.47925000e-03 1.99520000e-04 -1.08021000e-03 -1.67877000e-03
1.00845000e+02 -1.48047000e-03 -1.50980000e-03 1.77115000e-04 -1.15557000e-03 -1.68691000e-03
1.00950000e+02 -1.47129000e-03 -1.54070000e-03 1.49708000e-04 -1.24128000e-03 -1.69041000e-03
1.01055000e+02 -1.45987000e-03 -1.57232000e-03 1.16944000e-04 -1.33843000e-03 -1.68926000e-03
1.01159000e+02 -1.44630000e-03 -1.60506000e-03 7.85268000e-05 -1.44801000e-03 -1.68359000e-03
1.01264000e+02 -1.43075000e-03 -1.63936000e-03 3.42628000e-05 -1.57084000e-03 -1.67362000e-03
1.01369000e+02 -1.41338000e-03 -1.67557000e-03 -1.58750000e-05 -1.70732000e-03 -1.65969000e-03
1.01473000e+02 -1.39441000e-03 -1.71385000e-03 -7.16507000e-05 -1.85715000e-03 -1.64220000e-03
1.01578000e+02 -1.37405000e-03 -1.75403000e-03 -1.32438000e-04 -2.01890000e-03 -1.62159000e-03
1.01683000e+02 -1.35256000e-03 -1.79543000e-03 -1.97067000e-04 -2.18956000e-03 -1.59836000e-03
1.01788000e+02 -1.33016000e-03 -1.83670000e-03 -2.63669000e-04 -2.36404000e-03 -1.57303000e-03
1.01892000e+02 -1.30712000e-03 -1.87568000e-03 -3.29579000e-04 -2.53484000e-03 -1.54610000e-03
1.01997000e+02 -1.28366000e-03 -1.90943000e-03 -3.91371000e-04 -2.69217000e-03 -1.51806000e-03
1.02102000e+02 -1.26004000e-03 -1.93448000e-03 -4.45117000e-04 -2.82471000e-03 -1.48936000e-03
1.02206000e+02 -1.23645000e-03 -1.94736000e-03 -4.86915000e-04 -2.92119000e-03 -1.46044000e-03
1.02311000e+02 -1.21312000e-03 -1.94528000e-03 -5.13601000e-04 -2.97248000e-03 -1.43167000e-03
1.02416000e+02 -1.19023000e-03 -1.92684000e-03 -5.23446000e-04 -2.97374000e-03 -1.40340000e-03
1.02521000e+02 -1.16795000e-03 -1.89245000e-03 -5.16552000e-04 -2.92556000e-03 -1.37590000e-03
1.02625000e+02 -1.14644000e-03 -1.84422000e-03 -4.94784000e-04 -2.83379000e-03 -1.34944000e-03
1.02730000e+02 -1.12583000e-03 -1.78549000e-03 -4.61265000e-04 -2.70802000e-03 -1.32422000e-03
1.02835000e+02 -1.10624000e-03 -1.72009000e-03 -4.19664000e-04 -2.55942000e-03 -1.30043000e-03
1.02940000e+02 -1.08779000e-03 -1.65173000e-03 -3.73529000e-04 -2.39879000e-03 -1.27820000e-03
1.03044000e+02 -1.07055000e-03 -1.58351000e-03 -3.25849000e-04 -2.23521000e-03 -1.25766000e-03
1.03149000e+02 -1.05463000e-03 -1.51777000e-03 -2.78865000e-04 -2.07550000e-03 -1.23890000e-03
1.03254000e+02 -1.04009000e-03 -1.45610000e-03 -2.34076000e-04 -1.92425000e-03 -1.22202000e-03
1.03358000e+02 -1.02700000e-03 -1.39945000e-03 -1.92358000e-04 -1.78416000e-03 -1.20709000e-03
1.03463000e+02 -1.01542000e-03 -1.34827000e-03 -1.54114000e-04 -1.65650000e-03 -1.19416000e-03
1.03568000e+02 -1.00542000e-03 -1.30272000e-03 -1.19421000e-04 -1.54156000e-03 -1.18330000e-03
1.03673000e+02 -9.97055000e-04 -1.26271000e-03 -8.81452000e-05 -1.43900000e-03 -1.17456000e-03
1.03777000e+02 -9.90391000e-04 -1.22805000e-03 -6.00341000e-05 -1.34812000e-03 -1.16802000e-03
1.03882000e+02 -9.85497000e-04 -1.19850000e-03 -3.47741000e-05 -1.26805000e-03 -1.16373000e-03
1.03987000e+02 -9.82447000e-04 -1.17381000e-03 -1.20305000e-05 -1.19787000e-03 -1.16178000e-03
1.04091000e+02 -9.81327000e-04 -1.15373000e-03 8.52907000e-06 -1.13667000e-03 -1.16226000e-03
1.04196000e+02 -9.82235000e-04 -1.13805000e-03 2.72215000e-05 -1.08361000e-03 -1.16527000e-03
1.04301000e+02 -9.85286000e-04 -1.12662000e-03 4.43418000e-05 -1.03793000e-03 -1.17096000e-03
1.04406000e+02 -9.90613000e-04 -1.11930000e-03 6.01620000e-05 -9.98977000e-04 -1.17946000e-03
1.04510000e+02 -9.98375000e-04 -1.11605000e-03 7.49315000e-05 -9.66183000e-04 -1.19098000e-03
1.04615000e+02 -1.00876000e-03 -1.11685000e-03 8.88799000e-05 -9.39087000e-04 -1.20573000e-03
1.04720000e+02 -1.02199000e-03 -1.12176000e-03 1.02221000e-04 -9.17317000e-04 -1.22398000e-03
1.04824000e+02 -1.03834000e-03 -1.13091000e-03 1.15155000e-04 -9.00596000e-04 -1.24606000e-03
1.04929000e+02 -1.05813000e-03 -1.14449000e-03 1.27876000e-04 -8.88737000e-04 -1.27236000e-03
1.05034000e+02 -1.08174000e-03 -1.16280000e-03 1.40575000e-04 -8.81646000e-04 -1.30337000e-03
1.05139000e+02 -1.10967000e-03 -1.18621000e-03 1.53445000e-04 -8.79323000e-04 -1.33966000e-03
1.05243000e+02 -1.14248000e-03 -1.21526000e-03 1.66691000e-04 -8.81875000e-04 -1.38195000e-03
1.05348000e+02 -1.18090000e-03 -1.25059000e-03 1.80531000e-04 -8.89524000e-04 -1.43112000e-03
1.05453000e+02 -1.22582000e-03 -1.29306000e-03 1.95215000e-04 -9.02631000e-04 -1.48827000e-03
1.05558000e+02 -1.27837000e-03 -1.34378000e-03 2.11026000e-04 -9.21723000e-04 -1.55480000e-03
1.05662000e+02 -1.33999000e-03 -1.40416000e-03 2.28309000e-04 -9.47542000e-04 -1.63247000e-03
1.05767000e+02 -1.41253000e-03 -1.47607000e-03 2.47485000e-04 -9.81104000e-04 -1.72356000e-03
1.05872000e+02 -1.49842000e-03 -1.56198000e-03 2.69089000e-04 -1.02380000e-03 -1.83107000e-03
1.05976000e+02 -1.60092000e-03 -1.66519000e-03 2.93818000e-04 -1.07756000e-03 -1.95901000e-03
1.06081000e+02 -1.72448000e-03 -1.79025000e-03 3.22610000e-04 -1.14503000e-03 -2.11286000e-03
1.06186000e+02 -1.87533000e-03 -1.94354000e-03 3.56767000e-04 -1.23000000e-03 -2.30030000e-03
1.06291000e+02 -2.06252000e-03 -2.13432000e-03 3.98155000e-04 -1.33801000e-03 -2.53248000e-03
1.06395000e+02 -2.29961000e-03 -2.37653000e-03 4.49567000e-04 -1.47740000e-03 -2.82610000e-03
1.06500000e+02 -2.60795000e-03 -2.69210000e-03 5.15386000e-04 -1.66133000e-03 -3.20748000e-03
1.06605000e+02 -3.02319000e-03 -3.11766000e-03 6.02922000e-04 -1.91182000e-03 -3.72059000e-03
1.06709000e+02 -3.60961000e-03 -3.71933000e-03 7.25358000e-04 -2.26862000e-03 -4.44469000e-03
1.06814000e+02 -4.49607000e-03 -4.62968000e-03 9.09163000e-04 -2.81135000e-03 -5.53884000e-03
1.06919000e+02 -5.98434000e-03 -6.15929000e-03 1.21649000e-03 -3.72631000e-03 -7.37578000e-03
1.07024000e+02 -8.98509000e-03 -9.24632000e-03 1.83595000e-03 -5.57442000e-03 -1.10823000e-02
1.07128000e+02 -1.81179000e-02 -1.86589000e-02 3.73743000e-03 -1.11841000e-02 -2.23963000e-02
1.07233000e+02 1.00000000e+00 1.00196000e+00 3.18260000e-02 1.06561000e+00 9.70134000e-01
