# k S000 S110 S112 S10 S11
1.04720000e-01 8.65070000e-02 5.97830000e-03 -7.40425000e-02 8.57893000e-01 1.08002000e+00
2.09440000e-01 8.67301000e-02 5.92096000e-03 -7.38151000e-02 8.58291000e-01 1.07974000e+00
3.14159000e-01 8.71034000e-02 5.82619000e-03 -7.34370000e-02 8.58952000e-01 1.07926000e+00
4.18879000e-01 8.76291000e-02 5.69517000e-03 -7.29099000e-02 8.59875000e-01 1.07861000e+00
5.23599000e-01 8.83104000e-02 5.52953000e-03 -7.22358000e-02 8.61058000e-01 1.07777000e+00
6.28319000e-01 8.91514000e-02 5.33132000e-03 -7.14174000e-02 8.62496000e-01 1.07675000e+00
7.33038000e-01 9.01572000e-02 5.10295000e-03 -7.04582000e-02 8.64187000e-01 1.07556000e+00
8.37758000e-01 9.13341000e-02 4.84722000e-03 -6.93618000e-02 8.66124000e-01 1.07421000e+00
9.42478000e-01 9.26893000e-02 4.56722000e-03 -6.81328000e-02 8.68302000e-01 1.07270000e+00
1.04720000e+00 9.42313000e-02 4.26628000e-03 -6.67761000e-02 8.70714000e-01 1.07104000e+00
1.15192000e+00 9.59702000e-02 3.94795000e-03 -6.52971000e-02 8.73354000e-01 1.06925000e+00
1.25664000e+00 9.79172000e-02 3.61595000e-03 -6.37017000e-02 8.76213000e-01 1.06732000e+00
1.36136000e+00 1.00085000e-01 3.27406000e-03 -6.19962000e-02 8.79282000e-01 1.06527000e+00
1.46608000e+00 1.02489000e-01 2.92612000e-03 -6.01876000e-02 8.82551000e-01 1.06311000e+00
1.57080000e+00 1.05145000e-01 2.57596000e-03 -5.82828000e-02 8.86010000e-01 1.06086000e+00
1.67552000e+00 1.08072000e-01 2.22730000e-03 -5.62896000e-02 8.89648000e-01 1.05852000e+00
1.78024000e+00 1.11291000e-01 1.88379000e-03 -5.42157000e-02 8.93452000e-01 1.05610000e+00
1.88496000e+00 1.14826000e-01 1.54885000e-03 -5.20694000e-02 8.97410000e-01 1.05362000e+00
1.98968000e+00 1.18704000e-01 1.22572000e-03 -4.98590000e-02 9.01508000e-01 1.05108000e+00
2.09440000e+00 1.22955000e-01 9.17340000e-04 -4.75932000e-02 9.05731000e-01 1.04851000e+00
2.19911000e+00 1.27613000e-01 6.26381000e-04 -4.52809000e-02 9.10065000e-01 1.04591000e+00
2.30383000e+00 1.32716000e-01 3.55166000e-04 -4.29311000e-02 9.14493000e-01 1.04329000e+00
2.40855000e+00 1.38309000e-01 1.05665000e-04 -4.05529000e-02 9.19000000e-01 1.04066000e+00
2.51327000e+00 1.44438000e-01 -1.20526000e-04 -3.81554000e-02 9.23569000e-01 1.03803000e+00
2.61799000e+00 1.51161000e-01 -3.22198000e-04 -3.57479000e-02 9.28182000e-01 1.03543000e+00
2.72271000e+00 1.58538000e-01 -4.98531000e-04 -3.33396000e-02 9.32822000e-01 1.03284000e+00
2.82743000e+00 1.66641000e-01 -6.49094000e-04 -3.09395000e-02 9.37472000e-01 1.03029000e+00
2.93215000e+00 1.75550000e-01 -7.73837000e-04 -2.85568000e-02 9.42113000e-01 1.02778000e+00
3.03687000e+00 1.85354000e-01 -8.73078000e-04 -2.62001000e-02 9.46727000e-01 1.02533000e+00
3.14159000e+00 1.96157000e-01 -9.47476000e-04 -2.38783000e-02 9.51296000e-01 1.02293000e+00
3.24631000e+00 2.08076000e-01 -9.98015000e-04 -2.15996000e-02 9.55803000e-01 1.02060000e+00
3.35103000e+00 2.21241000e-01 -1.02596000e-03 -1.93722000e-02 9.60230000e-01 1.01835000e+00
3.45575000e+00 2.35804000e-01 -1.03285000e-03 -1.72037000e-02 9.64560000e-01 1.01617000e+00
3.56047000e+00 2.51933000e-01 -1.02042000e-03 -1.51016000e-02 9.68776000e-01 1.01408000e+00
3.66519000e+00 2.69820000e-01 -9.90578000e-04 -1.30726000e-02 9.72864000e-01 1.01208000e+00
3.76991000e+00 2.89683000e-01 -9.45393000e-04 -1.11233000e-02 9.76808000e-01 1.01018000e+00
3.87463000e+00 3.11765000e-01 -8.87008000e-04 -9.25935000e-03 9.80594000e-01 1.00837000e+00
3.97935000e+00 3.36339000e-01 -8.17620000e-04 -7.48619000e-03 9.84210000e-01 1.00667000e+00
4.08407000e+00 3.63709000e-01 -7.39436000e-04 -5.80846000e-03 9.87644000e-01 1.00507000e+00
4.18879000e+00 3.94208000e-01 -6.54631000e-04 -4.23022000e-03 9.90885000e-01 1.00358000e+00
4.29351000e+00 4.28199000e-01 -5.65318000e-04 -2.75486000e-03 9.93925000e-01 1.00219000e+00
4.39823000e+00 4.66069000e-01 -4.73506000e-04 -1.38511000e-03 9.96756000e-01 1.00091000e+00
4.50295000e+00 5.08220000e-01 -3.81077000e-04 -1.23015000e-04 9.99373000e-01 9.99742000e-01
4.60767000e+00 5.55052000e-01 -2.89758000e-04 1.03010000e-03 1.00177000e+00 9.98680000e-01
4.71239000e+00 6.06941000e-01 -2.01105000e-04 2.07358000e-03 1.00395000e+00 9.97725000e-01
4.81711000e+00 6.64201000e-01 -1.16481000e-04 3.00749000e-03 1.00590000e+00 9.96876000e-01
4.92183000e+00 7.27030000e-01 -3.70499000e-05 3.83254000e-03 1.00763000e+00 9.96130000e-01
5.02655000e+00 7.95451000e-01 3.62278000e-05 4.55011000e-03 1.00914000e+00 9.95486000e-01
5.13127000e+00 8.69222000e-01 1.02599000e-04 5.16221000e-03 1.01043000e+00 9.94940000e-01
5.23599000e+00 9.47743000e-01 1.61513000e-04 5.67148000e-03 1.01150000e+00 9.94490000e-01
5.34071000e+00 1.02996000e+00 2.12613000e-04 6.08108000e-03 1.01237000e+00 9.94132000e-01
5.44543000e+00 1.11428000e+00 2.55726000e-04 6.39474000e-03 1.01305000e+00 9.93861000e-01
5.55015000e+00 1.19856000e+00 2.90847000e-04 6.61665000e-03 1.01352000e+00 9.93674000e-01
5.65487000e+00 1.28011000e+00 3.18125000e-04 6.75142000e-03 1.01382000e+00 9.93567000e-01
5.75959000e+00 1.35589000e+00 3.37842000e-04 6.80408000e-03 1.01395000e+00 9.93534000e-01
5.86431000e+00 1.42275000e+00 3.50393000e-04 6.77996000e-03 1.01391000e+00 9.93570000e-01
5.96903000e+00 1.47778000e+00 3.56267000e-04 6.68469000e-03 1.01373000e+00 9.93672000e-01
6.07375000e+00 1.51871000e+00 3.56029000e-04 6.52411000e-03 1.01340000e+00 9.93832000e-01
6.17847000e+00 1.54415000e+00 3.50294000e-04 6.30422000e-03 1.01296000e+00 9.94046000e-01
6.28319000e+00 1.55386000e+00 3.39711000e-04 6.03117000e-03 1.01240000e+00 9.94309000e-01
6.38791000e+00 1.54863000e+00 3.24949000e-04 5.71114000e-03 1.01175000e+00 9.94614000e-01
6.49262000e+00 1.53014000e+00 3.06675000e-04 5.35034000e-03 1.01101000e+00 9.94956000e-01
6.59734000e+00 1.50066000e+00 2.85541000e-04 4.95492000e-03 1.01020000e+00 9.95331000e-01
6.70206000e+00 1.46273000e+00 2.62177000e-04 4.53099000e-03 1.00932000e+00 9.95731000e-01
6.80678000e+00 1.41887000e+00 2.37173000e-04 4.08450000e-03 1.00841000e+00 9.96153000e-01
6.91150000e+00 1.37137000e+00 2.11078000e-04 3.62125000e-03 1.00745000e+00 9.96590000e-01
7.01622000e+00 1.32218000e+00 1.84391000e-04 3.14683000e-03 1.00648000e+00 9.97038000e-01
7.12094000e+00 1.27287000e+00 1.57555000e-04 2.66661000e-03 1.00549000e+00 9.97491000e-01
7.22566000e+00 1.22464000e+00 1.30963000e-04 2.18569000e-03 1.00450000e+00 9.97945000e-01
7.33038000e+00 1.17836000e+00 1.04947000e-04 1.70886000e-03 1.00352000e+00 9.98396000e-01
7.43510000e+00 1.13459000e+00 7.97886000e-05 1.24063000e-03 1.00256000e+00 9.98839000e-01
7.53982000e+00 1.09372000e+00 5.57173000e-05 7.85141000e-04 1.00163000e+00 9.99271000e-01
7.64454000e+00 1.05593000e+00 3.29142000e-05 3.46219000e-04 1.00073000e+00 9.99687000e-01
7.74926000e+00 1.02130000e+00 1.15170000e-05 -7.26907000e-05 9.99866000e-01 1.00008000e+00
7.85398000e+00 9.89815000e-01 -8.37534000e-06 -4.68507000e-04 9.99055000e-01 1.00046000e+00
7.95870000e+00 9.61407000e-01 -2.66975000e-05 -8.38525000e-04 9.98296000e-01 1.00081000e+00
8.06342000e+00 9.35969000e-01 -4.34128000e-05 -1.18042000e-03 9.97596000e-01 1.00114000e+00
8.16814000e+00 9.13374000e-01 -5.85076000e-05 -1.49224000e-03 9.96957000e-01 1.00143000e+00
8.27286000e+00 8.93484000e-01 -7.19873000e-05 -1.77242000e-03 9.96383000e-01 1.00170000e+00
8.37758000e+00 8.76161000e-01 -8.38711000e-05 -2.01976000e-03 9.95877000e-01 1.00194000e+00
8.48230000e+00 8.61268000e-01 -9.41889000e-05 -2.23342000e-03 9.95439000e-01 1.00214000e+00
8.58702000e+00 8.48675000e-01 -1.02977000e-04 -2.41291000e-03 9.95071000e-01 1.00231000e+00
8.69174000e+00 8.38261000e-01 -1.10278000e-04 -2.55809000e-03 9.94774000e-01 1.00245000e+00
8.79646000e+00 8.29912000e-01 -1.16134000e-04 -2.66914000e-03 9.94546000e-01 1.00255000e+00
8.90118000e+00 8.23525000e-01 -1.20589000e-04 -2.74655000e-03 9.94386000e-01 1.00263000e+00
9.00590000e+00 8.19004000e-01 -1.23689000e-04 -2.79111000e-03 9.94294000e-01 1.00267000e+00
9.11062000e+00 8.16264000e-01 -1.25478000e-04 -2.80387000e-03 9.94267000e-01 1.00268000e+00
9.21534000e+00 8.15225000e-01 -1.25999000e-04 -2.78614000e-03 9.94302000e-01 1.00266000e+00
9.32006000e+00 8.15813000e-01 -1.25298000e-04 -2.73946000e-03 9.94396000e-01 1.00261000e+00
9.42478000e+00 8.17959000e-01 -1.23421000e-04 -2.66559000e-03 9.94545000e-01 1.00254000e+00
9.52950000e+00 8.21599000e-01 -1.20416000e-04 -2.56644000e-03 9.94747000e-01 1.00245000e+00
9.63422000e+00 8.26669000e-01 -1.16336000e-04 -2.44412000e-03 9.94995000e-01 1.00233000e+00
9.73894000e+00 8.33107000e-01 -1.11237000e-04 -2.30084000e-03 9.95287000e-01 1.00219000e+00
9.84366000e+00 8.40849000e-01 -1.05181000e-04 -2.13896000e-03 9.95617000e-01 1.00203000e+00
9.94838000e+00 8.49830000e-01 -9.82378000e-05 -1.96089000e-03 9.95980000e-01 1.00186000e+00
1.00531000e+01 8.59977000e-01 -9.04831000e-05 -1.76912000e-03 9.96371000e-01 1.00168000e+00
1.01578000e+01 8.71213000e-01 -8.20009000e-05 -1.56617000e-03 9.96786000e-01 1.00148000e+00
1.02625000e+01 8.83455000e-01 -7.28827000e-05 -1.35456000e-03 9.97218000e-01 1.00128000e+00
1.03673000e+01 8.96608000e-01 -6.32278000e-05 -1.13683000e-03 9.97663000e-01 1.00107000e+00
1.04720000e+01 9.10566000e-01 -5.31422000e-05 -9.15439000e-04 9.98116000e-01 1.00086000e+00
1.05767000e+01 9.25212000e-01 -4.27383000e-05 -6.92830000e-04 9.98572000e-01 1.00065000e+00
1.06814000e+01 9.40417000e-01 -3.21332000e-05 -4.71349000e-04 9.99025000e-01 1.00044000e+00
1.07861000e+01 9.56036000e-01 -2.14475000e-05 -2.53245000e-04 9.99472000e-01 1.00023000e+00
1.08909000e+01 9.71913000e-01 -1.08038000e-05 -4.06558000e-05 9.99908000e-01 1.00003000e+00
1.09956000e+01 9.87879000e-01 -3.24458000e-07 1.64417000e-04 1.00033000e+00 9.99835000e-01
1.11003000e+01 1.00375000e+00 9.86990000e-06 3.60116000e-04 1.00073000e+00 9.99650000e-01
1.12050000e+01 1.01934000e+00 1.96626000e-05 5.44745000e-04 1.00111000e+00 9.99475000e-01
1.13097000e+01 1.03446000e+00 2.89429000e-05 7.16779000e-04 1.00146000e+00 9.99312000e-01
1.14145000e+01 1.04890000e+00 3.76077000e-05 8.74874000e-04 1.00179000e+00 9.99163000e-01
1.15192000e+01 1.06247000e+00 4.55635000e-05 1.01787000e-03 1.00208000e+00 9.99028000e-01
1.16239000e+01 1.07499000e+00 5.27276000e-05 1.14482000e-03 1.00234000e+00 9.98908000e-01
1.17286000e+01 1.08628000e+00 5.90301000e-05 1.25493000e-03 1.00257000e+00 9.98804000e-01
1.18333000e+01 1.09619000e+00 6.44140000e-05 1.34766000e-03 1.00276000e+00 9.98717000e-01
1.19381000e+01 1.10458000e+00 6.88370000e-05 1.42262000e-03 1.00291000e+00 9.98646000e-01
1.20428000e+01 1.11136000e+00 7.22711000e-05 1.47965000e-03 1.00303000e+00 9.98593000e-01
1.21475000e+01 1.11644000e+00 7.47033000e-05 1.51874000e-03 1.00311000e+00 9.98556000e-01
1.22522000e+01 1.11980000e+00 7.61349000e-05 1.54011000e-03 1.00316000e+00 9.98536000e-01
1.23569000e+01 1.12142000e+00 7.65818000e-05 1.54411000e-03 1.00316000e+00 9.98532000e-01
1.24617000e+01 1.12134000e+00 7.60730000e-05 1.53130000e-03 1.00314000e+00 9.98545000e-01
1.25664000e+01 1.11963000e+00 7.46500000e-05 1.50237000e-03 1.00308000e+00 9.98572000e-01
1.26711000e+01 1.11637000e+00 7.23655000e-05 1.45816000e-03 1.00299000e+00 9.98614000e-01
1.27758000e+01 1.11167000e+00 6.92822000e-05 1.39962000e-03 1.00287000e+00 9.98670000e-01
1.28805000e+01 1.10569000e+00 6.54709000e-05 1.32786000e-03 1.00272000e+00 9.98738000e-01
1.29852000e+01 1.09857000e+00 6.10096000e-05 1.24406000e-03 1.00255000e+00 9.98817000e-01
1.30900000e+01 1.09047000e+00 5.59812000e-05 1.14948000e-03 1.00235000e+00 9.98906000e-01
1.31947000e+01 1.08157000e+00 5.04721000e-05 1.04548000e-03 1.00214000e+00 9.99005000e-01
1.32994000e+01 1.07204000e+00 4.45711000e-05 9.33455000e-04 1.00191000e+00 9.99111000e-01
1.34041000e+01 1.06203000e+00 3.83671000e-05 8.14839000e-04 1.00167000e+00 9.99224000e-01
1.35088000e+01 1.05171000e+00 3.19485000e-05 6.91094000e-04 1.00141000e+00 9.99341000e-01
1.36136000e+01 1.04124000e+00 2.54013000e-05 5.63688000e-04 1.00115000e+00 9.99462000e-01
1.37183000e+01 1.03075000e+00 1.88086000e-05 4.34083000e-04 1.00089000e+00 9.99585000e-01
1.38230000e+01 1.02037000e+00 1.22490000e-05 3.03715000e-04 1.00062000e+00 9.99709000e-01
1.39277000e+01 1.01021000e+00 5.79656000e-06 1.73986000e-04 1.00035000e+00 9.99832000e-01
1.40324000e+01 1.00039000e+00 -4.80546000e-07 4.62499000e-05 1.00009000e+00 9.99953000e-01
1.41372000e+01 9.90988000e-01 -6.51993000e-06 -7.82028000e-05 9.99837000e-01 1.00007000e+00
1.42419000e+01 9.82083000e-01 -1.22655000e-05 -1.98153000e-04 9.99591000e-01 1.00019000e+00
1.43466000e+01 9.73742000e-01 -1.76677000e-05 -3.12466000e-04 9.99357000e-01 1.00029000e+00
1.44513000e+01 9.66020000e-01 -2.26833000e-05 -4.20097000e-04 9.99137000e-01 1.00040000e+00
1.45560000e+01 9.58962000e-01 -2.72755000e-05 -5.20101000e-04 9.98933000e-01 1.00049000e+00
1.46608000e+01 9.52604000e-01 -3.14139000e-05 -6.11641000e-04 9.98745000e-01 1.00058000e+00
1.47655000e+01 9.46974000e-01 -3.50739000e-05 -6.93990000e-04 9.98577000e-01 1.00066000e+00
1.48702000e+01 9.42091000e-01 -3.82370000e-05 -7.66537000e-04 9.98429000e-01 1.00073000e+00
1.49749000e+01 9.37969000e-01 -4.08897000e-05 -8.28790000e-04 9.98302000e-01 1.00079000e+00
1.50796000e+01 9.34615000e-01 -4.30241000e-05 -8.80377000e-04 9.98196000e-01 1.00084000e+00
1.51844000e+01 9.32029000e-01 -4.46370000e-05 -9.21048000e-04 9.98113000e-01 1.00088000e+00
1.52891000e+01 9.30209000e-01 -4.57296000e-05 -9.50671000e-04 9.98053000e-01 1.00090000e+00
1.53938000e+01 9.29146000e-01 -4.63078000e-05 -9.69232000e-04 9.98015000e-01 1.00092000e+00
1.54985000e+01 9.28826000e-01 -4.63812000e-05 -9.76835000e-04 9.98000000e-01 1.00093000e+00
1.56032000e+01 9.29233000e-01 -4.59633000e-05 -9.73691000e-04 9.98007000e-01 1.00093000e+00
1.57080000e+01 9.30344000e-01 -4.50714000e-05 -9.60120000e-04 9.98035000e-01 1.00092000e+00
1.58127000e+01 9.32135000e-01 -4.37260000e-05 -9.36539000e-04 9.98083000e-01 1.00089000e+00
1.59174000e+01 9.34576000e-01 -4.19509000e-05 -9.03462000e-04 9.98151000e-01 1.00086000e+00
1.60221000e+01 9.37633000e-01 -3.97733000e-05 -8.61485000e-04 9.98237000e-01 1.00082000e+00
1.61268000e+01 9.41269000e-01 -3.72230000e-05 -8.11284000e-04 9.98340000e-01 1.00077000e+00
1.62316000e+01 9.45442000e-01 -3.43327000e-05 -7.53600000e-04 9.98458000e-01 1.00072000e+00
1.63363000e+01 9.50107000e-01 -3.11379000e-05 -6.89238000e-04 9.98590000e-01 1.00066000e+00
1.64410000e+01 9.55214000e-01 -2.76762000e-05 -6.19050000e-04 9.98734000e-01 1.00059000e+00
1.65457000e+01 9.60710000e-01 -2.39875000e-05 -5.43928000e-04 9.98888000e-01 1.00052000e+00
1.66504000e+01 9.66536000e-01 -2.01138000e-05 -4.64794000e-04 9.99050000e-01 1.00044000e+00
1.67552000e+01 9.72633000e-01 -1.60981000e-05 -3.82589000e-04 9.99219000e-01 1.00037000e+00
1.68599000e+01 9.78934000e-01 -1.19853000e-05 -2.98265000e-04 9.99391000e-01 1.00029000e+00
1.69646000e+01 9.85374000e-01 -7.82044000e-06 -2.12773000e-04 9.99567000e-01 1.00020000e+00
1.70693000e+01 9.91882000e-01 -3.64940000e-06 -1.27051000e-04 9.99742000e-01 1.00012000e+00
1.71740000e+01 9.98386000e-01 4.82285000e-07 -4.20205000e-05 9.99916000e-01 1.00004000e+00
1.72788000e+01 1.00481000e+00 4.52965000e-06 4.14273000e-05 1.00009000e+00 9.99963000e-01
1.73835000e+01 1.01109000e+00 8.44889000e-06 1.22439000e-04 1.00025000e+00 9.99886000e-01
1.74882000e+01 1.01715000e+00 1.21978000e-05 2.00205000e-04 1.00041000e+00 9.99812000e-01
1.75929000e+01 1.02292000e+00 1.57366000e-05 2.73972000e-04 1.00056000e+00 9.99742000e-01
1.76976000e+01 1.02833000e+00 1.90279000e-05 3.43044000e-04 1.00071000e+00 9.99676000e-01
1.78024000e+01 1.03332000e+00 2.20378000e-05 4.06789000e-04 1.00084000e+00 9.99615000e-01
1.79071000e+01 1.03783000e+00 2.47360000e-05 4.64650000e-04 1.00095000e+00 9.99560000e-01
1.80118000e+01 1.04181000e+00 2.70961000e-05 5.16142000e-04 1.00106000e+00 9.99511000e-01
1.81165000e+01 1.04522000e+00 2.90964000e-05 5.60859000e-04 1.00115000e+00 9.99468000e-01
1.82212000e+01 1.04802000e+00 3.07197000e-05 5.98476000e-04 1.00123000e+00 9.99432000e-01
1.83260000e+01 1.05018000e+00 3.19537000e-05 6.28751000e-04 1.00129000e+00 9.99403000e-01
1.84307000e+01 1.05170000e+00 3.27913000e-05 6.51524000e-04 1.00134000e+00 9.99381000e-01
1.85354000e+01 1.05255000e+00 3.32302000e-05 6.66721000e-04 1.00137000e+00 9.99367000e-01
1.86401000e+01 1.05275000e+00 3.32735000e-05 6.74348000e-04 1.00138000e+00 9.99359000e-01
1.87448000e+01 1.05231000e+00 3.29289000e-05 6.74490000e-04 1.00138000e+00 9.99358000e-01
1.88496000e+01 1.05124000e+00 3.22090000e-05 6.67314000e-04 1.00137000e+00 9.99365000e-01
1.89543000e+01 1.04958000e+00 3.11306000e-05 6.53057000e-04 1.00134000e+00 9.99378000e-01
1.90590000e+01 1.04737000e+00 2.97150000e-05 6.32028000e-04 1.00129000e+00 9.99398000e-01
1.91637000e+01 1.04464000e+00 2.79868000e-05 6.04601000e-04 1.00124000e+00 9.99423000e-01
1.92684000e+01 1.04145000e+00 2.59742000e-05 5.71211000e-04 1.00117000e+00 9.99455000e-01
1.93732000e+01 1.03785000e+00 2.37079000e-05 5.32344000e-04 1.00109000e+00 9.99491000e-01
1.94779000e+01 1.03390000e+00 2.12211000e-05 4.88536000e-04 1.00100000e+00 9.99533000e-01
1.95826000e+01 1.02966000e+00 1.85486000e-05 4.40365000e-04 1.00090000e+00 9.99578000e-01
1.96873000e+01 1.02519000e+00 1.57266000e-05 3.88441000e-04 1.00079000e+00 9.99627000e-01
1.97920000e+01 1.02055000e+00 1.27917000e-05 3.33402000e-04 1.00068000e+00 9.99679000e-01
1.98968000e+01 1.01580000e+00 9.78101000e-06 2.75904000e-04 1.00056000e+00 9.99734000e-01
2.00015000e+01 1.01100000e+00 6.73119000e-06 2.16617000e-04 1.00044000e+00 9.99790000e-01
2.01062000e+01 1.00621000e+00 3.67818000e-06 1.56216000e-04 1.00032000e+00 9.99847000e-01
2.02109000e+01 1.00148000e+00 6.56754000e-07 9.53715000e-05 1.00019000e+00 9.99905000e-01
2.03156000e+01 9.96866000e-01 -2.29983000e-06 3.47471000e-05 1.00007000e+00 9.99963000e-01
2.04204000e+01 9.92407000e-01 -5.16020000e-06 -2.50111000e-05 9.99945000e-01 1.00002000e+00
2.05251000e+01 9.88150000e-01 -7.89509000e-06 -8.32792000e-05 9.99826000e-01 1.00008000e+00
2.06298000e+01 9.84133000e-01 -1.04777000e-05 -1.39462000e-04 9.99711000e-01 1.00013000e+00
2.07345000e+01 9.80391000e-01 -1.28836000e-05 -1.92999000e-04 9.99601000e-01 1.00018000e+00
2.08392000e+01 9.76955000e-01 -1.50913000e-05 -2.43368000e-04 9.99498000e-01 1.00023000e+00
2.09440000e+01 9.73852000e-01 -1.70821000e-05 -2.90093000e-04 9.99403000e-01 1.00027000e+00
2.10487000e+01 9.71102000e-01 -1.88401000e-05 -3.32744000e-04 9.99316000e-01 1.00031000e+00
2.11534000e+01 9.68726000e-01 -2.03523000e-05 -3.70945000e-04 9.99238000e-01 1.00035000e+00
2.12581000e+01 9.66736000e-01 -2.16086000e-05 -4.04374000e-04 9.99170000e-01 1.00038000e+00
2.13628000e+01 9.65142000e-01 -2.26020000e-05 -4.32766000e-04 9.99112000e-01 1.00041000e+00
2.14675000e+01 9.63952000e-01 -2.33280000e-05 -4.55914000e-04 9.99065000e-01 1.00043000e+00
2.15723000e+01 9.63168000e-01 -2.37852000e-05 -4.73671000e-04 9.99029000e-01 1.00045000e+00
2.16770000e+01 9.62789000e-01 -2.39747000e-05 -4.85951000e-04 9.99004000e-01 1.00046000e+00
2.17817000e+01 9.62810000e-01 -2.39002000e-05 -4.92728000e-04 9.98991000e-01 1.00047000e+00
2.18864000e+01 9.63225000e-01 -2.35680000e-05 -4.94034000e-04 9.98988000e-01 1.00047000e+00
2.19911000e+01 9.64022000e-01 -2.29865000e-05 -4.89958000e-04 9.98997000e-01 1.00047000e+00
2.20959000e+01 9.65187000e-01 -2.21667000e-05 -4.80647000e-04 9.99017000e-01 1.00046000e+00
2.22006000e+01 9.66703000e-01 -2.11215000e-05 -4.66298000e-04 9.99046000e-01 1.00045000e+00
2.23053000e+01 9.68551000e-01 -1.98656000e-05 -4.47161000e-04 9.99086000e-01 1.00043000e+00
2.24100000e+01 9.70707000e-01 -1.84159000e-05 -4.23528000e-04 9.99135000e-01 1.00041000e+00
2.25147000e+01 9.73145000e-01 -1.67906000e-05 -3.95739000e-04 9.99192000e-01 1.00038000e+00
2.26195000e+01 9.75839000e-01 -1.50097000e-05 -3.64168000e-04 9.99257000e-01 1.00035000e+00
2.27242000e+01 9.78757000e-01 -1.30941000e-05 -3.29223000e-04 9.99328000e-01 1.00032000e+00
2.28289000e+01 9.81867000e-01 -1.10663000e-05 -2.91343000e-04 9.99406000e-01 1.00028000e+00
2.29336000e+01 9.85135000e-01 -8.94927000e-06 -2.50988000e-04 9.99489000e-01 1.00024000e+00
2.30383000e+01 9.88524000e-01 -6.76694000e-06 -2.08636000e-04 9.99576000e-01 1.00020000e+00
2.31431000e+01 9.91997000e-01 -4.54363000e-06 -1.64780000e-04 9.99666000e-01 1.00016000e+00
2.32478000e+01 9.95516000e-01 -2.30388000e-06 -1.19919000e-04 9.99758000e-01 1.00012000e+00
2.33525000e+01 9.99042000e-01 -7.22520000e-08 -7.45542000e-05 9.99851000e-01 1.00007000e+00
2.34572000e+01 1.00253000e+00 2.12698000e-06 -2.91827000e-05 9.99944000e-01 1.00003000e+00
2.35619000e+01 1.00596000e+00 4.27005000e-06 1.57059000e-05 1.00004000e+00 9.99989000e-01
2.36667000e+01 1.00927000e+00 6.33396000e-06 5.96364000e-05 1.00013000e+00 9.99947000e-01
2.37714000e+01 1.01243000e+00 8.29678000e-06 1.02152000e-04 1.00021000e+00 9.99906000e-01
2.38761000e+01 1.01541000e+00 1.01378000e-05 1.42817000e-04 1.00030000e+00 9.99867000e-01
2.39808000e+01 1.01818000e+00 1.18379000e-05 1.81227000e-04 1.00037000e+00 9.99831000e-01
2.40855000e+01 1.02070000e+00 1.33797000e-05 2.17006000e-04 1.00045000e+00 9.99796000e-01
2.41903000e+01 1.02294000e+00 1.47476000e-05 2.49812000e-04 1.00051000e+00 9.99765000e-01
2.42950000e+01 1.02489000e+00 1.59285000e-05 2.79341000e-04 1.00057000e+00 9.99737000e-01
2.43997000e+01 1.02652000e+00 1.69112000e-05 3.05332000e-04 1.00063000e+00 9.99712000e-01
2.45044000e+01 1.02782000e+00 1.76871000e-05 3.27564000e-04 1.00067000e+00 9.99690000e-01
2.46091000e+01 1.02878000e+00 1.82503000e-05 3.45859000e-04 1.00071000e+00 9.99672000e-01
2.47139000e+01 1.02938000e+00 1.85971000e-05 3.60088000e-04 1.00074000e+00 9.99659000e-01
2.48186000e+01 1.02963000e+00 1.87267000e-05 3.70163000e-04 1.00076000e+00 9.99649000e-01
2.49233000e+01 1.02953000e+00 1.86408000e-05 3.76046000e-04 1.00077000e+00 9.99643000e-01
2.50280000e+01 1.02909000e+00 1.83436000e-05 3.77744000e-04 1.00077000e+00 9.99641000e-01
2.51327000e+01 1.02831000e+00 1.78418000e-05 3.75308000e-04 1.00077000e+00 9.99643000e-01
2.52375000e+01 1.02722000e+00 1.71445000e-05 3.68831000e-04 1.00075000e+00 9.99648000e-01
2.53422000e+01 1.02583000e+00 1.62629000e-05 3.58452000e-04 1.00073000e+00 9.99658000e-01
2.54469000e+01 1.02417000e+00 1.52103000e-05 3.44347000e-04 1.00070000e+00 9.99671000e-01
2.55516000e+01 1.02226000e+00 1.40018000e-05 3.26729000e-04 1.00067000e+00 9.99687000e-01
2.56563000e+01 1.02013000e+00 1.26540000e-05 3.05846000e-04 1.00062000e+00 9.99707000e-01
2.57611000e+01 1.01781000e+00 1.11849000e-05 2.81977000e-04 1.00058000e+00 9.99729000e-01
2.58658000e+01 1.01532000e+00 9.61356000e-06 2.55429000e-04 1.00052000e+00 9.99754000e-01
2.59705000e+01 1.01272000e+00 7.95997000e-06 2.26532000e-04 1.00046000e+00 9.99781000e-01
2.60752000e+01 1.01002000e+00 6.24455000e-06 1.95636000e-04 1.00040000e+00 9.99811000e-01
2.61799000e+01 1.00726000e+00 4.48804000e-06 1.63108000e-04 1.00033000e+00 9.99841000e-01
2.62847000e+01 1.00447000e+00 2.71123000e-06 1.29324000e-04 1.00026000e+00 9.99873000e-01
2.63894000e+01 1.00168000e+00 9.34660000e-07 9.46712000e-05 1.00019000e+00 9.99906000e-01
2.64941000e+01 9.98933000e-01 -8.21590000e-07 5.95366000e-05 1.00012000e+00 9.99940000e-01
2.65988000e+01 9.96248000e-01 -2.53812000e-06 2.43079000e-05 1.00005000e+00 9.99973000e-01
2.67035000e+01 9.93657000e-01 -4.19645000e-06 -1.06326000e-05 9.99975000e-01 1.00001000e+00
2.68083000e+01 9.91185000e-01 -5.77915000e-06 -4.49120000e-05 9.99904000e-01 1.00004000e+00
2.69130000e+01 9.88856000e-01 -7.27006000e-06 -7.81699000e-05 9.99836000e-01 1.00007000e+00
2.70177000e+01 9.86692000e-01 -8.65441000e-06 -1.10063000e-04 9.99771000e-01 1.00010000e+00
2.71224000e+01 9.84712000e-01 -9.91894000e-06 -1.40268000e-04 9.99710000e-01 1.00013000e+00
2.72271000e+01 9.82935000e-01 -1.10520000e-05 -1.68484000e-04 9.99652000e-01 1.00016000e+00
2.73319000e+01 9.81373000e-01 -1.20436000e-05 -1.94438000e-04 9.99599000e-01 1.00018000e+00
2.74366000e+01 9.80040000e-01 -1.28856000e-05 -2.17883000e-04 9.99551000e-01 1.00020000e+00
2.75413000e+01 9.78945000e-01 -1.35714000e-05 -2.38604000e-04 9.99509000e-01 1.00023000e+00
2.76460000e+01 9.78096000e-01 -1.40965000e-05 -2.56419000e-04 9.99473000e-01 1.00024000e+00
2.77507000e+01 9.77497000e-01 -1.44579000e-05 -2.71179000e-04 9.99443000e-01 1.00026000e+00
2.78555000e+01 9.77149000e-01 -1.46546000e-05 -2.82771000e-04 9.99420000e-01 1.00027000e+00
2.79602000e+01 9.77053000e-01 -1.46872000e-05 -2.91117000e-04 9.99403000e-01 1.00028000e+00
2.80649000e+01 9.77207000e-01 -1.45580000e-05 -2.96175000e-04 9.99393000e-01 1.00028000e+00
2.81696000e+01 9.77604000e-01 -1.42711000e-05 -2.97939000e-04 9.99390000e-01 1.00028000e+00
2.82743000e+01 9.78238000e-01 -1.38318000e-05 -2.96440000e-04 9.99393000e-01 1.00028000e+00
2.83791000e+01 9.79100000e-01 -1.32473000e-05 -2.91740000e-04 9.99403000e-01 1.00028000e+00
2.84838000e+01 9.80177000e-01 -1.25258000e-05 -2.83939000e-04 9.99420000e-01 1.00027000e+00
2.85885000e+01 9.81456000e-01 -1.16772000e-05 -2.73165000e-04 9.99442000e-01 1.00026000e+00
2.86932000e+01 9.82921000e-01 -1.07121000e-05 -2.59578000e-04 9.99470000e-01 1.00025000e+00
2.87979000e+01 9.84555000e-01 -9.64261000e-06 -2.43366000e-04 9.99504000e-01 1.00023000e+00
2.89027000e+01 9.86340000e-01 -8.48146000e-06 -2.24742000e-04 9.99542000e-01 1.00022000e+00
2.90074000e+01 9.88255000e-01 -7.24234000e-06 -2.03942000e-04 9.99585000e-01 1.00020000e+00
2.91121000e+01 9.90278000e-01 -5.93955000e-06 -1.81222000e-04 9.99632000e-01 1.00018000e+00
2.92168000e+01 9.92386000e-01 -4.58795000e-06 -1.56855000e-04 9.99682000e-01 1.00015000e+00
2.93215000e+01 9.94556000e-01 -3.20274000e-06 -1.31128000e-04 9.99735000e-01 1.00013000e+00
2.94263000e+01 9.96764000e-01 -1.79937000e-06 -1.04339000e-04 9.99790000e-01 1.00010000e+00
2.95310000e+01 9.98985000e-01 -3.93337000e-07 -7.67929000e-05 9.99846000e-01 1.00008000e+00
2.96357000e+01 1.00119000e+00 9.99948000e-07 -4.87981000e-05 9.99903000e-01 1.00005000e+00
2.97404000e+01 1.00337000e+00 2.36533000e-06 -2.06640000e-05 9.99961000e-01 1.00002000e+00
2.98451000e+01 1.00548000e+00 3.68807000e-06 7.30267000e-06 1.00002000e+00 9.99996000e-01
2.99498000e+01 1.00751000e+00 4.95400000e-06 3.48015000e-05 1.00007000e+00 9.99970000e-01
3.00546000e+01 1.00943000e+00 6.14968000e-06 6.15411000e-05 1.00013000e+00 9.99945000e-01
3.01593000e+01 1.01122000e+00 7.26252000e-06 8.72422000e-05 1.00018000e+00 9.99920000e-01
3.02640000e+01 1.01287000e+00 8.28098000e-06 1.11641000e-04 1.00023000e+00 9.99897000e-01
3.03687000e+01 1.01435000e+00 9.19464000e-06 1.34490000e-04 1.00028000e+00 9.99875000e-01
3.04734000e+01 1.01565000e+00 9.99431000e-06 1.55564000e-04 1.00032000e+00 9.99854000e-01
3.05782000e+01 1.01676000e+00 1.06722000e-05 1.74658000e-04 1.00036000e+00 9.99836000e-01
3.06829000e+01 1.01766000e+00 1.12220000e-05 1.91592000e-04 1.00039000e+00 9.99820000e-01
3.07876000e+01 1.01835000e+00 1.16388000e-05 2.06211000e-04 1.00042000e+00 9.99805000e-01
3.08923000e+01 1.01882000e+00 1.19193000e-05 2.18389000e-04 1.00045000e+00 9.99794000e-01
3.09970000e+01 1.01907000e+00 1.20620000e-05 2.28027000e-04 1.00047000e+00 9.99784000e-01
3.11018000e+01 1.01909000e+00 1.20666000e-05 2.35053000e-04 1.00048000e+00 9.99777000e-01
3.12065000e+01 1.01890000e+00 1.19348000e-05 2.39426000e-04 1.00049000e+00 9.99773000e-01
3.13112000e+01 1.01849000e+00 1.16697000e-05 2.41135000e-04 1.00049000e+00 9.99771000e-01
3.14159000e+01 1.01787000e+00 1.12759000e-05 2.40197000e-04 1.00049000e+00 9.99771000e-01
3.15206000e+01 1.01706000e+00 1.07594000e-05 2.36656000e-04 1.00048000e+00 9.99774000e-01
3.16254000e+01 1.01606000e+00 1.01277000e-05 2.30586000e-04 1.00047000e+00 9.99780000e-01
3.17301000e+01 1.01489000e+00 9.38947000e-06 2.22086000e-04 1.00045000e+00 9.99787000e-01
3.18348000e+01 1.01358000e+00 8.55454000e-06 2.11279000e-04 1.00043000e+00 9.99797000e-01
3.19395000e+01 1.01212000e+00 7.63369000e-06 1.98315000e-04 1.00040000e+00 9.99809000e-01
3.20442000e+01 1.01055000e+00 6.63859000e-06 1.83360000e-04 1.00037000e+00 9.99823000e-01
3.21490000e+01 1.00889000e+00 5.58159000e-06 1.66604000e-04 1.00034000e+00 9.99839000e-01
3.22537000e+01 1.00715000e+00 4.47556000e-06 1.48252000e-04 1.00030000e+00 9.99856000e-01
3.23584000e+01 1.00535000e+00 3.33376000e-06 1.28524000e-04 1.00026000e+00 9.99875000e-01
3.24631000e+01 1.00352000e+00 2.16966000e-06 1.07650000e-04 1.00022000e+00 9.99895000e-01
3.25678000e+01 1.00168000e+00 9.96739000e-07 8.58734000e-05 1.00017000e+00 9.99915000e-01
3.26726000e+01 9.99848000e-01 -1.71609000e-07 6.34408000e-05 1.00013000e+00 9.99936000e-01
3.27773000e+01 9.98045000e-01 -1.32228000e-06 4.06043000e-05 1.00008000e+00 9.99958000e-01
3.28820000e+01 9.96291000e-01 -2.44261000e-06 1.76164000e-05 1.00003000e+00 9.99980000e-01
3.29867000e+01 9.94604000e-01 -3.52045000e-06 -5.27135000e-06 9.99986000e-01 1.00000000e+00
3.30914000e+01 9.93001000e-01 -4.54438000e-06 -2.78122000e-05 9.99940000e-01 1.00002000e+00
3.31962000e+01 9.91498000e-01 -5.50376000e-06 -4.97661000e-05 9.99895000e-01 1.00004000e+00
3.33009000e+01 9.90110000e-01 -6.38886000e-06 -7.09024000e-05 9.99852000e-01 1.00006000e+00
3.34056000e+01 9.88850000e-01 -7.19094000e-06 -9.10023000e-05 9.99811000e-01 1.00008000e+00
3.35103000e+01 9.87730000e-01 -7.90232000e-06 -1.09861000e-04 9.99772000e-01 1.00010000e+00
3.36150000e+01 9.86759000e-01 -8.51646000e-06 -1.27289000e-04 9.99737000e-01 1.00012000e+00
3.37198000e+01 9.85946000e-01 -9.02798000e-06 -1.43115000e-04 9.99705000e-01 1.00013000e+00
3.38245000e+01 9.85297000e-01 -9.43271000e-06 -1.57188000e-04 9.99676000e-01 1.00015000e+00
3.39292000e+01 9.84817000e-01 -9.72770000e-06 -1.69377000e-04 9.99652000e-01 1.00016000e+00
3.40339000e+01 9.84509000e-01 -9.91124000e-06 -1.79573000e-04 9.99631000e-01 1.00017000e+00
3.41386000e+01 9.84373000e-01 -9.98284000e-06 -1.87690000e-04 9.99615000e-01 1.00018000e+00
3.42434000e+01 9.84409000e-01 -9.94320000e-06 -1.93665000e-04 9.99603000e-01 1.00018000e+00
3.43481000e+01 9.84615000e-01 -9.79421000e-06 -1.97460000e-04 9.99595000e-01 1.00019000e+00
3.44528000e+01 9.84986000e-01 -9.53891000e-06 -1.99059000e-04 9.99592000e-01 1.00019000e+00
3.45575000e+01 9.85518000e-01 -9.18140000e-06 -1.98473000e-04 9.99594000e-01 1.00019000e+00
3.46622000e+01 9.86202000e-01 -8.72682000e-06 -1.95733000e-04 9.99600000e-01 1.00019000e+00
3.47670000e+01 9.87030000e-01 -8.18127000e-06 -1.90896000e-04 9.99610000e-01 1.00018000e+00
3.48717000e+01 9.87992000e-01 -7.55174000e-06 -1.84039000e-04 9.99624000e-01 1.00018000e+00
3.49764000e+01 9.89076000e-01 -6.84604000e-06 -1.75261000e-04 9.99643000e-01 1.00017000e+00
3.50811000e+01 9.90270000e-01 -6.07268000e-06 -1.64678000e-04 9.99665000e-01 1.00016000e+00
3.51858000e+01 9.91560000e-01 -5.24081000e-06 -1.52429000e-04 9.99690000e-01 1.00015000e+00
3.52906000e+01 9.92932000e-01 -4.36011000e-06 -1.38665000e-04 9.99718000e-01 1.00013000e+00
3.53953000e+01 9.94368000e-01 -3.44067000e-06 -1.23553000e-04 9.99749000e-01 1.00012000e+00
3.55000000e+01 9.95855000e-01 -2.49293000e-06 -1.07273000e-04 9.99783000e-01 1.00010000e+00
3.56047000e+01 9.97374000e-01 -1.52752000e-06 -9.00161000e-05 9.99818000e-01 1.00009000e+00
3.57094000e+01 9.98908000e-01 -5.55180000e-07 -7.19801000e-05 9.99855000e-01 1.00007000e+00
3.58142000e+01 1.00044000e+00 4.13353000e-07 -5.33699000e-05 9.99894000e-01 1.00005000e+00
3.59189000e+01 1.00196000e+00 1.36747000e-06 -3.43944000e-05 9.99933000e-01 1.00004000e+00
3.60236000e+01 1.00344000e+00 2.29680000e-06 -1.52637000e-05 9.99972000e-01 1.00002000e+00
3.61283000e+01 1.00486000e+00 3.19131000e-06 3.81283000e-06 1.00001000e+00 9.99999000e-01
3.62330000e+01 1.00622000e+00 4.04141000e-06 2.26286000e-05 1.00005000e+00 9.99981000e-01
3.63378000e+01 1.00750000e+00 4.83807000e-06 4.09822000e-05 1.00009000e+00 9.99964000e-01
3.64425000e+01 1.00868000e+00 5.57292000e-06 5.86797000e-05 1.00012000e+00 9.99947000e-01
3.65472000e+01 1.00975000e+00 6.23832000e-06 7.55364000e-05 1.00016000e+00 9.99931000e-01
3.66519000e+01 1.01071000e+00 6.82745000e-06 9.13787000e-05 1.00019000e+00 9.99915000e-01
3.67566000e+01 1.01153000e+00 7.33440000e-06 1.06046000e-04 1.00022000e+00 9.99901000e-01
3.68614000e+01 1.01221000e+00 7.75421000e-06 1.19392000e-04 1.00025000e+00 9.99888000e-01
3.69661000e+01 1.01274000e+00 8.08294000e-06 1.31287000e-04 1.00027000e+00 9.99877000e-01
3.70708000e+01 1.01313000e+00 8.31773000e-06 1.41618000e-04 1.00029000e+00 9.99867000e-01
3.71755000e+01 1.01336000e+00 8.45677000e-06 1.50291000e-04 1.00031000e+00 9.99858000e-01
3.72802000e+01 1.01344000e+00 8.49938000e-06 1.57229000e-04 1.00032000e+00 9.99851000e-01
3.73850000e+01 1.01336000e+00 8.44598000e-06 1.62376000e-04 1.00033000e+00 9.99846000e-01
3.74897000e+01 1.01313000e+00 8.29807000e-06 1.65697000e-04 1.00034000e+00 9.99843000e-01
3.75944000e+01 1.01276000e+00 8.05823000e-06 1.67175000e-04 1.00034000e+00 9.99841000e-01
3.76991000e+01 1.01224000e+00 7.73008000e-06 1.66816000e-04 1.00034000e+00 9.99841000e-01
3.78038000e+01 1.01159000e+00 7.31822000e-06 1.64643000e-04 1.00034000e+00 9.99843000e-01
3.79086000e+01 1.01082000e+00 6.82814000e-06 1.60700000e-04 1.00033000e+00 9.99846000e-01
3.80133000e+01 1.00993000e+00 6.26622000e-06 1.55050000e-04 1.00032000e+00 9.99851000e-01
3.81180000e+01 1.00894000e+00 5.63958000e-06 1.47772000e-04 1.00030000e+00 9.99858000e-01
3.82227000e+01 1.00786000e+00 4.95599000e-06 1.38963000e-04 1.00028000e+00 9.99866000e-01
3.83274000e+01 1.00671000e+00 4.22383000e-06 1.28736000e-04 1.00026000e+00 9.99875000e-01
3.84322000e+01 1.00549000e+00 3.45190000e-06 1.17218000e-04 1.00024000e+00 9.99886000e-01
3.85369000e+01 1.00423000e+00 2.64940000e-06 1.04548000e-04 1.00021000e+00 9.99898000e-01
3.86416000e+01 1.00293000e+00 1.82572000e-06 9.08759000e-05 1.00018000e+00 9.99911000e-01
3.87463000e+01 1.00162000e+00 9.90430000e-07 7.63612000e-05 1.00015000e+00 9.99925000e-01
3.88510000e+01 1.00031000e+00 1.53071000e-07 6.11709000e-05 1.00012000e+00 9.99939000e-01
3.89557000e+01 9.99006000e-01 -6.76894000e-07 4.54772000e-05 1.00009000e+00 9.99954000e-01
3.90605000e+01 9.97731000e-01 -1.49021000e-06 2.94563000e-05 1.00006000e+00 9.99969000e-01
3.91652000e+01 9.96496000e-01 -2.27795000e-06 1.32857000e-05 1.00002000e+00 9.99984000e-01
3.92699000e+01 9.95314000e-01 -3.03156000e-06 -2.85738000e-06 9.99991000e-01 1.00000000e+00
3.93746000e+01 9.94199000e-01 -3.74301000e-06 -1.87977000e-05 9.99959000e-01 1.00002000e+00
3.94793000e+01 9.93160000e-01 -4.40485000e-06 -3.43641000e-05 9.99927000e-01 1.00003000e+00
3.95841000e+01 9.92209000e-01 -5.01028000e-06 -4.93916000e-05 9.99896000e-01 1.00004000e+00
3.96888000e+01 9.91354000e-01 -5.55322000e-06 -6.37226000e-05 9.99867000e-01 1.00006000e+00
3.97935000e+01 9.90605000e-01 -6.02836000e-06 -7.72086000e-05 9.99840000e-01 1.00007000e+00
3.98982000e+01 9.89966000e-01 -6.43124000e-06 -8.97120000e-05 9.99814000e-01 1.00008000e+00
4.00029000e+01 9.89445000e-01 -6.75822000e-06 -1.01107000e-04 9.99791000e-01 1.00009000e+00
4.01077000e+01 9.89045000e-01 -7.00656000e-06 -1.11282000e-04 9.99770000e-01 1.00010000e+00
4.02124000e+01 9.88770000e-01 -7.17441000e-06 -1.20139000e-04 9.99753000e-01 1.00011000e+00
4.03171000e+01 9.88621000e-01 -7.26083000e-06 -1.27595000e-04 9.99738000e-01 1.00012000e+00
4.04218000e+01 9.88598000e-01 -7.26578000e-06 -1.33584000e-04 9.99726000e-01 1.00013000e+00
4.05265000e+01 9.88701000e-01 -7.19009000e-06 -1.38056000e-04 9.99717000e-01 1.00013000e+00
4.06313000e+01 9.88926000e-01 -7.03547000e-06 -1.40978000e-04 9.99711000e-01 1.00013000e+00
4.07360000e+01 9.89271000e-01 -6.80445000e-06 -1.42334000e-04 9.99709000e-01 1.00014000e+00
4.08407000e+01 9.89731000e-01 -6.50038000e-06 -1.42126000e-04 9.99709000e-01 1.00014000e+00
4.09454000e+01 9.90300000e-01 -6.12731000e-06 -1.40371000e-04 9.99713000e-01 1.00013000e+00
4.10501000e+01 9.90971000e-01 -5.69005000e-06 -1.37104000e-04 9.99720000e-01 1.00013000e+00
4.11549000e+01 9.91736000e-01 -5.19401000e-06 -1.32377000e-04 9.99730000e-01 1.00013000e+00
4.12596000e+01 9.92586000e-01 -4.64519000e-06 -1.26255000e-04 9.99743000e-01 1.00012000e+00
4.13643000e+01 9.93511000e-01 -4.05011000e-06 -1.18820000e-04 9.99758000e-01 1.00011000e+00
4.14690000e+01 9.94500000e-01 -3.41570000e-06 -1.10164000e-04 9.99776000e-01 1.00011000e+00
4.15737000e+01 9.95542000e-01 -2.74929000e-06 -1.00395000e-04 9.99796000e-01 1.00010000e+00
4.16785000e+01 9.96626000e-01 -2.05846000e-06 -8.96298000e-05 9.99819000e-01 1.00009000e+00
4.17832000e+01 9.97738000e-01 -1.35102000e-06 -7.79951000e-05 9.99843000e-01 1.00008000e+00
4.18879000e+01 9.98868000e-01 -6.34873000e-07 -6.56262000e-05 9.99868000e-01 1.00006000e+00
4.19926000e+01 1.00000000e+00 8.20208000e-08 -5.26649000e-05 9.99895000e-01 1.00005000e+00
4.20973000e+01 1.00113000e+00 7.91763000e-07 -3.92579000e-05 9.99922000e-01 1.00004000e+00
4.22021000e+01 1.00223000e+00 1.48658000e-06 -2.55554000e-05 9.99950000e-01 1.00003000e+00
4.23068000e+01 1.00330000e+00 2.15893000e-06 -1.17093000e-05 9.99979000e-01 1.00001000e+00
4.24115000e+01 1.00433000e+00 2.80154000e-06 2.12839000e-06 1.00001000e+00 1.00000000e+00
4.25162000e+01 1.00529000e+00 3.40753000e-06 1.58073000e-05 1.00004000e+00 9.99988000e-01
4.26209000e+01 1.00619000e+00 3.97045000e-06 2.91801000e-05 1.00006000e+00 9.99975000e-01
4.27257000e+01 1.00702000e+00 4.48439000e-06 4.21044000e-05 1.00009000e+00 9.99962000e-01
4.28304000e+01 1.00776000e+00 4.94399000e-06 5.44440000e-05 1.00011000e+00 9.99950000e-01
4.29351000e+01 1.00840000e+00 5.34455000e-06 6.60703000e-05 1.00014000e+00 9.99939000e-01
4.30398000e+01 1.00895000e+00 5.68205000e-06 7.68637000e-05 1.00016000e+00 9.99929000e-01
4.31445000e+01 1.00938000e+00 5.95318000e-06 8.67149000e-05 1.00018000e+00 9.99919000e-01
4.32493000e+01 1.00971000e+00 6.15542000e-06 9.55257000e-05 1.00020000e+00 9.99911000e-01
4.33540000e+01 1.00993000e+00 6.28703000e-06 1.03210000e-04 1.00021000e+00 9.99903000e-01
4.34587000e+01 1.01003000e+00 6.34707000e-06 1.09696000e-04 1.00023000e+00 9.99897000e-01
4.35634000e+01 1.01002000e+00 6.33544000e-06 1.14923000e-04 1.00024000e+00 9.99891000e-01
4.36681000e+01 1.00989000e+00 6.25282000e-06 1.18848000e-04 1.00024000e+00 9.99887000e-01
4.37729000e+01 1.00965000e+00 6.10071000e-06 1.21439000e-04 1.00025000e+00 9.99885000e-01
4.38776000e+01 1.00931000e+00 5.88138000e-06 1.22682000e-04 1.00025000e+00 9.99883000e-01
4.39823000e+01 1.00886000e+00 5.59786000e-06 1.22575000e-04 1.00025000e+00 9.99883000e-01
4.40870000e+01 1.00832000e+00 5.25387000e-06 1.21132000e-04 1.00025000e+00 9.99884000e-01
4.41917000e+01 1.00769000e+00 4.85380000e-06 1.18383000e-04 1.00024000e+00 9.99886000e-01
4.42965000e+01 1.00697000e+00 4.40265000e-06 1.14368000e-04 1.00023000e+00 9.99890000e-01
4.44012000e+01 1.00619000e+00 3.90595000e-06 1.09145000e-04 1.00022000e+00 9.99895000e-01
4.45059000e+01 1.00534000e+00 3.36970000e-06 1.02780000e-04 1.00021000e+00 9.99901000e-01
4.46106000e+01 1.00445000e+00 2.80031000e-06 9.53542000e-05 1.00019000e+00 9.99907000e-01
4.47153000e+01 1.00351000e+00 2.20451000e-06 8.69583000e-05 1.00018000e+00 9.99915000e-01
4.48201000e+01 1.00254000e+00 1.58925000e-06 7.76925000e-05 1.00016000e+00 9.99924000e-01
4.49248000e+01 1.00155000e+00 9.61655000e-07 6.76660000e-05 1.00014000e+00 9.99933000e-01
4.50295000e+01 1.00056000e+00 3.28902000e-07 5.69948000e-05 1.00011000e+00 9.99943000e-01
4.51342000e+01 9.99568000e-01 -3.01834000e-07 4.58011000e-05 1.00009000e+00 9.99954000e-01
4.52389000e+01 9.98592000e-01 -9.23478000e-07 3.42116000e-05 1.00007000e+00 9.99965000e-01
4.53437000e+01 9.97641000e-01 -1.52913000e-06 2.23561000e-05 1.00004000e+00 9.99976000e-01
4.54484000e+01 9.96726000e-01 -2.11215000e-06 1.03660000e-05 1.00002000e+00 9.99988000e-01
4.55531000e+01 9.95857000e-01 -2.66622000e-06 -1.62703000e-06 9.99994000e-01 9.99999000e-01
4.56578000e+01 9.95042000e-01 -3.18541000e-06 -1.34923000e-05 9.99970000e-01 1.00001000e+00
4.57625000e+01 9.94289000e-01 -3.66426000e-06 -2.51020000e-05 9.99946000e-01 1.00002000e+00
4.58673000e+01 9.93607000e-01 -4.09781000e-06 -3.63321000e-05 9.99923000e-01 1.00003000e+00
4.59720000e+01 9.93002000e-01 -4.48166000e-06 -4.70639000e-05 9.99901000e-01 1.00004000e+00
4.60767000e+01 9.92480000e-01 -4.81203000e-06 -5.71851000e-05 9.99881000e-01 1.00005000e+00
4.61814000e+01 9.92046000e-01 -5.08575000e-06 -6.65912000e-05 9.99862000e-01 1.00006000e+00
4.62861000e+01 9.91703000e-01 -5.30032000e-06 -7.51862000e-05 9.99844000e-01 1.00007000e+00
4.63909000e+01 9.91455000e-01 -5.45395000e-06 -8.28841000e-05 9.99829000e-01 1.00008000e+00
4.64956000e+01 9.91303000e-01 -5.54549000e-06 -8.96091000e-05 9.99815000e-01 1.00008000e+00
4.66003000e+01 9.91248000e-01 -5.57452000e-06 -9.52968000e-05 9.99804000e-01 1.00009000e+00
4.67050000e+01 9.91290000e-01 -5.54131000e-06 -9.98947000e-05 9.99795000e-01 1.00009000e+00
4.68097000e+01 9.91428000e-01 -5.44680000e-06 -1.03362000e-04 9.99788000e-01 1.00010000e+00
4.69145000e+01 9.91659000e-01 -5.29258000e-06 -1.05672000e-04 9.99783000e-01 1.00010000e+00
4.70192000e+01 9.91980000e-01 -5.08089000e-06 -1.06810000e-04 9.99781000e-01 1.00010000e+00
4.71239000e+01 9.92388000e-01 -4.81459000e-06 -1.06772000e-04 9.99782000e-01 1.00010000e+00
4.72286000e+01 9.92876000e-01 -4.49707000e-06 -1.05571000e-04 9.99784000e-01 1.00010000e+00
4.73333000e+01 9.93440000e-01 -4.13228000e-06 -1.03230000e-04 9.99789000e-01 1.00010000e+00
4.74380000e+01 9.94072000e-01 -3.72463000e-06 -9.97833000e-05 9.99797000e-01 1.00010000e+00
4.75428000e+01 9.94766000e-01 -3.27896000e-06 -9.52792000e-05 9.99806000e-01 1.00009000e+00
4.76475000e+01 9.95512000e-01 -2.80050000e-06 -8.97756000e-05 9.99818000e-01 1.00009000e+00
4.77522000e+01 9.96304000e-01 -2.29476000e-06 -8.33412000e-05 9.99831000e-01 1.00008000e+00
4.78569000e+01 9.97131000e-01 -1.76753000e-06 -7.60541000e-05 9.99846000e-01 1.00007000e+00
4.79616000e+01 9.97984000e-01 -1.22479000e-06 -6.80011000e-05 9.99863000e-01 1.00007000e+00
4.80664000e+01 9.98854000e-01 -6.72644000e-07 -5.92764000e-05 9.99881000e-01 1.00006000e+00
4.81711000e+01 9.99732000e-01 -1.17240000e-07 -4.99809000e-05 9.99900000e-01 1.00005000e+00
4.82758000e+01 1.00061000e+00 4.35262000e-07 -4.02206000e-05 9.99920000e-01 1.00004000e+00
4.83805000e+01 1.00147000e+00 9.78781000e-07 -3.01057000e-05 9.99941000e-01 1.00003000e+00
4.84852000e+01 1.00231000e+00 1.50737000e-06 -1.97495000e-05 9.99962000e-01 1.00002000e+00
4.85900000e+01 1.00312000e+00 2.01528000e-06 -9.26678000e-06 9.99983000e-01 1.00001000e+00
4.86947000e+01 1.00388000e+00 2.49704000e-06 1.22730000e-06 1.00000000e+00 1.00000000e+00
4.87994000e+01 1.00460000e+00 2.94747000e-06 1.16184000e-05 1.00003000e+00 9.99991000e-01
4.89041000e+01 1.00526000e+00 3.36178000e-06 2.17941000e-05 1.00005000e+00 9.99982000e-01
4.90088000e+01 1.00586000e+00 3.73562000e-06 3.16456000e-05 1.00007000e+00 9.99972000e-01
4.91136000e+01 1.00639000e+00 4.06509000e-06 4.10683000e-05 1.00009000e+00 9.99963000e-01
4.92183000e+01 1.00684000e+00 4.34681000e-06 4.99633000e-05 1.00010000e+00 9.99954000e-01
4.93230000e+01 1.00722000e+00 4.57796000e-06 5.82380000e-05 1.00012000e+00 9.99946000e-01
4.94277000e+01 1.00750000e+00 4.75629000e-06 6.58077000e-05 1.00014000e+00 9.99939000e-01
4.95324000e+01 1.00770000e+00 4.88015000e-06 7.25958000e-05 1.00015000e+00 9.99932000e-01
4.96372000e+01 1.00782000e+00 4.94853000e-06 7.85349000e-05 1.00016000e+00 9.99926000e-01
4.97419000e+01 1.00784000e+00 4.96102000e-06 8.35676000e-05 1.00017000e+00 9.99921000e-01
4.98466000e+01 1.00777000e+00 4.91786000e-06 8.76464000e-05 1.00018000e+00 9.99917000e-01
4.99513000e+01 1.00762000e+00 4.81991000e-06 9.07351000e-05 1.00019000e+00 9.99914000e-01
5.00560000e+01 1.00738000e+00 4.66864000e-06 9.28082000e-05 1.00019000e+00 9.99912000e-01
5.01608000e+01 1.00706000e+00 4.46612000e-06 9.38515000e-05 1.00019000e+00 9.99911000e-01
5.02655000e+01 1.00667000e+00 4.21498000e-06 9.38624000e-05 1.00019000e+00 9.99910000e-01
5.03702000e+01 1.00620000e+00 3.91840000e-06 9.28492000e-05 1.00019000e+00 9.99911000e-01
5.04749000e+01 1.00567000e+00 3.58002000e-06 9.08314000e-05 1.00019000e+00 9.99913000e-01
5.05796000e+01 1.00507000e+00 3.20397000e-06 8.78394000e-05 1.00018000e+00 9.99915000e-01
5.06844000e+01 1.00443000e+00 2.79474000e-06 8.39139000e-05 1.00017000e+00 9.99919000e-01
5.07891000e+01 1.00374000e+00 2.35720000e-06 7.91052000e-05 1.00016000e+00 9.99923000e-01
5.08938000e+01 1.00301000e+00 1.89648000e-06 7.34730000e-05 1.00015000e+00 9.99928000e-01
5.09985000e+01 1.00226000e+00 1.41794000e-06 6.70854000e-05 1.00014000e+00 9.99934000e-01
5.11032000e+01 1.00148000e+00 9.27103000e-07 6.00183000e-05 1.00012000e+00 9.99941000e-01
5.12080000e+01 1.00070000e+00 4.29592000e-07 5.23541000e-05 1.00011000e+00 9.99948000e-01
5.13127000e+01 9.99918000e-01 -6.89503000e-08 4.41813000e-05 1.00009000e+00 9.99956000e-01
5.14174000e+01 9.99142000e-01 -5.62911000e-07 3.55931000e-05 1.00007000e+00 9.99964000e-01
5.15221000e+01 9.98382000e-01 -1.04678000e-06 2.66862000e-05 1.00005000e+00 9.99972000e-01
5.16268000e+01 9.97646000e-01 -1.51520000e-06 1.75605000e-05 1.00003000e+00 9.99981000e-01
5.17316000e+01 9.96943000e-01 -1.96305000e-06 8.31697000e-06 1.00001000e+00 9.99990000e-01
5.18363000e+01 9.96280000e-01 -2.38547000e-06 -9.42644000e-07 9.99996000e-01 9.99999000e-01
5.19410000e+01 9.95663000e-01 -2.77794000e-06 -1.01174000e-05 9.99977000e-01 1.00001000e+00
5.20457000e+01 9.95099000e-01 -3.13631000e-06 -1.91080000e-05 9.99959000e-01 1.00002000e+00
5.21504000e+01 9.94595000e-01 -3.45686000e-06 -2.78180000e-05 9.99941000e-01 1.00002000e+00
5.22552000e+01 9.94154000e-01 -3.73632000e-06 -3.61549000e-05 9.99924000e-01 1.00003000e+00
5.23599000e+01 9.93781000e-01 -3.97191000e-06 -4.40308000e-05 9.99908000e-01 1.00004000e+00
5.24646000e+01 9.93480000e-01 -4.16135000e-06 -5.13635000e-05 9.99893000e-01 1.00005000e+00
5.25693000e+01 9.93253000e-01 -4.30293000e-06 -5.80777000e-05 9.99880000e-01 1.00005000e+00
5.26740000e+01 9.93103000e-01 -4.39544000e-06 -6.41050000e-05 9.99867000e-01 1.00006000e+00
5.27788000e+01 9.93029000e-01 -4.43826000e-06 -6.93852000e-05 9.99857000e-01 1.00006000e+00
5.28835000e+01 9.93034000e-01 -4.43132000e-06 -7.38669000e-05 9.99848000e-01 1.00007000e+00
5.29882000e+01 9.93115000e-01 -4.37508000e-06 -7.75074000e-05 9.99841000e-01 1.00007000e+00
5.30929000e+01 9.93272000e-01 -4.27055000e-06 -8.02738000e-05 9.99835000e-01 1.00008000e+00
5.31976000e+01 9.93502000e-01 -4.11927000e-06 -8.21428000e-05 9.99832000e-01 1.00008000e+00
5.33024000e+01 9.93803000e-01 -3.92328000e-06 -8.31012000e-05 9.99830000e-01 1.00008000e+00
5.34071000e+01 9.94170000e-01 -3.68507000e-06 -8.31455000e-05 9.99830000e-01 1.00008000e+00
5.35118000e+01 9.94600000e-01 -3.40761000e-06 -8.22824000e-05 9.99832000e-01 1.00008000e+00
5.36165000e+01 9.95086000e-01 -3.09425000e-06 -8.05285000e-05 9.99836000e-01 1.00008000e+00
5.37212000e+01 9.95625000e-01 -2.74872000e-06 -7.79097000e-05 9.99841000e-01 1.00008000e+00
5.38260000e+01 9.96208000e-01 -2.37506000e-06 -7.44613000e-05 9.99849000e-01 1.00007000e+00
5.39307000e+01 9.96830000e-01 -1.97760000e-06 -7.02272000e-05 9.99858000e-01 1.00007000e+00
5.40354000e+01 9.97484000e-01 -1.56090000e-06 -6.52598000e-05 9.99868000e-01 1.00006000e+00
5.41401000e+01 9.98162000e-01 -1.12969000e-06 -5.96186000e-05 9.99880000e-01 1.00006000e+00
5.42448000e+01 9.98856000e-01 -6.88838000e-07 -5.33704000e-05 9.99893000e-01 1.00005000e+00
5.43496000e+01 9.99559000e-01 -2.43280000e-07 -4.65879000e-05 9.99907000e-01 1.00005000e+00
5.44543000e+01 1.00026000e+00 2.02026000e-07 -3.93490000e-05 9.99922000e-01 1.00004000e+00
5.45590000e+01 1.00096000e+00 6.42153000e-07 -3.17361000e-05 9.99937000e-01 1.00003000e+00
5.46637000e+01 1.00164000e+00 1.07226000e-06 -2.38350000e-05 9.99953000e-01 1.00002000e+00
5.47684000e+01 1.00230000e+00 1.48765000e-06 -1.57341000e-05 9.99970000e-01 1.00002000e+00
5.48732000e+01 1.00293000e+00 1.88380000e-06 -7.52297000e-06 9.99987000e-01 1.00001000e+00
5.49779000e+01 1.00353000e+00 2.25645000e-06 7.07951000e-07 1.00000000e+00 1.00000000e+00
5.50826000e+01 1.00408000e+00 2.60158000e-06 8.86885000e-06 1.00002000e+00 9.99994000e-01
5.51873000e+01 1.00458000e+00 2.91553000e-06 1.68713000e-05 1.00004000e+00 9.99986000e-01
5.52920000e+01 1.00502000e+00 3.19499000e-06 2.46293000e-05 1.00005000e+00 9.99979000e-01
5.53968000e+01 1.00541000e+00 3.43705000e-06 3.20602000e-05 1.00007000e+00 9.99971000e-01
5.55015000e+01 1.00574000e+00 3.63924000e-06 3.90854000e-05 1.00008000e+00 9.99965000e-01
5.56062000e+01 1.00599000e+00 3.79952000e-06 4.56314000e-05 1.00010000e+00 9.99958000e-01
5.57109000e+01 1.00618000e+00 3.91636000e-06 5.16304000e-05 1.00011000e+00 9.99952000e-01
5.58156000e+01 1.00630000e+00 3.98870000e-06 5.70211000e-05 1.00012000e+00 9.99947000e-01
5.59203000e+01 1.00634000e+00 4.01599000e-06 6.17493000e-05 1.00013000e+00 9.99942000e-01
5.60251000e+01 1.00632000e+00 3.99818000e-06 6.57685000e-05 1.00014000e+00 9.99938000e-01
5.61298000e+01 1.00622000e+00 3.93575000e-06 6.90400000e-05 1.00014000e+00 9.99935000e-01
5.62345000e+01 1.00605000e+00 3.82963000e-06 7.15337000e-05 1.00015000e+00 9.99932000e-01
5.63392000e+01 1.00582000e+00 3.68130000e-06 7.32283000e-05 1.00015000e+00 9.99930000e-01
5.64439000e+01 1.00552000e+00 3.49266000e-06 7.41112000e-05 1.00015000e+00 9.99929000e-01
5.65487000e+01 1.00517000e+00 3.26606000e-06 7.41787000e-05 1.00015000e+00 9.99929000e-01
5.66534000e+01 1.00475000e+00 3.00430000e-06 7.34362000e-05 1.00015000e+00 9.99930000e-01
5.67581000e+01 1.00429000e+00 2.71051000e-06 7.18976000e-05 1.00015000e+00 9.99931000e-01
5.68628000e+01 1.00378000e+00 2.38820000e-06 6.95857000e-05 1.00014000e+00 9.99933000e-01
5.69675000e+01 1.00323000e+00 2.04117000e-06 6.65313000e-05 1.00014000e+00 9.99936000e-01
5.70723000e+01 1.00265000e+00 1.67348000e-06 6.27732000e-05 1.00013000e+00 9.99939000e-01
5.71770000e+01 1.00205000e+00 1.28939000e-06 5.83574000e-05 1.00012000e+00 9.99943000e-01
5.72817000e+01 1.00142000e+00 8.93316000e-07 5.33370000e-05 1.00011000e+00 9.99948000e-01
5.73864000e+01 1.00079000e+00 4.89799000e-07 4.77711000e-05 1.00010000e+00 9.99953000e-01
5.74911000e+01 1.00015000e+00 8.34172000e-08 4.17242000e-05 1.00008000e+00 9.99958000e-01
5.75959000e+01 9.99512000e-01 -3.21246000e-07 3.52660000e-05 1.00007000e+00 9.99964000e-01
5.77006000e+01 9.98886000e-01 -7.19659000e-07 2.84696000e-05 1.00006000e+00 9.99971000e-01
5.78053000e+01 9.98276000e-01 -1.10739000e-06 2.14118000e-05 1.00004000e+00 9.99977000e-01
5.79100000e+01 9.97691000e-01 -1.48017000e-06 1.41712000e-05 1.00003000e+00 9.99984000e-01
5.80147000e+01 9.97135000e-01 -1.83391000e-06 6.82821000e-06 1.00001000e+00 9.99991000e-01
5.81195000e+01 9.96615000e-01 -2.16479000e-06 -5.36464000e-07 9.99997000e-01 9.99998000e-01
5.82242000e+01 9.96136000e-01 -2.46926000e-06 -7.84237000e-06 9.99982000e-01 1.00001000e+00
5.83289000e+01 9.95704000e-01 -2.74409000e-06 -1.50103000e-05 9.99967000e-01 1.00001000e+00
5.84336000e+01 9.95322000e-01 -2.98642000e-06 -2.19631000e-05 9.99953000e-01 1.00002000e+00
5.85383000e+01 9.94995000e-01 -3.19377000e-06 -2.86265000e-05 9.99940000e-01 1.00003000e+00
5.86431000e+01 9.94725000e-01 -3.36407000e-06 -3.49301000e-05 9.99927000e-01 1.00003000e+00
5.87478000e+01 9.94515000e-01 -3.49567000e-06 -4.08075000e-05 9.99915000e-01 1.00004000e+00
5.88525000e+01 9.94368000e-01 -3.58739000e-06 -4.61979000e-05 9.99904000e-01 1.00004000e+00
5.89572000e+01 9.94284000e-01 -3.63847000e-06 -5.10459000e-05 9.99894000e-01 1.00005000e+00
5.90619000e+01 9.94264000e-01 -3.64863000e-06 -5.53025000e-05 9.99886000e-01 1.00005000e+00
5.91667000e+01 9.94307000e-01 -3.61803000e-06 -5.89255000e-05 9.99879000e-01 1.00006000e+00
5.92714000e+01 9.94413000e-01 -3.54730000e-06 -6.18799000e-05 9.99873000e-01 1.00006000e+00
5.93761000e+01 9.94581000e-01 -3.43749000e-06 -6.41382000e-05 9.99868000e-01 1.00006000e+00
5.94808000e+01 9.94807000e-01 -3.29009000e-06 -6.56808000e-05 9.99865000e-01 1.00006000e+00
5.95855000e+01 9.95090000e-01 -3.10698000e-06 -6.64957000e-05 9.99864000e-01 1.00006000e+00
5.96903000e+01 9.95426000e-01 -2.89043000e-06 -6.65792000e-05 9.99864000e-01 1.00006000e+00
5.97950000e+01 9.95810000e-01 -2.64305000e-06 -6.59356000e-05 9.99865000e-01 1.00006000e+00
5.98997000e+01 9.96239000e-01 -2.36779000e-06 -6.45769000e-05 9.99868000e-01 1.00006000e+00
6.00044000e+01 9.96708000e-01 -2.06787000e-06 -6.25229000e-05 9.99873000e-01 1.00006000e+00
6.01091000e+01 9.97211000e-01 -1.74677000e-06 -5.98007000e-05 9.99879000e-01 1.00006000e+00
6.02139000e+01 9.97742000e-01 -1.40818000e-06 -5.64448000e-05 9.99886000e-01 1.00006000e+00
6.03186000e+01 9.98295000e-01 -1.05595000e-06 -5.24961000e-05 9.99894000e-01 1.00005000e+00
6.04233000e+01 9.98865000e-01 -6.94065000e-07 -4.80017000e-05 9.99903000e-01 1.00005000e+00
6.05280000e+01 9.99444000e-01 -3.26595000e-07 -4.30144000e-05 9.99914000e-01 1.00004000e+00
6.06327000e+01 1.00003000e+00 4.23591000e-08 -3.75919000e-05 9.99925000e-01 1.00004000e+00
6.07375000e+01 1.00061000e+00 4.08700000e-07 -3.17964000e-05 9.99937000e-01 1.00003000e+00
6.08422000e+01 1.00118000e+00 7.68380000e-07 -2.56935000e-05 9.99949000e-01 1.00003000e+00
6.09469000e+01 1.00173000e+00 1.11745000e-06 -1.93519000e-05 9.99962000e-01 1.00002000e+00
6.10516000e+01 1.00226000e+00 1.45209000e-06 -1.28424000e-05 9.99976000e-01 1.00001000e+00
6.11563000e+01 1.00276000e+00 1.76867000e-06 -6.23715000e-06 9.99989000e-01 1.00001000e+00
6.12611000e+01 1.00323000e+00 2.06377000e-06 3.91251000e-07 1.00000000e+00 1.00000000e+00
6.13658000e+01 1.00367000e+00 2.33422000e-06 6.97035000e-06 1.00002000e+00 9.99995000e-01
6.14705000e+01 1.00405000e+00 2.57714000e-06 1.34287000e-05 1.00003000e+00 9.99989000e-01
6.15752000e+01 1.00439000e+00 2.78998000e-06 1.96968000e-05 1.00004000e+00 9.99983000e-01
6.16799000e+01 1.00468000e+00 2.97052000e-06 2.57075000e-05 1.00005000e+00 9.99977000e-01
6.17847000e+01 1.00492000e+00 3.11691000e-06 3.13970000e-05 1.00007000e+00 9.99972000e-01
6.18894000e+01 1.00509000e+00 3.22770000e-06 3.67054000e-05 1.00008000e+00 9.99967000e-01
6.19941000e+01 1.00521000e+00 3.30183000e-06 4.15774000e-05 1.00009000e+00 9.99962000e-01
6.20988000e+01 1.00527000e+00 3.33866000e-06 4.59627000e-05 1.00010000e+00 9.99957000e-01
6.22035000e+01 1.00527000e+00 3.33798000e-06 4.98169000e-05 1.00010000e+00 9.99954000e-01
6.23083000e+01 1.00521000e+00 3.29996000e-06 5.31015000e-05 1.00011000e+00 9.99950000e-01
6.24130000e+01 1.00510000e+00 3.22525000e-06 5.57843000e-05 1.00011000e+00 9.99947000e-01
6.25177000e+01 1.00492000e+00 3.11485000e-06 5.78403000e-05 1.00012000e+00 9.99945000e-01
6.26224000e+01 1.00470000e+00 2.97018000e-06 5.92511000e-05 1.00012000e+00 9.99944000e-01
6.27271000e+01 1.00442000e+00 2.79306000e-06 6.00057000e-05 1.00012000e+00 9.99943000e-01
6.28319000e+01 1.00409000e+00 2.58563000e-06 6.01001000e-05 1.00012000e+00 9.99942000e-01
6.29366000e+01 1.00372000e+00 2.35037000e-06 5.95378000e-05 1.00012000e+00 9.99943000e-01
6.30413000e+01 1.00330000e+00 2.09008000e-06 5.83292000e-05 1.00012000e+00 9.99944000e-01
6.31460000e+01 1.00286000e+00 1.80781000e-06 5.64918000e-05 1.00011000e+00 9.99945000e-01
6.32507000e+01 1.00238000e+00 1.50684000e-06 5.40498000e-05 1.00011000e+00 9.99947000e-01
6.33555000e+01 1.00189000e+00 1.19066000e-06 5.10339000e-05 1.00010000e+00 9.99950000e-01
6.34602000e+01 1.00137000e+00 8.62894000e-07 4.74806000e-05 1.00010000e+00 9.99953000e-01
6.35649000e+01 1.00084000e+00 5.27294000e-07 4.34324000e-05 1.00009000e+00 9.99957000e-01
6.36696000e+01 1.00031000e+00 1.87667000e-07 3.89365000e-05 1.00008000e+00 9.99961000e-01
6.37743000e+01 9.99771000e-01 -1.52151000e-07 3.40451000e-05 1.00007000e+00 9.99966000e-01
6.38791000e+01 9.99243000e-01 -4.88346000e-07 2.88140000e-05 1.00006000e+00 9.99971000e-01
6.39838000e+01 9.98726000e-01 -8.17167000e-07 2.33025000e-05 1.00005000e+00 9.99976000e-01
6.40885000e+01 9.98226000e-01 -1.13497000e-06 1.75725000e-05 1.00003000e+00 9.99981000e-01
6.41932000e+01 9.97750000e-01 -1.43825000e-06 1.16881000e-05 1.00002000e+00 9.99987000e-01
6.42979000e+01 9.97301000e-01 -1.72371000e-06 5.71431000e-06 1.00001000e+00 9.99993000e-01
6.44026000e+01 9.96885000e-01 -1.98824000e-06 -2.83060000e-07 9.99997000e-01 9.99998000e-01
6.45074000e+01 9.96507000e-01 -2.22901000e-06 -6.23846000e-06 9.99985000e-01 1.00000000e+00
6.46121000e+01 9.96169000e-01 -2.44347000e-06 -1.20872000e-05 9.99973000e-01 1.00001000e+00
6.47168000e+01 9.95876000e-01 -2.62938000e-06 -1.77662000e-05 9.99962000e-01 1.00002000e+00
6.48215000e+01 9.95630000e-01 -2.78483000e-06 -2.32146000e-05 9.99951000e-01 1.00002000e+00
6.49262000e+01 9.95435000e-01 -2.90826000e-06 -2.83746000e-05 9.99940000e-01 1.00003000e+00
6.50310000e+01 9.95291000e-01 -2.99850000e-06 -3.31915000e-05 9.99931000e-01 1.00003000e+00
6.51357000e+01 9.95200000e-01 -3.05473000e-06 -3.76153000e-05 9.99922000e-01 1.00003000e+00
6.52404000e+01 9.95163000e-01 -3.07653000e-06 -4.16000000e-05 9.99914000e-01 1.00004000e+00
6.53451000e+01 9.95179000e-01 -3.06387000e-06 -4.51051000e-05 9.99907000e-01 1.00004000e+00
6.54498000e+01 9.95249000e-01 -3.01709000e-06 -4.80955000e-05 9.99901000e-01 1.00005000e+00
6.55546000e+01 9.95372000e-01 -2.93691000e-06 -5.05418000e-05 9.99896000e-01 1.00005000e+00
6.56593000e+01 9.95545000e-01 -2.82443000e-06 -5.24207000e-05 9.99892000e-01 1.00005000e+00
6.57640000e+01 9.95767000e-01 -2.68107000e-06 -5.37154000e-05 9.99890000e-01 1.00005000e+00
6.58687000e+01 9.96034000e-01 -2.50862000e-06 -5.44156000e-05 9.99889000e-01 1.00005000e+00
6.59734000e+01 9.96345000e-01 -2.30916000e-06 -5.45172000e-05 9.99889000e-01 1.00005000e+00
6.60782000e+01 9.96694000e-01 -2.08505000e-06 -5.40231000e-05 9.99890000e-01 1.00005000e+00
6.61829000e+01 9.97079000e-01 -1.83893000e-06 -5.29423000e-05 9.99892000e-01 1.00005000e+00
6.62876000e+01 9.97495000e-01 -1.57365000e-06 -5.12903000e-05 9.99896000e-01 1.00005000e+00
6.63923000e+01 9.97936000e-01 -1.29225000e-06 -4.90888000e-05 9.99901000e-01 1.00005000e+00
6.64970000e+01 9.98398000e-01 -9.97947000e-07 -4.63651000e-05 9.99906000e-01 1.00005000e+00
6.66018000e+01 9.98876000e-01 -6.94079000e-07 -4.31524000e-05 9.99913000e-01 1.00004000e+00
6.67065000e+01 9.99365000e-01 -3.84064000e-07 -3.94886000e-05 9.99921000e-01 1.00004000e+00
6.68112000e+01 9.99858000e-01 -7.13768000e-08 -3.54166000e-05 9.99929000e-01 1.00004000e+00
6.69159000e+01 1.00035000e+00 2.40500000e-07 -3.09832000e-05 9.99938000e-01 1.00003000e+00
6.70206000e+01 1.00084000e+00 5.48109000e-07 -2.62392000e-05 9.99948000e-01 1.00003000e+00
6.71254000e+01 1.00131000e+00 8.48056000e-07 -2.12382000e-05 9.99958000e-01 1.00002000e+00
6.72301000e+01 1.00177000e+00 1.13705000e-06 -1.60363000e-05 9.99969000e-01 1.00002000e+00
6.73348000e+01 1.00221000e+00 1.41193000e-06 -1.06915000e-05 9.99980000e-01 1.00001000e+00
6.74395000e+01 1.00262000e+00 1.66970000e-06 -5.26303000e-06 9.99991000e-01 1.00001000e+00
6.75442000e+01 1.00300000e+00 1.90760000e-06 1.89395000e-07 1.00000000e+00 1.00000000e+00
6.76490000e+01 1.00334000e+00 2.12306000e-06 5.60615000e-06 1.00001000e+00 9.99997000e-01
6.77537000e+01 1.00364000e+00 2.31378000e-06 1.09284000e-05 1.00002000e+00 9.99991000e-01
6.78584000e+01 1.00390000e+00 2.47777000e-06 1.60986000e-05 1.00003000e+00 9.99986000e-01
6.79631000e+01 1.00412000e+00 2.61332000e-06 2.10612000e-05 1.00004000e+00 9.99982000e-01
6.80678000e+01 1.00429000e+00 2.71903000e-06 2.57635000e-05 1.00005000e+00 9.99977000e-01
6.81726000e+01 1.00441000e+00 2.79388000e-06 3.01558000e-05 1.00006000e+00 9.99973000e-01
6.82773000e+01 1.00448000e+00 2.83717000e-06 3.41919000e-05 1.00007000e+00 9.99969000e-01
6.83820000e+01 1.00450000e+00 2.84854000e-06 3.78300000e-05 1.00008000e+00 9.99965000e-01
6.84867000e+01 1.00447000e+00 2.82802000e-06 4.10329000e-05 1.00008000e+00 9.99962000e-01
6.85914000e+01 1.00439000e+00 2.77599000e-06 4.37682000e-05 1.00009000e+00 9.99959000e-01
6.86962000e+01 1.00426000e+00 2.69316000e-06 4.60089000e-05 1.00009000e+00 9.99957000e-01
6.88009000e+01 1.00408000e+00 2.58059000e-06 4.77337000e-05 1.00010000e+00 9.99955000e-01
6.89056000e+01 1.00386000e+00 2.43969000e-06 4.89267000e-05 1.00010000e+00 9.99954000e-01
6.90103000e+01 1.00359000e+00 2.27216000e-06 4.95782000e-05 1.00010000e+00 9.99953000e-01
6.91150000e+01 1.00329000e+00 2.07999000e-06 4.96844000e-05 1.00010000e+00 9.99952000e-01
6.92198000e+01 1.00295000e+00 1.86546000e-06 4.92474000e-05 1.00010000e+00 9.99953000e-01
6.93245000e+01 1.00258000e+00 1.63107000e-06 4.82753000e-05 1.00010000e+00 9.99953000e-01
6.94292000e+01 1.00218000e+00 1.37954000e-06 4.67818000e-05 1.00009000e+00 9.99955000e-01
6.95339000e+01 1.00176000e+00 1.11377000e-06 4.47864000e-05 1.00009000e+00 9.99956000e-01
6.96386000e+01 1.00132000e+00 8.36807000e-07 4.23139000e-05 1.00009000e+00 9.99959000e-01
6.97434000e+01 1.00088000e+00 5.51815000e-07 3.93941000e-05 1.00008000e+00 9.99961000e-01
6.98481000e+01 1.00042000e+00 2.62027000e-07 3.60616000e-05 1.00007000e+00 9.99964000e-01
6.99528000e+01 9.99961000e-01 -2.92843000e-08 3.23552000e-05 1.00006000e+00 9.99968000e-01
7.00575000e+01 9.99505000e-01 -3.18843000e-07 2.83176000e-05 1.00006000e+00 9.99971000e-01
7.01622000e+01 9.99057000e-01 -6.03412000e-07 2.39948000e-05 1.00005000e+00 9.99975000e-01
7.02670000e+01 9.98623000e-01 -8.79824000e-07 1.94357000e-05 1.00004000e+00 9.99980000e-01
7.03717000e+01 9.98206000e-01 -1.14502000e-06 1.46915000e-05 1.00003000e+00 9.99984000e-01
7.04764000e+01 9.97811000e-01 -1.39609000e-06 9.81492000e-06 1.00002000e+00 9.99989000e-01
7.05811000e+01 9.97443000e-01 -1.63029000e-06 4.86007000e-06 1.00001000e+00 9.99994000e-01
7.06858000e+01 9.97105000e-01 -1.84508000e-06 -1.18548000e-07 9.99998000e-01 9.99998000e-01
7.07906000e+01 9.96802000e-01 -2.03816000e-06 -5.06647000e-06 9.99988000e-01 1.00000000e+00
7.08953000e+01 9.96535000e-01 -2.20748000e-06 -9.92990000e-06 9.99978000e-01 1.00001000e+00
7.10000000e+01 9.96308000e-01 -2.35127000e-06 -1.46563000e-05 9.99968000e-01 1.00001000e+00
7.11047000e+01 9.96124000e-01 -2.46806000e-06 -1.91948000e-05 9.99959000e-01 1.00002000e+00
7.12094000e+01 9.95983000e-01 -2.55667000e-06 -2.34971000e-05 9.99950000e-01 1.00002000e+00
7.13142000e+01 9.95888000e-01 -2.61627000e-06 -2.75176000e-05 9.99942000e-01 1.00002000e+00
7.14189000e+01 9.95838000e-01 -2.64634000e-06 -3.12141000e-05 9.99935000e-01 1.00003000e+00
7.15236000e+01 9.95836000e-01 -2.64670000e-06 -3.45482000e-05 9.99928000e-01 1.00003000e+00
7.16283000e+01 9.95879000e-01 -2.61749000e-06 -3.74855000e-05 9.99922000e-01 1.00003000e+00
7.17330000e+01 9.95968000e-01 -2.55921000e-06 -3.99965000e-05 9.99917000e-01 1.00004000e+00
7.18378000e+01 9.96102000e-01 -2.47265000e-06 -4.20560000e-05 9.99913000e-01 1.00004000e+00
7.19425000e+01 9.96278000e-01 -2.35891000e-06 -4.36444000e-05 9.99910000e-01 1.00004000e+00
7.20472000e+01 9.96495000e-01 -2.21940000e-06 -4.47470000e-05 9.99908000e-01 1.00004000e+00
7.21519000e+01 9.96750000e-01 -2.05581000e-06 -4.53546000e-05 9.99907000e-01 1.00004000e+00
7.22566000e+01 9.97040000e-01 -1.87007000e-06 -4.54634000e-05 9.99907000e-01 1.00004000e+00
7.23614000e+01 9.97361000e-01 -1.66436000e-06 -4.50751000e-05 9.99908000e-01 1.00004000e+00
7.24661000e+01 9.97711000e-01 -1.44107000e-06 -4.41969000e-05 9.99910000e-01 1.00004000e+00
7.25708000e+01 9.98085000e-01 -1.20277000e-06 -4.28410000e-05 9.99913000e-01 1.00004000e+00
7.26755000e+01 9.98478000e-01 -9.52168000e-07 -4.10252000e-05 9.99917000e-01 1.00004000e+00
7.27802000e+01 9.98888000e-01 -6.92118000e-07 -3.87717000e-05 9.99922000e-01 1.00004000e+00
7.28849000e+01 9.99307000e-01 -4.25553000e-07 -3.61077000e-05 9.99927000e-01 1.00004000e+00
7.29897000e+01 9.99733000e-01 -1.55465000e-07 -3.30647000e-05 9.99934000e-01 1.00003000e+00
7.30944000e+01 1.00016000e+00 1.15130000e-07 -2.96779000e-05 9.99941000e-01 1.00003000e+00
7.31991000e+01 1.00058000e+00 3.83221000e-07 -2.59863000e-05 9.99948000e-01 1.00003000e+00
7.33038000e+01 1.00100000e+00 6.45840000e-07 -2.20319000e-05 9.99957000e-01 1.00002000e+00
7.34085000e+01 1.00140000e+00 9.00092000e-07 -1.78594000e-05 9.99965000e-01 1.00002000e+00
7.35133000e+01 1.00179000e+00 1.14319000e-06 -1.35155000e-05 9.99974000e-01 1.00001000e+00
7.36180000e+01 1.00215000e+00 1.37247000e-06 -9.04853000e-06 9.99983000e-01 1.00001000e+00
7.37227000e+01 1.00249000e+00 1.58545000e-06 -4.50805000e-06 9.99993000e-01 1.00001000e+00
7.38274000e+01 1.00280000e+00 1.77982000e-06 5.60323000e-08 1.00000000e+00 1.00000000e+00
7.39321000e+01 1.00308000e+00 1.95350000e-06 4.59377000e-06 1.00001000e+00 9.99997000e-01
7.40369000e+01 1.00332000e+00 2.10464000e-06 9.05579000e-06 1.00002000e+00 9.99993000e-01
7.41416000e+01 1.00352000e+00 2.23164000e-06 1.33938000e-05 1.00003000e+00 9.99989000e-01
7.42463000e+01 1.00368000e+00 2.33320000e-06 1.75612000e-05 1.00004000e+00 9.99985000e-01
7.43510000e+01 1.00380000e+00 2.40827000e-06 2.15134000e-05 1.00005000e+00 9.99981000e-01
7.44557000e+01 1.00388000e+00 2.45614000e-06 2.52085000e-05 1.00005000e+00 9.99977000e-01
7.45605000e+01 1.00391000e+00 2.47636000e-06 2.86077000e-05 1.00006000e+00 9.99974000e-01
7.46652000e+01 1.00390000e+00 2.46884000e-06 3.16754000e-05 1.00007000e+00 9.99971000e-01
7.47699000e+01 1.00384000e+00 2.43375000e-06 3.43800000e-05 1.00007000e+00 9.99968000e-01
7.48746000e+01 1.00375000e+00 2.37160000e-06 3.66940000e-05 1.00008000e+00 9.99966000e-01
7.49793000e+01 1.00361000e+00 2.28319000e-06 3.85944000e-05 1.00008000e+00 9.99964000e-01
7.50841000e+01 1.00343000e+00 2.16961000e-06 4.00626000e-05 1.00008000e+00 9.99962000e-01
7.51888000e+01 1.00321000e+00 2.03224000e-06 4.10852000e-05 1.00008000e+00 9.99961000e-01
7.52935000e+01 1.00296000e+00 1.87270000e-06 4.16533000e-05 1.00009000e+00 9.99960000e-01
7.53982000e+01 1.00267000e+00 1.69288000e-06 4.17633000e-05 1.00009000e+00 9.99960000e-01
7.55029000e+01 1.00236000e+00 1.49485000e-06 4.14166000e-05 1.00008000e+00 9.99960000e-01
7.56077000e+01 1.00202000e+00 1.28093000e-06 4.06193000e-05 1.00008000e+00 9.99961000e-01
7.57124000e+01 1.00166000e+00 1.05356000e-06 3.93829000e-05 1.00008000e+00 9.99962000e-01
7.58171000e+01 1.00129000e+00 8.15344000e-07 3.77230000e-05 1.00008000e+00 9.99963000e-01
7.59218000e+01 1.00090000e+00 5.69005000e-07 3.56602000e-05 1.00007000e+00 9.99965000e-01
7.60265000e+01 1.00050000e+00 3.17335000e-07 3.32193000e-05 1.00007000e+00 9.99967000e-01
7.61313000e+01 1.00010000e+00 6.31749000e-08 3.04289000e-05 1.00006000e+00 9.99970000e-01
7.62360000e+01 9.99704000e-01 -1.90614000e-07 2.73215000e-05 1.00005000e+00 9.99972000e-01
7.63407000e+01 9.99309000e-01 -4.41190000e-07 2.39326000e-05 1.00005000e+00 9.99976000e-01
7.64454000e+01 9.98925000e-01 -6.85757000e-07 2.03009000e-05 1.00004000e+00 9.99979000e-01
7.65501000e+01 9.98554000e-01 -9.21601000e-07 1.64672000e-05 1.00003000e+00 9.99983000e-01
7.66549000e+01 9.98201000e-01 -1.14612000e-06 1.24745000e-05 1.00002000e+00 9.99986000e-01
7.67596000e+01 9.97870000e-01 -1.35684000e-06 8.36739000e-06 1.00002000e+00 9.99990000e-01
7.68643000e+01 9.97564000e-01 -1.55147000e-06 4.19116000e-06 1.00001000e+00 9.99994000e-01
7.69690000e+01 9.97286000e-01 -1.72790000e-06 -8.16929000e-09 9.99998000e-01 9.99998000e-01
7.70737000e+01 9.97040000e-01 -1.88423000e-06 -4.18465000e-06 9.99990000e-01 1.00000000e+00
7.71785000e+01 9.96828000e-01 -2.01880000e-06 -8.29281000e-06 9.99981000e-01 1.00001000e+00
7.72832000e+01 9.96653000e-01 -2.13022000e-06 -1.22882000e-05 9.99973000e-01 1.00001000e+00
7.73879000e+01 9.96515000e-01 -2.21732000e-06 -1.61278000e-05 9.99966000e-01 1.00001000e+00
7.74926000e+01 9.96416000e-01 -2.27926000e-06 -1.97705000e-05 9.99958000e-01 1.00002000e+00
7.75973000e+01 9.96358000e-01 -2.31546000e-06 -2.31778000e-05 9.99951000e-01 1.00002000e+00
7.77021000e+01 9.96341000e-01 -2.32561000e-06 -2.63135000e-05 9.99945000e-01 1.00002000e+00
7.78068000e+01 9.96364000e-01 -2.30973000e-06 -2.91450000e-05 9.99939000e-01 1.00003000e+00
7.79115000e+01 9.96428000e-01 -2.26812000e-06 -3.16430000e-05 9.99934000e-01 1.00003000e+00
7.80162000e+01 9.96531000e-01 -2.20135000e-06 -3.37820000e-05 9.99930000e-01 1.00003000e+00
7.81209000e+01 9.96672000e-01 -2.11028000e-06 -3.55407000e-05 9.99927000e-01 1.00003000e+00
7.82257000e+01 9.96850000e-01 -1.99603000e-06 -3.69017000e-05 9.99924000e-01 1.00003000e+00
7.83304000e+01 9.97062000e-01 -1.85998000e-06 -3.78525000e-05 9.99922000e-01 1.00004000e+00
7.84351000e+01 9.97306000e-01 -1.70375000e-06 -3.83848000e-05 9.99922000e-01 1.00004000e+00
7.85398000e+01 9.97579000e-01 -1.52915000e-06 -3.84950000e-05 9.99921000e-01 1.00004000e+00
7.86445000e+01 9.97878000e-01 -1.33822000e-06 -3.81841000e-05 9.99922000e-01 1.00004000e+00
7.87493000e+01 9.98200000e-01 -1.13315000e-06 -3.74579000e-05 9.99924000e-01 1.00004000e+00
7.88540000e+01 9.98541000e-01 -9.16287000e-07 -3.63263000e-05 9.99926000e-01 1.00004000e+00
7.89587000e+01 9.98896000e-01 -6.90086000e-07 -3.48040000e-05 9.99930000e-01 1.00003000e+00
7.90634000e+01 9.99263000e-01 -4.57108000e-07 -3.29096000e-05 9.99934000e-01 1.00003000e+00
7.91681000e+01 9.99637000e-01 -2.19971000e-07 -3.06656000e-05 9.99938000e-01 1.00003000e+00
7.92729000e+01 1.00001000e+00 1.86673000e-08 -2.80985000e-05 9.99944000e-01 1.00003000e+00
7.93776000e+01 1.00039000e+00 2.56148000e-07 -2.52380000e-05 9.99950000e-01 1.00003000e+00
7.94823000e+01 1.00076000e+00 4.89832000e-07 -2.21168000e-05 9.99956000e-01 1.00002000e+00
7.95870000e+01 1.00112000e+00 7.17136000e-07 -1.87704000e-05 9.99963000e-01 1.00002000e+00
7.96917000e+01 1.00146000e+00 9.35554000e-07 -1.52364000e-05 9.99970000e-01 1.00002000e+00
7.97965000e+01 1.00179000e+00 1.14269000e-06 -1.15545000e-05 9.99978000e-01 1.00001000e+00
7.99012000e+01 1.00210000e+00 1.33628000e-06 -7.76555000e-06 9.99986000e-01 1.00001000e+00
8.00059000e+01 1.00238000e+00 1.51422000e-06 -3.91151000e-06 9.99994000e-01 1.00001000e+00
8.01106000e+01 1.00264000e+00 1.67460000e-06 -3.47988000e-08 1.00000000e+00 1.00000000e+00
8.02153000e+01 1.00286000e+00 1.81567000e-06 3.82216000e-06 1.00001000e+00 9.99998000e-01
8.03201000e+01 1.00305000e+00 1.93595000e-06 7.61735000e-06 1.00002000e+00 9.99994000e-01
8.04248000e+01 1.00321000e+00 2.03417000e-06 1.13097000e-05 1.00002000e+00 9.99991000e-01
8.05295000e+01 1.00333000e+00 2.10931000e-06 1.48593000e-05 1.00003000e+00 9.99987000e-01
8.06342000e+01 1.00341000e+00 2.16062000e-06 1.82283000e-05 1.00004000e+00 9.99984000e-01
8.07389000e+01 1.00345000e+00 2.18760000e-06 2.13808000e-05 1.00004000e+00 9.99981000e-01
8.08437000e+01 1.00346000e+00 2.19005000e-06 2.42835000e-05 1.00005000e+00 9.99978000e-01
8.09484000e+01 1.00342000e+00 2.16801000e-06 2.69059000e-05 1.00006000e+00 9.99975000e-01
8.10531000e+01 1.00335000e+00 2.12182000e-06 2.92210000e-05 1.00006000e+00 9.99973000e-01
8.11578000e+01 1.00324000e+00 2.05208000e-06 3.12049000e-05 1.00006000e+00 9.99971000e-01
8.12625000e+01 1.00310000e+00 1.95966000e-06 3.28377000e-05 1.00007000e+00 9.99969000e-01
8.13672000e+01 1.00291000e+00 1.84565000e-06 3.41034000e-05 1.00007000e+00 9.99968000e-01
8.14720000e+01 1.00270000e+00 1.71142000e-06 3.49901000e-05 1.00007000e+00 9.99967000e-01
8.15767000e+01 1.00246000e+00 1.55852000e-06 3.54900000e-05 1.00007000e+00 9.99966000e-01
8.16814000e+01 1.00219000e+00 1.38875000e-06 3.55997000e-05 1.00007000e+00 9.99966000e-01
8.17861000e+01 1.00190000e+00 1.20406000e-06 3.53199000e-05 1.00007000e+00 9.99966000e-01
8.18908000e+01 1.00159000e+00 1.00656000e-06 3.46556000e-05 1.00007000e+00 9.99966000e-01
8.19956000e+01 1.00126000e+00 7.98519000e-07 3.36161000e-05 1.00007000e+00 9.99967000e-01
8.21003000e+01 1.00092000e+00 5.82298000e-07 3.22147000e-05 1.00007000e+00 9.99968000e-01
8.22050000e+01 1.00057000e+00 3.60351000e-07 3.04685000e-05 1.00006000e+00 9.99970000e-01
8.23097000e+01 1.00021000e+00 1.35184000e-07 2.83982000e-05 1.00006000e+00 9.99972000e-01
8.24144000e+01 9.99859000e-01 -9.06694000e-08 2.60282000e-05 1.00005000e+00 9.99974000e-01
8.25192000e+01 9.99506000e-01 -3.14675000e-07 2.33859000e-05 1.00005000e+00 9.99976000e-01
8.26239000e+01 9.99161000e-01 -5.34331000e-07 2.05014000e-05 1.00004000e+00 9.99979000e-01
8.27286000e+01 9.98826000e-01 -7.47192000e-07 1.74075000e-05 1.00003000e+00 9.99982000e-01
8.28333000e+01 9.98506000e-01 -9.50899000e-07 1.41390000e-05 1.00003000e+00 9.99985000e-01
8.29380000e+01 9.98203000e-01 -1.14320000e-06 1.07325000e-05 1.00002000e+00 9.99988000e-01
8.30428000e+01 9.97922000e-01 -1.32200000e-06 7.22594000e-06 1.00001000e+00 9.99991000e-01
8.31475000e+01 9.97665000e-01 -1.48532000e-06 3.65802000e-06 1.00001000e+00 9.99995000e-01
8.32522000e+01 9.97436000e-01 -1.63142000e-06 6.80394000e-08 9.99999000e-01 9.99998000e-01
8.33569000e+01 9.97235000e-01 -1.75871000e-06 -3.50471000e-06 9.99991000e-01 1.00000000e+00
8.34616000e+01 9.97067000e-01 -1.86585000e-06 -7.02129000e-06 9.99984000e-01 1.00001000e+00
8.35664000e+01 9.96931000e-01 -1.95172000e-06 -1.04436000e-05 9.99977000e-01 1.00001000e+00
8.36711000e+01 9.96830000e-01 -2.01543000e-06 -1.37348000e-05 9.99971000e-01 1.00001000e+00
8.37758000e+01 9.96765000e-01 -2.05637000e-06 -1.68595000e-05 9.99964000e-01 1.00001000e+00
8.38805000e+01 9.96736000e-01 -2.07416000e-06 -1.97844000e-05 9.99958000e-01 1.00002000e+00
8.39852000e+01 9.96744000e-01 -2.06869000e-06 -2.24787000e-05 9.99953000e-01 1.00002000e+00
8.40900000e+01 9.96787000e-01 -2.04012000e-06 -2.49141000e-05 9.99948000e-01 1.00002000e+00
8.41947000e+01 9.96867000e-01 -1.98885000e-06 -2.70653000e-05 9.99944000e-01 1.00003000e+00
8.42994000e+01 9.96981000e-01 -1.91556000e-06 -2.89101000e-05 9.99940000e-01 1.00003000e+00
8.44041000e+01 9.97128000e-01 -1.82113000e-06 -3.04300000e-05 9.99937000e-01 1.00003000e+00
8.45088000e+01 9.97306000e-01 -1.70671000e-06 -3.16100000e-05 9.99935000e-01 1.00003000e+00
8.46136000e+01 9.97514000e-01 -1.57365000e-06 -3.24388000e-05 9.99934000e-01 1.00003000e+00
8.47183000e+01 9.97749000e-01 -1.42350000e-06 -3.29092000e-05 9.99933000e-01 1.00003000e+00
8.48230000e+01 9.98009000e-01 -1.25801000e-06 -3.30178000e-05 9.99933000e-01 1.00003000e+00
8.49277000e+01 9.98289000e-01 -1.07907000e-06 -3.27651000e-05 9.99933000e-01 1.00003000e+00
8.50324000e+01 9.98588000e-01 -8.88729000e-07 -3.21557000e-05 9.99935000e-01 1.00003000e+00
8.51372000e+01 9.98902000e-01 -6.89154000e-07 -3.11981000e-05 9.99937000e-01 1.00003000e+00
8.52419000e+01 9.99227000e-01 -4.82600000e-07 -2.99043000e-05 9.99940000e-01 1.00003000e+00
8.53466000e+01 9.99560000e-01 -2.71392000e-07 -2.82901000e-05 9.99943000e-01 1.00003000e+00
8.54513000e+01 9.99897000e-01 -5.78995000e-08 -2.63748000e-05 9.99947000e-01 1.00003000e+00
8.55560000e+01 1.00023000e+00 1.55492000e-07 -2.41806000e-05 9.99952000e-01 1.00002000e+00
8.56608000e+01 1.00057000e+00 3.66407000e-07 -2.17330000e-05 9.99957000e-01 1.00002000e+00
8.57655000e+01 1.00089000e+00 5.72505000e-07 -1.90598000e-05 9.99962000e-01 1.00002000e+00
8.58702000e+01 1.00121000e+00 7.71507000e-07 -1.61914000e-05 9.99968000e-01 1.00002000e+00
8.59749000e+01 1.00151000e+00 9.61223000e-07 -1.31599000e-05 9.99975000e-01 1.00001000e+00
8.60796000e+01 1.00179000e+00 1.13957000e-06 -9.99938000e-06 9.99981000e-01 1.00001000e+00
8.61844000e+01 1.00205000e+00 1.30460000e-06 -6.74487000e-06 9.99988000e-01 1.00001000e+00
8.62891000e+01 1.00229000e+00 1.45451000e-06 -3.43239000e-06 9.99995000e-01 1.00000000e+00
8.63938000e+01 1.00250000e+00 1.58770000e-06 -9.83698000e-08 1.00000000e+00 1.00000000e+00
8.64985000e+01 1.00269000e+00 1.70272000e-06 3.22067000e-06 1.00001000e+00 9.99998000e-01
8.66032000e+01 1.00284000e+00 1.79835000e-06 6.48856000e-06 1.00001000e+00 9.99995000e-01
8.67080000e+01 1.00296000e+00 1.87358000e-06 9.66986000e-06 1.00002000e+00 9.99992000e-01
8.68127000e+01 1.00304000e+00 1.92765000e-06 1.27302000e-05 1.00003000e+00 9.99989000e-01
8.69174000e+01 1.00309000e+00 1.96001000e-06 1.56369000e-05 1.00003000e+00 9.99986000e-01
8.70221000e+01 1.00311000e+00 1.97037000e-06 1.83588000e-05 1.00004000e+00 9.99984000e-01
8.71268000e+01 1.00309000e+00 1.95869000e-06 2.08670000e-05 1.00004000e+00 9.99981000e-01
8.72316000e+01 1.00304000e+00 1.92515000e-06 2.31353000e-05 1.00005000e+00 9.99979000e-01
8.73363000e+01 1.00295000e+00 1.87020000e-06 2.51401000e-05 1.00005000e+00 9.99977000e-01
8.74410000e+01 1.00283000e+00 1.79451000e-06 2.68605000e-05 1.00006000e+00 9.99975000e-01
8.75457000e+01 1.00268000e+00 1.69900000e-06 2.82793000e-05 1.00006000e+00 9.99973000e-01
8.76504000e+01 1.00250000e+00 1.58480000e-06 2.93824000e-05 1.00006000e+00 9.99972000e-01
8.77552000e+01 1.00229000e+00 1.45323000e-06 3.01592000e-05 1.00006000e+00 9.99971000e-01
8.78599000e+01 1.00206000e+00 1.30582000e-06 3.06028000e-05 1.00006000e+00 9.99971000e-01
8.79646000e+01 1.00181000e+00 1.14427000e-06 3.07099000e-05 1.00006000e+00 9.99970000e-01
8.80693000e+01 1.00153000e+00 9.70421000e-07 3.04810000e-05 1.00006000e+00 9.99970000e-01
8.81740000e+01 1.00124000e+00 7.86265000e-07 2.99201000e-05 1.00006000e+00 9.99971000e-01
8.82788000e+01 1.00094000e+00 5.93892000e-07 2.90350000e-05 1.00006000e+00 9.99972000e-01
8.83835000e+01 1.00062000e+00 3.95481000e-07 2.78368000e-05 1.00006000e+00 9.99973000e-01
8.84882000e+01 1.00030000e+00 1.93271000e-07 2.63400000e-05 1.00005000e+00 9.99974000e-01
8.85929000e+01 9.99984000e-01 -1.04599000e-08 2.45626000e-05 1.00005000e+00 9.99975000e-01
8.86976000e+01 9.99664000e-01 -2.13426000e-07 2.25251000e-05 1.00004000e+00 9.99977000e-01
8.88024000e+01 9.99349000e-01 -4.13358000e-07 2.02511000e-05 1.00004000e+00 9.99979000e-01
8.89071000e+01 9.99043000e-01 -6.08024000e-07 1.77664000e-05 1.00003000e+00 9.99982000e-01
8.90118000e+01 9.98749000e-01 -7.95261000e-07 1.50993000e-05 1.00003000e+00 9.99984000e-01
8.91165000e+01 9.98469000e-01 -9.72997000e-07 1.22798000e-05 1.00002000e+00 9.99987000e-01
8.92212000e+01 9.98208000e-01 -1.13927000e-06 9.33919000e-06 1.00002000e+00 9.99990000e-01
8.93260000e+01 9.97967000e-01 -1.29226000e-06 6.31032000e-06 1.00001000e+00 9.99992000e-01
8.94307000e+01 9.97750000e-01 -1.43029000e-06 3.22664000e-06 1.00001000e+00 9.99995000e-01
8.95354000e+01 9.97559000e-01 -1.55187000e-06 1.22068000e-07 9.99999000e-01 9.99998000e-01
8.96401000e+01 9.97396000e-01 -1.65570000e-06 -2.96938000e-06 9.99992000e-01 1.00000000e+00
8.97448000e+01 9.97262000e-01 -1.74066000e-06 -6.01402000e-06 9.99986000e-01 1.00000000e+00
8.98495000e+01 9.97159000e-01 -1.80587000e-06 -8.97880000e-06 9.99980000e-01 1.00001000e+00
8.99543000e+01 9.97088000e-01 -1.85067000e-06 -1.18317000e-05 9.99974000e-01 1.00001000e+00
9.00590000e+01 9.97050000e-01 -1.87462000e-06 -1.45422000e-05 9.99969000e-01 1.00001000e+00
9.01637000e+01 9.97045000e-01 -1.87754000e-06 -1.70812000e-05 9.99964000e-01 1.00002000e+00
9.02684000e+01 9.97072000e-01 -1.85945000e-06 -1.94219000e-05 9.99959000e-01 1.00002000e+00
9.03731000e+01 9.97132000e-01 -1.82062000e-06 -2.15395000e-05 9.99955000e-01 1.00002000e+00
9.04779000e+01 9.97224000e-01 -1.76157000e-06 -2.34121000e-05 9.99951000e-01 1.00002000e+00
9.05826000e+01 9.97347000e-01 -1.68302000e-06 -2.50202000e-05 9.99948000e-01 1.00002000e+00
9.06873000e+01 9.97498000e-01 -1.58591000e-06 -2.63476000e-05 9.99946000e-01 1.00002000e+00
9.07920000e+01 9.97678000e-01 -1.47139000e-06 -2.73811000e-05 9.99944000e-01 1.00003000e+00
9.08967000e+01 9.97882000e-01 -1.34079000e-06 -2.81106000e-05 9.99942000e-01 1.00003000e+00
9.10015000e+01 9.98110000e-01 -1.19563000e-06 -2.85296000e-05 9.99942000e-01 1.00003000e+00
9.11062000e+01 9.98358000e-01 -1.03757000e-06 -2.86351000e-05 9.99942000e-01 1.00003000e+00
9.12109000e+01 9.98624000e-01 -8.68420000e-07 -2.84271000e-05 9.99942000e-01 1.00003000e+00
9.13156000e+01 9.98904000e-01 -6.90098000e-07 -2.79096000e-05 9.99943000e-01 1.00003000e+00
9.14203000e+01 9.99196000e-01 -5.04624000e-07 -2.70894000e-05 9.99945000e-01 1.00003000e+00
9.15251000e+01 9.99496000e-01 -3.14088000e-07 -2.59770000e-05 9.99948000e-01 1.00003000e+00
9.16298000e+01 9.99801000e-01 -1.20630000e-07 -2.45859000e-05 9.99951000e-01 1.00002000e+00
9.17345000e+01 1.00011000e+00 7.35842000e-08 -2.29324000e-05 9.99954000e-01 1.00002000e+00
9.18392000e+01 1.00041000e+00 2.66389000e-07 -2.10358000e-05 9.99958000e-01 1.00002000e+00
9.19439000e+01 1.00071000e+00 4.55638000e-07 -1.89180000e-05 9.99963000e-01 1.00002000e+00
9.20487000e+01 1.00100000e+00 6.39236000e-07 -1.66031000e-05 9.99967000e-01 1.00002000e+00
9.21534000e+01 1.00128000e+00 8.15151000e-07 -1.41172000e-05 9.99973000e-01 1.00001000e+00
9.22581000e+01 1.00154000e+00 9.81447000e-07 -1.14883000e-05 9.99978000e-01 1.00001000e+00
9.23628000e+01 1.00179000e+00 1.13630000e-06 -8.74574000e-06 9.99984000e-01 1.00001000e+00
9.24675000e+01 1.00201000e+00 1.27801000e-06 -5.91993000e-06 9.99989000e-01 1.00001000e+00
9.25723000e+01 1.00221000e+00 1.40505000e-06 -3.04215000e-06 9.99995000e-01 1.00000000e+00
9.26770000e+01 1.00239000e+00 1.51602000e-06 -1.44044000e-07 1.00000000e+00 1.00000000e+00
9.27817000e+01 1.00254000e+00 1.60976000e-06 2.74263000e-06 1.00001000e+00 9.99999000e-01
9.28864000e+01 1.00266000e+00 1.68524000e-06 5.58640000e-06 1.00001000e+00 9.99996000e-01
9.29911000e+01 1.00275000e+00 1.74170000e-06 8.35640000e-06 1.00002000e+00 9.99993000e-01
9.30959000e+01 1.00281000e+00 1.77853000e-06 1.10227000e-05 1.00002000e+00 9.99991000e-01
9.32006000e+01 1.00283000e+00 1.79539000e-06 1.35567000e-05 1.00003000e+00 9.99988000e-01
9.33053000e+01 1.00283000e+00 1.79215000e-06 1.59312000e-05 1.00003000e+00 9.99986000e-01
9.34100000e+01 1.00279000e+00 1.76888000e-06 1.81210000e-05 1.00004000e+00 9.99984000e-01
9.35147000e+01 1.00273000e+00 1.72591000e-06 2.01031000e-05 1.00004000e+00 9.99982000e-01
9.36195000e+01 1.00263000e+00 1.66377000e-06 2.18567000e-05 1.00005000e+00 9.99980000e-01
9.37242000e+01 1.00250000e+00 1.58319000e-06 2.33636000e-05 1.00005000e+00 9.99978000e-01
9.38289000e+01 1.00234000e+00 1.48513000e-06 2.46086000e-05 1.00005000e+00 9.99977000e-01
9.39336000e+01 1.00216000e+00 1.37074000e-06 2.55792000e-05 1.00005000e+00 9.99976000e-01
9.40383000e+01 1.00196000e+00 1.24132000e-06 2.62659000e-05 1.00005000e+00 9.99975000e-01
9.41431000e+01 1.00173000e+00 1.09837000e-06 2.66626000e-05 1.00005000e+00 9.99974000e-01
9.42478000e+01 1.00149000e+00 9.43514000e-07 2.67661000e-05 1.00005000e+00 9.99974000e-01
9.43525000e+01 1.00123000e+00 7.78526000e-07 2.65767000e-05 1.00005000e+00 9.99974000e-01
9.44572000e+01 1.00095000e+00 6.05275000e-07 2.60978000e-05 1.00005000e+00 9.99975000e-01
9.45619000e+01 1.00067000e+00 4.25721000e-07 2.53357000e-05 1.00005000e+00 9.99975000e-01
9.46667000e+01 1.00038000e+00 2.41890000e-07 2.43002000e-05 1.00005000e+00 9.99976000e-01
9.47714000e+01 1.00009000e+00 5.58503000e-08 2.30037000e-05 1.00005000e+00 9.99977000e-01
9.48761000e+01 9.99794000e-01 -1.30308000e-07 2.14615000e-05 1.00004000e+00 9.99978000e-01
9.49808000e+01 9.99504000e-01 -3.14501000e-07 1.96915000e-05 1.00004000e+00 9.99980000e-01
9.50855000e+01 9.99220000e-01 -4.94672000e-07 1.77141000e-05 1.00003000e+00 9.99982000e-01
9.51903000e+01 9.98946000e-01 -6.68814000e-07 1.55518000e-05 1.00003000e+00 9.99984000e-01
9.52950000e+01 9.98685000e-01 -8.34993000e-07 1.32290000e-05 1.00003000e+00 9.99986000e-01
9.53997000e+01 9.98439000e-01 -9.91370000e-07 1.07719000e-05 1.00002000e+00 9.99988000e-01
9.55044000e+01 9.98211000e-01 -1.13622000e-06 8.20770000e-06 1.00002000e+00 9.99991000e-01
9.56091000e+01 9.98004000e-01 -1.26796000e-06 5.56503000e-06 1.00001000e+00 9.99993000e-01
9.57139000e+01 9.97820000e-01 -1.38514000e-06 2.87306000e-06 1.00000000e+00 9.99996000e-01
9.58186000e+01 9.97661000e-01 -1.48650000e-06 1.61403000e-07 9.99999000e-01 9.99998000e-01
9.59233000e+01 9.97528000e-01 -1.57094000e-06 -2.54023000e-06 9.99993000e-01 1.00000000e+00
9.60280000e+01 9.97423000e-01 -1.63758000e-06 -5.20238000e-06 9.99988000e-01 1.00000000e+00
9.61327000e+01 9.97347000e-01 -1.68570000e-06 -7.79613000e-06 9.99983000e-01 1.00001000e+00
9.62375000e+01 9.97301000e-01 -1.71483000e-06 -1.02935000e-05 9.99978000e-01 1.00001000e+00
9.63422000e+01 9.97285000e-01 -1.72470000e-06 -1.26675000e-05 9.99973000e-01 1.00001000e+00
9.64469000e+01 9.97299000e-01 -1.71525000e-06 -1.48929000e-05 9.99968000e-01 1.00001000e+00
9.65516000e+01 9.97344000e-01 -1.68665000e-06 -1.69459000e-05 9.99964000e-01 1.00002000e+00
9.66563000e+01 9.97418000e-01 -1.63926000e-06 -1.88049000e-05 9.99961000e-01 1.00002000e+00
9.67611000e+01 9.97520000e-01 -1.57367000e-06 -2.04504000e-05 9.99958000e-01 1.00002000e+00
9.68658000e+01 9.97650000e-01 -1.49066000e-06 -2.18654000e-05 9.99955000e-01 1.00002000e+00
9.69705000e+01 9.97806000e-01 -1.39122000e-06 -2.30354000e-05 9.99953000e-01 1.00002000e+00
9.70752000e+01 9.97985000e-01 -1.27650000e-06 -2.39486000e-05 9.99951000e-01 1.00002000e+00
9.71799000e+01 9.98187000e-01 -1.14783000e-06 -2.45962000e-05 9.99950000e-01 1.00002000e+00
9.72847000e+01 9.98409000e-01 -1.00667000e-06 -2.49723000e-05 9.99949000e-01 1.00002000e+00
9.73894000e+01 9.98648000e-01 -8.54652000e-07 -2.50739000e-05 9.99949000e-01 1.00002000e+00
9.74941000e+01 9.98901000e-01 -6.93490000e-07 -2.49011000e-05 9.99950000e-01 1.00002000e+00
9.75988000e+01 9.99166000e-01 -5.25010000e-07 -2.44569000e-05 9.99951000e-01 1.00002000e+00
9.77035000e+01 9.99440000e-01 -3.51113000e-07 -2.37474000e-05 9.99952000e-01 1.00002000e+00
9.78083000e+01 9.99720000e-01 -1.73754000e-07 -2.27814000e-05 9.99954000e-01 1.00002000e+00
9.79130000e+01 1.00000000e+00 5.07956000e-09 -2.15705000e-05 9.99957000e-01 1.00002000e+00
9.80177000e+01 1.00028000e+00 1.83390000e-07 -2.01291000e-05 9.99960000e-01 1.00002000e+00
9.81224000e+01 1.00056000e+00 3.59189000e-07 -1.84739000e-05 9.99963000e-01 1.00002000e+00
9.82271000e+01 1.00083000e+00 5.30524000e-07 -1.66237000e-05 9.99967000e-01 1.00002000e+00
9.83319000e+01 1.00109000e+00 6.95494000e-07 -1.45998000e-05 9.99971000e-01 1.00002000e+00
9.84366000e+01 1.00134000e+00 8.52278000e-07 -1.24248000e-05 9.99976000e-01 1.00001000e+00
9.85413000e+01 1.00157000e+00 9.99148000e-07 -1.01233000e-05 9.99981000e-01 1.00001000e+00
9.86460000e+01 1.00179000e+00 1.13449000e-06 -7.72082000e-06 9.99986000e-01 1.00001000e+00
9.87507000e+01 1.00198000e+00 1.25682000e-06 -5.24410000e-06 9.99991000e-01 1.00001000e+00
9.88554000e+01 1.00215000e+00 1.36482000e-06 -2.72050000e-06 9.99996000e-01 1.00000000e+00
9.89602000e+01 1.00230000e+00 1.45730000e-06 -1.77773000e-07 1.00000000e+00 1.00000000e+00
9.90649000e+01 1.00242000e+00 1.53328000e-06 2.35622000e-06 1.00001000e+00 9.99999000e-01
9.91696000e+01 1.00251000e+00 1.59194000e-06 4.85384000e-06 1.00001000e+00 9.99997000e-01
9.92743000e+01 1.00258000e+00 1.63268000e-06 7.28795000e-06 1.00002000e+00 9.99994000e-01
9.93790000e+01 1.00261000e+00 1.65508000e-06 9.63223000e-06 1.00002000e+00 9.99992000e-01
9.94838000e+01 1.00262000e+00 1.65892000e-06 1.18615000e-05 1.00003000e+00 9.99990000e-01
9.95885000e+01 1.00260000e+00 1.64422000e-06 1.39517000e-05 1.00003000e+00 9.99988000e-01
9.96932000e+01 1.00254000e+00 1.61118000e-06 1.58808000e-05 1.00003000e+00 9.99986000e-01
9.97979000e+01 1.00246000e+00 1.56020000e-06 1.76283000e-05 1.00004000e+00 9.99984000e-01
9.99026000e+01 1.00235000e+00 1.49190000e-06 1.91759000e-05 1.00004000e+00 9.99982000e-01
1.00007000e+02 1.00222000e+00 1.40708000e-06 2.05075000e-05 1.00004000e+00 9.99981000e-01
1.00112000e+02 1.00206000e+00 1.30672000e-06 2.16094000e-05 1.00004000e+00 9.99980000e-01
1.00217000e+02 1.00188000e+00 1.19198000e-06 2.24706000e-05 1.00005000e+00 9.99979000e-01
1.00322000e+02 1.00168000e+00 1.06417000e-06 2.30826000e-05 1.00005000e+00 9.99978000e-01
1.00426000e+02 1.00146000e+00 9.24754000e-07 2.34399000e-05 1.00005000e+00 9.99977000e-01
1.00531000e+02 1.00122000e+00 7.75312000e-07 2.35395000e-05 1.00005000e+00 9.99977000e-01
1.00636000e+02 1.00097000e+00 6.17539000e-07 2.33814000e-05 1.00005000e+00 9.99977000e-01
1.00740000e+02 1.00071000e+00 4.53218000e-07 2.29685000e-05 1.00005000e+00 9.99977000e-01
1.00845000e+02 1.00045000e+00 2.84203000e-07 2.23062000e-05 1.00004000e+00 9.99978000e-01
1.00950000e+02 1.00018000e+00 1.12396000e-07 2.14029000e-05 1.00004000e+00 9.99979000e-01
1.01055000e+02 9.99903000e-01 -6.02755000e-08 2.02695000e-05 1.00004000e+00 9.99980000e-01
1.01159000e+02 9.99633000e-01 -2.31876000e-07 1.89191000e-05 1.00004000e+00 9.99981000e-01
1.01264000e+02 9.99367000e-01 -4.00486000e-07 1.73676000e-05 1.00003000e+00 9.99982000e-01
1.01369000e+02 9.99110000e-01 -5.64227000e-07 1.56326000e-05 1.00003000e+00 9.99984000e-01
1.01473000e+02 9.98863000e-01 -7.21275000e-07 1.37340000e-05 1.00003000e+00 9.99986000e-01
1.01578000e+02 9.98629000e-01 -8.69888000e-07 1.16930000e-05 1.00002000e+00 9.99987000e-01
1.01683000e+02 9.98411000e-01 -1.00842000e-06 9.53255000e-06 1.00002000e+00 9.99989000e-01
1.01788000e+02 9.98212000e-01 -1.13535000e-06 7.27679000e-06 1.00001000e+00 9.99992000e-01
1.01892000e+02 9.98033000e-01 -1.24927000e-06 4.95074000e-06 1.00001000e+00 9.99994000e-01
1.01997000e+02 9.97876000e-01 -1.34895000e-06 2.58007000e-06 1.00000000e+00 9.99996000e-01
1.02102000e+02 9.97744000e-01 -1.43330000e-06 1.90882000e-07 9.99999000e-01 9.99998000e-01
1.02206000e+02 9.97637000e-01 -1.50141000e-06 -2.19066000e-06 9.99994000e-01 1.00000000e+00
1.02311000e+02 9.97556000e-01 -1.55257000e-06 -4.53857000e-06 9.99989000e-01 1.00000000e+00
1.02416000e+02 9.97503000e-01 -1.58623000e-06 -6.82733000e-06 9.99985000e-01 1.00001000e+00
1.02521000e+02 9.97478000e-01 -1.60207000e-06 -9.03219000e-06 9.99980000e-01 1.00001000e+00
1.02625000e+02 9.97481000e-01 -1.59994000e-06 -1.11294000e-05 9.99976000e-01 1.00001000e+00
1.02730000e+02 9.97512000e-01 -1.57992000e-06 -1.30965000e-05 9.99972000e-01 1.00001000e+00
1.02835000e+02 9.97571000e-01 -1.54228000e-06 -1.49125000e-05 9.99969000e-01 1.00001000e+00
1.02940000e+02 9.97657000e-01 -1.48747000e-06 -1.65582000e-05 9.99965000e-01 1.00002000e+00
1.03044000e+02 9.97768000e-01 -1.41615000e-06 -1.80162000e-05 9.99963000e-01 1.00002000e+00
1.03149000e+02 9.97905000e-01 -1.32916000e-06 -1.92716000e-05 9.99960000e-01 1.00002000e+00
1.03254000e+02 9.98064000e-01 -1.22751000e-06 -2.03112000e-05 9.99958000e-01 1.00002000e+00
1.03358000e+02 9.98245000e-01 -1.11237000e-06 -2.11247000e-05 9.99957000e-01 1.00002000e+00
1.03463000e+02 9.98445000e-01 -9.85056000e-07 -2.17041000e-05 9.99956000e-01 1.00002000e+00
1.03568000e+02 9.98661000e-01 -8.47020000e-07 -2.20439000e-05 9.99955000e-01 1.00002000e+00
1.03673000e+02 9.98893000e-01 -6.99829000e-07 -2.21415000e-05 9.99955000e-01 1.00002000e+00
1.03777000e+02 9.99136000e-01 -5.45150000e-07 -2.19968000e-05 9.99955000e-01 1.00002000e+00
1.03882000e+02 9.99389000e-01 -3.84725000e-07 -2.16122000e-05 9.99956000e-01 1.00002000e+00
1.03987000e+02 9.99648000e-01 -2.20359000e-07 -2.09930000e-05 9.99958000e-01 1.00002000e+00
1.04091000e+02 9.99910000e-01 -5.38967000e-08 -2.01468000e-05 9.99960000e-01 1.00002000e+00
1.04196000e+02 1.00017000e+00 1.12801000e-07 -1.90838000e-05 9.99962000e-01 1.00002000e+00
1.04301000e+02 1.00043000e+00 2.77872000e-07 -1.78166000e-05 9.99965000e-01 1.00002000e+00
1.04406000e+02 1.00069000e+00 4.39478000e-07 -1.63596000e-05 9.99968000e-01 1.00002000e+00
1.04510000e+02 1.00094000e+00 5.95825000e-07 -1.47297000e-05 9.99971000e-01 1.00002000e+00
1.04615000e+02 1.00117000e+00 7.45180000e-07 -1.29452000e-05 9.99975000e-01 1.00001000e+00
1.04720000e+02 1.00139000e+00 8.85890000e-07 -1.10264000e-05 9.99979000e-01 1.00001000e+00
1.04824000e+02 1.00160000e+00 1.01641000e-06 -8.99466000e-06 9.99983000e-01 1.00001000e+00
1.04929000e+02 1.00179000e+00 1.13529000e-06 -6.87267000e-06 9.99987000e-01 1.00001000e+00
1.05034000e+02 1.00196000e+00 1.24125000e-06 -4.68396000e-06 9.99992000e-01 1.00001000e+00
1.05139000e+02 1.00210000e+00 1.33311000e-06 -2.45271000e-06 9.99996000e-01 1.00000000e+00
1.05243000e+02 1.00222000e+00 1.40990000e-06 -2.03461000e-07 1.00000000e+00 1.00000000e+00
1.05348000e+02 1.00232000e+00 1.47077000e-06 2.03914000e-06 1.00001000e+00 9.99999000e-01
1.05453000e+02 1.00239000e+00 1.51509000e-06 4.25062000e-06 1.00001000e+00 9.99997000e-01
1.05558000e+02 1.00244000e+00 1.54238000e-06 6.40695000e-06 1.00001000e+00 9.99995000e-01
1.05662000e+02 1.00245000e+00 1.55239000e-06 8.48477000e-06 1.00002000e+00 9.99993000e-01
1.05767000e+02 1.00244000e+00 1.54502000e-06 1.04617000e-05 1.00002000e+00 9.99991000e-01
1.05872000e+02 1.00240000e+00 1.52040000e-06 1.23165000e-05 1.00003000e+00 9.99989000e-01
1.05976000e+02 1.00233000e+00 1.47884000e-06 1.40295000e-05 1.00003000e+00 9.99987000e-01
1.06081000e+02 1.00224000e+00 1.42083000e-06 1.55824000e-05 1.00003000e+00 9.99986000e-01
1.06186000e+02 1.00213000e+00 1.34704000e-06 1.69589000e-05 1.00004000e+00 9.99984000e-01
1.06291000e+02 1.00199000e+00 1.25834000e-06 1.81447000e-05 1.00004000e+00 9.99983000e-01
1.06395000e+02 1.00182000e+00 1.15574000e-06 1.91276000e-05 1.00004000e+00 9.99982000e-01
1.06500000e+02 1.00164000e+00 1.04041000e-06 1.98976000e-05 1.00004000e+00 9.99981000e-01
1.06605000e+02 1.00144000e+00 9.13670000e-07 2.04471000e-05 1.00004000e+00 9.99980000e-01
1.06709000e+02 1.00122000e+00 7.76954000e-07 2.07710000e-05 1.00004000e+00 9.99980000e-01
1.06814000e+02 1.00100000e+00 6.31811000e-07 2.08666000e-05 1.00004000e+00 9.99980000e-01
1.06919000e+02 1.00076000e+00 4.79880000e-07 2.07338000e-05 1.00004000e+00 9.99980000e-01
1.07024000e+02 1.00051000e+00 3.22871000e-07 2.03749000e-05 1.00004000e+00 9.99980000e-01
1.07128000e+02 1.00025000e+00 1.62552000e-07 1.97947000e-05 1.00004000e+00 9.99980000e-01
1.07233000e+02 1.00000000e+00 7.22016000e-10 1.90004000e-05 1.00004000e+00 9.99981000e-01
