# k S000 S110 S112 S10 S11
1.04720e-01  6.16210e-02  -1.00029e+00  -9.03313e-06  -3.07172e-04  -2.80072e-04
2.09440e-01  6.03558e-02  -1.00029e+00  -8.68686e-06  -3.08028e-04  -2.81967e-04
3.14159e-01  5.83815e-02  -1.00029e+00  -8.09903e-06  -3.09460e-04  -2.85163e-04
4.18879e-01  5.58682e-02  -1.00030e+00  -7.25311e-06  -3.11477e-04  -2.89718e-04
5.23599e-01  5.30042e-02  -1.00030e+00  -6.12495e-06  -3.14090e-04  -2.95715e-04
6.28319e-01  4.99679e-02  -1.00031e+00  -4.68174e-06  -3.17312e-04  -3.03267e-04
7.33038e-01  4.69091e-02  -1.00032e+00  -2.88048e-06  -3.21164e-04  -3.12523e-04
8.37758e-01  4.39419e-02  -1.00032e+00  -6.66028e-07  -3.25666e-04  -3.23668e-04
9.42478e-01  4.11446e-02  -1.00033e+00  2.03170e-06  -3.30845e-04  -3.36940e-04
1.04720e+00  3.85655e-02  -1.00035e+00  5.30129e-06  -3.36729e-04  -3.52633e-04
1.15192e+00  3.62296e-02  -1.00036e+00  9.25464e-06  -3.43353e-04  -3.71117e-04
1.25664e+00  3.41457e-02  -1.00038e+00  1.40335e-05  -3.50754e-04  -3.92855e-04
1.36136e+00  3.23120e-02  -1.00040e+00  1.98179e-05  -3.58975e-04  -4.18429e-04
1.46608e+00  3.07206e-02  -1.00042e+00  2.68384e-05  -3.68062e-04  -4.48578e-04
1.57080e+00  2.93609e-02  -1.00045e+00  3.53921e-05  -3.78068e-04  -4.84244e-04
1.67552e+00  2.82221e-02  -1.00048e+00  4.58654e-05  -3.89047e-04  -5.26643e-04
1.78024e+00  2.72945e-02  -1.00052e+00  5.87663e-05  -4.01062e-04  -5.77361e-04
1.88496e+00  2.65709e-02  -1.00056e+00  7.47701e-05  -4.14179e-04  -6.38490e-04
1.98968e+00  2.60477e-02  -1.00062e+00  9.47872e-05  -4.28468e-04  -7.12830e-04
2.09440e+00  2.57258e-02  -1.00068e+00  1.20063e-04  -4.44005e-04  -8.04193e-04
2.19911e+00  2.56119e-02  -1.00077e+00  1.52329e-04  -4.60867e-04  -9.17853e-04
2.30383e+00  2.57200e-02  -1.00087e+00  1.94040e-04  -4.79136e-04  -1.06126e-03
2.40855e+00  2.60740e-02  -1.00100e+00  2.48745e-04  -4.98895e-04  -1.24513e-03
2.51327e+00  2.67115e-02  -1.00116e+00  3.21693e-04  -5.20226e-04  -1.48531e-03
2.61799e+00  2.76900e-02  -1.00138e+00  4.20836e-04  -5.43209e-04  -1.80572e-03
2.72271e+00  2.90976e-02  -1.00168e+00  5.58512e-04  -5.67917e-04  -2.24345e-03
2.82743e+00  3.10722e-02  -1.00210e+00  7.54278e-04  -5.94414e-04  -2.85725e-03
2.93215e+00  3.38363e-02  -1.00270e+00  1.03948e-03  -6.22749e-04  -3.74120e-03
3.03687e+00  3.77702e-02  -1.00358e+00  1.46344e-03  -6.52949e-04  -5.04326e-03
3.14159e+00  4.35747e-02  -1.00488e+00  2.09555e-03  -6.85011e-04  -6.97165e-03
3.24631e+00  5.26902e-02  -1.00671e+00  2.99402e-03  -7.18896e-04  -9.70097e-03
3.35103e+00  6.86113e-02  -1.00887e+00  4.05560e-03  -7.54517e-04  -1.29213e-02
3.45575e+00  1.02547e-01  -1.01031e+00  4.75760e-03  -7.91726e-04  -1.50645e-02
3.56047e+00  2.20844e-01  -1.00981e+00  4.49139e-03  -8.30311e-04  -1.43045e-02
3.66519e+00  -9.32676e-01  -1.00789e+00  3.51215e-03  -8.69976e-04  -1.14064e-02
3.76991e+00  -1.42424e-01  -1.00590e+00  2.49282e-03  -9.10342e-04  -8.38881e-03
3.87463e+00  -7.52600e-02  -1.00438e+00  1.71676e-03  -9.50937e-04  -6.10120e-03
3.97935e+00  -5.04182e-02  -1.00335e+00  1.17796e-03  -9.91200e-04  -4.52507e-03
4.08407e+00  -3.75627e-02  -1.00265e+00  8.07666e-04  -1.03049e-03  -3.45349e-03
4.18879e+00  -2.97543e-02  -1.00216e+00  5.48371e-04  -1.06809e-03  -2.71321e-03
4.29351e+00  -2.45415e-02  -1.00183e+00  3.61911e-04  -1.10327e-03  -2.18900e-03
4.39823e+00  -2.08378e-02  -1.00158e+00  2.24297e-04  -1.13527e-03  -1.80816e-03
4.50295e+00  -1.80880e-02  -1.00140e+00  1.20474e-04  -1.16338e-03  -1.52481e-03
4.60767e+00  -1.59792e-02  -1.00127e+00  4.08429e-05  -1.18699e-03  -1.30952e-03
4.71239e+00  -1.43216e-02  -1.00116e+00  -2.08730e-05  -1.20557e-03  -1.14296e-03
4.81711e+00  -1.29938e-02  -1.00108e+00  -6.88917e-05  -1.21881e-03  -1.01213e-03
4.92183e+00  -1.19144e-02  -1.00101e+00  -1.06141e-04  -1.22653e-03  -9.08104e-04
5.02655e+00  -1.10269e-02  -1.00096e+00  -1.34724e-04  -1.22877e-03  -8.24594e-04
5.13127e+00  -1.02911e-02  -1.00091e+00  -1.56210e-04  -1.22575e-03  -7.57115e-04
5.23599e+00  -9.67762e-03  -1.00087e+00  -1.71811e-04  -1.21784e-03  -7.02411e-04
5.34071e+00  -9.16458e-03  -1.00084e+00  -1.82491e-04  -1.20557e-03  -6.58098e-04
5.44543e+00  -8.73546e-03  -1.00081e+00  -1.89037e-04  -1.18953e-03  -6.22416e-04
5.55015e+00  -8.37763e-03  -1.00079e+00  -1.92095e-04  -1.17036e-03  -5.94076e-04
5.65487e+00  -8.08138e-03  -1.00076e+00  -1.92198e-04  -1.14874e-03  -5.72145e-04
5.75959e+00  -7.83924e-03  -1.00075e+00  -1.89776e-04  -1.12531e-03  -5.55981e-04
5.86431e+00  -7.64550e-03  -1.00073e+00  -1.85162e-04  -1.10067e-03  -5.45187e-04
5.96903e+00  -7.49584e-03  -1.00072e+00  -1.78593e-04  -1.07537e-03  -5.39593e-04
6.07375e+00  -7.38713e-03  -1.00071e+00  -1.70210e-04  -1.04989e-03  -5.39262e-04
6.17847e+00  -7.31724e-03  -1.00070e+00  -1.60042e-04  -1.02464e-03  -5.44515e-04
6.28319e+00  -7.28497e-03  -1.00070e+00  -1.47985e-04  -9.99951e-04  -5.55995e-04
6.38791e+00  -7.28996e-03  -1.00071e+00  -1.33771e-04  -9.76102e-04  -5.74788e-04
6.49262e+00  -7.33271e-03  -1.00072e+00  -1.16892e-04  -9.53310e-04  -6.02635e-04
6.59734e+00  -7.41460e-03  -1.00074e+00  -9.64775e-05  -9.31741e-04  -6.42308e-04
6.70206e+00  -7.53802e-03  -1.00077e+00  -7.10543e-05  -9.11518e-04  -6.98355e-04
6.80678e+00  -7.70648e-03  -1.00082e+00  -3.80466e-05  -8.92730e-04  -7.78591e-04
6.91150e+00  -7.92485e-03  -1.00089e+00  7.35182e-06  -8.75438e-04  -8.97493e-04
7.01622e+00  -8.19974e-03  -1.00101e+00  7.51004e-05  -8.59677e-04  -1.08498e-03
7.12094e+00  -8.53995e-03  -1.00122e+00  1.89544e-04  -8.45470e-04  -1.41410e-03
7.22566e+00  -8.95722e-03  -1.00169e+00  4.29712e-04  -8.32825e-04  -2.12196e-03
7.33038e+00  -9.46731e-03  -1.00338e+00  1.27823e-03  -8.21741e-04  -4.65643e-03
7.43510e+00  -1.00916e-02  -9.89411e-01  -5.70044e-03  -8.12213e-04  1.62891e-02
7.53982e+00  -1.08597e-02  -9.98396e-01  -1.20431e-03  -8.04232e-04  2.80868e-03
7.64454e+00  -1.18134e-02  -9.99268e-01  -7.65025e-04  -7.97787e-04  1.49729e-03
7.74926e+00  -1.30135e-02  -9.99595e-01  -5.99157e-04  -7.92872e-04  1.00460e-03
7.85398e+00  -1.45520e-02  -9.99765e-01  -5.12464e-04  -7.89478e-04  7.47912e-04
7.95870e+00  -1.65741e-02  -9.99868e-01  -4.59656e-04  -7.87603e-04  5.91366e-04
8.06342e+00  -1.93232e-02  -9.99938e-01  -4.24593e-04  -7.87246e-04  4.86532e-04
8.16814e+00  -2.32399e-02  -9.99988e-01  -4.00085e-04  -7.88414e-04  4.11841e-04
8.27286e+00  -2.92126e-02  -1.00003e+00  -3.82450e-04  -7.91117e-04  3.56231e-04
8.37758e+00  -3.93372e-02  -1.00006e+00  -3.69608e-04  -7.95372e-04  3.13451e-04
8.48230e+00  -6.00211e-02  -1.00008e+00  -3.60300e-04  -8.01199e-04  2.79702e-04
8.58702e+00  -1.24800e-01  -1.00010e+00  -3.53725e-04  -8.08628e-04  2.52547e-04
8.69174e+00  2.16718e+00  -1.00012e+00  -3.49348e-04  -8.17693e-04  2.30350e-04
8.79646e+00  1.14912e-01  -1.00013e+00  -3.46804e-04  -8.28435e-04  2.11975e-04
8.90118e+00  6.00521e-02  -1.00015e+00  -3.45837e-04  -8.40902e-04  1.96609e-04
9.00590e+00  4.12266e-02  -1.00016e+00  -3.46267e-04  -8.55146e-04  1.83656e-04
9.11062e+00  3.17840e-02  -1.00018e+00  -3.47965e-04  -8.71227e-04  1.72669e-04
9.21534e+00  2.61628e-02  -1.00019e+00  -3.50839e-04  -8.89208e-04  1.63309e-04
9.32006e+00  2.24764e-02  -1.00020e+00  -3.54825e-04  -9.09160e-04  1.55314e-04
9.42478e+00  1.99089e-02  -1.00021e+00  -3.59877e-04  -9.31154e-04  1.48478e-04
9.52950e+00  1.80508e-02  -1.00022e+00  -3.65969e-04  -9.55266e-04  1.42641e-04
9.63422e+00  1.66745e-02  -1.00024e+00  -3.73081e-04  -9.81570e-04  1.37673e-04
9.73894e+00  1.56446e-02  -1.00025e+00  -3.81205e-04  -1.01014e-03  1.33472e-04
9.84366e+00  1.48758e-02  -1.00026e+00  -3.90336e-04  -1.04105e-03  1.29956e-04
9.94838e+00  1.43130e-02  -1.00027e+00  -4.00473e-04  -1.07436e-03  1.27060e-04
1.00531e+01  1.39199e-02  -1.00029e+00  -4.11616e-04  -1.11012e-03  1.24733e-04
1.01578e+01  1.36726e-02  -1.00030e+00  -4.23763e-04  -1.14835e-03  1.22935e-04
1.02625e+01  1.35567e-02  -1.00032e+00  -4.36905e-04  -1.18908e-03  1.21637e-04
1.03673e+01  1.35642e-02  -1.00033e+00  -4.51029e-04  -1.23227e-03  1.20817e-04
1.04720e+01  1.36933e-02  -1.00035e+00  -4.66110e-04  -1.27787e-03  1.20463e-04
1.05767e+01  1.39479e-02  -1.00036e+00  -4.82110e-04  -1.32576e-03  1.20570e-04
1.06814e+01  1.43374e-02  -1.00038e+00  -4.98971e-04  -1.37577e-03  1.21141e-04
1.07861e+01  1.48784e-02  -1.00039e+00  -5.16619e-04  -1.42767e-03  1.22185e-04
1.08909e+01  1.55960e-02  -1.00041e+00  -5.34952e-04  -1.48114e-03  1.23720e-04
1.09956e+01  1.65275e-02  -1.00043e+00  -5.53843e-04  -1.53576e-03  1.25773e-04
1.11003e+01  1.77274e-02  -1.00044e+00  -5.73138e-04  -1.59103e-03  1.28379e-04
1.12050e+01  1.92769e-02  -1.00046e+00  -5.92649e-04  -1.64636e-03  1.31587e-04
1.13097e+01  2.12999e-02  -1.00048e+00  -6.12165e-04  -1.70104e-03  1.35457e-04
1.14145e+01  2.39940e-02  -1.00049e+00  -6.31447e-04  -1.75428e-03  1.40066e-04
1.15192e+01  2.76919e-02  -1.00050e+00  -6.50239e-04  -1.80521e-03  1.45508e-04
1.16239e+01  3.29981e-02  -1.00052e+00  -6.68276e-04  -1.85292e-03  1.51905e-04
1.17286e+01  4.11359e-02  -1.00053e+00  -6.85298e-04  -1.89648e-03  1.59408e-04
1.18333e+01  5.50044e-02  -1.00053e+00  -7.01064e-04  -1.93498e-03  1.68210e-04
1.19381e+01  8.35339e-02  -1.00054e+00  -7.15376e-04  -1.96757e-03  1.78555e-04
1.20428e+01  1.74335e-01  -1.00054e+00  -7.28092e-04  -1.99351e-03  1.90762e-04
1.21475e+01  -2.11942e+00  -1.00053e+00  -7.39157e-04  -2.01223e-03  2.05244e-04
1.22522e+01  -1.51502e-01  -1.00053e+00  -7.48622e-04  -2.02331e-03  2.22557e-04
1.23569e+01  -7.93652e-02  -1.00051e+00  -7.56675e-04  -2.02658e-03  2.43449e-04
1.24617e+01  -5.42831e-02  -1.00049e+00  -7.63674e-04  -2.02206e-03  2.68965e-04
1.25664e+01  -4.16304e-02  -1.00047e+00  -7.70195e-04  -2.00999e-03  3.00596e-04
1.26711e+01  -3.40665e-02  -1.00044e+00  -7.77118e-04  -1.99081e-03  3.40543e-04
1.27758e+01  -2.90843e-02  -1.00039e+00  -7.85771e-04  -1.96512e-03  3.92197e-04
1.28805e+01  -2.55947e-02  -1.00034e+00  -7.98225e-04  -1.93362e-03  4.61054e-04
1.29852e+01  -2.30491e-02  -1.00026e+00  -8.17920e-04  -1.89712e-03  5.56637e-04
1.30900e+01  -2.11414e-02  -1.00015e+00  -8.51152e-04  -1.85646e-03  6.96994e-04
1.31947e+01  -1.96884e-02  -9.99990e-01  -9.11135e-04  -1.81247e-03  9.20937e-04
1.32994e+01  -1.85738e-02  -9.99702e-01  -1.03193e-03  -1.76595e-03  1.32986e-03
1.34041e+01  -1.77211e-02  -9.99040e-01  -1.33876e-03  -1.71766e-03  2.29864e-03
1.35088e+01  -1.70784e-02  -9.95687e-01  -2.99063e-03  -1.66827e-03  7.30362e-03
1.36136e+01  -1.66100e-02  -1.00528e+00  1.82909e-03  -1.61838e-03  -7.10565e-03
1.37183e+01  -1.62911e-02  -1.00220e+00  3.18042e-04  -1.56851e-03  -2.52263e-03
1.38230e+01  -1.61050e-02  -1.00157e+00  2.37564e-05  -1.51907e-03  -1.59034e-03
1.39277e+01  -1.60405e-02  -1.00129e+00  -9.17784e-05  -1.47043e-03  -1.19509e-03
1.40324e+01  -1.60915e-02  -1.00113e+00  -1.47279e-04  -1.42285e-03  -9.81013e-04
1.41372e+01  -1.62557e-02  -1.00103e+00  -1.75368e-04  -1.37654e-03  -8.50437e-04
1.42419e+01  -1.65345e-02  -1.00095e+00  -1.88609e-04  -1.33166e-03  -7.65831e-04
1.43466e+01  -1.69324e-02  -1.00090e+00  -1.92820e-04  -1.28830e-03  -7.09843e-04
1.44513e+01  -1.74579e-02  -1.00086e+00  -1.91007e-04  -1.24654e-03  -6.73518e-04
1.45560e+01  -1.81233e-02  -1.00084e+00  -1.84811e-04  -1.20640e-03  -6.51962e-04
1.46608e+01  -1.89455e-02  -1.00082e+00  -1.75117e-04  -1.16788e-03  -6.42525e-04
1.47655e+01  -1.99467e-02  -1.00081e+00  -1.62330e-04  -1.13096e-03  -6.43972e-04
1.48702e+01  -2.11564e-02  -1.00080e+00  -1.46495e-04  -1.09562e-03  -6.56132e-04
1.49749e+01  -2.26124e-02  -1.00081e+00  -1.27324e-04  -1.06180e-03  -6.79830e-04
1.50796e+01  -2.43641e-02  -1.00082e+00  -1.04136e-04  -1.02946e-03  -7.17051e-04
1.51844e+01  -2.64759e-02  -1.00085e+00  -7.57039e-05  -9.98526e-04  -7.71414e-04
1.52891e+01  -2.90324e-02  -1.00089e+00  -3.99154e-05  -9.68943e-04  -8.49197e-04
1.53938e+01  -3.21459e-02  -1.00095e+00  6.96146e-06  -9.40647e-04  -9.61531e-04
1.54985e+01  -3.59663e-02  -1.00106e+00  7.19714e-05  -9.13571e-04  -1.12949e-03
1.56032e+01  -4.06973e-02  -1.00123e+00  1.69974e-04  -8.87654e-04  -1.39758e-03
1.57080e+01  -4.66169e-02  -1.00154e+00  3.38360e-04  -8.62834e-04  -1.87791e-03
1.58127e+01  -5.41098e-02  -1.00225e+00  7.05355e-04  -8.39053e-04  -2.95512e-03
1.59174e+01  -6.37099e-02  -1.00520e+00  2.19033e-03  -8.16256e-04  -7.38723e-03
1.60221e+01  -7.61575e-02  -9.91297e-01  -4.74851e-03  -7.94392e-04  1.34511e-02
1.61268e+01  -9.24593e-02  -9.97947e-01  -1.41335e-03  -7.73411e-04  3.46664e-03
1.62316e+01  -1.13908e-01  -9.98930e-01  -9.11559e-04  -7.53270e-04  1.98141e-03
1.63363e+01  -1.41923e-01  -9.99320e-01  -7.07142e-04  -7.33928e-04  1.38750e-03
1.64410e+01  -1.77353e-01  -9.99525e-01  -5.95238e-04  -7.15346e-04  1.07037e-03
1.65457e+01  -2.18605e-01  -9.99649e-01  -5.24118e-04  -6.97491e-04  8.74863e-04
1.66504e+01  -2.58485e-01  -9.99731e-01  -4.74638e-04  -6.80331e-04  7.43583e-04
1.67552e+01  -2.83123e-01  -9.99788e-01  -4.38080e-04  -6.63839e-04  6.50401e-04
1.68599e+01  -2.79993e-01  -9.99828e-01  -4.09909e-04  -6.47989e-04  5.81738e-04
1.69646e+01  -2.50602e-01  -9.99858e-01  -3.87540e-04  -6.32758e-04  5.29861e-04
1.70693e+01  -2.08853e-01  -9.99879e-01  -3.69397e-04  -6.18127e-04  4.90063e-04
1.71740e+01  -1.67782e-01  -9.99895e-01  -3.54471e-04  -6.04077e-04  4.59336e-04
1.72788e+01  -1.33361e-01  -9.99906e-01  -3.42095e-04  -5.90592e-04  4.35694e-04
1.73835e+01  -1.06482e-01  -9.99914e-01  -3.31817e-04  -5.77657e-04  4.17794e-04
1.74882e+01  -8.60324e-02  -9.99919e-01  -3.23330e-04  -5.65258e-04  4.04732e-04
1.75929e+01  -7.05384e-02  -9.99921e-01  -3.16432e-04  -5.53385e-04  3.95910e-04
1.76976e+01  -5.87227e-02  -9.99920e-01  -3.10997e-04  -5.42025e-04  3.90966e-04
1.78024e+01  -4.96113e-02  -9.99917e-01  -3.06968e-04  -5.31170e-04  3.89735e-04
1.79071e+01  -4.24950e-02  -9.99912e-01  -3.04347e-04  -5.20810e-04  3.92231e-04
1.80118e+01  -3.68646e-02  -9.99905e-01  -3.03198e-04  -5.10938e-04  3.98655e-04
1.81165e+01  -3.23544e-02  -9.99894e-01  -3.03657e-04  -5.01545e-04  4.09427e-04
1.82212e+01  -2.86999e-02  -9.99881e-01  -3.05957e-04  -4.92625e-04  4.25247e-04
1.83260e+01  -2.57079e-02  -9.99863e-01  -3.10460e-04  -4.84170e-04  4.47210e-04
1.84307e+01  -2.32352e-02  -9.99841e-01  -3.17727e-04  -4.76176e-04  4.77006e-04
1.85354e+01  -2.11751e-02  -9.99811e-01  -3.28640e-04  -4.68637e-04  5.17284e-04
1.86401e+01  -1.94463e-02  -9.99772e-01  -3.44631e-04  -4.61546e-04  5.72346e-04
1.87448e+01  -1.79868e-02  -9.99719e-01  -3.68159e-04  -4.54899e-04  6.49576e-04
1.88496e+01  -1.67485e-02  -9.99641e-01  -4.03794e-04  -4.48693e-04  7.62691e-04
1.89543e+01  -1.56939e-02  -9.99521e-01  -4.61050e-04  -4.42921e-04  9.40229e-04
1.90590e+01  -1.47934e-02  -9.99311e-01  -5.63460e-04  -4.37581e-04  1.25280e-03
1.91637e+01  -1.40234e-02  -9.98854e-01  -7.89355e-04  -4.32669e-04  1.93540e-03
1.92684e+01  -1.33651e-02  -9.97123e-01  -1.65275e-03  -4.28183e-04  4.53007e-03
1.93732e+01  -1.28036e-02  -1.00774e+00  3.65695e-03  -4.24118e-04  -1.13950e-02
1.94779e+01  -1.23265e-02  -1.00178e+00  6.79106e-04  -4.20474e-04  -2.45779e-03
1.95826e+01  -1.19242e-02  -1.00105e+00  3.14713e-04  -4.17248e-04  -1.36139e-03
1.96873e+01  -1.15887e-02  -1.00076e+00  1.73766e-04  -4.14440e-04  -9.35737e-04
1.97920e+01  -1.13138e-02  -1.00061e+00  9.95444e-05  -4.12048e-04  -7.10681e-04
1.98968e+01  -1.10946e-02  -1.00052e+00  5.40449e-05  -4.10072e-04  -5.72207e-04
2.00015e+01  -1.09271e-02  -1.00046e+00  2.34703e-05  -4.08513e-04  -4.78924e-04
2.01062e+01  -1.08087e-02  -1.00041e+00  1.60635e-06  -4.07372e-04  -4.12191e-04
2.02109e+01  -1.07375e-02  -1.00038e+00  -1.47573e-05  -4.06650e-04  -3.62378e-04
2.03156e+01  -1.07124e-02  -1.00035e+00  -2.74456e-05  -4.06350e-04  -3.24013e-04
2.04204e+01  -1.07332e-02  -1.00033e+00  -3.75720e-05  -4.06473e-04  -2.93757e-04
2.05251e+01  -1.08005e-02  -1.00032e+00  -4.58541e-05  -4.07025e-04  -2.69462e-04
2.06298e+01  -1.09159e-02  -1.00030e+00  -5.27745e-05  -4.08008e-04  -2.49684e-04
2.07345e+01  -1.10819e-02  -1.00029e+00  -5.86696e-05  -4.09427e-04  -2.33418e-04
2.08392e+01  -1.13019e-02  -1.00028e+00  -6.37806e-05  -4.11287e-04  -2.19945e-04
2.09440e+01  -1.15808e-02  -1.00028e+00  -6.82848e-05  -4.13595e-04  -2.08740e-04
2.10487e+01  -1.19249e-02  -1.00027e+00  -7.23147e-05  -4.16356e-04  -1.99412e-04
2.11534e+01  -1.23425e-02  -1.00027e+00  -7.59712e-05  -4.19577e-04  -1.91663e-04
2.12581e+01  -1.28442e-02  -1.00026e+00  -7.93320e-05  -4.23265e-04  -1.85269e-04
2.13628e+01  -1.34439e-02  -1.00026e+00  -8.24573e-05  -4.27427e-04  -1.80055e-04
2.14675e+01  -1.41595e-02  -1.00026e+00  -8.53939e-05  -4.32071e-04  -1.75890e-04
2.15723e+01  -1.50145e-02  -1.00026e+00  -8.81778e-05  -4.37205e-04  -1.72671e-04
2.16770e+01  -1.60406e-02  -1.00026e+00  -9.08367e-05  -4.42835e-04  -1.70325e-04
2.17817e+01  -1.72804e-02  -1.00026e+00  -9.33905e-05  -4.48969e-04  -1.68798e-04
2.18864e+01  -1.87935e-02  -1.00026e+00  -9.58530e-05  -4.55614e-04  -1.68055e-04
2.19911e+01  -2.06645e-02  -1.00027e+00  -9.82320e-05  -4.62774e-04  -1.68078e-04
2.20959e+01  -2.30183e-02  -1.00027e+00  -1.00529e-04  -4.70455e-04  -1.68866e-04
2.22006e+01  -2.60472e-02  -1.00027e+00  -1.02742e-04  -4.78659e-04  -1.70434e-04
2.23053e+01  -3.00617e-02  -1.00028e+00  -1.04859e-04  -4.87388e-04  -1.72812e-04
2.24100e+01  -3.55995e-02  -1.00028e+00  -1.06864e-04  -4.96642e-04  -1.76049e-04
2.25147e+01  -4.36774e-02  -1.00029e+00  -1.08733e-04  -5.06416e-04  -1.80217e-04
2.26195e+01  -5.64783e-02  -1.00030e+00  -1.10432e-04  -5.16704e-04  -1.85408e-04
2.27242e+01  -7.96930e-02  -1.00030e+00  -1.11916e-04  -5.27496e-04  -1.91748e-04
2.28289e+01  -1.34293e-01  -1.00031e+00  -1.13126e-04  -5.38777e-04  -1.99399e-04
2.29336e+01  -4.12545e-01  -1.00032e+00  -1.13986e-04  -5.50530e-04  -2.08572e-04
2.30383e+01  4.00462e-01  -1.00033e+00  -1.14395e-04  -5.62729e-04  -2.19542e-04
2.31431e+01  1.37055e-01  -1.00035e+00  -1.14224e-04  -5.75345e-04  -2.32672e-04
2.32478e+01  8.36483e-02  -1.00036e+00  -1.13299e-04  -5.88343e-04  -2.48446e-04
2.33525e+01  6.07711e-02  -1.00038e+00  -1.11388e-04  -6.01682e-04  -2.67519e-04
2.34572e+01  4.81188e-02  -1.00040e+00  -1.08171e-04  -6.15315e-04  -2.90802e-04
2.35619e+01  4.01265e-02  -1.00042e+00  -1.03199e-04  -6.29187e-04  -3.19589e-04
2.36667e+01  3.46487e-02  -1.00045e+00  -9.58182e-05  -6.43239e-04  -3.55784e-04
2.37714e+01  3.06829e-02  -1.00049e+00  -8.50361e-05  -6.57405e-04  -4.02297e-04
2.38761e+01  2.76978e-02  -1.00053e+00  -6.92683e-05  -6.71618e-04  -4.63813e-04
2.39808e+01  2.53859e-02  -1.00059e+00  -4.58107e-05  -6.85803e-04  -5.48371e-04
2.40855e+01  2.35566e-02  -1.00068e+00  -9.62346e-06  -6.99886e-04  -6.71015e-04
2.41903e+01  2.20860e-02  -1.00081e+00  4.99144e-05  -7.13790e-04  -8.63533e-04
2.42950e+01  2.08896e-02  -1.00105e+00  1.59750e-04  -7.27441e-04  -1.20669e-03
2.43997e+01  1.99083e-02  -1.00157e+00  4.14276e-04  -7.40768e-04  -1.98360e-03
2.45044e+01  1.90993e-02  -1.00383e+00  1.54032e-03  -7.53706e-04  -5.37466e-03
2.46091e+01  1.84309e-02  -9.94872e-01  -2.94721e-03  -7.66196e-04  8.07543e-03
2.47139e+01  1.78792e-02  -9.98687e-01  -1.04568e-03  -7.78191e-04  2.35886e-03
2.48186e+01  1.74259e-02  -9.99328e-01  -7.30901e-04  -7.89654e-04  1.40305e-03
2.49233e+01  1.70566e-02  -9.99593e-01  -6.03956e-04  -8.00562e-04  1.01131e-03
2.50280e+01  1.67603e-02  -9.99737e-01  -5.36779e-04  -8.10910e-04  7.99428e-04
2.51327e+01  1.65278e-02  -9.99828e-01  -4.96122e-04  -8.20705e-04  6.67661e-04
2.52375e+01  1.63520e-02  -9.99891e-01  -4.69518e-04  -8.29975e-04  5.78579e-04
2.53422e+01  1.62269e-02  -9.99936e-01  -4.51251e-04  -8.38762e-04  5.14992e-04
2.54469e+01  1.61480e-02  -9.99970e-01  -4.38346e-04  -8.47128e-04  4.67909e-04
2.55516e+01  1.61111e-02  -9.99997e-01  -4.29109e-04  -8.55150e-04  4.32175e-04
2.56563e+01  1.61132e-02  -1.00002e+00  -4.22520e-04  -8.62924e-04  4.04635e-04
2.57611e+01  1.61517e-02  -1.00003e+00  -4.17938e-04  -8.70559e-04  3.83255e-04
2.58658e+01  1.62244e-02  -1.00005e+00  -4.14952e-04  -8.78181e-04  3.66675e-04
2.59705e+01  1.63297e-02  -1.00006e+00  -4.13297e-04  -8.85931e-04  3.53960e-04
2.60752e+01  1.64661e-02  -1.00007e+00  -4.12805e-04  -8.93962e-04  3.44454e-04
2.61799e+01  1.66326e-02  -1.00008e+00  -4.13380e-04  -9.02443e-04  3.37696e-04
2.62847e+01  1.68285e-02  -1.00008e+00  -4.14973e-04  -9.11559e-04  3.33361e-04
2.63894e+01  1.70532e-02  -1.00009e+00  -4.17580e-04  -9.21509e-04  3.31230e-04
2.64941e+01  1.73066e-02  -1.00009e+00  -4.21225e-04  -9.32511e-04  3.31164e-04
2.65988e+01  1.75886e-02  -1.00009e+00  -4.25966e-04  -9.44805e-04  3.33092e-04
2.67035e+01  1.78996e-02  -1.00009e+00  -4.31886e-04  -9.58657e-04  3.37002e-04
2.68083e+01  1.82399e-02  -1.00010e+00  -4.39100e-04  -9.74362e-04  3.42939e-04
2.69130e+01  1.86104e-02  -1.00010e+00  -4.47753e-04  -9.92256e-04  3.51002e-04
2.70177e+01  1.90123e-02  -1.00010e+00  -4.58026e-04  -1.01273e-03  3.61354e-04
2.71224e+01  1.94468e-02  -1.00010e+00  -4.70147e-04  -1.03622e-03  3.74225e-04
2.72271e+01  1.99159e-02  -1.00009e+00  -4.84396e-04  -1.06326e-03  3.89929e-04
2.73319e+01  2.04217e-02  -1.00009e+00  -5.01122e-04  -1.09449e-03  4.08881e-04
2.74366e+01  2.09669e-02  -1.00009e+00  -5.20766e-04  -1.13067e-03  4.31629e-04
2.75413e+01  2.15547e-02  -1.00008e+00  -5.43886e-04  -1.17276e-03  4.58897e-04
2.76460e+01  2.21890e-02  -1.00008e+00  -5.71203e-04  -1.22196e-03  4.91644e-04
2.77507e+01  2.28745e-02  -1.00007e+00  -6.03657e-04  -1.27981e-03  5.31163e-04
2.78555e+01  2.36165e-02  -1.00006e+00  -6.42505e-04  -1.34829e-03  5.79221e-04
2.79602e+01  2.44218e-02  -1.00005e+00  -6.89461e-04  -1.43009e-03  6.38295e-04
2.80649e+01  2.52980e-02  -1.00003e+00  -7.46923e-04  -1.52883e-03  7.11944e-04
2.81696e+01  2.62545e-02  -1.00001e+00  -8.18356e-04  -1.64960e-03  8.05466e-04
2.82743e+01  2.73025e-02  -9.99982e-01  -9.08961e-04  -1.79979e-03  9.27089e-04
2.83791e+01  2.84556e-02  -9.99937e-01  -1.02693e-03  -1.99051e-03  1.09029e-03
2.84838e+01  2.97301e-02  -9.99867e-01  -1.18600e-03  -2.23926e-03  1.31874e-03
2.85885e+01  3.11462e-02  -9.99753e-01  -1.41120e-03  -2.57544e-03  1.65817e-03
2.86932e+01  3.27287e-02  -9.99544e-01  -1.75400e-03  -3.05233e-03  2.20966e-03
2.87979e+01  3.45086e-02  -9.99093e-01  -2.34244e-03  -3.77768e-03  3.24965e-03
2.89027e+01  3.65251e-02  -9.97735e-01  -3.63585e-03  -5.00714e-03  5.90040e-03
2.90074e+01  3.88283e-02  -9.85263e-01  -1.11339e-02  -7.53058e-03  2.58712e-02
2.91121e+01  4.14835e-02  -1.01313e+00  -1.22988e-03  -1.55939e-02  -1.19042e-02
2.92168e+01  4.45775e-02  -9.48521e-01  5.65337e-02  1.64546e-01  -5.05508e-03
2.93215e+01  4.82277e-02  -9.97911e-01  5.39802e-03  1.28851e-02  -3.30893e-03
2.94263e+01  5.25975e-02  -9.99462e-01  3.05900e-03  6.65608e-03  -2.52093e-03
2.95310e+01  5.79208e-02  -9.99897e-01  2.18319e-03  4.46975e-03  -2.07982e-03
2.96357e+01  6.45453e-02  -1.00008e+00  1.72062e-03  3.35773e-03  -1.80414e-03
2.97404e+01  7.30107e-02  -1.00019e+00  1.43580e-03  2.68628e-03  -1.62112e-03
2.98451e+01  8.42033e-02  -1.00025e+00  1.24479e-03  2.23823e-03  -1.49615e-03
2.99498e+01  9.96863e-02  -1.00030e+00  1.10994e-03  1.91900e-03  -1.41083e-03
3.00546e+01  1.22501e-01  -1.00034e+00  1.01186e-03  1.68079e-03  -1.35478e-03
3.01593e+01  1.59452e-01  -1.00038e+00  9.39607e-04  1.49688e-03  -1.32194e-03
3.02640e+01  2.29543e-01  -1.00042e+00  8.86685e-04  1.35114e-03  -1.30892e-03
3.03687e+01  4.13508e-01  -1.00047e+00  8.49132e-04  1.23325e-03  -1.31415e-03
3.04734e+01  2.18768e+00  -1.00051e+00  8.24608e-04  1.13633e-03  -1.33749e-03
3.05782e+01  -6.54764e-01  -1.00057e+00  8.11936e-04  1.05561e-03  -1.38019e-03
3.06829e+01  -2.82888e-01  -1.00063e+00  8.10924e-04  9.87677e-04  -1.44509e-03
3.07876e+01  -1.79652e-01  -1.00071e+00  8.22390e-04  9.30017e-04  -1.53715e-03
3.08923e+01  -1.31203e-01  -1.00082e+00  8.48438e-04  8.80759e-04  -1.66455e-03
3.09970e+01  -1.03072e-01  -1.00095e+00  8.93119e-04  8.38474e-04  -1.84088e-03
3.11018e+01  -8.46901e-02  -1.00113e+00  9.63886e-04  8.02051e-04  -2.08961e-03
3.12065e+01  -7.17356e-02  -1.00138e+00  1.07496e-03  7.70623e-04  -2.45425e-03
3.13112e+01  -6.21115e-02  -1.00177e+00  1.25609e-03  7.43497e-04  -3.02476e-03
3.14159e+01  -5.46776e-02  -1.00244e+00  1.58021e-03  7.20122e-04  -4.02051e-03
3.15206e+01  -4.87607e-02  -1.00387e+00  2.28402e-03  7.00052e-04  -6.15201e-03
3.16254e+01  -4.39376e-02  -1.00893e+00  4.80517e-03  6.82924e-04  -1.37326e-02
3.17301e+01  -3.99293e-02  -9.65962e-01  -1.66845e-02  6.68447e-04  5.07221e-02
3.18348e+01  -3.65441e-02  -9.93949e-01  -2.69723e-03  6.56380e-04  8.74807e-03
3.19395e+01  -3.36464e-02  -9.96613e-01  -1.37006e-03  6.46532e-04  4.75671e-03
3.20442e+01  -3.11371e-02  -9.97614e-01  -8.73763e-04  6.38746e-04  3.26004e-03
3.21490e+01  -2.89427e-02  -9.98135e-01  -6.15856e-04  6.32902e-04  2.48047e-03
3.22537e+01  -2.70070e-02  -9.98454e-01  -4.58696e-04  6.28903e-04  2.00499e-03
3.23584e+01  -2.52869e-02  -9.98667e-01  -3.53312e-04  6.26681e-04  1.68662e-03
3.24631e+01  -2.37483e-02  -9.98818e-01  -2.77918e-04  6.26187e-04  1.45994e-03
3.25678e+01  -2.23643e-02  -9.98930e-01  -2.21349e-04  6.27396e-04  1.29144e-03
3.26726e+01  -2.11131e-02  -9.99015e-01  -1.77296e-04  6.30299e-04  1.16219e-03
3.27773e+01  -1.99770e-02  -9.99081e-01  -1.41922e-04  6.34909e-04  1.06067e-03
3.28820e+01  -1.89416e-02  -9.99133e-01  -1.12759e-04  6.41256e-04  9.79533e-04
3.29867e+01  -1.79950e-02  -9.99174e-01  -8.81435e-05  6.49390e-04  9.13820e-04
3.30914e+01  -1.71269e-02  -9.99207e-01  -6.69101e-05  6.59379e-04  8.60110e-04
3.31962e+01  -1.63292e-02  -9.99232e-01  -4.82133e-05  6.71316e-04  8.15956e-04
3.33009e+01  -1.55945e-02  -9.99252e-01  -3.14200e-05  6.85313e-04  7.79573e-04
3.34056e+01  -1.49169e-02  -9.99266e-01  -1.60412e-05  7.01511e-04  7.49634e-04
3.35103e+01  -1.42911e-02  -9.99277e-01  -1.68722e-06  7.20076e-04  7.25138e-04
3.36150e+01  -1.37127e-02  -9.99283e-01  1.19629e-05  7.41210e-04  7.05321e-04
3.37198e+01  -1.31776e-02  -9.99285e-01  2.51833e-05  7.65151e-04  6.89601e-04
3.38245e+01  -1.26826e-02  -9.99284e-01  3.82169e-05  7.92181e-04  6.77530e-04
3.39292e+01  -1.22247e-02  -9.99280e-01  5.12881e-05  8.22633e-04  6.68769e-04
3.40339e+01  -1.18012e-02  -9.99272e-01  6.46127e-05  8.56903e-04  6.63065e-04
3.41386e+01  -1.14098e-02  -9.99261e-01  7.84074e-05  8.95459e-04  6.60236e-04
3.42434e+01  -1.10485e-02  -9.99247e-01  9.28979e-05  9.38857e-04  6.60163e-04
3.43481e+01  -1.07155e-02  -9.99229e-01  1.08328e-04  9.87763e-04  6.62779e-04
3.44528e+01  -1.04093e-02  -9.99207e-01  1.24970e-04  1.04298e-03  6.68069e-04
3.45575e+01  -1.01283e-02  -9.99181e-01  1.43134e-04  1.10546e-03  6.76063e-04
3.46622e+01  -9.87144e-03  -9.99150e-01  1.63185e-04  1.17640e-03  6.86842e-04
3.47670e+01  -9.63753e-03  -9.99114e-01  1.85562e-04  1.25722e-03  7.00534e-04
3.48717e+01  -9.42565e-03  -9.99072e-01  2.10794e-04  1.34970e-03  7.17322e-04
3.49764e+01  -9.23499e-03  -9.99023e-01  2.39544e-04  1.45608e-03  7.37449e-04
3.50811e+01  -9.06487e-03  -9.98966e-01  2.72643e-04  1.57916e-03  7.61228e-04
3.51858e+01  -8.91473e-03  -9.98900e-01  3.11160e-04  1.72253e-03  7.89054e-04
3.52906e+01  -8.78412e-03  -9.98822e-01  3.56486e-04  1.89088e-03  8.21419e-04
3.53953e+01  -8.67273e-03  -9.98731e-01  4.10474e-04  2.09037e-03  8.58943e-04
3.55000e+01  -8.58037e-03  -9.98622e-01  4.75639e-04  2.32931e-03  9.02394e-04
3.56047e+01  -8.50695e-03  -9.98492e-01  5.55474e-04  2.61916e-03  9.52743e-04
3.57094e+01  -8.45255e-03  -9.98334e-01  6.54973e-04  2.97614e-03  1.01122e-03
3.58142e+01  -8.41736e-03  -9.98139e-01  7.81505e-04  3.42390e-03  1.07938e-03
3.59189e+01  -8.40175e-03  -9.97894e-01  9.46381e-04  3.99842e-03  1.15927e-03
3.60236e+01  -8.40623e-03  -9.97579e-01  1.16782e-03  4.75701e-03  1.25356e-03
3.61283e+01  -8.43151e-03  -9.97157e-01  1.47701e-03  5.79684e-03  1.36581e-03
3.62330e+01  -8.47849e-03  -9.96567e-01  1.93191e-03  7.29666e-03  1.50093e-03
3.63378e+01  -8.54833e-03  -9.95681e-01  2.65298e-03  9.62470e-03  1.66577e-03
3.64425e+01  -8.64243e-03  -9.94193e-01  3.93636e-03  1.36793e-02  1.87025e-03
3.65472e+01  -8.76252e-03  -9.91121e-01  6.74935e-03  2.23773e-02  2.12928e-03
3.66519e+01  -8.91068e-03  -9.80500e-01  1.70338e-02  5.35677e-02  2.46632e-03
3.67566e+01  -9.08941e-03  -1.06527e+00  -6.81920e-02  -2.01656e-01  2.92044e-03
3.68614e+01  -9.30175e-03  -1.01034e+00  -1.39059e-02  -3.81557e-02  3.56206e-03
3.69661e+01  -9.55132e-03  -1.00437e+00  -8.90005e-03  -2.21682e-02  4.53197e-03
3.70708e+01  -9.84251e-03  -1.00130e+00  -7.45494e-03  -1.62061e-02  6.15877e-03
3.71755e+01  -1.01806e-02  -9.98098e-01  -7.52578e-03  -1.31493e-02  9.42803e-03
3.72802e+01  -1.05720e-02  -9.90935e-01  -1.02007e-02  -1.13368e-02  1.92654e-02
3.73850e+01  -1.10246e-02  2.00338e+01  -1.05220e+01  -1.01772e-02  3.15558e+01
3.74897e+01  -1.15479e-02  -1.01662e+00  3.60657e-03  -9.40861e-03  -2.02283e-02
3.75944e+01  -1.21538e-02  -1.00988e+00  4.92036e-04  -8.89804e-03  -1.03741e-02
3.76991e+01  -1.28571e-02  -1.00759e+00  -4.89268e-04  -8.57215e-03  -7.10434e-03
3.78038e+01  -1.36765e-02  -1.00645e+00  -9.69335e-04  -8.38841e-03  -5.48040e-03
3.79086e+01  -1.46356e-02  -1.00578e+00  -1.26892e-03  -8.32193e-03  -4.51517e-03
3.80133e+01  -1.57650e-02  -1.00537e+00  -1.49308e-03  -8.35891e-03  -3.87968e-03
3.81180e+01  -1.71049e-02  -1.00512e+00  -1.68677e-03  -8.49332e-03  -3.43302e-03
3.82227e+01  -1.87084e-02  -1.00498e+00  -1.87350e-03  -8.72527e-03  -3.10476e-03
3.83274e+01  -2.06478e-02  -1.00492e+00  -2.06823e-03  -9.06049e-03  -2.85579e-03
3.84322e+01  -2.30234e-02  -1.00495e+00  -2.28265e-03  -9.51065e-03  -2.66271e-03
3.85369e+01  -2.59780e-02  -1.00504e+00  -2.52796e-03  -1.00945e-02  -2.51061e-03
3.86416e+01  -2.97218e-02  -1.00521e+00  -2.81683e-03  -1.08401e-02  -2.38963e-03
3.87463e+01  -3.45756e-02  -1.00546e+00  -3.16531e-03  -1.17889e-02  -2.29292e-03
3.88510e+01  -4.10534e-02  -1.00581e+00  -3.59546e-03  -1.30020e-02  -2.21565e-03
3.89557e+01  -5.00302e-02  -1.00629e+00  -4.13949e-03  -1.45728e-02  -2.15430e-03
3.90605e+01  -6.31192e-02  -1.00695e+00  -4.84728e-03  -1.66481e-02  -2.10624e-03
3.91652e+01  -8.36434e-02  -1.00787e+00  -5.80105e-03  -1.94727e-02  -2.06951e-03
3.92699e+01  -1.19680e-01  -1.00919e+00  -7.14712e-03  -2.34840e-02  -2.04259e-03
3.93746e+01  -1.97166e-01  -1.01120e+00  -9.17404e-03  -2.95464e-02  -2.02433e-03
3.94793e+01  -4.69251e-01  -1.01455e+00  -1.25410e-02  -3.96369e-02  -2.01383e-03
3.95841e+01  2.26080e+00  -1.02117e+00  -1.91548e-02  -5.94748e-02  -2.01039e-03
3.96888e+01  3.80785e-01  -1.03978e+00  -3.77688e-02  -1.15320e-01  -2.01346e-03
3.97935e+01  2.27222e-01  -1.38603e+00  -3.84003e-01  -1.15403e+00  -2.02263e-03
3.98982e+01  1.73907e-01  -9.50425e-01  5.16127e-02  1.52800e-01  -2.03758e-03
4.00029e+01  1.50145e-01  -9.76704e-01  2.53542e-02  7.40044e-02  -2.05808e-03
4.01077e+01  1.40435e-01  -9.84720e-01  1.73636e-02  5.00070e-02  -2.08395e-03
4.02124e+01  1.40356e-01  -9.88572e-01  1.35429e-02  3.85137e-02  -2.11509e-03
4.03171e+01  1.49956e-01  -9.90815e-01  1.13362e-02  3.18572e-02  -2.15142e-03
4.04218e+01  1.73838e-01  -9.92268e-01  9.92514e-03  2.75825e-02  -2.19291e-03
4.05265e+01  2.28318e-01  -9.93272e-01  8.96714e-03  2.46619e-02  -2.23956e-03
4.06313e+01  3.90934e-01  -9.93998e-01  8.29391e-03  2.25903e-02  -2.29141e-03
4.07360e+01  3.35939e+00  -9.94535e-01  7.81333e-03  2.10915e-02  -2.34849e-03
4.08407e+01  -4.18993e-01  -9.94940e-01  7.47106e-03  2.00023e-02  -2.41087e-03
4.09454e+01  -1.82575e-01  -9.95245e-01  7.23320e-03  1.92210e-02  -2.47861e-03
4.10501e+01  -1.11699e-01  -9.95474e-01  7.07778e-03  1.86816e-02  -2.55179e-03
4.11549e+01  -7.81952e-02  -9.95640e-01  6.99019e-03  1.83401e-02  -2.63046e-03
4.12596e+01  -5.89718e-02  -9.95754e-01  6.96058e-03  1.81671e-02  -2.71467e-03
4.13643e+01  -4.66669e-02  -9.95822e-01  6.98237e-03  1.81427e-02  -2.80446e-03
4.14690e+01  -3.82130e-02  -9.95849e-01  7.05125e-03  1.82539e-02  -2.89982e-03
4.15737e+01  -3.21092e-02  -9.95836e-01  7.16461e-03  1.84931e-02  -3.00070e-03
4.16785e+01  -2.75370e-02  -9.95786e-01  7.32112e-03  1.88564e-02  -3.10701e-03
4.17832e+01  -2.40136e-02  -9.95698e-01  7.52048e-03  1.93429e-02  -3.21857e-03
4.18879e+01  -2.12369e-02  -9.95572e-01  7.76320e-03  1.99545e-02  -3.33513e-03
4.19926e+01  -1.90089e-02  -9.95406e-01  8.05046e-03  2.06950e-02  -3.45636e-03
4.20973e+01  -1.71945e-02  -9.95198e-01  8.38399e-03  2.15702e-02  -3.58179e-03
4.22021e+01  -1.56991e-02  -9.94945e-01  8.76592e-03  2.25869e-02  -3.71086e-03
4.23068e+01  -1.44543e-02  -9.94644e-01  9.19864e-03  2.37531e-02  -3.84286e-03
4.24115e+01  -1.34098e-02  -9.94292e-01  9.68462e-03  2.50769e-02  -3.97693e-03
4.25162e+01  -1.25279e-02  -9.93886e-01  1.02261e-02  2.65663e-02  -4.11208e-03
4.26209e+01  -1.17797e-02  -9.93422e-01  1.08249e-02  2.82275e-02  -4.24718e-03
4.27257e+01  -1.11429e-02  -9.92899e-01  1.14818e-02  3.00643e-02  -4.38095e-03
4.28304e+01  -1.06002e-02  -9.92316e-01  1.21960e-02  3.20759e-02  -4.51201e-03
4.29351e+01  -1.01379e-02  -9.91674e-01  1.29646e-02  3.42550e-02  -4.63889e-03
4.30398e+01  -9.74491e-03  -9.90978e-01  1.37820e-02  3.65858e-02  -4.76007e-03
4.31445e+01  -9.41258e-03  -9.90236e-01  1.46385e-02  3.90414e-02  -4.87402e-03
4.32493e+01  -9.13389e-03  -9.89459e-01  1.55206e-02  4.15825e-02  -4.97928e-03
4.33540e+01  -8.90320e-03  -9.88664e-01  1.64102e-02  4.41560e-02  -5.07447e-03
4.34587e+01  -8.71602e-03  -9.87873e-01  1.72851e-02  4.66969e-02  -5.15839e-03
4.35634e+01  -8.56878e-03  -9.87110e-01  1.81203e-02  4.91308e-02  -5.23004e-03
4.36681e+01  -8.45869e-03  -9.86399e-01  1.88897e-02  5.13804e-02  -5.28869e-03
4.37729e+01  -8.38365e-03  -9.85765e-01  1.95691e-02  5.33733e-02  -5.33389e-03
4.38776e+01  -8.34210e-03  -9.85227e-01  2.01388e-02  5.50509e-02  -5.36551e-03
4.39823e+01  -8.33304e-03  -9.84797e-01  2.05867e-02  5.63764e-02  -5.38372e-03
4.40870e+01  -8.35590e-03  -9.84479e-01  2.09098e-02  5.73404e-02  -5.38900e-03
4.41917e+01  -8.41058e-03  -9.84267e-01  2.11147e-02  5.79619e-02  -5.38209e-03
4.42965e+01  -8.49737e-03  -9.84147e-01  2.12167e-02  5.82862e-02  -5.36396e-03
4.44012e+01  -8.61697e-03  -9.84097e-01  2.12383e-02  5.83791e-02  -5.33578e-03
4.45059e+01  -8.77046e-03  -9.84092e-01  2.12065e-02  5.83207e-02  -5.29883e-03
4.46106e+01  -8.95933e-03  -9.84103e-01  2.11511e-02  5.81988e-02  -5.25447e-03
4.47153e+01  -9.18544e-03  -9.84101e-01  2.11030e-02  5.81049e-02  -5.20413e-03
4.48201e+01  -9.45105e-03  -9.84055e-01  2.10937e-02  5.81321e-02  -5.14919e-03
4.49248e+01  -9.75881e-03  -9.83935e-01  2.11558e-02  5.83764e-02  -5.09102e-03
4.50295e+01  -1.01117e-02  -9.83707e-01  2.13240e-02  5.89411e-02  -5.03090e-03
4.51342e+01  -1.05132e-02  -9.83332e-01  2.16384e-02  5.99452e-02  -4.97004e-03
4.52389e+01  -1.09667e-02  -9.82761e-01  2.21489e-02  6.15371e-02  -4.90954e-03
4.53437e+01  -1.14763e-02  -9.81928e-01  2.29226e-02  6.39173e-02  -4.85040e-03
4.54484e+01  -1.20456e-02  -9.80736e-01  2.40574e-02  6.73788e-02  -4.79351e-03
4.55531e+01  -1.26783e-02  -9.79033e-01  2.57069e-02  7.23812e-02  -4.73967e-03
4.56578e+01  -1.33773e-02  -9.76559e-01  2.81308e-02  7.97027e-02  -4.68959e-03
4.57625e+01  -1.41446e-02  -9.72834e-01  3.18102e-02  9.07866e-02  -4.64388e-03
4.58673e+01  -1.49802e-02  -9.66851e-01  3.77522e-02  1.08654e-01  -4.60308e-03
4.59720e+01  -1.58813e-02  -9.56088e-01  4.84801e-02  1.40873e-01  -4.56767e-03
4.60767e+01  -1.68414e-02  -9.31932e-01  7.26065e-02  2.13281e-01  -4.53809e-03
4.61814e+01  -1.78487e-02  -8.33399e-01  1.71116e-01  5.08833e-01  -4.51471e-03
4.62861e+01  -1.88848e-02  -1.31258e+00  -3.08084e-01  -9.28750e-01  -4.49790e-03
4.63909e+01  -1.99235e-02  -1.07808e+00  -7.35894e-02  -2.25256e-01  -4.48799e-03
4.64956e+01  -2.09304e-02  -1.04403e+00  -3.95481e-02  -1.23130e-01  -4.48530e-03
4.66003e+01  -2.18637e-02  -1.03050e+00  -2.60092e-02  -8.25178e-02  -4.49015e-03
4.67050e+01  -2.26758e-02  -1.02330e+00  -1.87960e-02  -6.08908e-02  -4.50286e-03
4.68097e+01  -2.33182e-02  -1.01887e+00  -1.43476e-02  -4.75665e-02  -4.52376e-03
4.69145e+01  -2.37467e-02  -1.01590e+00  -1.13495e-02  -3.86018e-02  -4.55320e-03
4.70192e+01  -2.39281e-02  -1.01380e+00  -9.20398e-03  -3.22035e-02  -4.59153e-03
4.71239e+01  -2.38457e-02  -1.01224e+00  -7.60004e-03  -2.74393e-02  -4.63916e-03
4.72286e+01  -2.35024e-02  -1.01106e+00  -6.36020e-03  -2.37771e-02  -4.69651e-03
4.73333e+01  -2.29204e-02  -1.01014e+00  -5.37580e-03  -2.08914e-02  -4.76401e-03
4.74380e+01  -2.21373e-02  -1.00942e+00  -4.57666e-03  -1.85721e-02  -4.84215e-03
4.75428e+01  -2.12001e-02  -1.00885e+00  -3.91544e-03  -1.66778e-02  -4.93144e-03
4.76475e+01  -2.01589e-02  -1.00839e+00  -3.35910e-03  -1.51097e-02  -5.03241e-03
4.77522e+01  -1.90612e-02  -1.00803e+00  -2.88388e-03  -1.37973e-02  -5.14562e-03
4.78569e+01  -1.79477e-02  -1.00774e+00  -2.47225e-03  -1.26884e-02  -5.27164e-03
4.79616e+01  -1.68513e-02  -1.00752e+00  -2.11103e-03  -1.17441e-02  -5.41102e-03
4.80664e+01  -1.57958e-02  -1.00735e+00  -1.79012e-03  -1.09347e-02  -5.56431e-03
4.81711e+01  -1.47977e-02  -1.00723e+00  -1.50165e-03  -1.02369e-02  -5.73200e-03
4.82758e+01  -1.38666e-02  -1.00715e+00  -1.23945e-03  -9.63286e-03  -5.91450e-03
4.83805e+01  -1.30073e-02  -1.00711e+00  -9.98633e-04  -9.10798e-03  -6.11208e-03
4.84852e+01  -1.22208e-02  -1.00710e+00  -7.75303e-04  -8.65076e-03  -6.32485e-03
4.85900e+01  -1.15058e-02  -1.00712e+00  -5.66395e-04  -8.25183e-03  -6.55265e-03
4.86947e+01  -1.08591e-02  -1.00716e+00  -3.69529e-04  -7.90355e-03  -6.79497e-03
4.87994e+01  -1.02768e-02  -1.00723e+00  -1.82929e-04  -7.59966e-03  -7.05088e-03
4.89041e+01  -9.75451e-03  -1.00732e+00  -5.36386e-06  -7.33499e-03  -7.31890e-03
4.90088e+01  -9.28762e-03  -1.00743e+00  1.63881e-04  -7.10525e-03  -7.59689e-03
4.91136e+01  -8.87173e-03  -1.00756e+00  3.25019e-04  -6.90689e-03  -7.88195e-03
4.92183e+01  -8.50271e-03  -1.00769e+00  4.77775e-04  -6.73698e-03  -8.17030e-03
4.93230e+01  -8.17670e-03  -1.00784e+00  6.21397e-04  -6.59306e-03  -8.45725e-03
4.94277e+01  -7.89024e-03  -1.00798e+00  7.54682e-04  -6.47312e-03  -8.73716e-03
4.95324e+01  -7.64026e-03  -1.00813e+00  8.76020e-04  -6.37552e-03  -9.00358e-03
4.96372e+01  -7.42405e-03  -1.00827e+00  9.83478e-04  -6.29892e-03  -9.24935e-03
4.97419e+01  -7.23926e-03  -1.00839e+00  1.07491e-03  -6.24228e-03  -9.46701e-03
4.98466e+01  -7.08393e-03  -1.00850e+00  1.14811e-03  -6.20480e-03  -9.64912e-03
4.99513e+01  -6.95640e-03  -1.00859e+00  1.20097e-03  -6.18590e-03  -9.78881e-03
5.00560e+01  -6.85534e-03  -1.00865e+00  1.23171e-03  -6.18523e-03  -9.88036e-03
5.01608e+01  -6.77975e-03  -1.00868e+00  1.23901e-03  -6.20262e-03  -9.91964e-03
5.02655e+01  -6.72890e-03  -1.00868e+00  1.22216e-03  -6.23809e-03  -9.90457e-03
5.03702e+01  -6.70235e-03  -1.00865e+00  1.18114e-03  -6.29187e-03  -9.83529e-03
5.04749e+01  -6.69998e-03  -1.00860e+00  1.11662e-03  -6.36435e-03  -9.71421e-03
5.05796e+01  -6.72192e-03  -1.00852e+00  1.02988e-03  -6.45612e-03  -9.54576e-03
5.06844e+01  -6.76865e-03  -1.00841e+00  9.22664e-04  -6.56800e-03  -9.33599e-03
5.07891e+01  -6.84094e-03  -1.00830e+00  7.97022e-04  -6.70096e-03  -9.09203e-03
5.08938e+01  -6.93990e-03  -1.00817e+00  6.55105e-04  -6.85624e-03  -8.82156e-03
5.09985e+01  -7.06705e-03  -1.00803e+00  4.98992e-04  -7.03532e-03  -8.53229e-03
5.11032e+01  -7.22429e-03  -1.00790e+00  3.30540e-04  -7.23990e-03  -8.23152e-03
5.12080e+01  -7.41401e-03  -1.00777e+00  1.51275e-04  -7.47202e-03  -7.92584e-03
5.13127e+01  -7.63912e-03  -1.00766e+00  -3.76832e-05  -7.73400e-03  -7.62095e-03
5.14174e+01  -7.90318e-03  -1.00756e+00  -2.35657e-04  -8.02854e-03  -7.32157e-03
5.15221e+01  -8.21044e-03  -1.00747e+00  -4.42416e-04  -8.35869e-03  -7.03144e-03
5.16268e+01  -8.56599e-03  -1.00741e+00  -6.58173e-04  -8.72796e-03  -6.75344e-03
5.17316e+01  -8.97590e-03  -1.00737e+00  -8.83559e-04  -9.14031e-03  -6.48963e-03
5.18363e+01  -9.44741e-03  -1.00736e+00  -1.11960e-03  -9.60021e-03  -6.24143e-03
5.19410e+01  -9.98910e-03  -1.00738e+00  -1.36767e-03  -1.01127e-02  -6.00967e-03
5.20457e+01  -1.06111e-02  -1.00742e+00  -1.62951e-03  -1.06833e-02  -5.79480e-03
5.21504e+01  -1.13256e-02  -1.00750e+00  -1.90715e-03  -1.13183e-02  -5.59691e-03
5.22552e+01  -1.21465e-02  -1.00762e+00  -2.20288e-03  -1.20245e-02  -5.41587e-03
5.23599e+01  -1.30906e-02  -1.00777e+00  -2.51924e-03  -1.28091e-02  -5.25137e-03
5.24646e+01  -1.41768e-02  -1.00796e+00  -2.85896e-03  -1.36799e-02  -5.10303e-03
5.25693e+01  -1.54271e-02  -1.00820e+00  -3.22482e-03  -1.46448e-02  -4.97038e-03
5.26740e+01  -1.68656e-02  -1.00847e+00  -3.61961e-03  -1.57118e-02  -4.85295e-03
5.27788e+01  -1.85180e-02  -1.00880e+00  -4.04589e-03  -1.68880e-02  -4.75030e-03
5.28835e+01  -2.04099e-02  -1.00917e+00  -4.50578e-03  -1.81794e-02  -4.66201e-03
5.29882e+01  -2.25631e-02  -1.00959e+00  -5.00059e-03  -1.95895e-02  -4.58771e-03
5.30929e+01  -2.49899e-02  -1.01006e+00  -5.53040e-03  -2.11183e-02  -4.52712e-03
5.31976e+01  -2.76838e-02  -1.01057e+00  -6.09344e-03  -2.27604e-02  -4.48004e-03
5.33024e+01  -3.06070e-02  -1.01113e+00  -6.68552e-03  -2.45029e-02  -4.44636e-03
5.34071e+01  -3.36739e-02  -1.01173e+00  -7.29926e-03  -2.63239e-02  -4.42607e-03
5.35118e+01  -3.67370e-02  -1.01234e+00  -7.92352e-03  -2.81899e-02  -4.41930e-03
5.36165e+01  -3.95807e-02  -1.01297e+00  -8.54301e-03  -3.00553e-02  -4.42630e-03
5.37212e+01  -4.19371e-02  -1.01359e+00  -9.13840e-03  -3.18627e-02  -4.44745e-03
5.38260e+01  -4.35308e-02  -1.01417e+00  -9.68714e-03  -3.35448e-02  -4.48334e-03
5.39307e+01  -4.41481e-02  -1.01470e+00  -1.01651e-02  -3.50300e-02  -4.53470e-03
5.40354e+01  -4.37033e-02  -1.01515e+00  -1.05489e-02  -3.62492e-02  -4.60250e-03
5.41401e+01  -4.22683e-02  -1.01551e+00  -1.08189e-02  -3.71446e-02  -4.68797e-03
5.42448e+01  -4.00468e-02  -1.01575e+00  -1.09615e-02  -3.76772e-02  -4.79263e-03
5.43496e+01  -3.73096e-02  -1.01589e+00  -1.09715e-02  -3.78329e-02  -4.91835e-03
5.44543e+01  -3.43248e-02  -1.01592e+00  -1.08520e-02  -3.76233e-02  -5.06743e-03
5.45590e+01  -3.13117e-02  -1.01586e+00  -1.06136e-02  -3.70836e-02  -5.24272e-03
5.46637e+01  -2.84229e-02  -1.01572e+00  -1.02727e-02  -3.62659e-02  -5.44769e-03
5.47684e+01  -2.57490e-02  -1.01554e+00  -9.84840e-03  -3.52318e-02  -5.68666e-03
5.48732e+01  -2.33323e-02  -1.01532e+00  -9.36002e-03  -3.40450e-02  -5.96497e-03
5.49779e+01  -2.11827e-02  -1.01511e+00  -8.82524e-03  -3.27650e-02  -6.28932e-03
5.50826e+01  -1.92905e-02  -1.01493e+00  -8.25852e-03  -3.14437e-02  -6.66815e-03
5.51873e+01  -1.76359e-02  -1.01478e+00  -7.67035e-03  -3.01233e-02  -7.11226e-03
5.52920e+01  -1.61946e-02  -1.01470e+00  -7.06690e-03  -2.88363e-02  -7.63559e-03
5.53968e+01  -1.49419e-02  -1.01471e+00  -6.44992e-03  -2.76062e-02  -8.25645e-03
5.55015e+01  -1.38543e-02  -1.01482e+00  -5.81657e-03  -2.64490e-02  -8.99930e-03
5.56062e+01  -1.29104e-02  -1.01506e+00  -5.15903e-03  -2.53746e-02  -9.89751e-03
5.57109e+01  -1.20915e-02  -1.01546e+00  -4.46351e-03  -2.43883e-02  -1.09977e-02
5.58156e+01  -1.13813e-02  -1.01608e+00  -3.70830e-03  -2.34920e-02  -1.23671e-02
5.59203e+01  -1.07658e-02  -1.01697e+00  -2.85987e-03  -2.26853e-02  -1.41057e-02
5.60251e+01  -1.02333e-02  -1.01824e+00  -1.86561e-03  -2.19665e-02  -1.63697e-02
5.61298e+01  -9.77379e-03  -1.02005e+00  -6.38987e-04  -2.13328e-02  -1.94159e-02
5.62345e+01  -9.37883e-03  -1.02273e+00  9.72515e-04  -2.07810e-02  -2.36986e-02
5.63392e+01  -9.04144e-03  -1.02684e+00  3.26523e-03  -2.03079e-02  -3.01036e-02
5.64439e+01  -8.75579e-03  -1.03372e+00  6.90243e-03  -1.99103e-02  -4.06176e-02
5.65487e+01  -8.51707e-03  -1.04706e+00  1.37397e-02  -1.95853e-02  -6.08045e-02
5.66534e+01  -8.32136e-03  -1.08273e+00  3.17003e-02  -1.93305e-02  -1.14431e-01
5.67581e+01  -8.16551e-03  -1.44074e+00  2.10797e-01  -1.91439e-02  -6.51536e-01
5.68628e+01  -8.04703e-03  -8.76489e-01  -7.12674e-02  -1.90240e-02  1.94778e-01
5.69675e+01  -7.96408e-03  -9.47017e-01  -3.59763e-02  -1.89697e-02  8.89593e-02
5.70723e+01  -7.91534e-03  -9.66562e-01  -2.62095e-02  -1.89807e-02  5.96478e-02
5.71770e+01  -7.90005e-03  -9.75617e-01  -2.17202e-02  -1.90571e-02  4.61037e-02
5.72817e+01  -7.91791e-03  -9.80765e-01  -1.92171e-02  -1.91996e-02  3.84517e-02
5.73864e+01  -7.96912e-03  -9.84031e-01  -1.76894e-02  -1.94095e-02  3.36588e-02
5.74911e+01  -8.05436e-03  -9.86239e-01  -1.67250e-02  -1.96886e-02  3.04864e-02
5.75959e+01  -8.17482e-03  -9.87788e-01  -1.61258e-02  -2.00395e-02  2.83379e-02
5.77006e+01  -8.33220e-03  -9.88893e-01  -1.57862e-02  -2.04650e-02  2.68937e-02
5.78053e+01  -8.52873e-03  -9.89676e-01  -1.56465e-02  -2.09686e-02  2.59710e-02
5.79100e+01  -8.76728e-03  -9.90210e-01  -1.56720e-02  -2.15543e-02  2.54616e-02
5.80147e+01  -9.05133e-03  -9.90541e-01  -1.58428e-02  -2.22263e-02  2.53021e-02
5.81195e+01  -9.38508e-03  -9.90691e-01  -1.61492e-02  -2.29892e-02  2.54583e-02
5.82242e+01  -9.77352e-03  -9.90671e-01  -1.65882e-02  -2.38473e-02  2.59173e-02
5.83289e+01  -1.02224e-02  -9.90479e-01  -1.71628e-02  -2.48048e-02  2.66837e-02
5.84336e+01  -1.07385e-02  -9.90103e-01  -1.78809e-02  -2.58648e-02  2.77780e-02
5.85383e+01  -1.13294e-02  -9.89518e-01  -1.87556e-02  -2.70290e-02  2.92379e-02
5.86431e+01  -1.20034e-02  -9.88685e-01  -1.98058e-02  -2.82967e-02  3.11208e-02
5.87478e+01  -1.27698e-02  -9.87549e-01  -2.10574e-02  -2.96639e-02  3.35082e-02
5.88525e+01  -1.36380e-02  -9.86031e-01  -2.25452e-02  -3.11213e-02  3.65141e-02
5.89572e+01  -1.46174e-02  -9.84020e-01  -2.43165e-02  -3.26535e-02  4.02960e-02
5.90619e+01  -1.57160e-02  -9.81364e-01  -2.64363e-02  -3.42366e-02  4.50722e-02
5.91667e+01  -1.69390e-02  -9.77847e-01  -2.89948e-02  -3.58371e-02  5.11473e-02
5.92714e+01  -1.82865e-02  -9.73171e-01  -3.21199e-02  -3.74104e-02  5.89494e-02
5.93761e+01  -1.97498e-02  -9.66912e-01  -3.59945e-02  -3.89010e-02  6.90825e-02
5.94808e+01  -2.13075e-02  -9.58484e-01  -4.08798e-02  -4.02441e-02  8.23954e-02
5.95855e+01  -2.29203e-02  -9.47089e-01  -4.71401e-02  -4.13690e-02  1.00051e-01
5.96903e+01  -2.45267e-02  -9.31715e-01  -5.52455e-02  -4.22057e-02  1.23531e-01
5.97950e+01  -2.60413e-02  -9.11335e-01  -6.56786e-02  -4.26922e-02  1.54343e-01
5.98997e+01  -2.73574e-02  -8.85675e-01  -7.85544e-02  -4.27836e-02  1.92880e-01
6.00044e+01  -2.83590e-02  -8.57130e-01  -9.26644e-02  -4.24585e-02  2.35535e-01
6.01091e+01  -2.89390e-02  -8.33329e-01  -1.04197e-01  -4.17238e-02  2.70868e-01
6.02139e+01  -2.90231e-02  -8.25637e-01  -1.07488e-01  -4.06133e-02  2.81851e-01
6.03186e+01  -2.85891e-02  -8.39179e-01  -1.00002e-01  -3.91835e-02  2.60823e-01
6.04233e+01  -2.76734e-02  -8.66456e-01  -8.55245e-02  -3.75054e-02  2.19068e-01
6.05280e+01  -2.63626e-02  -8.95939e-01  -6.98583e-02  -3.56558e-02  1.73919e-01
6.06327e+01  -2.47723e-02  -9.21063e-01  -5.63228e-02  -3.37087e-02  1.35260e-01
6.07375e+01  -2.30232e-02  -9.40354e-01  -4.56877e-02  -3.17299e-02  1.05333e-01
6.08422e+01  -2.12225e-02  -9.54574e-01  -3.75994e-02  -2.97733e-02  8.30250e-02
6.09469e+01  -1.94534e-02  -9.64949e-01  -3.14657e-02  -2.78802e-02  6.65170e-02
6.10516e+01  -1.77729e-02  -9.72548e-01  -2.67660e-02  -2.60795e-02  5.42184e-02
6.11563e+01  -1.62150e-02  -9.78171e-01  -2.31094e-02  -2.43898e-02  4.49385e-02
6.12611e+01  -1.47956e-02  -9.82386e-01  -2.02177e-02  -2.28209e-02  3.78321e-02
6.13658e+01  -1.35183e-02  -9.85587e-01  -1.78950e-02  -2.13766e-02  3.23083e-02
6.14705e+01  -1.23786e-02  -9.88050e-01  -1.60030e-02  -2.00557e-02  2.79532e-02
6.15752e+01  -1.13672e-02  -9.89968e-01  -1.44428e-02  -1.88540e-02  2.44744e-02
6.16799e+01  -1.04730e-02  -9.91480e-01  -1.31427e-02  -1.77655e-02  2.16625e-02
6.17847e+01  -9.68394e-03  -9.92684e-01  -1.20495e-02  -1.67831e-02  1.93655e-02
6.18894e+01  -8.98850e-03  -9.93652e-01  -1.11236e-02  -1.58991e-02  1.74716e-02
6.19941e+01  -8.37576e-03  -9.94437e-01  -1.03346e-02  -1.51061e-02  1.58976e-02
6.20988e+01  -7.83587e-03  -9.95079e-01  -9.65904e-03  -1.43968e-02  1.45803e-02
6.22035e+01  -7.36004e-03  -9.95607e-01  -9.07875e-03  -1.37644e-02  1.34718e-02
6.23083e+01  -6.94055e-03  -9.96044e-01  -8.57925e-03  -1.32028e-02  1.25350e-02
6.24130e+01  -6.57069e-03  -9.96408e-01  -8.14904e-03  -1.27063e-02  1.17408e-02
6.25177e+01  -6.24462e-03  -9.96712e-01  -7.77893e-03  -1.22701e-02  1.10667e-02
6.26224e+01  -5.95733e-03  -9.96967e-01  -7.46149e-03  -1.18898e-02  1.04946e-02
6.27271e+01  -5.70448e-03  -9.97180e-01  -7.19078e-03  -1.15618e-02  1.00105e-02
6.28319e+01  -5.48235e-03  -9.97359e-01  -6.96202e-03  -1.12831e-02  9.60297e-03
6.29366e+01  -5.28776e-03  -9.97508e-01  -6.77143e-03  -1.10512e-02  9.26313e-03
6.30413e+01  -5.11798e-03  -9.97632e-01  -6.61604e-03  -1.08642e-02  8.98397e-03
6.31460e+01  -4.97065e-03  -9.97734e-01  -6.49365e-03  -1.07209e-02  8.76010e-03
6.32507e+01  -4.84379e-03  -9.97815e-01  -6.40270e-03  -1.06206e-02  8.58750e-03
6.33555e+01  -4.73569e-03  -9.97879e-01  -6.34227e-03  -1.05634e-02  8.46338e-03
6.34602e+01  -4.64490e-03  -9.97926e-01  -6.31203e-03  -1.05500e-02  8.38608e-03
6.35649e+01  -4.57019e-03  -9.97957e-01  -6.31230e-03  -1.05819e-02  8.35505e-03
6.36696e+01  -4.51052e-03  -9.97973e-01  -6.34406e-03  -1.06613e-02  8.37085e-03
6.37743e+01  -4.46502e-03  -9.97974e-01  -6.40906e-03  -1.07919e-02  8.43527e-03
6.38791e+01  -4.43295e-03  -9.97958e-01  -6.50995e-03  -1.09784e-02  8.55149e-03
6.39838e+01  -4.41371e-03  -9.97926e-01  -6.65046e-03  -1.12270e-02  8.72438e-03
6.40885e+01  -4.40679e-03  -9.97875e-01  -6.83575e-03  -1.15464e-02  8.96087e-03
6.41932e+01  -4.41177e-03  -9.97802e-01  -7.07278e-03  -1.19477e-02  9.27068e-03
6.42979e+01  -4.42831e-03  -9.97704e-01  -7.37101e-03  -1.24458e-02  9.66721e-03
6.44026e+01  -4.45610e-03  -9.97574e-01  -7.74335e-03  -1.30609e-02  1.01691e-02
6.45074e+01  -4.49489e-03  -9.97405e-01  -8.20769e-03  -1.38204e-02  1.08027e-02
6.46121e+01  -4.54441e-03  -9.97184e-01  -8.78936e-03  -1.47625e-02  1.16056e-02
6.47168e+01  -4.60440e-03  -9.96891e-01  -9.52514e-03  -1.59416e-02  1.26338e-02
6.48215e+01  -4.67457e-03  -9.96497e-01  -1.04704e-02  -1.74381e-02  1.39732e-02
6.49262e+01  -4.75453e-03  -9.95950e-01  -1.17126e-02  -1.93752e-02  1.57625e-02
6.50310e+01  -4.84381e-03  -9.95157e-01  -1.33974e-02  -2.19514e-02  1.82407e-02
6.51357e+01  -4.94181e-03  -9.93932e-01  -1.57882e-02  -2.55084e-02  2.18563e-02
6.52404e+01  -5.04773e-03  -9.91855e-01  -1.94162e-02  -3.06872e-02  2.75615e-02
6.53451e+01  -5.16053e-03  -9.87755e-01  -2.55466e-02  -3.88483e-02  3.77915e-02
6.54498e+01  -5.27892e-03  -9.77029e-01  -3.82208e-02  -5.34700e-02  6.11922e-02
6.55546e+01  -5.40127e-03  -9.17494e-01  -8.47015e-02  -8.68966e-02  1.67208e-01
6.56593e+01  -5.52559e-03  -1.22537e+00  -6.39119e-03  -2.38150e-01  -2.18976e-01
6.57640e+01  -5.64952e-03  -9.39004e-01  1.26602e-01  3.14199e-01  -6.56057e-02
6.58687e+01  -5.77031e-03  -9.94187e-01  4.42902e-02  9.43931e-02  -3.84774e-02
6.59734e+01  -5.88483e-03  -9.99613e-01  2.75989e-02  5.55851e-02  -2.72116e-02
6.60782e+01  -5.98967e-03  -1.00088e+00  2.01840e-02  3.94839e-02  -2.10682e-02
6.61829e+01  -6.08123e-03  -1.00124e+00  1.59775e-02  3.07151e-02  -1.72176e-02
6.62876e+01  -6.15588e-03  -1.00132e+00  1.32732e-02  2.52296e-02  -1.45899e-02
6.63923e+01  -6.21014e-03  -1.00130e+00  1.13964e-02  2.14976e-02  -1.26915e-02
6.64970e+01  -6.24094e-03  -1.00124e+00  1.00254e-02  1.88132e-02  -1.12631e-02
6.66018e+01  -6.24579e-03  -1.00117e+00  8.98697e-03  1.68057e-02  -1.01552e-02
6.67065e+01  -6.22305e-03  -1.00110e+00  8.17944e-03  1.52624e-02  -9.27596e-03
6.68112e+01  -6.17204e-03  -1.00103e+00  7.53930e-03  1.40522e-02  -8.56568e-03
6.69159e+01  -6.09314e-03  -1.00096e+00  7.02488e-03  1.30907e-02  -7.98393e-03
6.70206e+01  -5.98776e-03  -1.00089e+00  6.60779e-03  1.23210e-02  -7.50240e-03
6.71254e+01  -5.85824e-03  -1.00083e+00  6.26812e-03  1.17037e-02  -7.10067e-03
6.72301e+01  -5.70770e-03  -1.00077e+00  5.99157e-03  1.12110e-02  -6.76368e-03
6.73348e+01  -5.53977e-03  -1.00071e+00  5.76772e-03  1.08230e-02  -6.48012e-03
6.74395e+01  -5.35836e-03  -1.00065e+00  5.58895e-03  1.05256e-02  -6.24129e-03
6.75442e+01  -5.16741e-03  -1.00059e+00  5.44968e-03  1.03086e-02  -6.04045e-03
6.76490e+01  -4.97071e-03  -1.00053e+00  5.34591e-03  1.01654e-02  -5.87232e-03
6.77537e+01  -4.77172e-03  -1.00046e+00  5.27493e-03  1.00921e-02  -5.73266e-03
6.78584e+01  -4.57348e-03  -1.00038e+00  5.23513e-03  1.00873e-02  -5.61811e-03
6.79631e+01  -4.37854e-03  -1.00030e+00  5.22590e-03  1.01517e-02  -5.52595e-03
6.80678e+01  -4.18898e-03  -1.00021e+00  5.24762e-03  1.02889e-02  -5.45396e-03
6.81726e+01  -4.00640e-03  -1.00010e+00  5.30179e-03  1.05050e-02  -5.40033e-03
6.82773e+01  -3.83197e-03  -9.99972e-01  5.39115e-03  1.08099e-02  -5.36359e-03
6.83820e+01  -3.66649e-03  -9.99822e-01  5.52006e-03  1.12177e-02  -5.34253e-03
6.84867e+01  -3.51046e-03  -9.99641e-01  5.69504e-03  1.17490e-02  -5.33615e-03
6.85914e+01  -3.36412e-03  -9.99418e-01  5.92568e-03  1.24334e-02  -5.34364e-03
6.86962e+01  -3.22751e-03  -9.99138e-01  6.22616e-03  1.33142e-02  -5.36431e-03
6.88009e+01  -3.10052e-03  -9.98780e-01  6.61792e-03  1.44562e-02  -5.39760e-03
6.89056e+01  -2.98291e-03  -9.98309e-01  7.13443e-03  1.59603e-02  -5.44304e-03
6.90103e+01  -2.87439e-03  -9.97670e-01  7.83062e-03  1.79916e-02  -5.50024e-03
6.91150e+01  -2.77461e-03  -9.96766e-01  8.80270e-03  2.08393e-02  -5.56883e-03
6.92198e+01  -2.68318e-03  -9.95413e-01  1.02353e-02  2.50574e-02  -5.64853e-03
6.93245e+01  -2.59972e-03  -9.93206e-01  1.25326e-02  3.18588e-02  -5.73902e-03
6.94292e+01  -2.52385e-03  -9.89060e-01  1.67805e-02  4.45015e-02  -5.84002e-03
6.95339e+01  -2.45518e-03  -9.78721e-01  2.72298e-02  7.57382e-02  -5.95123e-03
6.96386e+01  -2.39335e-03  -9.12340e-01  9.37323e-02  2.75125e-01  -6.07232e-03
6.97434e+01  -2.33804e-03  -1.05805e+00  -5.18439e-02  -1.61735e-01  -6.20293e-03
6.98481e+01  -2.28893e-03  -1.02481e+00  -1.84671e-02  -6.17440e-02  -6.34264e-03
6.99528e+01  -2.24575e-03  -1.01698e+00  -1.04871e-02  -3.79524e-02  -6.49097e-03
7.00575e+01  -2.20824e-03  -1.01354e+00  -6.89541e-03  -2.73336e-02  -6.64735e-03
7.01622e+01  -2.17620e-03  -1.01166e+00  -4.84494e-03  -2.13460e-02  -6.81115e-03
7.02670e+01  -2.14944e-03  -1.01049e+00  -3.51281e-03  -1.75201e-02  -6.98164e-03
7.03717e+01  -2.12780e-03  -1.00973e+00  -2.57304e-03  -1.48771e-02  -7.15799e-03
7.04764e+01  -2.11116e-03  -1.00921e+00  -1.87083e-03  -1.29518e-02  -7.33929e-03
7.05811e+01  -2.09943e-03  -1.00885e+00  -1.32340e-03  -1.14947e-02  -7.52455e-03
7.06858e+01  -2.09256e-03  -1.00860e+00  -8.82566e-04  -1.03604e-02  -7.71268e-03
7.07906e+01  -2.09052e-03  -1.00842e+00  -5.18478e-04  -9.45802e-03  -7.90258e-03
7.08953e+01  -2.09333e-03  -1.00830e+00  -2.11741e-04  -8.72831e-03  -8.09309e-03
7.10000e+01  -2.10102e-03  -1.00823e+00  5.07310e-05  -8.13086e-03  -8.28305e-03
7.11047e+01  -2.11368e-03  -1.00819e+00  2.78033e-04  -7.63724e-03  -8.47134e-03
7.12094e+01  -2.13142e-03  -1.00818e+00  4.76650e-04  -7.22694e-03  -8.65689e-03
7.13142e+01  -2.15440e-03  -1.00819e+00  6.51302e-04  -6.88485e-03  -8.83875e-03
7.14189e+01  -2.18283e-03  -1.00821e+00  8.05494e-04  -6.59962e-03  -9.01610e-03
7.15236e+01  -2.21693e-03  -1.00825e+00  9.41879e-04  -6.36264e-03  -9.18828e-03
7.16283e+01  -2.25702e-03  -1.00829e+00  1.06251e-03  -6.16733e-03  -9.35484e-03
7.17330e+01  -2.30343e-03  -1.00835e+00  1.16899e-03  -6.00860e-03  -9.51556e-03
7.18378e+01  -2.35657e-03  -1.00841e+00  1.26262e-03  -5.88259e-03  -9.67045e-03
7.19425e+01  -2.41691e-03  -1.00848e+00  1.34447e-03  -5.78633e-03  -9.81975e-03
7.20472e+01  -2.48500e-03  -1.00855e+00  1.41544e-03  -5.71766e-03  -9.96398e-03
7.21519e+01  -2.56145e-03  -1.00863e+00  1.47627e-03  -5.67505e-03  -1.01039e-02
7.22566e+01  -2.64699e-03  -1.00871e+00  1.52762e-03  -5.65755e-03  -1.02404e-02
7.23614e+01  -2.74243e-03  -1.00880e+00  1.57001e-03  -5.66470e-03  -1.03747e-02
7.24661e+01  -2.84870e-03  -1.00890e+00  1.60388e-03  -5.69657e-03  -1.05082e-02
7.25708e+01  -2.96686e-03  -1.00901e+00  1.62956e-03  -5.75371e-03  -1.06424e-02
7.26755e+01  -3.09810e-03  -1.00913e+00  1.64725e-03  -5.83719e-03  -1.07789e-02
7.27802e+01  -3.24381e-03  -1.00926e+00  1.65699e-03  -5.94862e-03  -1.09196e-02
7.28849e+01  -3.40553e-03  -1.00941e+00  1.65866e-03  -6.09028e-03  -1.10663e-02
7.29897e+01  -3.58502e-03  -1.00957e+00  1.65192e-03  -6.26522e-03  -1.12210e-02
7.30944e+01  -3.78428e-03  -1.00975e+00  1.63612e-03  -6.47736e-03  -1.13857e-02
7.31991e+01  -4.00554e-03  -1.00995e+00  1.61029e-03  -6.73181e-03  -1.15627e-02
7.33038e+01  -4.25135e-03  -1.01018e+00  1.57296e-03  -7.03511e-03  -1.17540e-02
7.34085e+01  -4.52455e-03  -1.01044e+00  1.52210e-03  -7.39574e-03  -1.19620e-02
7.35133e+01  -4.82833e-03  -1.01073e+00  1.45480e-03  -7.82469e-03  -1.21891e-02
7.36180e+01  -5.16620e-03  -1.01107e+00  1.36707e-03  -8.33645e-03  -1.24377e-02
7.37227e+01  -5.54208e-03  -1.01146e+00  1.25330e-03  -8.95035e-03  -1.27102e-02
7.38274e+01  -5.96019e-03  -1.01190e+00  1.10563e-03  -9.69266e-03  -1.30095e-02
7.39321e+01  -6.42508e-03  -1.01243e+00  9.12776e-04  -1.06000e-02  -1.33383e-02
7.40369e+01  -6.94153e-03  -1.01304e+00  6.58289e-04  -1.17245e-02  -1.36994e-02
7.41416e+01  -7.51442e-03  -1.01378e+00  3.17401e-04  -1.31436e-02  -1.40958e-02
7.42463e+01  -8.14848e-03  -1.01468e+00  -1.48568e-04  -1.49765e-02  -1.45308e-02
7.43510e+01  -8.84800e-03  -1.01581e+00  -8.03051e-04  -1.74167e-02  -1.50075e-02
7.44557e+01  -9.61639e-03  -1.01729e+00  -1.75705e-03  -2.08004e-02  -1.55293e-02
7.45605e+01  -1.04555e-02  -1.01932e+00  -3.22276e-03  -2.57677e-02  -1.60994e-02
7.46652e+01  -1.13651e-02  -1.02238e+00  -5.66082e-03  -3.37035e-02  -1.67211e-02
7.47699e+01  -1.23415e-02  -1.02769e+00  -1.02896e-02  -4.82663e-02  -1.73974e-02
7.48746e+01  -1.33770e-02  -1.03985e+00  -2.17194e-02  -8.32892e-02  -1.81311e-02
7.49793e+01  -1.44591e-02  -1.10555e+00  -8.66242e-02  -2.78797e-01  -1.89242e-02
7.50841e+01  -1.55692e-02  -9.38946e-01  8.08320e-02  2.22718e-01  -1.97781e-02
7.51888e+01  -1.66832e-02  -9.86420e-01  3.42726e-02  8.21252e-02  -2.06926e-02
7.52935e+01  -1.77716e-02  -9.97287e-01  2.43793e-02  5.14719e-02  -2.16661e-02
7.53982e+01  -1.88016e-02  -1.00241e+00  2.02861e-02  3.81636e-02  -2.26946e-02
7.55029e+01  -1.97398e-02  -1.00558e+00  1.81918e-02  3.08041e-02  -2.37714e-02
7.56077e+01  -2.05554e-02  -1.00786e+00  1.70273e-02  2.61958e-02  -2.48860e-02
7.57124e+01  -2.12237e-02  -1.00965e+00  1.63721e-02  2.30920e-02  -2.60243e-02
7.58171e+01  -2.17294e-02  -1.01114e+00  1.60250e-02  2.09077e-02  -2.71671e-02
7.59218e+01  -2.20680e-02  -1.01242e+00  1.58748e-02  1.93333e-02  -2.82911e-02
7.60265e+01  -2.22457e-02  -1.01351e+00  1.58531e-02  1.81913e-02  -2.93681e-02
7.61313e+01  -2.22783e-02  -1.01445e+00  1.59135e-02  1.73740e-02  -3.03667e-02
7.62360e+01  -2.21883e-02  -1.01523e+00  1.60226e-02  1.68146e-02  -3.12532e-02
7.63407e+01  -2.20022e-02  -1.01584e+00  1.61553e-02  1.64716e-02  -3.19944e-02
7.64454e+01  -2.17476e-02  -1.01627e+00  1.62935e-02  1.63207e-02  -3.25600e-02
7.65501e+01  -2.14513e-02  -1.01650e+00  1.64254e-02  1.63506e-02  -3.29256e-02
7.66549e+01  -2.11376e-02  -1.01653e+00  1.65456e-02  1.65611e-02  -3.30756e-02
7.67596e+01  -2.08278e-02  -1.01635e+00  1.66558e-02  1.69631e-02  -3.30043e-02
7.68643e+01  -2.05402e-02  -1.01595e+00  1.67658e-02  1.75800e-02  -3.27173e-02
7.69690e+01  -2.02898e-02  -1.01534e+00  1.68940e-02  1.84513e-02  -3.22306e-02
7.70737e+01  -2.00896e-02  -1.01450e+00  1.70694e-02  1.96399e-02  -3.15684e-02
7.71785e+01  -1.99506e-02  -1.01343e+00  1.73353e-02  2.12449e-02  -3.07611e-02
7.72832e+01  -1.98827e-02  -1.01209e+00  1.77560e-02  2.34262e-02  -2.98419e-02
7.73879e+01  -1.98955e-02  -1.01041e+00  1.84328e-02  2.64540e-02  -2.88444e-02
7.74926e+01  -1.99990e-02  -1.00826e+00  1.95393e-02  3.08177e-02  -2.78003e-02
7.75973e+01  -2.02043e-02  -1.00533e+00  2.14118e-02  3.74978e-02  -2.67378e-02
7.77021e+01  -2.05245e-02  -1.00086e+00  2.48202e-02  4.87801e-02  -2.56806e-02
7.78068e+01  -2.09758e-02  -9.92601e-01  3.20474e-02  7.14938e-02  -2.46483e-02
7.79115e+01  -2.15788e-02  -9.69303e-01  5.43525e-02  1.39402e-01  -2.36555e-02
7.80162e+01  -2.23606e-02  2.18193e+00  3.20465e+00  9.59123e+00  -2.27134e-02
7.81209e+01  -2.33570e-02  -1.06101e+00  -3.91852e-02  -1.39385e-01  -2.18294e-02
7.82257e+01  -2.46166e-02  -1.03681e+00  -1.58036e-02  -6.84192e-02  -2.10083e-02
7.83304e+01  -2.62074e-02  -1.02854e+00  -8.28222e-03  -4.50996e-02  -2.02530e-02
7.84351e+01  -2.82259e-02  -1.02423e+00  -4.66434e-03  -3.35573e-02  -1.95643e-02
7.85398e+01  -3.08145e-02  -1.02153e+00  -2.58679e-03  -2.67027e-02  -1.89423e-02
7.86445e+01  -3.41910e-02  -1.01965e+00  -1.26610e-03  -2.21844e-02  -1.83861e-02
7.87493e+01  -3.87059e-02  -1.01826e+00  -3.67817e-04  -1.89980e-02  -1.78945e-02
7.88540e+01  -4.49597e-02  -1.01719e+00  2.74583e-04  -1.66423e-02  -1.74661e-02
7.89587e+01  -5.40732e-02  -1.01635e+00  7.53210e-04  -1.48396e-02  -1.70992e-02
7.90634e+01  -6.84037e-02  -1.01567e+00  1.12306e-03  -1.34235e-02  -1.67927e-02
7.91681e+01  -9.38946e-02  -1.01513e+00  1.41898e-03  -1.22885e-02  -1.65454e-02
7.92729e+01  -1.51069e-01  -1.01469e+00  1.66413e-03  -1.13643e-02  -1.63567e-02
7.93776e+01  -3.90528e-01  -1.01435e+00  1.87458e-03  -1.06025e-02  -1.62263e-02
7.94823e+01  6.70331e-01  -1.01409e+00  2.06191e-03  -9.96866e-03  -1.61544e-02
7.95870e+01  1.81724e-01  -1.01391e+00  2.23482e-03  -9.43757e-03  -1.61420e-02
7.96917e+01  1.05960e-01  -1.01379e+00  2.40008e-03  -8.99049e-03  -1.61907e-02
7.97965e+01  7.54084e-02  -1.01374e+00  2.56324e-03  -8.61317e-03  -1.63029e-02
7.99012e+01  5.90336e-02  -1.01375e+00  2.72909e-03  -8.29466e-03  -1.64819e-02
8.00059e+01  4.89247e-02  -1.01383e+00  2.90196e-03  -8.02639e-03  -1.67323e-02
8.01106e+01  4.21416e-02  -1.01397e+00  3.08602e-03  -7.80161e-03  -1.70597e-02
8.02153e+01  3.73426e-02  -1.01419e+00  3.28553e-03  -7.61496e-03  -1.74716e-02
8.03201e+01  3.38297e-02  -1.01447e+00  3.50500e-03  -7.46213e-03  -1.79771e-02
8.04248e+01  3.12057e-02  -1.01484e+00  3.74948e-03  -7.33970e-03  -1.85881e-02
8.05295e+01  2.92295e-02  -1.01529e+00  4.02477e-03  -7.24489e-03  -1.93192e-02
8.06342e+01  2.77485e-02  -1.01585e+00  4.33778e-03  -7.17548e-03  -2.01888e-02
8.07389e+01  2.66632e-02  -1.01652e+00  4.69690e-03  -7.12972e-03  -2.12204e-02
8.08437e+01  2.59090e-02  -1.01733e+00  5.11258e-03  -7.10620e-03  -2.24439e-02
8.09484e+01  2.54451e-02  -1.01830e+00  5.59806e-03  -7.10384e-03  -2.38980e-02
8.10531e+01  2.52486e-02  -1.01946e+00  6.17042e-03  -7.12185e-03  -2.56331e-02
8.11578e+01  2.53118e-02  -1.02086e+00  6.85217e-03  -7.15963e-03  -2.77161e-02
8.12625e+01  2.56408e-02  -1.02256e+00  7.67358e-03  -7.21681e-03  -3.02375e-02
8.13672e+01  2.62574e-02  -1.02465e+00  8.67629e-03  -7.29319e-03  -3.33220e-02
8.14720e+01  2.72016e-02  -1.02723e+00  9.91914e-03  -7.38872e-03  -3.71461e-02
8.15767e+01  2.85388e-02  -1.03048e+00  1.14879e-02  -7.50351e-03  -4.19673e-02
8.16814e+01  3.03717e-02  -1.03466e+00  1.35125e-02  -7.63775e-03  -4.81753e-02
8.17861e+01  3.28622e-02  -1.04019e+00  1.61989e-02  -7.79180e-03  -5.63884e-02
8.18908e+01  3.62740e-02  -1.04775e+00  1.98932e-02  -7.96605e-03  -6.76456e-02
8.19956e+01  4.10583e-02  -1.05861e+00  2.52246e-02  -8.16103e-03  -8.38349e-02
8.21003e+01  4.80495e-02  -1.07531e+00  3.34646e-02  -8.37729e-03  -1.08771e-01
8.22050e+01  5.89705e-02  -1.10385e+00  4.76187e-02  -8.61545e-03  -1.51472e-01
8.23097e+01  7.80290e-02  -1.16266e+00  7.68911e-02  -8.87614e-03  -2.39549e-01
8.24144e+01  1.18895e-01  -1.34819e+00  1.69517e-01  -9.16001e-03  -5.17711e-01
8.25192e+01  2.65345e-01  5.15137e+00  -3.08042e+00  -9.46765e-03  9.23178e+00
8.26239e+01  -9.23055e-01  -6.57554e-01  -1.76123e-01  -9.79963e-03  5.18569e-01
8.27286e+01  -1.63473e-01  -8.13651e-01  -9.82525e-02  -1.01564e-02  2.84601e-01
8.28333e+01  -8.84639e-02  -8.66094e-01  -7.22221e-02  -1.05382e-02  2.06128e-01
8.29380e+01  -6.01881e-02  -8.91238e-01  -5.98537e-02  -1.09452e-02  1.68616e-01
8.30428e+01  -4.54146e-02  -9.04925e-01  -5.32260e-02  -1.13772e-02  1.48301e-01
8.31475e+01  -3.63784e-02  -9.12400e-01  -4.97170e-02  -1.18337e-02  1.37317e-01
8.32522e+01  -3.03085e-02  -9.15744e-01  -4.82847e-02  -1.23139e-02  1.32540e-01
8.33569e+01  -2.59699e-02  -9.15726e-01  -4.85451e-02  -1.28164e-02  1.32819e-01
8.34616e+01  -2.27288e-02  -9.12313e-01  -5.05131e-02  -1.33394e-02  1.38200e-01
8.35664e+01  -2.02265e-02  -9.04658e-01  -5.46113e-02  -1.38806e-02  1.49953e-01
8.36711e+01  -1.82452e-02  -8.90525e-01  -6.19561e-02  -1.44367e-02  1.71431e-01
8.37758e+01  -1.66448e-02  -8.64274e-01  -7.53651e-02  -1.50044e-02  2.11091e-01
8.38805e+01  -1.53311e-02  -8.08594e-01  -1.03493e-01  -1.55792e-02  2.94899e-01
8.39852e+01  -1.42387e-02  -6.36341e-01  -1.89908e-01  -1.61564e-02  5.53567e-01
8.40900e+01  -1.33207e-02  -2.99650e+02  1.49316e+02  -1.67306e-02  -4.47966e+02
8.41947e+01  -1.25424e-02  -1.33592e+00  1.59310e-01  -1.72963e-02  -4.95227e-01
8.42994e+01  -1.18781e-02  -1.16366e+00  7.29047e-02  -1.78476e-02  -2.36562e-01
8.44041e+01  -1.13079e-02  -1.10703e+00  4.43235e-02  -1.83787e-02  -1.51349e-01
8.45088e+01  -1.08163e-02  -1.07924e+00  3.01782e-02  -1.88840e-02  -1.09419e-01
8.46136e+01  -1.03912e-02  -1.06294e+00  2.17909e-02  -1.93585e-02  -8.47312e-02
8.47183e+01  -1.00230e-02  -1.05234e+00  1.62728e-02  -1.97979e-02  -6.86163e-02
8.48230e+01  -9.70375e-03  -1.04498e+00  1.23890e-02  -2.01988e-02  -5.73657e-02
8.49277e+01  -9.42716e-03  -1.03961e+00  9.52404e-03  -2.05587e-02  -4.91309e-02
8.50324e+01  -9.18797e-03  -1.03555e+00  7.33736e-03  -2.08765e-02  -4.28886e-02
8.51372e+01  -8.98187e-03  -1.03240e+00  5.62530e-03  -2.11522e-02  -3.80281e-02
8.52419e+01  -8.80526e-03  -1.02990e+00  4.25863e-03  -2.13868e-02  -3.41627e-02
8.53466e+01  -8.65511e-03  -1.02789e+00  3.15127e-03  -2.15826e-02  -3.10364e-02
8.54513e+01  -8.52888e-03  -1.02623e+00  2.24352e-03  -2.17427e-02  -2.84732e-02
8.55560e+01  -8.42444e-03  -1.02486e+00  1.49251e-03  -2.18709e-02  -2.63484e-02
8.56608e+01  -8.33995e-03  -1.02370e+00  8.66567e-04  -2.19716e-02  -2.45713e-02
8.57655e+01  -8.27388e-03  -1.02273e+00  3.41626e-04  -2.20497e-02  -2.30746e-02
8.58702e+01  -8.22492e-03  -1.02191e+00  -1.00973e-04  -2.21102e-02  -2.18073e-02
8.59749e+01  -8.19194e-03  -1.02121e+00  -4.75994e-04  -2.21581e-02  -2.07301e-02
8.60796e+01  -8.17400e-03  -1.02061e+00  -7.95306e-04  -2.21983e-02  -1.98124e-02
8.61844e+01  -8.17032e-03  -1.02010e+00  -1.06858e-03  -2.22358e-02  -1.90301e-02
8.62891e+01  -8.18022e-03  -1.01967e+00  -1.30378e-03  -2.22751e-02  -1.83637e-02
8.63938e+01  -8.20315e-03  -1.01931e+00  -1.50756e-03  -2.23203e-02  -1.77976e-02
8.64985e+01  -8.23868e-03  -1.01900e+00  -1.68547e-03  -2.23755e-02  -1.73191e-02
8.66032e+01  -8.28646e-03  -1.01876e+00  -1.84223e-03  -2.24441e-02  -1.69175e-02
8.67080e+01  -8.34622e-03  -1.01857e+00  -1.98186e-03  -2.25296e-02  -1.65840e-02
8.68127e+01  -8.41781e-03  -1.01842e+00  -2.10780e-03  -2.26347e-02  -1.63113e-02
8.69174e+01  -8.50114e-03  -1.01832e+00  -2.22305e-03  -2.27621e-02  -1.60930e-02
8.70221e+01  -8.59619e-03  -1.01825e+00  -2.33019e-03  -2.29141e-02  -1.59235e-02
8.71268e+01  -8.70304e-03  -1.01823e+00  -2.43153e-03  -2.30927e-02  -1.57981e-02
8.72316e+01  -8.82185e-03  -1.01824e+00  -2.52912e-03  -2.32997e-02  -1.57123e-02
8.73363e+01  -8.95286e-03  -1.01829e+00  -2.62480e-03  -2.35365e-02  -1.56621e-02
8.74410e+01  -9.09639e-03  -1.01836e+00  -2.72025e-03  -2.38043e-02  -1.56436e-02
8.75457e+01  -9.25288e-03  -1.01847e+00  -2.81702e-03  -2.41041e-02  -1.56531e-02
8.76504e+01  -9.42283e-03  -1.01860e+00  -2.91656e-03  -2.44365e-02  -1.56868e-02
8.77552e+01  -9.60687e-03  -1.01876e+00  -3.02022e-03  -2.48017e-02  -1.57410e-02
8.78599e+01  -9.80573e-03  -1.01894e+00  -3.12927e-03  -2.51996e-02  -1.58117e-02
8.79646e+01  -1.00203e-02  -1.01914e+00  -3.24489e-03  -2.56296e-02  -1.58949e-02
8.80693e+01  -1.02515e-02  -1.01935e+00  -3.36817e-03  -2.60907e-02  -1.59862e-02
8.81740e+01  -1.05005e-02  -1.01958e+00  -3.50007e-03  -2.65813e-02  -1.60811e-02
8.82788e+01  -1.07685e-02  -1.01982e+00  -3.64139e-03  -2.70989e-02  -1.61748e-02
8.83835e+01  -1.10571e-02  -1.02006e+00  -3.79274e-03  -2.76406e-02  -1.62624e-02
8.84882e+01  -1.13678e-02  -1.02029e+00  -3.95446e-03  -2.82024e-02  -1.63390e-02
8.85929e+01  -1.17026e-02  -1.02053e+00  -4.12656e-03  -2.87794e-02  -1.63997e-02
8.86976e+01  -1.20633e-02  -1.02075e+00  -4.30866e-03  -2.93658e-02  -1.64398e-02
8.88024e+01  -1.24523e-02  -1.02095e+00  -4.49991e-03  -2.99546e-02  -1.64549e-02
8.89071e+01  -1.28722e-02  -1.02114e+00  -4.69894e-03  -3.05380e-02  -1.64412e-02
8.90118e+01  -1.33257e-02  -1.02130e+00  -4.90380e-03  -3.11069e-02  -1.63955e-02
8.91165e+01  -1.38158e-02  -1.02143e+00  -5.11199e-03  -3.16515e-02  -1.63155e-02
8.92212e+01  -1.43461e-02  -1.02152e+00  -5.32041e-03  -3.21613e-02  -1.62001e-02
8.93260e+01  -1.49201e-02  -1.02157e+00  -5.52548e-03  -3.26254e-02  -1.60490e-02
8.94307e+01  -1.55419e-02  -1.02159e+00  -5.72323e-03  -3.30326e-02  -1.58629e-02
8.95354e+01  -1.62158e-02  -1.02155e+00  -5.90947e-03  -3.33722e-02  -1.56438e-02
8.96401e+01  -1.69463e-02  -1.02147e+00  -6.07992e-03  -3.36343e-02  -1.53945e-02
8.97448e+01  -1.77381e-02  -1.02135e+00  -6.23051e-03  -3.38100e-02  -1.51185e-02
8.98495e+01  -1.85962e-02  -1.02118e+00  -6.35750e-03  -3.38924e-02  -1.48199e-02
8.99543e+01  -1.95255e-02  -1.02096e+00  -6.45774e-03  -3.38766e-02  -1.45034e-02
9.00590e+01  -2.05304e-02  -1.02070e+00  -6.52881e-03  -3.37600e-02  -1.41736e-02
9.01637e+01  -2.16151e-02  -1.02040e+00  -6.56914e-03  -3.35426e-02  -1.38352e-02
9.02684e+01  -2.27828e-02  -1.02007e+00  -6.57805e-03  -3.32271e-02  -1.34929e-02
9.03731e+01  -2.40348e-02  -1.01971e+00  -6.55577e-03  -3.28184e-02  -1.31510e-02
9.04779e+01  -2.53705e-02  -1.01932e+00  -6.50337e-03  -3.23236e-02  -1.28135e-02
9.05826e+01  -2.67860e-02  -1.01891e+00  -6.42261e-03  -3.17515e-02  -1.24837e-02
9.06873e+01  -2.82730e-02  -1.01848e+00  -6.31585e-03  -3.11124e-02  -1.21649e-02
9.07920e+01  -2.98176e-02  -1.01805e+00  -6.18584e-03  -3.04171e-02  -1.18596e-02
9.08967e+01  -3.13992e-02  -1.01761e+00  -6.03558e-03  -2.96768e-02  -1.15701e-02
9.10015e+01  -3.29888e-02  -1.01717e+00  -5.86815e-03  -2.89027e-02  -1.12982e-02
9.11062e+01  -3.45489e-02  -1.01673e+00  -5.68658e-03  -2.81052e-02  -1.10455e-02
9.12109e+01  -3.60328e-02  -1.01631e+00  -5.49373e-03  -2.72943e-02  -1.08131e-02
9.13156e+01  -3.73865e-02  -1.01589e+00  -5.29223e-03  -2.64789e-02  -1.06022e-02
9.14203e+01  -3.85511e-02  -1.01550e+00  -5.08439e-03  -2.56666e-02  -1.04135e-02
9.15251e+01  -3.94672e-02  -1.01512e+00  -4.87218e-03  -2.48643e-02  -1.02477e-02
9.16298e+01  -4.00812e-02  -1.01476e+00  -4.65723e-03  -2.40774e-02  -1.01057e-02
9.17345e+01  -4.03514e-02  -1.01443e+00  -4.44081e-03  -2.33104e-02  -9.98803e-03
9.18392e+01  -4.02538e-02  -1.01412e+00  -4.22384e-03  -2.25670e-02  -9.89550e-03
9.19439e+01  -3.97861e-02  -1.01384e+00  -4.00693e-03  -2.18498e-02  -9.82895e-03
9.20487e+01  -3.89682e-02  -1.01358e+00  -3.79037e-03  -2.11605e-02  -9.78939e-03
9.21534e+01  -3.78399e-02  -1.01335e+00  -3.57417e-03  -2.05005e-02  -9.77805e-03
9.22581e+01  -3.64554e-02  -1.01315e+00  -3.35802e-03  -1.98705e-02  -9.79644e-03
9.23628e+01  -3.48772e-02  -1.01299e+00  -3.14140e-03  -1.92706e-02  -9.84641e-03
9.24675e+01  -3.31690e-02  -1.01285e+00  -2.92347e-03  -1.87007e-02  -9.93031e-03
9.25723e+01  -3.13907e-02  -1.01275e+00  -2.70313e-03  -1.81604e-02  -1.00510e-02
9.26770e+01  -2.95942e-02  -1.01269e+00  -2.47895e-03  -1.76489e-02  -1.02121e-02
9.27817e+01  -2.78218e-02  -1.01267e+00  -2.24917e-03  -1.71655e-02  -1.04180e-02
9.28864e+01  -2.61058e-02  -1.01269e+00  -2.01161e-03  -1.67092e-02  -1.06744e-02
9.29911e+01  -2.44691e-02  -1.01275e+00  -1.76356e-03  -1.62790e-02  -1.09883e-02
9.30959e+01  -2.29263e-02  -1.01287e+00  -1.50168e-03  -1.58737e-02  -1.13687e-02
9.32006e+01  -2.14857e-02  -1.01305e+00  -1.22179e-03  -1.54924e-02  -1.18270e-02
9.33053e+01  -2.01504e-02  -1.01330e+00  -9.18558e-04  -1.51339e-02  -1.23783e-02
9.34100e+01  -1.89197e-02  -1.01363e+00  -5.85111e-04  -1.47972e-02  -1.30419e-02
9.35147e+01  -1.77906e-02  -1.01406e+00  -2.12384e-04  -1.44813e-02  -1.38441e-02
9.36195e+01  -1.67583e-02  -1.01461e+00  2.11850e-04  -1.41851e-02  -1.48206e-02
9.37242e+01  -1.58170e-02  -1.01532e+00  7.04536e-04  -1.39077e-02  -1.60213e-02
9.38289e+01  -1.49604e-02  -1.01623e+00  1.28991e-03  -1.36483e-02  -1.75180e-02
9.39336e+01  -1.41822e-02  -1.01741e+00  2.00395e-03  -1.34060e-02  -1.94179e-02
9.40383e+01  -1.34762e-02  -1.01899e+00  2.90257e-03  -1.31801e-02  -2.18878e-02
9.41431e+01  -1.28364e-02  -1.02113e+00  4.07770e-03  -1.29699e-02  -2.52030e-02
9.42478e+01  -1.22571e-02  -1.02416e+00  5.69204e-03  -1.27748e-02  -2.98509e-02
9.43525e+01  -1.17332e-02  -1.02872e+00  8.06352e-03  -1.25942e-02  -3.67847e-02
9.44572e+01  -1.12599e-02  -1.03624e+00  1.19085e-02  -1.24276e-02  -4.81530e-02
9.45619e+01  -1.08329e-02  -1.05078e+00  1.92512e-02  -1.22746e-02  -7.00283e-02
9.46667e+01  -1.04482e-02  -1.08997e+00  3.89158e-02  -1.21349e-02  -1.28882e-01
9.47714e+01  -1.01024e-02  -1.54144e+00  2.64714e-01  -1.20081e-02  -8.06149e-01
9.48761e+01  -9.79234e-03  -8.76717e-01  -6.75884e-02  -1.18940e-02  1.90871e-01
9.49808e+01  -9.51510e-03  -9.46672e-01  -3.25604e-02  -1.17925e-02  8.58885e-02
9.50855e+01  -9.26820e-03  -9.66729e-01  -2.24874e-02  -1.17035e-02  5.57588e-02
9.51903e+01  -9.04941e-03  -9.76187e-01  -1.77202e-02  -1.16269e-02  4.15336e-02
9.52950e+01  -8.85673e-03  -9.81658e-01  -1.49525e-02  -1.15628e-02  3.32948e-02
9.53997e+01  -8.68841e-03  -9.85201e-01  -1.31551e-02  -1.15112e-02  2.79542e-02
9.55044e+01  -8.54289e-03  -9.87665e-01  -1.19035e-02  -1.14724e-02  2.42381e-02
9.56091e+01  -8.41878e-03  -9.89465e-01  -1.09908e-02  -1.14466e-02  2.15258e-02
9.57139e+01  -8.31488e-03  -9.90825e-01  -1.03044e-02  -1.14340e-02  1.94790e-02
9.58186e+01  -8.23011e-03  -9.91880e-01  -9.77770e-03  -1.14352e-02  1.78979e-02
9.59233e+01  -8.16352e-03  -9.92712e-01  -9.36922e-03  -1.14505e-02  1.66571e-02
9.60280e+01  -8.11427e-03  -9.93377e-01  -9.05169e-03  -1.14806e-02  1.56745e-02
9.61327e+01  -8.08160e-03  -9.93913e-01  -8.80671e-03  -1.15261e-02  1.48940e-02
9.62375e+01  -8.06484e-03  -9.94345e-01  -8.62156e-03  -1.15878e-02  1.42769e-02
9.63422e+01  -8.06339e-03  -9.94692e-01  -8.48734e-03  -1.16664e-02  1.37956e-02
9.64469e+01  -8.07667e-03  -9.94968e-01  -8.39784e-03  -1.17632e-02  1.34303e-02
9.65516e+01  -8.10413e-03  -9.95181e-01  -8.34884e-03  -1.18791e-02  1.31674e-02
9.66563e+01  -8.14526e-03  -9.95340e-01  -8.33762e-03  -1.20156e-02  1.29973e-02
9.67611e+01  -8.19952e-03  -9.95449e-01  -8.36271e-03  -1.21740e-02  1.29142e-02
9.68658e+01  -8.26633e-03  -9.95508e-01  -8.42373e-03  -1.23560e-02  1.29152e-02
9.69705e+01  -8.34510e-03  -9.95521e-01  -8.52130e-03  -1.25635e-02  1.30004e-02
9.70752e+01  -8.43515e-03  -9.95485e-01  -8.65706e-03  -1.27986e-02  1.31725e-02
9.71799e+01  -8.53570e-03  -9.95396e-01  -8.83375e-03  -1.30638e-02  1.34374e-02
9.72847e+01  -8.64588e-03  -9.95251e-01  -9.05540e-03  -1.33618e-02  1.38044e-02
9.73894e+01  -8.76465e-03  -9.95040e-01  -9.32763e-03  -1.36957e-02  1.42872e-02
9.74941e+01  -8.89084e-03  -9.94753e-01  -9.65813e-03  -1.40690e-02  1.49054e-02
9.75988e+01  -9.02308e-03  -9.94371e-01  -1.00574e-02  -1.44856e-02  1.56865e-02
9.77035e+01  -9.15979e-03  -9.93871e-01  -1.05398e-02  -1.49503e-02  1.66691e-02
9.78083e+01  -9.29919e-03  -9.93217e-01  -1.11256e-02  -1.54680e-02  1.79089e-02
9.79130e+01  -9.43928e-03  -9.92356e-01  -1.18441e-02  -1.60446e-02  1.94877e-02
9.80177e+01  -9.57785e-03  -9.91209e-01  -1.27391e-02  -1.66870e-02  2.15303e-02
9.81224e+01  -9.71248e-03  -9.89644e-01  -1.38793e-02  -1.74025e-02  2.42353e-02
9.82271e+01  -9.84060e-03  -9.87440e-01  -1.53798e-02  -1.81999e-02  2.79395e-02
9.83319e+01  -9.95952e-03  -9.84190e-01  -1.74496e-02  -1.90888e-02  3.32601e-02
9.84366e+01  -1.00665e-02  -9.79051e-01  -2.05146e-02  -2.00803e-02  4.14634e-02
9.85413e+01  -1.01589e-02  -9.69983e-01  -2.56018e-02  -2.11865e-02  5.56190e-02
9.86460e+01  -1.02340e-02  -9.50423e-01  -3.59993e-02  -2.24210e-02  8.55767e-02
9.87507e+01  -1.02896e-02  -8.81426e-01  -7.11862e-02  -2.37987e-02  1.89760e-01
9.88554e+01  -1.03236e-02  -1.54921e+00  2.61935e-01  -2.53354e-02  -8.11141e-01
9.89602e+01  -1.03344e-02  -1.09462e+00  3.37851e-02  -2.70473e-02  -1.28403e-01
9.90649e+01  -1.03209e-02  -1.05607e+00  1.35601e-02  -2.89506e-02  -6.96310e-02
9.91696e+01  -1.02827e-02  -1.04222e+00  5.58116e-03  -3.10594e-02  -4.78028e-02
9.92743e+01  -1.02196e-02  -1.03543e+00  1.02491e-03  -3.33839e-02  -3.64586e-02
9.93790e+01  -1.01326e-02  -1.03167e+00  -2.13019e-03  -3.59272e-02  -2.95366e-02
9.94838e+01  -1.00226e-02  -1.02949e+00  -4.59571e-03  -3.86801e-02  -2.48930e-02
9.95885e+01  -9.89154e-03  -1.02826e+00  -6.67949e-03  -4.16157e-02  -2.15772e-02
9.96932e+01  -9.74148e-03  -1.02763e+00  -8.52613e-03  -4.46815e-02  -1.91031e-02
9.97979e+01  -9.57490e-03  -1.02740e+00  -1.01986e-02  -4.77923e-02  -1.71964e-02
9.99026e+01  -9.39445e-03  -1.02740e+00  -1.17112e-02  -5.08243e-02  -1.56906e-02
1.00007e+02  -9.20291e-03  -1.02752e+00  -1.30452e-02  -5.36146e-02  -1.44789e-02
1.00112e+02  -9.00304e-03  -1.02765e+00  -1.41600e-02  -5.59697e-02  -1.34896e-02
1.00217e+02  -8.79755e-03  -1.02768e+00  -1.50047e-02  -5.76871e-02  -1.26730e-02
1.00322e+02  -8.58896e-03  -1.02752e+00  -1.55313e-02  -5.85873e-02  -1.19934e-02
1.00426e+02  -8.37962e-03  -1.02713e+00  -1.57089e-02  -5.85515e-02  -1.14248e-02
1.00531e+02  -8.17163e-03  -1.02648e+00  -1.55343e-02  -5.75506e-02  -1.09476e-02
1.00636e+02  -7.96683e-03  -1.02558e+00  -1.50361e-02  -5.56551e-02  -1.05469e-02
1.00740e+02  -7.76683e-03  -1.02448e+00  -1.42696e-02  -5.30199e-02  -1.02112e-02
1.00845e+02  -7.57295e-03  -1.02324e+00  -1.33065e-02  -4.98512e-02  -9.93171e-03
1.00950e+02  -7.38629e-03  -1.02192e+00  -1.22219e-02  -4.63669e-02  -9.70128e-03
1.01055e+02  -7.20775e-03  -1.02060e+00  -1.10835e-02  -4.27649e-02  -9.51437e-03
1.01159e+02  -7.03801e-03  -1.01931e+00  -9.94564e-03  -3.92035e-02  -9.36658e-03
1.01264e+02  -6.87760e-03  -1.01810e+00  -8.84711e-03  -3.57958e-02  -9.25442e-03
1.01369e+02  -6.72688e-03  -1.01699e+00  -7.81252e-03  -3.26127e-02  -9.17515e-03
1.01473e+02  -6.58611e-03  -1.01598e+00  -6.85495e-03  -2.96915e-02  -9.12663e-03
1.01578e+02  -6.45545e-03  -1.01509e+00  -5.97901e-03  -2.70443e-02  -9.10728e-03
1.01683e+02  -6.33498e-03  -1.01430e+00  -5.18363e-03  -2.46668e-02  -9.11592e-03
1.01788e+02  -6.22471e-03  -1.01362e+00  -4.46423e-03  -2.25445e-02  -9.15178e-03
1.01892e+02  -6.12463e-03  -1.01303e+00  -3.81434e-03  -2.06575e-02  -9.21445e-03
1.01997e+02  -6.03467e-03  -1.01253e+00  -3.22661e-03  -1.89837e-02  -9.30383e-03
1.02102e+02  -5.95476e-03  -1.01211e+00  -2.69357e-03  -1.75008e-02  -9.42012e-03
1.02206e+02  -5.88483e-03  -1.01177e+00  -2.20795e-03  -1.61877e-02  -9.56382e-03
1.02311e+02  -5.82479e-03  -1.01150e+00  -1.76295e-03  -1.50246e-02  -9.73572e-03
1.02416e+02  -5.77459e-03  -1.01129e+00  -1.35232e-03  -1.39939e-02  -9.93690e-03
1.02521e+02  -5.73417e-03  -1.01114e+00  -9.70353e-04  -1.30798e-02  -1.01687e-02
1.02625e+02  -5.70350e-03  -1.01104e+00  -6.11852e-04  -1.22685e-02  -1.04329e-02
1.02730e+02  -5.68259e-03  -1.01100e+00  -2.72105e-04  -1.15478e-02  -1.07315e-02
1.02835e+02  -5.67147e-03  -1.01101e+00  5.31999e-05  -1.09073e-02  -1.10669e-02
1.02940e+02  -5.67022e-03  -1.01107e+00  3.68044e-04  -1.03377e-02  -1.14419e-02
1.03044e+02  -5.67895e-03  -1.01118e+00  6.76144e-04  -9.83129e-03  -1.18597e-02
1.03149e+02  -5.69784e-03  -1.01134e+00  9.81025e-04  -9.38115e-03  -1.23242e-02
1.03254e+02  -5.72708e-03  -1.01155e+00  1.28609e-03  -8.98144e-03  -1.28397e-02
1.03358e+02  -5.76698e-03  -1.01182e+00  1.59467e-03  -8.62711e-03  -1.34111e-02
1.03463e+02  -5.81786e-03  -1.01213e+00  1.91011e-03  -8.31385e-03  -1.40442e-02
1.03568e+02  -5.88014e-03  -1.01251e+00  2.23583e-03  -8.03796e-03  -1.47455e-02
1.03673e+02  -5.95433e-03  -1.01295e+00  2.57539e-03  -7.79630e-03  -1.55225e-02
1.03777e+02  -6.04101e-03  -1.01345e+00  2.93254e-03  -7.58620e-03  -1.63838e-02
1.03882e+02  -6.14089e-03  -1.01403e+00  3.31135e-03  -7.40546e-03  -1.73395e-02
1.03987e+02  -6.25477e-03  -1.01468e+00  3.71625e-03  -7.25226e-03  -1.84010e-02
1.04091e+02  -6.38360e-03  -1.01543e+00  4.15213e-03  -7.12513e-03  -1.95815e-02
1.04196e+02  -6.52850e-03  -1.01627e+00  4.62449e-03  -7.02296e-03  -2.08964e-02
1.04301e+02  -6.69076e-03  -1.01722e+00  5.13953e-03  -6.94495e-03  -2.23635e-02
1.04406e+02  -6.87189e-03  -1.01830e+00  5.70432e-03  -6.89062e-03  -2.40036e-02
1.04510e+02  -7.07366e-03  -1.01951e+00  6.32701e-03  -6.85980e-03  -2.58408e-02
1.04615e+02  -7.29814e-03  -1.02089e+00  7.01699e-03  -6.85267e-03  -2.79036e-02
1.04720e+02  -7.54777e-03  -1.02244e+00  7.78526e-03  -6.86972e-03  -3.02255e-02
1.04824e+02  -7.82544e-03  -1.02420e+00  8.64470e-03  -6.91186e-03  -3.28460e-02
1.04929e+02  -8.13458e-03  -1.02620e+00  9.61052e-03  -6.98042e-03  -3.58120e-02
1.05034e+02  -8.47930e-03  -1.02848e+00  1.07008e-02  -7.07722e-03  -3.91797e-02
1.05139e+02  -8.86457e-03  -1.03108e+00  1.19374e-02  -7.20468e-03  -4.30168e-02
1.05243e+02  -9.29642e-03  -1.03406e+00  1.33464e-02  -7.36596e-03  -4.74051e-02
1.05348e+02  -9.78223e-03  -1.03748e+00  1.49598e-02  -7.56511e-03  -5.24447e-02
1.05453e+02  -1.03312e-02  -1.04144e+00  1.68174e-02  -7.80732e-03  -5.82594e-02
1.05558e+02  -1.09548e-02  -1.04604e+00  1.89683e-02  -8.09930e-03  -6.50043e-02
1.05662e+02  -1.16677e-02  -1.05140e+00  2.14755e-02  -8.44968e-03  -7.28761e-02
1.05767e+02  -1.24888e-02  -1.05771e+00  2.44200e-02  -8.86976e-03  -8.21297e-02
1.05872e+02  -1.34429e-02  -1.06519e+00  2.79090e-02  -9.37453e-03  -9.31017e-02
1.05976e+02  -1.45632e-02  -1.07416e+00  3.20882e-02  -9.98413e-03  -1.06249e-01
1.06081e+02  -1.58952e-02  -1.08505e+00  3.71614e-02  -1.07263e-02  -1.22210e-01
1.06186e+02  -1.75030e-02  -1.09849e+00  4.34248e-02  -1.16400e-02  -1.41914e-01
1.06291e+02  -1.94798e-02  -1.11544e+00  5.13296e-02  -1.27821e-02  -1.66771e-01
1.06395e+02  -2.19664e-02  -1.13744e+00  6.16017e-02  -1.42384e-02  -1.99044e-01
1.06500e+02  -2.51860e-02  -1.16713e+00  7.54953e-02  -1.61444e-02  -2.42630e-01
1.06605e+02  -2.95156e-02  -1.20950e+00  9.53856e-02  -1.87280e-02  -3.04885e-01
1.06709e+02  -3.56442e-02  -1.27518e+00  1.26390e-01  -2.24034e-02  -4.01572e-01
1.06814e+02  -4.49810e-02  -1.39183e+00  1.81909e-01  -2.80106e-02  -5.73738e-01
1.06919e+02  -6.09295e-02  -1.66070e+00  3.11573e-01  -3.75503e-02  -9.72268e-01
1.07024e+02  -9.43435e-02  -2.99662e+00  9.69687e-01  -5.72472e-02  -2.96631e+00
1.07128e+02  -2.08556e-01  9.13763e-01  -1.01745e+00  -1.21146e-01  2.93122e+00
1.07233e+02  1.00000e+00  5.36527e-04  1.65178e-02  1.03357e+00  9.84019e-01
