# k S000 S110 S112 S10 S11
1.04720000e-01 3.55168000e-02 1.38805000e+00 -5.59265000e-01 2.69523000e-01 1.94732000e+00
2.09440000e-01 3.56067000e-02 1.38418000e+00 -5.57029000e-01 2.70118000e-01 1.94121000e+00
3.14159000e-01 3.57571000e-02 1.37779000e+00 -5.53340000e-01 2.71113000e-01 1.93113000e+00
4.18879000e-01 3.59688000e-02 1.36902000e+00 -5.48253000e-01 2.72511000e-01 1.91727000e+00
5.23599000e-01 3.62433000e-02 1.35800000e+00 -5.41842000e-01 2.74320000e-01 1.89985000e+00
6.28319000e-01 3.65821000e-02 1.34494000e+00 -5.34197000e-01 2.76546000e-01 1.87914000e+00
7.33038000e-01 3.69873000e-02 1.33004000e+00 -5.25419000e-01 2.79199000e-01 1.85546000e+00
8.37758000e-01 3.74613000e-02 1.31353000e+00 -5.15619000e-01 2.82292000e-01 1.82915000e+00
9.42478000e-01 3.80073000e-02 1.29567000e+00 -5.04914000e-01 2.85837000e-01 1.80058000e+00
1.04720000e+00 3.86286000e-02 1.27669000e+00 -4.93422000e-01 2.89850000e-01 1.77012000e+00
1.15192000e+00 3.93292000e-02 1.25687000e+00 -4.81259000e-01 2.94349000e-01 1.73812000e+00
1.25664000e+00 4.01138000e-02 1.23642000e+00 -4.68536000e-01 2.99352000e-01 1.70496000e+00
1.36136000e+00 4.09875000e-02 1.21560000e+00 -4.55361000e-01 3.04883000e-01 1.67096000e+00
1.46608000e+00 4.19564000e-02 1.19462000e+00 -4.41829000e-01 3.10964000e-01 1.63645000e+00
1.57080000e+00 4.30273000e-02 1.17368000e+00 -4.28030000e-01 3.17624000e-01 1.60171000e+00
1.67552000e+00 4.42078000e-02 1.15297000e+00 -4.14040000e-01 3.24890000e-01 1.56701000e+00
1.78024000e+00 4.55066000e-02 1.13265000e+00 -3.99926000e-01 3.32793000e-01 1.53257000e+00
1.88496000e+00 4.69335000e-02 1.11286000e+00 -3.85745000e-01 3.41369000e-01 1.49861000e+00
1.98968000e+00 4.84997000e-02 1.09374000e+00 -3.71543000e-01 3.50653000e-01 1.46528000e+00
2.09440000e+00 5.02178000e-02 1.07539000e+00 -3.57355000e-01 3.60685000e-01 1.43275000e+00
2.19911000e+00 5.21019000e-02 1.05792000e+00 -3.43207000e-01 3.71505000e-01 1.40113000e+00
2.30383000e+00 5.41683000e-02 1.04139000e+00 -3.29117000e-01 3.83159000e-01 1.37051000e+00
2.40855000e+00 5.64354000e-02 1.02588000e+00 -3.15097000e-01 3.95691000e-01 1.34098000e+00
2.51327000e+00 5.89239000e-02 1.01145000e+00 -3.01148000e-01 4.09149000e-01 1.31259000e+00
2.61799000e+00 6.16577000e-02 9.98122000e-01 -2.87269000e-01 4.23583000e-01 1.28539000e+00
2.72271000e+00 6.46640000e-02 9.85948000e-01 -2.73452000e-01 4.39044000e-01 1.25940000e+00
2.82743000e+00 6.79739000e-02 9.74951000e-01 -2.59685000e-01 4.55581000e-01 1.23464000e+00
2.93215000e+00 7.16231000e-02 9.65150000e-01 -2.45953000e-01 4.73243000e-01 1.21110000e+00
3.03687000e+00 7.56527000e-02 9.56559000e-01 -2.32240000e-01 4.92080000e-01 1.18880000e+00
3.14159000e+00 8.01100000e-02 9.49185000e-01 -2.18526000e-01 5.12134000e-01 1.16771000e+00
3.24631000e+00 8.50500000e-02 9.43031000e-01 -2.04793000e-01 5.33445000e-01 1.14782000e+00
3.35103000e+00 9.05362000e-02 9.38092000e-01 -1.91024000e-01 5.56044000e-01 1.12912000e+00
3.45575000e+00 9.66428000e-02 9.34360000e-01 -1.77204000e-01 5.79952000e-01 1.11156000e+00
3.56047000e+00 1.03456000e-01 9.31817000e-01 -1.63319000e-01 6.05179000e-01 1.09514000e+00
3.66519000e+00 1.11078000e-01 9.30443000e-01 -1.49364000e-01 6.31715000e-01 1.07981000e+00
3.76991000e+00 1.19628000e-01 9.30207000e-01 -1.35337000e-01 6.59534000e-01 1.06554000e+00
3.87463000e+00 1.29247000e-01 9.31070000e-01 -1.21244000e-01 6.88582000e-01 1.05231000e+00
3.97935000e+00 1.40102000e-01 9.32984000e-01 -1.07102000e-01 7.18779000e-01 1.04009000e+00
4.08407000e+00 1.52391000e-01 9.35888000e-01 -9.29372000e-02 7.50013000e-01 1.02882000e+00
4.18879000e+00 1.66352000e-01 9.39711000e-01 -7.87876000e-02 7.82136000e-01 1.01850000e+00
4.29351000e+00 1.82269000e-01 9.44368000e-01 -6.47050000e-02 8.14958000e-01 1.00907000e+00
4.39823000e+00 2.00483000e-01 9.49763000e-01 -5.07545000e-02 8.48254000e-01 1.00052000e+00
4.50295000e+00 2.21405000e-01 9.55782000e-01 -3.70148000e-02 8.81752000e-01 9.92797000e-01
4.60767000e+00 2.45535000e-01 9.62302000e-01 -2.35780000e-02 9.15146000e-01 9.85880000e-01
4.71239000e+00 2.73474000e-01 9.69188000e-01 -1.05477000e-02 9.48093000e-01 9.79736000e-01
4.81711000e+00 3.05952000e-01 9.76295000e-01 1.96308000e-03 9.80221000e-01 9.74332000e-01
4.92183000e+00 3.43855000e-01 9.83473000e-01 1.38352000e-02 1.01114000e+00 9.69638000e-01
5.02655000e+00 3.88251000e-01 9.90570000e-01 2.49476000e-02 1.04047000e+00 9.65622000e-01
5.13127000e+00 4.40421000e-01 9.97438000e-01 3.51822000e-02 1.06780000e+00 9.62255000e-01
5.23599000e+00 5.01886000e-01 1.00394000e+00 4.44289000e-02 1.09279000e+00 9.59507000e-01
5.34071000e+00 5.74412000e-01 1.00994000e+00 5.25912000e-02 1.11512000e+00 9.57346000e-01
5.44543000e+00 6.59986000e-01 1.01533000e+00 5.95903000e-02 1.13451000e+00 9.55744000e-01
5.55015000e+00 7.60719000e-01 1.02004000e+00 6.53701000e-02 1.15078000e+00 9.54669000e-01
5.65487000e+00 8.78623000e-01 1.02399000e+00 6.98991000e-02 1.16379000e+00 9.54093000e-01
5.75959000e+00 1.01519000e+00 1.02716000e+00 7.31725000e-02 1.17350000e+00 9.53984000e-01
5.86431000e+00 1.17067000e+00 1.02952000e+00 7.52119000e-02 1.17995000e+00 9.54312000e-01
5.96903000e+00 1.34307000e+00 1.03111000e+00 7.60636000e-02 1.18324000e+00 9.55047000e-01
6.07375000e+00 1.52684000e+00 1.03195000e+00 7.57959000e-02 1.18355000e+00 9.56158000e-01
6.17847000e+00 1.71187000e+00 1.03211000e+00 7.44958000e-02 1.18110000e+00 9.57613000e-01
6.28319000e+00 1.88343000e+00 1.03165000e+00 7.22641000e-02 1.17617000e+00 9.59381000e-01
6.38791000e+00 2.02413000e+00 1.03064000e+00 6.92112000e-02 1.16906000e+00 9.61431000e-01
6.49262000e+00 2.11806000e+00 1.02918000e+00 6.54530000e-02 1.16009000e+00 9.63731000e-01
6.59734000e+00 2.15560000e+00 1.02736000e+00 6.11067000e-02 1.14957000e+00 9.66249000e-01
6.70206000e+00 2.13652000e+00 1.02524000e+00 5.62873000e-02 1.13781000e+00 9.68952000e-01
6.80678000e+00 2.06936000e+00 1.02291000e+00 5.11053000e-02 1.12512000e+00 9.71808000e-01
6.91150000e+00 1.96780000e+00 1.02045000e+00 4.56642000e-02 1.11178000e+00 9.74787000e-01
7.01622000e+00 1.84644000e+00 1.01791000e+00 4.00596000e-02 1.09803000e+00 9.77855000e-01
7.12094000e+00 1.71763000e+00 1.01536000e+00 3.43781000e-02 1.08412000e+00 9.80983000e-01
7.22566000e+00 1.59032000e+00 1.01284000e+00 2.86967000e-02 1.07023000e+00 9.84139000e-01
7.33038000e+00 1.47009000e+00 1.01038000e+00 2.30838000e-02 1.05654000e+00 9.87293000e-01
7.43510000e+00 1.35991000e+00 1.00802000e+00 1.75982000e-02 1.04321000e+00 9.90417000e-01
7.53982000e+00 1.26092000e+00 1.00577000e+00 1.22909000e-02 1.03036000e+00 9.93483000e-01
7.64454000e+00 1.17315000e+00 1.00367000e+00 7.20467000e-03 1.01808000e+00 9.96465000e-01
7.74926000e+00 1.09603000e+00 1.00171000e+00 2.37538000e-03 1.00646000e+00 9.99338000e-01
7.85398000e+00 1.02867000e+00 9.99912000e-01 -2.16757000e-03 9.95577000e-01 1.00208000e+00
7.95870000e+00 9.70089000e-01 9.98268000e-01 -6.40053000e-03 9.85467000e-01 1.00467000e+00
8.06342000e+00 9.19336000e-01 9.96780000e-01 -1.03050000e-02 9.76170000e-01 1.00709000e+00
8.16814000e+00 8.75509000e-01 9.95447000e-01 -1.38670000e-02 9.67713000e-01 1.00931000e+00
8.27286000e+00 8.37806000e-01 9.94264000e-01 -1.70766000e-02 9.60111000e-01 1.01134000e+00
8.37758000e+00 8.05524000e-01 9.93226000e-01 -1.99275000e-02 9.53371000e-01 1.01315000e+00
8.48230000e+00 7.78057000e-01 9.92327000e-01 -2.24165000e-02 9.47494000e-01 1.01474000e+00
8.58702000e+00 7.54885000e-01 9.91560000e-01 -2.45435000e-02 9.42473000e-01 1.01610000e+00
8.69174000e+00 7.35569000e-01 9.90919000e-01 -2.63106000e-02 9.38298000e-01 1.01723000e+00
8.79646000e+00 7.19738000e-01 9.90398000e-01 -2.77224000e-02 9.34953000e-01 1.01812000e+00
8.90118000e+00 7.07083000e-01 9.89992000e-01 -2.87857000e-02 9.32421000e-01 1.01878000e+00
9.00590000e+00 6.97344000e-01 9.89696000e-01 -2.95091000e-02 9.30677000e-01 1.01920000e+00
9.11062000e+00 6.90309000e-01 9.89504000e-01 -2.99031000e-02 9.29698000e-01 1.01941000e+00
9.21534000e+00 6.85802000e-01 9.89413000e-01 -2.99796000e-02 9.29454000e-01 1.01939000e+00
9.32006000e+00 6.83680000e-01 9.89418000e-01 -2.97523000e-02 9.29914000e-01 1.01917000e+00
9.42478000e+00 6.83829000e-01 9.89517000e-01 -2.92361000e-02 9.31045000e-01 1.01875000e+00
9.52950000e+00 6.86159000e-01 9.89706000e-01 -2.84476000e-02 9.32811000e-01 1.01815000e+00
9.63422000e+00 6.90599000e-01 9.89982000e-01 -2.74043000e-02 9.35173000e-01 1.01739000e+00
9.73894000e+00 6.97094000e-01 9.90341000e-01 -2.61252000e-02 9.38091000e-01 1.01647000e+00
9.84366000e+00 7.05604000e-01 9.90781000e-01 -2.46300000e-02 9.41521000e-01 1.01541000e+00
9.94838000e+00 7.16097000e-01 9.91296000e-01 -2.29399000e-02 9.45417000e-01 1.01424000e+00
1.00531000e+01 7.28548000e-01 9.91884000e-01 -2.10767000e-02 9.49730000e-01 1.01296000e+00
1.01578000e+01 7.42936000e-01 9.92538000e-01 -1.90632000e-02 9.54411000e-01 1.01160000e+00
1.02625000e+01 7.59236000e-01 9.93253000e-01 -1.69228000e-02 9.59407000e-01 1.01018000e+00
1.03673000e+01 7.77419000e-01 9.94022000e-01 -1.46798000e-02 9.64663000e-01 1.00870000e+00
1.04720000e+01 7.97447000e-01 9.94839000e-01 -1.23586000e-02 9.70122000e-01 1.00720000e+00
1.05767000e+01 8.19262000e-01 9.95695000e-01 -9.98420000e-03 9.75726000e-01 1.00568000e+00
1.06814000e+01 8.42789000e-01 9.96581000e-01 -7.58151000e-03 9.81418000e-01 1.00416000e+00
1.07861000e+01 8.67922000e-01 9.97487000e-01 -5.17551000e-03 9.87136000e-01 1.00266000e+00
1.08909000e+01 8.94520000e-01 9.98404000e-01 -2.79088000e-03 9.92823000e-01 1.00120000e+00
1.09956000e+01 9.22403000e-01 9.99321000e-01 -4.51765000e-04 9.98418000e-01 9.99773000e-01
1.11003000e+01 9.51342000e-01 1.00023000e+00 1.81843000e-03 1.00386000e+00 9.98408000e-01
1.12050000e+01 9.81056000e-01 1.00111000e+00 3.99732000e-03 1.00910000e+00 9.97113000e-01
1.13097000e+01 1.01121000e+00 1.00196000e+00 6.06379000e-03 1.01409000e+00 9.95896000e-01
1.14145000e+01 1.04141000e+00 1.00277000e+00 7.99824000e-03 1.01876000e+00 9.94769000e-01
1.15192000e+01 1.07122000e+00 1.00352000e+00 9.78286000e-03 1.02309000e+00 9.93737000e-01
1.16239000e+01 1.10016000e+00 1.00421000e+00 1.14018000e-02 1.02701000e+00 9.92808000e-01
1.17286000e+01 1.12769000e+00 1.00483000e+00 1.28415000e-02 1.03051000e+00 9.91987000e-01
1.18333000e+01 1.15329000e+00 1.00537000e+00 1.40907000e-02 1.03355000e+00 9.91278000e-01
1.19381000e+01 1.17645000e+00 1.00583000e+00 1.51406000e-02 1.03611000e+00 9.90685000e-01
1.20428000e+01 1.19666000e+00 1.00619000e+00 1.59853000e-02 1.03816000e+00 9.90208000e-01
1.21475000e+01 1.21350000e+00 1.00647000e+00 1.66211000e-02 1.03971000e+00 9.89849000e-01
1.22522000e+01 1.22662000e+00 1.00665000e+00 1.70475000e-02 1.04075000e+00 9.89607000e-01
1.23569000e+01 1.23578000e+00 1.00675000e+00 1.72661000e-02 1.04128000e+00 9.89480000e-01
1.24617000e+01 1.24087000e+00 1.00675000e+00 1.72814000e-02 1.04131000e+00 9.89466000e-01
1.25664000e+01 1.24187000e+00 1.00666000e+00 1.71000000e-02 1.04086000e+00 9.89562000e-01
1.26711000e+01 1.23893000e+00 1.00649000e+00 1.67309000e-02 1.03995000e+00 9.89762000e-01
1.27758000e+01 1.23228000e+00 1.00625000e+00 1.61850000e-02 1.03862000e+00 9.90062000e-01
1.28805000e+01 1.22224000e+00 1.00593000e+00 1.54749000e-02 1.03688000e+00 9.90456000e-01
1.29852000e+01 1.20922000e+00 1.00555000e+00 1.46149000e-02 1.03478000e+00 9.90937000e-01
1.30900000e+01 1.19367000e+00 1.00512000e+00 1.36202000e-02 1.03236000e+00 9.91497000e-01
1.31947000e+01 1.17606000e+00 1.00464000e+00 1.25073000e-02 1.02965000e+00 9.92128000e-01
1.32994000e+01 1.15687000e+00 1.00412000e+00 1.12932000e-02 1.02670000e+00 9.92823000e-01
1.34041000e+01 1.13656000e+00 1.00357000e+00 9.99539000e-03 1.02356000e+00 9.93572000e-01
1.35088000e+01 1.11555000e+00 1.00300000e+00 8.63144000e-03 1.02026000e+00 9.94366000e-01
1.36136000e+01 1.09424000e+00 1.00242000e+00 7.21898000e-03 1.01685000e+00 9.95196000e-01
1.37183000e+01 1.07297000e+00 1.00183000e+00 5.77535000e-03 1.01338000e+00 9.96053000e-01
1.38230000e+01 1.05204000e+00 1.00124000e+00 4.31746000e-03 1.00988000e+00 9.96927000e-01
1.39277000e+01 1.03170000e+00 1.00067000e+00 2.86156000e-03 1.00639000e+00 9.97808000e-01
1.40324000e+01 1.01216000e+00 1.00011000e+00 1.42319000e-03 1.00296000e+00 9.98688000e-01
1.41372000e+01 9.93580000e-01 9.99574000e-01 1.69782000e-05 9.99608000e-01 9.99558000e-01
1.42419000e+01 9.76098000e-01 9.99064000e-01 -1.34341000e-03 9.96377000e-01 1.00041000e+00
1.43466000e+01 9.59812000e-01 9.98585000e-01 -2.64537000e-03 9.93294000e-01 1.00123000e+00
1.44513000e+01 9.44795000e-01 9.98140000e-01 -3.87744000e-03 9.90385000e-01 1.00202000e+00
1.45560000e+01 9.31099000e-01 9.97733000e-01 -5.02931000e-03 9.87674000e-01 1.00276000e+00
1.46608000e+01 9.18757000e-01 9.97366000e-01 -6.09187000e-03 9.85182000e-01 1.00346000e+00
1.47655000e+01 9.07787000e-01 9.97041000e-01 -7.05726000e-03 9.82926000e-01 1.00410000e+00
1.48702000e+01 8.98196000e-01 9.96759000e-01 -7.91882000e-03 9.80921000e-01 1.00468000e+00
1.49749000e+01 8.89982000e-01 9.96521000e-01 -8.67113000e-03 9.79178000e-01 1.00519000e+00
1.50796000e+01 8.83135000e-01 9.96327000e-01 -9.31000000e-03 9.77707000e-01 1.00564000e+00
1.51844000e+01 8.77640000e-01 9.96179000e-01 -9.83244000e-03 9.76514000e-01 1.00601000e+00
1.52891000e+01 8.73476000e-01 9.96074000e-01 -1.02366000e-02 9.75601000e-01 1.00631000e+00
1.53938000e+01 8.70622000e-01 9.96014000e-01 -1.05219000e-02 9.74970000e-01 1.00654000e+00
1.54985000e+01 8.69051000e-01 9.95996000e-01 -1.06888000e-02 9.74618000e-01 1.00668000e+00
1.56032000e+01 8.68735000e-01 9.96020000e-01 -1.07388000e-02 9.74542000e-01 1.00676000e+00
1.57080000e+01 8.69642000e-01 9.96084000e-01 -1.06744000e-02 9.74735000e-01 1.00676000e+00
1.58127000e+01 8.71740000e-01 9.96187000e-01 -1.04994000e-02 9.75188000e-01 1.00669000e+00
1.59174000e+01 8.74991000e-01 9.96327000e-01 -1.02181000e-02 9.75890000e-01 1.00654000e+00
1.60221000e+01 8.79356000e-01 9.96501000e-01 -9.83607000e-03 9.76829000e-01 1.00634000e+00
1.61268000e+01 8.84791000e-01 9.96707000e-01 -9.35948000e-03 9.77988000e-01 1.00607000e+00
1.62316000e+01 8.91247000e-01 9.96944000e-01 -8.79535000e-03 9.79353000e-01 1.00574000e+00
1.63363000e+01 8.98671000e-01 9.97207000e-01 -8.15138000e-03 9.80904000e-01 1.00536000e+00
1.64410000e+01 9.07002000e-01 9.97494000e-01 -7.43591000e-03 9.82622000e-01 1.00493000e+00
1.65457000e+01 9.16172000e-01 9.97803000e-01 -6.65782000e-03 9.84487000e-01 1.00446000e+00
1.66504000e+01 9.26106000e-01 9.98129000e-01 -5.82643000e-03 9.86476000e-01 1.00396000e+00
1.67552000e+01 9.36720000e-01 9.98469000e-01 -4.95148000e-03 9.88566000e-01 1.00342000e+00
1.68599000e+01 9.47919000e-01 9.98820000e-01 -4.04296000e-03 9.90734000e-01 1.00286000e+00
1.69646000e+01 9.59601000e-01 9.99178000e-01 -3.11106000e-03 9.92956000e-01 1.00229000e+00
1.70693000e+01 9.71651000e-01 9.99538000e-01 -2.16606000e-03 9.95206000e-01 1.00170000e+00
1.71740000e+01 9.83946000e-01 9.99898000e-01 -1.21824000e-03 9.97462000e-01 1.00112000e+00
1.72788000e+01 9.96354000e-01 1.00025000e+00 -2.77736000e-04 9.99698000e-01 1.00053000e+00
1.73835000e+01 1.00873000e+00 1.00060000e+00 6.45513000e-04 1.00189000e+00 9.99954000e-01
1.74882000e+01 1.02094000e+00 1.00093000e+00 1.54190000e-03 1.00402000e+00 9.99392000e-01
1.75929000e+01 1.03281000e+00 1.00125000e+00 2.40225000e-03 1.00606000e+00 9.98849000e-01
1.76976000e+01 1.04421000e+00 1.00155000e+00 3.21791000e-03 1.00799000e+00 9.98332000e-01
1.78024000e+01 1.05497000e+00 1.00182000e+00 3.98084000e-03 1.00979000e+00 9.97844000e-01
1.79071000e+01 1.06495000e+00 1.00207000e+00 4.68373000e-03 1.01144000e+00 9.97390000e-01
1.80118000e+01 1.07401000e+00 1.00229000e+00 5.32002000e-03 1.01293000e+00 9.96975000e-01
1.81165000e+01 1.08201000e+00 1.00248000e+00 5.88403000e-03 1.01425000e+00 9.96601000e-01
1.82212000e+01 1.08886000e+00 1.00264000e+00 6.37100000e-03 1.01538000e+00 9.96271000e-01
1.83260000e+01 1.09445000e+00 1.00276000e+00 6.77711000e-03 1.01632000e+00 9.95988000e-01
1.84307000e+01 1.09871000e+00 1.00285000e+00 7.09953000e-03 1.01705000e+00 9.95753000e-01
1.85354000e+01 1.10161000e+00 1.00290000e+00 7.33646000e-03 1.01758000e+00 9.95569000e-01
1.86401000e+01 1.10311000e+00 1.00292000e+00 7.48710000e-03 1.01790000e+00 9.95435000e-01
1.87448000e+01 1.10322000e+00 1.00290000e+00 7.55167000e-03 1.01801000e+00 9.95352000e-01
1.88496000e+01 1.10198000e+00 1.00285000e+00 7.53136000e-03 1.01791000e+00 9.95319000e-01
1.89543000e+01 1.09943000e+00 1.00277000e+00 7.42831000e-03 1.01762000e+00 9.95337000e-01
1.90590000e+01 1.09565000e+00 1.00265000e+00 7.24556000e-03 1.01714000e+00 9.95403000e-01
1.91637000e+01 1.09075000e+00 1.00250000e+00 6.98700000e-03 1.01648000e+00 9.95517000e-01
1.92684000e+01 1.08482000e+00 1.00233000e+00 6.65726000e-03 1.01565000e+00 9.95675000e-01
1.93732000e+01 1.07800000e+00 1.00214000e+00 6.26168000e-03 1.01466000e+00 9.95876000e-01
1.94779000e+01 1.07041000e+00 1.00192000e+00 5.80622000e-03 1.01353000e+00 9.96116000e-01
1.95826000e+01 1.06219000e+00 1.00169000e+00 5.29733000e-03 1.01228000e+00 9.96392000e-01
1.96873000e+01 1.05347000e+00 1.00144000e+00 4.74189000e-03 1.01093000e+00 9.96700000e-01
1.97920000e+01 1.04441000e+00 1.00118000e+00 4.14713000e-03 1.00948000e+00 9.97037000e-01
1.98968000e+01 1.03511000e+00 1.00092000e+00 3.52049000e-03 1.00796000e+00 9.97399000e-01
2.00015000e+01 1.02573000e+00 1.00065000e+00 2.86959000e-03 1.00639000e+00 9.97781000e-01
2.01062000e+01 1.01636000e+00 1.00038000e+00 2.20206000e-03 1.00479000e+00 9.98180000e-01
2.02109000e+01 1.00712000e+00 1.00012000e+00 1.52552000e-03 1.00317000e+00 9.98589000e-01
2.03156000e+01 9.98107000e-01 9.99854000e-01 8.47490000e-04 1.00155000e+00 9.99006000e-01
2.04204000e+01 9.89416000e-01 9.99601000e-01 1.75272000e-04 9.99951000e-01 9.99426000e-01
2.05251000e+01 9.81124000e-01 9.99359000e-01 -4.84081000e-04 9.98391000e-01 9.99843000e-01
2.06298000e+01 9.73302000e-01 9.99130000e-01 -1.12384000e-03 9.96883000e-01 1.00025000e+00
2.07345000e+01 9.66009000e-01 9.98917000e-01 -1.73767000e-03 9.95442000e-01 1.00065000e+00
2.08392000e+01 9.59298000e-01 9.98722000e-01 -2.31967000e-03 9.94082000e-01 1.00104000e+00
2.09440000e+01 9.53211000e-01 9.98545000e-01 -2.86440000e-03 9.92816000e-01 1.00141000e+00
2.10487000e+01 9.47783000e-01 9.98388000e-01 -3.36698000e-03 9.91654000e-01 1.00176000e+00
2.11534000e+01 9.43043000e-01 9.98253000e-01 -3.82304000e-03 9.90607000e-01 1.00208000e+00
2.12581000e+01 9.39010000e-01 9.98140000e-01 -4.22881000e-03 9.89683000e-01 1.00237000e+00
2.13628000e+01 9.35701000e-01 9.98050000e-01 -4.58112000e-03 9.88888000e-01 1.00263000e+00
2.14675000e+01 9.33123000e-01 9.97983000e-01 -4.87741000e-03 9.88228000e-01 1.00286000e+00
2.15723000e+01 9.31280000e-01 9.97939000e-01 -5.11573000e-03 9.87708000e-01 1.00306000e+00
2.16770000e+01 9.30172000e-01 9.97919000e-01 -5.29476000e-03 9.87329000e-01 1.00321000e+00
2.17817000e+01 9.29791000e-01 9.97921000e-01 -5.41380000e-03 9.87093000e-01 1.00333000e+00
2.18864000e+01 9.30128000e-01 9.97945000e-01 -5.47277000e-03 9.87000000e-01 1.00342000e+00
2.19911000e+01 9.31165000e-01 9.97991000e-01 -5.47219000e-03 9.87047000e-01 1.00346000e+00
2.20959000e+01 9.32884000e-01 9.98058000e-01 -5.41318000e-03 9.87231000e-01 1.00347000e+00
2.22006000e+01 9.35261000e-01 9.98144000e-01 -5.29741000e-03 9.87549000e-01 1.00344000e+00
2.23053000e+01 9.38267000e-01 9.98248000e-01 -5.12709000e-03 9.87994000e-01 1.00338000e+00
2.24100000e+01 9.41869000e-01 9.98370000e-01 -4.90496000e-03 9.88560000e-01 1.00327000e+00
2.25147000e+01 9.46030000e-01 9.98506000e-01 -4.63424000e-03 9.89238000e-01 1.00314000e+00
2.26195000e+01 9.50706000e-01 9.98657000e-01 -4.31858000e-03 9.90020000e-01 1.00298000e+00
2.27242000e+01 9.55853000e-01 9.98820000e-01 -3.96205000e-03 9.90896000e-01 1.00278000e+00
2.28289000e+01 9.61417000e-01 9.98993000e-01 -3.56906000e-03 9.91855000e-01 1.00256000e+00
2.29336000e+01 9.67345000e-01 9.99174000e-01 -3.14436000e-03 9.92885000e-01 1.00232000e+00
2.30383000e+01 9.73574000e-01 9.99362000e-01 -2.69296000e-03 9.93976000e-01 1.00205000e+00
2.31431000e+01 9.80041000e-01 9.99553000e-01 -2.22005000e-03 9.95113000e-01 1.00177000e+00
2.32478000e+01 9.86678000e-01 9.99748000e-01 -1.73102000e-03 9.96285000e-01 1.00148000e+00
2.33525000e+01 9.93413000e-01 9.99942000e-01 -1.23133000e-03 9.97479000e-01 1.00117000e+00
2.34572000e+01 1.00017000e+00 1.00013000e+00 -7.26516000e-04 9.98681000e-01 1.00086000e+00
2.35619000e+01 1.00688000e+00 1.00032000e+00 -2.22068000e-04 9.99878000e-01 1.00054000e+00
2.36667000e+01 1.01345000e+00 1.00050000e+00 2.76577000e-04 1.00106000e+00 1.00023000e+00
2.37714000e+01 1.01982000e+00 1.00068000e+00 7.64118000e-04 1.00221000e+00 9.99914000e-01
2.38761000e+01 1.02591000e+00 1.00084000e+00 1.23544000e-03 1.00331000e+00 9.99606000e-01
2.39808000e+01 1.03163000e+00 1.00099000e+00 1.68566000e-03 1.00437000e+00 9.99309000e-01
2.40855000e+01 1.03693000e+00 1.00113000e+00 2.11021000e-03 1.00535000e+00 9.99023000e-01
2.41903000e+01 1.04173000e+00 1.00126000e+00 2.50483000e-03 1.00627000e+00 9.98753000e-01
2.42950000e+01 1.04599000e+00 1.00137000e+00 2.86567000e-03 1.00710000e+00 9.98501000e-01
2.43997000e+01 1.04963000e+00 1.00146000e+00 3.18931000e-03 1.00784000e+00 9.98268000e-01
2.45044000e+01 1.05263000e+00 1.00153000e+00 3.47276000e-03 1.00848000e+00 9.98058000e-01
2.46091000e+01 1.05495000e+00 1.00159000e+00 3.71355000e-03 1.00901000e+00 9.97872000e-01
2.47139000e+01 1.05657000e+00 1.00162000e+00 3.90972000e-03 1.00944000e+00 9.97712000e-01
2.48186000e+01 1.05747000e+00 1.00164000e+00 4.05981000e-03 1.00976000e+00 9.97578000e-01
2.49233000e+01 1.05766000e+00 1.00164000e+00 4.16292000e-03 1.00996000e+00 9.97473000e-01
2.50280000e+01 1.05713000e+00 1.00161000e+00 4.21870000e-03 1.01005000e+00 9.97396000e-01
2.51327000e+01 1.05592000e+00 1.00157000e+00 4.22731000e-03 1.01003000e+00 9.97347000e-01
2.52375000e+01 1.05405000e+00 1.00152000e+00 4.18944000e-03 1.00990000e+00 9.97328000e-01
2.53422000e+01 1.05156000e+00 1.00144000e+00 4.10631000e-03 1.00966000e+00 9.97337000e-01
2.54469000e+01 1.04849000e+00 1.00135000e+00 3.97961000e-03 1.00931000e+00 9.97374000e-01
2.55516000e+01 1.04491000e+00 1.00125000e+00 3.81147000e-03 1.00887000e+00 9.97439000e-01
2.56563000e+01 1.04087000e+00 1.00113000e+00 3.60446000e-03 1.00834000e+00 9.97530000e-01
2.57611000e+01 1.03643000e+00 1.00101000e+00 3.36154000e-03 1.00773000e+00 9.97645000e-01
2.58658000e+01 1.03166000e+00 1.00087000e+00 3.08600000e-03 1.00704000e+00 9.97784000e-01
2.59705000e+01 1.02663000e+00 1.00073000e+00 2.78142000e-03 1.00629000e+00 9.97944000e-01
2.60752000e+01 1.02141000e+00 1.00058000e+00 2.45165000e-03 1.00548000e+00 9.98124000e-01
2.61799000e+01 1.01606000e+00 1.00042000e+00 2.10072000e-03 1.00462000e+00 9.98321000e-01
2.62847000e+01 1.01065000e+00 1.00027000e+00 1.73283000e-03 1.00373000e+00 9.98533000e-01
2.63894000e+01 1.00525000e+00 1.00011000e+00 1.35227000e-03 1.00281000e+00 9.98757000e-01
2.64941000e+01 9.99914000e-01 9.99955000e-01 9.63375000e-04 1.00188000e+00 9.98991000e-01
2.65988000e+01 9.94702000e-01 9.99803000e-01 5.70506000e-04 1.00094000e+00 9.99233000e-01
2.67035000e+01 9.89668000e-01 9.99657000e-01 1.77964000e-04 1.00001000e+00 9.99479000e-01
2.68083000e+01 9.84861000e-01 9.99517000e-01 -2.10034000e-04 9.99097000e-01 9.99727000e-01
2.69130000e+01 9.80325000e-01 9.99385000e-01 -5.89401000e-04 9.98207000e-01 9.99975000e-01
2.70177000e+01 9.76100000e-01 9.99263000e-01 -9.56221000e-04 9.97351000e-01 1.00022000e+00
2.71224000e+01 9.72222000e-01 9.99151000e-01 -1.30678000e-03 9.96537000e-01 1.00046000e+00
2.72271000e+01 9.68721000e-01 9.99050000e-01 -1.63762000e-03 9.95775000e-01 1.00069000e+00
2.73319000e+01 9.65622000e-01 9.98962000e-01 -1.94554000e-03 9.95071000e-01 1.00091000e+00
2.74366000e+01 9.62948000e-01 9.98887000e-01 -2.22764000e-03 9.94432000e-01 1.00111000e+00
2.75413000e+01 9.60715000e-01 9.98825000e-01 -2.48134000e-03 9.93863000e-01 1.00131000e+00
2.76460000e+01 9.58936000e-01 9.98778000e-01 -2.70441000e-03 9.93369000e-01 1.00148000e+00
2.77507000e+01 9.57619000e-01 9.98744000e-01 -2.89496000e-03 9.92954000e-01 1.00164000e+00
2.78555000e+01 9.56768000e-01 9.98725000e-01 -3.05149000e-03 9.92622000e-01 1.00178000e+00
2.79602000e+01 9.56385000e-01 9.98720000e-01 -3.17286000e-03 9.92374000e-01 1.00189000e+00
2.80649000e+01 9.56464000e-01 9.98729000e-01 -3.25831000e-03 9.92213000e-01 1.00199000e+00
2.81696000e+01 9.57000000e-01 9.98752000e-01 -3.30748000e-03 9.92137000e-01 1.00206000e+00
2.82743000e+01 9.57981000e-01 9.98788000e-01 -3.32038000e-03 9.92148000e-01 1.00211000e+00
2.83791000e+01 9.59392000e-01 9.98837000e-01 -3.29740000e-03 9.92242000e-01 1.00213000e+00
2.84838000e+01 9.61216000e-01 9.98898000e-01 -3.23929000e-03 9.92419000e-01 1.00214000e+00
2.85885000e+01 9.63431000e-01 9.98970000e-01 -3.14715000e-03 9.92675000e-01 1.00212000e+00
2.86932000e+01 9.66012000e-01 9.99052000e-01 -3.02244000e-03 9.93007000e-01 1.00207000e+00
2.87979000e+01 9.68931000e-01 9.99143000e-01 -2.86693000e-03 9.93409000e-01 1.00201000e+00
2.89027000e+01 9.72157000e-01 9.99243000e-01 -2.68267000e-03 9.93877000e-01 1.00193000e+00
2.90074000e+01 9.75654000e-01 9.99349000e-01 -2.47201000e-03 9.94405000e-01 1.00182000e+00
2.91121000e+01 9.79387000e-01 9.99461000e-01 -2.23755000e-03 9.94986000e-01 1.00170000e+00
2.92168000e+01 9.83314000e-01 9.99578000e-01 -1.98209000e-03 9.95614000e-01 1.00156000e+00
2.93215000e+01 9.87394000e-01 9.99698000e-01 -1.70864000e-03 9.96280000e-01 1.00141000e+00
2.94263000e+01 9.91583000e-01 9.99819000e-01 -1.42036000e-03 9.96979000e-01 1.00124000e+00
2.95310000e+01 9.95834000e-01 9.99942000e-01 -1.12052000e-03 9.97701000e-01 1.00106000e+00
2.96357000e+01 1.00010000e+00 1.00006000e+00 -8.12496000e-04 9.98438000e-01 1.00088000e+00
2.97404000e+01 1.00434000e+00 1.00018000e+00 -4.99708000e-04 9.99183000e-01 1.00068000e+00
2.98451000e+01 1.00849000e+00 1.00030000e+00 -1.85592000e-04 9.99928000e-01 1.00048000e+00
2.99498000e+01 1.01251000e+00 1.00041000e+00 1.26439000e-04 1.00066000e+00 1.00028000e+00
3.00546000e+01 1.01637000e+00 1.00052000e+00 4.33032000e-04 1.00138000e+00 1.00008000e+00
3.01593000e+01 1.02000000e+00 1.00061000e+00 7.30927000e-04 1.00208000e+00 9.99884000e-01
3.02640000e+01 1.02337000e+00 1.00071000e+00 1.01699000e-03 1.00274000e+00 9.99689000e-01
3.03687000e+01 1.02643000e+00 1.00079000e+00 1.28827000e-03 1.00336000e+00 9.99499000e-01
3.04734000e+01 1.02916000e+00 1.00086000e+00 1.54197000e-03 1.00394000e+00 9.99318000e-01
3.05782000e+01 1.03152000e+00 1.00092000e+00 1.77556000e-03 1.00447000e+00 9.99146000e-01
3.06829000e+01 1.03349000e+00 1.00097000e+00 1.98673000e-03 1.00495000e+00 9.98985000e-01
3.07876000e+01 1.03504000e+00 1.00101000e+00 2.17346000e-03 1.00536000e+00 9.98838000e-01
3.08923000e+01 1.03616000e+00 1.00104000e+00 2.33402000e-03 1.00571000e+00 9.98704000e-01
3.09970000e+01 1.03684000e+00 1.00105000e+00 2.46698000e-03 1.00599000e+00 9.98586000e-01
3.11018000e+01 1.03707000e+00 1.00106000e+00 2.57124000e-03 1.00620000e+00 9.98485000e-01
3.12065000e+01 1.03686000e+00 1.00105000e+00 2.64604000e-03 1.00634000e+00 9.98401000e-01
3.13112000e+01 1.03622000e+00 1.00103000e+00 2.69094000e-03 1.00641000e+00 9.98335000e-01
3.14159000e+01 1.03516000e+00 1.00099000e+00 2.70585000e-03 1.00641000e+00 9.98288000e-01
3.15206000e+01 1.03370000e+00 1.00095000e+00 2.69100000e-03 1.00633000e+00 9.98259000e-01
3.16254000e+01 1.03187000e+00 1.00090000e+00 2.64696000e-03 1.00619000e+00 9.98250000e-01
3.17301000e+01 1.02969000e+00 1.00083000e+00 2.57461000e-03 1.00598000e+00 9.98259000e-01
3.18348000e+01 1.02720000e+00 1.00076000e+00 2.47511000e-03 1.00571000e+00 9.98286000e-01
3.19395000e+01 1.02443000e+00 1.00068000e+00 2.34995000e-03 1.00538000e+00 9.98332000e-01
3.20442000e+01 1.02143000e+00 1.00060000e+00 2.20083000e-03 1.00500000e+00 9.98395000e-01
3.21490000e+01 1.01823000e+00 1.00050000e+00 2.02972000e-03 1.00456000e+00 9.98474000e-01
3.22537000e+01 1.01488000e+00 1.00041000e+00 1.83880000e-03 1.00408000e+00 9.98568000e-01
3.23584000e+01 1.01142000e+00 1.00031000e+00 1.63041000e-03 1.00357000e+00 9.98677000e-01
3.24631000e+01 1.00789000e+00 1.00021000e+00 1.40707000e-03 1.00302000e+00 9.98798000e-01
3.25678000e+01 1.00433000e+00 1.00010000e+00 1.17141000e-03 1.00245000e+00 9.98931000e-01
3.26726000e+01 1.00078000e+00 1.00000000e+00 9.26176000e-04 1.00185000e+00 9.99073000e-01
3.27773000e+01 9.97290000e-01 9.99898000e-01 6.74144000e-04 1.00125000e+00 9.99224000e-01
3.28820000e+01 9.93889000e-01 9.99800000e-01 4.18141000e-04 1.00064000e+00 9.99382000e-01
3.29867000e+01 9.90613000e-01 9.99705000e-01 1.60989000e-04 1.00003000e+00 9.99544000e-01
3.30914000e+01 9.87496000e-01 9.99615000e-01 -9.45210000e-05 9.99425000e-01 9.99709000e-01
3.31962000e+01 9.84568000e-01 9.99530000e-01 -3.45658000e-04 9.98838000e-01 9.99875000e-01
3.33009000e+01 9.81856000e-01 9.99452000e-01 -5.89778000e-04 9.98272000e-01 1.00004000e+00
3.34056000e+01 9.79384000e-01 9.99381000e-01 -8.24352000e-04 9.97732000e-01 1.00020000e+00
3.35103000e+01 9.77173000e-01 9.99317000e-01 -1.04699000e-03 9.97223000e-01 1.00036000e+00
3.36150000e+01 9.75242000e-01 9.99263000e-01 -1.25546000e-03 9.96752000e-01 1.00052000e+00
3.37198000e+01 9.73606000e-01 9.99217000e-01 -1.44772000e-03 9.96322000e-01 1.00066000e+00
3.38245000e+01 9.72277000e-01 9.99181000e-01 -1.62192000e-03 9.95937000e-01 1.00080000e+00
3.39292000e+01 9.71262000e-01 9.99154000e-01 -1.77642000e-03 9.95601000e-01 1.00093000e+00
3.40339000e+01 9.70569000e-01 9.99137000e-01 -1.90984000e-03 9.95317000e-01 1.00105000e+00
3.41386000e+01 9.70200000e-01 9.99129000e-01 -2.02100000e-03 9.95087000e-01 1.00115000e+00
3.42434000e+01 9.70153000e-01 9.99132000e-01 -2.10900000e-03 9.94914000e-01 1.00124000e+00
3.43481000e+01 9.70427000e-01 9.99144000e-01 -2.17319000e-03 9.94797000e-01 1.00132000e+00
3.44528000e+01 9.71015000e-01 9.99165000e-01 -2.21316000e-03 9.94738000e-01 1.00138000e+00
3.45575000e+01 9.71907000e-01 9.99195000e-01 -2.22877000e-03 9.94737000e-01 1.00142000e+00
3.46622000e+01 9.73093000e-01 9.99233000e-01 -2.22016000e-03 9.94793000e-01 1.00145000e+00
3.47670000e+01 9.74557000e-01 9.99280000e-01 -2.18769000e-03 9.94905000e-01 1.00147000e+00
3.48717000e+01 9.76282000e-01 9.99334000e-01 -2.13198000e-03 9.95070000e-01 1.00147000e+00
3.49764000e+01 9.78250000e-01 9.99394000e-01 -2.05390000e-03 9.95287000e-01 1.00145000e+00
3.50811000e+01 9.80437000e-01 9.99461000e-01 -1.95453000e-03 9.95552000e-01 1.00142000e+00
3.51858000e+01 9.82820000e-01 9.99533000e-01 -1.83517000e-03 9.95862000e-01 1.00137000e+00
3.52906000e+01 9.85374000e-01 9.99609000e-01 -1.69733000e-03 9.96214000e-01 1.00131000e+00
3.53953000e+01 9.88069000e-01 9.99688000e-01 -1.54268000e-03 9.96603000e-01 1.00123000e+00
3.55000000e+01 9.90877000e-01 9.99770000e-01 -1.37306000e-03 9.97024000e-01 1.00114000e+00
3.56047000e+01 9.93766000e-01 9.99854000e-01 -1.19046000e-03 9.97473000e-01 1.00104000e+00
3.57094000e+01 9.96705000e-01 9.99939000e-01 -9.96987000e-04 9.97945000e-01 1.00094000e+00
3.58142000e+01 9.99661000e-01 1.00002000e+00 -7.94835000e-04 9.98434000e-01 1.00082000e+00
3.59189000e+01 1.00260000e+00 1.00011000e+00 -5.86280000e-04 9.98934000e-01 1.00069000e+00
3.60236000e+01 1.00549000e+00 1.00019000e+00 -3.73641000e-04 9.99441000e-01 1.00056000e+00
3.61283000e+01 1.00830000e+00 1.00027000e+00 -1.59262000e-04 9.99948000e-01 1.00043000e+00
3.62330000e+01 1.01099000e+00 1.00034000e+00 5.45164000e-05 1.00045000e+00 1.00029000e+00
3.63378000e+01 1.01354000e+00 1.00041000e+00 2.65382000e-04 1.00094000e+00 1.00015000e+00
3.64425000e+01 1.01592000e+00 1.00048000e+00 4.71076000e-04 1.00142000e+00 1.00001000e+00
3.65472000e+01 1.01810000e+00 1.00054000e+00 6.69416000e-04 1.00187000e+00 9.99866000e-01
3.66519000e+01 1.02005000e+00 1.00059000e+00 8.58320000e-04 1.00231000e+00 9.99730000e-01
3.67566000e+01 1.02175000e+00 1.00063000e+00 1.03583000e-03 1.00271000e+00 9.99598000e-01
3.68614000e+01 1.02318000e+00 1.00067000e+00 1.20013000e-03 1.00307000e+00 9.99472000e-01
3.69661000e+01 1.02434000e+00 1.00070000e+00 1.34957000e-03 1.00340000e+00 9.99353000e-01
3.70708000e+01 1.02520000e+00 1.00072000e+00 1.48267000e-03 1.00369000e+00 9.99241000e-01
3.71755000e+01 1.02576000e+00 1.00074000e+00 1.59816000e-03 1.00393000e+00 9.99140000e-01
3.72802000e+01 1.02601000e+00 1.00074000e+00 1.69495000e-03 1.00413000e+00 9.99048000e-01
3.73850000e+01 1.02596000e+00 1.00074000e+00 1.77221000e-03 1.00428000e+00 9.98967000e-01
3.74897000e+01 1.02560000e+00 1.00073000e+00 1.82928000e-03 1.00439000e+00 9.98899000e-01
3.75944000e+01 1.02496000e+00 1.00071000e+00 1.86577000e-03 1.00444000e+00 9.98842000e-01
3.76991000e+01 1.02403000e+00 1.00068000e+00 1.88152000e-03 1.00444000e+00 9.98799000e-01
3.78038000e+01 1.02283000e+00 1.00065000e+00 1.87656000e-03 1.00440000e+00 9.98769000e-01
3.79086000e+01 1.02139000e+00 1.00060000e+00 1.85120000e-03 1.00431000e+00 9.98752000e-01
3.80133000e+01 1.01972000e+00 1.00056000e+00 1.80593000e-03 1.00417000e+00 9.98749000e-01
3.81180000e+01 1.01784000e+00 1.00050000e+00 1.74148000e-03 1.00398000e+00 9.98760000e-01
3.82227000e+01 1.01578000e+00 1.00044000e+00 1.65877000e-03 1.00376000e+00 9.98783000e-01
3.83274000e+01 1.01357000e+00 1.00038000e+00 1.55891000e-03 1.00350000e+00 9.98819000e-01
3.84322000e+01 1.01123000e+00 1.00031000e+00 1.44317000e-03 1.00320000e+00 9.98868000e-01
3.85369000e+01 1.00880000e+00 1.00024000e+00 1.31302000e-03 1.00287000e+00 9.98928000e-01
3.86416000e+01 1.00631000e+00 1.00017000e+00 1.17002000e-03 1.00251000e+00 9.98999000e-01
3.87463000e+01 1.00377000e+00 1.00010000e+00 1.01588000e-03 1.00213000e+00 9.99080000e-01
3.88510000e+01 1.00124000e+00 1.00002000e+00 8.52404000e-04 1.00173000e+00 9.99170000e-01
3.89557000e+01 9.98717000e-01 9.99949000e-01 6.81477000e-04 1.00131000e+00 9.99268000e-01
3.90605000e+01 9.96248000e-01 9.99878000e-01 5.05035000e-04 1.00089000e+00 9.99373000e-01
3.91652000e+01 9.93854000e-01 9.99809000e-01 3.25055000e-04 1.00046000e+00 9.99484000e-01
3.92699000e+01 9.91561000e-01 9.99742000e-01 1.43524000e-04 1.00003000e+00 9.99599000e-01
3.93746000e+01 9.89391000e-01 9.99680000e-01 -3.75771000e-05 9.99604000e-01 9.99717000e-01
3.94793000e+01 9.87367000e-01 9.99621000e-01 -2.16297000e-04 9.99189000e-01 9.99837000e-01
3.95841000e+01 9.85507000e-01 9.99568000e-01 -3.90732000e-04 9.98786000e-01 9.99958000e-01
3.96888000e+01 9.83828000e-01 9.99520000e-01 -5.59051000e-04 9.98402000e-01 1.00008000e+00
3.97935000e+01 9.82347000e-01 9.99477000e-01 -7.19508000e-04 9.98038000e-01 1.00020000e+00
3.98982000e+01 9.81075000e-01 9.99442000e-01 -8.70461000e-04 9.97701000e-01 1.00031000e+00
4.00029000e+01 9.80024000e-01 9.99412000e-01 -1.01039000e-03 9.97392000e-01 1.00042000e+00
4.01077000e+01 9.79201000e-01 9.99390000e-01 -1.13791000e-03 9.97114000e-01 1.00053000e+00
4.02124000e+01 9.78612000e-01 9.99375000e-01 -1.25179000e-03 9.96871000e-01 1.00063000e+00
4.03171000e+01 9.78261000e-01 9.99367000e-01 -1.35094000e-03 9.96665000e-01 1.00072000e+00
4.04218000e+01 9.78149000e-01 9.99365000e-01 -1.43446000e-03 9.96497000e-01 1.00080000e+00
4.05265000e+01 9.78275000e-01 9.99371000e-01 -1.50162000e-03 9.96368000e-01 1.00087000e+00
4.06313000e+01 9.78635000e-01 9.99384000e-01 -1.55185000e-03 9.96281000e-01 1.00094000e+00
4.07360000e+01 9.79223000e-01 9.99404000e-01 -1.58480000e-03 9.96234000e-01 1.00099000e+00
4.08407000e+01 9.80031000e-01 9.99430000e-01 -1.60028000e-03 9.96229000e-01 1.00103000e+00
4.09454000e+01 9.81050000e-01 9.99462000e-01 -1.59830000e-03 9.96265000e-01 1.00106000e+00
4.10501000e+01 9.82268000e-01 9.99499000e-01 -1.57906000e-03 9.96341000e-01 1.00108000e+00
4.11549000e+01 9.83669000e-01 9.99542000e-01 -1.54293000e-03 9.96456000e-01 1.00108000e+00
4.12596000e+01 9.85239000e-01 9.99589000e-01 -1.49047000e-03 9.96608000e-01 1.00108000e+00
4.13643000e+01 9.86960000e-01 9.99641000e-01 -1.42238000e-03 9.96796000e-01 1.00106000e+00
4.14690000e+01 9.88812000e-01 9.99696000e-01 -1.33956000e-03 9.97016000e-01 1.00104000e+00
4.15737000e+01 9.90776000e-01 9.99753000e-01 -1.24302000e-03 9.97267000e-01 1.00100000e+00
4.16785000e+01 9.92829000e-01 9.99813000e-01 -1.13395000e-03 9.97545000e-01 1.00095000e+00
4.17832000e+01 9.94949000e-01 9.99875000e-01 -1.01363000e-03 9.97848000e-01 1.00089000e+00
4.18879000e+01 9.97112000e-01 9.99937000e-01 -8.83457000e-04 9.98170000e-01 1.00082000e+00
4.19926000e+01 9.99294000e-01 1.00000000e+00 -7.44933000e-04 9.98510000e-01 1.00074000e+00
4.20973000e+01 1.00147000e+00 1.00006000e+00 -5.99629000e-04 9.98862000e-01 1.00066000e+00
4.22021000e+01 1.00362000e+00 1.00012000e+00 -4.49176000e-04 9.99224000e-01 1.00057000e+00
4.23068000e+01 1.00571000e+00 1.00018000e+00 -2.95252000e-04 9.99591000e-01 1.00048000e+00
4.24115000e+01 1.00773000e+00 1.00024000e+00 -1.39554000e-04 9.99959000e-01 1.00038000e+00
4.25162000e+01 1.00964000e+00 1.00029000e+00 1.62134000e-05 1.00032000e+00 1.00027000e+00
4.26209000e+01 1.01144000e+00 1.00034000e+00 1.70358000e-04 1.00068000e+00 1.00017000e+00
4.27257000e+01 1.01309000e+00 1.00039000e+00 3.21221000e-04 1.00103000e+00 1.00006000e+00
4.28304000e+01 1.01458000e+00 1.00043000e+00 4.67190000e-04 1.00136000e+00 9.99960000e-01
4.29351000e+01 1.01589000e+00 1.00046000e+00 6.06722000e-04 1.00168000e+00 9.99856000e-01
4.30398000e+01 1.01701000e+00 1.00049000e+00 7.38355000e-04 1.00197000e+00 9.99754000e-01
4.31445000e+01 1.01793000e+00 1.00052000e+00 8.60728000e-04 1.00224000e+00 9.99657000e-01
4.32493000e+01 1.01863000e+00 1.00054000e+00 9.72589000e-04 1.00248000e+00 9.99563000e-01
4.33540000e+01 1.01911000e+00 1.00055000e+00 1.07282000e-03 1.00269000e+00 9.99475000e-01
4.34587000e+01 1.01937000e+00 1.00055000e+00 1.16042000e-03 1.00288000e+00 9.99394000e-01
4.35634000e+01 1.01941000e+00 1.00055000e+00 1.23456000e-03 1.00302000e+00 9.99320000e-01
4.36681000e+01 1.01922000e+00 1.00055000e+00 1.29456000e-03 1.00314000e+00 9.99253000e-01
4.37729000e+01 1.01881000e+00 1.00054000e+00 1.33988000e-03 1.00321000e+00 9.99195000e-01
4.38776000e+01 1.01819000e+00 1.00052000e+00 1.37018000e-03 1.00326000e+00 9.99147000e-01
4.39823000e+01 1.01736000e+00 1.00049000e+00 1.38526000e-03 1.00326000e+00 9.99107000e-01
4.40870000e+01 1.01635000e+00 1.00046000e+00 1.38510000e-03 1.00323000e+00 9.99078000e-01
4.41917000e+01 1.01516000e+00 1.00043000e+00 1.36985000e-03 1.00317000e+00 9.99059000e-01
4.42965000e+01 1.01381000e+00 1.00039000e+00 1.33982000e-03 1.00307000e+00 9.99050000e-01
4.44012000e+01 1.01231000e+00 1.00035000e+00 1.29548000e-03 1.00294000e+00 9.99051000e-01
4.45059000e+01 1.01069000e+00 1.00030000e+00 1.23746000e-03 1.00277000e+00 9.99063000e-01
4.46106000e+01 1.00897000e+00 1.00025000e+00 1.16650000e-03 1.00258000e+00 9.99084000e-01
4.47153000e+01 1.00717000e+00 1.00020000e+00 1.08352000e-03 1.00237000e+00 9.99115000e-01
4.48201000e+01 1.00530000e+00 1.00014000e+00 9.89540000e-04 1.00212000e+00 9.99155000e-01
4.49248000e+01 1.00340000e+00 1.00009000e+00 8.85681000e-04 1.00186000e+00 9.99204000e-01
4.50295000e+01 1.00148000e+00 1.00003000e+00 7.73173000e-04 1.00158000e+00 9.99261000e-01
4.51342000e+01 9.99569000e-01 9.99979000e-01 6.53323000e-04 1.00129000e+00 9.99326000e-01
4.52389000e+01 9.97682000e-01 9.99925000e-01 5.27503000e-04 1.00098000e+00 9.99397000e-01
4.53437000e+01 9.95842000e-01 9.99871000e-01 3.97138000e-04 1.00067000e+00 9.99474000e-01
4.54484000e+01 9.94069000e-01 9.99820000e-01 2.63685000e-04 1.00035000e+00 9.99556000e-01
4.55531000e+01 9.92381000e-01 9.99771000e-01 1.28620000e-04 1.00003000e+00 9.99643000e-01
4.56578000e+01 9.90796000e-01 9.99726000e-01 -6.57872000e-06 9.99713000e-01 9.99732000e-01
4.57625000e+01 9.89329000e-01 9.99683000e-01 -1.40447000e-04 9.99403000e-01 9.99824000e-01
4.58673000e+01 9.87995000e-01 9.99645000e-01 -2.71551000e-04 9.99102000e-01 9.99917000e-01
4.59720000e+01 9.86806000e-01 9.99611000e-01 -3.98500000e-04 9.98814000e-01 1.00001000e+00
4.60767000e+01 9.85773000e-01 9.99582000e-01 -5.19962000e-04 9.98542000e-01 1.00010000e+00
4.61814000e+01 9.84907000e-01 9.99558000e-01 -6.34679000e-04 9.98288000e-01 1.00019000e+00
4.62861000e+01 9.84213000e-01 9.99538000e-01 -7.41475000e-04 9.98055000e-01 1.00028000e+00
4.63909000e+01 9.83698000e-01 9.99525000e-01 -8.39272000e-04 9.97846000e-01 1.00036000e+00
4.64956000e+01 9.83366000e-01 9.99516000e-01 -9.27100000e-04 9.97662000e-01 1.00044000e+00
4.66003000e+01 9.83217000e-01 9.99513000e-01 -1.00410000e-03 9.97505000e-01 1.00052000e+00
4.67050000e+01 9.83253000e-01 9.99516000e-01 -1.06955000e-03 9.97377000e-01 1.00059000e+00
4.68097000e+01 9.83472000e-01 9.99523000e-01 -1.12283000e-03 9.97278000e-01 1.00065000e+00
4.69145000e+01 9.83869000e-01 9.99536000e-01 -1.16350000e-03 9.97209000e-01 1.00070000e+00
4.70192000e+01 9.84439000e-01 9.99555000e-01 -1.19121000e-03 9.97172000e-01 1.00075000e+00
4.71239000e+01 9.85176000e-01 9.99577000e-01 -1.20578000e-03 9.97166000e-01 1.00078000e+00
4.72286000e+01 9.86069000e-01 9.99605000e-01 -1.20717000e-03 9.97190000e-01 1.00081000e+00
4.73333000e+01 9.87110000e-01 9.99636000e-01 -1.19548000e-03 9.97245000e-01 1.00083000e+00
4.74380000e+01 9.88285000e-01 9.99672000e-01 -1.17093000e-03 9.97330000e-01 1.00084000e+00
4.75428000e+01 9.89582000e-01 9.99710000e-01 -1.13391000e-03 9.97442000e-01 1.00084000e+00
4.76475000e+01 9.90986000e-01 9.99752000e-01 -1.08492000e-03 9.97582000e-01 1.00084000e+00
4.77522000e+01 9.92481000e-01 9.99796000e-01 -1.02458000e-03 9.97746000e-01 1.00082000e+00
4.78569000e+01 9.94051000e-01 9.99841000e-01 -9.53643000e-04 9.97934000e-01 1.00079000e+00
4.79616000e+01 9.95679000e-01 9.99889000e-01 -8.72950000e-04 9.98143000e-01 1.00076000e+00
4.80664000e+01 9.97345000e-01 9.99937000e-01 -7.83456000e-04 9.98370000e-01 1.00072000e+00
4.81711000e+01 9.99033000e-01 9.99985000e-01 -6.86200000e-04 9.98613000e-01 1.00067000e+00
4.82758000e+01 1.00072000e+00 1.00003000e+00 -5.82294000e-04 9.98869000e-01 1.00062000e+00
4.83805000e+01 1.00239000e+00 1.00008000e+00 -4.72917000e-04 9.99135000e-01 1.00055000e+00
4.84852000e+01 1.00403000e+00 1.00013000e+00 -3.59296000e-04 9.99408000e-01 1.00049000e+00
4.85900000e+01 1.00561000e+00 1.00017000e+00 -2.42696000e-04 9.99686000e-01 1.00041000e+00
4.86947000e+01 1.00712000e+00 1.00021000e+00 -1.24405000e-04 9.99965000e-01 1.00034000e+00
4.87994000e+01 1.00854000e+00 1.00025000e+00 -5.72079000e-06 1.00024000e+00 1.00026000e+00
4.89041000e+01 1.00985000e+00 1.00029000e+00 1.12065000e-04 1.00051000e+00 1.00018000e+00
4.90088000e+01 1.01105000e+00 1.00032000e+00 2.27679000e-04 1.00078000e+00 1.00010000e+00
4.91136000e+01 1.01211000e+00 1.00035000e+00 3.39882000e-04 1.00103000e+00 1.00001000e+00
4.92183000e+01 1.01303000e+00 1.00038000e+00 4.47480000e-04 1.00127000e+00 9.99930000e-01
4.93230000e+01 1.01379000e+00 1.00040000e+00 5.49337000e-04 1.00150000e+00 9.99849000e-01
4.94277000e+01 1.01439000e+00 1.00041000e+00 6.44390000e-04 1.00170000e+00 9.99770000e-01
4.95324000e+01 1.01482000e+00 1.00043000e+00 7.31658000e-04 1.00189000e+00 9.99694000e-01
4.96372000e+01 1.01508000e+00 1.00043000e+00 8.10250000e-04 1.00205000e+00 9.99622000e-01
4.97419000e+01 1.01516000e+00 1.00043000e+00 8.79380000e-04 1.00219000e+00 9.99554000e-01
4.98466000e+01 1.01507000e+00 1.00043000e+00 9.38371000e-04 1.00231000e+00 9.99492000e-01
4.99513000e+01 1.01481000e+00 1.00042000e+00 9.86660000e-04 1.00240000e+00 9.99436000e-01
5.00560000e+01 1.01438000e+00 1.00041000e+00 1.02381000e-03 1.00246000e+00 9.99386000e-01
5.01608000e+01 1.01379000e+00 1.00039000e+00 1.04950000e-03 1.00249000e+00 9.99343000e-01
5.02655000e+01 1.01305000e+00 1.00037000e+00 1.06355000e-03 1.00250000e+00 9.99307000e-01
5.03702000e+01 1.01217000e+00 1.00035000e+00 1.06590000e-03 1.00248000e+00 9.99279000e-01
5.04749000e+01 1.01115000e+00 1.00032000e+00 1.05662000e-03 1.00243000e+00 9.99259000e-01
5.05796000e+01 1.01002000e+00 1.00028000e+00 1.03592000e-03 1.00236000e+00 9.99247000e-01
5.06844000e+01 1.00879000e+00 1.00025000e+00 1.00410000e-03 1.00226000e+00 9.99244000e-01
5.07891000e+01 1.00746000e+00 1.00021000e+00 9.61614000e-04 1.00213000e+00 9.99248000e-01
5.08938000e+01 1.00607000e+00 1.00017000e+00 9.09011000e-04 1.00199000e+00 9.99261000e-01
5.09985000e+01 1.00462000e+00 1.00013000e+00 8.46949000e-04 1.00182000e+00 9.99281000e-01
5.11032000e+01 1.00313000e+00 1.00008000e+00 7.76183000e-04 1.00164000e+00 9.99309000e-01
5.12080000e+01 1.00162000e+00 1.00004000e+00 6.97557000e-04 1.00144000e+00 9.99344000e-01
5.13127000e+01 1.00011000e+00 9.99998000e-01 6.11993000e-04 1.00122000e+00 9.99386000e-01
5.14174000e+01 9.98610000e-01 9.99954000e-01 5.20478000e-04 1.00100000e+00 9.99434000e-01
5.15221000e+01 9.97140000e-01 9.99912000e-01 4.24057000e-04 1.00076000e+00 9.99488000e-01
5.16268000e+01 9.95717000e-01 9.99871000e-01 3.23818000e-04 1.00052000e+00 9.99547000e-01
5.17316000e+01 9.94354000e-01 9.99832000e-01 2.20882000e-04 1.00027000e+00 9.99611000e-01
5.18363000e+01 9.93066000e-01 9.99794000e-01 1.16386000e-04 1.00003000e+00 9.99678000e-01
5.19410000e+01 9.91866000e-01 9.99760000e-01 1.14758000e-05 9.99783000e-01 9.99748000e-01
5.20457000e+01 9.90767000e-01 9.99728000e-01 -9.27080000e-05 9.99543000e-01 9.99821000e-01
5.21504000e+01 9.89780000e-01 9.99700000e-01 -1.95044000e-04 9.99310000e-01 9.99895000e-01
5.22552000e+01 9.88913000e-01 9.99675000e-01 -2.94441000e-04 9.99086000e-01 9.99970000e-01
5.23599000e+01 9.88175000e-01 9.99654000e-01 -3.89847000e-04 9.98875000e-01 1.00004000e+00
5.24646000e+01 9.87574000e-01 9.99637000e-01 -4.80264000e-04 9.98677000e-01 1.00012000e+00
5.25693000e+01 9.87113000e-01 9.99625000e-01 -5.64755000e-04 9.98495000e-01 1.00019000e+00
5.26740000e+01 9.86797000e-01 9.99616000e-01 -6.42455000e-04 9.98331000e-01 1.00026000e+00
5.27788000e+01 9.86628000e-01 9.99612000e-01 -7.12581000e-04 9.98187000e-01 1.00032000e+00
5.28835000e+01 9.86607000e-01 9.99613000e-01 -7.74433000e-04 9.98064000e-01 1.00039000e+00
5.29882000e+01 9.86733000e-01 9.99617000e-01 -8.27412000e-04 9.97962000e-01 1.00044000e+00
5.30929000e+01 9.87004000e-01 9.99626000e-01 -8.71013000e-04 9.97884000e-01 1.00050000e+00
5.31976000e+01 9.87415000e-01 9.99639000e-01 -9.04838000e-04 9.97829000e-01 1.00054000e+00
5.33024000e+01 9.87962000e-01 9.99656000e-01 -9.28599000e-04 9.97799000e-01 1.00058000e+00
5.34071000e+01 9.88638000e-01 9.99677000e-01 -9.42114000e-04 9.97792000e-01 1.00062000e+00
5.35118000e+01 9.89435000e-01 9.99701000e-01 -9.45317000e-04 9.97810000e-01 1.00065000e+00
5.36165000e+01 9.90344000e-01 9.99728000e-01 -9.38248000e-04 9.97851000e-01 1.00067000e+00
5.37212000e+01 9.91354000e-01 9.99758000e-01 -9.21060000e-04 9.97916000e-01 1.00068000e+00
5.38260000e+01 9.92455000e-01 9.99790000e-01 -8.94015000e-04 9.98002000e-01 1.00068000e+00
5.39307000e+01 9.93633000e-01 9.99825000e-01 -8.57475000e-04 9.98110000e-01 1.00068000e+00
5.40354000e+01 9.94876000e-01 9.99861000e-01 -8.11905000e-04 9.98237000e-01 1.00067000e+00
5.41401000e+01 9.96170000e-01 9.99898000e-01 -7.57862000e-04 9.98383000e-01 1.00066000e+00
5.42448000e+01 9.97500000e-01 9.99937000e-01 -6.95991000e-04 9.98545000e-01 1.00063000e+00
5.43496000e+01 9.98851000e-01 9.99976000e-01 -6.27018000e-04 9.98722000e-01 1.00060000e+00
5.44543000e+01 1.00021000e+00 1.00001000e+00 -5.51740000e-04 9.98911000e-01 1.00057000e+00
5.45590000e+01 1.00156000e+00 1.00005000e+00 -4.71016000e-04 9.99111000e-01 1.00052000e+00
5.46637000e+01 1.00288000e+00 1.00009000e+00 -3.85760000e-04 9.99319000e-01 1.00048000e+00
5.47684000e+01 1.00417000e+00 1.00013000e+00 -2.96927000e-04 9.99533000e-01 1.00042000e+00
5.48732000e+01 1.00540000e+00 1.00016000e+00 -2.05506000e-04 9.99751000e-01 1.00037000e+00
5.49779000e+01 1.00657000e+00 1.00019000e+00 -1.12508000e-04 9.99969000e-01 1.00031000e+00
5.50826000e+01 1.00765000e+00 1.00022000e+00 -1.89524000e-05 1.00019000e+00 1.00024000e+00
5.51873000e+01 1.00865000e+00 1.00025000e+00 7.41391000e-05 1.00040000e+00 1.00018000e+00
5.52920000e+01 1.00954000e+00 1.00028000e+00 1.65758000e-04 1.00061000e+00 1.00011000e+00
5.53968000e+01 1.01031000e+00 1.00030000e+00 2.54919000e-04 1.00081000e+00 1.00004000e+00
5.55015000e+01 1.01097000e+00 1.00032000e+00 3.40669000e-04 1.00100000e+00 9.99976000e-01
5.56062000e+01 1.01149000e+00 1.00033000e+00 4.22098000e-04 1.00117000e+00 9.99909000e-01
5.57109000e+01 1.01189000e+00 1.00034000e+00 4.98350000e-04 1.00134000e+00 9.99843000e-01
5.58156000e+01 1.01214000e+00 1.00035000e+00 5.68631000e-04 1.00149000e+00 9.99779000e-01
5.59203000e+01 1.01226000e+00 1.00035000e+00 6.32218000e-04 1.00162000e+00 9.99719000e-01
5.60251000e+01 1.01223000e+00 1.00035000e+00 6.88464000e-04 1.00173000e+00 9.99661000e-01
5.61298000e+01 1.01207000e+00 1.00034000e+00 7.36811000e-04 1.00182000e+00 9.99608000e-01
5.62345000e+01 1.01177000e+00 1.00034000e+00 7.76786000e-04 1.00189000e+00 9.99559000e-01
5.63392000e+01 1.01133000e+00 1.00032000e+00 8.08014000e-04 1.00194000e+00 9.99515000e-01
5.64439000e+01 1.01078000e+00 1.00031000e+00 8.30219000e-04 1.00197000e+00 9.99476000e-01
5.65487000e+01 1.01010000e+00 1.00029000e+00 8.43223000e-04 1.00197000e+00 9.99444000e-01
5.66534000e+01 1.00931000e+00 1.00026000e+00 8.46951000e-04 1.00196000e+00 9.99418000e-01
5.67581000e+01 1.00843000e+00 1.00024000e+00 8.41431000e-04 1.00192000e+00 9.99398000e-01
5.68628000e+01 1.00746000e+00 1.00021000e+00 8.26791000e-04 1.00186000e+00 9.99384000e-01
5.69675000e+01 1.00641000e+00 1.00018000e+00 8.03257000e-04 1.00179000e+00 9.99378000e-01
5.70723000e+01 1.00529000e+00 1.00015000e+00 7.71151000e-04 1.00169000e+00 9.99378000e-01
5.71770000e+01 1.00413000e+00 1.00012000e+00 7.30887000e-04 1.00158000e+00 9.99384000e-01
5.72817000e+01 1.00293000e+00 1.00008000e+00 6.82962000e-04 1.00145000e+00 9.99398000e-01
5.73864000e+01 1.00170000e+00 1.00005000e+00 6.27957000e-04 1.00130000e+00 9.99418000e-01
5.74911000e+01 1.00047000e+00 1.00001000e+00 5.66521000e-04 1.00114000e+00 9.99443000e-01
5.75959000e+01 9.99240000e-01 9.99974000e-01 4.99370000e-04 1.00097000e+00 9.99475000e-01
5.77006000e+01 9.98030000e-01 9.99940000e-01 4.27278000e-04 1.00079000e+00 9.99512000e-01
5.78053000e+01 9.96852000e-01 9.99906000e-01 3.51063000e-04 1.00061000e+00 9.99554000e-01
5.79100000e+01 9.95718000e-01 9.99873000e-01 2.71584000e-04 1.00042000e+00 9.99601000e-01
5.80147000e+01 9.94641000e-01 9.99842000e-01 1.89728000e-04 1.00022000e+00 9.99652000e-01
5.81195000e+01 9.93632000e-01 9.99813000e-01 1.06400000e-04 1.00003000e+00 9.99706000e-01
5.82242000e+01 9.92701000e-01 9.99786000e-01 2.25152000e-05 9.99831000e-01 9.99763000e-01
5.83289000e+01 9.91858000e-01 9.99762000e-01 -6.10134000e-05 9.99640000e-01 9.99823000e-01
5.84336000e+01 9.91111000e-01 9.99740000e-01 -1.43283000e-04 9.99454000e-01 9.99884000e-01
5.85383000e+01 9.90467000e-01 9.99722000e-01 -2.23413000e-04 9.99275000e-01 9.99945000e-01
5.86431000e+01 9.89933000e-01 9.99707000e-01 -3.00550000e-04 9.99106000e-01 1.00001000e+00
5.87478000e+01 9.89513000e-01 9.99695000e-01 -3.73882000e-04 9.98947000e-01 1.00007000e+00
5.88525000e+01 9.89212000e-01 9.99687000e-01 -4.42641000e-04 9.98802000e-01 1.00013000e+00
5.89572000e+01 9.89031000e-01 9.99682000e-01 -5.06118000e-04 9.98670000e-01 1.00019000e+00
5.90619000e+01 9.88973000e-01 9.99681000e-01 -5.63663000e-04 9.98554000e-01 1.00024000e+00
5.91667000e+01 9.89035000e-01 9.99684000e-01 -6.14695000e-04 9.98454000e-01 1.00030000e+00
5.92714000e+01 9.89218000e-01 9.99690000e-01 -6.58708000e-04 9.98372000e-01 1.00035000e+00
5.93761000e+01 9.89519000e-01 9.99699000e-01 -6.95276000e-04 9.98308000e-01 1.00039000e+00
5.94808000e+01 9.89933000e-01 9.99712000e-01 -7.24053000e-04 9.98264000e-01 1.00044000e+00
5.95855000e+01 9.90456000e-01 9.99728000e-01 -7.44782000e-04 9.98238000e-01 1.00047000e+00
5.96903000e+01 9.91082000e-01 9.99746000e-01 -7.57294000e-04 9.98232000e-01 1.00050000e+00
5.97950000e+01 9.91803000e-01 9.99768000e-01 -7.61507000e-04 9.98245000e-01 1.00053000e+00
5.98997000e+01 9.92611000e-01 9.99792000e-01 -7.57432000e-04 9.98277000e-01 1.00055000e+00
6.00044000e+01 9.93497000e-01 9.99818000e-01 -7.45168000e-04 9.98327000e-01 1.00056000e+00
6.01091000e+01 9.94451000e-01 9.99846000e-01 -7.24900000e-04 9.98396000e-01 1.00057000e+00
6.02139000e+01 9.95462000e-01 9.99875000e-01 -6.96901000e-04 9.98481000e-01 1.00057000e+00
6.03186000e+01 9.96519000e-01 9.99906000e-01 -6.61523000e-04 9.98583000e-01 1.00057000e+00
6.04233000e+01 9.97610000e-01 9.99937000e-01 -6.19196000e-04 9.98699000e-01 1.00056000e+00
6.05280000e+01 9.98724000e-01 9.99969000e-01 -5.70424000e-04 9.98829000e-01 1.00054000e+00
6.06327000e+01 9.99846000e-01 1.00000000e+00 -5.15776000e-04 9.98970000e-01 1.00052000e+00
6.07375000e+01 1.00097000e+00 1.00003000e+00 -4.55881000e-04 9.99122000e-01 1.00049000e+00
6.08422000e+01 1.00207000e+00 1.00007000e+00 -3.91421000e-04 9.99282000e-01 1.00046000e+00
6.09469000e+01 1.00315000e+00 1.00010000e+00 -3.23124000e-04 9.99449000e-01 1.00042000e+00
6.10516000e+01 1.00418000e+00 1.00012000e+00 -2.51756000e-04 9.99621000e-01 1.00038000e+00
6.11563000e+01 1.00517000e+00 1.00015000e+00 -1.78110000e-04 9.99796000e-01 1.00033000e+00
6.12611000e+01 1.00609000e+00 1.00018000e+00 -1.03000000e-04 9.99973000e-01 1.00028000e+00
6.13658000e+01 1.00694000e+00 1.00020000e+00 -2.72518000e-05 1.00015000e+00 1.00023000e+00
6.14705000e+01 1.00770000e+00 1.00022000e+00 4.83083000e-05 1.00032000e+00 1.00018000e+00
6.15752000e+01 1.00838000e+00 1.00024000e+00 1.22860000e-04 1.00049000e+00 1.00012000e+00
6.16799000e+01 1.00896000e+00 1.00026000e+00 1.95598000e-04 1.00065000e+00 1.00006000e+00
6.17847000e+01 1.00943000e+00 1.00027000e+00 2.65743000e-04 1.00080000e+00 1.00001000e+00
6.18894000e+01 1.00979000e+00 1.00028000e+00 3.32547000e-04 1.00095000e+00 9.99949000e-01
6.19941000e+01 1.01004000e+00 1.00029000e+00 3.95305000e-04 1.00108000e+00 9.99893000e-01
6.20988000e+01 1.01018000e+00 1.00029000e+00 4.53359000e-04 1.00120000e+00 9.99838000e-01
6.22035000e+01 1.01020000e+00 1.00029000e+00 5.06105000e-04 1.00130000e+00 9.99786000e-01
6.23083000e+01 1.01010000e+00 1.00029000e+00 5.53004000e-04 1.00139000e+00 9.99736000e-01
6.24130000e+01 1.00989000e+00 1.00028000e+00 5.93582000e-04 1.00147000e+00 9.99689000e-01
6.25177000e+01 1.00957000e+00 1.00027000e+00 6.27437000e-04 1.00153000e+00 9.99645000e-01
6.26224000e+01 1.00914000e+00 1.00026000e+00 6.54243000e-04 1.00157000e+00 9.99606000e-01
6.27271000e+01 1.00861000e+00 1.00025000e+00 6.73753000e-04 1.00159000e+00 9.99571000e-01
6.28319000e+01 1.00798000e+00 1.00023000e+00 6.85803000e-04 1.00160000e+00 9.99541000e-01
6.29366000e+01 1.00727000e+00 1.00021000e+00 6.90309000e-04 1.00159000e+00 9.99517000e-01
6.30413000e+01 1.00649000e+00 1.00018000e+00 6.87273000e-04 1.00156000e+00 9.99497000e-01
6.31460000e+01 1.00563000e+00 1.00016000e+00 6.76775000e-04 1.00151000e+00 9.99483000e-01
6.32507000e+01 1.00472000e+00 1.00013000e+00 6.58980000e-04 1.00145000e+00 9.99474000e-01
6.33555000e+01 1.00376000e+00 1.00011000e+00 6.34129000e-04 1.00137000e+00 9.99472000e-01
6.34602000e+01 1.00277000e+00 1.00008000e+00 6.02539000e-04 1.00128000e+00 9.99475000e-01
6.35649000e+01 1.00175000e+00 1.00005000e+00 5.64599000e-04 1.00118000e+00 9.99483000e-01
6.36696000e+01 1.00072000e+00 1.00002000e+00 5.20764000e-04 1.00106000e+00 9.99498000e-01
6.37743000e+01 9.99686000e-01 9.99989000e-01 4.71549000e-04 1.00093000e+00 9.99517000e-01
6.38791000e+01 9.98665000e-01 9.99959000e-01 4.17525000e-04 1.00079000e+00 9.99542000e-01
6.39838000e+01 9.97666000e-01 9.99930000e-01 3.59311000e-04 1.00065000e+00 9.99571000e-01
6.40885000e+01 9.96700000e-01 9.99902000e-01 2.97568000e-04 1.00050000e+00 9.99605000e-01
6.41932000e+01 9.95778000e-01 9.99876000e-01 2.32989000e-04 1.00034000e+00 9.99643000e-01
6.42979000e+01 9.94908000e-01 9.99851000e-01 1.66295000e-04 1.00018000e+00 9.99684000e-01
6.44026000e+01 9.94101000e-01 9.99827000e-01 9.82221000e-05 1.00002000e+00 9.99729000e-01
6.45074000e+01 9.93365000e-01 9.99806000e-01 2.95189000e-05 9.99865000e-01 9.99777000e-01
6.46121000e+01 9.92707000e-01 9.99787000e-01 -3.90655000e-05 9.99709000e-01 9.99826000e-01
6.47168000e+01 9.92134000e-01 9.99771000e-01 -1.06788000e-04 9.99557000e-01 9.99878000e-01
6.48215000e+01 9.91651000e-01 9.99757000e-01 -1.72921000e-04 9.99411000e-01 9.99930000e-01
6.49262000e+01 9.91263000e-01 9.99746000e-01 -2.36758000e-04 9.99273000e-01 9.99983000e-01
6.50310000e+01 9.90974000e-01 9.99738000e-01 -2.97623000e-04 9.99143000e-01 1.00004000e+00
6.51357000e+01 9.90786000e-01 9.99733000e-01 -3.54874000e-04 9.99023000e-01 1.00009000e+00
6.52404000e+01 9.90701000e-01 9.99731000e-01 -4.07915000e-04 9.98915000e-01 1.00014000e+00
6.53451000e+01 9.90719000e-01 9.99732000e-01 -4.56200000e-04 9.98820000e-01 1.00019000e+00
6.54498000e+01 9.90839000e-01 9.99736000e-01 -4.99234000e-04 9.98738000e-01 1.00024000e+00
6.55546000e+01 9.91059000e-01 9.99743000e-01 -5.36585000e-04 9.98670000e-01 1.00028000e+00
6.56593000e+01 9.91377000e-01 9.99753000e-01 -5.67884000e-04 9.98617000e-01 1.00032000e+00
6.57640000e+01 9.91789000e-01 9.99765000e-01 -5.92830000e-04 9.98579000e-01 1.00036000e+00
6.58687000e+01 9.92290000e-01 9.99780000e-01 -6.11191000e-04 9.98558000e-01 1.00039000e+00
6.59734000e+01 9.92874000e-01 9.99797000e-01 -6.22808000e-04 9.98552000e-01 1.00042000e+00
6.60782000e+01 9.93534000e-01 9.99817000e-01 -6.27597000e-04 9.98562000e-01 1.00044000e+00
6.61829000e+01 9.94263000e-01 9.99838000e-01 -6.25546000e-04 9.98587000e-01 1.00046000e+00
6.62876000e+01 9.95052000e-01 9.99861000e-01 -6.16718000e-04 9.98628000e-01 1.00048000e+00
6.63923000e+01 9.95894000e-01 9.99886000e-01 -6.01249000e-04 9.98683000e-01 1.00049000e+00
6.64970000e+01 9.96777000e-01 9.99911000e-01 -5.79345000e-04 9.98753000e-01 1.00049000e+00
6.66018000e+01 9.97694000e-01 9.99938000e-01 -5.51280000e-04 9.98835000e-01 1.00049000e+00
6.67065000e+01 9.98632000e-01 9.99965000e-01 -5.17395000e-04 9.98930000e-01 1.00048000e+00
6.68112000e+01 9.99582000e-01 9.99992000e-01 -4.78091000e-04 9.99036000e-01 1.00047000e+00
6.69159000e+01 1.00053000e+00 1.00002000e+00 -4.33823000e-04 9.99152000e-01 1.00045000e+00
6.70206000e+01 1.00148000e+00 1.00005000e+00 -3.85102000e-04 9.99276000e-01 1.00043000e+00
6.71254000e+01 1.00240000e+00 1.00007000e+00 -3.32480000e-04 9.99408000e-01 1.00041000e+00
6.72301000e+01 1.00329000e+00 1.00010000e+00 -2.76551000e-04 9.99545000e-01 1.00037000e+00
6.73348000e+01 1.00414000e+00 1.00012000e+00 -2.17940000e-04 9.99686000e-01 1.00034000e+00
6.74395000e+01 1.00494000e+00 1.00014000e+00 -1.57300000e-04 9.99830000e-01 1.00030000e+00
6.75442000e+01 1.00568000e+00 1.00017000e+00 -9.53001000e-05 9.99975000e-01 1.00026000e+00
6.76490000e+01 1.00636000e+00 1.00018000e+00 -3.26221000e-05 1.00012000e+00 1.00022000e+00
6.77537000e+01 1.00696000e+00 1.00020000e+00 3.00491000e-05 1.00026000e+00 1.00017000e+00
6.78584000e+01 1.00748000e+00 1.00022000e+00 9.20319000e-05 1.00040000e+00 1.00012000e+00
6.79631000e+01 1.00791000e+00 1.00023000e+00 1.52656000e-04 1.00053000e+00 1.00007000e+00
6.80678000e+01 1.00825000e+00 1.00024000e+00 2.11270000e-04 1.00066000e+00 1.00003000e+00
6.81726000e+01 1.00849000e+00 1.00024000e+00 2.67247000e-04 1.00078000e+00 9.99976000e-01
6.82773000e+01 1.00864000e+00 1.00025000e+00 3.19993000e-04 1.00089000e+00 9.99928000e-01
6.83820000e+01 1.00869000e+00 1.00025000e+00 3.68953000e-04 1.00099000e+00 9.99880000e-01
6.84867000e+01 1.00864000e+00 1.00025000e+00 4.13613000e-04 1.00107000e+00 9.99834000e-01
6.85914000e+01 1.00850000e+00 1.00024000e+00 4.53514000e-04 1.00115000e+00 9.99789000e-01
6.86962000e+01 1.00825000e+00 1.00024000e+00 4.88247000e-04 1.00121000e+00 9.99748000e-01
6.88009000e+01 1.00792000e+00 1.00023000e+00 5.17465000e-04 1.00126000e+00 9.99709000e-01
6.89056000e+01 1.00750000e+00 1.00021000e+00 5.40881000e-04 1.00130000e+00 9.99673000e-01
6.90103000e+01 1.00699000e+00 1.00020000e+00 5.58273000e-04 1.00132000e+00 9.99641000e-01
6.91150000e+01 1.00641000e+00 1.00018000e+00 5.69488000e-04 1.00132000e+00 9.99613000e-01
6.92198000e+01 1.00576000e+00 1.00016000e+00 5.74440000e-04 1.00131000e+00 9.99590000e-01
6.93245000e+01 1.00505000e+00 1.00014000e+00 5.73111000e-04 1.00129000e+00 9.99571000e-01
6.94292000e+01 1.00429000e+00 1.00012000e+00 5.65552000e-04 1.00125000e+00 9.99556000e-01
6.95339000e+01 1.00348000e+00 1.00010000e+00 5.51884000e-04 1.00120000e+00 9.99547000e-01
6.96386000e+01 1.00264000e+00 1.00007000e+00 5.32290000e-04 1.00114000e+00 9.99542000e-01
6.97434000e+01 1.00178000e+00 1.00005000e+00 5.07020000e-04 1.00106000e+00 9.99543000e-01
6.98481000e+01 1.00090000e+00 1.00002000e+00 4.76382000e-04 1.00098000e+00 9.99548000e-01
6.99528000e+01 1.00001000e+00 9.99999000e-01 4.40742000e-04 1.00088000e+00 9.99558000e-01
7.00575000e+01 9.99133000e-01 9.99973000e-01 4.00516000e-04 1.00077000e+00 9.99573000e-01
7.01622000e+01 9.98269000e-01 9.99949000e-01 3.56169000e-04 1.00066000e+00 9.99592000e-01
7.02670000e+01 9.97429000e-01 9.99924000e-01 3.08209000e-04 1.00054000e+00 9.99616000e-01
7.03717000e+01 9.96623000e-01 9.99901000e-01 2.57177000e-04 1.00042000e+00 9.99644000e-01
7.04764000e+01 9.95860000e-01 9.99879000e-01 2.03646000e-04 1.00029000e+00 9.99675000e-01
7.05811000e+01 9.95146000e-01 9.99858000e-01 1.48213000e-04 1.00015000e+00 9.99710000e-01
7.06858000e+01 9.94491000e-01 9.99840000e-01 9.14893000e-05 1.00002000e+00 9.99748000e-01
7.07906000e+01 9.93901000e-01 9.99823000e-01 3.40995000e-05 9.99891000e-01 9.99788000e-01
7.08953000e+01 9.93382000e-01 9.99808000e-01 -2.33302000e-05 9.99761000e-01 9.99831000e-01
7.10000000e+01 9.92938000e-01 9.99795000e-01 -8.01767000e-05 9.99635000e-01 9.99875000e-01
7.11047000e+01 9.92575000e-01 9.99785000e-01 -1.35827000e-04 9.99513000e-01 9.99921000e-01
7.12094000e+01 9.92296000e-01 9.99777000e-01 -1.89685000e-04 9.99397000e-01 9.99967000e-01
7.13142000e+01 9.92104000e-01 9.99772000e-01 -2.41177000e-04 9.99289000e-01 1.00001000e+00
7.14189000e+01 9.92000000e-01 9.99769000e-01 -2.89759000e-04 9.99189000e-01 1.00006000e+00
7.15236000e+01 9.91985000e-01 9.99769000e-01 -3.34921000e-04 9.99099000e-01 1.00010000e+00
7.16283000e+01 9.92058000e-01 9.99771000e-01 -3.76193000e-04 9.99019000e-01 1.00015000e+00
7.17330000e+01 9.92219000e-01 9.99776000e-01 -4.13151000e-04 9.98950000e-01 1.00019000e+00
7.18378000e+01 9.92465000e-01 9.99784000e-01 -4.45418000e-04 9.98893000e-01 1.00023000e+00
7.19425000e+01 9.92793000e-01 9.99793000e-01 -4.72671000e-04 9.98848000e-01 1.00027000e+00
7.20472000e+01 9.93200000e-01 9.99806000e-01 -4.94643000e-04 9.98816000e-01 1.00030000e+00
7.21519000e+01 9.93681000e-01 9.99820000e-01 -5.11124000e-04 9.98797000e-01 1.00033000e+00
7.22566000e+01 9.94230000e-01 9.99836000e-01 -5.21967000e-04 9.98792000e-01 1.00036000e+00
7.23614000e+01 9.94840000e-01 9.99854000e-01 -5.27085000e-04 9.98800000e-01 1.00038000e+00
7.24661000e+01 9.95506000e-01 9.99873000e-01 -5.26452000e-04 9.98820000e-01 1.00040000e+00
7.25708000e+01 9.96220000e-01 9.99894000e-01 -5.20107000e-04 9.98854000e-01 1.00041000e+00
7.26755000e+01 9.96973000e-01 9.99916000e-01 -5.08150000e-04 9.98900000e-01 1.00042000e+00
7.27802000e+01 9.97757000e-01 9.99939000e-01 -4.90738000e-04 9.98957000e-01 1.00043000e+00
7.28849000e+01 9.98563000e-01 9.99962000e-01 -4.68091000e-04 9.99026000e-01 1.00043000e+00
7.29897000e+01 9.99383000e-01 9.99985000e-01 -4.40480000e-04 9.99104000e-01 1.00043000e+00
7.30944000e+01 1.00021000e+00 1.00001000e+00 -4.08231000e-04 9.99193000e-01 1.00042000e+00
7.31991000e+01 1.00103000e+00 1.00003000e+00 -3.71719000e-04 9.99289000e-01 1.00040000e+00
7.33038000e+01 1.00183000e+00 1.00006000e+00 -3.31361000e-04 9.99393000e-01 1.00039000e+00
7.34085000e+01 1.00261000e+00 1.00008000e+00 -2.87615000e-04 9.99502000e-01 1.00037000e+00
7.35133000e+01 1.00336000e+00 1.00010000e+00 -2.40974000e-04 9.99617000e-01 1.00034000e+00
7.36180000e+01 1.00407000e+00 1.00012000e+00 -1.91959000e-04 9.99735000e-01 1.00031000e+00
7.37227000e+01 1.00473000e+00 1.00014000e+00 -1.41114000e-04 9.99855000e-01 1.00028000e+00
7.38274000e+01 1.00534000e+00 1.00015000e+00 -8.90015000e-05 9.99977000e-01 1.00024000e+00
7.39321000e+01 1.00588000e+00 1.00017000e+00 -3.61944000e-05 1.00010000e+00 1.00021000e+00
7.40369000e+01 1.00635000e+00 1.00018000e+00 1.67299000e-05 1.00022000e+00 1.00017000e+00
7.41416000e+01 1.00676000e+00 1.00019000e+00 6.91953000e-05 1.00033000e+00 1.00013000e+00
7.42463000e+01 1.00708000e+00 1.00020000e+00 1.20634000e-04 1.00044000e+00 1.00008000e+00
7.43510000e+01 1.00732000e+00 1.00021000e+00 1.70490000e-04 1.00055000e+00 1.00004000e+00
7.44557000e+01 1.00748000e+00 1.00021000e+00 2.18231000e-04 1.00065000e+00 9.99996000e-01
7.45605000e+01 1.00755000e+00 1.00022000e+00 2.63347000e-04 1.00074000e+00 9.99953000e-01
7.46652000e+01 1.00754000e+00 1.00022000e+00 3.05362000e-04 1.00083000e+00 9.99910000e-01
7.47699000e+01 1.00744000e+00 1.00021000e+00 3.43833000e-04 1.00090000e+00 9.99869000e-01
7.48746000e+01 1.00726000e+00 1.00021000e+00 3.78361000e-04 1.00096000e+00 9.99829000e-01
7.49793000e+01 1.00699000e+00 1.00020000e+00 4.08589000e-04 1.00102000e+00 9.99791000e-01
7.50841000e+01 1.00665000e+00 1.00019000e+00 4.34213000e-04 1.00106000e+00 9.99756000e-01
7.51888000e+01 1.00624000e+00 1.00018000e+00 4.54975000e-04 1.00109000e+00 9.99723000e-01
7.52935000e+01 1.00576000e+00 1.00016000e+00 4.70677000e-04 1.00111000e+00 9.99694000e-01
7.53982000e+01 1.00521000e+00 1.00015000e+00 4.81174000e-04 1.00111000e+00 9.99667000e-01
7.55029000e+01 1.00461000e+00 1.00013000e+00 4.86380000e-04 1.00110000e+00 9.99645000e-01
7.56077000e+01 1.00396000e+00 1.00011000e+00 4.86265000e-04 1.00109000e+00 9.99627000e-01
7.57124000e+01 1.00327000e+00 1.00009000e+00 4.80860000e-04 1.00105000e+00 9.99612000e-01
7.58171000e+01 1.00255000e+00 1.00007000e+00 4.70252000e-04 1.00101000e+00 9.99602000e-01
7.59218000e+01 1.00180000e+00 1.00005000e+00 4.54584000e-04 1.00096000e+00 9.99596000e-01
7.60265000e+01 1.00103000e+00 1.00003000e+00 4.34054000e-04 1.00090000e+00 9.99595000e-01
7.61313000e+01 1.00026000e+00 1.00001000e+00 4.08911000e-04 1.00082000e+00 9.99598000e-01
7.62360000e+01 9.99490000e-01 9.99984000e-01 3.79454000e-04 1.00074000e+00 9.99605000e-01
7.63407000e+01 9.98729000e-01 9.99962000e-01 3.46026000e-04 1.00065000e+00 9.99616000e-01
7.64454000e+01 9.97986000e-01 9.99941000e-01 3.09012000e-04 1.00056000e+00 9.99632000e-01
7.65501000e+01 9.97270000e-01 9.99920000e-01 2.68834000e-04 1.00046000e+00 9.99651000e-01
7.66549000e+01 9.96587000e-01 9.99901000e-01 2.25945000e-04 1.00035000e+00 9.99675000e-01
7.67596000e+01 9.95947000e-01 9.99882000e-01 1.80826000e-04 1.00024000e+00 9.99701000e-01
7.68643000e+01 9.95354000e-01 9.99865000e-01 1.33979000e-04 1.00013000e+00 9.99731000e-01
7.69690000e+01 9.94817000e-01 9.99850000e-01 8.59218000e-05 1.00002000e+00 9.99764000e-01
7.70737000e+01 9.94339000e-01 9.99836000e-01 3.71821000e-05 9.99910000e-01 9.99799000e-01
7.71785000e+01 9.93926000e-01 9.99824000e-01 -1.17072000e-05 9.99801000e-01 9.99836000e-01
7.72832000e+01 9.93583000e-01 9.99814000e-01 -6.02150000e-05 9.99694000e-01 9.99874000e-01
7.73879000e+01 9.93312000e-01 9.99806000e-01 -1.07817000e-04 9.99591000e-01 9.99914000e-01
7.74926000e+01 9.93117000e-01 9.99801000e-01 -1.54002000e-04 9.99493000e-01 9.99955000e-01
7.75973000e+01 9.92998000e-01 9.99798000e-01 -1.98276000e-04 9.99401000e-01 9.99996000e-01
7.77021000e+01 9.92958000e-01 9.99797000e-01 -2.40170000e-04 9.99316000e-01 1.00004000e+00
7.78068000e+01 9.92996000e-01 9.99798000e-01 -2.79241000e-04 9.99240000e-01 1.00008000e+00
7.79115000e+01 9.93111000e-01 9.99802000e-01 -3.15081000e-04 9.99171000e-01 1.00012000e+00
7.80162000e+01 9.93301000e-01 9.99807000e-01 -3.47318000e-04 9.99113000e-01 1.00015000e+00
7.81209000e+01 9.93566000e-01 9.99815000e-01 -3.75621000e-04 9.99064000e-01 1.00019000e+00
7.82257000e+01 9.93900000e-01 9.99825000e-01 -3.99703000e-04 9.99026000e-01 1.00022000e+00
7.83304000e+01 9.94302000e-01 9.99837000e-01 -4.19324000e-04 9.98998000e-01 1.00026000e+00
7.84351000e+01 9.94765000e-01 9.99851000e-01 -4.34294000e-04 9.98982000e-01 1.00028000e+00
7.85398000e+01 9.95284000e-01 9.99866000e-01 -4.44474000e-04 9.98977000e-01 1.00031000e+00
7.86445000e+01 9.95854000e-01 9.99883000e-01 -4.49778000e-04 9.98983000e-01 1.00033000e+00
7.87493000e+01 9.96469000e-01 9.99900000e-01 -4.50171000e-04 9.99000000e-01 1.00035000e+00
7.88540000e+01 9.97121000e-01 9.99919000e-01 -4.45674000e-04 9.99028000e-01 1.00036000e+00
7.89587000e+01 9.97803000e-01 9.99939000e-01 -4.36358000e-04 9.99066000e-01 1.00038000e+00
7.90634000e+01 9.98508000e-01 9.99959000e-01 -4.22349000e-04 9.99115000e-01 1.00038000e+00
7.91681000e+01 9.99227000e-01 9.99980000e-01 -4.03820000e-04 9.99172000e-01 1.00038000e+00
7.92729000e+01 9.99953000e-01 1.00000000e+00 -3.80995000e-04 9.99239000e-01 1.00038000e+00
7.93776000e+01 1.00068000e+00 1.00002000e+00 -3.54141000e-04 9.99313000e-01 1.00038000e+00
7.94823000e+01 1.00139000e+00 1.00004000e+00 -3.23569000e-04 9.99395000e-01 1.00037000e+00
7.95870000e+01 1.00209000e+00 1.00006000e+00 -2.89628000e-04 9.99483000e-01 1.00035000e+00
7.96917000e+01 1.00276000e+00 1.00008000e+00 -2.52702000e-04 9.99576000e-01 1.00033000e+00
7.97965000e+01 1.00340000e+00 1.00010000e+00 -2.13207000e-04 9.99673000e-01 1.00031000e+00
7.99012000e+01 1.00400000e+00 1.00012000e+00 -1.71584000e-04 9.99773000e-01 1.00029000e+00
8.00059000e+01 1.00455000e+00 1.00013000e+00 -1.28294000e-04 9.99875000e-01 1.00026000e+00
8.01106000e+01 1.00505000e+00 1.00015000e+00 -8.38168000e-05 9.99978000e-01 1.00023000e+00
8.02153000e+01 1.00549000e+00 1.00016000e+00 -3.86402000e-05 1.00008000e+00 1.00020000e+00
8.03201000e+01 1.00586000e+00 1.00017000e+00 6.74094000e-06 1.00018000e+00 1.00016000e+00
8.04248000e+01 1.00617000e+00 1.00018000e+00 5.18323000e-05 1.00028000e+00 1.00013000e+00
8.05295000e+01 1.00641000e+00 1.00018000e+00 9.61448000e-05 1.00038000e+00 1.00009000e+00
8.06342000e+01 1.00658000e+00 1.00019000e+00 1.39200000e-04 1.00047000e+00 1.00005000e+00
8.07389000e+01 1.00667000e+00 1.00019000e+00 1.80535000e-04 1.00055000e+00 1.00001000e+00
8.08437000e+01 1.00668000e+00 1.00019000e+00 2.19709000e-04 1.00063000e+00 9.99972000e-01
8.09484000e+01 1.00662000e+00 1.00019000e+00 2.56306000e-04 1.00070000e+00 9.99933000e-01
8.10531000e+01 1.00648000e+00 1.00019000e+00 2.89939000e-04 1.00077000e+00 9.99896000e-01
8.11578000e+01 1.00628000e+00 1.00018000e+00 3.20256000e-04 1.00082000e+00 9.99859000e-01
8.12625000e+01 1.00600000e+00 1.00017000e+00 3.46943000e-04 1.00087000e+00 9.99825000e-01
8.13672000e+01 1.00565000e+00 1.00016000e+00 3.69727000e-04 1.00090000e+00 9.99792000e-01
8.14720000e+01 1.00525000e+00 1.00015000e+00 3.88379000e-04 1.00093000e+00 9.99762000e-01
8.15767000e+01 1.00478000e+00 1.00014000e+00 4.02716000e-04 1.00094000e+00 9.99734000e-01
8.16814000e+01 1.00427000e+00 1.00012000e+00 4.12601000e-04 1.00095000e+00 9.99709000e-01
8.17861000e+01 1.00371000e+00 1.00011000e+00 4.17950000e-04 1.00094000e+00 9.99688000e-01
8.18908000e+01 1.00310000e+00 1.00009000e+00 4.18726000e-04 1.00093000e+00 9.99670000e-01
8.19956000e+01 1.00247000e+00 1.00007000e+00 4.14943000e-04 1.00090000e+00 9.99655000e-01
8.21003000e+01 1.00181000e+00 1.00005000e+00 4.06664000e-04 1.00086000e+00 9.99645000e-01
8.22050000e+01 1.00114000e+00 1.00003000e+00 3.94001000e-04 1.00082000e+00 9.99638000e-01
8.23097000e+01 1.00046000e+00 1.00001000e+00 3.77114000e-04 1.00077000e+00 9.99635000e-01
8.24144000e+01 9.99769000e-01 9.99993000e-01 3.56206000e-04 1.00071000e+00 9.99637000e-01
8.25192000e+01 9.99089000e-01 9.99973000e-01 3.31526000e-04 1.00064000e+00 9.99642000e-01
8.26239000e+01 9.98422000e-01 9.99954000e-01 3.03359000e-04 1.00056000e+00 9.99651000e-01
8.27286000e+01 9.97776000e-01 9.99935000e-01 2.72029000e-04 1.00048000e+00 9.99663000e-01
8.28333000e+01 9.97157000e-01 9.99917000e-01 2.37893000e-04 1.00039000e+00 9.99680000e-01
8.29380000e+01 9.96573000e-01 9.99901000e-01 2.01334000e-04 1.00030000e+00 9.99699000e-01
8.30428000e+01 9.96030000e-01 9.99885000e-01 1.62762000e-04 1.00021000e+00 9.99722000e-01
8.31475000e+01 9.95533000e-01 9.99871000e-01 1.22605000e-04 1.00012000e+00 9.99748000e-01
8.32522000e+01 9.95088000e-01 9.99858000e-01 8.13079000e-05 1.00002000e+00 9.99776000e-01
8.33569000e+01 9.94700000e-01 9.99847000e-01 3.93237000e-05 9.99925000e-01 9.99807000e-01
8.34616000e+01 9.94372000e-01 9.99837000e-01 -2.88831000e-06 9.99831000e-01 9.99840000e-01
8.35664000e+01 9.94107000e-01 9.99830000e-01 -4.48690000e-05 9.99740000e-01 9.99874000e-01
8.36711000e+01 9.93909000e-01 9.99824000e-01 -8.61640000e-05 9.99652000e-01 9.99910000e-01
8.37758000e+01 9.93779000e-01 9.99820000e-01 -1.26329000e-04 9.99568000e-01 9.99947000e-01
8.38805000e+01 9.93719000e-01 9.99819000e-01 -1.64932000e-04 9.99489000e-01 9.99984000e-01
8.39852000e+01 9.93729000e-01 9.99819000e-01 -2.01564000e-04 9.99416000e-01 1.00002000e+00
8.40900000e+01 9.93808000e-01 9.99822000e-01 -2.35837000e-04 9.99350000e-01 1.00006000e+00
8.41947000e+01 9.93955000e-01 9.99826000e-01 -2.67388000e-04 9.99291000e-01 1.00009000e+00
8.42994000e+01 9.94169000e-01 9.99832000e-01 -2.95890000e-04 9.99241000e-01 1.00013000e+00
8.44041000e+01 9.94447000e-01 9.99841000e-01 -3.21048000e-04 9.99199000e-01 1.00016000e+00
8.45088000e+01 9.94785000e-01 9.99851000e-01 -3.42603000e-04 9.99165000e-01 1.00019000e+00
8.46136000e+01 9.95181000e-01 9.99862000e-01 -3.60340000e-04 9.99141000e-01 1.00022000e+00
8.47183000e+01 9.95629000e-01 9.99875000e-01 -3.74082000e-04 9.99127000e-01 1.00025000e+00
8.48230000e+01 9.96124000e-01 9.99890000e-01 -3.83700000e-04 9.99122000e-01 1.00027000e+00
8.49277000e+01 9.96661000e-01 9.99905000e-01 -3.89107000e-04 9.99127000e-01 1.00029000e+00
8.50324000e+01 9.97234000e-01 9.99922000e-01 -3.90264000e-04 9.99141000e-01 1.00031000e+00
8.51372000e+01 9.97836000e-01 9.99939000e-01 -3.87177000e-04 9.99165000e-01 1.00033000e+00
8.52419000e+01 9.98461000e-01 9.99957000e-01 -3.79898000e-04 9.99198000e-01 1.00034000e+00
8.53466000e+01 9.99101000e-01 9.99976000e-01 -3.68525000e-04 9.99239000e-01 1.00034000e+00
8.54513000e+01 9.99750000e-01 9.99994000e-01 -3.53199000e-04 9.99288000e-01 1.00035000e+00
8.55560000e+01 1.00040000e+00 1.00001000e+00 -3.34104000e-04 9.99345000e-01 1.00035000e+00
8.56608000e+01 1.00104000e+00 1.00003000e+00 -3.11463000e-04 9.99409000e-01 1.00034000e+00
8.57655000e+01 1.00167000e+00 1.00005000e+00 -2.85538000e-04 9.99479000e-01 1.00034000e+00
8.58702000e+01 1.00228000e+00 1.00007000e+00 -2.56623000e-04 9.99554000e-01 1.00032000e+00
8.59749000e+01 1.00287000e+00 1.00008000e+00 -2.25047000e-04 9.99633000e-01 1.00031000e+00
8.60796000e+01 1.00342000e+00 1.00010000e+00 -1.91163000e-04 9.99717000e-01 1.00029000e+00
8.61844000e+01 1.00393000e+00 1.00011000e+00 -1.55350000e-04 9.99803000e-01 1.00027000e+00
8.62891000e+01 1.00439000e+00 1.00013000e+00 -1.18004000e-04 9.99891000e-01 1.00024000e+00
8.63938000e+01 1.00480000e+00 1.00014000e+00 -7.95383000e-05 9.99979000e-01 1.00022000e+00
8.64985000e+01 1.00516000e+00 1.00015000e+00 -4.03758000e-05 1.00007000e+00 1.00019000e+00
8.66032000e+01 1.00546000e+00 1.00016000e+00 -9.45293000e-07 1.00015000e+00 1.00016000e+00
8.67080000e+01 1.00570000e+00 1.00016000e+00 3.83235000e-05 1.00024000e+00 1.00013000e+00
8.68127000e+01 1.00587000e+00 1.00017000e+00 7.70041000e-05 1.00032000e+00 1.00009000e+00
8.69174000e+01 1.00597000e+00 1.00017000e+00 1.14678000e-04 1.00040000e+00 1.00006000e+00
8.70221000e+01 1.00601000e+00 1.00017000e+00 1.50941000e-04 1.00047000e+00 1.00002000e+00
8.71268000e+01 1.00598000e+00 1.00017000e+00 1.85403000e-04 1.00054000e+00 9.99986000e-01
8.72316000e+01 1.00588000e+00 1.00017000e+00 2.17698000e-04 1.00060000e+00 9.99951000e-01
8.73363000e+01 1.00571000e+00 1.00016000e+00 2.47483000e-04 1.00066000e+00 9.99916000e-01
8.74410000e+01 1.00548000e+00 1.00016000e+00 2.74445000e-04 1.00071000e+00 9.99883000e-01
8.75457000e+01 1.00520000e+00 1.00015000e+00 2.98304000e-04 1.00075000e+00 9.99850000e-01
8.76504000e+01 1.00485000e+00 1.00014000e+00 3.18813000e-04 1.00078000e+00 9.99820000e-01
8.77552000e+01 1.00445000e+00 1.00013000e+00 3.35763000e-04 1.00080000e+00 9.99792000e-01
8.78599000e+01 1.00400000e+00 1.00011000e+00 3.48986000e-04 1.00081000e+00 9.99765000e-01
8.79646000e+01 1.00351000e+00 1.00010000e+00 3.58355000e-04 1.00082000e+00 9.99742000e-01
8.80693000e+01 1.00298000e+00 1.00009000e+00 3.63783000e-04 1.00081000e+00 9.99721000e-01
8.81740000e+01 1.00242000e+00 1.00007000e+00 3.65231000e-04 1.00080000e+00 9.99704000e-01
8.82788000e+01 1.00183000e+00 1.00005000e+00 3.62700000e-04 1.00078000e+00 9.99690000e-01
8.83835000e+01 1.00123000e+00 1.00004000e+00 3.56234000e-04 1.00075000e+00 9.99679000e-01
8.84882000e+01 1.00061000e+00 1.00002000e+00 3.45922000e-04 1.00071000e+00 9.99671000e-01
8.85929000e+01 9.99994000e-01 1.00000000e+00 3.31894000e-04 1.00066000e+00 9.99668000e-01
8.86976000e+01 9.99378000e-01 9.99982000e-01 3.14318000e-04 1.00061000e+00 9.99667000e-01
8.88024000e+01 9.98771000e-01 9.99964000e-01 2.93402000e-04 1.00055000e+00 9.99671000e-01
8.89071000e+01 9.98180000e-01 9.99947000e-01 2.69387000e-04 1.00049000e+00 9.99678000e-01
8.90118000e+01 9.97612000e-01 9.99931000e-01 2.42549000e-04 1.00042000e+00 9.99688000e-01
8.91165000e+01 9.97073000e-01 9.99915000e-01 2.13192000e-04 1.00034000e+00 9.99702000e-01
8.92212000e+01 9.96568000e-01 9.99901000e-01 1.81647000e-04 1.00026000e+00 9.99719000e-01
8.93260000e+01 9.96104000e-01 9.99887000e-01 1.48265000e-04 1.00018000e+00 9.99739000e-01
8.94307000e+01 9.95684000e-01 9.99875000e-01 1.13417000e-04 1.00010000e+00 9.99762000e-01
8.95354000e+01 9.95315000e-01 9.99865000e-01 7.74885000e-05 1.00002000e+00 9.99787000e-01
8.96401000e+01 9.94998000e-01 9.99855000e-01 4.08744000e-05 9.99937000e-01 9.99815000e-01
8.97448000e+01 9.94739000e-01 9.99848000e-01 3.97490000e-06 9.99856000e-01 9.99844000e-01
8.98495000e+01 9.94538000e-01 9.99842000e-01 -3.28082000e-05 9.99777000e-01 9.99875000e-01
8.99543000e+01 9.94399000e-01 9.99838000e-01 -6.90762000e-05 9.99700000e-01 9.99907000e-01
9.00590000e+01 9.94322000e-01 9.99836000e-01 -1.04438000e-04 9.99627000e-01 9.99941000e-01
9.01637000e+01 9.94309000e-01 9.99836000e-01 -1.38514000e-04 9.99559000e-01 9.99974000e-01
9.02684000e+01 9.94359000e-01 9.99837000e-01 -1.70939000e-04 9.99496000e-01 1.00001000e+00
9.03731000e+01 9.94471000e-01 9.99841000e-01 -2.01370000e-04 9.99438000e-01 1.00004000e+00
9.04779000e+01 9.94644000e-01 9.99846000e-01 -2.29485000e-04 9.99387000e-01 1.00008000e+00
9.05826000e+01 9.94877000e-01 9.99853000e-01 -2.54988000e-04 9.99343000e-01 1.00011000e+00
9.06873000e+01 9.95165000e-01 9.99861000e-01 -2.77615000e-04 9.99306000e-01 1.00014000e+00
9.07920000e+01 9.95507000e-01 9.99871000e-01 -2.97132000e-04 9.99277000e-01 1.00017000e+00
9.08967000e+01 9.95897000e-01 9.99883000e-01 -3.13340000e-04 9.99256000e-01 1.00020000e+00
9.10015000e+01 9.96333000e-01 9.99895000e-01 -3.26078000e-04 9.99243000e-01 1.00022000e+00
9.11062000e+01 9.96808000e-01 9.99909000e-01 -3.35221000e-04 9.99239000e-01 1.00024000e+00
9.12109000e+01 9.97317000e-01 9.99924000e-01 -3.40685000e-04 9.99242000e-01 1.00026000e+00
9.13156000e+01 9.97855000e-01 9.99939000e-01 -3.42427000e-04 9.99255000e-01 1.00028000e+00
9.14203000e+01 9.98416000e-01 9.99956000e-01 -3.40442000e-04 9.99275000e-01 1.00030000e+00
9.15251000e+01 9.98994000e-01 9.99972000e-01 -3.34767000e-04 9.99303000e-01 1.00031000e+00
9.16298000e+01 9.99582000e-01 9.99989000e-01 -3.25478000e-04 9.99338000e-01 1.00031000e+00
9.17345000e+01 1.00017000e+00 1.00001000e+00 -3.12691000e-04 9.99381000e-01 1.00032000e+00
9.18392000e+01 1.00076000e+00 1.00002000e+00 -2.96559000e-04 9.99430000e-01 1.00032000e+00
9.19439000e+01 1.00134000e+00 1.00004000e+00 -2.77270000e-04 9.99485000e-01 1.00032000e+00
9.20487000e+01 1.00190000e+00 1.00006000e+00 -2.55045000e-04 9.99545000e-01 1.00031000e+00
9.21534000e+01 1.00244000e+00 1.00007000e+00 -2.30139000e-04 9.99611000e-01 1.00030000e+00
9.22581000e+01 1.00295000e+00 1.00009000e+00 -2.02831000e-04 9.99680000e-01 1.00029000e+00
9.23628000e+01 1.00343000e+00 1.00010000e+00 -1.73429000e-04 9.99752000e-01 1.00027000e+00
9.24675000e+01 1.00386000e+00 1.00011000e+00 -1.42259000e-04 9.99827000e-01 1.00025000e+00
9.25723000e+01 1.00426000e+00 1.00012000e+00 -1.09668000e-04 9.99903000e-01 1.00023000e+00
9.26770000e+01 1.00460000e+00 1.00013000e+00 -7.60145000e-05 9.99980000e-01 1.00021000e+00
9.27817000e+01 1.00489000e+00 1.00014000e+00 -4.16695000e-05 1.00006000e+00 1.00018000e+00
9.28864000e+01 1.00512000e+00 1.00015000e+00 -7.00877000e-06 1.00013000e+00 1.00015000e+00
9.29911000e+01 1.00530000e+00 1.00015000e+00 2.75896000e-05 1.00021000e+00 1.00012000e+00
9.30959000e+01 1.00542000e+00 1.00016000e+00 6.17496000e-05 1.00028000e+00 1.00009000e+00
9.32006000e+01 1.00547000e+00 1.00016000e+00 9.51016000e-05 1.00035000e+00 1.00006000e+00
9.33053000e+01 1.00546000e+00 1.00016000e+00 1.27286000e-04 1.00041000e+00 1.00003000e+00
9.34100000e+01 1.00540000e+00 1.00015000e+00 1.57957000e-04 1.00047000e+00 9.99997000e-01
9.35147000e+01 1.00527000e+00 1.00015000e+00 1.86787000e-04 1.00052000e+00 9.99964000e-01
9.36195000e+01 1.00508000e+00 1.00015000e+00 2.13470000e-04 1.00057000e+00 9.99932000e-01
9.37242000e+01 1.00483000e+00 1.00014000e+00 2.37724000e-04 1.00061000e+00 9.99901000e-01
9.38289000e+01 1.00454000e+00 1.00013000e+00 2.59295000e-04 1.00065000e+00 9.99871000e-01
9.39336000e+01 1.00419000e+00 1.00012000e+00 2.77959000e-04 1.00068000e+00 9.99842000e-01
9.40383000e+01 1.00379000e+00 1.00011000e+00 2.93524000e-04 1.00070000e+00 9.99815000e-01
9.41431000e+01 1.00336000e+00 1.00010000e+00 3.05834000e-04 1.00071000e+00 9.99790000e-01
9.42478000e+01 1.00288000e+00 1.00008000e+00 3.14768000e-04 1.00071000e+00 9.99768000e-01
9.43525000e+01 1.00238000e+00 1.00007000e+00 3.20242000e-04 1.00071000e+00 9.99748000e-01
9.44572000e+01 1.00185000e+00 1.00005000e+00 3.22211000e-04 1.00070000e+00 9.99731000e-01
9.45619000e+01 1.00131000e+00 1.00004000e+00 3.20668000e-04 1.00068000e+00 9.99717000e-01
9.46667000e+01 1.00075000e+00 1.00002000e+00 3.15644000e-04 1.00065000e+00 9.99706000e-01
9.47714000e+01 1.00018000e+00 1.00001000e+00 3.07208000e-04 1.00062000e+00 9.99698000e-01
9.48761000e+01 9.99616000e-01 9.99989000e-01 2.95464000e-04 1.00058000e+00 9.99693000e-01
9.49808000e+01 9.99057000e-01 9.99973000e-01 2.80556000e-04 1.00053000e+00 9.99692000e-01
9.50855000e+01 9.98510000e-01 9.99957000e-01 2.62657000e-04 1.00048000e+00 9.99694000e-01
9.51903000e+01 9.97982000e-01 9.99942000e-01 2.41975000e-04 1.00043000e+00 9.99700000e-01
9.52950000e+01 9.97478000e-01 9.99927000e-01 2.18745000e-04 1.00036000e+00 9.99709000e-01
9.53997000e+01 9.97004000e-01 9.99914000e-01 1.93231000e-04 1.00030000e+00 9.99720000e-01
9.55044000e+01 9.96565000e-01 9.99901000e-01 1.65718000e-04 1.00023000e+00 9.99735000e-01
9.56091000e+01 9.96165000e-01 9.99889000e-01 1.36515000e-04 1.00016000e+00 9.99753000e-01
9.57139000e+01 9.95810000e-01 9.99879000e-01 1.05945000e-04 1.00009000e+00 9.99773000e-01
9.58186000e+01 9.95503000e-01 9.99870000e-01 7.43449000e-05 1.00002000e+00 9.99796000e-01
9.59233000e+01 9.95246000e-01 9.99863000e-01 4.20629000e-05 9.99947000e-01 9.99821000e-01
9.60280000e+01 9.95043000e-01 9.99857000e-01 9.45196000e-06 9.99876000e-01 9.99847000e-01
9.61327000e+01 9.94895000e-01 9.99853000e-01 -2.31327000e-05 9.99806000e-01 9.99876000e-01
9.62375000e+01 9.94805000e-01 9.99850000e-01 -5.53376000e-05 9.99739000e-01 9.99905000e-01
9.63422000e+01 9.94772000e-01 9.99849000e-01 -8.68147000e-05 9.99676000e-01 9.99936000e-01
9.64469000e+01 9.94798000e-01 9.99850000e-01 -1.17225000e-04 9.99616000e-01 9.99967000e-01
9.65516000e+01 9.94881000e-01 9.99853000e-01 -1.46244000e-04 9.99560000e-01 9.99999000e-01
9.66563000e+01 9.95021000e-01 9.99857000e-01 -1.73561000e-04 9.99510000e-01 1.00003000e+00
9.67611000e+01 9.95216000e-01 9.99862000e-01 -1.98887000e-04 9.99465000e-01 1.00006000e+00
9.68658000e+01 9.95464000e-01 9.99870000e-01 -2.21955000e-04 9.99426000e-01 1.00009000e+00
9.69705000e+01 9.95762000e-01 9.99878000e-01 -2.42524000e-04 9.99393000e-01 1.00012000e+00
9.70752000e+01 9.96106000e-01 9.99888000e-01 -2.60379000e-04 9.99368000e-01 1.00015000e+00
9.71799000e+01 9.96492000e-01 9.99900000e-01 -2.75338000e-04 9.99349000e-01 1.00017000e+00
9.72847000e+01 9.96917000e-01 9.99912000e-01 -2.87250000e-04 9.99337000e-01 1.00020000e+00
9.73894000e+01 9.97376000e-01 9.99925000e-01 -2.95997000e-04 9.99333000e-01 1.00022000e+00
9.74941000e+01 9.97862000e-01 9.99939000e-01 -3.01495000e-04 9.99336000e-01 1.00024000e+00
9.75988000e+01 9.98372000e-01 9.99954000e-01 -3.03698000e-04 9.99347000e-01 1.00026000e+00
9.77035000e+01 9.98899000e-01 9.99969000e-01 -3.02594000e-04 9.99364000e-01 1.00027000e+00
9.78083000e+01 9.99438000e-01 9.99985000e-01 -2.98206000e-04 9.99388000e-01 1.00028000e+00
9.79130000e+01 9.99982000e-01 1.00000000e+00 -2.90596000e-04 9.99419000e-01 1.00029000e+00
9.80177000e+01 1.00052000e+00 1.00002000e+00 -2.79856000e-04 9.99456000e-01 1.00030000e+00
9.81224000e+01 1.00106000e+00 1.00003000e+00 -2.66117000e-04 9.99499000e-01 1.00030000e+00
9.82271000e+01 1.00158000e+00 1.00005000e+00 -2.49536000e-04 9.99547000e-01 1.00030000e+00
9.83319000e+01 1.00209000e+00 1.00006000e+00 -2.30305000e-04 9.99600000e-01 1.00029000e+00
9.84366000e+01 1.00257000e+00 1.00007000e+00 -2.08643000e-04 9.99657000e-01 1.00028000e+00
9.85413000e+01 1.00302000e+00 1.00009000e+00 -1.84793000e-04 9.99718000e-01 1.00027000e+00
9.86460000e+01 1.00344000e+00 1.00010000e+00 -1.59022000e-04 9.99781000e-01 1.00026000e+00
9.87507000e+01 1.00381000e+00 1.00011000e+00 -1.31617000e-04 9.99846000e-01 1.00024000e+00
9.88554000e+01 1.00414000e+00 1.00012000e+00 -1.02882000e-04 9.99913000e-01 1.00022000e+00
9.89602000e+01 1.00443000e+00 1.00013000e+00 -7.31348000e-05 9.99981000e-01 1.00020000e+00
9.90649000e+01 1.00466000e+00 1.00013000e+00 -4.27011000e-05 1.00005000e+00 1.00018000e+00
9.91696000e+01 1.00485000e+00 1.00014000e+00 -1.19146000e-05 1.00012000e+00 1.00015000e+00
9.92743000e+01 1.00497000e+00 1.00014000e+00 1.88885000e-05 1.00018000e+00 1.00012000e+00
9.93790000e+01 1.00504000e+00 1.00014000e+00 4.93735000e-05 1.00024000e+00 1.00010000e+00
9.94838000e+01 1.00506000e+00 1.00014000e+00 7.92098000e-05 1.00030000e+00 1.00007000e+00
9.95885000e+01 1.00501000e+00 1.00014000e+00 1.08075000e-04 1.00036000e+00 1.00004000e+00
9.96932000e+01 1.00491000e+00 1.00014000e+00 1.35660000e-04 1.00041000e+00 1.00001000e+00
9.97979000e+01 1.00476000e+00 1.00014000e+00 1.61668000e-04 1.00046000e+00 9.99975000e-01
9.99026000e+01 1.00455000e+00 1.00013000e+00 1.85822000e-04 1.00050000e+00 9.99945000e-01
1.00007000e+02 1.00429000e+00 1.00012000e+00 2.07867000e-04 1.00054000e+00 9.99915000e-01
1.00112000e+02 1.00398000e+00 1.00011000e+00 2.27570000e-04 1.00057000e+00 9.99887000e-01
1.00217000e+02 1.00363000e+00 1.00010000e+00 2.44726000e-04 1.00059000e+00 9.99860000e-01
1.00322000e+02 1.00324000e+00 1.00009000e+00 2.59156000e-04 1.00061000e+00 9.99834000e-01
1.00426000e+02 1.00282000e+00 1.00008000e+00 2.70716000e-04 1.00062000e+00 9.99810000e-01
1.00531000e+02 1.00236000e+00 1.00007000e+00 2.79289000e-04 1.00063000e+00 9.99789000e-01
1.00636000e+02 1.00188000e+00 1.00005000e+00 2.84793000e-04 1.00062000e+00 9.99769000e-01
1.00740000e+02 1.00138000e+00 1.00004000e+00 2.87179000e-04 1.00061000e+00 9.99753000e-01
1.00845000e+02 1.00086000e+00 1.00002000e+00 2.86434000e-04 1.00060000e+00 9.99739000e-01
1.00950000e+02 1.00034000e+00 1.00001000e+00 2.82578000e-04 1.00058000e+00 9.99727000e-01
1.01055000e+02 9.99817000e-01 9.99995000e-01 2.75663000e-04 1.00055000e+00 9.99719000e-01
1.01159000e+02 9.99296000e-01 9.99980000e-01 2.65777000e-04 1.00051000e+00 9.99714000e-01
1.01264000e+02 9.98784000e-01 9.99965000e-01 2.53037000e-04 1.00047000e+00 9.99712000e-01
1.01369000e+02 9.98288000e-01 9.99951000e-01 2.37594000e-04 1.00043000e+00 9.99713000e-01
1.01473000e+02 9.97812000e-01 9.99937000e-01 2.19625000e-04 1.00038000e+00 9.99717000e-01
1.01578000e+02 9.97362000e-01 9.99924000e-01 1.99335000e-04 1.00032000e+00 9.99725000e-01
1.01683000e+02 9.96942000e-01 9.99912000e-01 1.76952000e-04 1.00027000e+00 9.99735000e-01
1.01788000e+02 9.96558000e-01 9.99901000e-01 1.52729000e-04 1.00021000e+00 9.99748000e-01
1.01892000e+02 9.96214000e-01 9.99891000e-01 1.26934000e-04 1.00014000e+00 9.99764000e-01
1.01997000e+02 9.95912000e-01 9.99882000e-01 9.98548000e-05 1.00008000e+00 9.99782000e-01
1.02102000e+02 9.95657000e-01 9.99875000e-01 7.17889000e-05 1.00002000e+00 9.99803000e-01
1.02206000e+02 9.95450000e-01 9.99869000e-01 4.30450000e-05 9.99955000e-01 9.99826000e-01
1.02311000e+02 9.95295000e-01 9.99864000e-01 1.39376000e-05 9.99892000e-01 9.99850000e-01
1.02416000e+02 9.95192000e-01 9.99861000e-01 -1.52159000e-05 9.99831000e-01 9.99877000e-01
1.02521000e+02 9.95143000e-01 9.99860000e-01 -4.40991000e-05 9.99772000e-01 9.99904000e-01
1.02625000e+02 9.95148000e-01 9.99860000e-01 -7.23994000e-05 9.99715000e-01 9.99933000e-01
1.02730000e+02 9.95207000e-01 9.99862000e-01 -9.98119000e-05 9.99662000e-01 9.99962000e-01
1.02835000e+02 9.95319000e-01 9.99865000e-01 -1.26042000e-04 9.99613000e-01 9.99991000e-01
1.02940000e+02 9.95483000e-01 9.99870000e-01 -1.50811000e-04 9.99568000e-01 1.00002000e+00
1.03044000e+02 9.95697000e-01 9.99876000e-01 -1.73853000e-04 9.99528000e-01 1.00005000e+00
1.03149000e+02 9.95958000e-01 9.99884000e-01 -1.94926000e-04 9.99494000e-01 1.00008000e+00
1.03254000e+02 9.96264000e-01 9.99893000e-01 -2.13807000e-04 9.99465000e-01 1.00011000e+00
1.03358000e+02 9.96611000e-01 9.99903000e-01 -2.30300000e-04 9.99442000e-01 1.00013000e+00
1.03463000e+02 9.96994000e-01 9.99914000e-01 -2.44234000e-04 9.99425000e-01 1.00016000e+00
1.03568000e+02 9.97411000e-01 9.99926000e-01 -2.55467000e-04 9.99415000e-01 1.00018000e+00
1.03673000e+02 9.97856000e-01 9.99939000e-01 -2.63886000e-04 9.99411000e-01 1.00020000e+00
1.03777000e+02 9.98324000e-01 9.99952000e-01 -2.69410000e-04 9.99414000e-01 1.00022000e+00
1.03882000e+02 9.98811000e-01 9.99966000e-01 -2.71988000e-04 9.99422000e-01 1.00024000e+00
1.03987000e+02 9.99310000e-01 9.99981000e-01 -2.71604000e-04 9.99438000e-01 1.00025000e+00
1.04091000e+02 9.99815000e-01 9.99995000e-01 -2.68270000e-04 9.99459000e-01 1.00026000e+00
1.04196000e+02 1.00032000e+00 1.00001000e+00 -2.62033000e-04 9.99486000e-01 1.00027000e+00
1.04301000e+02 1.00083000e+00 1.00002000e+00 -2.52971000e-04 9.99518000e-01 1.00028000e+00
1.04406000e+02 1.00132000e+00 1.00004000e+00 -2.41191000e-04 9.99556000e-01 1.00028000e+00
1.04510000e+02 1.00180000e+00 1.00005000e+00 -2.26830000e-04 9.99598000e-01 1.00028000e+00
1.04615000e+02 1.00225000e+00 1.00007000e+00 -2.10054000e-04 9.99645000e-01 1.00028000e+00
1.04720000e+02 1.00268000e+00 1.00008000e+00 -1.91051000e-04 9.99695000e-01 1.00027000e+00
1.04824000e+02 1.00308000e+00 1.00009000e+00 -1.70037000e-04 9.99749000e-01 1.00026000e+00
1.04929000e+02 1.00345000e+00 1.00010000e+00 -1.47245000e-04 9.99805000e-01 1.00025000e+00
1.05034000e+02 1.00377000e+00 1.00011000e+00 -1.22930000e-04 9.99863000e-01 1.00023000e+00
1.05139000e+02 1.00406000e+00 1.00012000e+00 -9.73596000e-05 9.99922000e-01 1.00021000e+00
1.05243000e+02 1.00429000e+00 1.00012000e+00 -7.08171000e-05 9.99982000e-01 1.00019000e+00
1.05348000e+02 1.00448000e+00 1.00013000e+00 -4.35937000e-05 1.00004000e+00 1.00017000e+00
1.05453000e+02 1.00462000e+00 1.00013000e+00 -1.59877000e-05 1.00010000e+00 1.00015000e+00
1.05558000e+02 1.00470000e+00 1.00013000e+00 1.16997000e-05 1.00016000e+00 1.00012000e+00
1.05662000e+02 1.00473000e+00 1.00014000e+00 3.91672000e-05 1.00021000e+00 1.00010000e+00
1.05767000e+02 1.00471000e+00 1.00013000e+00 6.61169000e-05 1.00027000e+00 1.00007000e+00
1.05872000e+02 1.00463000e+00 1.00013000e+00 9.22574000e-05 1.00032000e+00 1.00004000e+00
1.05976000e+02 1.00451000e+00 1.00013000e+00 1.17307000e-04 1.00036000e+00 1.00001000e+00
1.06081000e+02 1.00433000e+00 1.00012000e+00 1.40998000e-04 1.00041000e+00 9.99983000e-01
1.06186000e+02 1.00410000e+00 1.00012000e+00 1.63076000e-04 1.00044000e+00 9.99955000e-01
1.06291000e+02 1.00383000e+00 1.00011000e+00 1.83307000e-04 1.00048000e+00 9.99927000e-01
1.06395000e+02 1.00352000e+00 1.00010000e+00 2.01477000e-04 1.00050000e+00 9.99900000e-01
1.06500000e+02 1.00317000e+00 1.00009000e+00 2.17395000e-04 1.00053000e+00 9.99874000e-01
1.06605000e+02 1.00278000e+00 1.00008000e+00 2.30896000e-04 1.00054000e+00 9.99849000e-01
1.06709000e+02 1.00236000e+00 1.00007000e+00 2.41842000e-04 1.00055000e+00 9.99826000e-01
1.06814000e+02 1.00192000e+00 1.00006000e+00 2.50121000e-04 1.00056000e+00 9.99805000e-01
1.06919000e+02 1.00146000e+00 1.00004000e+00 2.55654000e-04 1.00055000e+00 9.99786000e-01
1.07024000e+02 1.00098000e+00 1.00003000e+00 2.58388000e-04 1.00055000e+00 9.99770000e-01
1.07128000e+02 1.00049000e+00 1.00001000e+00 2.58305000e-04 1.00053000e+00 9.99756000e-01
1.07233000e+02 1.00000000e+00 1.00000000e+00 2.55414000e-04 1.00051000e+00 9.99745000e-01
