# k S000 S110 S112 S10 S11
1.04720000e-01 1.98647000e-01 -6.21690000e-02 8.53926000e-02 1.08616000e-01 -1.47562000e-01
2.09440000e-01 1.99127000e-01 -6.24702000e-02 8.56761000e-02 1.08882000e-01 -1.48146000e-01
3.14159000e-01 1.99931000e-01 -6.29764000e-02 8.61515000e-02 1.09327000e-01 -1.49128000e-01
4.18879000e-01 2.01061000e-01 -6.36942000e-02 8.68235000e-02 1.09953000e-01 -1.50518000e-01
5.23599000e-01 2.02525000e-01 -6.46331000e-02 8.76984000e-02 1.10764000e-01 -1.52332000e-01
6.28319000e-01 2.04329000e-01 -6.58057000e-02 8.87849000e-02 1.11764000e-01 -1.54591000e-01
7.33038000e-01 2.06482000e-01 -6.72280000e-02 9.00939000e-02 1.12960000e-01 -1.57322000e-01
8.37758000e-01 2.08998000e-01 -6.89202000e-02 9.16388000e-02 1.14357000e-01 -1.60559000e-01
9.42478000e-01 2.11887000e-01 -7.09071000e-02 9.34361000e-02 1.15965000e-01 -1.64343000e-01
1.04720000e+00 2.15166000e-01 -7.32188000e-02 9.55057000e-02 1.17793000e-01 -1.68724000e-01
1.15192000e+00 2.18853000e-01 -7.58921000e-02 9.78713000e-02 1.19850000e-01 -1.73763000e-01
1.25664000e+00 2.22966000e-01 -7.89716000e-02 1.00561000e-01 1.22151000e-01 -1.79533000e-01
1.36136000e+00 2.27529000e-01 -8.25115000e-02 1.03610000e-01 1.24709000e-01 -1.86122000e-01
1.46608000e+00 2.32567000e-01 -8.65782000e-02 1.07059000e-01 1.27540000e-01 -1.93637000e-01
1.57080000e+00 2.38107000e-01 -9.12524000e-02 1.10957000e-01 1.30662000e-01 -2.02210000e-01
1.67552000e+00 2.44180000e-01 -9.66343000e-02 1.15365000e-01 1.34096000e-01 -2.11999000e-01
1.78024000e+00 2.50820000e-01 -1.02848000e-01 1.20356000e-01 1.37863000e-01 -2.23204000e-01
1.88496000e+00 2.58065000e-01 -1.10049000e-01 1.26020000e-01 1.41990000e-01 -2.36069000e-01
1.98968000e+00 2.65957000e-01 -1.18435000e-01 1.32470000e-01 1.46505000e-01 -2.50905000e-01
2.09440000e+00 2.74541000e-01 -1.28258000e-01 1.39849000e-01 1.51440000e-01 -2.68107000e-01
2.19911000e+00 2.83866000e-01 -1.39847000e-01 1.48339000e-01 1.56830000e-01 -2.88186000e-01
2.30383000e+00 2.93986000e-01 -1.53637000e-01 1.58177000e-01 1.62717000e-01 -3.11814000e-01
2.40855000e+00 3.04961000e-01 -1.70213000e-01 1.69678000e-01 1.69143000e-01 -3.39891000e-01
2.51327000e+00 3.16853000e-01 -1.90380000e-01 1.83270000e-01 1.76159000e-01 -3.73650000e-01
2.61799000e+00 3.29732000e-01 -2.15277000e-01 1.99549000e-01 1.83822000e-01 -4.14826000e-01
2.72271000e+00 3.43670000e-01 -2.46562000e-01 2.19377000e-01 1.92193000e-01 -4.65939000e-01
2.82743000e+00 3.58746000e-01 -2.86746000e-01 2.44044000e-01 2.01342000e-01 -5.30790000e-01
2.93215000e+00 3.75043000e-01 -3.39812000e-01 2.75580000e-01 2.11348000e-01 -6.15392000e-01
3.03687000e+00 3.92649000e-01 -4.12469000e-01 3.17384000e-01 2.22299000e-01 -7.29853000e-01
3.14159000e+00 4.11653000e-01 -5.16943000e-01 3.75617000e-01 2.34292000e-01 -8.92561000e-01
3.24631000e+00 4.32149000e-01 -6.78085000e-01 4.62760000e-01 2.47436000e-01 -1.14084000e+00
3.35103000e+00 4.54229000e-01 -9.55248000e-01 6.08551000e-01 2.61853000e-01 -1.56380000e+00
3.45575000e+00 4.77985000e-01 -1.53382000e+00 9.05750000e-01 2.77678000e-01 -2.43957000e+00
3.56047000e+00 5.03503000e-01 -3.43708000e+00 1.86607000e+00 2.95063000e-01 -5.30315000e+00
3.66519000e+00 5.30863000e-01 2.79878000e+01 -1.38368000e+01 3.14174000e-01 4.18247000e+01
3.76991000e+00 5.60129000e-01 3.04939000e+00 -1.35710000e+00 3.35192000e-01 4.40648000e+00
3.87463000e+00 5.91347000e-01 1.70674000e+00 -6.74209000e-01 3.58319000e-01 2.38095000e+00
3.97935000e+00 6.24536000e-01 1.23416000e+00 -4.25193000e-01 3.83771000e-01 1.65935000e+00
4.08407000e+00 6.59681000e-01 9.98047000e-01 -2.93134000e-01 4.11779000e-01 1.29118000e+00
4.18879000e+00 6.96723000e-01 8.60387000e-01 -2.08899000e-01 4.42590000e-01 1.06929000e+00
4.29351000e+00 7.35548000e-01 7.73512000e-01 -1.48529000e-01 4.76454000e-01 9.22041000e-01
4.39823000e+00 7.75980000e-01 7.16608000e-01 -1.01492000e-01 5.13624000e-01 8.18100000e-01
4.50295000e+00 8.17768000e-01 6.79167000e-01 -6.24131000e-02 5.54341000e-01 7.41580000e-01
4.60767000e+00 8.60579000e-01 6.55326000e-01 -2.82541000e-02 5.98818000e-01 6.83580000e-01
4.71239000e+00 9.03994000e-01 6.41560000e-01 2.82943000e-03 6.47219000e-01 6.38730000e-01
4.81711000e+00 9.47510000e-01 6.35613000e-01 3.20079000e-02 6.99629000e-01 6.03605000e-01
4.92183000e+00 9.90540000e-01 6.35955000e-01 6.00332000e-02 7.56022000e-01 5.75922000e-01
5.02655000e+00 1.03243000e+00 6.41474000e-01 8.73688000e-02 8.16212000e-01 5.54106000e-01
5.13127000e+00 1.07250000e+00 6.51297000e-01 1.14258000e-01 8.79814000e-01 5.37039000e-01
5.23599000e+00 1.11001000e+00 6.64673000e-01 1.40759000e-01 9.46192000e-01 5.23914000e-01
5.34071000e+00 1.14430000e+00 6.80898000e-01 1.66763000e-01 1.01442000e+00 5.14135000e-01
5.44543000e+00 1.17472000e+00 6.99264000e-01 1.92006000e-01 1.08328000e+00 5.07258000e-01
5.55015000e+00 1.20073000e+00 7.19042000e-01 2.16088000e-01 1.15122000e+00 5.02953000e-01
5.65487000e+00 1.22194000e+00 7.39470000e-01 2.38498000e-01 1.21647000e+00 5.00972000e-01
5.75959000e+00 1.23810000e+00 7.59781000e-01 2.58652000e-01 1.27709000e+00 5.01129000e-01
5.86431000e+00 1.24911000e+00 7.79238000e-01 2.75948000e-01 1.33113000e+00 5.03290000e-01
5.96903000e+00 1.25507000e+00 7.97184000e-01 2.89823000e-01 1.37683000e+00 5.07361000e-01
6.07375000e+00 1.25620000e+00 8.13099000e-01 2.99820000e-01 1.41274000e+00 5.13279000e-01
6.17847000e+00 1.25287000e+00 8.26645000e-01 3.05637000e-01 1.43792000e+00 5.21008000e-01
6.28319000e+00 1.24555000e+00 8.37694000e-01 3.07161000e-01 1.45202000e+00 5.30532000e-01
6.38791000e+00 1.23477000e+00 8.46327000e-01 3.04471000e-01 1.45527000e+00 5.41856000e-01
6.49262000e+00 1.22109000e+00 8.52816000e-01 2.97818000e-01 1.44845000e+00 5.54997000e-01
6.59734000e+00 1.20508000e+00 8.57577000e-01 2.87592000e-01 1.43276000e+00 5.69986000e-01
6.70206000e+00 1.18731000e+00 8.61124000e-01 2.74265000e-01 1.40965000e+00 5.86859000e-01
6.80678000e+00 1.16827000e+00 8.64010000e-01 2.58349000e-01 1.38071000e+00 6.05661000e-01
6.91150000e+00 1.14846000e+00 8.66783000e-01 2.40345000e-01 1.34747000e+00 6.26437000e-01
7.01622000e+00 1.12827000e+00 8.69953000e-01 2.20722000e-01 1.31140000e+00 6.49230000e-01
7.12094000e+00 1.10806000e+00 8.73965000e-01 1.99889000e-01 1.27374000e+00 6.74076000e-01
7.22566000e+00 1.08814000e+00 8.79189000e-01 1.78194000e-01 1.23558000e+00 7.00995000e-01
7.33038000e+00 1.06876000e+00 8.85911000e-01 1.55921000e-01 1.19775000e+00 7.29990000e-01
7.43510000e+00 1.05010000e+00 8.94334000e-01 1.33300000e-01 1.16093000e+00 7.61033000e-01
7.53982000e+00 1.03234000e+00 9.04577000e-01 1.10517000e-01 1.12561000e+00 7.94059000e-01
7.64454000e+00 1.01559000e+00 9.16680000e-01 8.77254000e-02 1.09213000e+00 8.28955000e-01
7.74926000e+00 9.99932000e-01 9.30607000e-01 6.50588000e-02 1.06072000e+00 8.65548000e-01
7.85398000e+00 9.85436000e-01 9.46243000e-01 4.26441000e-02 1.03153000e+00 9.03598000e-01
7.95870000e+00 9.72138000e-01 9.63396000e-01 2.06105000e-02 1.00462000e+00 9.42785000e-01
8.06342000e+00 9.60063000e-01 9.81802000e-01 -9.01175000e-04 9.80000000e-01 9.82703000e-01
8.16814000e+00 9.49217000e-01 1.00112000e+00 -2.17334000e-02 9.57657000e-01 1.02286000e+00
8.27286000e+00 9.39598000e-01 1.02096000e+00 -4.17083000e-02 9.37543000e-01 1.06267000e+00
8.37758000e+00 9.31195000e-01 1.04085000e+00 -6.06285000e-02 9.19593000e-01 1.10148000e+00
8.48230000e+00 9.23988000e-01 1.06029000e+00 -7.82808000e-02 9.03732000e-01 1.13857000e+00
8.58702000e+00 9.17953000e-01 1.07877000e+00 -9.44439000e-02 8.89881000e-01 1.17321000e+00
8.69174000e+00 9.13061000e-01 1.09576000e+00 -1.08899000e-01 8.77958000e-01 1.20466000e+00
8.79646000e+00 9.09282000e-01 1.11077000e+00 -1.21443000e-01 8.67882000e-01 1.23221000e+00
8.90118000e+00 9.06579000e-01 1.12338000e+00 -1.31901000e-01 8.59575000e-01 1.25528000e+00
9.00590000e+00 9.04917000e-01 1.13324000e+00 -1.40141000e-01 8.52962000e-01 1.27339000e+00
9.11062000e+00 9.04256000e-01 1.14014000e+00 -1.46084000e-01 8.47969000e-01 1.28622000e+00
9.21534000e+00 9.04554000e-01 1.14395000e+00 -1.49708000e-01 8.44530000e-01 1.29365000e+00
9.32006000e+00 9.05768000e-01 1.14469000e+00 -1.51054000e-01 8.42579000e-01 1.29574000e+00
9.42478000e+00 9.07853000e-01 1.14249000e+00 -1.50220000e-01 8.42055000e-01 1.29271000e+00
9.52950000e+00 9.10761000e-01 1.13761000e+00 -1.47354000e-01 8.42897000e-01 1.28496000e+00
9.63422000e+00 9.14441000e-01 1.13034000e+00 -1.42645000e-01 8.45050000e-01 1.27298000e+00
9.73894000e+00 9.18840000e-01 1.12107000e+00 -1.36307000e-01 8.48455000e-01 1.25738000e+00
9.84366000e+00 9.23901000e-01 1.11020000e+00 -1.28571000e-01 8.53057000e-01 1.23877000e+00
9.94838000e+00 9.29564000e-01 1.09814000e+00 -1.19672000e-01 8.58797000e-01 1.21781000e+00
1.00531000e+01 9.35766000e-01 1.08529000e+00 -1.09837000e-01 8.65615000e-01 1.19513000e+00
1.01578000e+01 9.42440000e-01 1.07201000e+00 -9.92825000e-02 8.73448000e-01 1.17130000e+00
1.02625000e+01 9.49516000e-01 1.05864000e+00 -8.82060000e-02 8.82229000e-01 1.14685000e+00
1.03673000e+01 9.56921000e-01 1.04546000e+00 -7.67856000e-02 8.91885000e-01 1.12224000e+00
1.04720000e+01 9.64575000e-01 1.03270000e+00 -6.51787000e-02 9.02338000e-01 1.09787000e+00
1.05767000e+01 9.72401000e-01 1.02055000e+00 -5.35228000e-02 9.13501000e-01 1.07407000e+00
1.06814000e+01 9.80314000e-01 1.00916000e+00 -4.19375000e-02 9.25280000e-01 1.05109000e+00
1.07861000e+01 9.88233000e-01 9.98627000e-01 -3.05263000e-02 9.37575000e-01 1.02915000e+00
1.08909000e+01 9.96070000e-01 9.89031000e-01 -1.93791000e-02 9.50273000e-01 1.00841000e+00
1.09956000e+01 1.00374000e+00 9.80405000e-01 -8.57504000e-03 9.63255000e-01 9.88981000e-01
1.11003000e+01 1.01117000e+00 9.72763000e-01 1.81612000e-03 9.76395000e-01 9.70947000e-01
1.12050000e+01 1.01826000e+00 9.66095000e-01 1.17315000e-02 9.89558000e-01 9.54363000e-01
1.13097000e+01 1.02495000e+00 9.60374000e-01 2.11140000e-02 1.00260000e+00 9.39260000e-01
1.14145000e+01 1.03115000e+00 9.55561000e-01 2.99111000e-02 1.01538000e+00 9.25650000e-01
1.15192000e+01 1.03682000e+00 9.51606000e-01 3.80743000e-02 1.02775000e+00 9.13532000e-01
1.16239000e+01 1.04187000e+00 9.48452000e-01 4.55588000e-02 1.03957000e+00 9.02893000e-01
1.17286000e+01 1.04628000e+00 9.46037000e-01 5.23237000e-02 1.05068000e+00 8.93714000e-01
1.18333000e+01 1.05000000e+00 9.44300000e-01 5.83324000e-02 1.06096000e+00 8.85968000e-01
1.19381000e+01 1.05299000e+00 9.43178000e-01 6.35528000e-02 1.07028000e+00 8.79625000e-01
1.20428000e+01 1.05525000e+00 9.42612000e-01 6.79586000e-02 1.07853000e+00 8.74653000e-01
1.21475000e+01 1.05675000e+00 9.42547000e-01 7.15294000e-02 1.08561000e+00 8.71017000e-01
1.22522000e+01 1.05752000e+00 9.42932000e-01 7.42519000e-02 1.09144000e+00 8.68680000e-01
1.23569000e+01 1.05756000e+00 9.43725000e-01 7.61203000e-02 1.09597000e+00 8.67604000e-01
1.24617000e+01 1.05689000e+00 9.44888000e-01 7.71368000e-02 1.09916000e+00 8.67751000e-01
1.25664000e+01 1.05556000e+00 9.46391000e-01 7.73120000e-02 1.10102000e+00 8.69079000e-01
1.26711000e+01 1.05360000e+00 9.48212000e-01 7.66646000e-02 1.10154000e+00 8.71547000e-01
1.27758000e+01 1.05106000e+00 9.50333000e-01 7.52217000e-02 1.10078000e+00 8.75111000e-01
1.28805000e+01 1.04800000e+00 9.52741000e-01 7.30181000e-02 1.09878000e+00 8.79723000e-01
1.29852000e+01 1.04448000e+00 9.55430000e-01 7.00960000e-02 1.09562000e+00 8.85334000e-01
1.30900000e+01 1.04056000e+00 9.58393000e-01 6.65040000e-02 1.09140000e+00 8.91889000e-01
1.31947000e+01 1.03631000e+00 9.61626000e-01 6.22967000e-02 1.08622000e+00 8.99329000e-01
1.32994000e+01 1.03179000e+00 9.65124000e-01 5.75337000e-02 1.08019000e+00 9.07590000e-01
1.34041000e+01 1.02707000e+00 9.68881000e-01 5.22788000e-02 1.07344000e+00 9.16602000e-01
1.35088000e+01 1.02222000e+00 9.72885000e-01 4.65990000e-02 1.06608000e+00 9.26286000e-01
1.36136000e+01 1.01729000e+00 9.77123000e-01 4.05642000e-02 1.05825000e+00 9.36559000e-01
1.37183000e+01 1.01235000e+00 9.81574000e-01 3.42459000e-02 1.05007000e+00 9.47328000e-01
1.38230000e+01 1.00746000e+00 9.86209000e-01 2.77173000e-02 1.04164000e+00 9.58492000e-01
1.39277000e+01 1.00266000e+00 9.90996000e-01 2.10520000e-02 1.03310000e+00 9.69944000e-01
1.40324000e+01 9.98000000e-01 9.95891000e-01 1.43239000e-02 1.02454000e+00 9.81568000e-01
1.41372000e+01 9.93534000e-01 1.00085000e+00 7.60627000e-03 1.01606000e+00 9.93241000e-01
1.42419000e+01 9.89297000e-01 1.00581000e+00 9.71655000e-04 1.00775000e+00 1.00484000e+00
1.43466000e+01 9.85324000e-01 1.01071000e+00 -5.50914000e-03 9.99695000e-01 1.01622000e+00
1.44513000e+01 9.81647000e-01 1.01550000e+00 -1.17675000e-02 9.91962000e-01 1.02726000e+00
1.45560000e+01 9.78292000e-01 1.02009000e+00 -1.77379000e-02 9.84616000e-01 1.03783000e+00
1.46608000e+01 9.75280000e-01 1.02443000e+00 -2.33583000e-02 9.77711000e-01 1.04779000e+00
1.47655000e+01 9.72629000e-01 1.02844000e+00 -2.85715000e-02 9.71295000e-01 1.05701000e+00
1.48702000e+01 9.70354000e-01 1.03206000e+00 -3.33254000e-02 9.65406000e-01 1.06538000e+00
1.49749000e+01 9.68464000e-01 1.03523000e+00 -3.75743000e-02 9.60077000e-01 1.07280000e+00
1.50796000e+01 9.66965000e-01 1.03789000e+00 -4.12793000e-02 9.55332000e-01 1.07917000e+00
1.51844000e+01 9.65860000e-01 1.04001000e+00 -4.44093000e-02 9.51192000e-01 1.08442000e+00
1.52891000e+01 9.65147000e-01 1.04155000e+00 -4.69412000e-02 9.47670000e-01 1.08849000e+00
1.53938000e+01 9.64822000e-01 1.04250000e+00 -4.88605000e-02 9.44774000e-01 1.09136000e+00
1.54985000e+01 9.64878000e-01 1.04283000e+00 -5.01612000e-02 9.42508000e-01 1.09299000e+00
1.56032000e+01 9.65305000e-01 1.04256000e+00 -5.08460000e-02 9.40872000e-01 1.09341000e+00
1.57080000e+01 9.66088000e-01 1.04171000e+00 -5.09258000e-02 9.39860000e-01 1.09264000e+00
1.58127000e+01 9.67212000e-01 1.04030000e+00 -5.04195000e-02 9.39463000e-01 1.09072000e+00
1.59174000e+01 9.68657000e-01 1.03837000e+00 -4.93530000e-02 9.39669000e-01 1.08773000e+00
1.60221000e+01 9.70404000e-01 1.03598000e+00 -4.77584000e-02 9.40460000e-01 1.08374000e+00
1.61268000e+01 9.72427000e-01 1.03316000e+00 -4.56736000e-02 9.41817000e-01 1.07884000e+00
1.62316000e+01 9.74701000e-01 1.03000000e+00 -4.31406000e-02 9.43717000e-01 1.07314000e+00
1.63363000e+01 9.77199000e-01 1.02654000e+00 -4.02051000e-02 9.46131000e-01 1.06675000e+00
1.64410000e+01 9.79891000e-01 1.02286000e+00 -3.69153000e-02 9.49031000e-01 1.05978000e+00
1.65457000e+01 9.82745000e-01 1.01902000e+00 -3.33211000e-02 9.52383000e-01 1.05235000e+00
1.66504000e+01 9.85729000e-01 1.01509000e+00 -2.94731000e-02 9.56149000e-01 1.04457000e+00
1.67552000e+01 9.88809000e-01 1.01113000e+00 -2.54221000e-02 9.60289000e-01 1.03656000e+00
1.68599000e+01 9.91952000e-01 1.00720000e+00 -2.12186000e-02 9.64761000e-01 1.02842000e+00
1.69646000e+01 9.95121000e-01 1.00334000e+00 -1.69119000e-02 9.69518000e-01 1.02025000e+00
1.70693000e+01 9.98283000e-01 9.99611000e-01 -1.25500000e-02 9.74511000e-01 1.01216000e+00
1.71740000e+01 1.00140000e+00 9.96049000e-01 -8.17931000e-03 9.79690000e-01 1.00423000e+00
1.72788000e+01 1.00445000e+00 9.92689000e-01 -3.84407000e-03 9.85001000e-01 9.96533000e-01
1.73835000e+01 1.00738000e+00 9.89561000e-01 4.13430000e-04 9.90388000e-01 9.89148000e-01
1.74882000e+01 1.01017000e+00 9.86689000e-01 4.55327000e-03 9.95795000e-01 9.82135000e-01
1.75929000e+01 1.01279000e+00 9.84090000e-01 8.53794000e-03 1.00117000e+00 9.75552000e-01
1.76976000e+01 1.01522000e+00 9.81776000e-01 1.23325000e-02 1.00644000e+00 9.69444000e-01
1.78024000e+01 1.01742000e+00 9.79757000e-01 1.59045000e-02 1.01157000e+00 9.63853000e-01
1.79071000e+01 1.01938000e+00 9.78036000e-01 1.92244000e-02 1.01648000e+00 9.58811000e-01
1.80118000e+01 1.02107000e+00 9.76612000e-01 2.22656000e-02 1.02114000e+00 9.54346000e-01
1.81165000e+01 1.02249000e+00 9.75483000e-01 2.50042000e-02 1.02549000e+00 9.50479000e-01
1.82212000e+01 1.02362000e+00 9.74644000e-01 2.74197000e-02 1.02948000e+00 9.47224000e-01
1.83260000e+01 1.02445000e+00 9.74086000e-01 2.94948000e-02 1.03308000e+00 9.44591000e-01
1.84307000e+01 1.02498000e+00 9.73801000e-01 3.12153000e-02 1.03623000e+00 9.42585000e-01
1.85354000e+01 1.02521000e+00 9.73777000e-01 3.25708000e-02 1.03892000e+00 9.41207000e-01
1.86401000e+01 1.02514000e+00 9.74005000e-01 3.35544000e-02 1.04111000e+00 9.40451000e-01
1.87448000e+01 1.02478000e+00 9.74472000e-01 3.41628000e-02 1.04280000e+00 9.40309000e-01
1.88496000e+01 1.02414000e+00 9.75166000e-01 3.43964000e-02 1.04396000e+00 9.40770000e-01
1.89543000e+01 1.02324000e+00 9.76075000e-01 3.42593000e-02 1.04459000e+00 9.41815000e-01
1.90590000e+01 1.02210000e+00 9.77186000e-01 3.37591000e-02 1.04470000e+00 9.43426000e-01
1.91637000e+01 1.02072000e+00 9.78486000e-01 3.29073000e-02 1.04430000e+00 9.45578000e-01
1.92684000e+01 1.01914000e+00 9.79962000e-01 3.17187000e-02 1.04340000e+00 9.48244000e-01
1.93732000e+01 1.01738000e+00 9.81602000e-01 3.02111000e-02 1.04202000e+00 9.51391000e-01
1.94779000e+01 1.01546000e+00 9.83391000e-01 2.84059000e-02 1.04020000e+00 9.54985000e-01
1.95826000e+01 1.01342000e+00 9.85314000e-01 2.63271000e-02 1.03797000e+00 9.58987000e-01
1.96873000e+01 1.01126000e+00 9.87357000e-01 2.40012000e-02 1.03536000e+00 9.63356000e-01
1.97920000e+01 1.00904000e+00 9.89502000e-01 2.14572000e-02 1.03242000e+00 9.68044000e-01
1.98968000e+01 1.00676000e+00 9.91731000e-01 1.87259000e-02 1.02918000e+00 9.73005000e-01
2.00015000e+01 1.00447000e+00 9.94026000e-01 1.58399000e-02 1.02571000e+00 9.78186000e-01
2.01062000e+01 1.00218000e+00 9.96365000e-01 1.28329000e-02 1.02203000e+00 9.83532000e-01
2.02109000e+01 9.99914000e-01 9.98728000e-01 9.73977000e-03 1.01821000e+00 9.88988000e-01
2.03156000e+01 9.97706000e-01 1.00109000e+00 6.59567000e-03 1.01428000e+00 9.94495000e-01
2.04204000e+01 9.95576000e-01 1.00343000e+00 3.43604000e-03 1.01030000e+00 9.99992000e-01
2.05251000e+01 9.93543000e-01 1.00572000e+00 2.96062000e-04 1.00631000e+00 1.00542000e+00
2.06298000e+01 9.91628000e-01 1.00793000e+00 -2.78973000e-03 1.00235000e+00 1.01072000e+00
2.07345000e+01 9.89848000e-01 1.01004000e+00 -5.78781000e-03 9.98466000e-01 1.01583000e+00
2.08392000e+01 9.88219000e-01 1.01203000e+00 -8.66607000e-03 9.94695000e-01 1.02069000e+00
2.09440000e+01 9.86754000e-01 1.01386000e+00 -1.13942000e-02 9.91072000e-01 1.02525000e+00
2.10487000e+01 9.85465000e-01 1.01552000e+00 -1.39440000e-02 9.87632000e-01 1.02946000e+00
2.11534000e+01 9.84362000e-01 1.01698000e+00 -1.62898000e-02 9.84402000e-01 1.03327000e+00
2.12581000e+01 9.83451000e-01 1.01823000e+00 -1.84087000e-02 9.81411000e-01 1.03664000e+00
2.13628000e+01 9.82739000e-01 1.01924000e+00 -2.02809000e-02 9.78681000e-01 1.03952000e+00
2.14675000e+01 9.82228000e-01 1.02001000e+00 -2.18897000e-02 9.76233000e-01 1.04190000e+00
2.15723000e+01 9.81920000e-01 1.02053000e+00 -2.32221000e-02 9.74083000e-01 1.04375000e+00
2.16770000e+01 9.81814000e-01 1.02078000e+00 -2.42686000e-02 9.72246000e-01 1.04505000e+00
2.17817000e+01 9.81907000e-01 1.02078000e+00 -2.50232000e-02 9.70730000e-01 1.04580000e+00
2.18864000e+01 9.82195000e-01 1.02051000e+00 -2.54837000e-02 9.69545000e-01 1.04600000e+00
2.19911000e+01 9.82671000e-01 1.02000000e+00 -2.56513000e-02 9.68693000e-01 1.04565000e+00
2.20959000e+01 9.83326000e-01 1.01924000e+00 -2.55309000e-02 9.68177000e-01 1.04477000e+00
2.22006000e+01 9.84152000e-01 1.01826000e+00 -2.51304000e-02 9.67994000e-01 1.04339000e+00
2.23053000e+01 9.85136000e-01 1.01706000e+00 -2.44609000e-02 9.68141000e-01 1.04152000e+00
2.24100000e+01 9.86266000e-01 1.01568000e+00 -2.35363000e-02 9.68611000e-01 1.03922000e+00
2.25147000e+01 9.87527000e-01 1.01414000e+00 -2.23730000e-02 9.69393000e-01 1.03651000e+00
2.26195000e+01 9.88905000e-01 1.01245000e+00 -2.09896000e-02 9.70476000e-01 1.03344000e+00
2.27242000e+01 9.90383000e-01 1.01066000e+00 -1.94066000e-02 9.71844000e-01 1.03006000e+00
2.28289000e+01 9.91943000e-01 1.00877000e+00 -1.76461000e-02 9.73481000e-01 1.02642000e+00
2.29336000e+01 9.93568000e-01 1.00683000e+00 -1.57313000e-02 9.75367000e-01 1.02256000e+00
2.30383000e+01 9.95240000e-01 1.00485000e+00 -1.36866000e-02 9.77481000e-01 1.01854000e+00
2.31431000e+01 9.96938000e-01 1.00287000e+00 -1.15366000e-02 9.79799000e-01 1.01441000e+00
2.32478000e+01 9.98646000e-01 1.00091000e+00 -9.30670000e-03 9.82297000e-01 1.01022000e+00
2.33525000e+01 1.00034000e+00 9.98990000e-01 -7.02204000e-03 9.84946000e-01 1.00601000e+00
2.34572000e+01 1.00201000e+00 9.97135000e-01 -4.70775000e-03 9.87720000e-01 1.00184000e+00
2.35619000e+01 1.00363000e+00 9.95365000e-01 -2.38855000e-03 9.90588000e-01 9.97753000e-01
2.36667000e+01 1.00518000e+00 9.93697000e-01 -8.85339000e-05 9.93520000e-01 9.93785000e-01
2.37714000e+01 1.00666000e+00 9.92146000e-01 2.16895000e-03 9.96484000e-01 9.89977000e-01
2.38761000e+01 1.00803000e+00 9.90727000e-01 4.36155000e-03 9.99450000e-01 9.86366000e-01
2.39808000e+01 1.00930000e+00 9.89450000e-01 6.46798000e-03 1.00239000e+00 9.82982000e-01
2.40855000e+01 1.01044000e+00 9.88323000e-01 8.46828000e-03 1.00526000e+00 9.79855000e-01
2.41903000e+01 1.01144000e+00 9.87354000e-01 1.03438000e-02 1.00804000e+00 9.77010000e-01
2.42950000e+01 1.01230000e+00 9.86547000e-01 1.20776000e-02 1.01070000e+00 9.74469000e-01
2.43997000e+01 1.01300000e+00 9.85904000e-01 1.36541000e-02 1.01321000e+00 9.72250000e-01
2.45044000e+01 1.01355000e+00 9.85427000e-01 1.50597000e-02 1.01555000e+00 9.70367000e-01
2.46091000e+01 1.01393000e+00 9.85114000e-01 1.62826000e-02 1.01768000e+00 9.68831000e-01
2.47139000e+01 1.01415000e+00 9.84964000e-01 1.73129000e-02 1.01959000e+00 9.67651000e-01
2.48186000e+01 1.01421000e+00 9.84972000e-01 1.81428000e-02 1.02126000e+00 9.66830000e-01
2.49233000e+01 1.01410000e+00 9.85136000e-01 1.87665000e-02 1.02267000e+00 9.66369000e-01
2.50280000e+01 1.01383000e+00 9.85447000e-01 1.91802000e-02 1.02381000e+00 9.66267000e-01
2.51327000e+01 1.01341000e+00 9.85902000e-01 1.93826000e-02 1.02467000e+00 9.66519000e-01
2.52375000e+01 1.01284000e+00 9.86491000e-01 1.93743000e-02 1.02524000e+00 9.67116000e-01
2.53422000e+01 1.01214000e+00 9.87206000e-01 1.91581000e-02 1.02552000e+00 9.68048000e-01
2.54469000e+01 1.01132000e+00 9.88040000e-01 1.87389000e-02 1.02552000e+00 9.69301000e-01
2.55516000e+01 1.01038000e+00 9.88982000e-01 1.81238000e-02 1.02523000e+00 9.70858000e-01
2.56563000e+01 1.00933000e+00 9.90023000e-01 1.73217000e-02 1.02467000e+00 9.72701000e-01
2.57611000e+01 1.00820000e+00 9.91151000e-01 1.63437000e-02 1.02384000e+00 9.74807000e-01
2.58658000e+01 1.00700000e+00 9.92356000e-01 1.52022000e-02 1.02276000e+00 9.77154000e-01
2.59705000e+01 1.00574000e+00 9.93625000e-01 1.39117000e-02 1.02145000e+00 9.79714000e-01
2.60752000e+01 1.00444000e+00 9.94947000e-01 1.24880000e-02 1.01992000e+00 9.82459000e-01
2.61799000e+01 1.00311000e+00 9.96309000e-01 1.09482000e-02 1.01821000e+00 9.85361000e-01
2.62847000e+01 1.00177000e+00 9.97697000e-01 9.31047000e-03 1.01632000e+00 9.88387000e-01
2.63894000e+01 1.00044000e+00 9.99098000e-01 7.59394000e-03 1.01429000e+00 9.91504000e-01
2.64941000e+01 9.99118000e-01 1.00050000e+00 5.81844000e-03 1.01213000e+00 9.94679000e-01
2.65988000e+01 9.97832000e-01 1.00188000e+00 4.00423000e-03 1.00989000e+00 9.97877000e-01
2.67035000e+01 9.96592000e-01 1.00323000e+00 2.17183000e-03 1.00758000e+00 1.00106000e+00
2.68083000e+01 9.95411000e-01 1.00454000e+00 3.41726000e-04 1.00523000e+00 1.00420000e+00
2.69130000e+01 9.94300000e-01 1.00579000e+00 -1.46582000e-03 1.00286000e+00 1.00726000e+00
2.70177000e+01 9.93271000e-01 1.00697000e+00 -3.23104000e-03 1.00051000e+00 1.01020000e+00
2.71224000e+01 9.92333000e-01 1.00806000e+00 -4.93486000e-03 9.98190000e-01 1.01299000e+00
2.72271000e+01 9.91494000e-01 1.00905000e+00 -6.55915000e-03 9.95933000e-01 1.01561000e+00
2.73319000e+01 9.90763000e-01 1.00993000e+00 -8.08690000e-03 9.93759000e-01 1.01802000e+00
2.74366000e+01 9.90144000e-01 1.01069000e+00 -9.50244000e-03 9.91689000e-01 1.02020000e+00
2.75413000e+01 9.89643000e-01 1.01133000e+00 -1.07916000e-02 9.89742000e-01 1.02212000e+00
2.76460000e+01 9.89264000e-01 1.01182000e+00 -1.19419000e-02 9.87936000e-01 1.02376000e+00
2.77507000e+01 9.89008000e-01 1.01217000e+00 -1.29427000e-02 9.86286000e-01 1.02511000e+00
2.78555000e+01 9.88876000e-01 1.01238000e+00 -1.37850000e-02 9.84806000e-01 1.02616000e+00
2.79602000e+01 9.88868000e-01 1.01243000e+00 -1.44621000e-02 9.83509000e-01 1.02690000e+00
2.80649000e+01 9.88982000e-01 1.01234000e+00 -1.49692000e-02 9.82404000e-01 1.02731000e+00
2.81696000e+01 9.89215000e-01 1.01211000e+00 -1.53035000e-02 9.81499000e-01 1.02741000e+00
2.82743000e+01 9.89563000e-01 1.01173000e+00 -1.54642000e-02 9.80799000e-01 1.02719000e+00
2.83791000e+01 9.90022000e-01 1.01121000e+00 -1.54526000e-02 9.80310000e-01 1.02667000e+00
2.84838000e+01 9.90583000e-01 1.01058000e+00 -1.52718000e-02 9.80032000e-01 1.02585000e+00
2.85885000e+01 9.91241000e-01 1.00982000e+00 -1.49270000e-02 9.79964000e-01 1.02475000e+00
2.86932000e+01 9.91986000e-01 1.00896000e+00 -1.44247000e-02 9.80106000e-01 1.02338000e+00
2.87979000e+01 9.92810000e-01 1.00800000e+00 -1.37734000e-02 9.80453000e-01 1.02177000e+00
2.89027000e+01 9.93704000e-01 1.00696000e+00 -1.29829000e-02 9.80998000e-01 1.01995000e+00
2.90074000e+01 9.94655000e-01 1.00586000e+00 -1.20642000e-02 9.81734000e-01 1.01793000e+00
2.91121000e+01 9.95654000e-01 1.00471000e+00 -1.10296000e-02 9.82652000e-01 1.01574000e+00
2.92168000e+01 9.96688000e-01 1.00352000e+00 -9.89237000e-03 9.83740000e-01 1.01342000e+00
2.93215000e+01 9.97747000e-01 1.00232000e+00 -8.66646000e-03 9.84986000e-01 1.01099000e+00
2.94263000e+01 9.98818000e-01 1.00111000e+00 -7.36652000e-03 9.86375000e-01 1.00847000e+00
2.95310000e+01 9.99889000e-01 9.99907000e-01 -6.00765000e-03 9.87892000e-01 1.00591000e+00
2.96357000e+01 1.00095000e+00 9.98731000e-01 -4.60525000e-03 9.89520000e-01 1.00334000e+00
2.97404000e+01 1.00198000e+00 9.97592000e-01 -3.17485000e-03 9.91242000e-01 1.00077000e+00
2.98451000e+01 1.00299000e+00 9.96503000e-01 -1.73195000e-03 9.93039000e-01 9.98235000e-01
2.99498000e+01 1.00394000e+00 9.95475000e-01 -2.91901000e-04 9.94892000e-01 9.95767000e-01
3.00546000e+01 1.00484000e+00 9.94519000e-01 1.13026000e-03 9.96780000e-01 9.93389000e-01
3.01593000e+01 1.00568000e+00 9.93644000e-01 2.51994000e-03 9.98684000e-01 9.91124000e-01
3.02640000e+01 1.00644000e+00 9.92857000e-01 3.86310000e-03 1.00058000e+00 9.88994000e-01
3.03687000e+01 1.00711000e+00 9.92164000e-01 5.14640000e-03 1.00246000e+00 9.87018000e-01
3.04734000e+01 1.00770000e+00 9.91571000e-01 6.35726000e-03 1.00429000e+00 9.85214000e-01
3.05782000e+01 1.00820000e+00 9.91082000e-01 7.48405000e-03 1.00605000e+00 9.83598000e-01
3.06829000e+01 1.00860000e+00 9.90700000e-01 8.51607000e-03 1.00773000e+00 9.82184000e-01
3.07876000e+01 1.00889000e+00 9.90425000e-01 9.44375000e-03 1.00931000e+00 9.80981000e-01
3.08923000e+01 1.00908000e+00 9.90259000e-01 1.02586000e-02 1.01078000e+00 9.80000000e-01
3.09970000e+01 1.00917000e+00 9.90199000e-01 1.09536000e-02 1.01211000e+00 9.79246000e-01
3.11018000e+01 1.00915000e+00 9.90246000e-01 1.15226000e-02 1.01329000e+00 9.78723000e-01
3.12065000e+01 1.00903000e+00 9.90395000e-01 1.19611000e-02 1.01432000e+00 9.78434000e-01
3.13112000e+01 1.00881000e+00 9.90644000e-01 1.22660000e-02 1.01518000e+00 9.78378000e-01
3.14159000e+01 1.00849000e+00 9.90988000e-01 1.24354000e-02 1.01586000e+00 9.78553000e-01
3.15206000e+01 1.00808000e+00 9.91422000e-01 1.24691000e-02 1.01636000e+00 9.78953000e-01
3.16254000e+01 1.00758000e+00 9.91940000e-01 1.23679000e-02 1.01668000e+00 9.79572000e-01
3.17301000e+01 1.00701000e+00 9.92536000e-01 1.21345000e-02 1.01681000e+00 9.80402000e-01
3.18348000e+01 1.00636000e+00 9.93203000e-01 1.17726000e-02 1.01675000e+00 9.81431000e-01
3.19395000e+01 1.00565000e+00 9.93934000e-01 1.12874000e-02 1.01651000e+00 9.82646000e-01
3.20442000e+01 1.00489000e+00 9.94720000e-01 1.06854000e-02 1.01609000e+00 9.84034000e-01
3.21490000e+01 1.00408000e+00 9.95553000e-01 9.97431000e-03 1.01550000e+00 9.85579000e-01
3.22537000e+01 1.00324000e+00 9.96425000e-01 9.16285000e-03 1.01475000e+00 9.87262000e-01
3.23584000e+01 1.00237000e+00 9.97326000e-01 8.26089000e-03 1.01385000e+00 9.89065000e-01
3.24631000e+01 1.00149000e+00 9.98247000e-01 7.27916000e-03 1.01281000e+00 9.90968000e-01
3.25678000e+01 1.00061000e+00 9.99179000e-01 6.22919000e-03 1.01164000e+00 9.92950000e-01
3.26726000e+01 9.99728000e-01 1.00011000e+00 5.12319000e-03 1.01036000e+00 9.94990000e-01
3.27773000e+01 9.98862000e-01 1.00104000e+00 3.97388000e-03 1.00899000e+00 9.97064000e-01
3.28820000e+01 9.98021000e-01 1.00194000e+00 2.79434000e-03 1.00753000e+00 9.99150000e-01
3.29867000e+01 9.97214000e-01 1.00282000e+00 1.59791000e-03 1.00602000e+00 1.00123000e+00
3.30914000e+01 9.96448000e-01 1.00367000e+00 3.97973000e-04 1.00446000e+00 1.00327000e+00
3.31962000e+01 9.95731000e-01 1.00446000e+00 -7.92176000e-04 1.00288000e+00 1.00525000e+00
3.33009000e+01 9.95071000e-01 1.00520000e+00 -1.95947000e-03 1.00128000e+00 1.00716000e+00
3.34056000e+01 9.94474000e-01 1.00588000e+00 -3.09124000e-03 9.99697000e-01 1.00897000e+00
3.35103000e+01 9.93946000e-01 1.00649000e+00 -4.17535000e-03 9.98137000e-01 1.01066000e+00
3.36150000e+01 9.93491000e-01 1.00702000e+00 -5.20035000e-03 9.96617000e-01 1.01222000e+00
3.37198000e+01 9.93114000e-01 1.00746000e+00 -6.15558000e-03 9.95153000e-01 1.01362000e+00
3.38245000e+01 9.92817000e-01 1.00782000e+00 -7.03130000e-03 9.93761000e-01 1.01485000e+00
3.39292000e+01 9.92603000e-01 1.00809000e+00 -7.81881000e-03 9.92452000e-01 1.01591000e+00
3.40339000e+01 9.92474000e-01 1.00826000e+00 -8.51053000e-03 9.91241000e-01 1.01677000e+00
3.41386000e+01 9.92428000e-01 1.00834000e+00 -9.10003000e-03 9.90138000e-01 1.01744000e+00
3.42434000e+01 9.92467000e-01 1.00832000e+00 -9.58219000e-03 9.89152000e-01 1.01790000e+00
3.43481000e+01 9.92588000e-01 1.00820000e+00 -9.95312000e-03 9.88292000e-01 1.01815000e+00
3.44528000e+01 9.92790000e-01 1.00799000e+00 -1.02103000e-02 9.87567000e-01 1.01820000e+00
3.45575000e+01 9.93069000e-01 1.00768000e+00 -1.03524000e-02 9.86980000e-01 1.01804000e+00
3.46622000e+01 9.93421000e-01 1.00730000e+00 -1.03796000e-02 9.86537000e-01 1.01768000e+00
3.47670000e+01 9.93843000e-01 1.00683000e+00 -1.02932000e-02 9.86240000e-01 1.01712000e+00
3.48717000e+01 9.94327000e-01 1.00628000e+00 -1.00958000e-02 9.86090000e-01 1.01638000e+00
3.49764000e+01 9.94869000e-01 1.00567000e+00 -9.79110000e-03 9.86088000e-01 1.01546000e+00
3.50811000e+01 9.95463000e-01 1.00500000e+00 -9.38404000e-03 9.86233000e-01 1.01438000e+00
3.51858000e+01 9.96100000e-01 1.00428000e+00 -8.88049000e-03 9.86520000e-01 1.01316000e+00
3.52906000e+01 9.96774000e-01 1.00352000e+00 -8.28731000e-03 9.86945000e-01 1.01181000e+00
3.53953000e+01 9.97477000e-01 1.00273000e+00 -7.61218000e-03 9.87504000e-01 1.01034000e+00
3.55000000e+01 9.98201000e-01 1.00192000e+00 -6.86353000e-03 9.88189000e-01 1.00878000e+00
3.56047000e+01 9.98938000e-01 1.00109000e+00 -6.05042000e-03 9.88992000e-01 1.00714000e+00
3.57094000e+01 9.99679000e-01 1.00027000e+00 -5.18246000e-03 9.89903000e-01 1.00545000e+00
3.58142000e+01 1.00042000e+00 9.99453000e-01 -4.26965000e-03 9.90913000e-01 1.00372000e+00
3.59189000e+01 1.00114000e+00 9.98655000e-01 -3.32231000e-03 9.92011000e-01 1.00198000e+00
3.60236000e+01 1.00185000e+00 9.97885000e-01 -2.35096000e-03 9.93183000e-01 1.00024000e+00
3.61283000e+01 1.00252000e+00 9.97150000e-01 -1.36618000e-03 9.94418000e-01 9.98516000e-01
3.62330000e+01 1.00317000e+00 9.96459000e-01 -3.78571000e-04 9.95702000e-01 9.96837000e-01
3.63378000e+01 1.00377000e+00 9.95818000e-01 6.01410000e-04 9.97021000e-01 9.95217000e-01
3.64425000e+01 1.00432000e+00 9.95234000e-01 1.56352000e-03 9.98361000e-01 9.93670000e-01
3.65472000e+01 1.00482000e+00 9.94712000e-01 2.49784000e-03 9.99707000e-01 9.92214000e-01
3.66519000e+01 1.00526000e+00 9.94256000e-01 3.39483000e-03 1.00105000e+00 9.90862000e-01
3.67566000e+01 1.00563000e+00 9.93872000e-01 4.24547000e-03 1.00236000e+00 9.89626000e-01
3.68614000e+01 1.00594000e+00 9.93560000e-01 5.04130000e-03 1.00364000e+00 9.88519000e-01
3.69661000e+01 1.00618000e+00 9.93325000e-01 5.77451000e-03 1.00487000e+00 9.87550000e-01
3.70708000e+01 1.00634000e+00 9.93165000e-01 6.43801000e-03 1.00604000e+00 9.86727000e-01
3.71755000e+01 1.00644000e+00 9.93083000e-01 7.02548000e-03 1.00713000e+00 9.86058000e-01
3.72802000e+01 1.00646000e+00 9.93077000e-01 7.53145000e-03 1.00814000e+00 9.85546000e-01
3.73850000e+01 1.00640000e+00 9.93147000e-01 7.95133000e-03 1.00905000e+00 9.85195000e-01
3.74897000e+01 1.00628000e+00 9.93289000e-01 8.28147000e-03 1.00985000e+00 9.85008000e-01
3.75944000e+01 1.00608000e+00 9.93503000e-01 8.51916000e-03 1.01054000e+00 9.84984000e-01
3.76991000e+01 1.00582000e+00 9.93784000e-01 8.66269000e-03 1.01111000e+00 9.85121000e-01
3.78038000e+01 1.00550000e+00 9.94128000e-01 8.71137000e-03 1.01155000e+00 9.85416000e-01
3.79086000e+01 1.00512000e+00 9.94531000e-01 8.66548000e-03 1.01186000e+00 9.85866000e-01
3.80133000e+01 1.00468000e+00 9.94988000e-01 8.52633000e-03 1.01204000e+00 9.86462000e-01
3.81180000e+01 1.00420000e+00 9.95495000e-01 8.29620000e-03 1.01209000e+00 9.87199000e-01
3.82227000e+01 1.00368000e+00 9.96044000e-01 7.97835000e-03 1.01200000e+00 9.88066000e-01
3.83274000e+01 1.00312000e+00 9.96631000e-01 7.57695000e-03 1.01178000e+00 9.89054000e-01
3.84322000e+01 1.00253000e+00 9.97248000e-01 7.09705000e-03 1.01144000e+00 9.90151000e-01
3.85369000e+01 1.00192000e+00 9.97889000e-01 6.54453000e-03 1.01098000e+00 9.91344000e-01
3.86416000e+01 1.00129000e+00 9.98547000e-01 5.92602000e-03 1.01040000e+00 9.92621000e-01
3.87463000e+01 1.00066000e+00 9.99216000e-01 5.24884000e-03 1.00971000e+00 9.93967000e-01
3.88510000e+01 1.00003000e+00 9.99887000e-01 4.52090000e-03 1.00893000e+00 9.95366000e-01
3.89557000e+01 9.99404000e-01 1.00056000e+00 3.75061000e-03 1.00806000e+00 9.96804000e-01
3.90605000e+01 9.98792000e-01 1.00121000e+00 2.94680000e-03 1.00711000e+00 9.98265000e-01
3.91652000e+01 9.98200000e-01 1.00185000e+00 2.11860000e-03 1.00609000e+00 9.99732000e-01
3.92699000e+01 9.97634000e-01 1.00247000e+00 1.27536000e-03 1.00502000e+00 1.00119000e+00
3.93746000e+01 9.97101000e-01 1.00305000e+00 4.26494000e-04 1.00390000e+00 1.00262000e+00
3.94793000e+01 9.96606000e-01 1.00359000e+00 -4.18570000e-04 1.00276000e+00 1.00401000e+00
3.95841000e+01 9.96154000e-01 1.00410000e+00 -1.25055000e-03 1.00160000e+00 1.00535000e+00
3.96888000e+01 9.95749000e-01 1.00455000e+00 -2.06038000e-03 1.00043000e+00 1.00661000e+00
3.97935000e+01 9.95395000e-01 1.00495000e+00 -2.83933000e-03 9.99272000e-01 1.00779000e+00
3.98982000e+01 9.95096000e-01 1.00529000e+00 -3.57913000e-03 9.98135000e-01 1.00887000e+00
4.00029000e+01 9.94854000e-01 1.00557000e+00 -4.27199000e-03 9.97029000e-01 1.00985000e+00
4.01077000e+01 9.94672000e-01 1.00579000e+00 -4.91078000e-03 9.95967000e-01 1.01070000e+00
4.02124000e+01 9.94551000e-01 1.00594000e+00 -5.48901000e-03 9.94960000e-01 1.01143000e+00
4.03171000e+01 9.94490000e-01 1.00602000e+00 -6.00099000e-03 9.94016000e-01 1.01202000e+00
4.04218000e+01 9.94492000e-01 1.00603000e+00 -6.44181000e-03 9.93146000e-01 1.01247000e+00
4.05265000e+01 9.94554000e-01 1.00597000e+00 -6.80742000e-03 9.92357000e-01 1.01278000e+00
4.06313000e+01 9.94676000e-01 1.00585000e+00 -7.09468000e-03 9.91657000e-01 1.01294000e+00
4.07360000e+01 9.94856000e-01 1.00566000e+00 -7.30134000e-03 9.91053000e-01 1.01296000e+00
4.08407000e+01 9.95091000e-01 1.00540000e+00 -7.42610000e-03 9.90548000e-01 1.01283000e+00
4.09454000e+01 9.95378000e-01 1.00509000e+00 -7.46857000e-03 9.90149000e-01 1.01255000e+00
4.10501000e+01 9.95714000e-01 1.00472000e+00 -7.42926000e-03 9.89857000e-01 1.01214000e+00
4.11549000e+01 9.96095000e-01 1.00429000e+00 -7.30960000e-03 9.89675000e-01 1.01160000e+00
4.12596000e+01 9.96515000e-01 1.00383000e+00 -7.11186000e-03 9.89604000e-01 1.01094000e+00
4.13643000e+01 9.96970000e-01 1.00332000e+00 -6.83913000e-03 9.89643000e-01 1.01016000e+00
4.14690000e+01 9.97455000e-01 1.00278000e+00 -6.49527000e-03 9.89791000e-01 1.00928000e+00
4.15737000e+01 9.97964000e-01 1.00222000e+00 -6.08485000e-03 9.90046000e-01 1.00830000e+00
4.16785000e+01 9.98491000e-01 1.00163000e+00 -5.61308000e-03 9.90404000e-01 1.00724000e+00
4.17832000e+01 9.99031000e-01 1.00103000e+00 -5.08578000e-03 9.90860000e-01 1.00612000e+00
4.18879000e+01 9.99576000e-01 1.00043000e+00 -4.50924000e-03 9.91410000e-01 1.00494000e+00
4.19926000e+01 1.00012000e+00 9.99827000e-01 -3.89022000e-03 9.92047000e-01 1.00372000e+00
4.20973000e+01 1.00066000e+00 9.99234000e-01 -3.23581000e-03 9.92763000e-01 1.00247000e+00
4.22021000e+01 1.00119000e+00 9.98657000e-01 -2.55338000e-03 9.93550000e-01 1.00121000e+00
4.23068000e+01 1.00170000e+00 9.98102000e-01 -1.85053000e-03 9.94401000e-01 9.99953000e-01
4.24115000e+01 1.00219000e+00 9.97575000e-01 -1.13493000e-03 9.95305000e-01 9.98710000e-01
4.25162000e+01 1.00264000e+00 9.97082000e-01 -4.14333000e-04 9.96253000e-01 9.97496000e-01
4.26209000e+01 1.00307000e+00 9.96627000e-01 3.03573000e-04 9.97234000e-01 9.96323000e-01
4.27257000e+01 1.00346000e+00 9.96216000e-01 1.01120000e-03 9.98238000e-01 9.95205000e-01
4.28304000e+01 1.00380000e+00 9.95852000e-01 1.70115000e-03 9.99254000e-01 9.94151000e-01
4.29351000e+01 1.00410000e+00 9.95539000e-01 2.36628000e-03 1.00027000e+00 9.93173000e-01
4.30398000e+01 1.00435000e+00 9.95279000e-01 2.99977000e-03 1.00128000e+00 9.92279000e-01
4.31445000e+01 1.00455000e+00 9.95075000e-01 3.59520000e-03 1.00227000e+00 9.91480000e-01
4.32493000e+01 1.00470000e+00 9.94928000e-01 4.14658000e-03 1.00322000e+00 9.90781000e-01
4.33540000e+01 1.00479000e+00 9.94839000e-01 4.64844000e-03 1.00414000e+00 9.90190000e-01
4.34587000e+01 1.00483000e+00 9.94807000e-01 5.09586000e-03 1.00500000e+00 9.89711000e-01
4.35634000e+01 1.00481000e+00 9.94833000e-01 5.48453000e-03 1.00580000e+00 9.89348000e-01
4.36681000e+01 1.00474000e+00 9.94915000e-01 5.81078000e-03 1.00654000e+00 9.89104000e-01
4.37729000e+01 1.00461000e+00 9.95052000e-01 6.07162000e-03 1.00720000e+00 9.88980000e-01
4.38776000e+01 1.00444000e+00 9.95242000e-01 6.26475000e-03 1.00777000e+00 9.88977000e-01
4.39823000e+01 1.00422000e+00 9.95481000e-01 6.38862000e-03 1.00826000e+00 9.89092000e-01
4.40870000e+01 1.00395000e+00 9.95767000e-01 6.44243000e-03 1.00865000e+00 9.89325000e-01
4.41917000e+01 1.00364000e+00 9.96097000e-01 6.42610000e-03 1.00895000e+00 9.89671000e-01
4.42965000e+01 1.00329000e+00 9.96465000e-01 6.34032000e-03 1.00915000e+00 9.90125000e-01
4.44012000e+01 1.00291000e+00 9.96869000e-01 6.18652000e-03 1.00924000e+00 9.90683000e-01
4.45059000e+01 1.00250000e+00 9.97303000e-01 5.96686000e-03 1.00924000e+00 9.91336000e-01
4.46106000e+01 1.00207000e+00 9.97763000e-01 5.68419000e-03 1.00913000e+00 9.92078000e-01
4.47153000e+01 1.00162000e+00 9.98243000e-01 5.34204000e-03 1.00893000e+00 9.92901000e-01
4.48201000e+01 1.00115000e+00 9.98738000e-01 4.94456000e-03 1.00863000e+00 9.93794000e-01
4.49248000e+01 1.00067000e+00 9.99243000e-01 4.49649000e-03 1.00824000e+00 9.94747000e-01
4.50295000e+01 1.00019000e+00 9.99753000e-01 4.00310000e-03 1.00776000e+00 9.95750000e-01
4.51342000e+01 9.99717000e-01 1.00026000e+00 3.47012000e-03 1.00720000e+00 9.96792000e-01
4.52389000e+01 9.99249000e-01 1.00076000e+00 2.90369000e-03 1.00657000e+00 9.97860000e-01
4.53437000e+01 9.98792000e-01 1.00125000e+00 2.31028000e-03 1.00588000e+00 9.98945000e-01
4.54484000e+01 9.98354000e-01 1.00173000e+00 1.69661000e-03 1.00512000e+00 1.00003000e+00
4.55531000e+01 9.97937000e-01 1.00218000e+00 1.06960000e-03 1.00432000e+00 1.00111000e+00
4.56578000e+01 9.97548000e-01 1.00261000e+00 4.36248000e-04 1.00348000e+00 1.00217000e+00
4.57625000e+01 9.97189000e-01 1.00300000e+00 -1.96419000e-04 1.00261000e+00 1.00320000e+00
4.58673000e+01 9.96865000e-01 1.00336000e+00 -8.21439000e-04 1.00171000e+00 1.00418000e+00
4.59720000e+01 9.96578000e-01 1.00368000e+00 -1.43199000e-03 1.00081000e+00 1.00511000e+00
4.60767000e+01 9.96332000e-01 1.00395000e+00 -2.02147000e-03 9.99908000e-01 1.00597000e+00
4.61814000e+01 9.96128000e-01 1.00418000e+00 -2.58358000e-03 9.99014000e-01 1.00676000e+00
4.62861000e+01 9.95969000e-01 1.00436000e+00 -3.11236000e-03 9.98138000e-01 1.00748000e+00
4.63909000e+01 9.95857000e-01 1.00449000e+00 -3.60231000e-03 9.97290000e-01 1.00810000e+00
4.64956000e+01 9.95791000e-01 1.00458000e+00 -4.04840000e-03 9.96478000e-01 1.00862000e+00
4.66003000e+01 9.95772000e-01 1.00460000e+00 -4.44614000e-03 9.95711000e-01 1.00905000e+00
4.67050000e+01 9.95801000e-01 1.00458000e+00 -4.79164000e-03 9.94997000e-01 1.00937000e+00
4.68097000e+01 9.95875000e-01 1.00450000e+00 -5.08162000e-03 9.94341000e-01 1.00959000e+00
4.69145000e+01 9.95995000e-01 1.00438000e+00 -5.31345000e-03 9.93751000e-01 1.00969000e+00
4.70192000e+01 9.96158000e-01 1.00420000e+00 -5.48519000e-03 9.93233000e-01 1.00969000e+00
4.71239000e+01 9.96363000e-01 1.00398000e+00 -5.59557000e-03 9.92791000e-01 1.00958000e+00
4.72286000e+01 9.96607000e-01 1.00372000e+00 -5.64401000e-03 9.92428000e-01 1.00936000e+00
4.73333000e+01 9.96886000e-01 1.00341000e+00 -5.63064000e-03 9.92149000e-01 1.00904000e+00
4.74380000e+01 9.97197000e-01 1.00307000e+00 -5.55623000e-03 9.91956000e-01 1.00862000e+00
4.75428000e+01 9.97538000e-01 1.00269000e+00 -5.42222000e-03 9.91849000e-01 1.00812000e+00
4.76475000e+01 9.97903000e-01 1.00229000e+00 -5.23069000e-03 9.91829000e-01 1.00752000e+00
4.77522000e+01 9.98289000e-01 1.00187000e+00 -4.98430000e-03 9.91897000e-01 1.00685000e+00
4.78569000e+01 9.98691000e-01 1.00142000e+00 -4.68627000e-03 9.92049000e-01 1.00611000e+00
4.79616000e+01 9.99105000e-01 1.00097000e+00 -4.34035000e-03 9.92286000e-01 1.00531000e+00
4.80664000e+01 9.99525000e-01 1.00050000e+00 -3.95074000e-03 9.92602000e-01 1.00445000e+00
4.81711000e+01 9.99948000e-01 1.00004000e+00 -3.52205000e-03 9.92995000e-01 1.00356000e+00
4.82758000e+01 1.00037000e+00 9.99579000e-01 -3.05927000e-03 9.93460000e-01 1.00264000e+00
4.83805000e+01 1.00078000e+00 9.99127000e-01 -2.56769000e-03 9.93992000e-01 1.00170000e+00
4.84852000e+01 1.00118000e+00 9.98690000e-01 -2.05283000e-03 9.94584000e-01 1.00074000e+00
4.85900000e+01 1.00157000e+00 9.98272000e-01 -1.52041000e-03 9.95231000e-01 9.99792000e-01
4.86947000e+01 1.00193000e+00 9.97877000e-01 -9.76267000e-04 9.95924000e-01 9.98853000e-01
4.87994000e+01 1.00227000e+00 9.97510000e-01 -4.26303000e-04 9.96657000e-01 9.97936000e-01
4.89041000e+01 1.00259000e+00 9.97175000e-01 1.23574000e-04 9.97422000e-01 9.97051000e-01
4.90088000e+01 1.00287000e+00 9.96874000e-01 6.67513000e-04 9.98209000e-01 9.96207000e-01
4.91136000e+01 1.00312000e+00 9.96612000e-01 1.19977000e-03 9.99011000e-01 9.95412000e-01
4.92183000e+01 1.00333000e+00 9.96390000e-01 1.71479000e-03 9.99820000e-01 9.94675000e-01
4.93230000e+01 1.00350000e+00 9.96211000e-01 2.20722000e-03 1.00063000e+00 9.94004000e-01
4.94277000e+01 1.00363000e+00 9.96075000e-01 2.67200000e-03 1.00142000e+00 9.93403000e-01
4.95324000e+01 1.00372000e+00 9.95985000e-01 3.10438000e-03 1.00219000e+00 9.92881000e-01
4.96372000e+01 1.00376000e+00 9.95940000e-01 3.49999000e-03 1.00294000e+00 9.92440000e-01
4.97419000e+01 1.00377000e+00 9.95940000e-01 3.85488000e-03 1.00365000e+00 9.92086000e-01
4.98466000e+01 1.00373000e+00 9.95986000e-01 4.16554000e-03 1.00432000e+00 9.91820000e-01
4.99513000e+01 1.00365000e+00 9.96075000e-01 4.42895000e-03 1.00493000e+00 9.91646000e-01
5.00560000e+01 1.00353000e+00 9.96206000e-01 4.64262000e-03 1.00549000e+00 9.91564000e-01
5.01608000e+01 1.00337000e+00 9.96378000e-01 4.80457000e-03 1.00599000e+00 9.91574000e-01
5.02655000e+01 1.00318000e+00 9.96589000e-01 4.91340000e-03 1.00642000e+00 9.91675000e-01
5.03702000e+01 1.00295000e+00 9.96835000e-01 4.96829000e-03 1.00677000e+00 9.91866000e-01
5.04749000e+01 1.00269000e+00 9.97113000e-01 4.96899000e-03 1.00705000e+00 9.92144000e-01
5.05796000e+01 1.00240000e+00 9.97421000e-01 4.91582000e-03 1.00725000e+00 9.92505000e-01
5.06844000e+01 1.00209000e+00 9.97755000e-01 4.80972000e-03 1.00737000e+00 9.92945000e-01
5.07891000e+01 1.00175000e+00 9.98110000e-01 4.65215000e-03 1.00741000e+00 9.93458000e-01
5.08938000e+01 1.00140000e+00 9.98484000e-01 4.44515000e-03 1.00737000e+00 9.94039000e-01
5.09985000e+01 1.00104000e+00 9.98871000e-01 4.19129000e-03 1.00725000e+00 9.94680000e-01
5.11032000e+01 1.00067000e+00 9.99268000e-01 3.89362000e-03 1.00706000e+00 9.95375000e-01
5.12080000e+01 1.00029000e+00 9.99671000e-01 3.55568000e-03 1.00678000e+00 9.96115000e-01
5.13127000e+01 9.99911000e-01 1.00007000e+00 3.18142000e-03 1.00644000e+00 9.96893000e-01
5.14174000e+01 9.99538000e-01 1.00047000e+00 2.77516000e-03 1.00602000e+00 9.97699000e-01
5.15221000e+01 9.99173000e-01 1.00087000e+00 2.34158000e-03 1.00555000e+00 9.98524000e-01
5.16268000e+01 9.98820000e-01 1.00125000e+00 1.88561000e-03 1.00502000e+00 9.99361000e-01
5.17316000e+01 9.98483000e-01 1.00161000e+00 1.41240000e-03 1.00444000e+00 1.00020000e+00
5.18363000e+01 9.98165000e-01 1.00195000e+00 9.27282000e-04 1.00381000e+00 1.00103000e+00
5.19410000e+01 9.97870000e-01 1.00228000e+00 4.35664000e-04 1.00315000e+00 1.00184000e+00
5.20457000e+01 9.97601000e-01 1.00257000e+00 -5.70005000e-05 1.00246000e+00 1.00263000e+00
5.21504000e+01 9.97361000e-01 1.00283000e+00 -5.45285000e-04 1.00174000e+00 1.00338000e+00
5.22552000e+01 9.97152000e-01 1.00306000e+00 -1.02385000e-03 1.00102000e+00 1.00409000e+00
5.23599000e+01 9.96976000e-01 1.00326000e+00 -1.48751000e-03 1.00028000e+00 1.00475000e+00
5.24646000e+01 9.96835000e-01 1.00342000e+00 -1.93129000e-03 9.99555000e-01 1.00535000e+00
5.25693000e+01 9.96731000e-01 1.00354000e+00 -2.35046000e-03 9.98836000e-01 1.00589000e+00
5.26740000e+01 9.96663000e-01 1.00362000e+00 -2.74062000e-03 9.98135000e-01 1.00636000e+00
5.27788000e+01 9.96633000e-01 1.00365000e+00 -3.09772000e-03 9.97459000e-01 1.00675000e+00
5.28835000e+01 9.96640000e-01 1.00365000e+00 -3.41814000e-03 9.96814000e-01 1.00707000e+00
5.29882000e+01 9.96685000e-01 1.00361000e+00 -3.69866000e-03 9.96209000e-01 1.00731000e+00
5.30929000e+01 9.96766000e-01 1.00352000e+00 -3.93657000e-03 9.95648000e-01 1.00746000e+00
5.31976000e+01 9.96883000e-01 1.00340000e+00 -4.12964000e-03 9.95138000e-01 1.00753000e+00
5.33024000e+01 9.97033000e-01 1.00324000e+00 -4.27616000e-03 9.94684000e-01 1.00751000e+00
5.34071000e+01 9.97215000e-01 1.00304000e+00 -4.37493000e-03 9.94289000e-01 1.00741000e+00
5.35118000e+01 9.97428000e-01 1.00281000e+00 -4.42533000e-03 9.93957000e-01 1.00723000e+00
5.36165000e+01 9.97667000e-01 1.00255000e+00 -4.42723000e-03 9.93692000e-01 1.00697000e+00
5.37212000e+01 9.97930000e-01 1.00226000e+00 -4.38106000e-03 9.93497000e-01 1.00664000e+00
5.38260000e+01 9.98215000e-01 1.00195000e+00 -4.28775000e-03 9.93371000e-01 1.00623000e+00
5.39307000e+01 9.98518000e-01 1.00161000e+00 -4.14874000e-03 9.93317000e-01 1.00576000e+00
5.40354000e+01 9.98836000e-01 1.00127000e+00 -3.96594000e-03 9.93335000e-01 1.00523000e+00
5.41401000e+01 9.99164000e-01 1.00091000e+00 -3.74171000e-03 9.93423000e-01 1.00465000e+00
5.42448000e+01 9.99500000e-01 1.00054000e+00 -3.47885000e-03 9.93581000e-01 1.00402000e+00
5.43496000e+01 9.99839000e-01 1.00017000e+00 -3.18051000e-03 9.93807000e-01 1.00335000e+00
5.44543000e+01 1.00018000e+00 9.99798000e-01 -2.85022000e-03 9.94097000e-01 1.00265000e+00
5.45590000e+01 1.00051000e+00 9.99432000e-01 -2.49178000e-03 9.94449000e-01 1.00192000e+00
5.46637000e+01 1.00084000e+00 9.99076000e-01 -2.10928000e-03 9.94858000e-01 1.00119000e+00
5.47684000e+01 1.00115000e+00 9.98734000e-01 -1.70702000e-03 9.95320000e-01 1.00044000e+00
5.48732000e+01 1.00146000e+00 9.98408000e-01 -1.28945000e-03 9.95829000e-01 9.99697000e-01
5.49779000e+01 1.00174000e+00 9.98103000e-01 -8.61157000e-04 9.96380000e-01 9.98964000e-01
5.50826000e+01 1.00200000e+00 9.97821000e-01 -4.26801000e-04 9.96968000e-01 9.98248000e-01
5.51873000e+01 1.00224000e+00 9.97567000e-01 8.93739000e-06 9.97585000e-01 9.97558000e-01
5.52920000e+01 1.00245000e+00 9.97342000e-01 4.41397000e-04 9.98224000e-01 9.96900000e-01
5.53968000e+01 1.00263000e+00 9.97148000e-01 8.65988000e-04 9.98880000e-01 9.96282000e-01
5.55015000e+01 1.00278000e+00 9.96988000e-01 1.27823000e-03 9.99545000e-01 9.95710000e-01
5.56062000e+01 1.00290000e+00 9.96863000e-01 1.67382000e-03 1.00021000e+00 9.95189000e-01
5.57109000e+01 1.00298000e+00 9.96774000e-01 2.04864000e-03 1.00087000e+00 9.94726000e-01
5.58156000e+01 1.00304000e+00 9.96722000e-01 2.39882000e-03 1.00152000e+00 9.94323000e-01
5.59203000e+01 1.00305000e+00 9.96707000e-01 2.72078000e-03 1.00215000e+00 9.93986000e-01
5.60251000e+01 1.00304000e+00 9.96728000e-01 3.01124000e-03 1.00275000e+00 9.93717000e-01
5.61298000e+01 1.00298000e+00 9.96786000e-01 3.26728000e-03 1.00332000e+00 9.93518000e-01
5.62345000e+01 1.00290000e+00 9.96878000e-01 3.48638000e-03 1.00385000e+00 9.93392000e-01
5.63392000e+01 1.00278000e+00 9.97005000e-01 3.66639000e-03 1.00434000e+00 9.93338000e-01
5.64439000e+01 1.00264000e+00 9.97163000e-01 3.80559000e-03 1.00477000e+00 9.93358000e-01
5.65487000e+01 1.00246000e+00 9.97352000e-01 3.90273000e-03 1.00516000e+00 9.93449000e-01
5.66534000e+01 1.00226000e+00 9.97568000e-01 3.95700000e-03 1.00548000e+00 9.93611000e-01
5.67581000e+01 1.00204000e+00 9.97810000e-01 3.96804000e-03 1.00575000e+00 9.93842000e-01
5.68628000e+01 1.00179000e+00 9.98074000e-01 3.93598000e-03 1.00595000e+00 9.94138000e-01
5.69675000e+01 1.00152000e+00 9.98358000e-01 3.86141000e-03 1.00608000e+00 9.94496000e-01
5.70723000e+01 1.00124000e+00 9.98657000e-01 3.74536000e-03 1.00615000e+00 9.94912000e-01
5.71770000e+01 1.00095000e+00 9.98970000e-01 3.58933000e-03 1.00615000e+00 9.95380000e-01
5.72817000e+01 1.00065000e+00 9.99291000e-01 3.39523000e-03 1.00608000e+00 9.95896000e-01
5.73864000e+01 1.00035000e+00 9.99619000e-01 3.16541000e-03 1.00595000e+00 9.96453000e-01
5.74911000e+01 1.00004000e+00 9.99948000e-01 2.90256000e-03 1.00575000e+00 9.97046000e-01
5.75959000e+01 9.99732000e-01 1.00028000e+00 2.60976000e-03 1.00550000e+00 9.97667000e-01
5.77006000e+01 9.99430000e-01 1.00060000e+00 2.29037000e-03 1.00518000e+00 9.98310000e-01
5.78053000e+01 9.99138000e-01 1.00091000e+00 1.94805000e-03 1.00481000e+00 9.98967000e-01
5.79100000e+01 9.98857000e-01 1.00122000e+00 1.58669000e-03 1.00439000e+00 9.99631000e-01
5.80147000e+01 9.98590000e-01 1.00151000e+00 1.21037000e-03 1.00393000e+00 1.00030000e+00
5.81195000e+01 9.98341000e-01 1.00178000e+00 8.23318000e-04 1.00342000e+00 1.00095000e+00
5.82242000e+01 9.98112000e-01 1.00202000e+00 4.29845000e-04 1.00288000e+00 1.00159000e+00
5.83289000e+01 9.97906000e-01 1.00225000e+00 3.43159000e-05 1.00232000e+00 1.00221000e+00
5.84336000e+01 9.97724000e-01 1.00245000e+00 -3.58911000e-04 1.00173000e+00 1.00281000e+00
5.85383000e+01 9.97569000e-01 1.00262000e+00 -7.45531000e-04 1.00113000e+00 1.00336000e+00
5.86431000e+01 9.97442000e-01 1.00276000e+00 -1.12135000e-03 1.00052000e+00 1.00388000e+00
5.87478000e+01 9.97344000e-01 1.00287000e+00 -1.48230000e-03 9.99905000e-01 1.00435000e+00
5.88525000e+01 9.97276000e-01 1.00295000e+00 -1.82455000e-03 9.99297000e-01 1.00477000e+00
5.89572000e+01 9.97239000e-01 1.00299000e+00 -2.14446000e-03 9.98701000e-01 1.00513000e+00
5.90619000e+01 9.97233000e-01 1.00300000e+00 -2.43870000e-03 9.98122000e-01 1.00544000e+00
5.91667000e+01 9.97257000e-01 1.00298000e+00 -2.70425000e-03 9.97567000e-01 1.00568000e+00
5.92714000e+01 9.97312000e-01 1.00292000e+00 -2.93840000e-03 9.97042000e-01 1.00586000e+00
5.93761000e+01 9.97397000e-01 1.00283000e+00 -3.13885000e-03 9.96551000e-01 1.00597000e+00
5.94808000e+01 9.97510000e-01 1.00271000e+00 -3.30367000e-03 9.96101000e-01 1.00601000e+00
5.95855000e+01 9.97650000e-01 1.00256000e+00 -3.43134000e-03 9.95695000e-01 1.00599000e+00
5.96903000e+01 9.97815000e-01 1.00238000e+00 -3.52076000e-03 9.95337000e-01 1.00590000e+00
5.97950000e+01 9.98004000e-01 1.00217000e+00 -3.57128000e-03 9.95031000e-01 1.00574000e+00
5.98997000e+01 9.98214000e-01 1.00195000e+00 -3.58265000e-03 9.94780000e-01 1.00553000e+00
6.00044000e+01 9.98442000e-01 1.00170000e+00 -3.55505000e-03 9.94586000e-01 1.00525000e+00
6.01091000e+01 9.98687000e-01 1.00143000e+00 -3.48912000e-03 9.94452000e-01 1.00492000e+00
6.02139000e+01 9.98945000e-01 1.00115000e+00 -3.38585000e-03 9.94377000e-01 1.00453000e+00
6.03186000e+01 9.99213000e-01 1.00086000e+00 -3.24668000e-03 9.94362000e-01 1.00410000e+00
6.04233000e+01 9.99488000e-01 1.00056000e+00 -3.07337000e-03 9.94408000e-01 1.00363000e+00
6.05280000e+01 9.99768000e-01 1.00025000e+00 -2.86807000e-03 9.94514000e-01 1.00312000e+00
6.06327000e+01 1.00005000e+00 9.99944000e-01 -2.63324000e-03 9.94677000e-01 1.00258000e+00
6.07375000e+01 1.00033000e+00 9.99640000e-01 -2.37162000e-03 9.94897000e-01 1.00201000e+00
6.08422000e+01 1.00060000e+00 9.99343000e-01 -2.08622000e-03 9.95170000e-01 1.00143000e+00
6.09469000e+01 1.00087000e+00 9.99055000e-01 -1.78029000e-03 9.95494000e-01 1.00083000e+00
6.10516000e+01 1.00112000e+00 9.98779000e-01 -1.45725000e-03 9.95864000e-01 1.00024000e+00
6.11563000e+01 1.00136000e+00 9.98519000e-01 -1.12069000e-03 9.96278000e-01 9.99640000e-01
6.12611000e+01 1.00158000e+00 9.98277000e-01 -7.74290000e-04 9.96729000e-01 9.99052000e-01
6.13658000e+01 1.00179000e+00 9.98057000e-01 -4.21837000e-04 9.97213000e-01 9.98479000e-01
6.14705000e+01 1.00197000e+00 9.97859000e-01 -6.71357000e-05 9.97725000e-01 9.97927000e-01
6.15752000e+01 1.00213000e+00 9.97688000e-01 2.86006000e-04 9.98260000e-01 9.97402000e-01
6.16799000e+01 1.00227000e+00 9.97543000e-01 6.33822000e-04 9.98811000e-01 9.96909000e-01
6.17847000e+01 1.00238000e+00 9.97427000e-01 9.72626000e-04 9.99372000e-01 9.96454000e-01
6.18894000e+01 1.00246000e+00 9.97340000e-01 1.29885000e-03 9.99938000e-01 9.96041000e-01
6.19941000e+01 1.00251000e+00 9.97284000e-01 1.60908000e-03 1.00050000e+00 9.95675000e-01
6.20988000e+01 1.00254000e+00 9.97258000e-01 1.90007000e-03 1.00106000e+00 9.95358000e-01
6.22035000e+01 1.00254000e+00 9.97264000e-01 2.16883000e-03 1.00160000e+00 9.95095000e-01
6.23083000e+01 1.00250000e+00 9.97299000e-01 2.41259000e-03 1.00212000e+00 9.94887000e-01
6.24130000e+01 1.00245000e+00 9.97365000e-01 2.62888000e-03 1.00262000e+00 9.94736000e-01
6.25177000e+01 1.00236000e+00 9.97459000e-01 2.81550000e-03 1.00309000e+00 9.94643000e-01
6.26224000e+01 1.00225000e+00 9.97581000e-01 2.97060000e-03 1.00352000e+00 9.94610000e-01
6.27271000e+01 1.00211000e+00 9.97729000e-01 3.09268000e-03 1.00391000e+00 9.94636000e-01
6.28319000e+01 1.00195000e+00 9.97901000e-01 3.18059000e-03 1.00426000e+00 9.94720000e-01
6.29366000e+01 1.00177000e+00 9.98095000e-01 3.23354000e-03 1.00456000e+00 9.94861000e-01
6.30413000e+01 1.00157000e+00 9.98309000e-01 3.25113000e-03 1.00481000e+00 9.95058000e-01
6.31460000e+01 1.00136000e+00 9.98540000e-01 3.23335000e-03 1.00501000e+00 9.95307000e-01
6.32507000e+01 1.00113000e+00 9.98786000e-01 3.18056000e-03 1.00515000e+00 9.95606000e-01
6.33555000e+01 1.00089000e+00 9.99044000e-01 3.09351000e-03 1.00523000e+00 9.95951000e-01
6.34602000e+01 1.00064000e+00 9.99311000e-01 2.97331000e-03 1.00526000e+00 9.96338000e-01
6.35649000e+01 1.00038000e+00 9.99585000e-01 2.82144000e-03 1.00523000e+00 9.96763000e-01
6.36696000e+01 1.00012000e+00 9.99861000e-01 2.63971000e-03 1.00514000e+00 9.97221000e-01
6.37743000e+01 9.99867000e-01 1.00014000e+00 2.43026000e-03 1.00500000e+00 9.97707000e-01
6.38791000e+01 9.99612000e-01 1.00041000e+00 2.19551000e-03 1.00480000e+00 9.98215000e-01
6.39838000e+01 9.99364000e-01 1.00068000e+00 1.93817000e-03 1.00455000e+00 9.98739000e-01
6.40885000e+01 9.99124000e-01 1.00094000e+00 1.66117000e-03 1.00426000e+00 9.99275000e-01
6.41932000e+01 9.98895000e-01 1.00118000e+00 1.36765000e-03 1.00392000e+00 9.99815000e-01
6.42979000e+01 9.98680000e-01 1.00142000e+00 1.06092000e-03 1.00354000e+00 1.00035000e+00
6.44026000e+01 9.98481000e-01 1.00163000e+00 7.44423000e-04 1.00312000e+00 1.00089000e+00
6.45074000e+01 9.98300000e-01 1.00183000e+00 4.21681000e-04 1.00267000e+00 1.00141000e+00
6.46121000e+01 9.98138000e-01 1.00200000e+00 9.62735000e-05 1.00220000e+00 1.00191000e+00
6.47168000e+01 9.97999000e-01 1.00216000e+00 -2.28213000e-04 1.00170000e+00 1.00238000e+00
6.48215000e+01 9.97882000e-01 1.00228000e+00 -5.48223000e-04 1.00119000e+00 1.00283000e+00
6.49262000e+01 9.97790000e-01 1.00239000e+00 -8.60274000e-04 1.00066000e+00 1.00325000e+00
6.50310000e+01 9.97723000e-01 1.00246000e+00 -1.16099000e-03 1.00014000e+00 1.00362000e+00
6.51357000e+01 9.97682000e-01 1.00251000e+00 -1.44716000e-03 9.99613000e-01 1.00395000e+00
6.52404000e+01 9.97666000e-01 1.00253000e+00 -1.71573000e-03 9.99094000e-01 1.00424000e+00
6.53451000e+01 9.97677000e-01 1.00252000e+00 -1.96389000e-03 9.98588000e-01 1.00448000e+00
6.54498000e+01 9.97713000e-01 1.00248000e+00 -2.18905000e-03 9.98101000e-01 1.00467000e+00
6.55546000e+01 9.97775000e-01 1.00241000e+00 -2.38891000e-03 9.97636000e-01 1.00480000e+00
6.56593000e+01 9.97861000e-01 1.00232000e+00 -2.56147000e-03 9.97198000e-01 1.00488000e+00
6.57640000e+01 9.97970000e-01 1.00220000e+00 -2.70504000e-03 9.96794000e-01 1.00491000e+00
6.58687000e+01 9.98102000e-01 1.00206000e+00 -2.81825000e-03 9.96425000e-01 1.00488000e+00
6.59734000e+01 9.98254000e-01 1.00190000e+00 -2.90009000e-03 9.96097000e-01 1.00480000e+00
6.60782000e+01 9.98425000e-01 1.00171000e+00 -2.94990000e-03 9.95813000e-01 1.00466000e+00
6.61829000e+01 9.98612000e-01 1.00151000e+00 -2.96737000e-03 9.95574000e-01 1.00448000e+00
6.62876000e+01 9.98814000e-01 1.00129000e+00 -2.95253000e-03 9.95385000e-01 1.00424000e+00
6.63923000e+01 9.99028000e-01 1.00106000e+00 -2.90577000e-03 9.95245000e-01 1.00396000e+00
6.64970000e+01 9.99252000e-01 1.00081000e+00 -2.82785000e-03 9.95158000e-01 1.00364000e+00
6.66018000e+01 9.99483000e-01 1.00056000e+00 -2.71980000e-03 9.95122000e-01 1.00328000e+00
6.67065000e+01 9.99719000e-01 1.00030000e+00 -2.58302000e-03 9.95139000e-01 1.00289000e+00
6.68112000e+01 9.99957000e-01 1.00005000e+00 -2.41918000e-03 9.95208000e-01 1.00247000e+00
6.69159000e+01 1.00019000e+00 9.99788000e-01 -2.23023000e-03 9.95328000e-01 1.00202000e+00
6.70206000e+01 1.00043000e+00 9.99534000e-01 -2.01837000e-03 9.95497000e-01 1.00155000e+00
6.71254000e+01 1.00066000e+00 9.99286000e-01 -1.78604000e-03 9.95714000e-01 1.00107000e+00
6.72301000e+01 1.00088000e+00 9.99048000e-01 -1.53585000e-03 9.95976000e-01 1.00058000e+00
6.73348000e+01 1.00108000e+00 9.98822000e-01 -1.27061000e-03 9.96281000e-01 1.00009000e+00
6.74395000e+01 1.00128000e+00 9.98610000e-01 -9.93267000e-04 9.96624000e-01 9.99604000e-01
6.75442000e+01 1.00146000e+00 9.98416000e-01 -7.06855000e-04 9.97002000e-01 9.99123000e-01
6.76490000e+01 1.00162000e+00 9.98240000e-01 -4.14503000e-04 9.97411000e-01 9.98654000e-01
6.77537000e+01 1.00177000e+00 9.98085000e-01 -1.19375000e-04 9.97846000e-01 9.98204000e-01
6.78584000e+01 1.00189000e+00 9.97952000e-01 1.75352000e-04 9.98303000e-01 9.97777000e-01
6.79631000e+01 1.00199000e+00 9.97843000e-01 4.66523000e-04 9.98776000e-01 9.97377000e-01
6.80678000e+01 1.00207000e+00 9.97759000e-01 7.51041000e-04 9.99261000e-01 9.97008000e-01
6.81726000e+01 1.00213000e+00 9.97701000e-01 1.02589000e-03 9.99752000e-01 9.96675000e-01
6.82773000e+01 1.00216000e+00 9.97668000e-01 1.28818000e-03 1.00024000e+00 9.96380000e-01
6.83820000e+01 1.00216000e+00 9.97662000e-01 1.53515000e-03 1.00073000e+00 9.96127000e-01
6.84867000e+01 1.00215000e+00 9.97682000e-01 1.76424000e-03 1.00121000e+00 9.95918000e-01
6.85914000e+01 1.00211000e+00 9.97728000e-01 1.97307000e-03 1.00167000e+00 9.95755000e-01
6.86962000e+01 1.00204000e+00 9.97799000e-01 2.15948000e-03 1.00212000e+00 9.95639000e-01
6.88009000e+01 1.00195000e+00 9.97893000e-01 2.32159000e-03 1.00254000e+00 9.95572000e-01
6.89056000e+01 1.00185000e+00 9.98011000e-01 2.45774000e-03 1.00293000e+00 9.95553000e-01
6.90103000e+01 1.00172000e+00 9.98150000e-01 2.56660000e-03 1.00328000e+00 9.95584000e-01
6.91150000e+01 1.00157000e+00 9.98309000e-01 2.64710000e-03 1.00360000e+00 9.95662000e-01
6.92198000e+01 1.00141000e+00 9.98486000e-01 2.69851000e-03 1.00388000e+00 9.95788000e-01
6.93245000e+01 1.00123000e+00 9.98679000e-01 2.72039000e-03 1.00412000e+00 9.95958000e-01
6.94292000e+01 1.00103000e+00 9.98885000e-01 2.71263000e-03 1.00431000e+00 9.96172000e-01
6.95339000e+01 1.00083000e+00 9.99102000e-01 2.67544000e-03 1.00445000e+00 9.96427000e-01
6.96386000e+01 1.00062000e+00 9.99329000e-01 2.60937000e-03 1.00455000e+00 9.96719000e-01
6.97434000e+01 1.00041000e+00 9.99561000e-01 2.51526000e-03 1.00459000e+00 9.97046000e-01
6.98481000e+01 1.00019000e+00 9.99797000e-01 2.39425000e-03 1.00459000e+00 9.97403000e-01
6.99528000e+01 9.99965000e-01 1.00003000e+00 2.24779000e-03 1.00453000e+00 9.97787000e-01
7.00575000e+01 9.99745000e-01 1.00027000e+00 2.07759000e-03 1.00443000e+00 9.98193000e-01
7.01622000e+01 9.99530000e-01 1.00050000e+00 1.88562000e-03 1.00427000e+00 9.98616000e-01
7.02670000e+01 9.99321000e-01 1.00073000e+00 1.67408000e-03 1.00408000e+00 9.99053000e-01
7.03717000e+01 9.99121000e-01 1.00094000e+00 1.44538000e-03 1.00383000e+00 9.99498000e-01
7.04764000e+01 9.98931000e-01 1.00115000e+00 1.20211000e-03 1.00355000e+00 9.99945000e-01
7.05811000e+01 9.98755000e-01 1.00134000e+00 9.47000000e-04 1.00323000e+00 1.00039000e+00
7.06858000e+01 9.98593000e-01 1.00151000e+00 6.82916000e-04 1.00288000e+00 1.00083000e+00
7.07906000e+01 9.98448000e-01 1.00167000e+00 4.12794000e-04 1.00250000e+00 1.00126000e+00
7.08953000e+01 9.98320000e-01 1.00181000e+00 1.39629000e-04 1.00209000e+00 1.00167000e+00
7.10000000e+01 9.98212000e-01 1.00193000e+00 -1.33567000e-04 1.00166000e+00 1.00206000e+00
7.11047000e+01 9.98125000e-01 1.00202000e+00 -4.03799000e-04 1.00122000e+00 1.00243000e+00
7.12094000e+01 9.98058000e-01 1.00210000e+00 -6.68123000e-04 1.00076000e+00 1.00276000e+00
7.13142000e+01 9.98014000e-01 1.00215000e+00 -9.23675000e-04 1.00030000e+00 1.00307000e+00
7.14189000e+01 9.97992000e-01 1.00217000e+00 -1.16771000e-03 9.99835000e-01 1.00334000e+00
7.15236000e+01 9.97993000e-01 1.00217000e+00 -1.39762000e-03 9.99376000e-01 1.00357000e+00
7.16283000e+01 9.98015000e-01 1.00215000e+00 -1.61098000e-03 9.98926000e-01 1.00376000e+00
7.17330000e+01 9.98060000e-01 1.00210000e+00 -1.80556000e-03 9.98490000e-01 1.00391000e+00
7.18378000e+01 9.98126000e-01 1.00203000e+00 -1.97935000e-03 9.98071000e-01 1.00401000e+00
7.19425000e+01 9.98213000e-01 1.00194000e+00 -2.13059000e-03 9.97676000e-01 1.00407000e+00
7.20472000e+01 9.98319000e-01 1.00182000e+00 -2.25777000e-03 9.97307000e-01 1.00408000e+00
7.21519000e+01 9.98444000e-01 1.00169000e+00 -2.35965000e-03 9.96969000e-01 1.00405000e+00
7.22566000e+01 9.98585000e-01 1.00154000e+00 -2.43531000e-03 9.96665000e-01 1.00397000e+00
7.23614000e+01 9.98742000e-01 1.00137000e+00 -2.48407000e-03 9.96398000e-01 1.00385000e+00
7.24661000e+01 9.98912000e-01 1.00118000e+00 -2.50559000e-03 9.96171000e-01 1.00369000e+00
7.25708000e+01 9.99093000e-01 1.00099000e+00 -2.49981000e-03 9.95986000e-01 1.00349000e+00
7.26755000e+01 9.99283000e-01 1.00078000e+00 -2.46696000e-03 9.95844000e-01 1.00325000e+00
7.27802000e+01 9.99481000e-01 1.00056000e+00 -2.40759000e-03 9.95748000e-01 1.00297000e+00
7.28849000e+01 9.99684000e-01 1.00034000e+00 -2.32249000e-03 9.95698000e-01 1.00267000e+00
7.29897000e+01 9.99889000e-01 1.00012000e+00 -2.21276000e-03 9.95695000e-01 1.00233000e+00
7.30944000e+01 1.00009000e+00 9.99897000e-01 -2.07972000e-03 9.95737000e-01 1.00198000e+00
7.31991000e+01 1.00030000e+00 9.99676000e-01 -1.92495000e-03 9.95826000e-01 1.00160000e+00
7.33038000e+01 1.00050000e+00 9.99459000e-01 -1.75025000e-03 9.95959000e-01 1.00121000e+00
7.34085000e+01 1.00069000e+00 9.99249000e-01 -1.55762000e-03 9.96134000e-01 1.00081000e+00
7.35133000e+01 1.00088000e+00 9.99049000e-01 -1.34924000e-03 9.96351000e-01 1.00040000e+00
7.36180000e+01 1.00105000e+00 9.98861000e-01 -1.12743000e-03 9.96606000e-01 9.99988000e-01
7.37227000e+01 1.00121000e+00 9.98686000e-01 -8.94639000e-04 9.96897000e-01 9.99581000e-01
7.38274000e+01 1.00136000e+00 9.98527000e-01 -6.53438000e-04 9.97220000e-01 9.99180000e-01
7.39321000e+01 1.00149000e+00 9.98385000e-01 -4.06453000e-04 9.97572000e-01 9.98792000e-01
7.40369000e+01 1.00160000e+00 9.98262000e-01 -1.56363000e-04 9.97950000e-01 9.98419000e-01
7.41416000e+01 1.00170000e+00 9.98159000e-01 9.41342000e-05 9.98348000e-01 9.98065000e-01
7.42463000e+01 1.00178000e+00 9.98078000e-01 3.42351000e-04 9.98762000e-01 9.97735000e-01
7.43510000e+01 1.00183000e+00 9.98018000e-01 5.85638000e-04 9.99189000e-01 9.97432000e-01
7.44557000e+01 1.00187000e+00 9.97981000e-01 8.21406000e-04 9.99623000e-01 9.97159000e-01
7.45605000e+01 1.00188000e+00 9.97966000e-01 1.04716000e-03 1.00006000e+00 9.96919000e-01
7.46652000e+01 1.00188000e+00 9.97974000e-01 1.26052000e-03 1.00050000e+00 9.96714000e-01
7.47699000e+01 1.00185000e+00 9.98005000e-01 1.45925000e-03 1.00092000e+00 9.96546000e-01
7.48746000e+01 1.00180000e+00 9.98058000e-01 1.64128000e-03 1.00134000e+00 9.96417000e-01
7.49793000e+01 1.00173000e+00 9.98133000e-01 1.80471000e-03 1.00174000e+00 9.96328000e-01
7.50841000e+01 1.00164000e+00 9.98228000e-01 1.94786000e-03 1.00212000e+00 9.96280000e-01
7.51888000e+01 1.00154000e+00 9.98342000e-01 2.06927000e-03 1.00248000e+00 9.96273000e-01
7.52935000e+01 1.00142000e+00 9.98474000e-01 2.16772000e-03 1.00281000e+00 9.96306000e-01
7.53982000e+01 1.00128000e+00 9.98622000e-01 2.24223000e-03 1.00311000e+00 9.96380000e-01
7.55029000e+01 1.00113000e+00 9.98785000e-01 2.29208000e-03 1.00337000e+00 9.96493000e-01
7.56077000e+01 1.00096000e+00 9.98961000e-01 2.31685000e-03 1.00359000e+00 9.96644000e-01
7.57124000e+01 1.00079000e+00 9.99148000e-01 2.31635000e-03 1.00378000e+00 9.96831000e-01
7.58171000e+01 1.00061000e+00 9.99343000e-01 2.29069000e-03 1.00392000e+00 9.97052000e-01
7.59218000e+01 1.00042000e+00 9.99544000e-01 2.24025000e-03 1.00402000e+00 9.97304000e-01
7.60265000e+01 1.00023000e+00 9.99750000e-01 2.16567000e-03 1.00408000e+00 9.97584000e-01
7.61313000e+01 1.00004000e+00 9.99957000e-01 2.06786000e-03 1.00409000e+00 9.97889000e-01
7.62360000e+01 9.99846000e-01 1.00016000e+00 1.94799000e-03 1.00406000e+00 9.98216000e-01
7.63407000e+01 9.99656000e-01 1.00037000e+00 1.80745000e-03 1.00398000e+00 9.98561000e-01
7.64454000e+01 9.99471000e-01 1.00057000e+00 1.64786000e-03 1.00386000e+00 9.98920000e-01
7.65501000e+01 9.99293000e-01 1.00076000e+00 1.47106000e-03 1.00370000e+00 9.99289000e-01
7.66549000e+01 9.99123000e-01 1.00094000e+00 1.27904000e-03 1.00350000e+00 9.99664000e-01
7.67596000e+01 9.98964000e-01 1.00111000e+00 1.07398000e-03 1.00326000e+00 1.00004000e+00
7.68643000e+01 9.98817000e-01 1.00127000e+00 8.58179000e-04 1.00299000e+00 1.00042000e+00
7.69690000e+01 9.98684000e-01 1.00142000e+00 6.34055000e-04 1.00269000e+00 1.00078000e+00
7.70737000e+01 9.98566000e-01 1.00154000e+00 4.04102000e-04 1.00235000e+00 1.00114000e+00
7.71785000e+01 9.98465000e-01 1.00165000e+00 1.70866000e-04 1.00200000e+00 1.00148000e+00
7.72832000e+01 9.98381000e-01 1.00175000e+00 -6.30805000e-05 1.00162000e+00 1.00181000e+00
7.73879000e+01 9.98316000e-01 1.00182000e+00 -2.95170000e-04 1.00123000e+00 1.00211000e+00
7.74926000e+01 9.98270000e-01 1.00187000e+00 -5.22871000e-04 1.00082000e+00 1.00239000e+00
7.75973000e+01 9.98243000e-01 1.00190000e+00 -7.43713000e-04 1.00041000e+00 1.00264000e+00
7.77021000e+01 9.98236000e-01 1.00191000e+00 -9.55316000e-04 9.99996000e-01 1.00286000e+00
7.78068000e+01 9.98248000e-01 1.00189000e+00 -1.15542000e-03 9.99583000e-01 1.00305000e+00
7.79115000e+01 9.98280000e-01 1.00186000e+00 -1.34189000e-03 9.99177000e-01 1.00320000e+00
7.80162000e+01 9.98331000e-01 1.00181000e+00 -1.51278000e-03 9.98780000e-01 1.00332000e+00
7.81209000e+01 9.98401000e-01 1.00173000e+00 -1.66630000e-03 9.98399000e-01 1.00340000e+00
7.82257000e+01 9.98488000e-01 1.00164000e+00 -1.80088000e-03 9.98036000e-01 1.00344000e+00
7.83304000e+01 9.98591000e-01 1.00153000e+00 -1.91517000e-03 9.97696000e-01 1.00344000e+00
7.84351000e+01 9.98710000e-01 1.00140000e+00 -2.00804000e-03 9.97382000e-01 1.00341000e+00
7.85398000e+01 9.98843000e-01 1.00125000e+00 -2.07861000e-03 9.97098000e-01 1.00333000e+00
7.86445000e+01 9.98988000e-01 1.00110000e+00 -2.12623000e-03 9.96845000e-01 1.00322000e+00
7.87493000e+01 9.99144000e-01 1.00093000e+00 -2.15054000e-03 9.96628000e-01 1.00308000e+00
7.88540000e+01 9.99308000e-01 1.00075000e+00 -2.15139000e-03 9.96448000e-01 1.00290000e+00
7.89587000e+01 9.99480000e-01 1.00056000e+00 -2.12893000e-03 9.96306000e-01 1.00269000e+00
7.90634000e+01 9.99657000e-01 1.00037000e+00 -2.08352000e-03 9.96205000e-01 1.00246000e+00
7.91681000e+01 9.99838000e-01 1.00018000e+00 -2.01580000e-03 9.96145000e-01 1.00219000e+00
7.92729000e+01 1.00002000e+00 9.99980000e-01 -1.92661000e-03 9.96127000e-01 1.00191000e+00
7.93776000e+01 1.00020000e+00 9.99784000e-01 -1.81705000e-03 9.96150000e-01 1.00160000e+00
7.94823000e+01 1.00038000e+00 9.99591000e-01 -1.68840000e-03 9.96215000e-01 1.00128000e+00
7.95870000e+01 1.00055000e+00 9.99404000e-01 -1.54215000e-03 9.96320000e-01 1.00095000e+00
7.96917000e+01 1.00072000e+00 9.99224000e-01 -1.37998000e-03 9.96464000e-01 1.00060000e+00
7.97965000e+01 1.00087000e+00 9.99054000e-01 -1.20371000e-03 9.96647000e-01 1.00026000e+00
7.99012000e+01 1.00102000e+00 9.98895000e-01 -1.01531000e-03 9.96864000e-01 9.99910000e-01
8.00059000e+01 1.00116000e+00 9.98749000e-01 -8.16859000e-04 9.97115000e-01 9.99566000e-01
8.01106000e+01 1.00128000e+00 9.98618000e-01 -6.10538000e-04 9.97397000e-01 9.99228000e-01
8.02153000e+01 1.00138000e+00 9.98502000e-01 -3.98600000e-04 9.97705000e-01 9.98901000e-01
8.03201000e+01 1.00147000e+00 9.98404000e-01 -1.83347000e-04 9.98038000e-01 9.98588000e-01
8.04248000e+01 1.00155000e+00 9.98325000e-01 3.28968000e-05 9.98391000e-01 9.98292000e-01
8.05295000e+01 1.00161000e+00 9.98264000e-01 2.47806000e-04 9.98760000e-01 9.98016000e-01
8.06342000e+01 1.00164000e+00 9.98223000e-01 4.59080000e-04 9.99142000e-01 9.97764000e-01
8.07389000e+01 1.00166000e+00 9.98203000e-01 6.64464000e-04 9.99532000e-01 9.97538000e-01
8.08437000e+01 1.00166000e+00 9.98202000e-01 8.61776000e-04 9.99926000e-01 9.97340000e-01
8.09484000e+01 1.00165000e+00 9.98222000e-01 1.04893000e-03 1.00032000e+00 9.97173000e-01
8.10531000e+01 1.00161000e+00 9.98261000e-01 1.22394000e-03 1.00071000e+00 9.97037000e-01
8.11578000e+01 1.00156000e+00 9.98320000e-01 1.38499000e-03 1.00109000e+00 9.96935000e-01
8.12625000e+01 1.00149000e+00 9.98397000e-01 1.53038000e-03 1.00146000e+00 9.96866000e-01
8.13672000e+01 1.00140000e+00 9.98492000e-01 1.65860000e-03 1.00181000e+00 9.96833000e-01
8.14720000e+01 1.00130000e+00 9.98603000e-01 1.76834000e-03 1.00214000e+00 9.96834000e-01
8.15767000e+01 1.00118000e+00 9.98729000e-01 1.85847000e-03 1.00245000e+00 9.96871000e-01
8.16814000e+01 1.00105000e+00 9.98869000e-01 1.92808000e-03 1.00273000e+00 9.96941000e-01
8.17861000e+01 1.00091000e+00 9.99021000e-01 1.97650000e-03 1.00297000e+00 9.97044000e-01
8.18908000e+01 1.00076000e+00 9.99183000e-01 2.00328000e-03 1.00319000e+00 9.97180000e-01
8.19956000e+01 1.00060000e+00 9.99354000e-01 2.00819000e-03 1.00337000e+00 9.97345000e-01
8.21003000e+01 1.00044000e+00 9.99531000e-01 1.99126000e-03 1.00351000e+00 9.97539000e-01
8.22050000e+01 1.00027000e+00 9.99712000e-01 1.95276000e-03 1.00362000e+00 9.97759000e-01
8.23097000e+01 1.00010000e+00 9.99896000e-01 1.89317000e-03 1.00368000e+00 9.98003000e-01
8.24144000e+01 9.99924000e-01 1.00008000e+00 1.81323000e-03 1.00371000e+00 9.98268000e-01
8.25192000e+01 9.99755000e-01 1.00026000e+00 1.71388000e-03 1.00369000e+00 9.98550000e-01
8.26239000e+01 9.99588000e-01 1.00044000e+00 1.59627000e-03 1.00364000e+00 9.98847000e-01
8.27286000e+01 9.99427000e-01 1.00062000e+00 1.46176000e-03 1.00354000e+00 9.99155000e-01
8.28333000e+01 9.99273000e-01 1.00078000e+00 1.31188000e-03 1.00341000e+00 9.99471000e-01
8.29380000e+01 9.99128000e-01 1.00094000e+00 1.14834000e-03 1.00324000e+00 9.99791000e-01
8.30428000e+01 9.98993000e-01 1.00109000e+00 9.72982000e-04 1.00303000e+00 1.00011000e+00
8.31475000e+01 9.98869000e-01 1.00122000e+00 7.87766000e-04 1.00279000e+00 1.00043000e+00
8.32522000e+01 9.98759000e-01 1.00134000e+00 5.94766000e-04 1.00253000e+00 1.00074000e+00
8.33569000e+01 9.98663000e-01 1.00144000e+00 3.96129000e-04 1.00223000e+00 1.00105000e+00
8.34616000e+01 9.98582000e-01 1.00153000e+00 1.94056000e-04 1.00192000e+00 1.00134000e+00
8.35664000e+01 9.98518000e-01 1.00160000e+00 -9.22642000e-06 1.00158000e+00 1.00161000e+00
8.36711000e+01 9.98470000e-01 1.00165000e+00 -2.11486000e-04 1.00123000e+00 1.00186000e+00
8.37758000e+01 9.98439000e-01 1.00169000e+00 -4.10513000e-04 1.00086000e+00 1.00210000e+00
8.38805000e+01 9.98426000e-01 1.00170000e+00 -6.04146000e-04 1.00049000e+00 1.00230000e+00
8.39852000e+01 9.98431000e-01 1.00170000e+00 -7.90294000e-04 1.00012000e+00 1.00249000e+00
8.40900000e+01 9.98453000e-01 1.00167000e+00 -9.66959000e-04 9.99739000e-01 1.00264000e+00
8.41947000e+01 9.98492000e-01 1.00163000e+00 -1.13226000e-03 9.99366000e-01 1.00276000e+00
8.42994000e+01 9.98548000e-01 1.00157000e+00 -1.28445000e-03 9.99002000e-01 1.00286000e+00
8.44041000e+01 9.98619000e-01 1.00149000e+00 -1.42194000e-03 9.98650000e-01 1.00292000e+00
8.45088000e+01 9.98706000e-01 1.00140000e+00 -1.54330000e-03 9.98313000e-01 1.00294000e+00
8.46136000e+01 9.98808000e-01 1.00129000e+00 -1.64730000e-03 9.97996000e-01 1.00294000e+00
8.47183000e+01 9.98922000e-01 1.00117000e+00 -1.73291000e-03 9.97702000e-01 1.00290000e+00
8.48230000e+01 9.99047000e-01 1.00103000e+00 -1.79928000e-03 9.97433000e-01 1.00283000e+00
8.49277000e+01 9.99183000e-01 1.00089000e+00 -1.84581000e-03 9.97193000e-01 1.00273000e+00
8.50324000e+01 9.99328000e-01 1.00073000e+00 -1.87209000e-03 9.96984000e-01 1.00260000e+00
8.51372000e+01 9.99479000e-01 1.00056000e+00 -1.87794000e-03 9.96809000e-01 1.00244000e+00
8.52419000e+01 9.99636000e-01 1.00039000e+00 -1.86342000e-03 9.96668000e-01 1.00226000e+00
8.53466000e+01 9.99797000e-01 1.00022000e+00 -1.82878000e-03 9.96563000e-01 1.00205000e+00
8.54513000e+01 9.99959000e-01 1.00004000e+00 -1.77451000e-03 9.96496000e-01 1.00182000e+00
8.55560000e+01 1.00012000e+00 9.99869000e-01 -1.70130000e-03 9.96467000e-01 1.00157000e+00
8.56608000e+01 1.00028000e+00 9.99696000e-01 -1.61002000e-03 9.96476000e-01 1.00131000e+00
8.57655000e+01 1.00044000e+00 9.99526000e-01 -1.50176000e-03 9.96522000e-01 1.00103000e+00
8.58702000e+01 1.00059000e+00 9.99362000e-01 -1.37776000e-03 9.96607000e-01 1.00074000e+00
8.59749000e+01 1.00073000e+00 9.99206000e-01 -1.23944000e-03 9.96727000e-01 1.00045000e+00
8.60796000e+01 1.00087000e+00 9.99060000e-01 -1.08834000e-03 9.96883000e-01 1.00015000e+00
8.61844000e+01 1.00099000e+00 9.98924000e-01 -9.26164000e-04 9.97072000e-01 9.99850000e-01
8.62891000e+01 1.00111000e+00 9.98801000e-01 -7.54691000e-04 9.97292000e-01 9.99556000e-01
8.63938000e+01 1.00121000e+00 9.98692000e-01 -5.75806000e-04 9.97540000e-01 9.99268000e-01
8.64985000e+01 1.00130000e+00 9.98598000e-01 -3.91465000e-04 9.97815000e-01 9.98989000e-01
8.66032000e+01 1.00137000e+00 9.98520000e-01 -2.03669000e-04 9.98113000e-01 9.98724000e-01
8.67080000e+01 1.00143000e+00 9.98459000e-01 -1.44487000e-05 9.98430000e-01 9.98473000e-01
8.68127000e+01 1.00147000e+00 9.98415000e-01 1.74157000e-04 9.98763000e-01 9.98241000e-01
8.69174000e+01 1.00149000e+00 9.98389000e-01 3.60124000e-04 9.99110000e-01 9.98029000e-01
8.70221000e+01 1.00150000e+00 9.98382000e-01 5.41465000e-04 9.99465000e-01 9.97840000e-01
8.71268000e+01 1.00149000e+00 9.98392000e-01 7.16245000e-04 9.99825000e-01 9.97676000e-01
8.72316000e+01 1.00146000e+00 9.98421000e-01 8.82608000e-04 1.00019000e+00 9.97538000e-01
8.73363000e+01 1.00142000e+00 9.98467000e-01 1.03879000e-03 1.00054000e+00 9.97428000e-01
8.74410000e+01 1.00136000e+00 9.98530000e-01 1.18315000e-03 1.00090000e+00 9.97347000e-01
8.75457000e+01 1.00129000e+00 9.98609000e-01 1.31416000e-03 1.00124000e+00 9.97295000e-01
8.76504000e+01 1.00120000e+00 9.98704000e-01 1.43046000e-03 1.00156000e+00 9.97274000e-01
8.77552000e+01 1.00110000e+00 9.98813000e-01 1.53083000e-03 1.00187000e+00 9.97282000e-01
8.78599000e+01 1.00099000e+00 9.98934000e-01 1.61424000e-03 1.00216000e+00 9.97320000e-01
8.79646000e+01 1.00086000e+00 9.99067000e-01 1.67985000e-03 1.00243000e+00 9.97387000e-01
8.80693000e+01 1.00073000e+00 9.99210000e-01 1.72699000e-03 1.00266000e+00 9.97483000e-01
8.81740000e+01 1.00059000e+00 9.99361000e-01 1.75521000e-03 1.00287000e+00 9.97606000e-01
8.82788000e+01 1.00045000e+00 9.99519000e-01 1.76427000e-03 1.00305000e+00 9.97755000e-01
8.83835000e+01 1.00030000e+00 9.99681000e-01 1.75412000e-03 1.00319000e+00 9.97927000e-01
8.84882000e+01 1.00014000e+00 9.99847000e-01 1.72495000e-03 1.00330000e+00 9.98122000e-01
8.85929000e+01 9.99987000e-01 1.00001000e+00 1.67711000e-03 1.00337000e+00 9.98336000e-01
8.86976000e+01 9.99833000e-01 1.00018000e+00 1.61121000e-03 1.00340000e+00 9.98568000e-01
8.88024000e+01 9.99682000e-01 1.00034000e+00 1.52801000e-03 1.00340000e+00 9.98815000e-01
8.89071000e+01 9.99534000e-01 1.00050000e+00 1.42848000e-03 1.00336000e+00 9.99073000e-01
8.90118000e+01 9.99393000e-01 1.00065000e+00 1.31376000e-03 1.00328000e+00 9.99341000e-01
8.91165000e+01 9.99258000e-01 1.00080000e+00 1.18517000e-03 1.00317000e+00 9.99615000e-01
8.92212000e+01 9.99132000e-01 1.00094000e+00 1.04415000e-03 1.00302000e+00 9.99891000e-01
8.93260000e+01 9.99017000e-01 1.00106000e+00 8.92292000e-04 1.00284000e+00 1.00017000e+00
8.94307000e+01 9.98912000e-01 1.00117000e+00 7.31303000e-04 1.00264000e+00 1.00044000e+00
8.95354000e+01 9.98821000e-01 1.00127000e+00 5.62978000e-04 1.00240000e+00 1.00071000e+00
8.96401000e+01 9.98742000e-01 1.00136000e+00 3.89187000e-04 1.00214000e+00 1.00097000e+00
8.97448000e+01 9.98678000e-01 1.00143000e+00 2.11856000e-04 1.00185000e+00 1.00121000e+00
8.98495000e+01 9.98629000e-01 1.00148000e+00 3.29395000e-05 1.00155000e+00 1.00145000e+00
8.99543000e+01 9.98595000e-01 1.00152000e+00 -1.45598000e-04 1.00123000e+00 1.00166000e+00
9.00590000e+01 9.98578000e-01 1.00154000e+00 -3.21804000e-04 1.00089000e+00 1.00186000e+00
9.01637000e+01 9.98576000e-01 1.00154000e+00 -4.93762000e-04 1.00055000e+00 1.00203000e+00
9.02684000e+01 9.98589000e-01 1.00152000e+00 -6.59613000e-04 1.00020000e+00 1.00218000e+00
9.03731000e+01 9.98619000e-01 1.00149000e+00 -8.17571000e-04 9.99857000e-01 1.00231000e+00
9.04779000e+01 9.98664000e-01 1.00144000e+00 -9.65950000e-04 9.99512000e-01 1.00241000e+00
9.05826000e+01 9.98724000e-01 1.00138000e+00 -1.10317000e-03 9.99174000e-01 1.00248000e+00
9.06873000e+01 9.98797000e-01 1.00130000e+00 -1.22780000e-03 9.98845000e-01 1.00253000e+00
9.07920000e+01 9.98884000e-01 1.00121000e+00 -1.33854000e-03 9.98530000e-01 1.00255000e+00
9.08967000e+01 9.98983000e-01 1.00110000e+00 -1.43424000e-03 9.98231000e-01 1.00253000e+00
9.10015000e+01 9.99094000e-01 1.00098000e+00 -1.51395000e-03 9.97953000e-01 1.00249000e+00
9.11062000e+01 9.99214000e-01 1.00085000e+00 -1.57687000e-03 9.97697000e-01 1.00243000e+00
9.12109000e+01 9.99342000e-01 1.00071000e+00 -1.62240000e-03 9.97468000e-01 1.00233000e+00
9.13156000e+01 9.99477000e-01 1.00057000e+00 -1.65014000e-03 9.97266000e-01 1.00222000e+00
9.14203000e+01 9.99618000e-01 1.00041000e+00 -1.65986000e-03 9.97094000e-01 1.00207000e+00
9.15251000e+01 9.99763000e-01 1.00026000e+00 -1.65156000e-03 9.96954000e-01 1.00191000e+00
9.16298000e+01 9.99910000e-01 1.00010000e+00 -1.62541000e-03 9.96847000e-01 1.00172000e+00
9.17345000e+01 1.00006000e+00 9.99938000e-01 -1.58178000e-03 9.96775000e-01 1.00152000e+00
9.18392000e+01 1.00020000e+00 9.99780000e-01 -1.52122000e-03 9.96737000e-01 1.00130000e+00
9.19439000e+01 1.00035000e+00 9.99624000e-01 -1.44446000e-03 9.96735000e-01 1.00107000e+00
9.20487000e+01 1.00049000e+00 9.99473000e-01 -1.35240000e-03 9.96768000e-01 1.00083000e+00
9.21534000e+01 1.00062000e+00 9.99328000e-01 -1.24610000e-03 9.96836000e-01 1.00057000e+00
9.22581000e+01 1.00075000e+00 9.99192000e-01 -1.12677000e-03 9.96938000e-01 1.00032000e+00
9.23628000e+01 1.00087000e+00 9.99064000e-01 -9.95756000e-04 9.97073000e-01 1.00006000e+00
9.24675000e+01 1.00097000e+00 9.98948000e-01 -8.54503000e-04 9.97239000e-01 9.99802000e-01
9.25723000e+01 1.00107000e+00 9.98844000e-01 -7.04577000e-04 9.97435000e-01 9.99548000e-01
9.26770000e+01 1.00115000e+00 9.98753000e-01 -5.47624000e-04 9.97658000e-01 9.99300000e-01
9.27817000e+01 1.00122000e+00 9.98676000e-01 -3.85356000e-04 9.97905000e-01 9.99061000e-01
9.28864000e+01 1.00128000e+00 9.98614000e-01 -2.19538000e-04 9.98175000e-01 9.98834000e-01
9.29911000e+01 1.00132000e+00 9.98568000e-01 -5.19640000e-05 9.98465000e-01 9.98620000e-01
9.30959000e+01 1.00135000e+00 9.98539000e-01 1.15558000e-04 9.98770000e-01 9.98423000e-01
9.32006000e+01 1.00136000e+00 9.98525000e-01 2.81228000e-04 9.99088000e-01 9.98244000e-01
9.33053000e+01 1.00136000e+00 9.98529000e-01 4.43270000e-04 9.99415000e-01 9.98085000e-01
9.34100000e+01 1.00134000e+00 9.98548000e-01 5.99952000e-04 9.99748000e-01 9.97949000e-01
9.35147000e+01 1.00131000e+00 9.98584000e-01 7.49604000e-04 1.00008000e+00 9.97835000e-01
9.36195000e+01 1.00126000e+00 9.98636000e-01 8.90635000e-04 1.00042000e+00 9.97745000e-01
9.37242000e+01 1.00120000e+00 9.98703000e-01 1.02155000e-03 1.00075000e+00 9.97681000e-01
9.38289000e+01 1.00113000e+00 9.98784000e-01 1.14097000e-03 1.00107000e+00 9.97643000e-01
9.39336000e+01 1.00104000e+00 9.98878000e-01 1.24764000e-03 1.00137000e+00 9.97631000e-01
9.40383000e+01 1.00094000e+00 9.98985000e-01 1.34043000e-03 1.00167000e+00 9.97645000e-01
9.41431000e+01 1.00083000e+00 9.99103000e-01 1.41839000e-03 1.00194000e+00 9.97684000e-01
9.42478000e+01 1.00071000e+00 9.99230000e-01 1.48071000e-03 1.00219000e+00 9.97749000e-01
9.43525000e+01 1.00059000e+00 9.99365000e-01 1.52676000e-03 1.00242000e+00 9.97839000e-01
9.44572000e+01 1.00046000e+00 9.99508000e-01 1.55608000e-03 1.00262000e+00 9.97952000e-01
9.45619000e+01 1.00032000e+00 9.99655000e-01 1.56840000e-03 1.00279000e+00 9.98087000e-01
9.46667000e+01 1.00018000e+00 9.99806000e-01 1.56365000e-03 1.00293000e+00 9.98242000e-01
9.47714000e+01 1.00004000e+00 9.99958000e-01 1.54190000e-03 1.00304000e+00 9.98416000e-01
9.48761000e+01 9.99898000e-01 1.00011000e+00 1.50346000e-03 1.00312000e+00 9.98607000e-01
9.49808000e+01 9.99758000e-01 1.00026000e+00 1.44879000e-03 1.00316000e+00 9.98812000e-01
9.50855000e+01 9.99622000e-01 1.00041000e+00 1.37852000e-03 1.00317000e+00 9.99030000e-01
9.51903000e+01 9.99490000e-01 1.00055000e+00 1.29349000e-03 1.00314000e+00 9.99257000e-01
9.52950000e+01 9.99364000e-01 1.00069000e+00 1.19465000e-03 1.00308000e+00 9.99492000e-01
9.53997000e+01 9.99246000e-01 1.00081000e+00 1.08314000e-03 1.00298000e+00 9.99731000e-01
9.55044000e+01 9.99136000e-01 1.00093000e+00 9.60208000e-04 1.00285000e+00 9.99972000e-01
9.56091000e+01 9.99036000e-01 1.00104000e+00 8.27245000e-04 1.00269000e+00 1.00021000e+00
9.57139000e+01 9.98948000e-01 1.00114000e+00 6.85737000e-04 1.00251000e+00 1.00045000e+00
9.58186000e+01 9.98871000e-01 1.00122000e+00 5.37261000e-04 1.00229000e+00 1.00068000e+00
9.59233000e+01 9.98807000e-01 1.00129000e+00 3.83469000e-04 1.00205000e+00 1.00090000e+00
9.60280000e+01 9.98757000e-01 1.00134000e+00 2.26061000e-04 1.00179000e+00 1.00112000e+00
9.61327000e+01 9.98721000e-01 1.00138000e+00 6.67743000e-05 1.00151000e+00 1.00131000e+00
9.62375000e+01 9.98699000e-01 1.00141000e+00 -9.26423000e-05 1.00122000e+00 1.00150000e+00
9.63422000e+01 9.98691000e-01 1.00141000e+00 -2.50445000e-04 1.00091000e+00 1.00166000e+00
9.64469000e+01 9.98699000e-01 1.00141000e+00 -4.04915000e-04 1.00060000e+00 1.00181000e+00
9.65516000e+01 9.98720000e-01 1.00138000e+00 -5.54379000e-04 1.00027000e+00 1.00194000e+00
9.66563000e+01 9.98756000e-01 1.00134000e+00 -6.97226000e-04 9.99949000e-01 1.00204000e+00
9.67611000e+01 9.98806000e-01 1.00129000e+00 -8.31925000e-04 9.99626000e-01 1.00212000e+00
9.68658000e+01 9.98869000e-01 1.00122000e+00 -9.57043000e-04 9.99308000e-01 1.00218000e+00
9.69705000e+01 9.98944000e-01 1.00114000e+00 -1.07126000e-03 9.98998000e-01 1.00221000e+00
9.70752000e+01 9.99031000e-01 1.00105000e+00 -1.17337000e-03 9.98700000e-01 1.00222000e+00
9.71799000e+01 9.99129000e-01 1.00094000e+00 -1.26234000e-03 9.98417000e-01 1.00220000e+00
9.72847000e+01 9.99236000e-01 1.00083000e+00 -1.33723000e-03 9.98151000e-01 1.00216000e+00
9.73894000e+01 9.99351000e-01 1.00070000e+00 -1.39732000e-03 9.97907000e-01 1.00210000e+00
9.74941000e+01 9.99474000e-01 1.00057000e+00 -1.44200000e-03 9.97685000e-01 1.00201000e+00
9.75988000e+01 9.99602000e-01 1.00043000e+00 -1.47087000e-03 9.97489000e-01 1.00190000e+00
9.77035000e+01 9.99734000e-01 1.00029000e+00 -1.48368000e-03 9.97321000e-01 1.00177000e+00
9.78083000e+01 9.99868000e-01 1.00014000e+00 -1.48037000e-03 9.97182000e-01 1.00162000e+00
9.79130000e+01 1.00000000e+00 9.99996000e-01 -1.46104000e-03 9.97073000e-01 1.00146000e+00
9.80177000e+01 1.00014000e+00 9.99849000e-01 -1.42597000e-03 9.96997000e-01 1.00128000e+00
9.81224000e+01 1.00027000e+00 9.99705000e-01 -1.37561000e-03 9.96953000e-01 1.00108000e+00
9.82271000e+01 1.00040000e+00 9.99564000e-01 -1.31056000e-03 9.96943000e-01 1.00087000e+00
9.83319000e+01 1.00053000e+00 9.99428000e-01 -1.23158000e-03 9.96965000e-01 1.00066000e+00
9.84366000e+01 1.00065000e+00 9.99299000e-01 -1.13959000e-03 9.97020000e-01 1.00044000e+00
9.85413000e+01 1.00076000e+00 9.99179000e-01 -1.03562000e-03 9.97107000e-01 1.00021000e+00
9.86460000e+01 1.00086000e+00 9.99067000e-01 -9.20840000e-04 9.97226000e-01 9.99988000e-01
9.87507000e+01 1.00096000e+00 9.98967000e-01 -7.96524000e-04 9.97374000e-01 9.99763000e-01
9.88554000e+01 1.00104000e+00 9.98878000e-01 -6.64044000e-04 9.97550000e-01 9.99542000e-01
9.89602000e+01 1.00111000e+00 9.98802000e-01 -5.24853000e-04 9.97753000e-01 9.99327000e-01
9.90649000e+01 1.00117000e+00 9.98740000e-01 -3.80471000e-04 9.97979000e-01 9.99121000e-01
9.91696000e+01 1.00121000e+00 9.98692000e-01 -2.32467000e-04 9.98227000e-01 9.98925000e-01
9.92743000e+01 1.00124000e+00 9.98659000e-01 -8.24451000e-05 9.98494000e-01 9.98741000e-01
9.93790000e+01 1.00126000e+00 9.98641000e-01 6.79763000e-05 9.98777000e-01 9.98573000e-01
9.94838000e+01 1.00126000e+00 9.98638000e-01 2.17178000e-04 9.99072000e-01 9.98421000e-01
9.95885000e+01 1.00125000e+00 9.98650000e-01 3.63557000e-04 9.99378000e-01 9.98287000e-01
9.96932000e+01 1.00122000e+00 9.98678000e-01 5.05546000e-04 9.99689000e-01 9.98172000e-01
9.97979000e+01 1.00118000e+00 9.98720000e-01 6.41628000e-04 1.00000000e+00 9.98079000e-01
9.99026000e+01 1.00113000e+00 9.98777000e-01 7.70352000e-04 1.00032000e+00 9.98006000e-01
1.00007000e+02 1.00107000e+00 9.98847000e-01 8.90350000e-04 1.00063000e+00 9.97956000e-01
1.00112000e+02 1.00099000e+00 9.98929000e-01 1.00035000e-03 1.00093000e+00 9.97929000e-01
1.00217000e+02 1.00090000e+00 9.99024000e-01 1.09918000e-03 1.00122000e+00 9.97925000e-01
1.00322000e+02 1.00081000e+00 9.99129000e-01 1.18581000e-03 1.00150000e+00 9.97943000e-01
1.00426000e+02 1.00070000e+00 9.99244000e-01 1.25933000e-03 1.00176000e+00 9.97984000e-01
1.00531000e+02 1.00059000e+00 9.99367000e-01 1.31898000e-03 1.00200000e+00 9.98048000e-01
1.00636000e+02 1.00047000e+00 9.99496000e-01 1.36413000e-03 1.00222000e+00 9.98132000e-01
1.00740000e+02 1.00034000e+00 9.99631000e-01 1.39434000e-03 1.00242000e+00 9.98237000e-01
1.00845000e+02 1.00021000e+00 9.99770000e-01 1.40932000e-03 1.00259000e+00 9.98360000e-01
1.00950000e+02 1.00008000e+00 9.99910000e-01 1.40894000e-03 1.00273000e+00 9.98501000e-01
1.01055000e+02 9.99952000e-01 1.00005000e+00 1.39324000e-03 1.00284000e+00 9.98659000e-01
1.01159000e+02 9.99822000e-01 1.00019000e+00 1.36243000e-03 1.00292000e+00 9.98830000e-01
1.01264000e+02 9.99694000e-01 1.00033000e+00 1.31689000e-03 1.00296000e+00 9.99013000e-01
1.01369000e+02 9.99570000e-01 1.00046000e+00 1.25715000e-03 1.00298000e+00 9.99207000e-01
1.01473000e+02 9.99451000e-01 1.00059000e+00 1.18390000e-03 1.00296000e+00 9.99409000e-01
1.01578000e+02 9.99339000e-01 1.00071000e+00 1.09798000e-03 1.00291000e+00 9.99616000e-01
1.01683000e+02 9.99234000e-01 1.00083000e+00 1.00037000e-03 1.00283000e+00 9.99827000e-01
1.01788000e+02 9.99138000e-01 1.00093000e+00 8.92165000e-04 1.00272000e+00 1.00004000e+00
1.01892000e+02 9.99051000e-01 1.00102000e+00 7.74578000e-04 1.00257000e+00 1.00025000e+00
1.01997000e+02 9.98976000e-01 1.00111000e+00 6.48928000e-04 1.00240000e+00 1.00046000e+00
1.02102000e+02 9.98912000e-01 1.00117000e+00 5.16613000e-04 1.00221000e+00 1.00066000e+00
1.02206000e+02 9.98861000e-01 1.00123000e+00 3.79103000e-04 1.00199000e+00 1.00085000e+00
1.02311000e+02 9.98822000e-01 1.00127000e+00 2.37919000e-04 1.00175000e+00 1.00103000e+00
1.02416000e+02 9.98796000e-01 1.00130000e+00 9.46175000e-05 1.00149000e+00 1.00121000e+00
1.02521000e+02 9.98784000e-01 1.00131000e+00 -4.92263000e-05 1.00121000e+00 1.00136000e+00
1.02625000e+02 9.98786000e-01 1.00131000e+00 -1.92039000e-04 1.00093000e+00 1.00150000e+00
1.02730000e+02 9.98801000e-01 1.00129000e+00 -3.32263000e-04 1.00063000e+00 1.00163000e+00
1.02835000e+02 9.98830000e-01 1.00126000e+00 -4.68378000e-04 1.00033000e+00 1.00173000e+00
1.02940000e+02 9.98871000e-01 1.00122000e+00 -5.98914000e-04 1.00002000e+00 1.00182000e+00
1.03044000e+02 9.98925000e-01 1.00116000e+00 -7.22468000e-04 9.99716000e-01 1.00188000e+00
1.03149000e+02 9.98991000e-01 1.00109000e+00 -8.37722000e-04 9.99414000e-01 1.00193000e+00
1.03254000e+02 9.99068000e-01 1.00101000e+00 -9.43454000e-04 9.99120000e-01 1.00195000e+00
1.03358000e+02 9.99155000e-01 1.00091000e+00 -1.03855000e-03 9.98835000e-01 1.00195000e+00
1.03463000e+02 9.99252000e-01 1.00081000e+00 -1.12202000e-03 9.98564000e-01 1.00193000e+00
1.03568000e+02 9.99357000e-01 1.00069000e+00 -1.19301000e-03 9.98309000e-01 1.00189000e+00
1.03673000e+02 9.99468000e-01 1.00057000e+00 -1.25079000e-03 9.98073000e-01 1.00183000e+00
1.03777000e+02 9.99586000e-01 1.00045000e+00 -1.29480000e-03 9.97858000e-01 1.00174000e+00
1.03882000e+02 9.99707000e-01 1.00032000e+00 -1.32461000e-03 9.97667000e-01 1.00164000e+00
1.03987000e+02 9.99832000e-01 1.00018000e+00 -1.33995000e-03 9.97501000e-01 1.00152000e+00
1.04091000e+02 9.99958000e-01 1.00004000e+00 -1.34073000e-03 9.97363000e-01 1.00139000e+00
1.04196000e+02 1.00009000e+00 9.99908000e-01 -1.32698000e-03 9.97254000e-01 1.00123000e+00
1.04301000e+02 1.00021000e+00 9.99772000e-01 -1.29892000e-03 9.97174000e-01 1.00107000e+00
1.04406000e+02 1.00033000e+00 9.99639000e-01 -1.25690000e-03 9.97126000e-01 1.00090000e+00
1.04510000e+02 1.00045000e+00 9.99511000e-01 -1.20144000e-03 9.97108000e-01 1.00071000e+00
1.04615000e+02 1.00057000e+00 9.99388000e-01 -1.13317000e-03 9.97122000e-01 1.00052000e+00
1.04720000e+02 1.00067000e+00 9.99273000e-01 -1.05287000e-03 9.97167000e-01 1.00033000e+00
1.04824000e+02 1.00077000e+00 9.99165000e-01 -9.61470000e-04 9.97243000e-01 1.00013000e+00
1.04929000e+02 1.00086000e+00 9.99068000e-01 -8.59974000e-04 9.97348000e-01 9.99928000e-01
1.05034000e+02 1.00094000e+00 9.98981000e-01 -7.49512000e-04 9.97482000e-01 9.99730000e-01
1.05139000e+02 1.00101000e+00 9.98905000e-01 -6.31302000e-04 9.97643000e-01 9.99537000e-01
1.05243000e+02 1.00107000e+00 9.98842000e-01 -5.06639000e-04 9.97829000e-01 9.99349000e-01
1.05348000e+02 1.00112000e+00 9.98792000e-01 -3.76883000e-04 9.98039000e-01 9.99169000e-01
1.05453000e+02 1.00115000e+00 9.98756000e-01 -2.43445000e-04 9.98269000e-01 9.99000000e-01
1.05558000e+02 1.00117000e+00 9.98734000e-01 -1.07770000e-04 9.98518000e-01 9.98842000e-01
1.05662000e+02 1.00118000e+00 9.98726000e-01 2.86770000e-05 9.98783000e-01 9.98697000e-01
1.05767000e+02 1.00117000e+00 9.98732000e-01 1.64425000e-04 9.99061000e-01 9.98568000e-01
1.05872000e+02 1.00116000e+00 9.98753000e-01 2.98015000e-04 9.99349000e-01 9.98455000e-01
1.05976000e+02 1.00112000e+00 9.98787000e-01 4.28015000e-04 9.99643000e-01 9.98359000e-01
1.06081000e+02 1.00108000e+00 9.98835000e-01 5.53031000e-04 9.99941000e-01 9.98282000e-01
1.06186000e+02 1.00102000e+00 9.98896000e-01 6.71728000e-04 1.00024000e+00 9.98224000e-01
1.06291000e+02 1.00096000e+00 9.98969000e-01 7.82841000e-04 1.00053000e+00 9.98186000e-01
1.06395000e+02 1.00088000e+00 9.99054000e-01 8.85186000e-04 1.00082000e+00 9.98168000e-01
1.06500000e+02 1.00079000e+00 9.99149000e-01 9.77677000e-04 1.00110000e+00 9.98171000e-01
1.06605000e+02 1.00069000e+00 9.99253000e-01 1.05934000e-03 1.00137000e+00 9.98194000e-01
1.06709000e+02 1.00059000e+00 9.99365000e-01 1.12930000e-03 1.00162000e+00 9.98236000e-01
1.06814000e+02 1.00048000e+00 9.99485000e-01 1.18684000e-03 1.00186000e+00 9.98298000e-01
1.06919000e+02 1.00036000e+00 9.99610000e-01 1.23136000e-03 1.00207000e+00 9.98378000e-01
1.07024000e+02 1.00024000e+00 9.99739000e-01 1.26239000e-03 1.00226000e+00 9.98476000e-01
1.07128000e+02 1.00012000e+00 9.99870000e-01 1.27964000e-03 1.00243000e+00 9.98591000e-01
1.07233000e+02 1.00000000e+00 1.00000000e+00 1.28295000e-03 1.00257000e+00 9.98720000e-01
