# k S000 S110 S112 S10 S11
1.04720000e-01 4.44508000e-01 1.00071000e+00 -2.59479000e-02 9.48817000e-01 1.02666000e+00
2.09440000e-01 4.45298000e-01 1.00071000e+00 -2.58649000e-02 9.48977000e-01 1.02657000e+00
3.14159000e-01 4.46616000e-01 1.00069000e+00 -2.57268000e-02 9.49241000e-01 1.02642000e+00
4.18879000e-01 4.48467000e-01 1.00068000e+00 -2.55343000e-02 9.49610000e-01 1.02621000e+00
5.23599000e-01 4.50853000e-01 1.00066000e+00 -2.52883000e-02 9.50082000e-01 1.02595000e+00
6.28319000e-01 4.53782000e-01 1.00063000e+00 -2.49899000e-02 9.50655000e-01 1.02562000e+00
7.33038000e-01 4.57259000e-01 1.00061000e+00 -2.46403000e-02 9.51326000e-01 1.02525000e+00
8.37758000e-01 4.61293000e-01 1.00058000e+00 -2.42411000e-02 9.52094000e-01 1.02482000e+00
9.42478000e-01 4.65892000e-01 1.00054000e+00 -2.37940000e-02 9.52954000e-01 1.02434000e+00
1.04720000e+00 4.71068000e-01 1.00051000e+00 -2.33009000e-02 9.53904000e-01 1.02381000e+00
1.15192000e+00 4.76830000e-01 1.00047000e+00 -2.27641000e-02 9.54939000e-01 1.02323000e+00
1.25664000e+00 4.83191000e-01 1.00043000e+00 -2.21858000e-02 9.56056000e-01 1.02261000e+00
1.36136000e+00 4.90164000e-01 1.00039000e+00 -2.15685000e-02 9.57249000e-01 1.02195000e+00
1.46608000e+00 4.97761000e-01 1.00034000e+00 -2.09149000e-02 9.58515000e-01 1.02126000e+00
1.57080000e+00 5.05997000e-01 1.00030000e+00 -2.02278000e-02 9.59847000e-01 1.02053000e+00
1.67552000e+00 5.14884000e-01 1.00026000e+00 -1.95101000e-02 9.61240000e-01 1.01977000e+00
1.78024000e+00 5.24437000e-01 1.00022000e+00 -1.87649000e-02 9.62690000e-01 1.01898000e+00
1.88496000e+00 5.34668000e-01 1.00018000e+00 -1.79953000e-02 9.64189000e-01 1.01818000e+00
1.98968000e+00 5.45590000e-01 1.00014000e+00 -1.72045000e-02 9.65733000e-01 1.01735000e+00
2.09440000e+00 5.57215000e-01 1.00010000e+00 -1.63958000e-02 9.67313000e-01 1.01650000e+00
2.19911000e+00 5.69551000e-01 1.00007000e+00 -1.55726000e-02 9.68925000e-01 1.01564000e+00
2.30383000e+00 5.82607000e-01 1.00004000e+00 -1.47382000e-02 9.70562000e-01 1.01478000e+00
2.40855000e+00 5.96387000e-01 1.00001000e+00 -1.38961000e-02 9.72217000e-01 1.01391000e+00
2.51327000e+00 6.10892000e-01 9.99983000e-01 -1.30495000e-02 9.73884000e-01 1.01303000e+00
2.61799000e+00 6.26120000e-01 9.99959000e-01 -1.22019000e-02 9.75556000e-01 1.01216000e+00
2.72271000e+00 6.42061000e-01 9.99939000e-01 -1.13565000e-02 9.77226000e-01 1.01130000e+00
2.82743000e+00 6.58702000e-01 9.99922000e-01 -1.05166000e-02 9.78889000e-01 1.01044000e+00
2.93215000e+00 6.76023000e-01 9.99908000e-01 -9.68536000e-03 9.80537000e-01 1.00959000e+00
3.03687000e+00 6.93994000e-01 9.99896000e-01 -8.86585000e-03 9.82165000e-01 1.00876000e+00
3.14159000e+00 7.12579000e-01 9.99888000e-01 -8.06102000e-03 9.83766000e-01 1.00795000e+00
3.24631000e+00 7.31730000e-01 9.99883000e-01 -7.27369000e-03 9.85335000e-01 1.00716000e+00
3.35103000e+00 7.51391000e-01 9.99880000e-01 -6.50657000e-03 9.86867000e-01 1.00639000e+00
3.45575000e+00 7.71493000e-01 9.99879000e-01 -5.76216000e-03 9.88355000e-01 1.00564000e+00
3.56047000e+00 7.91956000e-01 9.99881000e-01 -5.04282000e-03 9.89795000e-01 1.00492000e+00
3.66519000e+00 8.12688000e-01 9.99885000e-01 -4.35074000e-03 9.91183000e-01 1.00424000e+00
3.76991000e+00 8.33587000e-01 9.99891000e-01 -3.68788000e-03 9.92515000e-01 1.00358000e+00
3.87463000e+00 8.54536000e-01 9.99898000e-01 -3.05602000e-03 9.93786000e-01 1.00295000e+00
3.97935000e+00 8.75411000e-01 9.99906000e-01 -2.45673000e-03 9.94992000e-01 1.00236000e+00
4.08407000e+00 8.96076000e-01 9.99915000e-01 -1.89136000e-03 9.96132000e-01 1.00181000e+00
4.18879000e+00 9.16390000e-01 9.99925000e-01 -1.36104000e-03 9.97203000e-01 1.00129000e+00
4.29351000e+00 9.36206000e-01 9.99936000e-01 -8.66674000e-04 9.98202000e-01 1.00080000e+00
4.39823000e+00 9.55374000e-01 9.99946000e-01 -4.08939000e-04 9.99128000e-01 1.00036000e+00
4.50295000e+00 9.73744000e-01 9.99957000e-01 1.17106000e-05 9.99980000e-01 9.99945000e-01
4.60767000e+00 9.91173000e-01 9.99967000e-01 3.95043000e-04 1.00076000e+00 9.99572000e-01
4.71239000e+00 1.00752000e+00 9.99978000e-01 7.41048000e-04 1.00146000e+00 9.99237000e-01
4.81711000e+00 1.02267000e+00 9.99987000e-01 1.04993000e-03 1.00209000e+00 9.98937000e-01
4.92183000e+00 1.03650000e+00 9.99997000e-01 1.32210000e-03 1.00264000e+00 9.98674000e-01
5.02655000e+00 1.04893000e+00 1.00000000e+00 1.55817000e-03 1.00312000e+00 9.98447000e-01
5.13127000e+00 1.05988000e+00 1.00001000e+00 1.75893000e-03 1.00353000e+00 9.98254000e-01
5.23599000e+00 1.06930000e+00 1.00002000e+00 1.92539000e-03 1.00387000e+00 9.98094000e-01
5.34071000e+00 1.07717000e+00 1.00002000e+00 2.05867000e-03 1.00414000e+00 9.97966000e-01
5.44543000e+00 1.08347000e+00 1.00003000e+00 2.16010000e-03 1.00435000e+00 9.97870000e-01
5.55015000e+00 1.08824000e+00 1.00003000e+00 2.23111000e-03 1.00450000e+00 9.97803000e-01
5.65487000e+00 1.09152000e+00 1.00004000e+00 2.27329000e-03 1.00458000e+00 9.97764000e-01
5.75959000e+00 1.09336000e+00 1.00004000e+00 2.28832000e-03 1.00462000e+00 9.97751000e-01
5.86431000e+00 1.09386000e+00 1.00004000e+00 2.27798000e-03 1.00460000e+00 9.97763000e-01
5.96903000e+00 1.09309000e+00 1.00004000e+00 2.24415000e-03 1.00453000e+00 9.97797000e-01
6.07375000e+00 1.09118000e+00 1.00004000e+00 2.18876000e-03 1.00442000e+00 9.97852000e-01
6.17847000e+00 1.08823000e+00 1.00004000e+00 2.11378000e-03 1.00427000e+00 9.97927000e-01
6.28319000e+00 1.08437000e+00 1.00004000e+00 2.02125000e-03 1.00408000e+00 9.98018000e-01
6.38791000e+00 1.07972000e+00 1.00004000e+00 1.91319000e-03 1.00386000e+00 9.98124000e-01
6.49262000e+00 1.07441000e+00 1.00004000e+00 1.79164000e-03 1.00362000e+00 9.98244000e-01
6.59734000e+00 1.06855000e+00 1.00003000e+00 1.65863000e-03 1.00335000e+00 9.98374000e-01
6.70206000e+00 1.06227000e+00 1.00003000e+00 1.51618000e-03 1.00306000e+00 9.98514000e-01
6.80678000e+00 1.05567000e+00 1.00003000e+00 1.36624000e-03 1.00276000e+00 9.98661000e-01
6.91150000e+00 1.04887000e+00 1.00002000e+00 1.21073000e-03 1.00245000e+00 9.98814000e-01
7.01622000e+00 1.04195000e+00 1.00002000e+00 1.05150000e-03 1.00212000e+00 9.98970000e-01
7.12094000e+00 1.03501000e+00 1.00002000e+00 8.90340000e-04 1.00180000e+00 9.99128000e-01
7.22566000e+00 1.02814000e+00 1.00002000e+00 7.28935000e-04 1.00147000e+00 9.99286000e-01
7.33038000e+00 1.02139000e+00 1.00001000e+00 5.68891000e-04 1.00115000e+00 9.99443000e-01
7.43510000e+00 1.01484000e+00 1.00001000e+00 4.11710000e-04 1.00083000e+00 9.99597000e-01
7.53982000e+00 1.00854000e+00 1.00001000e+00 2.58788000e-04 1.00052000e+00 9.99748000e-01
7.64454000e+00 1.00255000e+00 1.00000000e+00 1.11405000e-04 1.00023000e+00 9.99892000e-01
7.74926000e+00 9.96891000e-01 1.00000000e+00 -2.92747000e-05 9.99943000e-01 1.00003000e+00
7.85398000e+00 9.91611000e-01 9.99999000e-01 -1.62210000e-04 9.99675000e-01 1.00016000e+00
7.95870000e+00 9.86735000e-01 9.99997000e-01 -2.86484000e-04 9.99424000e-01 1.00028000e+00
8.06342000e+00 9.82284000e-01 9.99995000e-01 -4.01307000e-04 9.99192000e-01 1.00040000e+00
8.16814000e+00 9.78275000e-01 9.99993000e-01 -5.06015000e-04 9.98981000e-01 1.00050000e+00
8.27286000e+00 9.74719000e-01 9.99992000e-01 -6.00071000e-04 9.98791000e-01 1.00059000e+00
8.37758000e+00 9.71623000e-01 9.99990000e-01 -6.83064000e-04 9.98624000e-01 1.00067000e+00
8.48230000e+00 9.68990000e-01 9.99989000e-01 -7.54706000e-04 9.98480000e-01 1.00074000e+00
8.58702000e+00 9.66819000e-01 9.99988000e-01 -8.14828000e-04 9.98358000e-01 1.00080000e+00
8.69174000e+00 9.65106000e-01 9.99987000e-01 -8.63377000e-04 9.98260000e-01 1.00085000e+00
8.79646000e+00 9.63842000e-01 9.99987000e-01 -9.00413000e-04 9.98186000e-01 1.00089000e+00
8.90118000e+00 9.63017000e-01 9.99986000e-01 -9.26102000e-04 9.98134000e-01 1.00091000e+00
9.00590000e+00 9.62617000e-01 9.99986000e-01 -9.40708000e-04 9.98104000e-01 1.00093000e+00
9.11062000e+00 9.62627000e-01 9.99985000e-01 -9.44591000e-04 9.98096000e-01 1.00093000e+00
9.21534000e+00 9.63028000e-01 9.99985000e-01 -9.38195000e-04 9.98109000e-01 1.00092000e+00
9.32006000e+00 9.63799000e-01 9.99985000e-01 -9.22045000e-04 9.98141000e-01 1.00091000e+00
9.42478000e+00 9.64917000e-01 9.99986000e-01 -8.96737000e-04 9.98192000e-01 1.00088000e+00
9.52950000e+00 9.66359000e-01 9.99986000e-01 -8.62927000e-04 9.98260000e-01 1.00085000e+00
9.63422000e+00 9.68098000e-01 9.99987000e-01 -8.21328000e-04 9.98344000e-01 1.00081000e+00
9.73894000e+00 9.70106000e-01 9.99987000e-01 -7.72699000e-04 9.98442000e-01 1.00076000e+00
9.84366000e+00 9.72354000e-01 9.99988000e-01 -7.17833000e-04 9.98552000e-01 1.00071000e+00
9.94838000e+00 9.74811000e-01 9.99989000e-01 -6.57554000e-04 9.98674000e-01 1.00065000e+00
1.00531000e+01 9.77446000e-01 9.99990000e-01 -5.92705000e-04 9.98804000e-01 1.00058000e+00
1.01578000e+01 9.80228000e-01 9.99991000e-01 -5.24138000e-04 9.98942000e-01 1.00051000e+00
1.02625000e+01 9.83122000e-01 9.99992000e-01 -4.52712000e-04 9.99086000e-01 1.00044000e+00
1.03673000e+01 9.86097000e-01 9.99993000e-01 -3.79276000e-04 9.99234000e-01 1.00037000e+00
1.04720000e+01 9.89119000e-01 9.99994000e-01 -3.04668000e-04 9.99385000e-01 1.00030000e+00
1.05767000e+01 9.92155000e-01 9.99995000e-01 -2.29706000e-04 9.99536000e-01 1.00022000e+00
1.06814000e+01 9.95172000e-01 9.99996000e-01 -1.55179000e-04 9.99686000e-01 1.00015000e+00
1.07861000e+01 9.98140000e-01 9.99998000e-01 -8.18431000e-05 9.99834000e-01 1.00008000e+00
1.08909000e+01 1.00103000e+00 9.99999000e-01 -1.04134000e-05 9.99978000e-01 1.00001000e+00
1.09956000e+01 1.00381000e+00 1.00000000e+00 5.84401000e-05 1.00012000e+00 9.99942000e-01
1.11003000e+01 1.00645000e+00 1.00000000e+00 1.24098000e-04 1.00025000e+00 9.99877000e-01
1.12050000e+01 1.00893000e+00 1.00000000e+00 1.85995000e-04 1.00037000e+00 9.99816000e-01
1.13097000e+01 1.01123000e+00 1.00000000e+00 2.43624000e-04 1.00049000e+00 9.99760000e-01
1.14145000e+01 1.01333000e+00 1.00000000e+00 2.96540000e-04 1.00060000e+00 9.99708000e-01
1.15192000e+01 1.01520000e+00 1.00001000e+00 3.44361000e-04 1.00069000e+00 9.99661000e-01
1.16239000e+01 1.01684000e+00 1.00001000e+00 3.86768000e-04 1.00078000e+00 9.99619000e-01
1.17286000e+01 1.01823000e+00 1.00001000e+00 4.23511000e-04 1.00085000e+00 9.99583000e-01
1.18333000e+01 1.01937000e+00 1.00001000e+00 4.54404000e-04 1.00092000e+00 9.99553000e-01
1.19381000e+01 1.02025000e+00 1.00001000e+00 4.79327000e-04 1.00097000e+00 9.99529000e-01
1.20428000e+01 1.02086000e+00 1.00001000e+00 4.98226000e-04 1.00100000e+00 9.99510000e-01
1.21475000e+01 1.02122000e+00 1.00001000e+00 5.11109000e-04 1.00103000e+00 9.99498000e-01
1.22522000e+01 1.02132000e+00 1.00001000e+00 5.18046000e-04 1.00104000e+00 9.99491000e-01
1.23569000e+01 1.02118000e+00 1.00001000e+00 5.19164000e-04 1.00105000e+00 9.99490000e-01
1.24617000e+01 1.02080000e+00 1.00001000e+00 5.14647000e-04 1.00104000e+00 9.99494000e-01
1.25664000e+01 1.02019000e+00 1.00001000e+00 5.04729000e-04 1.00102000e+00 9.99504000e-01
1.26711000e+01 1.01937000e+00 1.00001000e+00 4.89692000e-04 1.00099000e+00 9.99519000e-01
1.27758000e+01 1.01836000e+00 1.00001000e+00 4.69863000e-04 1.00095000e+00 9.99538000e-01
1.28805000e+01 1.01718000e+00 1.00001000e+00 4.45605000e-04 1.00090000e+00 9.99562000e-01
1.29852000e+01 1.01584000e+00 1.00001000e+00 4.17317000e-04 1.00084000e+00 9.99590000e-01
1.30900000e+01 1.01436000e+00 1.00001000e+00 3.85426000e-04 1.00078000e+00 9.99621000e-01
1.31947000e+01 1.01278000e+00 1.00001000e+00 3.50382000e-04 1.00071000e+00 9.99655000e-01
1.32994000e+01 1.01110000e+00 1.00001000e+00 3.12655000e-04 1.00063000e+00 9.99692000e-01
1.34041000e+01 1.00935000e+00 1.00000000e+00 2.72725000e-04 1.00055000e+00 9.99732000e-01
1.35088000e+01 1.00756000e+00 1.00000000e+00 2.31084000e-04 1.00047000e+00 9.99773000e-01
1.36136000e+01 1.00574000e+00 1.00000000e+00 1.88222000e-04 1.00038000e+00 9.99815000e-01
1.37183000e+01 1.00392000e+00 1.00000000e+00 1.44631000e-04 1.00029000e+00 9.99858000e-01
1.38230000e+01 1.00211000e+00 1.00000000e+00 1.00792000e-04 1.00020000e+00 9.99901000e-01
1.39277000e+01 1.00034000e+00 1.00000000e+00 5.71775000e-05 1.00012000e+00 9.99943000e-01
1.40324000e+01 9.98619000e-01 1.00000000e+00 1.42405000e-05 1.00003000e+00 9.99986000e-01
1.41372000e+01 9.96970000e-01 9.99999000e-01 -2.75847000e-05 9.99944000e-01 1.00003000e+00
1.42419000e+01 9.95405000e-01 9.99999000e-01 -6.78883000e-05 9.99863000e-01 1.00007000e+00
1.43466000e+01 9.93940000e-01 9.99998000e-01 -1.06288000e-04 9.99785000e-01 1.00010000e+00
1.44513000e+01 9.92586000e-01 9.99997000e-01 -1.42434000e-04 9.99712000e-01 1.00014000e+00
1.45560000e+01 9.91354000e-01 9.99997000e-01 -1.76007000e-04 9.99645000e-01 1.00017000e+00
1.46608000e+01 9.90253000e-01 9.99996000e-01 -2.06726000e-04 9.99583000e-01 1.00020000e+00
1.47655000e+01 9.89291000e-01 9.99996000e-01 -2.34345000e-04 9.99527000e-01 1.00023000e+00
1.48702000e+01 9.88474000e-01 9.99996000e-01 -2.58661000e-04 9.99478000e-01 1.00025000e+00
1.49749000e+01 9.87805000e-01 9.99995000e-01 -2.79507000e-04 9.99436000e-01 1.00027000e+00
1.50796000e+01 9.87288000e-01 9.99995000e-01 -2.96758000e-04 9.99402000e-01 1.00029000e+00
1.51844000e+01 9.86924000e-01 9.99995000e-01 -3.10332000e-04 9.99374000e-01 1.00031000e+00
1.52891000e+01 9.86712000e-01 9.99995000e-01 -3.20183000e-04 9.99354000e-01 1.00031000e+00
1.53938000e+01 9.86650000e-01 9.99995000e-01 -3.26309000e-04 9.99342000e-01 1.00032000e+00
1.54985000e+01 9.86734000e-01 9.99995000e-01 -3.28746000e-04 9.99337000e-01 1.00032000e+00
1.56032000e+01 9.86961000e-01 9.99995000e-01 -3.27565000e-04 9.99340000e-01 1.00032000e+00
1.57080000e+01 9.87323000e-01 9.99995000e-01 -3.22877000e-04 9.99349000e-01 1.00032000e+00
1.58127000e+01 9.87815000e-01 9.99995000e-01 -3.14822000e-04 9.99365000e-01 1.00031000e+00
1.59174000e+01 9.88427000e-01 9.99995000e-01 -3.03575000e-04 9.99388000e-01 1.00030000e+00
1.60221000e+01 9.89149000e-01 9.99995000e-01 -2.89339000e-04 9.99417000e-01 1.00028000e+00
1.61268000e+01 9.89973000e-01 9.99996000e-01 -2.72342000e-04 9.99451000e-01 1.00027000e+00
1.62316000e+01 9.90887000e-01 9.99996000e-01 -2.52835000e-04 9.99490000e-01 1.00025000e+00
1.63363000e+01 9.91879000e-01 9.99996000e-01 -2.31092000e-04 9.99534000e-01 1.00023000e+00
1.64410000e+01 9.92936000e-01 9.99997000e-01 -2.07399000e-04 9.99582000e-01 1.00020000e+00
1.65457000e+01 9.94047000e-01 9.99997000e-01 -1.82058000e-04 9.99633000e-01 1.00018000e+00
1.66504000e+01 9.95197000e-01 9.99998000e-01 -1.55380000e-04 9.99687000e-01 1.00015000e+00
1.67552000e+01 9.96374000e-01 9.99998000e-01 -1.27683000e-04 9.99743000e-01 1.00013000e+00
1.68599000e+01 9.97564000e-01 9.99999000e-01 -9.92876000e-05 9.99800000e-01 1.00010000e+00
1.69646000e+01 9.98755000e-01 9.99999000e-01 -7.05133000e-05 9.99858000e-01 1.00007000e+00
1.70693000e+01 9.99932000e-01 1.00000000e+00 -4.16763000e-05 9.99916000e-01 1.00004000e+00
1.71740000e+01 1.00108000e+00 1.00000000e+00 -1.30862000e-05 9.99974000e-01 1.00001000e+00
1.72788000e+01 1.00220000e+00 1.00000000e+00 1.49579000e-05 1.00003000e+00 9.99986000e-01
1.73835000e+01 1.00326000e+00 1.00000000e+00 4.21696000e-05 1.00009000e+00 9.99959000e-01
1.74882000e+01 1.00427000e+00 1.00000000e+00 6.82779000e-05 1.00014000e+00 9.99933000e-01
1.75929000e+01 1.00520000e+00 1.00000000e+00 9.30299000e-05 1.00019000e+00 9.99909000e-01
1.76976000e+01 1.00606000e+00 1.00000000e+00 1.16193000e-04 1.00023000e+00 9.99886000e-01
1.78024000e+01 1.00683000e+00 1.00000000e+00 1.37557000e-04 1.00028000e+00 9.99865000e-01
1.79071000e+01 1.00751000e+00 1.00000000e+00 1.56934000e-04 1.00032000e+00 9.99846000e-01
1.80118000e+01 1.00808000e+00 1.00000000e+00 1.74164000e-04 1.00035000e+00 9.99829000e-01
1.81165000e+01 1.00856000e+00 1.00000000e+00 1.89112000e-04 1.00038000e+00 9.99814000e-01
1.82212000e+01 1.00892000e+00 1.00000000e+00 2.01669000e-04 1.00041000e+00 9.99802000e-01
1.83260000e+01 1.00918000e+00 1.00000000e+00 2.11756000e-04 1.00043000e+00 9.99792000e-01
1.84307000e+01 1.00933000e+00 1.00000000e+00 2.19321000e-04 1.00044000e+00 9.99784000e-01
1.85354000e+01 1.00937000e+00 1.00000000e+00 2.24339000e-04 1.00045000e+00 9.99780000e-01
1.86401000e+01 1.00930000e+00 1.00000000e+00 2.26814000e-04 1.00046000e+00 9.99777000e-01
1.87448000e+01 1.00913000e+00 1.00000000e+00 2.26775000e-04 1.00046000e+00 9.99777000e-01
1.88496000e+01 1.00887000e+00 1.00000000e+00 2.24280000e-04 1.00045000e+00 9.99779000e-01
1.89543000e+01 1.00851000e+00 1.00000000e+00 2.19408000e-04 1.00044000e+00 9.99784000e-01
1.90590000e+01 1.00806000e+00 1.00000000e+00 2.12264000e-04 1.00043000e+00 9.99791000e-01
1.91637000e+01 1.00753000e+00 1.00000000e+00 2.02975000e-04 1.00041000e+00 9.99800000e-01
1.92684000e+01 1.00692000e+00 1.00000000e+00 1.91687000e-04 1.00039000e+00 9.99811000e-01
1.93732000e+01 1.00626000e+00 1.00000000e+00 1.78563000e-04 1.00036000e+00 9.99824000e-01
1.94779000e+01 1.00554000e+00 1.00000000e+00 1.63784000e-04 1.00033000e+00 9.99839000e-01
1.95826000e+01 1.00477000e+00 1.00000000e+00 1.47545000e-04 1.00030000e+00 9.99855000e-01
1.96873000e+01 1.00396000e+00 1.00000000e+00 1.30050000e-04 1.00026000e+00 9.99872000e-01
1.97920000e+01 1.00313000e+00 1.00000000e+00 1.11513000e-04 1.00022000e+00 9.99890000e-01
1.98968000e+01 1.00229000e+00 1.00000000e+00 9.21566000e-05 1.00019000e+00 9.99909000e-01
2.00015000e+01 1.00143000e+00 1.00000000e+00 7.22045000e-05 1.00015000e+00 9.99929000e-01
2.01062000e+01 1.00058000e+00 1.00000000e+00 5.18835000e-05 1.00010000e+00 9.99949000e-01
2.02109000e+01 9.99740000e-01 1.00000000e+00 3.14195000e-05 1.00006000e+00 9.99969000e-01
2.03156000e+01 9.98921000e-01 1.00000000e+00 1.10352000e-05 1.00002000e+00 9.99989000e-01
2.04204000e+01 9.98131000e-01 9.99999000e-01 -9.05210000e-06 9.99981000e-01 1.00001000e+00
2.05251000e+01 9.97379000e-01 9.99999000e-01 -2.86328000e-05 9.99942000e-01 1.00003000e+00
2.06298000e+01 9.96672000e-01 9.99999000e-01 -4.75069000e-05 9.99904000e-01 1.00005000e+00
2.07345000e+01 9.96016000e-01 9.99999000e-01 -6.54859000e-05 9.99868000e-01 1.00006000e+00
2.08392000e+01 9.95417000e-01 9.99998000e-01 -8.23947000e-05 9.99833000e-01 1.00008000e+00
2.09440000e+01 9.94882000e-01 9.99998000e-01 -9.80730000e-05 9.99802000e-01 1.00010000e+00
2.10487000e+01 9.94413000e-01 9.99998000e-01 -1.12377000e-04 9.99773000e-01 1.00011000e+00
2.11534000e+01 9.94016000e-01 9.99998000e-01 -1.25180000e-04 9.99747000e-01 1.00012000e+00
2.12581000e+01 9.93692000e-01 9.99997000e-01 -1.36374000e-04 9.99725000e-01 1.00013000e+00
2.13628000e+01 9.93444000e-01 9.99997000e-01 -1.45870000e-04 9.99706000e-01 1.00014000e+00
2.14675000e+01 9.93272000e-01 9.99997000e-01 -1.53599000e-04 9.99690000e-01 1.00015000e+00
2.15723000e+01 9.93178000e-01 9.99997000e-01 -1.59513000e-04 9.99678000e-01 1.00016000e+00
2.16770000e+01 9.93161000e-01 9.99997000e-01 -1.63583000e-04 9.99670000e-01 1.00016000e+00
2.17817000e+01 9.93219000e-01 9.99997000e-01 -1.65801000e-04 9.99666000e-01 1.00016000e+00
2.18864000e+01 9.93351000e-01 9.99997000e-01 -1.66177000e-04 9.99665000e-01 1.00016000e+00
2.19911000e+01 9.93554000e-01 9.99997000e-01 -1.64743000e-04 9.99668000e-01 1.00016000e+00
2.20959000e+01 9.93824000e-01 9.99997000e-01 -1.61550000e-04 9.99674000e-01 1.00016000e+00
2.22006000e+01 9.94156000e-01 9.99998000e-01 -1.56663000e-04 9.99684000e-01 1.00015000e+00
2.23053000e+01 9.94548000e-01 9.99998000e-01 -1.50167000e-04 9.99697000e-01 1.00015000e+00
2.24100000e+01 9.94992000e-01 9.99998000e-01 -1.42163000e-04 9.99714000e-01 1.00014000e+00
2.25147000e+01 9.95484000e-01 9.99998000e-01 -1.32764000e-04 9.99733000e-01 1.00013000e+00
2.26195000e+01 9.96018000e-01 9.99998000e-01 -1.22098000e-04 9.99754000e-01 1.00012000e+00
2.27242000e+01 9.96586000e-01 9.99998000e-01 -1.10301000e-04 9.99778000e-01 1.00011000e+00
2.28289000e+01 9.97182000e-01 9.99999000e-01 -9.75231000e-05 9.99804000e-01 1.00010000e+00
2.29336000e+01 9.97800000e-01 9.99999000e-01 -8.39184000e-05 9.99831000e-01 1.00008000e+00
2.30383000e+01 9.98431000e-01 9.99999000e-01 -6.96487000e-05 9.99860000e-01 1.00007000e+00
2.31431000e+01 9.99069000e-01 9.99999000e-01 -5.48796000e-05 9.99890000e-01 1.00005000e+00
2.32478000e+01 9.99707000e-01 1.00000000e+00 -3.97792000e-05 9.99920000e-01 1.00004000e+00
2.33525000e+01 1.00034000e+00 1.00000000e+00 -2.45163000e-05 9.99951000e-01 1.00002000e+00
2.34572000e+01 1.00095000e+00 1.00000000e+00 -9.25815000e-06 9.99982000e-01 1.00001000e+00
2.35619000e+01 1.00155000e+00 1.00000000e+00 5.83085000e-06 1.00001000e+00 9.99995000e-01
2.36667000e+01 1.00212000e+00 1.00000000e+00 2.05910000e-05 1.00004000e+00 9.99980000e-01
2.37714000e+01 1.00265000e+00 1.00000000e+00 3.48689000e-05 1.00007000e+00 9.99966000e-01
2.38761000e+01 1.00315000e+00 1.00000000e+00 4.85190000e-05 1.00010000e+00 9.99953000e-01
2.39808000e+01 1.00360000e+00 1.00000000e+00 6.14051000e-05 1.00012000e+00 9.99940000e-01
2.40855000e+01 1.00401000e+00 1.00000000e+00 7.34012000e-05 1.00015000e+00 9.99928000e-01
2.41903000e+01 1.00437000e+00 1.00000000e+00 8.43935000e-05 1.00017000e+00 9.99917000e-01
2.42950000e+01 1.00467000e+00 1.00000000e+00 9.42804000e-05 1.00019000e+00 9.99908000e-01
2.43997000e+01 1.00491000e+00 1.00000000e+00 1.02974000e-04 1.00021000e+00 9.99899000e-01
2.45044000e+01 1.00509000e+00 1.00000000e+00 1.10401000e-04 1.00022000e+00 9.99892000e-01
2.46091000e+01 1.00522000e+00 1.00000000e+00 1.16503000e-04 1.00024000e+00 9.99886000e-01
2.47139000e+01 1.00528000e+00 1.00000000e+00 1.21237000e-04 1.00024000e+00 9.99881000e-01
2.48186000e+01 1.00528000e+00 1.00000000e+00 1.24573000e-04 1.00025000e+00 9.99878000e-01
2.49233000e+01 1.00523000e+00 1.00000000e+00 1.26500000e-04 1.00026000e+00 9.99876000e-01
2.50280000e+01 1.00511000e+00 1.00000000e+00 1.27020000e-04 1.00026000e+00 9.99875000e-01
2.51327000e+01 1.00494000e+00 1.00000000e+00 1.26151000e-04 1.00025000e+00 9.99876000e-01
2.52375000e+01 1.00472000e+00 1.00000000e+00 1.23926000e-04 1.00025000e+00 9.99878000e-01
2.53422000e+01 1.00445000e+00 1.00000000e+00 1.20390000e-04 1.00024000e+00 9.99881000e-01
2.54469000e+01 1.00413000e+00 1.00000000e+00 1.15605000e-04 1.00023000e+00 9.99886000e-01
2.55516000e+01 1.00378000e+00 1.00000000e+00 1.09641000e-04 1.00022000e+00 9.99892000e-01
2.56563000e+01 1.00338000e+00 1.00000000e+00 1.02582000e-04 1.00021000e+00 9.99899000e-01
2.57611000e+01 1.00296000e+00 1.00000000e+00 9.45229000e-05 1.00019000e+00 9.99907000e-01
2.58658000e+01 1.00251000e+00 1.00000000e+00 8.55666000e-05 1.00017000e+00 9.99916000e-01
2.59705000e+01 1.00204000e+00 1.00000000e+00 7.58242000e-05 1.00015000e+00 9.99925000e-01
2.60752000e+01 1.00155000e+00 1.00000000e+00 6.54137000e-05 1.00013000e+00 9.99935000e-01
2.61799000e+01 1.00105000e+00 1.00000000e+00 5.44583000e-05 1.00011000e+00 9.99946000e-01
2.62847000e+01 1.00055000e+00 1.00000000e+00 4.30850000e-05 1.00009000e+00 9.99957000e-01
2.63894000e+01 1.00006000e+00 1.00000000e+00 3.14234000e-05 1.00006000e+00 9.99969000e-01
2.64941000e+01 9.99567000e-01 1.00000000e+00 1.96041000e-05 1.00004000e+00 9.99980000e-01
2.65988000e+01 9.99089000e-01 1.00000000e+00 7.75729000e-06 1.00002000e+00 9.99992000e-01
2.67035000e+01 9.98629000e-01 1.00000000e+00 -3.98851000e-06 9.99992000e-01 1.00000000e+00
2.68083000e+01 9.98192000e-01 9.99999000e-01 -1.55080000e-05 9.99968000e-01 1.00001000e+00
2.69130000e+01 9.97781000e-01 9.99999000e-01 -2.66800000e-05 9.99946000e-01 1.00003000e+00
2.70177000e+01 9.97402000e-01 9.99999000e-01 -3.73894000e-05 9.99924000e-01 1.00004000e+00
2.71224000e+01 9.97057000e-01 9.99999000e-01 -4.75274000e-05 9.99904000e-01 1.00005000e+00
2.72271000e+01 9.96750000e-01 9.99999000e-01 -5.69932000e-05 9.99885000e-01 1.00006000e+00
2.73319000e+01 9.96484000e-01 9.99999000e-01 -6.56948000e-05 9.99867000e-01 1.00006000e+00
2.74366000e+01 9.96260000e-01 9.99999000e-01 -7.35499000e-05 9.99851000e-01 1.00007000e+00
2.75413000e+01 9.96082000e-01 9.99998000e-01 -8.04862000e-05 9.99837000e-01 1.00008000e+00
2.76460000e+01 9.95949000e-01 9.99998000e-01 -8.64428000e-05 9.99825000e-01 1.00008000e+00
2.77507000e+01 9.95863000e-01 9.99998000e-01 -9.13700000e-05 9.99816000e-01 1.00009000e+00
2.78555000e+01 9.95824000e-01 9.99998000e-01 -9.52300000e-05 9.99808000e-01 1.00009000e+00
2.79602000e+01 9.95832000e-01 9.99998000e-01 -9.79971000e-05 9.99802000e-01 1.00010000e+00
2.80649000e+01 9.95886000e-01 9.99998000e-01 -9.96575000e-05 9.99799000e-01 1.00010000e+00
2.81696000e+01 9.95984000e-01 9.99998000e-01 -1.00210000e-04 9.99798000e-01 1.00010000e+00
2.82743000e+01 9.96125000e-01 9.99998000e-01 -9.96644000e-05 9.99799000e-01 1.00010000e+00
2.83791000e+01 9.96308000e-01 9.99998000e-01 -9.80433000e-05 9.99802000e-01 1.00010000e+00
2.84838000e+01 9.96528000e-01 9.99999000e-01 -9.53798000e-05 9.99808000e-01 1.00009000e+00
2.85885000e+01 9.96784000e-01 9.99999000e-01 -9.17181000e-05 9.99815000e-01 1.00009000e+00
2.86932000e+01 9.97072000e-01 9.99999000e-01 -8.71122000e-05 9.99825000e-01 1.00009000e+00
2.87979000e+01 9.97389000e-01 9.99999000e-01 -8.16258000e-05 9.99836000e-01 1.00008000e+00
2.89027000e+01 9.97730000e-01 9.99999000e-01 -7.53308000e-05 9.99848000e-01 1.00007000e+00
2.90074000e+01 9.98092000e-01 9.99999000e-01 -6.83070000e-05 9.99863000e-01 1.00007000e+00
2.91121000e+01 9.98470000e-01 9.99999000e-01 -6.06410000e-05 9.99878000e-01 1.00006000e+00
2.92168000e+01 9.98860000e-01 9.99999000e-01 -5.24248000e-05 9.99895000e-01 1.00005000e+00
2.93215000e+01 9.99258000e-01 1.00000000e+00 -4.37553000e-05 9.99912000e-01 1.00004000e+00
2.94263000e+01 9.99659000e-01 1.00000000e+00 -3.47326000e-05 9.99930000e-01 1.00003000e+00
2.95310000e+01 1.00006000e+00 1.00000000e+00 -2.54596000e-05 9.99949000e-01 1.00003000e+00
2.96357000e+01 1.00045000e+00 1.00000000e+00 -1.60401000e-05 9.99968000e-01 1.00002000e+00
2.97404000e+01 1.00083000e+00 1.00000000e+00 -6.57809000e-06 9.99987000e-01 1.00001000e+00
2.98451000e+01 1.00120000e+00 1.00000000e+00 2.82325000e-06 1.00001000e+00 9.99998000e-01
2.99498000e+01 1.00155000e+00 1.00000000e+00 1.20630000e-05 1.00002000e+00 9.99989000e-01
3.00546000e+01 1.00188000e+00 1.00000000e+00 2.10433000e-05 1.00004000e+00 9.99980000e-01
3.01593000e+01 1.00219000e+00 1.00000000e+00 2.96705000e-05 1.00006000e+00 9.99971000e-01
3.02640000e+01 1.00246000e+00 1.00000000e+00 3.78560000e-05 1.00008000e+00 9.99963000e-01
3.03687000e+01 1.00271000e+00 1.00000000e+00 4.55172000e-05 1.00009000e+00 9.99956000e-01
3.04734000e+01 1.00292000e+00 1.00000000e+00 5.25782000e-05 1.00011000e+00 9.99949000e-01
3.05782000e+01 1.00309000e+00 1.00000000e+00 5.89708000e-05 1.00012000e+00 9.99942000e-01
3.06829000e+01 1.00323000e+00 1.00000000e+00 6.46347000e-05 1.00013000e+00 9.99937000e-01
3.07876000e+01 1.00333000e+00 1.00000000e+00 6.95185000e-05 1.00014000e+00 9.99932000e-01
3.08923000e+01 1.00339000e+00 1.00000000e+00 7.35799000e-05 1.00015000e+00 9.99928000e-01
3.09970000e+01 1.00342000e+00 1.00000000e+00 7.67857000e-05 1.00015000e+00 9.99925000e-01
3.11018000e+01 1.00340000e+00 1.00000000e+00 7.91129000e-05 1.00016000e+00 9.99922000e-01
3.12065000e+01 1.00335000e+00 1.00000000e+00 8.05480000e-05 1.00016000e+00 9.99921000e-01
3.13112000e+01 1.00326000e+00 1.00000000e+00 8.10872000e-05 1.00016000e+00 9.99920000e-01
3.14159000e+01 1.00313000e+00 1.00000000e+00 8.07367000e-05 1.00016000e+00 9.99921000e-01
3.15206000e+01 1.00298000e+00 1.00000000e+00 7.95122000e-05 1.00016000e+00 9.99922000e-01
3.16254000e+01 1.00279000e+00 1.00000000e+00 7.74383000e-05 1.00016000e+00 9.99924000e-01
3.17301000e+01 1.00257000e+00 1.00000000e+00 7.45488000e-05 1.00015000e+00 9.99927000e-01
3.18348000e+01 1.00232000e+00 1.00000000e+00 7.08859000e-05 1.00014000e+00 9.99930000e-01
3.19395000e+01 1.00206000e+00 1.00000000e+00 6.64992000e-05 1.00013000e+00 9.99934000e-01
3.20442000e+01 1.00177000e+00 1.00000000e+00 6.14458000e-05 1.00012000e+00 9.99939000e-01
3.21490000e+01 1.00147000e+00 1.00000000e+00 5.57893000e-05 1.00011000e+00 9.99945000e-01
3.22537000e+01 1.00115000e+00 1.00000000e+00 4.95987000e-05 1.00010000e+00 9.99951000e-01
3.23584000e+01 1.00083000e+00 1.00000000e+00 4.29482000e-05 1.00009000e+00 9.99957000e-01
3.24631000e+01 1.00050000e+00 1.00000000e+00 3.59158000e-05 1.00007000e+00 9.99964000e-01
3.25678000e+01 1.00017000e+00 1.00000000e+00 2.85826000e-05 1.00006000e+00 9.99972000e-01
3.26726000e+01 9.99842000e-01 1.00000000e+00 2.10321000e-05 1.00004000e+00 9.99979000e-01
3.27773000e+01 9.99521000e-01 1.00000000e+00 1.33488000e-05 1.00003000e+00 9.99986000e-01
3.28820000e+01 9.99208000e-01 1.00000000e+00 5.61795000e-06 1.00001000e+00 9.99994000e-01
3.29867000e+01 9.98908000e-01 1.00000000e+00 -2.07616000e-06 9.99995000e-01 1.00000000e+00
3.30914000e+01 9.98625000e-01 9.99999000e-01 -9.65050000e-06 9.99980000e-01 1.00001000e+00
3.31962000e+01 9.98360000e-01 9.99999000e-01 -1.70244000e-05 9.99965000e-01 1.00002000e+00
3.33009000e+01 9.98116000e-01 9.99999000e-01 -2.41205000e-05 9.99951000e-01 1.00002000e+00
3.34056000e+01 9.97896000e-01 9.99999000e-01 -3.08652000e-05 9.99937000e-01 1.00003000e+00
3.35103000e+01 9.97703000e-01 9.99999000e-01 -3.71898000e-05 9.99925000e-01 1.00004000e+00
3.36150000e+01 9.97537000e-01 9.99999000e-01 -4.30309000e-05 9.99913000e-01 1.00004000e+00
3.37198000e+01 9.97401000e-01 9.99999000e-01 -4.83312000e-05 9.99902000e-01 1.00005000e+00
3.38245000e+01 9.97295000e-01 9.99999000e-01 -5.30398000e-05 9.99893000e-01 1.00005000e+00
3.39292000e+01 9.97220000e-01 9.99999000e-01 -5.71130000e-05 9.99885000e-01 1.00006000e+00
3.40339000e+01 9.97177000e-01 9.99999000e-01 -6.05144000e-05 9.99878000e-01 1.00006000e+00
3.41386000e+01 9.97166000e-01 9.99999000e-01 -6.32154000e-05 9.99872000e-01 1.00006000e+00
3.42434000e+01 9.97186000e-01 9.99999000e-01 -6.51951000e-05 9.99868000e-01 1.00006000e+00
3.43481000e+01 9.97238000e-01 9.99999000e-01 -6.64410000e-05 9.99866000e-01 1.00007000e+00
3.44528000e+01 9.97319000e-01 9.99999000e-01 -6.69483000e-05 9.99865000e-01 1.00007000e+00
3.45575000e+01 9.97429000e-01 9.99999000e-01 -6.67206000e-05 9.99865000e-01 1.00007000e+00
3.46622000e+01 9.97567000e-01 9.99999000e-01 -6.57692000e-05 9.99867000e-01 1.00006000e+00
3.47670000e+01 9.97729000e-01 9.99999000e-01 -6.41131000e-05 9.99871000e-01 1.00006000e+00
3.48717000e+01 9.97916000e-01 9.99999000e-01 -6.17787000e-05 9.99876000e-01 1.00006000e+00
3.49764000e+01 9.98123000e-01 9.99999000e-01 -5.87994000e-05 9.99882000e-01 1.00006000e+00
3.50811000e+01 9.98349000e-01 9.99999000e-01 -5.52153000e-05 9.99889000e-01 1.00005000e+00
3.51858000e+01 9.98591000e-01 9.99999000e-01 -5.10725000e-05 9.99897000e-01 1.00005000e+00
3.52906000e+01 9.98845000e-01 9.99999000e-01 -4.64225000e-05 9.99907000e-01 1.00005000e+00
3.53953000e+01 9.99110000e-01 1.00000000e+00 -4.13217000e-05 9.99917000e-01 1.00004000e+00
3.55000000e+01 9.99382000e-01 1.00000000e+00 -3.58310000e-05 9.99928000e-01 1.00004000e+00
3.56047000e+01 9.99658000e-01 1.00000000e+00 -3.00143000e-05 9.99940000e-01 1.00003000e+00
3.57094000e+01 9.99934000e-01 1.00000000e+00 -2.39388000e-05 9.99952000e-01 1.00002000e+00
3.58142000e+01 1.00021000e+00 1.00000000e+00 -1.76733000e-05 9.99965000e-01 1.00002000e+00
3.59189000e+01 1.00048000e+00 1.00000000e+00 -1.12881000e-05 9.99978000e-01 1.00001000e+00
3.60236000e+01 1.00074000e+00 1.00000000e+00 -4.85390000e-06 9.99991000e-01 1.00001000e+00
3.61283000e+01 1.00099000e+00 1.00000000e+00 1.55884000e-06 1.00000000e+00 9.99999000e-01
3.62330000e+01 1.00123000e+00 1.00000000e+00 7.88074000e-06 1.00002000e+00 9.99993000e-01
3.63378000e+01 1.00145000e+00 1.00000000e+00 1.40442000e-05 1.00003000e+00 9.99987000e-01
3.64425000e+01 1.00165000e+00 1.00000000e+00 1.99841000e-05 1.00004000e+00 9.99981000e-01
3.65472000e+01 1.00183000e+00 1.00000000e+00 2.56385000e-05 1.00005000e+00 9.99975000e-01
3.66519000e+01 1.00199000e+00 1.00000000e+00 3.09492000e-05 1.00006000e+00 9.99970000e-01
3.67566000e+01 1.00212000e+00 1.00000000e+00 3.58625000e-05 1.00007000e+00 9.99965000e-01
3.68614000e+01 1.00223000e+00 1.00000000e+00 4.03295000e-05 1.00008000e+00 9.99961000e-01
3.69661000e+01 1.00231000e+00 1.00000000e+00 4.43066000e-05 1.00009000e+00 9.99957000e-01
3.70708000e+01 1.00237000e+00 1.00000000e+00 4.77563000e-05 1.00010000e+00 9.99953000e-01
3.71755000e+01 1.00240000e+00 1.00000000e+00 5.06470000e-05 1.00010000e+00 9.99950000e-01
3.72802000e+01 1.00240000e+00 1.00000000e+00 5.29535000e-05 1.00011000e+00 9.99948000e-01
3.73850000e+01 1.00238000e+00 1.00000000e+00 5.46573000e-05 1.00011000e+00 9.99946000e-01
3.74897000e+01 1.00233000e+00 1.00000000e+00 5.57466000e-05 1.00011000e+00 9.99945000e-01
3.75944000e+01 1.00225000e+00 1.00000000e+00 5.62164000e-05 1.00011000e+00 9.99945000e-01
3.76991000e+01 1.00215000e+00 1.00000000e+00 5.60686000e-05 1.00011000e+00 9.99945000e-01
3.78038000e+01 1.00203000e+00 1.00000000e+00 5.53114000e-05 1.00011000e+00 9.99946000e-01
3.79086000e+01 1.00188000e+00 1.00000000e+00 5.39599000e-05 1.00011000e+00 9.99947000e-01
3.80133000e+01 1.00172000e+00 1.00000000e+00 5.20354000e-05 1.00010000e+00 9.99949000e-01
3.81180000e+01 1.00154000e+00 1.00000000e+00 4.95649000e-05 1.00010000e+00 9.99951000e-01
3.82227000e+01 1.00134000e+00 1.00000000e+00 4.65814000e-05 1.00009000e+00 9.99954000e-01
3.83274000e+01 1.00113000e+00 1.00000000e+00 4.31228000e-05 1.00009000e+00 9.99957000e-01
3.84322000e+01 1.00091000e+00 1.00000000e+00 3.92320000e-05 1.00008000e+00 9.99961000e-01
3.85369000e+01 1.00068000e+00 1.00000000e+00 3.49559000e-05 1.00007000e+00 9.99965000e-01
3.86416000e+01 1.00045000e+00 1.00000000e+00 3.03451000e-05 1.00006000e+00 9.99970000e-01
3.87463000e+01 1.00021000e+00 1.00000000e+00 2.54534000e-05 1.00005000e+00 9.99975000e-01
3.88510000e+01 9.99978000e-01 1.00000000e+00 2.03369000e-05 1.00004000e+00 9.99980000e-01
3.89557000e+01 9.99745000e-01 1.00000000e+00 1.50538000e-05 1.00003000e+00 9.99985000e-01
3.90605000e+01 9.99517000e-01 1.00000000e+00 9.66316000e-06 1.00002000e+00 9.99990000e-01
3.91652000e+01 9.99297000e-01 1.00000000e+00 4.22475000e-06 1.00001000e+00 9.99996000e-01
3.92699000e+01 9.99087000e-01 1.00000000e+00 -1.20180000e-06 9.99997000e-01 1.00000000e+00
3.93746000e+01 9.98890000e-01 1.00000000e+00 -6.55764000e-06 9.99986000e-01 1.00001000e+00
3.94793000e+01 9.98707000e-01 9.99999000e-01 -1.17853000e-05 9.99976000e-01 1.00001000e+00
3.95841000e+01 9.98540000e-01 9.99999000e-01 -1.68294000e-05 9.99966000e-01 1.00002000e+00
3.96888000e+01 9.98391000e-01 9.99999000e-01 -2.16369000e-05 9.99956000e-01 1.00002000e+00
3.97935000e+01 9.98261000e-01 9.99999000e-01 -2.61581000e-05 9.99947000e-01 1.00003000e+00
3.98982000e+01 9.98152000e-01 9.99999000e-01 -3.03469000e-05 9.99939000e-01 1.00003000e+00
4.00029000e+01 9.98065000e-01 9.99999000e-01 -3.41613000e-05 9.99931000e-01 1.00003000e+00
4.01077000e+01 9.97999000e-01 9.99999000e-01 -3.75636000e-05 9.99924000e-01 1.00004000e+00
4.02124000e+01 9.97957000e-01 9.99999000e-01 -4.05212000e-05 9.99918000e-01 1.00004000e+00
4.03171000e+01 9.97938000e-01 9.99999000e-01 -4.30066000e-05 9.99913000e-01 1.00004000e+00
4.04218000e+01 9.97942000e-01 9.99999000e-01 -4.49975000e-05 9.99909000e-01 1.00004000e+00
4.05265000e+01 9.97969000e-01 9.99999000e-01 -4.64776000e-05 9.99906000e-01 1.00005000e+00
4.06313000e+01 9.98018000e-01 9.99999000e-01 -4.74360000e-05 9.99904000e-01 1.00005000e+00
4.07360000e+01 9.98089000e-01 9.99999000e-01 -4.78675000e-05 9.99903000e-01 1.00005000e+00
4.08407000e+01 9.98180000e-01 9.99999000e-01 -4.77729000e-05 9.99904000e-01 1.00005000e+00
4.09454000e+01 9.98291000e-01 9.99999000e-01 -4.71587000e-05 9.99905000e-01 1.00005000e+00
4.10501000e+01 9.98419000e-01 9.99999000e-01 -4.60367000e-05 9.99907000e-01 1.00005000e+00
4.11549000e+01 9.98564000e-01 9.99999000e-01 -4.44244000e-05 9.99911000e-01 1.00004000e+00
4.12596000e+01 9.98724000e-01 9.99999000e-01 -4.23442000e-05 9.99915000e-01 1.00004000e+00
4.13643000e+01 9.98896000e-01 1.00000000e+00 -3.98235000e-05 9.99920000e-01 1.00004000e+00
4.14690000e+01 9.99079000e-01 1.00000000e+00 -3.68941000e-05 9.99926000e-01 1.00004000e+00
4.15737000e+01 9.99270000e-01 1.00000000e+00 -3.35920000e-05 9.99932000e-01 1.00003000e+00
4.16785000e+01 9.99468000e-01 1.00000000e+00 -2.99568000e-05 9.99940000e-01 1.00003000e+00
4.17832000e+01 9.99670000e-01 1.00000000e+00 -2.60314000e-05 9.99948000e-01 1.00003000e+00
4.18879000e+01 9.99874000e-01 1.00000000e+00 -2.18614000e-05 9.99956000e-01 1.00002000e+00
4.19926000e+01 1.00008000e+00 1.00000000e+00 -1.74946000e-05 9.99965000e-01 1.00002000e+00
4.20973000e+01 1.00028000e+00 1.00000000e+00 -1.29803000e-05 9.99974000e-01 1.00001000e+00
4.22021000e+01 1.00047000e+00 1.00000000e+00 -8.36927000e-06 9.99983000e-01 1.00001000e+00
4.23068000e+01 1.00066000e+00 1.00000000e+00 -3.71246000e-06 9.99993000e-01 1.00000000e+00
4.24115000e+01 1.00084000e+00 1.00000000e+00 9.38981000e-07 1.00000000e+00 9.99999000e-01
4.25162000e+01 1.00101000e+00 1.00000000e+00 5.53451000e-06 1.00001000e+00 9.99995000e-01
4.26209000e+01 1.00117000e+00 1.00000000e+00 1.00247000e-05 1.00002000e+00 9.99990000e-01
4.27257000e+01 1.00131000e+00 1.00000000e+00 1.43617000e-05 1.00003000e+00 9.99986000e-01
4.28304000e+01 1.00143000e+00 1.00000000e+00 1.84999000e-05 1.00004000e+00 9.99982000e-01
4.29351000e+01 1.00154000e+00 1.00000000e+00 2.23961000e-05 1.00005000e+00 9.99978000e-01
4.30398000e+01 1.00163000e+00 1.00000000e+00 2.60104000e-05 1.00005000e+00 9.99975000e-01
4.31445000e+01 1.00170000e+00 1.00000000e+00 2.93061000e-05 1.00006000e+00 9.99971000e-01
4.32493000e+01 1.00176000e+00 1.00000000e+00 3.22505000e-05 1.00007000e+00 9.99968000e-01
4.33540000e+01 1.00179000e+00 1.00000000e+00 3.48148000e-05 1.00007000e+00 9.99966000e-01
4.34587000e+01 1.00180000e+00 1.00000000e+00 3.69750000e-05 1.00007000e+00 9.99964000e-01
4.35634000e+01 1.00179000e+00 1.00000000e+00 3.87112000e-05 1.00008000e+00 9.99962000e-01
4.36681000e+01 1.00176000e+00 1.00000000e+00 4.00088000e-05 1.00008000e+00 9.99961000e-01
4.37729000e+01 1.00171000e+00 1.00000000e+00 4.08578000e-05 1.00008000e+00 9.99960000e-01
4.38776000e+01 1.00165000e+00 1.00000000e+00 4.12531000e-05 1.00008000e+00 9.99959000e-01
4.39823000e+01 1.00156000e+00 1.00000000e+00 4.11949000e-05 1.00008000e+00 9.99959000e-01
4.40870000e+01 1.00146000e+00 1.00000000e+00 4.06881000e-05 1.00008000e+00 9.99960000e-01
4.41917000e+01 1.00134000e+00 1.00000000e+00 3.97423000e-05 1.00008000e+00 9.99961000e-01
4.42965000e+01 1.00121000e+00 1.00000000e+00 3.83722000e-05 1.00008000e+00 9.99962000e-01
4.44012000e+01 1.00107000e+00 1.00000000e+00 3.65965000e-05 1.00007000e+00 9.99964000e-01
4.45059000e+01 1.00091000e+00 1.00000000e+00 3.44384000e-05 1.00007000e+00 9.99966000e-01
4.46106000e+01 1.00075000e+00 1.00000000e+00 3.19251000e-05 1.00006000e+00 9.99968000e-01
4.47153000e+01 1.00058000e+00 1.00000000e+00 2.90870000e-05 1.00006000e+00 9.99971000e-01
4.48201000e+01 1.00041000e+00 1.00000000e+00 2.59583000e-05 1.00005000e+00 9.99974000e-01
4.49248000e+01 1.00023000e+00 1.00000000e+00 2.25756000e-05 1.00005000e+00 9.99978000e-01
4.50295000e+01 1.00005000e+00 1.00000000e+00 1.89782000e-05 1.00004000e+00 9.99981000e-01
4.51342000e+01 9.99874000e-01 1.00000000e+00 1.52071000e-05 1.00003000e+00 9.99985000e-01
4.52389000e+01 9.99699000e-01 1.00000000e+00 1.13050000e-05 1.00002000e+00 9.99989000e-01
4.53437000e+01 9.99530000e-01 1.00000000e+00 7.31565000e-06 1.00001000e+00 9.99993000e-01
4.54484000e+01 9.99367000e-01 1.00000000e+00 3.28321000e-06 1.00001000e+00 9.99996000e-01
4.55531000e+01 9.99212000e-01 1.00000000e+00 -7.48020000e-07 9.99998000e-01 1.00000000e+00
4.56578000e+01 9.99068000e-01 1.00000000e+00 -4.73418000e-06 9.99990000e-01 1.00000000e+00
4.57625000e+01 9.98935000e-01 1.00000000e+00 -8.63229000e-06 9.99982000e-01 1.00001000e+00
4.58673000e+01 9.98815000e-01 1.00000000e+00 -1.24007000e-05 9.99975000e-01 1.00001000e+00
4.59720000e+01 9.98710000e-01 9.99999000e-01 -1.59997000e-05 9.99967000e-01 1.00002000e+00
4.60767000e+01 9.98619000e-01 9.99999000e-01 -1.93915000e-05 9.99961000e-01 1.00002000e+00
4.61814000e+01 9.98545000e-01 9.99999000e-01 -2.25411000e-05 9.99954000e-01 1.00002000e+00
4.62861000e+01 9.98488000e-01 9.99999000e-01 -2.54165000e-05 9.99949000e-01 1.00002000e+00
4.63909000e+01 9.98448000e-01 9.99999000e-01 -2.79887000e-05 9.99943000e-01 1.00003000e+00
4.64956000e+01 9.98425000e-01 9.99999000e-01 -3.02327000e-05 9.99939000e-01 1.00003000e+00
4.66003000e+01 9.98420000e-01 9.99999000e-01 -3.21268000e-05 9.99935000e-01 1.00003000e+00
4.67050000e+01 9.98433000e-01 9.99999000e-01 -3.36535000e-05 9.99932000e-01 1.00003000e+00
4.68097000e+01 9.98463000e-01 9.99999000e-01 -3.47997000e-05 9.99930000e-01 1.00003000e+00
4.69145000e+01 9.98510000e-01 9.99999000e-01 -3.55561000e-05 9.99928000e-01 1.00003000e+00
4.70192000e+01 9.98573000e-01 9.99999000e-01 -3.59180000e-05 9.99928000e-01 1.00004000e+00
4.71239000e+01 9.98652000e-01 9.99999000e-01 -3.58850000e-05 9.99928000e-01 1.00004000e+00
4.72286000e+01 9.98745000e-01 9.99999000e-01 -3.54609000e-05 9.99929000e-01 1.00003000e+00
4.73333000e+01 9.98851000e-01 1.00000000e+00 -3.46538000e-05 9.99930000e-01 1.00003000e+00
4.74380000e+01 9.98969000e-01 1.00000000e+00 -3.34758000e-05 9.99933000e-01 1.00003000e+00
4.75428000e+01 9.99098000e-01 1.00000000e+00 -3.19431000e-05 9.99936000e-01 1.00003000e+00
4.76475000e+01 9.99235000e-01 1.00000000e+00 -3.00755000e-05 9.99940000e-01 1.00003000e+00
4.77522000e+01 9.99380000e-01 1.00000000e+00 -2.78961000e-05 9.99944000e-01 1.00003000e+00
4.78569000e+01 9.99531000e-01 1.00000000e+00 -2.54316000e-05 9.99949000e-01 1.00003000e+00
4.79616000e+01 9.99686000e-01 1.00000000e+00 -2.27111000e-05 9.99954000e-01 1.00002000e+00
4.80664000e+01 9.99844000e-01 1.00000000e+00 -1.97665000e-05 9.99960000e-01 1.00002000e+00
4.81711000e+01 1.00000000e+00 1.00000000e+00 -1.66319000e-05 9.99967000e-01 1.00002000e+00
4.82758000e+01 1.00016000e+00 1.00000000e+00 -1.33429000e-05 9.99973000e-01 1.00001000e+00
4.83805000e+01 1.00031000e+00 1.00000000e+00 -9.93683000e-06 9.99980000e-01 1.00001000e+00
4.84852000e+01 1.00046000e+00 1.00000000e+00 -6.45169000e-06 9.99987000e-01 1.00001000e+00
4.85900000e+01 1.00060000e+00 1.00000000e+00 -2.92613000e-06 9.99994000e-01 1.00000000e+00
4.86947000e+01 1.00074000e+00 1.00000000e+00 6.01117000e-07 1.00000000e+00 1.00000000e+00
4.87994000e+01 1.00086000e+00 1.00000000e+00 4.09162000e-06 1.00001000e+00 9.99996000e-01
4.89041000e+01 1.00098000e+00 1.00000000e+00 7.50768000e-06 1.00002000e+00 9.99993000e-01
4.90088000e+01 1.00108000e+00 1.00000000e+00 1.08127000e-05 1.00002000e+00 9.99990000e-01
4.91136000e+01 1.00117000e+00 1.00000000e+00 1.39717000e-05 1.00003000e+00 9.99986000e-01
4.92183000e+01 1.00125000e+00 1.00000000e+00 1.69515000e-05 1.00003000e+00 9.99984000e-01
4.93230000e+01 1.00131000e+00 1.00000000e+00 1.97211000e-05 1.00004000e+00 9.99981000e-01
4.94277000e+01 1.00136000e+00 1.00000000e+00 2.22522000e-05 1.00005000e+00 9.99978000e-01
4.95324000e+01 1.00139000e+00 1.00000000e+00 2.45191000e-05 1.00005000e+00 9.99976000e-01
4.96372000e+01 1.00140000e+00 1.00000000e+00 2.64995000e-05 1.00005000e+00 9.99974000e-01
4.97419000e+01 1.00140000e+00 1.00000000e+00 2.81742000e-05 1.00006000e+00 9.99972000e-01
4.98466000e+01 1.00139000e+00 1.00000000e+00 2.95275000e-05 1.00006000e+00 9.99971000e-01
4.99513000e+01 1.00136000e+00 1.00000000e+00 3.05472000e-05 1.00006000e+00 9.99970000e-01
5.00560000e+01 1.00131000e+00 1.00000000e+00 3.12253000e-05 1.00006000e+00 9.99969000e-01
5.01608000e+01 1.00125000e+00 1.00000000e+00 3.15570000e-05 1.00006000e+00 9.99969000e-01
5.02655000e+01 1.00118000e+00 1.00000000e+00 3.15416000e-05 1.00006000e+00 9.99969000e-01
5.03702000e+01 1.00109000e+00 1.00000000e+00 3.11822000e-05 1.00006000e+00 9.99969000e-01
5.04749000e+01 1.00099000e+00 1.00000000e+00 3.04857000e-05 1.00006000e+00 9.99970000e-01
5.05796000e+01 1.00088000e+00 1.00000000e+00 2.94622000e-05 1.00006000e+00 9.99971000e-01
5.06844000e+01 1.00077000e+00 1.00000000e+00 2.81258000e-05 1.00006000e+00 9.99972000e-01
5.07891000e+01 1.00064000e+00 1.00000000e+00 2.64935000e-05 1.00005000e+00 9.99974000e-01
5.08938000e+01 1.00051000e+00 1.00000000e+00 2.45855000e-05 1.00005000e+00 9.99976000e-01
5.09985000e+01 1.00037000e+00 1.00000000e+00 2.24249000e-05 1.00005000e+00 9.99978000e-01
5.11032000e+01 1.00023000e+00 1.00000000e+00 2.00374000e-05 1.00004000e+00 9.99980000e-01
5.12080000e+01 1.00009000e+00 1.00000000e+00 1.74507000e-05 1.00003000e+00 9.99983000e-01
5.13127000e+01 9.99953000e-01 1.00000000e+00 1.46946000e-05 1.00003000e+00 9.99985000e-01
5.14174000e+01 9.99814000e-01 1.00000000e+00 1.18007000e-05 1.00002000e+00 9.99988000e-01
5.15221000e+01 9.99678000e-01 1.00000000e+00 8.80151000e-06 1.00002000e+00 9.99991000e-01
5.16268000e+01 9.99547000e-01 1.00000000e+00 5.73057000e-06 1.00001000e+00 9.99994000e-01
5.17316000e+01 9.99422000e-01 1.00000000e+00 2.62192000e-06 1.00001000e+00 9.99997000e-01
5.18363000e+01 9.99304000e-01 1.00000000e+00 -4.90254000e-07 9.99999000e-01 1.00000000e+00
5.19410000e+01 9.99194000e-01 1.00000000e+00 -3.57203000e-06 9.99993000e-01 1.00000000e+00
5.20457000e+01 9.99095000e-01 1.00000000e+00 -6.59006000e-06 9.99986000e-01 1.00001000e+00
5.21504000e+01 9.99006000e-01 1.00000000e+00 -9.51200000e-06 9.99981000e-01 1.00001000e+00
5.22552000e+01 9.98929000e-01 1.00000000e+00 -1.23068000e-05 9.99975000e-01 1.00001000e+00
5.23599000e+01 9.98865000e-01 1.00000000e+00 -1.49449000e-05 9.99970000e-01 1.00001000e+00
5.24646000e+01 9.98813000e-01 1.00000000e+00 -1.73990000e-05 9.99965000e-01 1.00002000e+00
5.25693000e+01 9.98775000e-01 1.00000000e+00 -1.96437000e-05 9.99960000e-01 1.00002000e+00
5.26740000e+01 9.98752000e-01 9.99999000e-01 -2.16563000e-05 9.99956000e-01 1.00002000e+00
5.27788000e+01 9.98742000e-01 9.99999000e-01 -2.34166000e-05 9.99953000e-01 1.00002000e+00
5.28835000e+01 9.98746000e-01 9.99999000e-01 -2.49075000e-05 9.99950000e-01 1.00002000e+00
5.29882000e+01 9.98764000e-01 9.99999000e-01 -2.61148000e-05 9.99947000e-01 1.00003000e+00
5.30929000e+01 9.98796000e-01 1.00000000e+00 -2.70277000e-05 9.99945000e-01 1.00003000e+00
5.31976000e+01 9.98841000e-01 1.00000000e+00 -2.76385000e-05 9.99944000e-01 1.00003000e+00
5.33024000e+01 9.98898000e-01 1.00000000e+00 -2.79429000e-05 9.99944000e-01 1.00003000e+00
5.34071000e+01 9.98968000e-01 1.00000000e+00 -2.79401000e-05 9.99944000e-01 1.00003000e+00
5.35118000e+01 9.99048000e-01 1.00000000e+00 -2.76323000e-05 9.99944000e-01 1.00003000e+00
5.36165000e+01 9.99139000e-01 1.00000000e+00 -2.70255000e-05 9.99946000e-01 1.00003000e+00
5.37212000e+01 9.99238000e-01 1.00000000e+00 -2.61285000e-05 9.99947000e-01 1.00003000e+00
5.38260000e+01 9.99346000e-01 1.00000000e+00 -2.49533000e-05 9.99950000e-01 1.00002000e+00
5.39307000e+01 9.99459000e-01 1.00000000e+00 -2.35149000e-05 9.99953000e-01 1.00002000e+00
5.40354000e+01 9.99579000e-01 1.00000000e+00 -2.18311000e-05 9.99956000e-01 1.00002000e+00
5.41401000e+01 9.99702000e-01 1.00000000e+00 -1.99220000e-05 9.99960000e-01 1.00002000e+00
5.42448000e+01 9.99827000e-01 1.00000000e+00 -1.78102000e-05 9.99964000e-01 1.00002000e+00
5.43496000e+01 9.99954000e-01 1.00000000e+00 -1.55203000e-05 9.99969000e-01 1.00002000e+00
5.44543000e+01 1.00008000e+00 1.00000000e+00 -1.30785000e-05 9.99974000e-01 1.00001000e+00
5.45590000e+01 1.00020000e+00 1.00000000e+00 -1.05128000e-05 9.99979000e-01 1.00001000e+00
5.46637000e+01 1.00033000e+00 1.00000000e+00 -7.85191000e-06 9.99984000e-01 1.00001000e+00
5.47684000e+01 1.00044000e+00 1.00000000e+00 -5.12565000e-06 9.99990000e-01 1.00001000e+00
5.48732000e+01 1.00055000e+00 1.00000000e+00 -2.36419000e-06 9.99995000e-01 1.00000000e+00
5.49779000e+01 1.00066000e+00 1.00000000e+00 4.02080000e-07 1.00000000e+00 1.00000000e+00
5.50826000e+01 1.00076000e+00 1.00000000e+00 3.14299000e-06 1.00001000e+00 9.99997000e-01
5.51873000e+01 1.00084000e+00 1.00000000e+00 5.82885000e-06 1.00001000e+00 9.99995000e-01
5.52920000e+01 1.00092000e+00 1.00000000e+00 8.43080000e-06 1.00002000e+00 9.99992000e-01
5.53968000e+01 1.00099000e+00 1.00000000e+00 1.09211000e-05 1.00002000e+00 9.99989000e-01
5.55015000e+01 1.00104000e+00 1.00000000e+00 1.32735000e-05 1.00003000e+00 9.99987000e-01
5.56062000e+01 1.00108000e+00 1.00000000e+00 1.54633000e-05 1.00003000e+00 9.99985000e-01
5.57109000e+01 1.00111000e+00 1.00000000e+00 1.74680000e-05 1.00004000e+00 9.99983000e-01
5.58156000e+01 1.00113000e+00 1.00000000e+00 1.92670000e-05 1.00004000e+00 9.99981000e-01
5.59203000e+01 1.00114000e+00 1.00000000e+00 2.08422000e-05 1.00004000e+00 9.99980000e-01
5.60251000e+01 1.00113000e+00 1.00000000e+00 2.21782000e-05 1.00004000e+00 9.99978000e-01
5.61298000e+01 1.00111000e+00 1.00000000e+00 2.32623000e-05 1.00005000e+00 9.99977000e-01
5.62345000e+01 1.00108000e+00 1.00000000e+00 2.40843000e-05 1.00005000e+00 9.99976000e-01
5.63392000e+01 1.00103000e+00 1.00000000e+00 2.46374000e-05 1.00005000e+00 9.99976000e-01
5.64439000e+01 1.00098000e+00 1.00000000e+00 2.49174000e-05 1.00005000e+00 9.99975000e-01
5.65487000e+01 1.00091000e+00 1.00000000e+00 2.49235000e-05 1.00005000e+00 9.99975000e-01
5.66534000e+01 1.00084000e+00 1.00000000e+00 2.46574000e-05 1.00005000e+00 9.99976000e-01
5.67581000e+01 1.00075000e+00 1.00000000e+00 2.41241000e-05 1.00005000e+00 9.99976000e-01
5.68628000e+01 1.00066000e+00 1.00000000e+00 2.33315000e-05 1.00005000e+00 9.99977000e-01
5.69675000e+01 1.00056000e+00 1.00000000e+00 2.22900000e-05 1.00004000e+00 9.99978000e-01
5.70723000e+01 1.00046000e+00 1.00000000e+00 2.10128000e-05 1.00004000e+00 9.99979000e-01
5.71770000e+01 1.00035000e+00 1.00000000e+00 1.95156000e-05 1.00004000e+00 9.99981000e-01
5.72817000e+01 1.00023000e+00 1.00000000e+00 1.78163000e-05 1.00004000e+00 9.99982000e-01
5.73864000e+01 1.00012000e+00 1.00000000e+00 1.59349000e-05 1.00003000e+00 9.99984000e-01
5.74911000e+01 1.00000000e+00 1.00000000e+00 1.38933000e-05 1.00003000e+00 9.99986000e-01
5.75959000e+01 9.99891000e-01 1.00000000e+00 1.17148000e-05 1.00002000e+00 9.99988000e-01
5.77006000e+01 9.99778000e-01 1.00000000e+00 9.42428000e-06 1.00002000e+00 9.99990000e-01
5.78053000e+01 9.99669000e-01 1.00000000e+00 7.04743000e-06 1.00001000e+00 9.99993000e-01
5.79100000e+01 9.99565000e-01 1.00000000e+00 4.61081000e-06 1.00001000e+00 9.99995000e-01
5.80147000e+01 9.99466000e-01 1.00000000e+00 2.14142000e-06 1.00000000e+00 9.99998000e-01
5.81195000e+01 9.99373000e-01 1.00000000e+00 -3.33574000e-07 9.99999000e-01 1.00000000e+00
5.82242000e+01 9.99289000e-01 1.00000000e+00 -2.78715000e-06 9.99994000e-01 1.00000000e+00
5.83289000e+01 9.99212000e-01 1.00000000e+00 -5.19271000e-06 9.99989000e-01 1.00000000e+00
5.84336000e+01 9.99145000e-01 1.00000000e+00 -7.52437000e-06 9.99985000e-01 1.00001000e+00
5.85383000e+01 9.99088000e-01 1.00000000e+00 -9.75725000e-06 9.99980000e-01 1.00001000e+00
5.86431000e+01 9.99041000e-01 1.00000000e+00 -1.18677000e-05 9.99976000e-01 1.00001000e+00
5.87478000e+01 9.99005000e-01 1.00000000e+00 -1.38336000e-05 9.99972000e-01 1.00001000e+00
5.88525000e+01 9.98981000e-01 1.00000000e+00 -1.56345000e-05 9.99968000e-01 1.00002000e+00
5.89572000e+01 9.98968000e-01 1.00000000e+00 -1.72519000e-05 9.99965000e-01 1.00002000e+00
5.90619000e+01 9.98967000e-01 1.00000000e+00 -1.86696000e-05 9.99962000e-01 1.00002000e+00
5.91667000e+01 9.98977000e-01 1.00000000e+00 -1.98735000e-05 9.99960000e-01 1.00002000e+00
5.92714000e+01 9.98999000e-01 1.00000000e+00 -2.08519000e-05 9.99958000e-01 1.00002000e+00
5.93761000e+01 9.99031000e-01 1.00000000e+00 -2.15959000e-05 9.99956000e-01 1.00002000e+00
5.94808000e+01 9.99074000e-01 1.00000000e+00 -2.20988000e-05 9.99955000e-01 1.00002000e+00
5.95855000e+01 9.99127000e-01 1.00000000e+00 -2.23570000e-05 9.99955000e-01 1.00002000e+00
5.96903000e+01 9.99190000e-01 1.00000000e+00 -2.23693000e-05 9.99955000e-01 1.00002000e+00
5.97950000e+01 9.99261000e-01 1.00000000e+00 -2.21374000e-05 9.99955000e-01 1.00002000e+00
5.98997000e+01 9.99340000e-01 1.00000000e+00 -2.16654000e-05 9.99956000e-01 1.00002000e+00
6.00044000e+01 9.99426000e-01 1.00000000e+00 -2.09602000e-05 9.99958000e-01 1.00002000e+00
6.01091000e+01 9.99518000e-01 1.00000000e+00 -2.00310000e-05 9.99960000e-01 1.00002000e+00
6.02139000e+01 9.99615000e-01 1.00000000e+00 -1.88897000e-05 9.99962000e-01 1.00002000e+00
6.03186000e+01 9.99715000e-01 1.00000000e+00 -1.75500000e-05 9.99965000e-01 1.00002000e+00
6.04233000e+01 9.99818000e-01 1.00000000e+00 -1.60280000e-05 9.99968000e-01 1.00002000e+00
6.05280000e+01 9.99923000e-01 1.00000000e+00 -1.43416000e-05 9.99971000e-01 1.00001000e+00
6.06327000e+01 1.00003000e+00 1.00000000e+00 -1.25102000e-05 9.99975000e-01 1.00001000e+00
6.07375000e+01 1.00013000e+00 1.00000000e+00 -1.05548000e-05 9.99979000e-01 1.00001000e+00
6.08422000e+01 1.00023000e+00 1.00000000e+00 -8.49759000e-06 9.99983000e-01 1.00001000e+00
6.09469000e+01 1.00033000e+00 1.00000000e+00 -6.36173000e-06 9.99987000e-01 1.00001000e+00
6.10516000e+01 1.00043000e+00 1.00000000e+00 -4.17103000e-06 9.99992000e-01 1.00000000e+00
6.11563000e+01 1.00051000e+00 1.00000000e+00 -1.94976000e-06 9.99996000e-01 1.00000000e+00
6.12611000e+01 1.00060000e+00 1.00000000e+00 2.77647000e-07 1.00000000e+00 1.00000000e+00
6.13658000e+01 1.00067000e+00 1.00000000e+00 2.48686000e-06 1.00001000e+00 9.99998000e-01
6.14705000e+01 1.00074000e+00 1.00000000e+00 4.65391000e-06 1.00001000e+00 9.99996000e-01
6.15752000e+01 1.00080000e+00 1.00000000e+00 6.75544000e-06 1.00001000e+00 9.99994000e-01
6.16799000e+01 1.00085000e+00 1.00000000e+00 8.76898000e-06 1.00002000e+00 9.99992000e-01
6.17847000e+01 1.00089000e+00 1.00000000e+00 1.06732000e-05 1.00002000e+00 9.99990000e-01
6.18894000e+01 1.00092000e+00 1.00000000e+00 1.24480000e-05 1.00003000e+00 9.99988000e-01
6.19941000e+01 1.00094000e+00 1.00000000e+00 1.40749000e-05 1.00003000e+00 9.99986000e-01
6.20988000e+01 1.00095000e+00 1.00000000e+00 1.55372000e-05 1.00003000e+00 9.99985000e-01
6.22035000e+01 1.00094000e+00 1.00000000e+00 1.68200000e-05 1.00003000e+00 9.99984000e-01
6.23083000e+01 1.00093000e+00 1.00000000e+00 1.79106000e-05 1.00004000e+00 9.99982000e-01
6.24130000e+01 1.00091000e+00 1.00000000e+00 1.87983000e-05 1.00004000e+00 9.99982000e-01
6.25177000e+01 1.00088000e+00 1.00000000e+00 1.94748000e-05 1.00004000e+00 9.99981000e-01
6.26224000e+01 1.00083000e+00 1.00000000e+00 1.99342000e-05 1.00004000e+00 9.99980000e-01
6.27271000e+01 1.00078000e+00 1.00000000e+00 2.01729000e-05 1.00004000e+00 9.99980000e-01
6.28319000e+01 1.00072000e+00 1.00000000e+00 2.01897000e-05 1.00004000e+00 9.99980000e-01
6.29366000e+01 1.00066000e+00 1.00000000e+00 1.99859000e-05 1.00004000e+00 9.99980000e-01
6.30413000e+01 1.00058000e+00 1.00000000e+00 1.95653000e-05 1.00004000e+00 9.99981000e-01
6.31460000e+01 1.00050000e+00 1.00000000e+00 1.89338000e-05 1.00004000e+00 9.99981000e-01
6.32507000e+01 1.00041000e+00 1.00000000e+00 1.80997000e-05 1.00004000e+00 9.99982000e-01
6.33555000e+01 1.00032000e+00 1.00000000e+00 1.70735000e-05 1.00003000e+00 9.99983000e-01
6.34602000e+01 1.00023000e+00 1.00000000e+00 1.58677000e-05 1.00003000e+00 9.99984000e-01
6.35649000e+01 1.00014000e+00 1.00000000e+00 1.44965000e-05 1.00003000e+00 9.99986000e-01
6.36696000e+01 1.00004000e+00 1.00000000e+00 1.29760000e-05 1.00003000e+00 9.99987000e-01
6.37743000e+01 9.99944000e-01 1.00000000e+00 1.13238000e-05 1.00002000e+00 9.99989000e-01
6.38791000e+01 9.99849000e-01 1.00000000e+00 9.55879000e-06 1.00002000e+00 9.99990000e-01
6.39838000e+01 9.99756000e-01 1.00000000e+00 7.70092000e-06 1.00002000e+00 9.99992000e-01
6.40885000e+01 9.99667000e-01 1.00000000e+00 5.77109000e-06 1.00001000e+00 9.99994000e-01
6.41932000e+01 9.99582000e-01 1.00000000e+00 3.79081000e-06 1.00001000e+00 9.99996000e-01
6.42979000e+01 9.99502000e-01 1.00000000e+00 1.78202000e-06 1.00000000e+00 9.99998000e-01
6.44026000e+01 9.99428000e-01 1.00000000e+00 -2.33181000e-07 9.99999000e-01 1.00000000e+00
6.45074000e+01 9.99361000e-01 1.00000000e+00 -2.23278000e-06 9.99995000e-01 1.00000000e+00
6.46121000e+01 9.99301000e-01 1.00000000e+00 -4.19505000e-06 9.99991000e-01 1.00000000e+00
6.47168000e+01 9.99250000e-01 1.00000000e+00 -6.09883000e-06 9.99987000e-01 1.00001000e+00
6.48215000e+01 9.99207000e-01 1.00000000e+00 -7.92374000e-06 9.99984000e-01 1.00001000e+00
6.49262000e+01 9.99173000e-01 1.00000000e+00 -9.65037000e-06 9.99980000e-01 1.00001000e+00
6.50310000e+01 9.99148000e-01 1.00000000e+00 -1.12605000e-05 9.99977000e-01 1.00001000e+00
6.51357000e+01 9.99134000e-01 1.00000000e+00 -1.27374000e-05 9.99974000e-01 1.00001000e+00
6.52404000e+01 9.99128000e-01 1.00000000e+00 -1.40657000e-05 9.99972000e-01 1.00001000e+00
6.53451000e+01 9.99133000e-01 1.00000000e+00 -1.52319000e-05 9.99969000e-01 1.00001000e+00
6.54498000e+01 9.99147000e-01 1.00000000e+00 -1.62243000e-05 9.99967000e-01 1.00002000e+00
6.55546000e+01 9.99171000e-01 1.00000000e+00 -1.70332000e-05 9.99966000e-01 1.00002000e+00
6.56593000e+01 9.99204000e-01 1.00000000e+00 -1.76510000e-05 9.99964000e-01 1.00002000e+00
6.57640000e+01 9.99246000e-01 1.00000000e+00 -1.80721000e-05 9.99964000e-01 1.00002000e+00
6.58687000e+01 9.99295000e-01 1.00000000e+00 -1.82932000e-05 9.99963000e-01 1.00002000e+00
6.59734000e+01 9.99353000e-01 1.00000000e+00 -1.83131000e-05 9.99963000e-01 1.00002000e+00
6.60782000e+01 9.99417000e-01 1.00000000e+00 -1.81329000e-05 9.99963000e-01 1.00002000e+00
6.61829000e+01 9.99487000e-01 1.00000000e+00 -1.77559000e-05 9.99964000e-01 1.00002000e+00
6.62876000e+01 9.99563000e-01 1.00000000e+00 -1.71873000e-05 9.99965000e-01 1.00002000e+00
6.63923000e+01 9.99643000e-01 1.00000000e+00 -1.64346000e-05 9.99967000e-01 1.00002000e+00
6.64970000e+01 9.99727000e-01 1.00000000e+00 -1.55072000e-05 9.99969000e-01 1.00002000e+00
6.66018000e+01 9.99814000e-01 1.00000000e+00 -1.44162000e-05 9.99971000e-01 1.00001000e+00
6.67065000e+01 9.99902000e-01 1.00000000e+00 -1.31747000e-05 9.99974000e-01 1.00001000e+00
6.68112000e+01 9.99991000e-01 1.00000000e+00 -1.17970000e-05 9.99976000e-01 1.00001000e+00
6.69159000e+01 1.00008000e+00 1.00000000e+00 -1.02991000e-05 9.99979000e-01 1.00001000e+00
6.70206000e+01 1.00017000e+00 1.00000000e+00 -8.69812000e-06 9.99983000e-01 1.00001000e+00
6.71254000e+01 1.00025000e+00 1.00000000e+00 -7.01207000e-06 9.99986000e-01 1.00001000e+00
6.72301000e+01 1.00033000e+00 1.00000000e+00 -5.25993000e-06 9.99990000e-01 1.00001000e+00
6.73348000e+01 1.00041000e+00 1.00000000e+00 -3.46121000e-06 9.99993000e-01 1.00000000e+00
6.74395000e+01 1.00048000e+00 1.00000000e+00 -1.63584000e-06 9.99997000e-01 1.00000000e+00
6.75442000e+01 1.00055000e+00 1.00000000e+00 1.96108000e-07 1.00000000e+00 1.00000000e+00
6.76490000e+01 1.00061000e+00 1.00000000e+00 2.01460000e-06 1.00000000e+00 9.99998000e-01
6.77537000e+01 1.00066000e+00 1.00000000e+00 3.79987000e-06 1.00001000e+00 9.99996000e-01
6.78584000e+01 1.00071000e+00 1.00000000e+00 5.53265000e-06 1.00001000e+00 9.99995000e-01
6.79631000e+01 1.00075000e+00 1.00000000e+00 7.19436000e-06 1.00001000e+00 9.99993000e-01
6.80678000e+01 1.00077000e+00 1.00000000e+00 8.76729000e-06 1.00002000e+00 9.99992000e-01
6.81726000e+01 1.00079000e+00 1.00000000e+00 1.02348000e-05 1.00002000e+00 9.99990000e-01
6.82773000e+01 1.00081000e+00 1.00000000e+00 1.15816000e-05 1.00002000e+00 9.99989000e-01
6.83820000e+01 1.00081000e+00 1.00000000e+00 1.27937000e-05 1.00003000e+00 9.99988000e-01
6.84867000e+01 1.00080000e+00 1.00000000e+00 1.38586000e-05 1.00003000e+00 9.99986000e-01
6.85914000e+01 1.00078000e+00 1.00000000e+00 1.47657000e-05 1.00003000e+00 9.99986000e-01
6.86962000e+01 1.00076000e+00 1.00000000e+00 1.55060000e-05 1.00003000e+00 9.99985000e-01
6.88009000e+01 1.00073000e+00 1.00000000e+00 1.60724000e-05 1.00003000e+00 9.99984000e-01
6.89056000e+01 1.00069000e+00 1.00000000e+00 1.64599000e-05 1.00003000e+00 9.99984000e-01
6.90103000e+01 1.00064000e+00 1.00000000e+00 1.66652000e-05 1.00003000e+00 9.99984000e-01
6.91150000e+01 1.00058000e+00 1.00000000e+00 1.66873000e-05 1.00003000e+00 9.99984000e-01
6.92198000e+01 1.00052000e+00 1.00000000e+00 1.65270000e-05 1.00003000e+00 9.99984000e-01
6.93245000e+01 1.00045000e+00 1.00000000e+00 1.61871000e-05 1.00003000e+00 9.99984000e-01
6.94292000e+01 1.00038000e+00 1.00000000e+00 1.56725000e-05 1.00003000e+00 9.99984000e-01
6.95339000e+01 1.00031000e+00 1.00000000e+00 1.49898000e-05 1.00003000e+00 9.99985000e-01
6.96386000e+01 1.00023000e+00 1.00000000e+00 1.41475000e-05 1.00003000e+00 9.99986000e-01
6.97434000e+01 1.00015000e+00 1.00000000e+00 1.31557000e-05 1.00003000e+00 9.99987000e-01
6.98481000e+01 1.00006000e+00 1.00000000e+00 1.20261000e-05 1.00002000e+00 9.99988000e-01
6.99528000e+01 9.99982000e-01 1.00000000e+00 1.07720000e-05 1.00002000e+00 9.99989000e-01
7.00575000e+01 9.99901000e-01 1.00000000e+00 9.40763000e-06 1.00002000e+00 9.99991000e-01
7.01622000e+01 9.99820000e-01 1.00000000e+00 7.94868000e-06 1.00002000e+00 9.99992000e-01
7.02670000e+01 9.99742000e-01 1.00000000e+00 6.41159000e-06 1.00001000e+00 9.99993000e-01
7.03717000e+01 9.99668000e-01 1.00000000e+00 4.81361000e-06 1.00001000e+00 9.99995000e-01
7.04764000e+01 9.99597000e-01 1.00000000e+00 3.17254000e-06 1.00001000e+00 9.99997000e-01
7.05811000e+01 9.99532000e-01 1.00000000e+00 1.50653000e-06 1.00000000e+00 9.99998000e-01
7.06858000e+01 9.99472000e-01 1.00000000e+00 -1.66074000e-07 9.99999000e-01 1.00000000e+00
7.07906000e+01 9.99418000e-01 1.00000000e+00 -1.82698000e-06 9.99996000e-01 1.00000000e+00
7.08953000e+01 9.99370000e-01 1.00000000e+00 -3.45814000e-06 9.99993000e-01 1.00000000e+00
7.10000000e+01 9.99331000e-01 1.00000000e+00 -5.04192000e-06 9.99990000e-01 1.00000000e+00
7.11047000e+01 9.99298000e-01 1.00000000e+00 -6.56131000e-06 9.99987000e-01 1.00001000e+00
7.12094000e+01 9.99274000e-01 1.00000000e+00 -8.00012000e-06 9.99984000e-01 1.00001000e+00
7.13142000e+01 9.99258000e-01 1.00000000e+00 -9.34310000e-06 9.99981000e-01 1.00001000e+00
7.14189000e+01 9.99250000e-01 1.00000000e+00 -1.05762000e-05 9.99979000e-01 1.00001000e+00
7.15236000e+01 9.99251000e-01 1.00000000e+00 -1.16865000e-05 9.99976000e-01 1.00001000e+00
7.16283000e+01 9.99260000e-01 1.00000000e+00 -1.26627000e-05 9.99974000e-01 1.00001000e+00
7.17330000e+01 9.99277000e-01 1.00000000e+00 -1.34949000e-05 9.99973000e-01 1.00001000e+00
7.18378000e+01 9.99302000e-01 1.00000000e+00 -1.41749000e-05 9.99971000e-01 1.00001000e+00
7.19425000e+01 9.99335000e-01 1.00000000e+00 -1.46961000e-05 9.99970000e-01 1.00001000e+00
7.20472000e+01 9.99375000e-01 1.00000000e+00 -1.50537000e-05 9.99970000e-01 1.00001000e+00
7.21519000e+01 9.99422000e-01 1.00000000e+00 -1.52448000e-05 9.99969000e-01 1.00002000e+00
7.22566000e+01 9.99475000e-01 1.00000000e+00 -1.52683000e-05 9.99969000e-01 1.00002000e+00
7.23614000e+01 9.99534000e-01 1.00000000e+00 -1.51249000e-05 9.99970000e-01 1.00001000e+00
7.24661000e+01 9.99598000e-01 1.00000000e+00 -1.48171000e-05 9.99970000e-01 1.00001000e+00
7.25708000e+01 9.99666000e-01 1.00000000e+00 -1.43493000e-05 9.99971000e-01 1.00001000e+00
7.26755000e+01 9.99737000e-01 1.00000000e+00 -1.37273000e-05 9.99972000e-01 1.00001000e+00
7.27802000e+01 9.99811000e-01 1.00000000e+00 -1.29591000e-05 9.99974000e-01 1.00001000e+00
7.28849000e+01 9.99887000e-01 1.00000000e+00 -1.20536000e-05 9.99976000e-01 1.00001000e+00
7.29897000e+01 9.99963000e-01 1.00000000e+00 -1.10217000e-05 9.99978000e-01 1.00001000e+00
7.30944000e+01 1.00004000e+00 1.00000000e+00 -9.87527000e-06 9.99980000e-01 1.00001000e+00
7.31991000e+01 1.00012000e+00 1.00000000e+00 -8.62752000e-06 9.99983000e-01 1.00001000e+00
7.33038000e+01 1.00019000e+00 1.00000000e+00 -7.29264000e-06 9.99985000e-01 1.00001000e+00
7.34085000e+01 1.00026000e+00 1.00000000e+00 -5.88569000e-06 9.99988000e-01 1.00001000e+00
7.35133000e+01 1.00033000e+00 1.00000000e+00 -4.42245000e-06 9.99991000e-01 1.00000000e+00
7.36180000e+01 1.00040000e+00 1.00000000e+00 -2.91921000e-06 9.99994000e-01 1.00000000e+00
7.37227000e+01 1.00046000e+00 1.00000000e+00 -1.39259000e-06 9.99997000e-01 1.00000000e+00
7.38274000e+01 1.00051000e+00 1.00000000e+00 1.40593000e-07 1.00000000e+00 1.00000000e+00
7.39321000e+01 1.00056000e+00 1.00000000e+00 1.66358000e-06 1.00000000e+00 9.99999000e-01
7.40369000e+01 1.00060000e+00 1.00000000e+00 3.15980000e-06 1.00001000e+00 9.99997000e-01
7.41416000e+01 1.00064000e+00 1.00000000e+00 4.61307000e-06 1.00001000e+00 9.99996000e-01
7.42463000e+01 1.00066000e+00 1.00000000e+00 6.00776000e-06 1.00001000e+00 9.99994000e-01
7.43510000e+01 1.00068000e+00 1.00000000e+00 7.32899000e-06 1.00001000e+00 9.99993000e-01
7.44557000e+01 1.00070000e+00 1.00000000e+00 8.56274000e-06 1.00002000e+00 9.99992000e-01
7.45605000e+01 1.00070000e+00 1.00000000e+00 9.69603000e-06 1.00002000e+00 9.99991000e-01
7.46652000e+01 1.00070000e+00 1.00000000e+00 1.07171000e-05 1.00002000e+00 9.99990000e-01
7.47699000e+01 1.00069000e+00 1.00000000e+00 1.16153000e-05 1.00002000e+00 9.99989000e-01
7.48746000e+01 1.00067000e+00 1.00000000e+00 1.23816000e-05 1.00003000e+00 9.99988000e-01
7.49793000e+01 1.00064000e+00 1.00000000e+00 1.30084000e-05 1.00003000e+00 9.99987000e-01
7.50841000e+01 1.00061000e+00 1.00000000e+00 1.34896000e-05 1.00003000e+00 9.99987000e-01
7.51888000e+01 1.00057000e+00 1.00000000e+00 1.38208000e-05 1.00003000e+00 9.99986000e-01
7.52935000e+01 1.00053000e+00 1.00000000e+00 1.39991000e-05 1.00003000e+00 9.99986000e-01
7.53982000e+01 1.00047000e+00 1.00000000e+00 1.40235000e-05 1.00003000e+00 9.99986000e-01
7.55029000e+01 1.00042000e+00 1.00000000e+00 1.38946000e-05 1.00003000e+00 9.99986000e-01
7.56077000e+01 1.00036000e+00 1.00000000e+00 1.36146000e-05 1.00003000e+00 9.99987000e-01
7.57124000e+01 1.00029000e+00 1.00000000e+00 1.31873000e-05 1.00003000e+00 9.99987000e-01
7.58171000e+01 1.00022000e+00 1.00000000e+00 1.26184000e-05 1.00003000e+00 9.99987000e-01
7.59218000e+01 1.00015000e+00 1.00000000e+00 1.19148000e-05 1.00002000e+00 9.99988000e-01
7.60265000e+01 1.00008000e+00 1.00000000e+00 1.10848000e-05 1.00002000e+00 9.99989000e-01
7.61313000e+01 1.00001000e+00 1.00000000e+00 1.01383000e-05 1.00002000e+00 9.99990000e-01
7.62360000e+01 9.99939000e-01 1.00000000e+00 9.08627000e-06 1.00002000e+00 9.99991000e-01
7.63407000e+01 9.99869000e-01 1.00000000e+00 7.94070000e-06 1.00002000e+00 9.99992000e-01
7.64454000e+01 9.99800000e-01 1.00000000e+00 6.71465000e-06 1.00001000e+00 9.99993000e-01
7.65501000e+01 9.99733000e-01 1.00000000e+00 5.42194000e-06 1.00001000e+00 9.99994000e-01
7.66549000e+01 9.99670000e-01 1.00000000e+00 4.07704000e-06 1.00001000e+00 9.99996000e-01
7.67596000e+01 9.99611000e-01 1.00000000e+00 2.69492000e-06 1.00001000e+00 9.99997000e-01
7.68643000e+01 9.99556000e-01 1.00000000e+00 1.29089000e-06 1.00000000e+00 9.99999000e-01
7.69690000e+01 9.99507000e-01 1.00000000e+00 -1.19624000e-07 1.00000000e+00 1.00000000e+00
7.70737000e+01 9.99463000e-01 1.00000000e+00 -1.52118000e-06 9.99997000e-01 1.00000000e+00
7.71785000e+01 9.99426000e-01 1.00000000e+00 -2.89852000e-06 9.99994000e-01 1.00000000e+00
7.72832000e+01 9.99395000e-01 1.00000000e+00 -4.23674000e-06 9.99991000e-01 1.00000000e+00
7.73879000e+01 9.99370000e-01 1.00000000e+00 -5.52144000e-06 9.99989000e-01 1.00001000e+00
7.74926000e+01 9.99353000e-01 1.00000000e+00 -6.73889000e-06 9.99986000e-01 1.00001000e+00
7.75973000e+01 9.99344000e-01 1.00000000e+00 -7.87615000e-06 9.99984000e-01 1.00001000e+00
7.77021000e+01 9.99341000e-01 1.00000000e+00 -8.92125000e-06 9.99982000e-01 1.00001000e+00
7.78068000e+01 9.99346000e-01 1.00000000e+00 -9.86326000e-06 9.99980000e-01 1.00001000e+00
7.79115000e+01 9.99359000e-01 1.00000000e+00 -1.06925000e-05 9.99978000e-01 1.00001000e+00
7.80162000e+01 9.99378000e-01 1.00000000e+00 -1.14004000e-05 9.99977000e-01 1.00001000e+00
7.81209000e+01 9.99404000e-01 1.00000000e+00 -1.19800000e-05 9.99976000e-01 1.00001000e+00
7.82257000e+01 9.99437000e-01 1.00000000e+00 -1.24256000e-05 9.99975000e-01 1.00001000e+00
7.83304000e+01 9.99476000e-01 1.00000000e+00 -1.27331000e-05 9.99974000e-01 1.00001000e+00
7.84351000e+01 9.99521000e-01 1.00000000e+00 -1.28998000e-05 9.99974000e-01 1.00001000e+00
7.85398000e+01 9.99571000e-01 1.00000000e+00 -1.29247000e-05 9.99974000e-01 1.00001000e+00
7.86445000e+01 9.99625000e-01 1.00000000e+00 -1.28083000e-05 9.99974000e-01 1.00001000e+00
7.87493000e+01 9.99683000e-01 1.00000000e+00 -1.25525000e-05 9.99975000e-01 1.00001000e+00
7.88540000e+01 9.99745000e-01 1.00000000e+00 -1.21610000e-05 9.99976000e-01 1.00001000e+00
7.89587000e+01 9.99809000e-01 1.00000000e+00 -1.16386000e-05 9.99977000e-01 1.00001000e+00
7.90634000e+01 9.99875000e-01 1.00000000e+00 -1.09919000e-05 9.99978000e-01 1.00001000e+00
7.91681000e+01 9.99943000e-01 1.00000000e+00 -1.02285000e-05 9.99980000e-01 1.00001000e+00
7.92729000e+01 1.00001000e+00 1.00000000e+00 -9.35730000e-06 9.99981000e-01 1.00001000e+00
7.93776000e+01 1.00008000e+00 1.00000000e+00 -8.38850000e-06 9.99983000e-01 1.00001000e+00
7.94823000e+01 1.00014000e+00 1.00000000e+00 -7.33314000e-06 9.99985000e-01 1.00001000e+00
7.95870000e+01 1.00021000e+00 1.00000000e+00 -6.20320000e-06 9.99988000e-01 1.00001000e+00
7.96917000e+01 1.00027000e+00 1.00000000e+00 -5.01140000e-06 9.99990000e-01 1.00001000e+00
7.97965000e+01 1.00033000e+00 1.00000000e+00 -3.77110000e-06 9.99993000e-01 1.00000000e+00
7.99012000e+01 1.00038000e+00 1.00000000e+00 -2.49607000e-06 9.99995000e-01 1.00000000e+00
8.00059000e+01 1.00043000e+00 1.00000000e+00 -1.20043000e-06 9.99998000e-01 1.00000000e+00
8.01106000e+01 1.00048000e+00 1.00000000e+00 1.01568000e-07 1.00000000e+00 1.00000000e+00
8.02153000e+01 1.00052000e+00 1.00000000e+00 1.39568000e-06 1.00000000e+00 9.99999000e-01
8.03201000e+01 1.00055000e+00 1.00000000e+00 2.66780000e-06 1.00001000e+00 9.99998000e-01
8.04248000e+01 1.00058000e+00 1.00000000e+00 3.90417000e-06 1.00001000e+00 9.99996000e-01
8.05295000e+01 1.00060000e+00 1.00000000e+00 5.09146000e-06 1.00001000e+00 9.99995000e-01
8.06342000e+01 1.00061000e+00 1.00000000e+00 6.21697000e-06 1.00001000e+00 9.99994000e-01
8.07389000e+01 1.00062000e+00 1.00000000e+00 7.26872000e-06 1.00001000e+00 9.99993000e-01
8.08437000e+01 1.00062000e+00 1.00000000e+00 8.23562000e-06 1.00002000e+00 9.99992000e-01
8.09484000e+01 1.00061000e+00 1.00000000e+00 9.10754000e-06 1.00002000e+00 9.99991000e-01
8.10531000e+01 1.00060000e+00 1.00000000e+00 9.87544000e-06 1.00002000e+00 9.99990000e-01
8.11578000e+01 1.00058000e+00 1.00000000e+00 1.05315000e-05 1.00002000e+00 9.99990000e-01
8.12625000e+01 1.00055000e+00 1.00000000e+00 1.10691000e-05 1.00002000e+00 9.99989000e-01
8.13672000e+01 1.00052000e+00 1.00000000e+00 1.14830000e-05 1.00002000e+00 9.99989000e-01
8.14720000e+01 1.00048000e+00 1.00000000e+00 1.17692000e-05 1.00002000e+00 9.99988000e-01
8.15767000e+01 1.00044000e+00 1.00000000e+00 1.19255000e-05 1.00002000e+00 9.99988000e-01
8.16814000e+01 1.00039000e+00 1.00000000e+00 1.19506000e-05 1.00002000e+00 9.99988000e-01
8.17861000e+01 1.00034000e+00 1.00000000e+00 1.18450000e-05 1.00002000e+00 9.99988000e-01
8.18908000e+01 1.00028000e+00 1.00000000e+00 1.16105000e-05 1.00002000e+00 9.99989000e-01
8.19956000e+01 1.00022000e+00 1.00000000e+00 1.12503000e-05 1.00002000e+00 9.99989000e-01
8.21003000e+01 1.00016000e+00 1.00000000e+00 1.07690000e-05 1.00002000e+00 9.99989000e-01
8.22050000e+01 1.00010000e+00 1.00000000e+00 1.01725000e-05 1.00002000e+00 9.99990000e-01
8.23097000e+01 1.00003000e+00 1.00000000e+00 9.46793000e-06 1.00002000e+00 9.99991000e-01
8.24144000e+01 9.99970000e-01 1.00000000e+00 8.66342000e-06 1.00002000e+00 9.99991000e-01
8.25192000e+01 9.99906000e-01 1.00000000e+00 7.76833000e-06 1.00002000e+00 9.99992000e-01
8.26239000e+01 9.99844000e-01 1.00000000e+00 6.79287000e-06 1.00001000e+00 9.99993000e-01
8.27286000e+01 9.99784000e-01 1.00000000e+00 5.74812000e-06 1.00001000e+00 9.99994000e-01
8.28333000e+01 9.99727000e-01 1.00000000e+00 4.64584000e-06 1.00001000e+00 9.99995000e-01
8.29380000e+01 9.99673000e-01 1.00000000e+00 3.49834000e-06 1.00001000e+00 9.99996000e-01
8.30428000e+01 9.99622000e-01 1.00000000e+00 2.31839000e-06 1.00000000e+00 9.99998000e-01
8.31475000e+01 9.99577000e-01 1.00000000e+00 1.11904000e-06 1.00000000e+00 9.99999000e-01
8.32522000e+01 9.99536000e-01 1.00000000e+00 -8.65097000e-08 1.00000000e+00 1.00000000e+00
8.33569000e+01 9.99500000e-01 1.00000000e+00 -1.28507000e-06 9.99997000e-01 1.00000000e+00
8.34616000e+01 9.99470000e-01 1.00000000e+00 -2.46358000e-06 9.99995000e-01 1.00000000e+00
8.35664000e+01 9.99446000e-01 1.00000000e+00 -3.60928000e-06 9.99993000e-01 1.00000000e+00
8.36711000e+01 9.99428000e-01 1.00000000e+00 -4.70981000e-06 9.99990000e-01 1.00000000e+00
8.37758000e+01 9.99417000e-01 1.00000000e+00 -5.75339000e-06 9.99988000e-01 1.00001000e+00
8.38805000e+01 9.99413000e-01 1.00000000e+00 -6.72889000e-06 9.99986000e-01 1.00001000e+00
8.39852000e+01 9.99414000e-01 1.00000000e+00 -7.62601000e-06 9.99985000e-01 1.00001000e+00
8.40900000e+01 9.99423000e-01 1.00000000e+00 -8.43533000e-06 9.99983000e-01 1.00001000e+00
8.41947000e+01 9.99438000e-01 1.00000000e+00 -9.14846000e-06 9.99981000e-01 1.00001000e+00
8.42994000e+01 9.99459000e-01 1.00000000e+00 -9.75809000e-06 9.99980000e-01 1.00001000e+00
8.44041000e+01 9.99486000e-01 1.00000000e+00 -1.02581000e-05 9.99979000e-01 1.00001000e+00
8.45088000e+01 9.99518000e-01 1.00000000e+00 -1.06435000e-05 9.99979000e-01 1.00001000e+00
8.46136000e+01 9.99556000e-01 1.00000000e+00 -1.09107000e-05 9.99978000e-01 1.00001000e+00
8.47183000e+01 9.99599000e-01 1.00000000e+00 -1.10573000e-05 9.99978000e-01 1.00001000e+00
8.48230000e+01 9.99646000e-01 1.00000000e+00 -1.10824000e-05 9.99978000e-01 1.00001000e+00
8.49277000e+01 9.99697000e-01 1.00000000e+00 -1.09863000e-05 9.99978000e-01 1.00001000e+00
8.50324000e+01 9.99751000e-01 1.00000000e+00 -1.07706000e-05 9.99978000e-01 1.00001000e+00
8.51372000e+01 9.99808000e-01 1.00000000e+00 -1.04382000e-05 9.99979000e-01 1.00001000e+00
8.52419000e+01 9.99867000e-01 1.00000000e+00 -9.99344000e-06 9.99980000e-01 1.00001000e+00
8.53466000e+01 9.99926000e-01 1.00000000e+00 -9.44162000e-06 9.99981000e-01 1.00001000e+00
8.54513000e+01 9.99987000e-01 1.00000000e+00 -8.78933000e-06 9.99982000e-01 1.00001000e+00
8.55560000e+01 1.00005000e+00 1.00000000e+00 -8.04417000e-06 9.99984000e-01 1.00001000e+00
8.56608000e+01 1.00011000e+00 1.00000000e+00 -7.21474000e-06 9.99986000e-01 1.00001000e+00
8.57655000e+01 1.00017000e+00 1.00000000e+00 -6.31051000e-06 9.99987000e-01 1.00001000e+00
8.58702000e+01 1.00022000e+00 1.00000000e+00 -5.34172000e-06 9.99989000e-01 1.00001000e+00
8.59749000e+01 1.00028000e+00 1.00000000e+00 -4.31927000e-06 9.99991000e-01 1.00000000e+00
8.60796000e+01 1.00033000e+00 1.00000000e+00 -3.25457000e-06 9.99994000e-01 1.00000000e+00
8.61844000e+01 1.00037000e+00 1.00000000e+00 -2.15947000e-06 9.99996000e-01 1.00000000e+00
8.62891000e+01 1.00041000e+00 1.00000000e+00 -1.04607000e-06 9.99998000e-01 1.00000000e+00
8.63938000e+01 1.00045000e+00 1.00000000e+00 7.33747000e-08 1.00000000e+00 1.00000000e+00
8.64985000e+01 1.00048000e+00 1.00000000e+00 1.18661000e-06 1.00000000e+00 9.99999000e-01
8.66032000e+01 1.00051000e+00 1.00000000e+00 2.28151000e-06 1.00000000e+00 9.99998000e-01
8.67080000e+01 1.00053000e+00 1.00000000e+00 3.34620000e-06 1.00001000e+00 9.99997000e-01
8.68127000e+01 1.00055000e+00 1.00000000e+00 4.36920000e-06 1.00001000e+00 9.99996000e-01
8.69174000e+01 1.00056000e+00 1.00000000e+00 5.33953000e-06 1.00001000e+00 9.99995000e-01
8.70221000e+01 1.00056000e+00 1.00000000e+00 6.24685000e-06 1.00001000e+00 9.99994000e-01
8.71268000e+01 1.00055000e+00 1.00000000e+00 7.08155000e-06 1.00001000e+00 9.99993000e-01
8.72316000e+01 1.00054000e+00 1.00000000e+00 7.83486000e-06 1.00002000e+00 9.99992000e-01
8.73363000e+01 1.00053000e+00 1.00000000e+00 8.49894000e-06 1.00002000e+00 9.99992000e-01
8.74410000e+01 1.00051000e+00 1.00000000e+00 9.06697000e-06 1.00002000e+00 9.99991000e-01
8.75457000e+01 1.00048000e+00 1.00000000e+00 9.53319000e-06 1.00002000e+00 9.99991000e-01
8.76504000e+01 1.00045000e+00 1.00000000e+00 9.89301000e-06 1.00002000e+00 9.99990000e-01
8.77552000e+01 1.00041000e+00 1.00000000e+00 1.01430000e-05 1.00002000e+00 9.99990000e-01
8.78599000e+01 1.00037000e+00 1.00000000e+00 1.02809000e-05 1.00002000e+00 9.99990000e-01
8.79646000e+01 1.00032000e+00 1.00000000e+00 1.03059000e-05 1.00002000e+00 9.99990000e-01
8.80693000e+01 1.00027000e+00 1.00000000e+00 1.02180000e-05 1.00002000e+00 9.99990000e-01
8.81740000e+01 1.00022000e+00 1.00000000e+00 1.00190000e-05 1.00002000e+00 9.99990000e-01
8.82788000e+01 1.00017000e+00 1.00000000e+00 9.71133000e-06 1.00002000e+00 9.99990000e-01
8.83835000e+01 1.00011000e+00 1.00000000e+00 9.29902000e-06 1.00002000e+00 9.99991000e-01
8.84882000e+01 1.00005000e+00 1.00000000e+00 8.78703000e-06 1.00002000e+00 9.99991000e-01
8.85929000e+01 9.99994000e-01 1.00000000e+00 8.18142000e-06 1.00002000e+00 9.99992000e-01
8.86976000e+01 9.99936000e-01 1.00000000e+00 7.48925000e-06 1.00001000e+00 9.99992000e-01
8.88024000e+01 9.99880000e-01 1.00000000e+00 6.71849000e-06 1.00001000e+00 9.99993000e-01
8.89071000e+01 9.99825000e-01 1.00000000e+00 5.87792000e-06 1.00001000e+00 9.99994000e-01
8.90118000e+01 9.99772000e-01 1.00000000e+00 4.97706000e-06 1.00001000e+00 9.99995000e-01
8.91165000e+01 9.99722000e-01 1.00000000e+00 4.02603000e-06 1.00001000e+00 9.99996000e-01
8.92212000e+01 9.99675000e-01 1.00000000e+00 3.03546000e-06 1.00001000e+00 9.99997000e-01
8.93260000e+01 9.99632000e-01 1.00000000e+00 2.01635000e-06 1.00000000e+00 9.99998000e-01
8.94307000e+01 9.99593000e-01 1.00000000e+00 9.79966000e-07 1.00000000e+00 9.99999000e-01
8.95354000e+01 9.99559000e-01 1.00000000e+00 -6.22899000e-08 1.00000000e+00 1.00000000e+00
8.96401000e+01 9.99530000e-01 1.00000000e+00 -1.09900000e-06 9.99998000e-01 1.00000000e+00
8.97448000e+01 9.99506000e-01 1.00000000e+00 -2.11888000e-06 9.99996000e-01 1.00000000e+00
8.98495000e+01 9.99488000e-01 1.00000000e+00 -3.11085000e-06 9.99994000e-01 1.00000000e+00
8.99543000e+01 9.99476000e-01 1.00000000e+00 -4.06421000e-06 9.99992000e-01 1.00000000e+00
9.00590000e+01 9.99469000e-01 1.00000000e+00 -4.96873000e-06 9.99990000e-01 1.00000000e+00
9.01637000e+01 9.99468000e-01 1.00000000e+00 -5.81475000e-06 9.99988000e-01 1.00001000e+00
9.02684000e+01 9.99474000e-01 1.00000000e+00 -6.59331000e-06 9.99987000e-01 1.00001000e+00
9.03731000e+01 9.99485000e-01 1.00000000e+00 -7.29620000e-06 9.99985000e-01 1.00001000e+00
9.04779000e+01 9.99502000e-01 1.00000000e+00 -7.91610000e-06 9.99984000e-01 1.00001000e+00
9.05826000e+01 9.99524000e-01 1.00000000e+00 -8.44663000e-06 9.99983000e-01 1.00001000e+00
9.06873000e+01 9.99552000e-01 1.00000000e+00 -8.88239000e-06 9.99982000e-01 1.00001000e+00
9.07920000e+01 9.99585000e-01 1.00000000e+00 -9.21907000e-06 9.99981000e-01 1.00001000e+00
9.08967000e+01 9.99622000e-01 1.00000000e+00 -9.45345000e-06 9.99981000e-01 1.00001000e+00
9.10015000e+01 9.99663000e-01 1.00000000e+00 -9.58343000e-06 9.99981000e-01 1.00001000e+00
9.11062000e+01 9.99708000e-01 1.00000000e+00 -9.60807000e-06 9.99981000e-01 1.00001000e+00
9.12109000e+01 9.99756000e-01 1.00000000e+00 -9.52759000e-06 9.99981000e-01 1.00001000e+00
9.13156000e+01 9.99806000e-01 1.00000000e+00 -9.34334000e-06 9.99981000e-01 1.00001000e+00
9.14203000e+01 9.99859000e-01 1.00000000e+00 -9.05782000e-06 9.99982000e-01 1.00001000e+00
9.15251000e+01 9.99913000e-01 1.00000000e+00 -8.67461000e-06 9.99983000e-01 1.00001000e+00
9.16298000e+01 9.99968000e-01 1.00000000e+00 -8.19833000e-06 9.99984000e-01 1.00001000e+00
9.17345000e+01 1.00002000e+00 1.00000000e+00 -7.63462000e-06 9.99985000e-01 1.00001000e+00
9.18392000e+01 1.00008000e+00 1.00000000e+00 -6.99003000e-06 9.99986000e-01 1.00001000e+00
9.19439000e+01 1.00013000e+00 1.00000000e+00 -6.27197000e-06 9.99988000e-01 1.00001000e+00
9.20487000e+01 1.00018000e+00 1.00000000e+00 -5.48862000e-06 9.99989000e-01 1.00001000e+00
9.21534000e+01 1.00023000e+00 1.00000000e+00 -4.64883000e-06 9.99991000e-01 1.00000000e+00
9.22581000e+01 1.00028000e+00 1.00000000e+00 -3.76203000e-06 9.99993000e-01 1.00000000e+00
9.23628000e+01 1.00032000e+00 1.00000000e+00 -2.83812000e-06 9.99994000e-01 1.00000000e+00
9.24675000e+01 1.00036000e+00 1.00000000e+00 -1.88737000e-06 9.99996000e-01 1.00000000e+00
9.25723000e+01 1.00040000e+00 1.00000000e+00 -9.20281000e-07 9.99998000e-01 1.00000000e+00
9.26770000e+01 1.00043000e+00 1.00000000e+00 5.25090000e-08 1.00000000e+00 1.00000000e+00
9.27817000e+01 1.00046000e+00 1.00000000e+00 1.02035000e-06 1.00000000e+00 9.99999000e-01
9.28864000e+01 1.00048000e+00 1.00000000e+00 1.97268000e-06 1.00000000e+00 9.99998000e-01
9.29911000e+01 1.00049000e+00 1.00000000e+00 2.89917000e-06 1.00001000e+00 9.99997000e-01
9.30959000e+01 1.00050000e+00 1.00000000e+00 3.78982000e-06 1.00001000e+00 9.99996000e-01
9.32006000e+01 1.00051000e+00 1.00000000e+00 4.63505000e-06 1.00001000e+00 9.99996000e-01
9.33053000e+01 1.00051000e+00 1.00000000e+00 5.42583000e-06 1.00001000e+00 9.99995000e-01
9.34100000e+01 1.00050000e+00 1.00000000e+00 6.15378000e-06 1.00001000e+00 9.99994000e-01
9.35147000e+01 1.00049000e+00 1.00000000e+00 6.81121000e-06 1.00001000e+00 9.99993000e-01
9.36195000e+01 1.00047000e+00 1.00000000e+00 7.39125000e-06 1.00001000e+00 9.99993000e-01
9.37242000e+01 1.00045000e+00 1.00000000e+00 7.88793000e-06 1.00002000e+00 9.99992000e-01
9.38289000e+01 1.00042000e+00 1.00000000e+00 8.29617000e-06 1.00002000e+00 9.99992000e-01
9.39336000e+01 1.00039000e+00 1.00000000e+00 8.61192000e-06 1.00002000e+00 9.99992000e-01
9.40383000e+01 1.00035000e+00 1.00000000e+00 8.83213000e-06 1.00002000e+00 9.99991000e-01
9.41431000e+01 1.00031000e+00 1.00000000e+00 8.95482000e-06 1.00002000e+00 9.99991000e-01
9.42478000e+01 1.00027000e+00 1.00000000e+00 8.97910000e-06 1.00002000e+00 9.99991000e-01
9.43525000e+01 1.00022000e+00 1.00000000e+00 8.90511000e-06 1.00002000e+00 9.99991000e-01
9.44572000e+01 1.00017000e+00 1.00000000e+00 8.73412000e-06 1.00002000e+00 9.99991000e-01
9.45619000e+01 1.00012000e+00 1.00000000e+00 8.46842000e-06 1.00002000e+00 9.99992000e-01
9.46667000e+01 1.00007000e+00 1.00000000e+00 8.11132000e-06 1.00002000e+00 9.99992000e-01
9.47714000e+01 1.00001000e+00 1.00000000e+00 7.66714000e-06 1.00002000e+00 9.99992000e-01
9.48761000e+01 9.99961000e-01 1.00000000e+00 7.14110000e-06 1.00001000e+00 9.99993000e-01
9.49808000e+01 9.99909000e-01 1.00000000e+00 6.53933000e-06 1.00001000e+00 9.99993000e-01
9.50855000e+01 9.99858000e-01 1.00000000e+00 5.86872000e-06 1.00001000e+00 9.99994000e-01
9.51903000e+01 9.99809000e-01 1.00000000e+00 5.13690000e-06 1.00001000e+00 9.99995000e-01
9.52950000e+01 9.99762000e-01 1.00000000e+00 4.35215000e-06 1.00001000e+00 9.99996000e-01
9.53997000e+01 9.99718000e-01 1.00000000e+00 3.52326000e-06 1.00001000e+00 9.99996000e-01
9.55044000e+01 9.99677000e-01 1.00000000e+00 2.65949000e-06 1.00001000e+00 9.99997000e-01
9.56091000e+01 9.99640000e-01 1.00000000e+00 1.77042000e-06 1.00000000e+00 9.99998000e-01
9.57139000e+01 9.99607000e-01 1.00000000e+00 8.65889000e-07 1.00000000e+00 9.99999000e-01
9.58186000e+01 9.99578000e-01 1.00000000e+00 -4.41657000e-08 1.00000000e+00 1.00000000e+00
9.59233000e+01 9.99555000e-01 1.00000000e+00 -9.49773000e-07 9.99998000e-01 1.00000000e+00
9.60280000e+01 9.99536000e-01 1.00000000e+00 -1.84106000e-06 9.99996000e-01 1.00000000e+00
9.61327000e+01 9.99522000e-01 1.00000000e+00 -2.70834000e-06 9.99994000e-01 1.00000000e+00
9.62375000e+01 9.99514000e-01 1.00000000e+00 -3.54226000e-06 9.99993000e-01 1.00000000e+00
9.63422000e+01 9.99512000e-01 1.00000000e+00 -4.33383000e-06 9.99991000e-01 1.00000000e+00
9.64469000e+01 9.99514000e-01 1.00000000e+00 -5.07461000e-06 9.99990000e-01 1.00000000e+00
9.65516000e+01 9.99523000e-01 1.00000000e+00 -5.75671000e-06 9.99988000e-01 1.00001000e+00
9.66563000e+01 9.99536000e-01 1.00000000e+00 -6.37293000e-06 9.99987000e-01 1.00001000e+00
9.67611000e+01 9.99555000e-01 1.00000000e+00 -6.91684000e-06 9.99986000e-01 1.00001000e+00
9.68658000e+01 9.99578000e-01 1.00000000e+00 -7.38279000e-06 9.99985000e-01 1.00001000e+00
9.69705000e+01 9.99607000e-01 1.00000000e+00 -7.76603000e-06 9.99984000e-01 1.00001000e+00
9.70752000e+01 9.99639000e-01 1.00000000e+00 -8.06273000e-06 9.99984000e-01 1.00001000e+00
9.71799000e+01 9.99676000e-01 1.00000000e+00 -8.27003000e-06 9.99983000e-01 1.00001000e+00
9.72847000e+01 9.99716000e-01 1.00000000e+00 -8.38603000e-06 9.99983000e-01 1.00001000e+00
9.73894000e+01 9.99759000e-01 1.00000000e+00 -8.40987000e-06 9.99983000e-01 1.00001000e+00
9.74941000e+01 9.99805000e-01 1.00000000e+00 -8.34169000e-06 9.99983000e-01 1.00001000e+00
9.75988000e+01 9.99852000e-01 1.00000000e+00 -8.18261000e-06 9.99984000e-01 1.00001000e+00
9.77035000e+01 9.99902000e-01 1.00000000e+00 -7.93476000e-06 9.99984000e-01 1.00001000e+00
9.78083000e+01 9.99952000e-01 1.00000000e+00 -7.60124000e-06 9.99985000e-01 1.00001000e+00
9.79130000e+01 1.00000000e+00 1.00000000e+00 -7.18606000e-06 9.99986000e-01 1.00001000e+00
9.80177000e+01 1.00005000e+00 1.00000000e+00 -6.69409000e-06 9.99987000e-01 1.00001000e+00
9.81224000e+01 1.00010000e+00 1.00000000e+00 -6.13104000e-06 9.99988000e-01 1.00001000e+00
9.82271000e+01 1.00015000e+00 1.00000000e+00 -5.50337000e-06 9.99989000e-01 1.00001000e+00
9.83319000e+01 1.00020000e+00 1.00000000e+00 -4.81821000e-06 9.99990000e-01 1.00000000e+00
9.84366000e+01 1.00024000e+00 1.00000000e+00 -4.08328000e-06 9.99992000e-01 1.00000000e+00
9.85413000e+01 1.00028000e+00 1.00000000e+00 -3.30683000e-06 9.99994000e-01 1.00000000e+00
9.86460000e+01 1.00032000e+00 1.00000000e+00 -2.49753000e-06 9.99995000e-01 1.00000000e+00
9.87507000e+01 1.00036000e+00 1.00000000e+00 -1.66434000e-06 9.99997000e-01 1.00000000e+00
9.88554000e+01 1.00039000e+00 1.00000000e+00 -8.16481000e-07 9.99999000e-01 1.00000000e+00
9.89602000e+01 1.00041000e+00 1.00000000e+00 3.67250000e-08 1.00000000e+00 1.00000000e+00
9.90649000e+01 1.00044000e+00 1.00000000e+00 8.85933000e-07 1.00000000e+00 9.99999000e-01
9.91696000e+01 1.00045000e+00 1.00000000e+00 1.72188000e-06 1.00000000e+00 9.99998000e-01
9.92743000e+01 1.00046000e+00 1.00000000e+00 2.53549000e-06 1.00001000e+00 9.99998000e-01
9.93790000e+01 1.00047000e+00 1.00000000e+00 3.31796000e-06 1.00001000e+00 9.99997000e-01
9.94838000e+01 1.00047000e+00 1.00000000e+00 4.06088000e-06 1.00001000e+00 9.99996000e-01
9.95885000e+01 1.00047000e+00 1.00000000e+00 4.75628000e-06 1.00001000e+00 9.99995000e-01
9.96932000e+01 1.00046000e+00 1.00000000e+00 5.39679000e-06 1.00001000e+00 9.99995000e-01
9.97979000e+01 1.00044000e+00 1.00000000e+00 5.97561000e-06 1.00001000e+00 9.99994000e-01
9.99026000e+01 1.00042000e+00 1.00000000e+00 6.48669000e-06 1.00001000e+00 9.99994000e-01
1.00007000e+02 1.00040000e+00 1.00000000e+00 6.92473000e-06 1.00001000e+00 9.99993000e-01
1.00112000e+02 1.00037000e+00 1.00000000e+00 7.28524000e-06 1.00001000e+00 9.99993000e-01
1.00217000e+02 1.00034000e+00 1.00000000e+00 7.56460000e-06 1.00002000e+00 9.99993000e-01
1.00322000e+02 1.00030000e+00 1.00000000e+00 7.76011000e-06 1.00002000e+00 9.99992000e-01
1.00426000e+02 1.00026000e+00 1.00000000e+00 7.86998000e-06 1.00002000e+00 9.99992000e-01
1.00531000e+02 1.00022000e+00 1.00000000e+00 7.89335000e-06 1.00002000e+00 9.99992000e-01
1.00636000e+02 1.00017000e+00 1.00000000e+00 7.83034000e-06 1.00002000e+00 9.99992000e-01
1.00740000e+02 1.00013000e+00 1.00000000e+00 7.68198000e-06 1.00002000e+00 9.99992000e-01
1.00845000e+02 1.00008000e+00 1.00000000e+00 7.45027000e-06 1.00001000e+00 9.99993000e-01
1.00950000e+02 1.00003000e+00 1.00000000e+00 7.13806000e-06 1.00001000e+00 9.99993000e-01
1.01055000e+02 9.99982000e-01 1.00000000e+00 6.74912000e-06 1.00001000e+00 9.99993000e-01
1.01159000e+02 9.99933000e-01 1.00000000e+00 6.28800000e-06 1.00001000e+00 9.99994000e-01
1.01264000e+02 9.99886000e-01 1.00000000e+00 5.76004000e-06 1.00001000e+00 9.99994000e-01
1.01369000e+02 9.99839000e-01 1.00000000e+00 5.17129000e-06 1.00001000e+00 9.99995000e-01
1.01473000e+02 9.99795000e-01 1.00000000e+00 4.52843000e-06 1.00001000e+00 9.99995000e-01
1.01578000e+02 9.99753000e-01 1.00000000e+00 3.83871000e-06 1.00001000e+00 9.99996000e-01
1.01683000e+02 9.99714000e-01 1.00000000e+00 3.10986000e-06 1.00001000e+00 9.99997000e-01
1.01788000e+02 9.99678000e-01 1.00000000e+00 2.35001000e-06 1.00000000e+00 9.99998000e-01
1.01892000e+02 9.99646000e-01 1.00000000e+00 1.56758000e-06 1.00000000e+00 9.99998000e-01
1.01997000e+02 9.99618000e-01 1.00000000e+00 7.71220000e-07 1.00000000e+00 9.99999000e-01
1.02102000e+02 9.99594000e-01 1.00000000e+00 -3.03130000e-08 1.00000000e+00 1.00000000e+00
1.02206000e+02 9.99575000e-01 1.00000000e+00 -8.28238000e-07 9.99998000e-01 1.00000000e+00
1.02311000e+02 9.99560000e-01 1.00000000e+00 -1.61385000e-06 9.99997000e-01 1.00000000e+00
1.02416000e+02 9.99551000e-01 1.00000000e+00 -2.37861000e-06 9.99995000e-01 1.00000000e+00
1.02521000e+02 9.99546000e-01 1.00000000e+00 -3.11426000e-06 9.99994000e-01 1.00000000e+00
1.02625000e+02 9.99547000e-01 1.00000000e+00 -3.81286000e-06 9.99992000e-01 1.00000000e+00
1.02730000e+02 9.99553000e-01 1.00000000e+00 -4.46694000e-06 9.99991000e-01 1.00000000e+00
1.02835000e+02 9.99563000e-01 1.00000000e+00 -5.06953000e-06 9.99990000e-01 1.00000000e+00
1.02940000e+02 9.99579000e-01 1.00000000e+00 -5.61425000e-06 9.99989000e-01 1.00001000e+00
1.03044000e+02 9.99599000e-01 1.00000000e+00 -6.09539000e-06 9.99988000e-01 1.00001000e+00
1.03149000e+02 9.99624000e-01 1.00000000e+00 -6.50795000e-06 9.99987000e-01 1.00001000e+00
1.03254000e+02 9.99652000e-01 1.00000000e+00 -6.84769000e-06 9.99986000e-01 1.00001000e+00
1.03358000e+02 9.99685000e-01 1.00000000e+00 -7.11120000e-06 9.99986000e-01 1.00001000e+00
1.03463000e+02 9.99721000e-01 1.00000000e+00 -7.29590000e-06 9.99985000e-01 1.00001000e+00
1.03568000e+02 9.99760000e-01 1.00000000e+00 -7.40010000e-06 9.99985000e-01 1.00001000e+00
1.03673000e+02 9.99802000e-01 1.00000000e+00 -7.42298000e-06 9.99985000e-01 1.00001000e+00
1.03777000e+02 9.99846000e-01 1.00000000e+00 -7.36461000e-06 9.99985000e-01 1.00001000e+00
1.03882000e+02 9.99891000e-01 1.00000000e+00 -7.22597000e-06 9.99986000e-01 1.00001000e+00
1.03987000e+02 9.99938000e-01 1.00000000e+00 -7.00889000e-06 9.99986000e-01 1.00001000e+00
1.04091000e+02 9.99985000e-01 1.00000000e+00 -6.71606000e-06 9.99987000e-01 1.00001000e+00
1.04196000e+02 1.00003000e+00 1.00000000e+00 -6.35098000e-06 9.99987000e-01 1.00001000e+00
1.04301000e+02 1.00008000e+00 1.00000000e+00 -5.91793000e-06 9.99988000e-01 1.00001000e+00
1.04406000e+02 1.00012000e+00 1.00000000e+00 -5.42191000e-06 9.99989000e-01 1.00001000e+00
1.04510000e+02 1.00017000e+00 1.00000000e+00 -4.86860000e-06 9.99990000e-01 1.00000000e+00
1.04615000e+02 1.00021000e+00 1.00000000e+00 -4.26428000e-06 9.99992000e-01 1.00000000e+00
1.04720000e+02 1.00025000e+00 1.00000000e+00 -3.61574000e-06 9.99993000e-01 1.00000000e+00
1.04824000e+02 1.00029000e+00 1.00000000e+00 -2.93026000e-06 9.99994000e-01 1.00000000e+00
1.04929000e+02 1.00032000e+00 1.00000000e+00 -2.21547000e-06 9.99996000e-01 1.00000000e+00
1.05034000e+02 1.00035000e+00 1.00000000e+00 -1.47930000e-06 9.99997000e-01 1.00000000e+00
1.05139000e+02 1.00038000e+00 1.00000000e+00 -7.29887000e-07 9.99999000e-01 1.00000000e+00
1.05243000e+02 1.00040000e+00 1.00000000e+00 2.45373000e-08 1.00000000e+00 1.00000000e+00
1.05348000e+02 1.00042000e+00 1.00000000e+00 7.75703000e-07 1.00000000e+00 9.99999000e-01
1.05453000e+02 1.00043000e+00 1.00000000e+00 1.51541000e-06 1.00000000e+00 9.99999000e-01
1.05558000e+02 1.00044000e+00 1.00000000e+00 2.23563000e-06 1.00000000e+00 9.99998000e-01
1.05662000e+02 1.00044000e+00 1.00000000e+00 2.92856000e-06 1.00001000e+00 9.99997000e-01
1.05767000e+02 1.00044000e+00 1.00000000e+00 3.58674000e-06 1.00001000e+00 9.99997000e-01
1.05872000e+02 1.00043000e+00 1.00000000e+00 4.20311000e-06 1.00001000e+00 9.99996000e-01
1.05976000e+02 1.00042000e+00 1.00000000e+00 4.77110000e-06 1.00001000e+00 9.99995000e-01
1.06081000e+02 1.00040000e+00 1.00000000e+00 5.28469000e-06 1.00001000e+00 9.99995000e-01
1.06186000e+02 1.00038000e+00 1.00000000e+00 5.73849000e-06 1.00001000e+00 9.99994000e-01
1.06291000e+02 1.00036000e+00 1.00000000e+00 6.12776000e-06 1.00001000e+00 9.99994000e-01
1.06395000e+02 1.00033000e+00 1.00000000e+00 6.44851000e-06 1.00001000e+00 9.99994000e-01
1.06500000e+02 1.00029000e+00 1.00000000e+00 6.69751000e-06 1.00001000e+00 9.99993000e-01
1.06605000e+02 1.00026000e+00 1.00000000e+00 6.87230000e-06 1.00001000e+00 9.99993000e-01
1.06709000e+02 1.00022000e+00 1.00000000e+00 6.97128000e-06 1.00001000e+00 9.99993000e-01
1.06814000e+02 1.00018000e+00 1.00000000e+00 6.99365000e-06 1.00001000e+00 9.99993000e-01
1.06919000e+02 1.00014000e+00 1.00000000e+00 6.93947000e-06 1.00001000e+00 9.99993000e-01
1.07024000e+02 1.00009000e+00 1.00000000e+00 6.80964000e-06 1.00001000e+00 9.99993000e-01
1.07128000e+02 1.00005000e+00 1.00000000e+00 6.60586000e-06 1.00001000e+00 9.99993000e-01
1.07233000e+02 1.00000000e+00 1.00000000e+00 6.33065000e-06 1.00001000e+00 9.99994000e-01
