# k S000 S110 S112 S10 S11
1.04720e-01  2.53521e-02  -9.92762e-01  -2.17441e-03  2.88903e-03  9.41226e-03
2.09440e-01  2.53770e-02  -9.92738e-01  -2.18374e-03  2.89490e-03  9.44613e-03
3.14159e-01  2.54190e-02  -9.92696e-01  -2.19941e-03  2.90473e-03  9.50296e-03
4.18879e-01  2.54789e-02  -9.92638e-01  -2.22160e-03  2.91856e-03  9.58335e-03
5.23599e-01  2.55578e-02  -9.92562e-01  -2.25055e-03  2.93647e-03  9.68812e-03
6.28319e-01  2.56572e-02  -9.92468e-01  -2.28661e-03  2.95856e-03  9.81838e-03
7.33038e-01  2.57787e-02  -9.92355e-01  -2.33020e-03  2.98495e-03  9.97555e-03
8.37758e-01  2.59247e-02  -9.92220e-01  -2.38186e-03  3.01580e-03  1.01614e-02
9.42478e-01  2.60975e-02  -9.92064e-01  -2.44224e-03  3.05128e-03  1.03780e-02
1.04720e+00  2.63002e-02  -9.91884e-01  -2.51212e-03  3.09159e-03  1.06280e-02
1.15192e+00  2.65359e-02  -9.91678e-01  -2.59247e-03  3.13698e-03  1.09144e-02
1.25664e+00  2.68086e-02  -9.91443e-01  -2.68441e-03  3.18772e-03  1.12410e-02
1.36136e+00  2.71228e-02  -9.91177e-01  -2.78934e-03  3.24413e-03  1.16121e-02
1.46608e+00  2.74832e-02  -9.90876e-01  -2.90890e-03  3.30658e-03  1.20333e-02
1.57080e+00  2.78959e-02  -9.90534e-01  -3.04509e-03  3.37546e-03  1.25107e-02
1.67552e+00  2.83672e-02  -9.90148e-01  -3.20035e-03  3.45124e-03  1.30523e-02
1.78024e+00  2.89050e-02  -9.89710e-01  -3.37767e-03  3.53446e-03  1.36675e-02
1.88496e+00  2.95180e-02  -9.89213e-01  -3.58070e-03  3.62571e-03  1.43678e-02
1.98968e+00  3.02166e-02  -9.88646e-01  -3.81400e-03  3.72569e-03  1.51677e-02
2.09440e+00  3.10131e-02  -9.87998e-01  -4.08330e-03  3.83516e-03  1.60850e-02
2.19911e+00  3.19220e-02  -9.87253e-01  -4.39586e-03  3.95502e-03  1.71426e-02
2.30383e+00  3.29607e-02  -9.86392e-01  -4.76103e-03  4.08629e-03  1.83694e-02
2.40855e+00  3.41505e-02  -9.85388e-01  -5.19105e-03  4.23013e-03  1.98033e-02
2.51327e+00  3.55172e-02  -9.84208e-01  -5.70216e-03  4.38788e-03  2.14944e-02
2.61799e+00  3.70927e-02  -9.82806e-01  -6.31645e-03  4.56111e-03  2.35105e-02
2.72271e+00  3.89173e-02  -9.81119e-01  -7.06461e-03  4.75159e-03  2.59454e-02
2.82743e+00  4.10421e-02  -9.79057e-01  -7.99054e-03  4.96144e-03  2.89331e-02
2.93215e+00  4.35330e-02  -9.76488e-01  -9.15925e-03  5.19310e-03  3.26708e-02
3.03687e+00  4.64768e-02  -9.73209e-01  -1.06710e-02  5.44946e-03  3.74625e-02
3.14159e+00  4.99898e-02  -9.68888e-01  -1.26890e-02  5.73393e-03  4.38008e-02
3.24631e+00  5.42317e-02  -9.62956e-01  -1.54969e-02  6.05059e-03  5.25412e-02
3.35103e+00  5.94280e-02  -9.54325e-01  -1.96353e-02  6.40431e-03  6.53102e-02
3.45575e+00  6.59070e-02  -9.40649e-01  -2.62752e-02  6.80102e-03  8.56267e-02
3.56047e+00  7.41667e-02  -9.15731e-01  -3.85108e-02  7.24793e-03  1.22780e-01
3.66519e+00  8.49994e-02  -8.56164e-01  -6.80410e-02  7.75393e-03  2.11877e-01
3.76991e+00  9.97472e-02  -5.25487e-01  -2.33091e-01  8.33010e-03  7.07604e-01
3.87463e+00  1.20878e-01  -1.37445e+00  1.91719e-01  8.99042e-03  -5.66166e-01
3.97935e+00  1.53474e-01  -1.13532e+00  7.25378e-02  9.75275e-03  -2.07861e-01
4.08407e+00  2.09949e-01  -1.08288e+00  4.67599e-02  1.06403e-02  -1.29639e-01
4.18879e+00  3.30685e-01  -1.05979e+00  3.57363e-02  1.16838e-02  -9.55250e-02
4.29351e+00  7.64373e-01  -1.04670e+00  2.98123e-02  1.29246e-02  -7.65122e-02
4.39823e+00  -2.67084e+00  -1.03817e+00  2.62937e-02  1.44200e-02  -6.44611e-02
4.50295e+00  -4.96517e-01  -1.03205e+00  2.41489e-02  1.62513e-02  -5.61953e-02
4.60767e+00  -2.77737e-01  -1.02730e+00  2.29193e-02  1.85382e-02  -5.02197e-02
4.71239e+00  -1.95165e-01  -1.02334e+00  2.24008e-02  2.14642e-02  -4.57383e-02
4.81711e+00  -1.52112e-01  -1.01975e+00  2.25381e-02  2.53254e-02  -4.22887e-02
4.92183e+00  -1.25922e-01  -1.01618e+00  2.34057e-02  3.06327e-02  -3.95844e-02
5.02655e+00  -1.08504e-01  -1.01218e+00  2.52623e-02  3.83486e-02  -3.74384e-02
5.13127e+00  -9.62506e-02  -1.00697e+00  2.87508e-02  5.05283e-02  -3.57241e-02
5.23599e+00  -8.73179e-02  -9.98741e-01  3.56118e-02  7.24824e-02  -3.43529e-02
5.34071e+00  -8.06671e-02  -9.81025e-01  5.22355e-02  1.23446e-01  -3.32610e-02
5.44543e+00  -7.56742e-02  -8.98609e-01  1.33793e-01  3.68977e-01  -3.24019e-02
5.55015e+00  -7.19469e-02  -1.16182e+00  -1.30074e-01  -4.21964e-01  -3.17410e-02
5.65487e+00  -6.92321e-02  -1.06755e+00  -3.62987e-02  -1.40149e-01  -3.12523e-02
5.75959e+00  -6.73665e-02  -1.04939e+00  -1.84724e-02  -8.63336e-02  -3.09164e-02
5.86431e+00  -6.62489e-02  -1.04170e+00  -1.09770e-02  -6.36497e-02  -3.07187e-02
5.96903e+00  -6.58253e-02  -1.03751e+00  -6.86176e-03  -5.12336e-02  -3.06483e-02
6.07375e+00  -6.60810e-02  -1.03495e+00  -4.25673e-03  -4.34677e-02  -3.06975e-02
6.17847e+00  -6.70397e-02  -1.03331e+00  -2.44843e-03  -3.82063e-02  -3.08610e-02
6.28319e+00  -6.87666e-02  -1.03224e+00  -1.10577e-03  -3.44529e-02  -3.11356e-02
6.38791e+00  -7.13794e-02  -1.03157e+00  -5.41390e-05  -3.16825e-02  -3.15201e-02
6.49262e+00  -7.50683e-02  -1.03121e+00  8.07361e-04  -2.95927e-02  -3.20148e-02
6.59734e+00  -8.01324e-02  -1.03108e+00  1.54131e-03  -2.79977e-02  -3.26217e-02
6.70206e+00  -8.70483e-02  -1.03116e+00  2.18881e-03  -2.67776e-02  -3.33440e-02
6.80678e+00  -9.66024e-02  -1.03141e+00  2.77821e-03  -2.58522e-02  -3.41868e-02
6.91150e+00  -1.10170e-01  -1.03183e+00  3.33002e-03  -2.51665e-02  -3.51565e-02
7.01622e+00  -1.30371e-01  -1.03240e+00  3.85968e-03  -2.46821e-02  -3.62612e-02
7.12094e+00  -1.62853e-01  -1.03313e+00  4.37935e-03  -2.43724e-02  -3.75105e-02
7.22566e+00  -2.22410e-01  -1.03402e+00  4.89904e-03  -2.42191e-02  -3.89162e-02
7.33038e+00  -3.63964e-01  -1.03506e+00  5.42732e-03  -2.42100e-02  -4.04920e-02
7.43510e+00  -1.10450e+00  -1.03628e+00  5.97189e-03  -2.43384e-02  -4.22541e-02
7.53982e+00  9.81840e-01  -1.03768e+00  6.53988e-03  -2.46016e-02  -4.42213e-02
7.64454e+00  3.32039e-01  -1.03928e+00  7.13817e-03  -2.50009e-02  -4.64154e-02
7.74926e+00  1.97585e-01  -1.04109e+00  7.77357e-03  -2.55414e-02  -4.88621e-02
7.85398e+00  1.39799e-01  -1.04314e+00  8.45295e-03  -2.62322e-02  -5.15911e-02
7.95870e+00  1.07833e-01  -1.04545e+00  9.18338e-03  -2.70867e-02  -5.46368e-02
8.06342e+00  8.76575e-02  -1.04807e+00  9.97213e-03  -2.81235e-02  -5.80399e-02
8.16814e+00  7.38457e-02  -1.05102e+00  1.08267e-02  -2.93675e-02  -6.18475e-02
8.27286e+00  6.38579e-02  -1.05436e+00  1.17546e-02  -3.08516e-02  -6.61153e-02
8.37758e+00  5.63469e-02  -1.05815e+00  1.27631e-02  -3.26193e-02  -7.09087e-02
8.48230e+00  5.05328e-02  -1.06245e+00  1.38590e-02  -3.47283e-02  -7.63052e-02
8.58702e+00  4.59331e-02  -1.06735e+00  1.50469e-02  -3.72561e-02  -8.23969e-02
8.69174e+00  4.22337e-02  -1.07297e+00  1.63283e-02  -4.03088e-02  -8.92937e-02
8.79646e+00  3.92218e-02  -1.07943e+00  1.76977e-02  -4.40343e-02  -9.71274e-02
8.90118e+00  3.67486e-02  -1.08692e+00  1.91375e-02  -4.86452e-02  -1.06058e-01
9.00590e+00  3.47072e-02  -1.09567e+00  2.06070e-02  -5.44571e-02  -1.16278e-01
9.11062e+00  3.30192e-02  -1.10600e+00  2.20222e-02  -6.19590e-02  -1.28026e-01
9.21534e+00  3.16262e-02  -1.11838e+00  2.32142e-02  -7.19509e-02  -1.41593e-01
9.32006e+00  3.04846e-02  -1.13351e+00  2.38366e-02  -8.58359e-02  -1.57346e-01
9.42478e+00  2.95611e-02  -1.15260e+00  2.31404e-02  -1.06319e-01  -1.75740e-01
9.52950e+00  2.88310e-02  -1.17803e+00  1.93293e-02  -1.39372e-01  -1.97360e-01
9.63422e+00  2.82757e-02  -1.21573e+00  7.22066e-03  -2.01291e-01  -2.22953e-01
9.73894e+00  2.78822e-02  -1.28833e+00  -3.48313e-02  -3.57993e-01  -2.53499e-01
9.84366e+00  2.76417e-02  -1.69872e+00  -4.08426e-01  -1.51557e+00  -2.90295e-01
9.94838e+00  2.75495e-02  -9.89440e-01  3.45658e-01  7.01876e-01  -3.35098e-01
1.00531e+01  2.76048e-02  -1.16369e+00  2.26645e-01  2.89601e-01  -3.90335e-01
1.01578e+01  2.78103e-02  -1.24478e+00  2.14671e-01  1.84561e-01  -4.59452e-01
1.02625e+01  2.81728e-02  -1.31943e+00  2.28073e-01  1.36717e-01  -5.47503e-01
1.03673e+01  2.87036e-02  -1.40498e+00  2.57218e-01  1.09459e-01  -6.62194e-01
1.04720e+01  2.94192e-02  -1.51326e+00  3.02597e-01  9.19309e-02  -8.15861e-01
1.05767e+01  3.03428e-02  -1.65978e+00  3.69774e-01  7.97716e-02  -1.02955e+00
1.06814e+01  3.15059e-02  -1.87124e+00  4.71067e-01  7.08905e-02  -1.34231e+00
1.07861e+01  3.29514e-02  -2.20238e+00  6.33268e-01  6.41599e-02  -1.83564e+00
1.08909e+01  3.47376e-02  -2.78885e+00  9.23884e-01  5.89184e-02  -2.71273e+00
1.09956e+01  3.69447e-02  -4.08898e+00  1.57187e+00  5.47527e-02  -4.66085e+00
1.11003e+01  3.96858e-02  -9.26232e+00  4.15686e+00  5.13913e-02  -1.24192e+01
1.12050e+01  4.31230e-02  1.78244e+01  -9.38788e+00  4.86488e-02  2.82123e+01
1.13097e+01  4.74977e-02  3.94351e+00  -2.44856e+00  4.63944e-02  7.39207e+00
1.14145e+01  5.31835e-02  2.03339e+00  -1.49443e+00  4.45335e-02  4.52782e+00
1.15192e+01  6.07896e-02  1.28209e+00  -1.11955e+00  4.29959e-02  3.40163e+00
1.16239e+01  7.13807e-02  8.84712e-01  -9.21492e-01  4.17289e-02  2.80620e+00
1.17286e+01  8.69966e-02  6.41141e-01  -8.00225e-01  4.06922e-02  2.44137e+00
1.18333e+01  1.12098e-01  4.77674e-01  -7.18910e-01  3.98546e-02  2.19658e+00
1.19381e+01  1.58667e-01  3.60697e-01  -6.60753e-01  3.91918e-02  2.02145e+00
1.20428e+01  2.73601e-01  2.72607e-01  -6.16961e-01  3.86850e-02  1.88957e+00
1.21475e+01  1.00671e+00  2.03247e-01  -5.82464e-01  3.83192e-02  1.78571e+00
1.22522e+01  -5.99774e-01  1.46330e-01  -5.54123e-01  3.80831e-02  1.70045e+00
1.23569e+01  -2.31911e-01  9.77673e-02  -5.29900e-01  3.79678e-02  1.62767e+00
1.24617e+01  -1.44381e-01  5.48232e-02  -5.08428e-01  3.79669e-02  1.56325e+00
1.25664e+01  -1.05314e-01  1.56445e-02  -4.88784e-01  3.80757e-02  1.50443e+00
1.26711e+01  -8.32912e-02  -2.10101e-02  -4.70349e-01  3.82915e-02  1.44934e+00
1.27758e+01  -6.92283e-02  -5.59429e-02  -4.52722e-01  3.86130e-02  1.39678e+00
1.28805e+01  -5.95253e-02  -8.96355e-02  -4.35662e-01  3.90403e-02  1.34603e+00
1.29852e+01  -5.24709e-02  -1.22336e-01  -4.19044e-01  3.95751e-02  1.29671e+00
1.30900e+01  -4.71476e-02  -1.54127e-01  -4.02826e-01  4.02204e-02  1.24870e+00
1.31947e+01  -4.30199e-02  -1.84982e-01  -3.87019e-01  4.09808e-02  1.20204e+00
1.32994e+01  -3.97544e-02  -2.14805e-01  -3.71666e-01  4.18625e-02  1.15686e+00
1.34041e+01  -3.71329e-02  -2.43467e-01  -3.56830e-01  4.28735e-02  1.11336e+00
1.35088e+01  -3.50067e-02  -2.70831e-01  -3.42573e-01  4.40238e-02  1.07174e+00
1.36136e+01  -3.32715e-02  -2.96767e-01  -3.28954e-01  4.53259e-02  1.03219e+00
1.37183e+01  -3.18519e-02  -3.21163e-01  -3.16021e-01  4.67950e-02  9.94858e-01
1.38230e+01  -3.06923e-02  -3.43932e-01  -3.03809e-01  4.84497e-02  9.59877e-01
1.39277e+01  -2.97511e-02  -3.65008e-01  -2.92340e-01  5.03128e-02  9.27332e-01
1.40324e+01  -2.89966e-02  -3.84349e-01  -2.81619e-01  5.24121e-02  8.97270e-01
1.41372e+01  -2.84046e-02  -4.01933e-01  -2.71642e-01  5.47821e-02  8.69709e-01
1.42419e+01  -2.79562e-02  -4.17751e-01  -2.62392e-01  5.74653e-02  8.44640e-01
1.43466e+01  -2.76368e-02  -4.31805e-01  -2.53840e-01  6.05152e-02  8.22034e-01
1.44513e+01  -2.74351e-02  -4.44102e-01  -2.45949e-01  6.39994e-02  8.01847e-01
1.45560e+01  -2.73424e-02  -4.54649e-01  -2.38674e-01  6.80043e-02  7.84025e-01
1.46608e+01  -2.73521e-02  -4.63446e-01  -2.31956e-01  7.26424e-02  7.68510e-01
1.47655e+01  -2.74590e-02  -4.70484e-01  -2.25727e-01  7.80628e-02  7.55242e-01
1.48702e+01  -2.76594e-02  -4.75735e-01  -2.19899e-01  8.44663e-02  7.44164e-01
1.49749e+01  -2.79507e-02  -4.79142e-01  -2.14364e-01  9.21308e-02  7.35222e-01
1.50796e+01  -2.83310e-02  -4.80605e-01  -2.08972e-01  1.01451e-01  7.28366e-01
1.51844e+01  -2.87992e-02  -4.79959e-01  -2.03516e-01  1.13009e-01  7.23557e-01
1.52891e+01  -2.93544e-02  -4.76928e-01  -1.97689e-01  1.27695e-01  7.20761e-01
1.53938e+01  -2.99958e-02  -4.71050e-01  -1.91002e-01  1.46946e-01  7.19952e-01
1.54985e+01  -3.07229e-02  -4.61509e-01  -1.82623e-01  1.73246e-01  7.21114e-01
1.56032e+01  -3.15346e-02  -4.46750e-01  -1.70988e-01  2.11274e-01  7.24238e-01
1.57080e+01  -3.24293e-02  -4.23439e-01  -1.52762e-01  2.71036e-01  7.29324e-01
1.58127e+01  -3.34043e-02  -3.82933e-01  -1.19308e-01  3.78451e-01  7.36375e-01
1.59174e+01  -3.44557e-02  -2.93790e-01  -3.91922e-02  6.27826e-01  7.45403e-01
1.60221e+01  -3.55777e-02  1.19196e-01  3.62775e-01  1.84475e+00  7.56421e-01
1.61268e+01  -3.67625e-02  -1.14245e+00  -9.11899e-01  -1.96625e+00  7.69447e-01
1.62316e+01  -3.79992e-02  -6.90964e-01  -4.75457e-01  -6.41877e-01  7.84493e-01
1.63363e+01  -3.92742e-02  -5.93597e-01  -3.95165e-01  -3.83927e-01  8.01569e-01
1.64410e+01  -4.05699e-02  -5.44273e-01  -3.64947e-01  -2.74167e-01  8.20674e-01
1.65457e+01  -4.18655e-02  -5.09957e-01  -3.51751e-01  -2.13458e-01  8.41794e-01
1.66504e+01  -4.31362e-02  -4.81730e-01  -3.46621e-01  -1.74971e-01  8.64891e-01
1.67552e+01  -4.43542e-02  -4.56208e-01  -3.46110e-01  -1.48428e-01  8.89902e-01
1.68599e+01  -4.54889e-02  -4.31866e-01  -3.48590e-01  -1.29045e-01  9.16724e-01
1.69646e+01  -4.65086e-02  -4.07958e-01  -3.53168e-01  -1.14294e-01  9.45210e-01
1.70693e+01  -4.73818e-02  -3.84133e-01  -3.59289e-01  -1.02712e-01  9.75156e-01
1.71740e+01  -4.80793e-02  -3.60270e-01  -3.66563e-01  -9.33956e-02  1.00629e+00
1.72788e+01  -4.85763e-02  -3.36400e-01  -3.74678e-01  -8.57563e-02  1.03828e+00
1.73835e+01  -4.88541e-02  -3.12669e-01  -3.83363e-01  -7.93942e-02  1.07069e+00
1.74882e+01  -4.89018e-02  -2.89319e-01  -3.92355e-01  -7.40281e-02  1.10304e+00
1.75929e+01  -4.87176e-02  -2.66667e-01  -4.01394e-01  -6.94550e-02  1.13473e+00
1.76976e+01  -4.83084e-02  -2.45092e-01  -4.10216e-01  -6.55243e-02  1.16512e+00
1.78024e+01  -4.76894e-02  -2.25016e-01  -4.18553e-01  -6.21225e-02  1.19354e+00
1.79071e+01  -4.68827e-02  -2.06882e-01  -4.26140e-01  -5.91620e-02  1.21926e+00
1.80118e+01  -4.59159e-02  -1.91128e-01  -4.32723e-01  -5.65746e-02  1.24159e+00
1.81165e+01  -4.48192e-02  -1.78159e-01  -4.38074e-01  -5.43065e-02  1.25991e+00
1.82212e+01  -4.36242e-02  -1.68316e-01  -4.41999e-01  -5.23144e-02  1.27368e+00
1.83260e+01  -4.23618e-02  -1.61851e-01  -4.44356e-01  -5.05636e-02  1.28250e+00
1.84307e+01  -4.10605e-02  -1.58907e-01  -4.45059e-01  -4.90258e-02  1.28615e+00
1.85354e+01  -3.97463e-02  -1.59504e-01  -4.44087e-01  -4.76781e-02  1.28458e+00
1.86401e+01  -3.84413e-02  -1.63540e-01  -4.41481e-01  -4.65014e-02  1.27794e+00
1.87448e+01  -3.71640e-02  -1.70797e-01  -4.37341e-01  -4.54803e-02  1.26654e+00
1.88496e+01  -3.59292e-02  -1.80963e-01  -4.31820e-01  -4.46022e-02  1.25086e+00
1.89543e+01  -3.47486e-02  -1.93649e-01  -4.25104e-01  -4.38566e-02  1.23146e+00
1.90590e+01  -3.36308e-02  -2.08422e-01  -4.17406e-01  -4.32352e-02  1.20898e+00
1.91637e+01  -3.25818e-02  -2.24831e-01  -4.08950e-01  -4.27316e-02  1.18412e+00
1.92684e+01  -3.16059e-02  -2.42426e-01  -3.99957e-01  -4.23408e-02  1.15753e+00
1.93732e+01  -3.07055e-02  -2.60782e-01  -3.90639e-01  -4.20591e-02  1.12986e+00
1.94779e+01  -2.98819e-02  -2.79511e-01  -3.81187e-01  -4.18844e-02  1.10168e+00
1.95826e+01  -2.91353e-02  -2.98271e-01  -3.71772e-01  -4.18157e-02  1.07350e+00
1.96873e+01  -2.84657e-02  -3.16770e-01  -3.62542e-01  -4.18533e-02  1.04577e+00
1.97920e+01  -2.78723e-02  -3.34765e-01  -3.53617e-01  -4.19987e-02  1.01885e+00
1.98968e+01  -2.73544e-02  -3.52062e-01  -3.45096e-01  -4.22547e-02  9.93034e-01
2.00015e+01  -2.69112e-02  -3.68509e-01  -3.37058e-01  -4.26257e-02  9.68549e-01
2.01062e+01  -2.65420e-02  -3.83991e-01  -3.29563e-01  -4.31174e-02  9.45572e-01
2.02109e+01  -2.62466e-02  -3.98428e-01  -3.22655e-01  -4.37375e-02  9.24226e-01
2.03156e+01  -2.60247e-02  -4.11765e-01  -3.16365e-01  -4.44955e-02  9.04601e-01
2.04204e+01  -2.58769e-02  -4.23967e-01  -3.10718e-01  -4.54033e-02  8.86751e-01
2.05251e+01  -2.58042e-02  -4.35021e-01  -3.05727e-01  -4.64757e-02  8.70706e-01
2.06298e+01  -2.58082e-02  -4.44924e-01  -3.01404e-01  -4.77307e-02  8.56480e-01
2.07345e+01  -2.58913e-02  -4.53683e-01  -2.97754e-01  -4.91907e-02  8.44070e-01
2.08392e+01  -2.60569e-02  -4.61317e-01  -2.94783e-01  -5.08831e-02  8.33467e-01
2.09440e+01  -2.63093e-02  -4.67846e-01  -2.92498e-01  -5.28420e-02  8.24652e-01
2.10487e+01  -2.66540e-02  -4.73300e-01  -2.90905e-01  -5.51098e-02  8.17605e-01
2.11534e+01  -2.70981e-02  -4.77711e-01  -2.90015e-01  -5.77402e-02  8.12304e-01
2.12581e+01  -2.76505e-02  -4.81117e-01  -2.89842e-01  -6.08013e-02  8.08726e-01
2.13628e+01  -2.83219e-02  -4.83561e-01  -2.90410e-01  -6.43810e-02  8.06849e-01
2.14675e+01  -2.91261e-02  -4.85096e-01  -2.91749e-01  -6.85946e-02  8.06653e-01
2.15723e+01  -3.00798e-02  -4.85786e-01  -2.93905e-01  -7.35959e-02  8.08119e-01
2.16770e+01  -3.12040e-02  -4.85714e-01  -2.96940e-01  -7.95946e-02  8.11227e-01
2.17817e+01  -3.25249e-02  -4.84988e-01  -3.00948e-01  -8.68838e-02  8.15960e-01
2.18864e+01  -3.40757e-02  -4.83763e-01  -3.06062e-01  -9.58862e-02  8.22298e-01
2.19911e+01  -3.58986e-02  -4.82262e-01  -3.12485e-01  -1.07233e-01  8.30223e-01
2.20959e+01  -3.80482e-02  -4.80831e-01  -3.20541e-01  -1.21913e-01  8.39710e-01
2.22006e+01  -4.05956e-02  -4.80034e-01  -3.30765e-01  -1.41563e-01  8.50730e-01
2.23053e+01  -4.36360e-02  -4.80870e-01  -3.44117e-01  -1.69104e-01  8.63247e-01
2.24100e+01  -4.72984e-02  -4.85293e-01  -3.62508e-01  -2.10309e-01  8.77214e-01
2.25147e+01  -5.17624e-02  -4.97752e-01  -3.90324e-01  -2.78399e-01  8.92572e-01
2.26195e+01  -5.72852e-02  -5.31100e-01  -4.40343e-01  -4.11787e-01  9.09243e-01
2.27242e+01  -6.42484e-02  -6.44776e-01  -5.71908e-01  -7.88592e-01  9.27132e-01
2.28289e+01  -7.32429e-02  -3.27809e+00  -3.22421e+00  -8.72651e+00  9.46120e-01
2.29336e+01  -8.52340e-02  -3.18297e-02  2.11152e-03  9.72393e-01  9.66059e-01
2.30383e+01  -1.01914e-01  -1.87638e-01  -1.74411e-01  4.63541e-01  9.86773e-01
2.31431e+01  -1.26542e-01  -2.25987e-01  -2.34040e-01  3.05933e-01  1.00805e+00
2.32478e+01  -1.66301e-01  -2.37096e-01  -2.66751e-01  2.29401e-01  1.02966e+00
2.33525e+01  -2.40747e-01  -2.37693e-01  -2.88997e-01  1.84313e-01  1.05130e+00
2.34572e+01  -4.28560e-01  -2.33311e-01  -3.06001e-01  1.54686e-01  1.07269e+00
2.35619e+01  -1.78230e+00  -2.26415e-01  -3.19891e-01  1.33803e-01  1.09348e+00
2.36667e+01  8.65974e-01  -2.18346e-01  -3.31653e-01  1.18347e-01  1.11331e+00
2.37714e+01  3.56362e-01  -2.09959e-01  -3.41773e-01  1.06495e-01  1.13181e+00
2.38761e+01  2.28020e-01  -2.01862e-01  -3.50490e-01  9.71571e-02  1.14863e+00
2.39808e+01  1.69887e-01  -1.94519e-01  -3.57917e-01  8.96474e-02  1.16340e+00
2.40855e+01  1.36951e-01  -1.88298e-01  -3.64097e-01  8.35091e-02  1.17580e+00
2.41903e+01  1.15917e-01  -1.83487e-01  -3.69043e-01  7.84280e-02  1.18556e+00
2.42950e+01  1.01457e-01  -1.80306e-01  -3.72756e-01  7.41807e-02  1.19245e+00
2.43997e+01  9.10231e-02  -1.78908e-01  -3.75244e-01  7.06042e-02  1.19634e+00
2.45044e+01  8.32436e-02  -1.79377e-01  -3.76523e-01  6.75771e-02  1.19715e+00
2.46091e+01  7.73166e-02  -1.81734e-01  -3.76630e-01  6.50068e-02  1.19490e+00
2.47139e+01  7.27431e-02  -1.85937e-01  -3.75620e-01  6.28223e-02  1.18968e+00
2.48186e+01  6.91980e-02  -1.91891e-01  -3.73571e-01  6.09678e-02  1.18168e+00
2.49233e+01  6.64618e-02  -1.99451e-01  -3.70575e-01  5.93994e-02  1.17112e+00
2.50280e+01  6.43826e-02  -2.08437e-01  -3.66740e-01  5.80820e-02  1.15830e+00
2.51327e+01  6.28531e-02  -2.18641e-01  -3.62186e-01  5.69876e-02  1.14354e+00
2.52375e+01  6.17977e-02  -2.29839e-01  -3.57034e-01  5.60933e-02  1.12719e+00
2.53422e+01  6.11631e-02  -2.41800e-01  -3.51409e-01  5.53812e-02  1.10961e+00
2.54469e+01  6.09129e-02  -2.54295e-01  -3.45434e-01  5.48364e-02  1.09114e+00
2.55516e+01  6.10244e-02  -2.67105e-01  -3.39224e-01  5.44472e-02  1.07212e+00
2.56563e+01  6.14854e-02  -2.80026e-01  -3.32885e-01  5.42044e-02  1.05286e+00
2.57611e+01  6.22936e-02  -2.92870e-01  -3.26514e-01  5.41008e-02  1.03364e+00
2.58658e+01  6.34557e-02  -3.05474e-01  -3.20198e-01  5.41311e-02  1.01472e+00
2.59705e+01  6.49868e-02  -3.17691e-01  -3.14009e-01  5.42914e-02  9.96318e-01
2.60752e+01  6.69115e-02  -3.29398e-01  -3.08011e-01  5.45796e-02  9.78614e-01
2.61799e+01  6.92642e-02  -3.40491e-01  -3.02257e-01  5.49946e-02  9.61767e-01
2.62847e+01  7.20909e-02  -3.50884e-01  -2.96790e-01  5.55368e-02  9.45905e-01
2.63894e+01  7.54514e-02  -3.60508e-01  -2.91642e-01  5.62075e-02  9.31134e-01
2.64941e+01  7.94220e-02  -3.69308e-01  -2.86841e-01  5.70095e-02  9.17533e-01
2.65988e+01  8.41004e-02  -3.77240e-01  -2.82407e-01  5.79466e-02  9.05166e-01
2.67035e+01  8.96110e-02  -3.84272e-01  -2.78352e-01  5.90238e-02  8.94081e-01
2.68083e+01  9.61138e-02  -3.90378e-01  -2.74687e-01  6.02474e-02  8.84310e-01
2.69130e+01  1.03816e-01  -3.95541e-01  -2.71417e-01  6.16250e-02  8.75877e-01
2.70177e+01  1.12989e-01  -3.99747e-01  -2.68544e-01  6.31656e-02  8.68796e-01
2.71224e+01  1.23994e-01  -4.02989e-01  -2.66065e-01  6.48799e-02  8.63076e-01
2.72271e+01  1.37320e-01  -4.05261e-01  -2.63980e-01  6.67801e-02  8.58719e-01
2.73319e+01  1.53644e-01  -4.06559e-01  -2.62280e-01  6.88805e-02  8.55722e-01
2.74366e+01  1.73924e-01  -4.06881e-01  -2.60961e-01  7.11972e-02  8.54079e-01
2.75413e+01  1.99564e-01  -4.06228e-01  -2.60011e-01  7.37491e-02  8.53783e-01
2.76460e+01  2.32695e-01  -4.04600e-01  -2.59421e-01  7.65575e-02  8.54821e-01
2.77507e+01  2.76706e-01  -4.01998e-01  -2.59177e-01  7.96470e-02  8.57179e-01
2.78555e+01  3.37317e-01  -3.98425e-01  -2.59265e-01  8.30457e-02  8.60839e-01
2.79602e+01  4.24966e-01  -3.93884e-01  -2.59665e-01  8.67859e-02  8.65781e-01
2.80649e+01  5.60880e-01  -3.88379e-01  -2.60358e-01  9.09044e-02  8.71979e-01
2.81696e+01  7.95703e-01  -3.81917e-01  -2.61319e-01  9.54441e-02  8.79402e-01
2.82743e+01  1.28704e+00  -3.74506e-01  -2.62520e-01  1.00454e-01  8.88013e-01
2.83791e+01  2.89480e+00  -3.66158e-01  -2.63925e-01  1.05991e-01  8.97767e-01
2.84838e+01  -2.74088e+01  -3.56886e-01  -2.65496e-01  1.12121e-01  9.08610e-01
2.85885e+01  -2.71784e+00  -3.46709e-01  -2.67185e-01  1.18921e-01  9.20476e-01
2.86932e+01  -1.54200e+00  -3.35649e-01  -2.68935e-01  1.26481e-01  9.33287e-01
2.87979e+01  -1.13863e+00  -3.23731e-01  -2.70682e-01  1.34905e-01  9.46951e-01
2.89027e+01  -9.45488e-01  -3.10987e-01  -2.72347e-01  1.44318e-01  9.61360e-01
2.90074e+01  -8.42004e-01  -2.97452e-01  -2.73841e-01  1.54866e-01  9.76389e-01
2.91121e+01  -7.87694e-01  -2.83163e-01  -2.75057e-01  1.66724e-01  9.91894e-01
2.92168e+01  -7.66283e-01  -2.68160e-01  -2.75871e-01  1.80098e-01  1.00771e+00
2.93215e+01  -7.71550e-01  -2.52480e-01  -2.76142e-01  1.95237e-01  1.02366e+00
2.94263e+01  -8.03118e-01  -2.36155e-01  -2.75701e-01  2.12443e-01  1.03955e+00
2.95310e+01  -8.65956e-01  -2.19208e-01  -2.74357e-01  2.32079e-01  1.05515e+00
2.96357e+01  -9.72854e-01  -2.01641e-01  -2.71885e-01  2.54588e-01  1.07024e+00
2.97404e+01  -1.15265e+00  -1.83428e-01  -2.68028e-01  2.80516e-01  1.08460e+00
2.98451e+01  -1.47703e+00  -1.64504e-01  -2.62481e-01  3.10533e-01  1.09798e+00
2.99498e+01  -2.17524e+00  -1.44745e-01  -2.54891e-01  3.45473e-01  1.11015e+00
3.00546e+01  -4.56359e+00  -1.23953e-01  -2.44837e-01  3.86374e-01  1.12088e+00
3.01593e+01  2.42878e+01  -1.01825e-01  -2.31817e-01  4.34540e-01  1.12999e+00
3.02640e+01  3.14892e+00  -7.79320e-02  -2.15228e-01  4.91611e-01  1.13730e+00
3.03687e+01  1.64892e+00  -5.16741e-02  -1.94332e-01  5.59662e-01  1.14266e+00
3.04734e+01  1.10587e+00  -2.22441e-02  -1.68221e-01  6.41314e-01  1.14598e+00
3.05782e+01  8.28165e-01  1.14233e-02  -1.35776e-01  7.39871e-01  1.14720e+00
3.06829e+01  6.61060e-01  5.06986e-02  -9.56185e-02  8.59462e-01  1.14632e+00
3.07876e+01  5.50454e-01  9.72930e-02  -4.60765e-02  1.00514e+00  1.14337e+00
3.08923e+01  4.72537e-01  1.53248e-01  1.48077e-02  1.18286e+00  1.13844e+00
3.09970e+01  4.15208e-01  2.20814e-01  8.91594e-02  1.39913e+00  1.13165e+00
3.11018e+01  3.71677e-01  3.02089e-01  1.78916e-01  1.65992e+00  1.12317e+00
3.12065e+01  3.37847e-01  3.98213e-01  2.85032e-01  1.96828e+00  1.11318e+00
3.13112e+01  3.11105e-01  5.07890e-01  4.05999e-01  2.31989e+00  1.10189e+00
3.14159e+01  2.89710e-01  6.25216e-01  5.35693e-01  2.69660e+00  1.08952e+00
3.15206e+01  2.72462e-01  7.37645e-01  6.61339e-01  3.06032e+00  1.07631e+00
3.16254e+01  2.58509e-01  8.26343e-01  7.63878e-01  3.35410e+00  1.06246e+00
3.17301e+01  2.47235e-01  8.71522e-01  8.23300e-01  3.51812e+00  1.04822e+00
3.18348e+01  2.38186e-01  8.61709e-01  8.27923e-01  3.51756e+00  1.03379e+00
3.19395e+01  2.31021e-01  8.00132e-01  7.80780e-01  3.36169e+00  1.01935e+00
3.20442e+01  2.25486e-01  7.02243e-01  6.97145e-01  3.09653e+00  1.00510e+00
3.21490e+01  2.21388e-01  5.87142e-01  5.95958e-01  2.77906e+00  9.91185e-01
3.22537e+01  2.18583e-01  4.70334e-01  4.92580e-01  2.45549e+00  9.77754e-01
3.23584e+01  2.16967e-01  3.61254e-01  3.96326e-01  2.15391e+00  9.64928e-01
3.24631e+01  2.16463e-01  2.64177e-01  3.11361e-01  1.88690e+00  9.52816e-01
3.25678e+01  2.17023e-01  1.80099e-01  2.38593e-01  1.65729e+00  9.41506e-01
3.26726e+01  2.18619e-01  1.08329e-01  1.77256e-01  1.46284e+00  9.31073e-01
3.27773e+01  2.21245e-01  4.74968e-02  1.25916e-01  1.29933e+00  9.21580e-01
3.28820e+01  2.24909e-01  -3.92034e-03  8.30023e-02  1.16208e+00  9.13077e-01
3.29867e+01  2.29639e-01  -4.73475e-02  4.70488e-02  1.04675e+00  9.05604e-01
3.30914e+01  2.35480e-01  -8.40244e-02  1.67858e-02  9.49547e-01  8.99190e-01
3.31962e+01  2.42491e-01  -1.14990e-01  -8.84824e-03  8.67314e-01  8.93858e-01
3.33009e+01  2.50750e-01  -1.41097e-01  -3.07228e-02  7.97457e-01  8.89626e-01
3.34056e+01  2.60353e-01  -1.63043e-01  -4.95434e-02  7.37871e-01  8.86501e-01
3.35103e+01  2.71414e-01  -1.81391e-01  -6.58799e-02  6.86850e-01  8.84489e-01
3.36150e+01  2.84069e-01  -1.96601e-01  -8.01918e-02  6.43015e-01  8.83591e-01
3.37198e+01  2.98472e-01  -2.09049e-01  -9.28499e-02  6.05251e-01  8.83801e-01
3.38245e+01  3.14801e-01  -2.19044e-01  -1.04154e-01  5.72649e-01  8.85110e-01
3.39292e+01  3.33255e-01  -2.26839e-01  -1.14345e-01  5.44470e-01  8.87506e-01
3.40339e+01  3.54057e-01  -2.32649e-01  -1.23620e-01  5.20111e-01  8.90971e-01
3.41386e+01  3.77446e-01  -2.36653e-01  -1.32136e-01  4.99075e-01  8.95483e-01
3.42434e+01  4.03678e-01  -2.39006e-01  -1.40019e-01  4.80956e-01  9.01013e-01
3.43481e+01  4.33012e-01  -2.39842e-01  -1.47370e-01  4.65419e-01  9.07527e-01
3.44528e+01  4.65703e-01  -2.39281e-01  -1.54266e-01  4.52187e-01  9.14985e-01
3.45575e+01  5.01975e-01  -2.37430e-01  -1.60768e-01  4.41034e-01  9.23338e-01
3.46622e+01  5.41992e-01  -2.34389e-01  -1.66918e-01  4.31774e-01  9.32529e-01
3.47670e+01  5.85820e-01  -2.30254e-01  -1.72745e-01  4.24257e-01  9.42491e-01
3.48717e+01  6.33369e-01  -2.25116e-01  -1.78262e-01  4.18361e-01  9.53146e-01
3.49764e+01  6.84330e-01  -2.19065e-01  -1.83473e-01  4.13990e-01  9.64408e-01
3.50811e+01  7.38103e-01  -2.12193e-01  -1.88367e-01  4.11073e-01  9.76175e-01
3.51858e+01  7.93728e-01  -2.04591e-01  -1.92926e-01  4.09558e-01  9.88334e-01
3.52906e+01  8.49844e-01  -1.96356e-01  -1.97117e-01  4.09410e-01  1.00076e+00
3.53953e+01  9.04685e-01  -1.87582e-01  -2.00902e-01  4.10615e-01  1.01332e+00
3.55000e+01  9.56159e-01  -1.78368e-01  -2.04229e-01  4.13174e-01  1.02586e+00
3.56047e+01  1.00200e+00  -1.68813e-01  -2.07041e-01  4.17104e-01  1.03823e+00
3.57094e+01  1.04003e+00  -1.59017e-01  -2.09271e-01  4.22441e-01  1.05025e+00
3.58142e+01  1.06842e+00  -1.49076e-01  -2.10845e-01  4.29234e-01  1.06177e+00
3.59189e+01  1.08597e+00  -1.39080e-01  -2.11683e-01  4.37554e-01  1.07260e+00
3.60236e+01  1.09228e+00  -1.29113e-01  -2.11699e-01  4.47489e-01  1.08259e+00
3.61283e+01  1.08779e+00  -1.19246e-01  -2.10803e-01  4.59148e-01  1.09156e+00
3.62330e+01  1.07368e+00  -1.09536e-01  -2.08901e-01  4.72662e-01  1.09936e+00
3.63378e+01  1.05160e+00  -1.00020e-01  -2.05896e-01  4.88189e-01  1.10588e+00
3.64425e+01  1.02348e+00  -9.07101e-02  -2.01689e-01  5.05913e-01  1.11098e+00
3.65472e+01  9.91269e-01  -8.15937e-02  -1.96178e-01  5.26050e-01  1.11458e+00
3.66519e+01  9.56727e-01  -7.26260e-02  -1.89260e-01  5.48853e-01  1.11663e+00
3.67566e+01  9.21367e-01  -6.37290e-02  -1.80828e-01  5.74614e-01  1.11710e+00
3.68614e+01  8.86390e-01  -5.47889e-02  -1.70770e-01  6.03670e-01  1.11598e+00
3.69661e+01  8.52700e-01  -4.56540e-02  -1.58968e-01  6.36409e-01  1.11331e+00
3.70708e+01  8.20938e-01  -3.61344e-02  -1.45295e-01  6.73275e-01  1.10916e+00
3.71755e+01  7.91527e-01  -2.60017e-02  -1.29613e-01  7.14772e-01  1.10361e+00
3.72802e+01  7.64726e-01  -1.49898e-02  -1.11770e-01  7.61470e-01  1.09678e+00
3.73850e+01  7.40669e-01  -2.79794e-03  -9.15988e-02  8.14005e-01  1.08880e+00
3.74897e+01  7.19404e-01  1.09062e-02  -6.89157e-02  8.73075e-01  1.07982e+00
3.75944e+01  7.00922e-01  2.64794e-02  -4.35230e-02  9.39433e-01  1.07000e+00
3.76991e+01  6.85181e-01  4.42929e-02  -1.52139e-02  1.01387e+00  1.05951e+00
3.78038e+01  6.72121e-01  6.47163e-02  1.62151e-02  1.09715e+00  1.04850e+00
3.79086e+01  6.61678e-01  8.80935e-02  5.09440e-02  1.18998e+00  1.03715e+00
3.80133e+01  6.53789e-01  1.14707e-01  8.90972e-02  1.29290e+00  1.02561e+00
3.81180e+01  6.48403e-01  1.44727e-01  1.30695e-01  1.40612e+00  1.01403e+00
3.82227e+01  6.45483e-01  1.78142e-01  1.75586e-01  1.52931e+00  1.00256e+00
3.83274e+01  6.45007e-01  2.14675e-01  2.23363e-01  1.66140e+00  9.91311e-01
3.84322e+01  6.46974e-01  2.53679e-01  2.73265e-01  1.80021e+00  9.80415e-01
3.85369e+01  6.51400e-01  2.94047e-01  3.24077e-01  1.94220e+00  9.69970e-01
3.86416e+01  6.58325e-01  3.34145e-01  3.74074e-01  2.08229e+00  9.60071e-01
3.87463e+01  6.67808e-01  3.71831e-01  4.21034e-01  2.21390e+00  9.50797e-01
3.88510e+01  6.79930e-01  4.04596e-01  4.62377e-01  2.32935e+00  9.42218e-01
3.89557e+01  6.94792e-01  4.29846e-01  4.95453e-01  2.42075e+00  9.34393e-01
3.90605e+01  7.12516e-01  4.45319e-01  5.17948e-01  2.48121e+00  9.27371e-01
3.91652e+01  7.33241e-01  4.49506e-01  5.28313e-01  2.50613e+00  9.21193e-01
3.92699e+01  7.57122e-01  4.41976e-01  5.26083e-01  2.49414e+00  9.15893e-01
3.93746e+01  7.84320e-01  4.23453e-01  5.11959e-01  2.44737e+00  9.11494e-01
3.94793e+01  8.15002e-01  3.95643e-01  4.87626e-01  2.37089e+00  9.08017e-01
3.95841e+01  8.49326e-01  3.60863e-01  4.55388e-01  2.27164e+00  9.05476e-01
3.96888e+01  8.87426e-01  3.21625e-01  4.17748e-01  2.15712e+00  9.03876e-01
3.97935e+01  9.29392e-01  2.80281e-01  3.77059e-01  2.03440e+00  9.03222e-01
3.98982e+01  9.75246e-01  2.38803e-01  3.35292e-01  1.90939e+00  9.03511e-01
4.00029e+01  1.02491e+00  1.98693e-01  2.93957e-01  1.78661e+00  9.04736e-01
4.01077e+01  1.07814e+00  1.60992e-01  2.54106e-01  1.66920e+00  9.06886e-01
4.02124e+01  1.13454e+00  1.26342e-01  2.16399e-01  1.55914e+00  9.09943e-01
4.03171e+01  1.19343e+00  9.50807e-02  1.81194e-01  1.45747e+00  9.13887e-01
4.04218e+01  1.25385e+00  6.73160e-02  1.48628e-01  1.36457e+00  9.18688e-01
4.05265e+01  1.31453e+00  4.30042e-02  1.18688e-01  1.28038e+00  9.24316e-01
4.06313e+01  1.37385e+00  2.20025e-02  9.12738e-02  1.20455e+00  9.30729e-01
4.07360e+01  1.42989e+00  4.10997e-03  6.62294e-02  1.13657e+00  9.37881e-01
4.08407e+01  1.48050e+00  -1.09047e-02  4.33780e-02  1.07585e+00  9.45717e-01
4.09454e+01  1.52349e+00  -2.32850e-02  2.25385e-02  1.02179e+00  9.54176e-01
4.10501e+01  1.55678e+00  -3.32754e-02  3.53718e-03  9.73799e-01  9.63187e-01
4.11549e+01  1.57868e+00  -4.11144e-02  -1.37849e-02  9.31316e-01  9.72671e-01
4.12596e+01  1.58804e+00  -4.70319e-02  -2.95687e-02  8.93831e-01  9.82537e-01
4.13643e+01  1.58446e+00  -5.12467e-02  -4.39352e-02  8.60883e-01  9.92688e-01
4.14690e+01  1.56832e+00  -5.39672e-02  -5.69858e-02  8.32061e-01  1.00302e+00
4.15737e+01  1.54070e+00  -5.53908e-02  -6.88028e-02  8.07004e-01  1.01341e+00
4.16785e+01  1.50326e+00  -5.57044e-02  -7.94509e-02  7.85394e-01  1.02375e+00
4.17832e+01  1.45801e+00  -5.50852e-02  -8.89786e-02  7.66958e-01  1.03389e+00
4.18879e+01  1.40708e+00  -5.37000e-02  -9.74202e-02  7.51460e-01  1.04372e+00
4.19926e+01  1.35256e+00  -5.17057e-02  -1.04798e-01  7.38699e-01  1.05309e+00
4.20973e+01  1.29630e+00  -4.92479e-02  -1.11123e-01  7.28506e-01  1.06188e+00
4.22021e+01  1.23989e+00  -4.64607e-02  -1.16400e-01  7.20739e-01  1.06994e+00
4.23068e+01  1.18461e+00  -4.34651e-02  -1.20625e-01  7.15284e-01  1.07716e+00
4.24115e+01  1.13139e+00  -4.03679e-02  -1.23792e-01  7.12048e-01  1.08342e+00
4.25162e+01  1.08093e+00  -3.72599e-02  -1.25891e-01  7.10958e-01  1.08863e+00
4.26209e+01  1.03365e+00  -3.42153e-02  -1.26912e-01  7.11961e-01  1.09270e+00
4.27257e+01  9.89816e-01  -3.12897e-02  -1.26845e-01  7.15020e-01  1.09556e+00
4.28304e+01  9.49545e-01  -2.85201e-02  -1.25683e-01  7.20114e-01  1.09716e+00
4.29351e+01  9.12845e-01  -2.59241e-02  -1.23421e-01  7.27234e-01  1.09750e+00
4.30398e+01  8.79657e-01  -2.35000e-02  -1.20060e-01  7.36380e-01  1.09656e+00
4.31445e+01  8.49873e-01  -2.12280e-02  -1.15603e-01  7.47565e-01  1.09438e+00
4.32493e+01  8.23362e-01  -1.90715e-02  -1.10061e-01  7.60806e-01  1.09099e+00
4.33540e+01  7.99977e-01  -1.69787e-02  -1.03449e-01  7.76123e-01  1.08647e+00
4.34587e+01  7.79569e-01  -1.48859e-02  -9.57882e-02  7.93538e-01  1.08090e+00
4.35634e+01  7.61994e-01  -1.27201e-02  -8.71057e-02  8.13068e-01  1.07439e+00
4.36681e+01  7.47119e-01  -1.04032e-02  -7.74365e-02  8.34724e-01  1.06703e+00
4.37729e+01  7.34823e-01  -7.85573e-03  -6.68232e-02  8.58498e-01  1.05897e+00
4.38776e+01  7.24997e-01  -5.00165e-03  -5.53173e-02  8.84364e-01  1.05032e+00
4.39823e+01  7.17551e-01  -1.77302e-03  -4.29814e-02  9.12264e-01  1.04121e+00
4.40870e+01  7.12410e-01  1.88493e-03  -2.98912e-02  9.42103e-01  1.03178e+00
4.41917e+01  7.09514e-01  6.00865e-03  -1.61381e-02  9.73732e-01  1.02215e+00
4.42965e+01  7.08820e-01  1.06112e-02  -1.83237e-03  1.00695e+00  1.01244e+00
4.44012e+01  7.10300e-01  1.56773e-02  1.28939e-02  1.04147e+00  1.00278e+00
4.45059e+01  7.13940e-01  2.11594e-02  2.78837e-02  1.07693e+00  9.93276e-01
4.46106e+01  7.19739e-01  2.69744e-02  4.29530e-02  1.11288e+00  9.84021e-01
4.47153e+01  7.27708e-01  3.30021e-02  5.78894e-02  1.14878e+00  9.75113e-01
4.48201e+01  7.37869e-01  3.90860e-02  7.24537e-02  1.18399e+00  9.66632e-01
4.49248e+01  7.50253e-01  4.50368e-02  8.63828e-02  1.21780e+00  9.58654e-01
4.50295e+01  7.64896e-01  5.06398e-02  9.93970e-02  1.24943e+00  9.51243e-01
4.51342e+01  7.81837e-01  5.56646e-02  1.11210e-01  1.27808e+00  9.44455e-01
4.52389e+01  8.01114e-01  5.98795e-02  1.21541e-01  1.30296e+00  9.38339e-01
4.53437e+01  8.22760e-01  6.30671e-02  1.30132e-01  1.32333e+00  9.32935e-01
4.54484e+01  8.46792e-01  6.50413e-02  1.36765e-01  1.33857e+00  9.28277e-01
4.55531e+01  8.73208e-01  6.56631e-02  1.41271e-01  1.34821e+00  9.24392e-01
4.56578e+01  9.01976e-01  6.48534e-02  1.43553e-01  1.35196e+00  9.21300e-01
4.57625e+01  9.33020e-01  6.26003e-02  1.43582e-01  1.34976e+00  9.19018e-01
4.58673e+01  9.66209e-01  5.89612e-02  1.41406e-01  1.34177e+00  9.17555e-01
4.59720e+01  1.00134e+00  5.40581e-02  1.37143e-01  1.32834e+00  9.16915e-01
4.60767e+01  1.03813e+00  4.80670e-02  1.30968e-01  1.31000e+00  9.17099e-01
4.61814e+01  1.07618e+00  4.12044e-02  1.23103e-01  1.28741e+00  9.18102e-01
4.62861e+01  1.11499e+00  3.37111e-02  1.13799e-01  1.26131e+00  9.19912e-01
4.63909e+01  1.15394e+00  2.58361e-02  1.03319e-01  1.23247e+00  9.22517e-01
4.64956e+01  1.19229e+00  1.78227e-02  9.19269e-02  1.20168e+00  9.25896e-01
4.66003e+01  1.22916e+00  9.89639e-03  7.98733e-02  1.16964e+00  9.30023e-01
4.67050e+01  1.26363e+00  2.25705e-03  6.73886e-02  1.13703e+00  9.34868e-01
4.68097e+01  1.29469e+00  -4.92665e-03  5.46781e-02  1.10443e+00  9.40395e-01
4.69145e+01  1.32138e+00  -1.15194e-02  4.19200e-02  1.07232e+00  9.46561e-01
4.70192e+01  1.34278e+00  -1.74196e-02  2.92654e-02  1.04111e+00  9.53315e-01
4.71239e+01  1.35813e+00  -2.25576e-02  1.68404e-02  1.01112e+00  9.60602e-01
4.72286e+01  1.36689e+00  -2.68932e-02  4.74828e-03  9.82603e-01  9.68358e-01
4.73333e+01  1.36875e+00  -3.04128e-02  -6.92629e-03  9.55735e-01  9.76513e-01
4.74380e+01  1.36372e+00  -3.31257e-02  -1.81146e-02  9.30645e-01  9.84989e-01
4.75428e+01  1.35205e+00  -3.50607e-02  -2.87602e-02  9.07419e-01  9.93699e-01
4.76475e+01  1.33430e+00  -3.62631e-02  -3.88163e-02  8.86104e-01  1.00255e+00
4.77522e+01  1.31119e+00  -3.67912e-02  -4.82429e-02  8.66723e-01  1.01145e+00
4.78569e+01  1.28361e+00  -3.67138e-02  -5.70053e-02  8.49276e-01  1.02029e+00
4.79616e+01  1.25251e+00  -3.61073e-02  -6.50717e-02  8.33749e-01  1.02896e+00
4.80664e+01  1.21885e+00  -3.50529e-02  -7.24131e-02  8.20121e-01  1.03736e+00
4.81711e+01  1.18355e+00  -3.36347e-02  -7.90019e-02  8.08362e-01  1.04537e+00
4.82758e+01  1.14745e+00  -3.19367e-02  -8.48117e-02  7.98440e-01  1.05288e+00
4.83805e+01  1.11128e+00  -3.00410e-02  -8.98176e-02  7.90324e-01  1.05978e+00
4.84852e+01  1.07566e+00  -2.80254e-02  -9.39961e-02  7.83982e-01  1.06597e+00
4.85900e+01  1.04109e+00  -2.59614e-02  -9.73254e-02  7.79388e-01  1.07136e+00
4.86947e+01  1.00794e+00  -2.39122e-02  -9.97865e-02  7.76515e-01  1.07587e+00
4.87994e+01  9.76529e-01  -2.19312e-02  -1.01363e-01  7.75343e-01  1.07943e+00
4.89041e+01  9.47048e-01  -2.00607e-02  -1.02043e-01  7.75854e-01  1.08198e+00
4.90088e+01  9.19642e-01  -1.83305e-02  -1.01817e-01  7.78036e-01  1.08349e+00
4.91136e+01  8.94394e-01  -1.67574e-02  -1.00682e-01  7.81879e-01  1.08392e+00
4.92183e+01  8.71344e-01  -1.53455e-02  -9.86395e-02  7.87375e-01  1.08329e+00
4.93230e+01  8.50501e-01  -1.40859e-02  -9.56964e-02  7.94521e-01  1.08161e+00
4.94277e+01  8.31852e-01  -1.29575e-02  -9.18654e-02  8.03312e-01  1.07891e+00
4.95324e+01  8.15367e-01  -1.19288e-02  -8.71647e-02  8.13742e-01  1.07524e+00
4.96372e+01  8.01007e-01  -1.09590e-02  -8.16190e-02  8.25803e-01  1.07066e+00
4.97419e+01  7.88728e-01  -1.00003e-02  -7.52586e-02  8.39483e-01  1.06526e+00
4.98466e+01  7.78485e-01  -9.00040e-03  -6.81204e-02  8.54759e-01  1.05912e+00
4.99513e+01  7.70235e-01  -7.90516e-03  -6.02476e-02  8.71600e-01  1.05234e+00
5.00560e+01  7.63937e-01  -6.66129e-03  -5.16907e-02  8.89957e-01  1.04503e+00
5.01608e+01  7.59558e-01  -5.21955e-03  -4.25074e-02  9.09766e-01  1.03729e+00
5.02655e+01  7.57066e-01  -3.53766e-03  -3.27641e-02  9.30934e-01  1.02923e+00
5.03702e+01  7.56439e-01  -1.58335e-03  -2.25362e-02  9.53344e-01  1.02095e+00
5.04749e+01  7.57658e-01  6.62825e-04  -1.19096e-02  9.76844e-01  1.01257e+00
5.05796e+01  7.60714e-01  3.20497e-03  -9.81480e-04  1.00124e+00  1.00419e+00
5.06844e+01  7.65599e-01  6.02965e-03  1.01386e-02  1.02631e+00  9.95891e-01
5.07891e+01  7.72312e-01  9.10438e-03  2.13281e-02  1.05176e+00  9.87776e-01
5.08938e+01  7.80854e-01  1.23768e-02  3.24515e-02  1.07728e+00  9.79925e-01
5.09985e+01  7.91229e-01  1.57749e-02  4.33607e-02  1.10250e+00  9.72414e-01
5.11032e+01  8.03439e-01  1.92086e-02  5.38966e-02  1.12700e+00  9.65312e-01
5.12080e+01  8.17484e-01  2.25719e-02  6.38920e-02  1.15036e+00  9.58680e-01
5.13127e+01  8.33358e-01  2.57477e-02  7.31754e-02  1.17210e+00  9.52572e-01
5.14174e+01  8.51044e-01  2.86128e-02  8.15766e-02  1.19177e+00  9.47036e-01
5.15221e+01  8.70512e-01  3.10448e-02  8.89324e-02  1.20891e+00  9.42112e-01
5.16268e+01  8.91712e-01  3.29291e-02  9.50943e-02  1.22312e+00  9.37835e-01
5.17316e+01  9.14569e-01  3.41666e-02  9.99350e-02  1.23404e+00  9.34232e-01
5.18363e+01  9.38975e-01  3.46806e-02  1.03356e-01  1.24139e+00  9.31325e-01
5.19410e+01  9.64786e-01  3.44227e-02  1.05291e-01  1.24500e+00  9.29132e-01
5.20457e+01  9.91810e-01  3.33763e-02  1.05712e-01  1.24480e+00  9.27664e-01
5.21504e+01  1.01980e+00  3.15585e-02  1.04630e-01  1.24082e+00  9.26928e-01
5.22552e+01  1.04846e+00  2.90192e-02  1.02094e-01  1.23321e+00  9.26926e-01
5.23599e+01  1.07743e+00  2.58377e-02  9.81837e-02  1.22221e+00  9.27654e-01
5.24646e+01  1.10628e+00  2.21177e-02  9.30122e-02  1.20814e+00  9.29105e-01
5.25693e+01  1.13453e+00  1.79805e-02  8.67130e-02  1.19141e+00  9.31268e-01
5.26740e+01  1.16165e+00  1.35583e-02  7.94354e-02  1.17243e+00  9.34123e-01
5.27788e+01  1.18708e+00  8.98646e-03  7.13373e-02  1.15166e+00  9.37649e-01
5.28835e+01  1.21022e+00  4.39737e-03  6.25785e-02  1.12955e+00  9.41819e-01
5.29882e+01  1.23051e+00  -8.53937e-05  5.33156e-02  1.10655e+00  9.46599e-01
5.30929e+01  1.24742e+00  -4.35134e-03  4.36976e-02  1.08304e+00  9.51951e-01
5.31976e+01  1.26049e+00  -8.30622e-03  3.38632e-02  1.05942e+00  9.57831e-01
5.33024e+01  1.26937e+00  -1.18739e-02  2.39390e-02  1.03600e+00  9.64187e-01
5.34071e+01  1.27381e+00  -1.49970e-02  1.40388e-02  1.01308e+00  9.70964e-01
5.35118e+01  1.27373e+00  -1.76371e-02  4.26380e-03  9.90891e-01  9.78099e-01
5.36165e+01  1.26918e+00  -1.97736e-02  -5.29651e-03  9.69633e-01  9.85523e-01
5.37212e+01  1.26036e+00  -2.14029e-02  -1.45636e-02  9.49470e-01  9.93161e-01
5.38260e+01  1.24759e+00  -2.25362e-02  -2.34682e-02  9.30527e-01  1.00093e+00
5.39307e+01  1.23130e+00  -2.31979e-02  -3.19495e-02  9.12903e-01  1.00875e+00
5.40354e+01  1.21199e+00  -2.34237e-02  -3.99533e-02  8.96670e-01  1.01653e+00
5.41401e+01  1.19022e+00  -2.32583e-02  -4.74313e-02  8.81879e-01  1.02417e+00
5.42448e+01  1.16654e+00  -2.27535e-02  -5.43402e-02  8.68566e-01  1.03159e+00
5.43496e+01  1.14151e+00  -2.19655e-02  -6.06407e-02  8.56753e-01  1.03868e+00
5.44543e+01  1.11566e+00  -2.09537e-02  -6.62972e-02  8.46452e-01  1.04534e+00
5.45590e+01  1.08946e+00  -1.97777e-02  -7.12777e-02  8.37667e-01  1.05150e+00
5.46637e+01  1.06335e+00  -1.84960e-02  -7.55535e-02  8.30397e-01  1.05706e+00
5.47684e+01  1.03769e+00  -1.71638e-02  -7.90992e-02  8.24638e-01  1.06194e+00
5.48732e+01  1.01278e+00  -1.58312e-02  -8.18932e-02  8.20383e-01  1.06606e+00
5.49779e+01  9.88884e-01  -1.45419e-02  -8.39176e-02  8.17623e-01  1.06938e+00
5.50826e+01  9.66200e-01  -1.33317e-02  -8.51590e-02  8.16350e-01  1.07183e+00
5.51873e+01  9.44884e-01  -1.22275e-02  -8.56083e-02  8.16556e-01  1.07338e+00
5.52920e+01  9.25053e-01  -1.12468e-02  -8.52613e-02  8.18231e-01  1.07401e+00
5.53968e+01  9.06791e-01  -1.03971e-02  -8.41188e-02  8.21365e-01  1.07372e+00
5.55015e+01  8.90157e-01  -9.67604e-03  -8.21870e-02  8.25950e-01  1.07251e+00
5.56062e+01  8.75187e-01  -9.07179e-03  -7.94773e-02  8.31974e-01  1.07041e+00
5.57109e+01  8.61900e-01  -8.56393e-03  -7.60067e-02  8.39423e-01  1.06744e+00
5.58156e+01  8.50305e-01  -8.12448e-03  -7.17977e-02  8.48280e-01  1.06367e+00
5.59203e+01  8.40399e-01  -7.71942e-03  -6.68784e-02  8.58524e-01  1.05916e+00
5.60251e+01  8.32177e-01  -7.31034e-03  -6.12824e-02  8.70125e-01  1.05397e+00
5.61298e+01  8.25626e-01  -6.85644e-03  -5.50490e-02  8.83046e-01  1.04819e+00
5.62345e+01  8.20733e-01  -6.31655e-03  -4.82232e-02  8.97237e-01  1.04191e+00
5.63392e+01  8.17485e-01  -5.65130e-03  -4.08562e-02  9.12636e-01  1.03520e+00
5.64439e+01  8.15867e-01  -4.82536e-03  -3.30053e-02  9.29164e-01  1.02818e+00
5.65487e+01  8.15866e-01  -3.80950e-03  -2.47347e-02  9.46721e-01  1.02093e+00
5.66534e+01  8.17468e-01  -2.58267e-03  -1.61157e-02  9.65186e-01  1.01353e+00
5.67581e+01  8.20661e-01  -1.13377e-03  -7.22711e-03  9.84412e-01  1.00609e+00
5.68628e+01  8.25433e-01  5.36796e-04  1.84426e-03  1.00423e+00  9.98693e-01
5.69675e+01  8.31770e-01  2.41598e-03  1.10034e-02  1.02442e+00  9.91413e-01
5.70723e+01  8.39656e-01  4.47743e-03  2.01473e-02  1.04477e+00  9.84330e-01
5.71770e+01  8.49072e-01  6.68144e-03  2.91650e-02  1.06501e+00  9.77516e-01
5.72817e+01  8.59995e-01  8.97555e-03  3.79392e-02  1.08485e+00  9.71036e-01
5.73864e+01  8.72391e-01  1.12959e-02  4.63470e-02  1.10399e+00  9.64949e-01
5.74911e+01  8.86219e-01  1.35694e-02  5.42628e-02  1.12209e+00  9.59307e-01
5.75959e+01  9.01425e-01  1.57167e-02  6.15606e-02  1.13884e+00  9.54156e-01
5.77006e+01  9.17938e-01  1.76560e-02  6.81182e-02  1.15389e+00  9.49538e-01
5.78053e+01  9.35668e-01  1.93069e-02  7.38205e-02  1.16695e+00  9.45486e-01
5.79100e+01  9.54502e-01  2.05952e-02  7.85644e-02  1.17772e+00  9.42031e-01
5.80147e+01  9.74301e-01  2.14573e-02  8.22625e-02  1.18598e+00  9.39195e-01
5.81195e+01  9.94896e-01  2.18440e-02  8.48472e-02  1.19154e+00  9.36997e-01
5.82242e+01  1.01609e+00  2.17241e-02  8.62739e-02  1.19427e+00  9.35450e-01
5.83289e+01  1.03764e+00  2.10864e-02  8.65228e-02  1.19413e+00  9.34564e-01
5.84336e+01  1.05928e+00  1.99408e-02  8.55999e-02  1.19114e+00  9.34341e-01
5.85383e+01  1.08072e+00  1.83179e-02  8.35364e-02  1.18539e+00  9.34781e-01
5.86431e+01  1.10162e+00  1.62670e-02  8.03871e-02  1.17704e+00  9.35880e-01
5.87478e+01  1.12163e+00  1.38534e-02  7.62271e-02  1.16631e+00  9.37626e-01
5.88525e+01  1.14037e+00  1.11547e-02  7.11487e-02  1.15345e+00  9.40006e-01
5.89572e+01  1.15749e+00  8.25668e-03  6.52568e-02  1.13877e+00  9.43000e-01
5.90619e+01  1.17262e+00  5.24851e-03  5.86649e-02  1.12258e+00  9.46584e-01
5.91667e+01  1.18543e+00  2.21888e-03  5.14908e-02  1.10520e+00  9.50728e-01
5.92714e+01  1.19563e+00  -7.47877e-04  4.38532e-02  1.08696e+00  9.55399e-01
5.93761e+01  1.20298e+00  -3.57499e-03  3.58685e-02  1.06816e+00  9.60557e-01
5.94808e+01  1.20731e+00  -6.19569e-03  2.76482e-02  1.04910e+00  9.66156e-01
5.95855e+01  1.20855e+00  -8.55494e-03  1.92980e-02  1.03004e+00  9.72147e-01
5.96903e+01  1.20667e+00  -1.06105e-02  1.09158e-02  1.01122e+00  9.78474e-01
5.97950e+01  1.20177e+00  -1.23331e-02  2.59197e-03  9.92851e-01  9.85075e-01
5.98997e+01  1.19399e+00  -1.37068e-02  -5.59098e-03  9.75111e-01  9.91884e-01
6.00044e+01  1.18357e+00  -1.47277e-02  -1.35582e-02  9.58156e-01  9.98831e-01
6.01091e+01  1.17077e+00  -1.54034e-02  -2.12419e-02  9.42113e-01  1.00584e+00
6.02139e+01  1.15592e+00  -1.57519e-02  -2.85807e-02  9.27087e-01  1.01283e+00
6.03186e+01  1.13938e+00  -1.57996e-02  -3.55194e-02  9.13162e-01  1.01972e+00
6.04233e+01  1.12150e+00  -1.55804e-02  -4.20078e-02  9.00404e-01  1.02643e+00
6.05280e+01  1.10263e+00  -1.51333e-02  -4.80008e-02  8.88865e-01  1.03287e+00
6.06327e+01  1.08312e+00  -1.45013e-02  -5.34576e-02  8.78584e-01  1.03896e+00
6.07375e+01  1.06331e+00  -1.37293e-02  -5.83417e-02  8.69587e-01  1.04461e+00
6.08422e+01  1.04347e+00  -1.28626e-02  -6.26208e-02  8.61896e-01  1.04976e+00
6.09469e+01  1.02388e+00  -1.19449e-02  -6.62663e-02  8.55522e-01  1.05432e+00
6.10516e+01  1.00476e+00  -1.10171e-02  -6.92541e-02  8.50475e-01  1.05824e+00
6.11563e+01  9.86320e-01  -1.01159e-02  -7.15640e-02  8.46756e-01  1.06145e+00
6.12611e+01  9.68719e-01  -9.27212e-03  -7.31803e-02  8.44367e-01  1.06391e+00
6.13658e+01  9.52097e-01  -8.51033e-03  -7.40921e-02  8.43306e-01  1.06558e+00
6.14705e+01  9.36566e-01  -7.84768e-03  -7.42929e-02  8.43566e-01  1.06645e+00
6.15752e+01  9.22213e-01  -7.29361e-03  -7.37814e-02  8.45144e-01  1.06649e+00
6.16799e+01  9.09108e-01  -6.84968e-03  -7.25613e-02  8.48028e-01  1.06571e+00
6.17847e+01  8.97302e-01  -6.50971e-03  -7.06412e-02  8.52208e-01  1.06413e+00
6.18894e+01  8.86834e-01  -6.26029e-03  -6.80353e-02  8.57669e-01  1.06177e+00
6.19941e+01  8.77731e-01  -6.08155e-03  -6.47625e-02  8.64394e-01  1.05868e+00
6.20988e+01  8.70010e-01  -5.94814e-03  -6.08471e-02  8.72358e-01  1.05490e+00
6.22035e+01  8.63682e-01  -5.83055e-03  -5.63185e-02  8.81532e-01  1.05049e+00
6.23083e+01  8.58751e-01  -5.69652e-03  -5.12113e-02  8.91881e-01  1.04551e+00
6.24130e+01  8.55219e-01  -5.51265e-03  -4.55651e-02  9.03357e-01  1.04005e+00
6.25177e+01  8.53082e-01  -5.24609e-03  -3.94247e-02  9.15905e-01  1.03418e+00
6.26224e+01  8.52334e-01  -4.86618e-03  -3.28402e-02  9.29453e-01  1.02797e+00
6.27271e+01  8.52968e-01  -4.34621e-03  -2.58673e-02  9.43919e-01  1.02152e+00
6.28319e+01  8.54972e-01  -3.66497e-03  -1.85670e-02  9.59201e-01  1.01490e+00
6.29366e+01  8.58334e-01  -2.80821e-03  -1.10064e-02  9.75179e-01  1.00820e+00
6.30413e+01  8.63037e-01  -1.76989e-03  -3.25824e-03  9.91714e-01  1.00149e+00
6.31460e+01  8.69060e-01  -5.53146e-04  4.59859e-03  1.00864e+00  9.94848e-01
6.32507e+01  8.76379e-01  8.29068e-04  1.24794e-02  1.02579e+00  9.88350e-01
6.33555e+01  8.84964e-01  2.35375e-03  2.02941e-02  1.04294e+00  9.82060e-01
6.34602e+01  8.94775e-01  3.98807e-03  2.79477e-02  1.05988e+00  9.76040e-01
6.35649e+01  9.05765e-01  5.69015e-03  3.53413e-02  1.07637e+00  9.70349e-01
6.36696e+01  9.17878e-01  7.41030e-03  4.23737e-02  1.09216e+00  9.65037e-01
6.37743e+01  9.31041e-01  9.09286e-03  4.89433e-02  1.10698e+00  9.60150e-01
6.38791e+01  9.45171e-01  1.06785e-02  5.49500e-02  1.12058e+00  9.55729e-01
6.39838e+01  9.60165e-01  1.21071e-02  6.02985e-02  1.13270e+00  9.51809e-01
6.40885e+01  9.75902e-01  1.33205e-02  6.49005e-02  1.14312e+00  9.48420e-01
6.41932e+01  9.92242e-01  1.42658e-02  6.86783e-02  1.15162e+00  9.45587e-01
6.42979e+01  1.00902e+00  1.48983e-02  7.15670e-02  1.15803e+00  9.43331e-01
6.44026e+01  1.02606e+00  1.51842e-02  7.35178e-02  1.16222e+00  9.41666e-01
6.45074e+01  1.04315e+00  1.51027e-02  7.44991e-02  1.16410e+00  9.40604e-01
6.46121e+01  1.06007e+00  1.46475e-02  7.44986e-02  1.16364e+00  9.40149e-01
6.47168e+01  1.07657e+00  1.38268e-02  7.35231e-02  1.16087e+00  9.40304e-01
6.48215e+01  1.09240e+00  1.26637e-02  7.15985e-02  1.15586e+00  9.41065e-01
6.49262e+01  1.10731e+00  1.11944e-02  6.87684e-02  1.14873e+00  9.42426e-01
6.50310e+01  1.12101e+00  9.46628e-03  6.50920e-02  1.13965e+00  9.44374e-01
6.51357e+01  1.13327e+00  7.53563e-03  6.06417e-02  1.12882e+00  9.46894e-01
6.52404e+01  1.14385e+00  5.46446e-03  5.55006e-02  1.11647e+00  9.49964e-01
6.53451e+01  1.15252e+00  3.31755e-03  4.97589e-02  1.10284e+00  9.53559e-01
6.54498e+01  1.15912e+00  1.15947e-03  4.35115e-02  1.08818e+00  9.57648e-01
6.55546e+01  1.16351e+00  -9.48137e-04  3.68550e-02  1.07276e+00  9.62197e-01
6.56593e+01  1.16561e+00  -2.94897e-03  2.98860e-02  1.05682e+00  9.67165e-01
6.57640e+01  1.16538e+00  -4.79390e-03  2.26984e-02  1.04060e+00  9.72508e-01
6.58687e+01  1.16285e+00  -6.44242e-03  1.53827e-02  1.02432e+00  9.78175e-01
6.59734e+01  1.15809e+00  -7.86352e-03  8.02438e-03  1.00819e+00  9.84112e-01
6.60782e+01  1.15123e+00  -9.03613e-03  7.03940e-04  9.92372e-01  9.90260e-01
6.61829e+01  1.14242e+00  -9.94908e-03  -6.50393e-03  9.77043e-01  9.96555e-01
6.62876e+01  1.13189e+00  -1.06008e-02  -1.35302e-02  9.62339e-01  1.00293e+00
6.63923e+01  1.11984e+00  -1.09986e-02  -2.03113e-02  9.48379e-01  1.00931e+00
6.64970e+01  1.10654e+00  -1.11577e-02  -2.67891e-02  9.35264e-01  1.01563e+00
6.66018e+01  1.09223e+00  -1.11002e-02  -3.29105e-02  9.23079e-01  1.02181e+00
6.67065e+01  1.07717e+00  -1.08537e-02  -3.86273e-02  9.11892e-01  1.02777e+00
6.68112e+01  1.06162e+00  -1.04500e-02  -4.38956e-02  9.01759e-01  1.03345e+00
6.69159e+01  1.04580e+00  -9.92371e-03  -4.86761e-02  8.92724e-01  1.03875e+00
6.70206e+01  1.02995e+00  -9.31056e-03  -5.29337e-02  8.84822e-01  1.04362e+00
6.71254e+01  1.01425e+00  -8.64624e-03  -5.66375e-02  8.78079e-01  1.04799e+00
6.72301e+01  9.98899e-01  -7.96489e-03  -5.97609e-02  8.72513e-01  1.05180e+00
6.73348e+01  9.84050e-01  -7.29784e-03  -6.22815e-02  8.68139e-01  1.05498e+00
6.74395e+01  9.69842e-01  -6.67249e-03  -6.41814e-02  8.64965e-01  1.05751e+00
6.75442e+01  9.56395e-01  -6.11135e-03  -6.54470e-02  8.62995e-01  1.05934e+00
6.76490e+01  9.43808e-01  -5.63126e-03  -6.60695e-02  8.62230e-01  1.06044e+00
6.77537e+01  9.32165e-01  -5.24290e-03  -6.60451e-02  8.62667e-01  1.06080e+00
6.78584e+01  9.21533e-01  -4.95047e-03  -6.53742e-02  8.64301e-01  1.06042e+00
6.79631e+01  9.11967e-01  -4.75173e-03  -6.40628e-02  8.67123e-01  1.05931e+00
6.80678e+01  9.03511e-01  -4.63820e-03  -6.21213e-02  8.71119e-01  1.05748e+00
6.81726e+01  8.96196e-01  -4.59568e-03  -5.95651e-02  8.76274e-01  1.05497e+00
6.82773e+01  8.90047e-01  -4.60498e-03  -5.64147e-02  8.82566e-01  1.05181e+00
6.83820e+01  8.85083e-01  -4.64288e-03  -5.26951e-02  8.89967e-01  1.04805e+00
6.84867e+01  8.81315e-01  -4.68322e-03  -4.84364e-02  8.98444e-01  1.04375e+00
6.85914e+01  8.78748e-01  -4.69817e-03  -4.36730e-02  9.07956e-01  1.03897e+00
6.86962e+01  8.77384e-01  -4.65957e-03  -3.84443e-02  9.18452e-01  1.03378e+00
6.88009e+01  8.77221e-01  -4.54031e-03  -3.27944e-02  9.29871e-01  1.02825e+00
6.89056e+01  8.78251e-01  -4.31573e-03  -2.67720e-02  9.42140e-01  1.02246e+00
6.90103e+01  8.80466e-01  -3.96495e-03  -2.04305e-02  9.55174e-01  1.01647e+00
6.91150e+01  8.83849e-01  -3.47212e-03  -1.38282e-02  9.68872e-01  1.01036e+00
6.92198e+01  8.88382e-01  -2.82747e-03  -7.02820e-03  9.83116e-01  1.00420e+00
6.93245e+01  8.94041e-01  -2.02825e-03  -9.84392e-05  9.97775e-01  9.98070e-01
6.94292e+01  9.00795e-01  -1.07930e-03  6.88861e-03  1.01270e+00  9.92032e-01
6.95339e+01  9.08607e-01  6.52741e-06  1.38561e-02  1.02772e+00  9.86150e-01
6.96386e+01  9.17434e-01  1.20845e-03  2.07233e-02  1.04266e+00  9.80485e-01
6.97434e+01  9.27220e-01  2.49808e-03  2.74065e-02  1.05731e+00  9.75092e-01
6.98481e+01  9.37902e-01  3.84022e-03  3.38197e-02  1.07148e+00  9.70021e-01
6.99528e+01  9.49404e-01  5.19408e-03  3.98763e-02  1.08495e+00  9.65318e-01
7.00575e+01  9.61640e-01  6.51477e-03  4.54905e-02  1.09750e+00  9.61024e-01
7.01622e+01  9.74505e-01  7.75531e-03  5.05794e-02  1.10891e+00  9.57176e-01
7.02670e+01  9.87885e-01  8.86872e-03  5.50648e-02  1.11900e+00  9.53804e-01
7.03717e+01  1.00165e+00  9.81035e-03  5.88758e-02  1.12756e+00  9.50935e-01
7.04764e+01  1.01564e+00  1.05403e-02  6.19508e-02  1.13444e+00  9.48589e-01
7.05811e+01  1.02971e+00  1.10253e-02  6.42397e-02  1.13950e+00  9.46786e-01
7.06858e+01  1.04368e+00  1.12412e-02  6.57055e-02  1.14265e+00  9.45536e-01
7.07906e+01  1.05735e+00  1.11737e-02  6.63260e-02  1.14383e+00  9.44848e-01
7.08953e+01  1.07055e+00  1.08197e-02  6.60943e-02  1.14301e+00  9.44725e-01
7.10000e+01  1.08305e+00  1.01875e-02  6.50189e-02  1.14023e+00  9.45169e-01
7.11047e+01  1.09467e+00  9.29597e-03  6.31239e-02  1.13554e+00  9.46172e-01
7.12094e+01  1.10520e+00  8.17435e-03  6.04473e-02  1.12907e+00  9.47727e-01
7.13142e+01  1.11446e+00  6.85999e-03  5.70398e-02  1.12094e+00  9.49820e-01
7.14189e+01  1.12228e+00  5.39675e-03  5.29630e-02  1.11132e+00  9.52434e-01
7.15236e+01  1.12852e+00  3.83273e-03  4.82871e-02  1.10041e+00  9.55546e-01
7.16283e+01  1.13307e+00  2.21796e-03  4.30887e-02  1.08840e+00  9.59129e-01
7.17330e+01  1.13582e+00  6.02138e-04  3.74484e-02  1.07550e+00  9.63154e-01
7.18378e+01  1.13675e+00  -9.67415e-04  3.14493e-02  1.06193e+00  9.67583e-01
7.19425e+01  1.13584e+00  -2.44763e-03  2.51746e-02  1.04790e+00  9.72378e-01
7.20472e+01  1.13312e+00  -3.80113e-03  1.87062e-02  1.03361e+00  9.77493e-01
7.21519e+01  1.12865e+00  -4.99740e-03  1.21239e-02  1.01925e+00  9.82879e-01
7.22566e+01  1.12255e+00  -6.01344e-03  5.50400e-03  1.00499e+00  9.88483e-01
7.23614e+01  1.11494e+00  -6.83422e-03  -1.08118e-03  9.91003e-01  9.94247e-01
7.24661e+01  1.10598e+00  -7.45263e-03  -7.56356e-03  9.77420e-01  1.00011e+00
7.25708e+01  1.09584e+00  -7.86923e-03  -1.38796e-02  9.64372e-01  1.00601e+00
7.26755e+01  1.08471e+00  -8.09170e-03  -1.99703e-02  9.51968e-01  1.01188e+00
7.27802e+01  1.07279e+00  -8.13406e-03  -2.57814e-02  9.40303e-01  1.01765e+00
7.28849e+01  1.06027e+00  -8.01573e-03  -3.12628e-02  9.29459e-01  1.02325e+00
7.29897e+01  1.04735e+00  -7.76049e-03  -3.63690e-02  9.19502e-01  1.02861e+00
7.30944e+01  1.03421e+00  -7.39522e-03  -4.10586e-02  9.10488e-01  1.03366e+00
7.31991e+01  1.02104e+00  -6.94879e-03  -4.52946e-02  9.02462e-01  1.03835e+00
7.33038e+01  1.00798e+00  -6.45072e-03  -4.90439e-02  8.95461e-01  1.04259e+00
7.34085e+01  9.95193e-01  -5.93002e-03  -5.22779e-02  8.89514e-01  1.04635e+00
7.35133e+01  9.82810e-01  -5.41405e-03  -5.49719e-02  8.84642e-01  1.04956e+00
7.36180e+01  9.70949e-01  -4.92742e-03  -5.71059e-02  8.80861e-01  1.05218e+00
7.37227e+01  9.59713e-01  -4.49108e-03  -5.86639e-02  8.78181e-01  1.05417e+00
7.38274e+01  9.49191e-01  -4.12157e-03  -5.96346e-02  8.76609e-01  1.05551e+00
7.39321e+01  9.39459e-01  -3.83045e-03  -6.00112e-02  8.76147e-01  1.05618e+00
7.40369e+01  9.30581e-01  -3.62388e-03  -5.97917e-02  8.76793e-01  1.05617e+00
7.41416e+01  9.22611e-01  -3.50255e-03  -5.89784e-02  8.78541e-01  1.05548e+00
7.42463e+01  9.15590e-01  -3.46168e-03  -5.75787e-02  8.81381e-01  1.05412e+00
7.43510e+01  9.09553e-01  -3.49138e-03  -5.56045e-02  8.85300e-01  1.05211e+00
7.44557e+01  9.04527e-01  -3.57713e-03  -5.30723e-02  8.90278e-01  1.04950e+00
7.45605e+01  9.00532e-01  -3.70048e-03  -5.00032e-02  8.96293e-01  1.04630e+00
7.46652e+01  8.97581e-01  -3.83993e-03  -4.64229e-02  9.03314e-01  1.04258e+00
7.47699e+01  8.95683e-01  -3.97194e-03  -4.23615e-02  9.11305e-01  1.03839e+00
7.48746e+01  8.94840e-01  -4.07201e-03  -3.78533e-02  9.20221e-01  1.03378e+00
7.49793e+01  8.95051e-01  -4.11586e-03  -3.29372e-02  9.30010e-01  1.02882e+00
7.50841e+01  8.96309e-01  -4.08060e-03  -2.76563e-02  9.40607e-01  1.02358e+00
7.51888e+01  8.98605e-01  -3.94588e-03  -2.20578e-02  9.51938e-01  1.01811e+00
7.52935e+01  9.01921e-01  -3.69499e-03  -1.61933e-02  9.63918e-01  1.01250e+00
7.53982e+01  9.06238e-01  -3.31586e-03  -1.01185e-02  9.76447e-01  1.00680e+00
7.55029e+01  9.11528e-01  -2.80185e-03  -3.89319e-03  9.89412e-01  1.00109e+00
7.56077e+01  9.17759e-01  -2.15245e-03  2.41895e-03  1.00269e+00  9.95429e-01
7.57124e+01  9.24891e-01  -1.37365e-03  8.75047e-03  1.01613e+00  9.89876e-01
7.58171e+01  9.32877e-01  -4.78120e-04  1.50306e-02  1.02958e+00  9.84491e-01
7.59218e+01  9.41661e-01  5.14933e-04  2.11860e-02  1.04289e+00  9.79329e-01
7.60265e+01  9.51178e-01  1.58023e-03  2.71413e-02  1.05586e+00  9.74439e-01
7.61313e+01  9.61353e-01  2.68721e-03  3.28199e-02  1.06833e+00  9.69867e-01
7.62360e+01  9.72099e-01  3.80108e-03  3.81460e-02  1.08009e+00  9.65655e-01
7.63407e+01  9.83320e-01  4.88426e-03  4.30451e-02  1.09097e+00  9.61839e-01
7.64454e+01  9.94906e-01  5.89796e-03  4.74461e-02  1.10079e+00  9.58452e-01
7.65501e+01  1.00674e+00  6.80398e-03  5.12833e-02  1.10937e+00  9.55521e-01
7.66549e+01  1.01868e+00  7.56659e-03  5.44975e-02  1.11656e+00  9.53069e-01
7.67596e+01  1.03059e+00  8.15433e-03  5.70386e-02  1.12223e+00  9.51116e-01
7.68643e+01  1.04233e+00  8.54169e-03  5.88665e-02  1.12627e+00  9.49675e-01
7.69690e+01  1.05372e+00  8.71052e-03  5.99528e-02  1.12862e+00  9.48758e-01
7.70737e+01  1.06462e+00  8.65103e-03  6.02817e-02  1.12921e+00  9.48369e-01
7.71785e+01  1.07485e+00  8.36240e-03  5.98505e-02  1.12806e+00  9.48512e-01
7.72832e+01  1.08426e+00  7.85283e-03  5.86696e-02  1.12519e+00  9.49183e-01
7.73879e+01  1.09269e+00  7.13918e-03  5.67623e-02  1.12066e+00  9.50377e-01
7.74926e+01  1.10000e+00  6.24600e-03  5.41637e-02  1.11457e+00  9.52082e-01
7.75973e+01  1.10607e+00  5.20435e-03  5.09193e-02  1.10704e+00  9.54285e-01
7.77021e+01  1.11078e+00  4.05016e-03  4.70841e-02  1.09822e+00  9.56966e-01
7.78068e+01  1.11407e+00  2.82251e-03  4.27202e-02  1.08826e+00  9.60102e-01
7.79115e+01  1.11586e+00  1.56173e-03  3.78953e-02  1.07735e+00  9.63666e-01
7.80162e+01  1.11613e+00  3.07668e-04  3.26807e-02  1.06567e+00  9.67627e-01
7.81209e+01  1.11489e+00  -9.02008e-04  2.71502e-02  1.05340e+00  9.71948e-01
7.82257e+01  1.11217e+00  -2.03327e-03  2.13778e-02  1.04072e+00  9.76589e-01
7.83304e+01  1.10802e+00  -3.05689e-03  1.54370e-02  1.02782e+00  9.81506e-01
7.84351e+01  1.10254e+00  -3.94939e-03  9.39968e-03  1.01485e+00  9.86651e-01
7.85398e+01  1.09582e+00  -4.69355e-03  3.33501e-03  1.00198e+00  9.91971e-01
7.86445e+01  1.08800e+00  -5.27877e-03  -2.69088e-03  9.89339e-01  9.97412e-01
7.87493e+01  1.07922e+00  -5.70101e-03  -8.61540e-03  9.77068e-01  1.00291e+00
7.88540e+01  1.06963e+00  -5.96257e-03  -1.43798e-02  9.65278e-01  1.00842e+00
7.89587e+01  1.05939e+00  -6.07158e-03  -1.99292e-02  9.54070e-01  1.01386e+00
7.90634e+01  1.04866e+00  -6.04136e-03  -2.52127e-02  9.43533e-01  1.01917e+00
7.91681e+01  1.03759e+00  -5.88956e-03  -3.01837e-02  9.33743e-01  1.02429e+00
7.92729e+01  1.02634e+00  -5.63723e-03  -3.47994e-02  9.24764e-01  1.02916e+00
7.93776e+01  1.01505e+00  -5.30780e-03  -3.90209e-02  9.16650e-01  1.03371e+00
7.94823e+01  1.00386e+00  -4.92599e-03  -4.28137e-02  9.09447e-01  1.03789e+00
7.95870e+01  9.92899e-01  -4.51679e-03  -4.61470e-02  9.03189e-01  1.04163e+00
7.96917e+01  9.82277e-01  -4.10435e-03  -4.89942e-02  8.97907e-01  1.04489e+00
7.97965e+01  9.72099e-01  -3.71103e-03  -5.13332e-02  8.93623e-01  1.04762e+00
7.99012e+01  9.62455e-01  -3.35654e-03  -5.31455e-02  8.90352e-01  1.04979e+00
8.00059e+01  9.53426e-01  -3.05713e-03  -5.44176e-02  8.88108e-01  1.05136e+00
8.01106e+01  9.45081e-01  -2.82498e-03  -5.51399e-02  8.86895e-01  1.05231e+00
8.02153e+01  9.37479e-01  -2.66781e-03  -5.53074e-02  8.86717e-01  1.05264e+00
8.03201e+01  9.30670e-01  -2.58857e-03  -5.49197e-02  8.87572e-01  1.05233e+00
8.04248e+01  9.24696e-01  -2.58545e-03  -5.39808e-02  8.89453e-01  1.05140e+00
8.05295e+01  9.19590e-01  -2.65194e-03  -5.24992e-02  8.92350e-01  1.04985e+00
8.06342e+01  9.15379e-01  -2.77726e-03  -5.04879e-02  8.96247e-01  1.04771e+00
8.07389e+01  9.12083e-01  -2.94677e-03  -4.79643e-02  9.01125e-01  1.04502e+00
8.08437e+01  9.09716e-01  -3.14275e-03  -4.49500e-02  9.06957e-01  1.04181e+00
8.09484e+01  9.08286e-01  -3.34513e-03  -4.14711e-02  9.13713e-01  1.03813e+00
8.10531e+01  9.07797e-01  -3.53241e-03  -3.75577e-02  9.21352e-01  1.03403e+00
8.11578e+01  9.08248e-01  -3.68270e-03  -3.32439e-02  9.29829e-01  1.02956e+00
8.12625e+01  9.09632e-01  -3.77467e-03  -2.85681e-02  9.39089e-01  1.02479e+00
8.13672e+01  9.11937e-01  -3.78861e-03  -2.35722e-02  9.49067e-01  1.01978e+00
8.14720e+01  9.15148e-01  -3.70742e-03  -1.83024e-02  9.59688e-01  1.01459e+00
8.15767e+01  9.19243e-01  -3.51749e-03  -1.28084e-02  9.70866e-01  1.00929e+00
8.16814e+01  9.24193e-01  -3.20953e-03  -7.14377e-03  9.82503e-01  1.00393e+00
8.17861e+01  9.29965e-01  -2.77919e-03  -1.36544e-03  9.94490e-01  9.98586e-01
8.18908e+01  9.36518e-01  -2.22757e-03  4.46628e-03  1.00670e+00  9.93306e-01
8.19956e+01  9.43805e-01  -1.56147e-03  1.02881e-02  1.01901e+00  9.88150e-01
8.21003e+01  9.51770e-01  -7.93401e-04  1.60342e-02  1.03128e+00  9.83172e-01
8.22050e+01  9.60349e-01  5.86081e-05  2.16369e-02  1.04333e+00  9.78422e-01
8.23097e+01  9.69470e-01  9.71542e-04  2.70272e-02  1.05503e+00  9.73944e-01
8.24144e+01  9.79049e-01  1.91815e-03  3.21362e-02  1.06619e+00  9.69782e-01
8.25192e+01  9.88996e-01  2.86796e-03  3.68958e-02  1.07666e+00  9.65972e-01
8.26239e+01  9.99210e-01  3.78853e-03  4.12400e-02  1.08627e+00  9.62549e-01
8.27286e+01  1.00958e+00  4.64685e-03  4.51068e-02  1.09486e+00  9.59540e-01
8.28333e+01  1.01999e+00  5.41086e-03  4.84393e-02  1.10229e+00  9.56972e-01
8.29380e+01  1.03031e+00  6.05103e-03  5.11873e-02  1.10843e+00  9.54864e-01
8.30428e+01  1.04041e+00  6.54180e-03  5.33088e-02  1.11316e+00  9.53233e-01
8.31475e+01  1.05016e+00  6.86290e-03  5.47712e-02  1.11641e+00  9.52092e-01
8.32522e+01  1.05941e+00  7.00048e-03  5.55524e-02  1.11811e+00  9.51448e-01
8.33569e+01  1.06804e+00  6.94780e-03  5.56414e-02  1.11823e+00  9.51306e-01
8.34616e+01  1.07591e+00  6.70566e-03  5.50388e-02  1.11678e+00  9.51667e-01
8.35664e+01  1.08289e+00  6.28231e-03  5.37567e-02  1.11380e+00  9.52526e-01
8.36711e+01  1.08887e+00  5.69308e-03  5.18181e-02  1.10933e+00  9.53875e-01
8.37758e+01  1.09376e+00  4.95953e-03  4.92565e-02  1.10347e+00  9.55703e-01
8.38805e+01  1.09747e+00  4.10838e-03  4.61144e-02  1.09634e+00  9.57994e-01
8.39852e+01  1.09994e+00  3.17013e-03  4.24421e-02  1.08805e+00  9.60728e-01
8.40900e+01  1.10112e+00  2.17763e-03  3.82963e-02  1.07877e+00  9.63881e-01
8.41947e+01  1.10101e+00  1.16450e-03  3.37387e-02  1.06864e+00  9.67426e-01
8.42994e+01  1.09961e+00  1.63673e-04  2.88344e-02  1.05783e+00  9.71329e-01
8.44041e+01  1.09696e+00  -7.94000e-04  2.36501e-02  1.04651e+00  9.75556e-01
8.45088e+01  1.09309e+00  -1.68092e-03  1.82537e-02  1.03483e+00  9.80065e-01
8.46136e+01  1.08810e+00  -2.47374e-03  1.27122e-02  1.02295e+00  9.84814e-01
8.47183e+01  1.08206e+00  -3.15406e-03  7.09168e-03  1.01103e+00  9.89754e-01
8.48230e+01  1.07510e+00  -3.70893e-03  1.45581e-03  9.99203e-01  9.94835e-01
8.49277e+01  1.06732e+00  -4.13103e-03  -4.13417e-03  9.87601e-01  1.00000e+00
8.50324e+01  1.05886e+00  -4.41863e-03  -9.62015e-03  9.76341e-01  1.00520e+00
8.51372e+01  1.04984e+00  -4.57538e-03  -1.49473e-02  9.65530e-01  1.01037e+00
8.52419e+01  1.04040e+00  -4.60980e-03  -2.00644e-02  9.55261e-01  1.01545e+00
8.53466e+01  1.03068e+00  -4.53474e-03  -2.49237e-02  9.45618e-01  1.02039e+00
8.54513e+01  1.02080e+00  -4.36653e-03  -2.94815e-02  9.36671e-01  1.02511e+00
8.55560e+01  1.01090e+00  -4.12422e-03  -3.36975e-02  9.28481e-01  1.02957e+00
8.56608e+01  1.00108e+00  -3.82864e-03  -3.75355e-02  9.21100e-01  1.03371e+00
8.57655e+01  9.91452e-01  -3.50142e-03  -4.09630e-02  9.14572e-01  1.03746e+00
8.58702e+01  9.82127e-01  -3.16408e-03  -4.39517e-02  9.08932e-01  1.04079e+00
8.59749e+01  9.73191e-01  -2.83711e-03  -4.64771e-02  9.04209e-01  1.04364e+00
8.60796e+01  9.64726e-01  -2.53910e-03  -4.85188e-02  9.00423e-01  1.04598e+00
8.61844e+01  9.56805e-01  -2.28602e-03  -5.00607e-02  8.97593e-01  1.04777e+00
8.62891e+01  9.49491e-01  -2.09054e-03  -5.10906e-02  8.95728e-01  1.04900e+00
8.63938e+01  9.42840e-01  -1.96160e-03  -5.16010e-02  8.94836e-01  1.04964e+00
8.64985e+01  9.36898e-01  -1.90402e-03  -5.15884e-02  8.94919e-01  1.04968e+00
8.66032e+01  9.31704e-01  -1.91837e-03  -5.10538e-02  8.95974e-01  1.04914e+00
8.67080e+01  9.27291e-01  -2.00097e-03  -5.00026e-02  8.97994e-01  1.04800e+00
8.68127e+01  9.23685e-01  -2.14409e-03  -4.84443e-02  9.00967e-01  1.04630e+00
8.69174e+01  9.20904e-01  -2.33631e-03  -4.63928e-02  9.04878e-01  1.04406e+00
8.70221e+01  9.18963e-01  -2.56306e-03  -4.38663e-02  9.09704e-01  1.04130e+00
8.71268e+01  9.17871e-01  -2.80718e-03  -4.08870e-02  9.15419e-01  1.03808e+00
8.72316e+01  9.17629e-01  -3.04980e-03  -3.74809e-02  9.21988e-01  1.03443e+00
8.73363e+01  9.18238e-01  -3.27107e-03  -3.36784e-02  9.29372e-01  1.03041e+00
8.74410e+01  9.19690e-01  -3.45113e-03  -2.95133e-02  9.37522e-01  1.02606e+00
8.75457e+01  9.21973e-01  -3.57098e-03  -2.50234e-02  9.46382e-01  1.02145e+00
8.76504e+01  9.25070e-01  -3.61337e-03  -2.02499e-02  9.55887e-01  1.01664e+00
8.77552e+01  9.28959e-01  -3.56372e-03  -1.52379e-02  9.65960e-01  1.01167e+00
8.78599e+01  9.33613e-01  -3.41079e-03  -1.00357e-02  9.76518e-01  1.00662e+00
8.79646e+01  9.38997e-01  -3.14743e-03  -4.69478e-03  9.87463e-01  1.00155e+00
8.80693e+01  9.45070e-01  -2.77105e-03  7.30090e-04  9.98689e-01  9.96499e-01
8.81740e+01  9.51786e-01  -2.28398e-03  6.18145e-03  1.01008e+00  9.91535e-01
8.82788e+01  9.59090e-01  -1.69363e-03  1.15994e-02  1.02151e+00  9.86707e-01
8.83835e+01  9.66920e-01  -1.01244e-03  1.69221e-02  1.03283e+00  9.82066e-01
8.84882e+01  9.75206e-01  -2.57544e-04  2.20863e-02  1.04391e+00  9.77656e-01
8.85929e+01  9.83870e-01  5.49689e-04  2.70283e-02  1.05461e+00  9.73521e-01
8.86976e+01  9.92828e-01  1.38445e-03  3.16848e-02  1.06475e+00  9.69700e-01
8.88024e+01  1.00198e+00  2.21941e-03  3.59940e-02  1.07421e+00  9.66225e-01
8.89071e+01  1.01124e+00  3.02588e-03  3.98965e-02  1.08282e+00  9.63129e-01
8.90118e+01  1.02048e+00  3.77505e-03  4.33371e-02  1.09045e+00  9.60438e-01
8.91165e+01  1.02961e+00  4.43932e-03  4.62658e-02  1.09697e+00  9.58174e-01
8.92212e+01  1.03850e+00  4.99361e-03  4.86390e-02  1.10227e+00  9.56355e-01
8.93260e+01  1.04702e+00  5.41662e-03  5.04211e-02  1.10626e+00  9.54995e-01
8.94307e+01  1.05508e+00  5.69187e-03  5.15852e-02  1.10886e+00  9.54107e-01
8.95354e+01  1.06254e+00  5.80859e-03  5.21140e-02  1.11004e+00  9.53695e-01
8.96401e+01  1.06929e+00  5.76225e-03  5.20003e-02  1.10976e+00  9.53762e-01
8.97448e+01  1.07524e+00  5.55481e-03  5.12474e-02  1.10805e+00  9.54307e-01
8.98495e+01  1.08029e+00  5.19461e-03  4.98688e-02  1.10493e+00  9.55326e-01
8.99543e+01  1.08434e+00  4.69590e-03  4.78879e-02  1.10047e+00  9.56808e-01
9.00590e+01  1.08736e+00  4.07813e-03  4.53369e-02  1.09475e+00  9.58741e-01
9.01637e+01  1.08927e+00  3.36494e-03  4.22565e-02  1.08788e+00  9.61108e-01
9.02684e+01  1.09005e+00  2.58296e-03  3.86939e-02  1.07997e+00  9.63889e-01
9.03731e+01  1.08970e+00  1.76056e-03  3.47022e-02  1.07116e+00  9.67058e-01
9.04779e+01  1.08822e+00  9.26505e-04  3.03388e-02  1.06160e+00  9.70588e-01
9.05826e+01  1.08564e+00  1.08710e-04  2.56640e-02  1.05144e+00  9.74445e-01
9.06873e+01  1.08202e+00  -6.66939e-04  2.07400e-02  1.04081e+00  9.78593e-01
9.07920e+01  1.07741e+00  -1.37759e-03  1.56296e-02  1.02988e+00  9.82993e-01
9.08967e+01  1.07189e+00  -2.00422e-03  1.03953e-02  1.01879e+00  9.87600e-01
9.10015e+01  1.06557e+00  -2.53225e-03  5.09852e-03  1.00766e+00  9.92369e-01
9.11062e+01  1.05854e+00  -2.95191e-03  -2.01146e-04  9.96646e-01  9.97249e-01
9.12109e+01  1.05092e+00  -3.25837e-03  -5.44647e-03  9.85849e-01  1.00219e+00
9.13156e+01  1.04281e+00  -3.45168e-03  -1.05829e-02  9.75383e-01  1.00713e+00
9.14203e+01  1.03434e+00  -3.53651e-03  -1.55590e-02  9.65346e-01  1.01202e+00
9.15251e+01  1.02562e+00  -3.52170e-03  -2.03264e-02  9.55826e-01  1.01680e+00
9.16298e+01  1.01677e+00  -3.41972e-03  -2.48403e-02  9.46900e-01  1.02142e+00
9.17345e+01  1.00790e+00  -3.24594e-03  -2.90594e-02  9.38635e-01  1.02581e+00
9.18392e+01  9.99100e-01  -3.01785e-03  -3.29459e-02  9.31090e-01  1.02993e+00
9.19439e+01  9.90482e-01  -2.75426e-03  -3.64658e-02  9.24314e-01  1.03371e+00
9.20487e+01  9.82132e-01  -2.47439e-03  -3.95888e-02  9.18348e-01  1.03711e+00
9.21534e+01  9.74132e-01  -2.19708e-03  -4.22885e-02  9.13226e-01  1.04009e+00
9.22581e+01  9.66559e-01  -1.93995e-03  -4.45422e-02  9.08976e-01  1.04260e+00
9.23628e+01  9.59477e-01  -1.71865e-03  -4.63317e-02  9.05618e-01  1.04461e+00
9.24675e+01  9.52947e-01  -1.54623e-03  -4.76423e-02  9.03169e-01  1.04610e+00
9.25723e+01  9.47018e-01  -1.43259e-03  -4.84637e-02  9.01640e-01  1.04703e+00
9.26770e+01  9.41736e-01  -1.38411e-03  -4.87898e-02  9.01036e-01  1.04741e+00
9.27817e+01  9.37137e-01  -1.40337e-03  -4.86188e-02  9.01359e-01  1.04722e+00
9.28864e+01  9.33252e-01  -1.48907e-03  -4.79527e-02  9.02606e-01  1.04646e+00
9.29911e+01  9.30105e-01  -1.63613e-03  -4.67982e-02  9.04768e-01  1.04516e+00
9.30959e+01  9.27715e-01  -1.83587e-03  -4.51657e-02  9.07833e-01  1.04333e+00
9.32006e+01  9.26095e-01  -2.07643e-03  -4.30701e-02  9.11783e-01  1.04099e+00
9.33053e+01  9.25254e-01  -2.34326e-03  -4.05301e-02  9.16597e-01  1.03819e+00
9.34100e+01  9.25193e-01  -2.61975e-03  -3.75682e-02  9.22244e-01  1.03495e+00
9.35147e+01  9.25912e-01  -2.88796e-03  -3.42110e-02  9.28690e-01  1.03132e+00
9.36195e+01  9.27403e-01  -3.12938e-03  -3.04886e-02  9.35893e-01  1.02736e+00
9.37242e+01  9.29654e-01  -3.32579e-03  -2.64348e-02  9.43805e-01  1.02311e+00
9.38289e+01  9.32648e-01  -3.46002e-03  -2.20870e-02  9.52366e-01  1.01863e+00
9.39336e+01  9.36363e-01  -3.51682e-03  -1.74859e-02  9.61511e-01  1.01397e+00
9.40383e+01  9.40770e-01  -3.48359e-03  -1.26755e-02  9.71165e-01  1.00919e+00
9.41431e+01  9.45836e-01  -3.35102e-03  -7.70293e-03  9.81243e-01  1.00435e+00
9.42478e+01  9.51520e-01  -3.11365e-03  -2.61824e-03  9.91650e-01  9.99505e-01
9.43525e+01  9.57778e-01  -2.77032e-03  2.52576e-03  1.00228e+00  9.94704e-01
9.44572e+01  9.64554e-01  -2.32439e-03  7.67386e-03  1.01302e+00  9.90002e-01
9.45619e+01  9.71791e-01  -1.78380e-03  1.27689e-02  1.02375e+00  9.85447e-01
9.46667e+01  9.79421e-01  -1.16099e-03  1.77521e-02  1.03434e+00  9.81087e-01
9.47714e+01  9.87369e-01  -4.72526e-04  2.25641e-02  1.04466e+00  9.76963e-01
9.48761e+01  9.95557e-01  2.61425e-04  2.71451e-02  1.05455e+00  9.73116e-01
9.49808e+01  1.00390e+00  1.01782e-03  3.14363e-02  1.06389e+00  9.69581e-01
9.50855e+01  1.01229e+00  1.77165e-03  3.53809e-02  1.07253e+00  9.66391e-01
9.51903e+01  1.02065e+00  2.49699e-03  3.89246e-02  1.08035e+00  9.63572e-01
9.52950e+01  1.02886e+00  3.16813e-03  4.20177e-02  1.08720e+00  9.61150e-01
9.53997e+01  1.03683e+00  3.76076e-03  4.46154e-02  1.09299e+00  9.59145e-01
9.55044e+01  1.04444e+00  4.25311e-03  4.66795e-02  1.09761e+00  9.57574e-01
9.56091e+01  1.05160e+00  4.62704e-03  4.81793e-02  1.10099e+00  9.56448e-01
9.57139e+01  1.05819e+00  4.86889e-03  4.90924e-02  1.10305e+00  9.55776e-01
9.58186e+01  1.06412e+00  4.97020e-03  4.94054e-02  1.10378e+00  9.55565e-01
9.59233e+01  1.06931e+00  4.92811e-03  4.91142e-02  1.10316e+00  9.55814e-01
9.60280e+01  1.07366e+00  4.74550e-03  4.82244e-02  1.10119e+00  9.56521e-01
9.61327e+01  1.07712e+00  4.43081e-03  4.67509e-02  1.09793e+00  9.57680e-01
9.62375e+01  1.07962e+00  3.99760e-03  4.47175e-02  1.09343e+00  9.59280e-01
9.63422e+01  1.08114e+00  3.46381e-03  4.21560e-02  1.08778e+00  9.61308e-01
9.64469e+01  1.08164e+00  2.85087e-03  3.91057e-02  1.08106e+00  9.63745e-01
9.65516e+01  1.08112e+00  2.18260e-03  3.56120e-02  1.07341e+00  9.66571e-01
9.66563e+01  1.07959e+00  1.48410e-03  3.17254e-02  1.06493e+00  9.69759e-01
9.67611e+01  1.07708e+00  7.80579e-04  2.75002e-02  1.05578e+00  9.73280e-01
9.68658e+01  1.07364e+00  9.62260e-05  2.29935e-02  1.04608e+00  9.77103e-01
9.69705e+01  1.06933e+00  -5.46775e-04  1.82639e-02  1.03598e+00  9.81189e-01
9.70752e+01  1.06421e+00  -1.12912e-03  1.33707e-02  1.02561e+00  9.85500e-01
9.71799e+01  1.05837e+00  -1.63506e-03  8.37281e-03  1.01511e+00  9.89992e-01
9.72847e+01  1.05191e+00  -2.05291e-03  3.32814e-03  1.00460e+00  9.94619e-01
9.73894e+01  1.04491e+00  -2.37533e-03  -1.70700e-03  9.94211e-01  9.99332e-01
9.74941e+01  1.03749e+00  -2.59939e-03  -6.67850e-03  9.84044e-01  1.00408e+00
9.75988e+01  1.02975e+00  -2.72653e-03  -1.15347e-02  9.74204e-01  1.00881e+00
9.77035e+01  1.02179e+00  -2.76220e-03  -1.62269e-02  9.64784e-01  1.01346e+00
9.78083e+01  1.01371e+00  -2.71550e-03  -2.07094e-02  9.55866e-01  1.01799e+00
9.79130e+01  1.00561e+00  -2.59861e-03  -2.49396e-02  9.47522e-01  1.02234e+00
9.80177e+01  9.97593e-01  -2.42612e-03  -2.88785e-02  9.39817e-01  1.02645e+00
9.81224e+01  9.89739e-01  -2.21429e-03  -3.24904e-02  9.32805e-01  1.03028e+00
9.82271e+01  9.82133e-01  -1.98032e-03  -3.57433e-02  9.26533e-01  1.03376e+00
9.83319e+01  9.74851e-01  -1.74154e-03  -3.86088e-02  9.21041e-01  1.03687e+00
9.84366e+01  9.67962e-01  -1.51462e-03  -4.10623e-02  9.16361e-01  1.03955e+00
9.85413e+01  9.61527e-01  -1.31490e-03  -4.30829e-02  9.12519e-01  1.04177e+00
9.86460e+01  9.55601e-01  -1.15565e-03  -4.46540e-02  9.09536e-01  1.04350e+00
9.87507e+01  9.50233e-01  -1.04761e-03  -4.57626e-02  9.07427e-01  1.04471e+00
9.88554e+01  9.45463e-01  -9.98435e-04  -4.63998e-02  9.06202e-01  1.04540e+00
9.89602e+01  9.41326e-01  -1.01245e-03  -4.65611e-02  9.05865e-01  1.04555e+00
9.90649e+01  9.37852e-01  -1.09043e-03  -4.62456e-02  9.06418e-01  1.04516e+00
9.91696e+01  9.35065e-01  -1.22960e-03  -4.54570e-02  9.07856e-01  1.04423e+00
9.92743e+01  9.32981e-01  -1.42372e-03  -4.42026e-02  9.10171e-01  1.04278e+00
9.93790e+01  9.31613e-01  -1.66336e-03  -4.24941e-02  9.13348e-01  1.04083e+00
9.94838e+01  9.30969e-01  -1.93631e-03  -4.03469e-02  9.17370e-01  1.03841e+00
9.95885e+01  9.31051e-01  -2.22807e-03  -3.77802e-02  9.22211e-01  1.03555e+00
9.96932e+01  9.31856e-01  -2.52247e-03  -3.48173e-02  9.27843e-01  1.03229e+00
9.97979e+01  9.33378e-01  -2.80235e-03  -3.14849e-02  9.34228e-01  1.02868e+00
9.99026e+01  9.35605e-01  -3.05033e-03  -2.78133e-02  9.41323e-01  1.02476e+00
1.00007e+02  9.38518e-01  -3.24951e-03  -2.38362e-02  9.49078e-01  1.02059e+00
1.00112e+02  9.42095e-01  -3.38431e-03  -1.95907e-02  9.57434e-01  1.01621e+00
1.00217e+02  9.46309e-01  -3.44113e-03  -1.51172e-02  9.66325e-01  1.01168e+00
1.00322e+02  9.51126e-01  -3.40905e-03  -1.04589e-02  9.75673e-01  1.00705e+00
1.00426e+02  9.56507e-01  -3.28042e-03  -5.66220e-03  9.85395e-01  1.00238e+00
1.00531e+02  9.62406e-01  -3.05129e-03  -7.75964e-04  9.95397e-01  9.97725e-01
1.00636e+02  9.68772e-01  -2.72178e-03  4.14842e-03  1.00558e+00  9.93130e-01
1.00740e+02  9.75546e-01  -2.29625e-03  9.05748e-03  1.01582e+00  9.88646e-01
1.00845e+02  9.82666e-01  -1.78327e-03  1.38961e-02  1.02601e+00  9.84321e-01
1.00950e+02  9.90061e-01  -1.19550e-03  1.86080e-02  1.03602e+00  9.80196e-01
1.01055e+02  9.97653e-01  -5.49269e-04  2.31366e-02  1.04572e+00  9.76314e-01
1.01159e+02  1.00536e+00  1.35954e-04  2.74252e-02  1.05499e+00  9.72711e-01
1.01264e+02  1.01310e+00  8.38286e-04  3.14186e-02  1.06368e+00  9.69420e-01
1.01369e+02  1.02077e+00  1.53431e-03  3.50637e-02  1.07166e+00  9.66471e-01
1.01473e+02  1.02829e+00  2.20005e-03  3.83105e-02  1.07882e+00  9.63890e-01
1.01578e+02  1.03555e+00  2.81204e-03  4.11131e-02  1.08504e+00  9.61699e-01
1.01683e+02  1.04247e+00  3.34837e-03  4.34313e-02  1.09021e+00  9.59917e-01
1.01788e+02  1.04894e+00  3.78976e-03  4.52310e-02  1.09425e+00  9.58559e-01
1.01892e+02  1.05487e+00  4.12043e-03  4.64854e-02  1.09709e+00  9.57635e-01
1.01997e+02  1.06018e+00  4.32892e-03  4.71760e-02  1.09868e+00  9.57153e-01
1.02102e+02  1.06478e+00  4.40859e-03  4.72924e-02  1.09899e+00  9.57116e-01
1.02206e+02  1.06861e+00  4.35799e-03  4.68335e-02  1.09803e+00  9.57524e-01
1.02311e+02  1.07161e+00  4.18087e-03  4.58069e-02  1.09579e+00  9.58374e-01
1.02416e+02  1.07373e+00  3.88596e-03  4.42289e-02  1.09234e+00  9.59657e-01
1.02521e+02  1.07494e+00  3.48651e-03  4.21241e-02  1.08773e+00  9.61362e-01
1.02625e+02  1.07522e+00  2.99959e-03  3.95245e-02  1.08205e+00  9.63475e-01
1.02730e+02  1.07456e+00  2.44520e-03  3.64687e-02  1.07538e+00  9.65976e-01
1.02835e+02  1.07299e+00  1.84532e-03  3.30013e-02  1.06785e+00  9.68844e-01
1.02940e+02  1.07053e+00  1.22281e-03  2.91710e-02  1.05956e+00  9.72052e-01
1.03044e+02  1.06721e+00  6.00398e-04  2.50303e-02  1.05066e+00  9.75570e-01
1.03149e+02  1.06311e+00  -3.17567e-07  2.06340e-02  1.04127e+00  9.79366e-01
1.03254e+02  1.05827e+00  -5.59777e-04  1.60383e-02  1.03152e+00  9.83402e-01
1.03358e+02  1.05279e+00  -1.06120e-03  1.12998e-02  1.02154e+00  9.87639e-01
1.03463e+02  1.04674e+00  -1.49119e-03  6.47505e-03  1.01146e+00  9.92034e-01
1.03568e+02  1.04021e+00  -1.84011e-03  1.61930e-03  1.00140e+00  9.96541e-01
1.03673e+02  1.03330e+00  -2.10233e-03  -3.21367e-03  9.91470e-01  1.00111e+00
1.03777e+02  1.02610e+00  -2.27629e-03  -7.97213e-03  9.81779e-01  1.00570e+00
1.03882e+02  1.01871e+00  -2.36430e-03  -1.26068e-02  9.72422e-01  1.01024e+00
1.03987e+02  1.01121e+00  -2.37229e-03  -1.70711e-02  9.63486e-01  1.01470e+00
1.04091e+02  1.00371e+00  -2.30938e-03  -2.13214e-02  9.55048e-01  1.01901e+00
1.04196e+02  9.96281e-01  -2.18732e-03  -2.53172e-02  9.47178e-01  1.02313e+00
1.04301e+02  9.89014e-01  -2.01989e-03  -2.90212e-02  9.39938e-01  1.02700e+00
1.04406e+02  9.81983e-01  -1.82216e-03  -3.23997e-02  9.33378e-01  1.03058e+00
1.04510e+02  9.75257e-01  -1.60980e-03  -3.54222e-02  9.27546e-01  1.03381e+00
1.04615e+02  9.68902e-01  -1.39835e-03  -3.80620e-02  9.22478e-01  1.03666e+00
1.04720e+02  9.62976e-01  -1.20251e-03  -4.02961e-02  9.18205e-01  1.03909e+00
1.04824e+02  9.57530e-01  -1.03543e-03  -4.21051e-02  9.14754e-01  1.04107e+00
1.04929e+02  9.52608e-01  -9.08217e-04  -4.34735e-02  9.12145e-01  1.04257e+00
1.05034e+02  9.48252e-01  -8.29351e-04  -4.43899e-02  9.10391e-01  1.04356e+00
1.05139e+02  9.44493e-01  -8.04351e-04  -4.48465e-02  9.09503e-01  1.04404e+00
1.05243e+02  9.41359e-01  -8.35506e-04  -4.48397e-02  9.09485e-01  1.04400e+00
1.05348e+02  9.38873e-01  -9.21751e-04  -4.43697e-02  9.10339e-01  1.04345e+00
1.05453e+02  9.37052e-01  -1.05869e-03  -4.34409e-02  9.12059e-01  1.04238e+00
1.05558e+02  9.35907e-01  -1.23875e-03  -4.20614e-02  9.14638e-01  1.04082e+00
1.05662e+02  9.35445e-01  -1.45146e-03  -4.02432e-02  9.18062e-01  1.03879e+00
1.05767e+02  9.35668e-01  -1.68389e-03  -3.80020e-02  9.22312e-01  1.03632e+00
1.05872e+02  9.36574e-01  -1.92112e-03  -3.53575e-02  9.27364e-01  1.03344e+00
1.05976e+02  9.38155e-01  -2.14690e-03  -3.23327e-02  9.33188e-01  1.03019e+00
1.06081e+02  9.40398e-01  -2.34429e-03  -2.89542e-02  9.39747e-01  1.02661e+00
1.06186e+02  9.43287e-01  -2.49634e-03  -2.52521e-02  9.46999e-01  1.02276e+00
1.06291e+02  9.46798e-01  -2.58690e-03  -2.12597e-02  9.54894e-01  1.01867e+00
1.06395e+02  9.50904e-01  -2.60124e-03  -1.70135e-02  9.63372e-01  1.01441e+00
1.06500e+02  9.55573e-01  -2.52681e-03  -1.25530e-02  9.72367e-01  1.01003e+00
1.06605e+02  9.60764e-01  -2.35381e-03  -7.92095e-03  9.81804e-01  1.00557e+00
1.06709e+02  9.66434e-01  -2.07576e-03  -3.16250e-03  9.91599e-01  1.00109e+00
1.06814e+02  9.72533e-01  -1.68989e-03  1.67442e-03  1.00166e+00  9.96636e-01
1.06919e+02  9.79004e-01  -1.19745e-03  6.53960e-03  1.01188e+00  9.92263e-01
1.07024e+02  9.85785e-01  -6.03817e-04  1.13809e-02  1.02216e+00  9.88015e-01
1.07128e+02  9.92808e-01  8.14760e-05  1.61445e-02  1.03237e+00  9.83937e-01
1.07233e+02  1.00000e+00  8.44988e-04  2.07757e-02  1.04240e+00  9.80069e-01
