# k S000 S110 S112 S10 S11
1.04720e-01  8.65079e-02  1.60460e+00  -1.28167e+00  4.12597e-02  3.88627e+00
2.09440e-01  8.67310e-02  1.58316e+00  -1.27090e+00  4.13613e-02  3.85406e+00
3.14159e-01  8.71042e-02  1.54831e+00  -1.25339e+00  4.15313e-02  3.80170e+00
4.18879e-01  8.76300e-02  1.50125e+00  -1.22974e+00  4.17706e-02  3.73100e+00
5.23599e-01  8.83113e-02  1.44356e+00  -1.20074e+00  4.20807e-02  3.64430e+00
6.28319e-01  8.91523e-02  1.37701e+00  -1.16728e+00  4.24634e-02  3.54429e+00
7.33038e-01  9.01581e-02  1.30349e+00  -1.13028e+00  4.29209e-02  3.43377e+00
8.37758e-01  9.13350e-02  1.22485e+00  -1.09070e+00  4.34560e-02  3.31555e+00
9.42478e-01  9.26902e-02  1.14287e+00  -1.04940e+00  4.40720e-02  3.19227e+00
1.04720e+00  9.42323e-02  1.05914e+00  -1.00718e+00  4.47726e-02  3.06632e+00
1.15192e+00  9.59712e-02  9.75038e-01  -9.64738e-01  4.55622e-02  2.93978e+00
1.25664e+00  9.79182e-02  8.91734e-01  -9.22644e-01  4.64458e-02  2.81438e+00
1.36136e+00  1.00086e-01  8.10163e-01  -8.81367e-01  4.74292e-02  2.69153e+00
1.46608e+00  1.02490e-01  7.31054e-01  -8.41268e-01  4.85188e-02  2.57232e+00
1.57080e+00  1.05146e-01  6.54946e-01  -8.02612e-01  4.97221e-02  2.45756e+00
1.67552e+00  1.08073e-01  5.82215e-01  -7.65584e-01  5.10474e-02  2.34780e+00
1.78024e+00  1.11292e-01  5.13102e-01  -7.30299e-01  5.25040e-02  2.24340e+00
1.88496e+00  1.14827e-01  4.47734e-01  -6.96816e-01  5.41027e-02  2.14455e+00
1.98968e+00  1.18705e-01  3.86154e-01  -6.65149e-01  5.58554e-02  2.05130e+00
2.09440e+00  1.22956e-01  3.28336e-01  -6.35280e-01  5.77756e-02  1.96362e+00
2.19911e+00  1.27614e-01  2.74204e-01  -6.07163e-01  5.98787e-02  1.88137e+00
2.30383e+00  1.32718e-01  2.23648e-01  -5.80733e-01  6.21820e-02  1.80438e+00
2.40855e+00  1.38310e-01  1.76533e-01  -5.55914e-01  6.47050e-02  1.73245e+00
2.51327e+00  1.44440e-01  1.32709e-01  -5.32619e-01  6.74701e-02  1.66533e+00
2.61799e+00  1.51162e-01  9.20190e-02  -5.10758e-01  7.05025e-02  1.60278e+00
2.72271e+00  1.58540e-01  5.43042e-02  -4.90237e-01  7.38310e-02  1.54454e+00
2.82743e+00  1.66643e-01  1.94079e-02  -4.70960e-01  7.74883e-02  1.49037e+00
2.93215e+00  1.75551e-01  -1.28215e-02  -4.52833e-01  8.15121e-02  1.44001e+00
3.03687e+00  1.85356e-01  -4.25278e-02  -4.35764e-01  8.59451e-02  1.39324e+00
3.14159e+00  1.96159e-01  -6.98456e-02  -4.19659e-01  9.08370e-02  1.34981e+00
3.24631e+00  2.08078e-01  -9.48991e-02  -4.04428e-01  9.62444e-02  1.30953e+00
3.35103e+00  2.21244e-01  -1.17801e-01  -3.89983e-01  1.02233e-01  1.27218e+00
3.45575e+00  2.35806e-01  -1.38653e-01  -3.76234e-01  1.08879e-01  1.23758e+00
3.56047e+00  2.51935e-01  -1.57543e-01  -3.63093e-01  1.16271e-01  1.20555e+00
3.66519e+00  2.69823e-01  -1.74545e-01  -3.50472e-01  1.24511e-01  1.17593e+00
3.76991e+00  2.89686e-01  -1.89723e-01  -3.38278e-01  1.33720e-01  1.14856e+00
3.87463e+00  3.11769e-01  -2.03123e-01  -3.26419e-01  1.44039e-01  1.12330e+00
3.97935e+00  3.36343e-01  -2.14777e-01  -3.14795e-01  1.55632e-01  1.10002e+00
4.08407e+00  3.63713e-01  -2.24701e-01  -3.03301e-01  1.68697e-01  1.07860e+00
4.18879e+00  3.94212e-01  -2.32891e-01  -2.91823e-01  1.83462e-01  1.05893e+00
4.29351e+00  4.28203e-01  -2.39325e-01  -2.80236e-01  2.00203e-01  1.04091e+00
4.39823e+00  4.66073e-01  -2.43959e-01  -2.68399e-01  2.19243e-01  1.02444e+00
4.50295e+00  5.08225e-01  -2.46721e-01  -2.56154e-01  2.40971e-01  1.00943e+00
4.60767e+00  5.55058e-01  -2.47511e-01  -2.43322e-01  2.65846e-01  9.95810e-01
4.71239e+00  6.06947e-01  -2.46197e-01  -2.29693e-01  2.94418e-01  9.83495e-01
4.81711e+00  6.64207e-01  -2.42607e-01  -2.15026e-01  3.27341e-01  9.72420e-01
4.92183e+00  7.27037e-01  -2.36524e-01  -1.99043e-01  3.65391e-01  9.62519e-01
5.02655e+00  7.95458e-01  -2.27683e-01  -1.81417e-01  4.09484e-01  9.53734e-01
5.13127e+00  8.69229e-01  -2.15764e-01  -1.61773e-01  4.60690e-01  9.46009e-01
5.23599e+00  9.47750e-01  -2.00392e-01  -1.39684e-01  5.20239e-01  9.39292e-01
5.34071e+00  1.02997e+00  -1.81140e-01  -1.14675e-01  5.89509e-01  9.33535e-01
5.44543e+00  1.11429e+00  -1.57544e-01  -8.62365e-02  6.69983e-01  9.28693e-01
5.55015e+00  1.19856e+00  -1.29139e-01  -5.38592e-02  7.63143e-01  9.24720e-01
5.65487e+00  1.28011e+00  -9.55225e-02  -1.71000e-02  8.70278e-01  9.21578e-01
5.75959e+00  1.35589e+00  -5.64647e-02  2.43105e-02  9.92156e-01  9.19225e-01
5.86431e+00  1.42275e+00  -1.20738e-02  7.03020e-02  1.12853e+00  9.17624e-01
5.96903e+00  1.47779e+00  3.69811e-02  1.20242e-01  1.27747e+00  9.16739e-01
6.07375e+00  1.51871e+00  8.92226e-02  1.72690e-01  1.43460e+00  9.16532e-01
6.17847e+00  1.54415e+00  1.42176e-01  2.25206e-01  1.59259e+00  9.16970e-01
6.28319e+00  1.55386e+00  1.92384e-01  2.74369e-01  1.74112e+00  9.18016e-01
6.38791e+00  1.54862e+00  2.35778e-01  3.16143e-01  1.86806e+00  9.19635e-01
6.49262e+00  1.53013e+00  2.68441e-01  3.46649e-01  1.96174e+00  9.21792e-01
6.59734e+00  1.50065e+00  2.87573e-01  3.63122e-01  2.01382e+00  9.24451e-01
6.70206e+00  1.46273e+00  2.92236e-01  3.64660e-01  2.02156e+00  9.27576e-01
6.80678e+00  1.41886e+00  2.83513e-01  3.52382e-01  1.98828e+00  9.31131e-01
6.91150e+00  1.37136e+00  2.64025e-01  3.28949e-01  1.92192e+00  9.35076e-01
7.01622e+00  1.32217e+00  2.37113e-01  2.97739e-01  1.83259e+00  9.39374e-01
7.12094e+00  1.27287e+00  2.06054e-01  2.62069e-01  1.73019e+00  9.43984e-01
7.22566e+00  1.22464e+00  1.73568e-01  2.24702e-01  1.62297e+00  9.48866e-01
7.33038e+00  1.17835e+00  1.41641e-01  1.87663e-01  1.51697e+00  9.53978e-01
7.43510e+00  1.13459e+00  1.11552e-01  1.52276e-01  1.41610e+00  9.59277e-01
7.53982e+00  1.09372e+00  8.40210e-02  1.19303e-01  1.32263e+00  9.64718e-01
7.64454e+00  1.05593e+00  5.93590e-02  8.91000e-02  1.23756e+00  9.70259e-01
7.74926e+00  1.02130e+00  3.76127e-02  6.17592e-02  1.16113e+00  9.75854e-01
7.85398e+00  9.89813e-01  1.86675e-02  3.72107e-02  1.09309e+00  9.81457e-01
7.95870e+00  9.61405e-01  2.32152e-03  1.52976e-02  1.03292e+00  9.87024e-01
8.06342e+00  9.35968e-01  -1.16666e-02  -4.17649e-03  9.79980e-01  9.92510e-01
8.16814e+00  9.13373e-01  -2.35479e-02  -2.14190e-02  9.33614e-01  9.97871e-01
8.27286e+00  8.93484e-01  -3.35663e-02  -3.66310e-02  8.93172e-01  1.00306e+00
8.37758e+00  8.76161e-01  -4.19490e-02  -4.99986e-02  8.58054e-01  1.00805e+00
8.48230e+00  8.61268e-01  -4.89021e-02  -6.16890e-02  8.27720e-01  1.01279e+00
8.58702e+00  8.48675e-01  -5.46094e-02  -7.18496e-02  8.01691e-01  1.01724e+00
8.69174e+00  8.38261e-01  -5.92329e-02  -8.06085e-02  7.79550e-01  1.02138e+00
8.79646e+00  8.29912e-01  -6.29130e-02  -8.80763e-02  7.60934e-01  1.02516e+00
8.90118e+00  8.23525e-01  -6.57708e-02  -9.43477e-02  7.45534e-01  1.02858e+00
9.00590e+00  8.19005e-01  -6.79094e-02  -9.95034e-02  7.33084e-01  1.03159e+00
9.11062e+00  8.16265e-01  -6.94155e-02  -1.03612e-01  7.23360e-01  1.03420e+00
9.21534e+00  8.15225e-01  -7.03609e-02  -1.06732e-01  7.16174e-01  1.03637e+00
9.32006e+00  8.15813e-01  -7.08040e-02  -1.08914e-01  7.11368e-01  1.03811e+00
9.42478e+00  8.17960e-01  -7.07912e-02  -1.10200e-01  7.08810e-01  1.03941e+00
9.52950e+00  8.21599e-01  -7.03579e-02  -1.10625e-01  7.08392e-01  1.04027e+00
9.63422e+00  8.26670e-01  -6.95300e-02  -1.10223e-01  7.10025e-01  1.04069e+00
9.73894e+00  8.33108e-01  -6.83248e-02  -1.09019e-01  7.13637e-01  1.04069e+00
9.84366e+00  8.40850e-01  -6.67524e-02  -1.07039e-01  7.19170e-01  1.04029e+00
9.94838e+00  8.49830e-01  -6.48166e-02  -1.04304e-01  7.26575e-01  1.03949e+00
1.00531e+01  8.59978e-01  -6.25164e-02  -1.00836e-01  7.35812e-01  1.03832e+00
1.01578e+01  8.71214e-01  -5.98468e-02  -9.66541e-02  7.46845e-01  1.03681e+00
1.02625e+01  8.83456e-01  -5.68007e-02  -9.17792e-02  7.59641e-01  1.03498e+00
1.03673e+01  8.96609e-01  -5.33697e-02  -8.62330e-02  7.74164e-01  1.03286e+00
1.04720e+01  9.10567e-01  -4.95460e-02  -8.00393e-02  7.90375e-01  1.03049e+00
1.05767e+01  9.25213e-01  -4.53239e-02  -7.32257e-02  8.08225e-01  1.02790e+00
1.06814e+01  9.40418e-01  -4.07015e-02  -6.58242e-02  8.27650e-01  1.02512e+00
1.07861e+01  9.56037e-01  -3.56822e-02  -5.78728e-02  8.48572e-01  1.02219e+00
1.08909e+01  9.71914e-01  -3.02771e-02  -4.94169e-02  8.70889e-01  1.01914e+00
1.09956e+01  9.87880e-01  -2.45061e-02  -4.05108e-02  8.94472e-01  1.01600e+00
1.11003e+01  1.00375e+00  -1.84005e-02  -3.12189e-02  9.19162e-01  1.01282e+00
1.12050e+01  1.01934e+00  -1.20037e-02  -2.16174e-02  9.44762e-01  1.00961e+00
1.13097e+01  1.03446e+00  -5.37299e-03  -1.17946e-02  9.71038e-01  1.00642e+00
1.14145e+01  1.04890e+00  1.41968e-03  -1.85211e-03  9.97715e-01  1.00327e+00
1.15192e+01  1.06247e+00  8.28790e-03  8.09563e-03  1.02448e+00  1.00019e+00
1.16239e+01  1.07499e+00  1.51313e-02  1.79221e-02  1.05098e+00  9.97209e-01
1.17286e+01  1.08628e+00  2.18374e-02  2.74906e-02  1.07682e+00  9.94347e-01
1.18333e+01  1.09619e+00  2.82841e-02  3.66571e-02  1.10160e+00  9.91627e-01
1.19381e+01  1.10458e+00  3.43443e-02  4.52741e-02  1.12489e+00  9.89070e-01
1.20428e+01  1.11136e+00  3.98898e-02  5.31960e-02  1.14628e+00  9.86694e-01
1.21475e+01  1.11644e+00  4.47981e-02  6.02844e-02  1.16537e+00  9.84514e-01
1.22522e+01  1.11980e+00  4.89574e-02  6.64142e-02  1.18179e+00  9.82543e-01
1.23569e+01  1.12142e+00  5.22735e-02  7.14798e-02  1.19523e+00  9.80794e-01
1.24617e+01  1.12134e+00  5.46742e-02  7.54000e-02  1.20547e+00  9.79274e-01
1.25664e+01  1.11963e+00  5.61141e-02  7.81224e-02  1.21236e+00  9.77992e-01
1.26711e+01  1.11637e+00  5.65767e-02  7.96256e-02  1.21583e+00  9.76951e-01
1.27758e+01  1.11167e+00  5.60753e-02  7.99200e-02  1.21592e+00  9.76155e-01
1.28805e+01  1.10569e+00  5.46514e-02  7.90465e-02  1.21274e+00  9.75605e-01
1.29852e+01  1.09857e+00  5.23723e-02  7.70733e-02  1.20652e+00  9.75299e-01
1.30900e+01  1.09047e+00  4.93262e-02  7.40917e-02  1.19751e+00  9.75234e-01
1.31947e+01  1.08157e+00  4.56173e-02  7.02109e-02  1.18604e+00  9.75406e-01
1.32994e+01  1.07203e+00  4.13603e-02  6.55519e-02  1.17246e+00  9.75808e-01
1.34041e+01  1.06203e+00  3.66745e-02  6.02425e-02  1.15716e+00  9.76432e-01
1.35088e+01  1.05171e+00  3.16789e-02  5.44117e-02  1.14050e+00  9.77267e-01
1.36136e+01  1.04124e+00  2.64885e-02  4.81858e-02  1.12286e+00  9.78303e-01
1.37183e+01  1.03075e+00  2.12100e-02  4.16847e-02  1.10458e+00  9.79525e-01
1.38230e+01  1.02037e+00  1.59402e-02  3.50194e-02  1.08598e+00  9.80921e-01
1.39277e+01  1.01021e+00  1.07642e-02  2.82907e-02  1.06735e+00  9.82474e-01
1.40324e+01  1.00039e+00  5.75503e-03  2.15883e-02  1.04893e+00  9.84167e-01
1.41372e+01  9.90987e-01  9.73021e-04  1.49906e-02  1.03095e+00  9.85982e-01
1.42419e+01  9.82082e-01  -3.53314e-03  8.56481e-03  1.01360e+00  9.87902e-01
1.43466e+01  9.73741e-01  -7.72585e-03  2.36820e-03  9.97011e-01  9.89906e-01
1.44513e+01  9.66020e-01  -1.15775e-02  -3.55149e-03  9.81320e-01  9.91974e-01
1.45560e+01  9.58962e-01  -1.50694e-02  -9.15488e-03  9.66621e-01  9.94085e-01
1.46608e+01  9.52604e-01  -1.81903e-02  -1.44099e-02  9.52990e-01  9.96220e-01
1.47655e+01  9.46974e-01  -2.09357e-02  -1.92910e-02  9.40482e-01  9.98355e-01
1.48702e+01  9.42091e-01  -2.33061e-02  -2.37778e-02  9.29138e-01  1.00047e+00
1.49749e+01  9.37969e-01  -2.53066e-02  -2.78548e-02  9.18984e-01  1.00255e+00
1.50796e+01  9.34615e-01  -2.69455e-02  -3.15101e-02  9.10034e-01  1.00456e+00
1.51844e+01  9.32029e-01  -2.82338e-02  -3.47354e-02  9.02295e-01  1.00650e+00
1.52891e+01  9.30209e-01  -2.91842e-02  -3.75250e-02  8.95766e-01  1.00834e+00
1.53938e+01  9.29146e-01  -2.98108e-02  -3.98755e-02  8.90438e-01  1.01006e+00
1.54985e+01  9.28826e-01  -3.01284e-02  -4.17857e-02  8.86300e-01  1.01166e+00
1.56032e+01  9.29233e-01  -3.01522e-02  -4.32563e-02  8.83335e-01  1.01310e+00
1.57080e+01  9.30344e-01  -2.98975e-02  -4.42896e-02  8.81523e-01  1.01439e+00
1.58127e+01  9.32135e-01  -2.93794e-02  -4.48898e-02  8.80841e-01  1.01551e+00
1.59174e+01  9.34576e-01  -2.86128e-02  -4.50623e-02  8.81263e-01  1.01645e+00
1.60221e+01  9.37633e-01  -2.76120e-02  -4.48147e-02  8.82759e-01  1.01720e+00
1.61268e+01  9.41269e-01  -2.63912e-02  -4.41558e-02  8.85297e-01  1.01776e+00
1.62316e+01  9.45442e-01  -2.49642e-02  -4.30966e-02  8.88843e-01  1.01813e+00
1.63363e+01  9.50107e-01  -2.33446e-02  -4.16500e-02  8.93355e-01  1.01831e+00
1.64410e+01  9.55214e-01  -2.15461e-02  -3.98309e-02  8.98792e-01  1.01828e+00
1.65457e+01  9.60710e-01  -1.95823e-02  -3.76566e-02  9.05105e-01  1.01807e+00
1.66504e+01  9.66536e-01  -1.74675e-02  -3.51469e-02  9.12239e-01  1.01768e+00
1.67552e+01  9.72633e-01  -1.52167e-02  -3.23241e-02  9.20135e-01  1.01711e+00
1.68599e+01  9.78934e-01  -1.28458e-02  -2.92134e-02  9.28727e-01  1.01637e+00
1.69646e+01  9.85374e-01  -1.03719e-02  -2.58427e-02  9.37943e-01  1.01547e+00
1.70693e+01  9.91882e-01  -7.81362e-03  -2.22430e-02  9.47700e-01  1.01443e+00
1.71740e+01  9.98386e-01  -5.19139e-03  -1.84483e-02  9.57912e-01  1.01326e+00
1.72788e+01  1.00481e+00  -2.52737e-03  -1.44955e-02  9.68482e-01  1.01197e+00
1.73835e+01  1.01109e+00  1.54335e-04  -1.04245e-02  9.79305e-01  1.01058e+00
1.74882e+01  1.01715e+00  2.82767e-03  -6.27761e-03  9.90272e-01  1.00911e+00
1.75929e+01  1.02292e+00  5.46479e-03  -2.09959e-03  1.00127e+00  1.00756e+00
1.76976e+01  1.02833e+00  8.03632e-03  2.06298e-03  1.01216e+00  1.00597e+00
1.78024e+01  1.03332e+00  1.05117e-02  6.16224e-03  1.02284e+00  1.00435e+00
1.79071e+01  1.03783e+00  1.28596e-02  1.01497e-02  1.03316e+00  1.00271e+00
1.80118e+01  1.04181e+00  1.50488e-02  1.39771e-02  1.04300e+00  1.00107e+00
1.81165e+01  1.04522e+00  1.70486e-02  1.75971e-02  1.05224e+00  9.99451e-01
1.82212e+01  1.04802e+00  1.88297e-02  2.09646e-02  1.06076e+00  9.97865e-01
1.83260e+01  1.05018e+00  2.03652e-02  2.40374e-02  1.06844e+00  9.96328e-01
1.84307e+01  1.05170e+00  2.16315e-02  2.67773e-02  1.07519e+00  9.94854e-01
1.85354e+01  1.05255e+00  2.26087e-02  2.91509e-02  1.08091e+00  9.93458e-01
1.86401e+01  1.05275e+00  2.32816e-02  3.11308e-02  1.08554e+00  9.92151e-01
1.87448e+01  1.05231e+00  2.36406e-02  3.26958e-02  1.08903e+00  9.90945e-01
1.88496e+01  1.05124e+00  2.36814e-02  3.38315e-02  1.09134e+00  9.89850e-01
1.89543e+01  1.04958e+00  2.34059e-02  3.45311e-02  1.09247e+00  9.88875e-01
1.90590e+01  1.04737e+00  2.28218e-02  3.47946e-02  1.09241e+00  9.88027e-01
1.91637e+01  1.04464e+00  2.19428e-02  3.46293e-02  1.09120e+00  9.87313e-01
1.92684e+01  1.04145e+00  2.07876e-02  3.40493e-02  1.08889e+00  9.86738e-01
1.93732e+01  1.03785e+00  1.93799e-02  3.30745e-02  1.08553e+00  9.86305e-01
1.94779e+01  1.03390e+00  1.77475e-02  3.17307e-02  1.08121e+00  9.86017e-01
1.95826e+01  1.02966e+00  1.59211e-02  3.00478e-02  1.07602e+00  9.85873e-01
1.96873e+01  1.02519e+00  1.39341e-02  2.80597e-02  1.07005e+00  9.85874e-01
1.97920e+01  1.02055e+00  1.18211e-02  2.58030e-02  1.06343e+00  9.86018e-01
1.98968e+01  1.01580e+00  9.61735e-03  2.33160e-02  1.05625e+00  9.86301e-01
2.00015e+01  1.01100e+00  7.35780e-03  2.06382e-02  1.04863e+00  9.86720e-01
2.01062e+01  1.00621e+00  5.07640e-03  1.78092e-02  1.04069e+00  9.87267e-01
2.02109e+01  1.00148e+00  2.80546e-03  1.48681e-02  1.03254e+00  9.87937e-01
2.03156e+01  9.96866e-01  5.75137e-04  1.18530e-02  1.02428e+00  9.88722e-01
2.04204e+01  9.92407e-01  -1.58695e-03  8.80045e-03  1.01601e+00  9.89613e-01
2.05251e+01  9.88150e-01  -3.65601e-03  5.74516e-03  1.00783e+00  9.90599e-01
2.06298e+01  9.84133e-01  -5.61029e-03  2.71961e-03  9.99829e-01  9.91670e-01
2.07345e+01  9.80391e-01  -7.43109e-03  -2.45994e-04  9.92077e-01  9.92815e-01
2.08392e+01  9.76955e-01  -9.10282e-03  -3.12389e-03  9.84649e-01  9.94021e-01
2.09440e+01  9.73852e-01  -1.06129e-02  -5.88878e-03  9.77610e-01  9.95276e-01
2.10487e+01  9.71102e-01  -1.19516e-02  -8.51783e-03  9.71013e-01  9.96566e-01
2.11534e+01  9.68726e-01  -1.31120e-02  -1.09906e-02  9.64907e-01  9.97879e-01
2.12581e+01  9.66736e-01  -1.40896e-02  -1.32890e-02  9.59332e-01  9.99199e-01
2.13628e+01  9.65143e-01  -1.48822e-02  -1.53972e-02  9.54323e-01  1.00051e+00
2.14675e+01  9.63952e-01  -1.54897e-02  -1.73015e-02  9.49907e-01  1.00181e+00
2.15723e+01  9.63168e-01  -1.59139e-02  -1.89904e-02  9.46105e-01  1.00308e+00
2.16770e+01  9.62789e-01  -1.61580e-02  -2.04543e-02  9.42933e-01  1.00430e+00
2.17817e+01  9.62810e-01  -1.62269e-02  -2.16854e-02  9.40402e-01  1.00546e+00
2.18864e+01  9.63225e-01  -1.61265e-02  -2.26781e-02  9.38517e-01  1.00655e+00
2.19911e+01  9.64022e-01  -1.58637e-02  -2.34282e-02  9.37280e-01  1.00756e+00
2.20959e+01  9.65187e-01  -1.54465e-02  -2.39337e-02  9.36686e-01  1.00849e+00
2.22006e+01  9.66703e-01  -1.48834e-02  -2.41941e-02  9.36728e-01  1.00931e+00
2.23053e+01  9.68551e-01  -1.41835e-02  -2.42107e-02  9.37395e-01  1.01003e+00
2.24100e+01  9.70707e-01  -1.33567e-02  -2.39865e-02  9.38670e-01  1.01063e+00
2.25147e+01  9.73145e-01  -1.24131e-02  -2.35264e-02  9.40534e-01  1.01111e+00
2.26195e+01  9.75839e-01  -1.13633e-02  -2.28370e-02  9.42963e-01  1.01147e+00
2.27242e+01  9.78757e-01  -1.02183e-02  -2.19265e-02  9.45929e-01  1.01171e+00
2.28289e+01  9.81867e-01  -8.98951e-03  -2.08051e-02  9.49400e-01  1.01182e+00
2.29336e+01  9.85135e-01  -7.68860e-03  -1.94848e-02  9.53342e-01  1.01180e+00
2.30383e+01  9.88524e-01  -6.32769e-03  -1.79791e-02  9.57714e-01  1.01165e+00
2.31431e+01  9.91997e-01  -4.91926e-03  -1.63036e-02  9.62473e-01  1.01138e+00
2.32478e+01  9.95516e-01  -3.47617e-03  -1.44755e-02  9.67573e-01  1.01100e+00
2.33525e+01  9.99042e-01  -2.01170e-03  -1.25134e-02  9.72962e-01  1.01050e+00
2.34572e+01  1.00253e+00  -5.39454e-04  -1.04376e-02  9.78585e-01  1.00990e+00
2.35619e+01  1.00596e+00  9.26574e-04  -8.27008e-03  9.84386e-01  1.00920e+00
2.36667e+01  1.00927e+00  2.37212e-03  -6.03364e-03  9.90305e-01  1.00841e+00
2.37714e+01  1.01243e+00  3.78270e-03  -3.75240e-03  9.96278e-01  1.00754e+00
2.38761e+01  1.01541e+00  5.14375e-03  -1.45122e-03  1.00224e+00  1.00659e+00
2.39808e+01  1.01818e+00  6.44071e-03  8.44454e-04  1.00813e+00  1.00560e+00
2.40855e+01  1.02070e+00  7.65925e-03  3.10894e-03  1.01388e+00  1.00455e+00
2.41903e+01  1.02294e+00  8.78544e-03  5.31662e-03  1.01942e+00  1.00347e+00
2.42950e+01  1.02489e+00  9.80599e-03  7.44235e-03  1.02469e+00  1.00236e+00
2.43997e+01  1.02652e+00  1.07085e-02  9.46177e-03  1.02963e+00  1.00125e+00
2.45044e+01  1.02782e+00  1.14817e-02  1.13518e-02  1.03419e+00  1.00013e+00
2.46091e+01  1.02878e+00  1.21156e-02  1.30908e-02  1.03830e+00  9.99025e-01
2.47139e+01  1.02938e+00  1.26021e-02  1.46591e-02  1.04192e+00  9.97943e-01
2.48186e+01  1.02963e+00  1.29347e-02  1.60396e-02  1.04501e+00  9.96895e-01
2.49233e+01  1.02953e+00  1.31092e-02  1.72175e-02  1.04754e+00  9.95892e-01
2.50280e+01  1.02909e+00  1.31234e-02  1.81808e-02  1.04948e+00  9.94943e-01
2.51327e+01  1.02831e+00  1.29776e-02  1.89207e-02  1.05082e+00  9.94057e-01
2.52375e+01  1.02722e+00  1.26745e-02  1.94316e-02  1.05154e+00  9.93243e-01
2.53422e+01  1.02583e+00  1.22191e-02  1.97109e-02  1.05164e+00  9.92508e-01
2.54469e+01  1.02417e+00  1.16187e-02  1.97595e-02  1.05114e+00  9.91859e-01
2.55516e+01  1.02226e+00  1.08828e-02  1.95810e-02  1.05004e+00  9.91302e-01
2.56563e+01  1.02013e+00  1.00230e-02  1.91825e-02  1.04839e+00  9.90841e-01
2.57611e+01  1.01781e+00  9.05252e-03  1.85734e-02  1.04620e+00  9.90479e-01
2.58658e+01  1.01532e+00  7.98604e-03  1.77658e-02  1.04352e+00  9.90220e-01
2.59705e+01  1.01272e+00  6.83952e-03  1.67740e-02  1.04039e+00  9.90065e-01
2.60752e+01  1.01002e+00  5.62972e-03  1.56143e-02  1.03686e+00  9.90015e-01
2.61799e+01  1.00726e+00  4.37390e-03  1.43042e-02  1.03298e+00  9.90070e-01
2.62847e+01  1.00447e+00  3.08953e-03  1.28629e-02  1.02882e+00  9.90227e-01
2.63894e+01  1.00168e+00  1.79394e-03  1.13100e-02  1.02441e+00  9.90484e-01
2.64941e+01  9.98933e-01  5.04045e-04  9.66594e-03  1.01984e+00  9.90838e-01
2.65988e+01  9.96248e-01  -7.63928e-04  7.95133e-03  1.01514e+00  9.91285e-01
2.67035e+01  9.93657e-01  -1.99467e-03  6.18674e-03  1.01038e+00  9.91819e-01
2.68083e+01  9.91185e-01  -3.17400e-03  4.39246e-03  1.00561e+00  9.92434e-01
2.69130e+01  9.88856e-01  -4.28898e-03  2.58832e-03  1.00089e+00  9.93123e-01
2.70177e+01  9.86692e-01  -5.32809e-03  7.93435e-04  9.96259e-01  9.93878e-01
2.71224e+01  9.84712e-01  -6.28126e-03  -9.73876e-04  9.91771e-01  9.94693e-01
2.72271e+01  9.82935e-01  -7.13995e-03  -2.69627e-03  9.87468e-01  9.95556e-01
2.73319e+01  9.81373e-01  -7.89715e-03  -4.35746e-03  9.83388e-01  9.96460e-01
2.74366e+01  9.80040e-01  -8.54738e-03  -5.94229e-03  9.79568e-01  9.97395e-01
2.75413e+01  9.78945e-01  -9.08665e-03  -7.43681e-03  9.76040e-01  9.98350e-01
2.76460e+01  9.78096e-01  -9.51239e-03  -8.82833e-03  9.72831e-01  9.99316e-01
2.77507e+01  9.77497e-01  -9.82341e-03  -1.01054e-02  9.69966e-01  1.00028e+00
2.78555e+01  9.77149e-01  -1.00198e-02  -1.12579e-02  9.67464e-01  1.00124e+00
2.79602e+01  9.77054e-01  -1.01028e-02  -1.22771e-02  9.65343e-01  1.00217e+00
2.80649e+01  9.77207e-01  -1.00748e-02  -1.31553e-02  9.63615e-01  1.00308e+00
2.81696e+01  9.77604e-01  -9.93914e-03  -1.38866e-02  9.62288e-01  1.00395e+00
2.82743e+01  9.78239e-01  -9.70006e-03  -1.44661e-02  9.61368e-01  1.00477e+00
2.83791e+01  9.79100e-01  -9.36261e-03  -1.48903e-02  9.60857e-01  1.00553e+00
2.84838e+01  9.80177e-01  -8.93254e-03  -1.51572e-02  9.60753e-01  1.00622e+00
2.85885e+01  9.81456e-01  -8.41622e-03  -1.52660e-02  9.61052e-01  1.00685e+00
2.86932e+01  9.82921e-01  -7.82056e-03  -1.52174e-02  9.61745e-01  1.00740e+00
2.87979e+01  9.84555e-01  -7.15294e-03  -1.50132e-02  9.62821e-01  1.00786e+00
2.89027e+01  9.86340e-01  -6.42114e-03  -1.46569e-02  9.64265e-01  1.00824e+00
2.90074e+01  9.88255e-01  -5.63328e-03  -1.41530e-02  9.66061e-01  1.00852e+00
2.91121e+01  9.90278e-01  -4.79779e-03  -1.35076e-02  9.68187e-01  1.00871e+00
2.92168e+01  9.92386e-01  -3.92334e-03  -1.27280e-02  9.70621e-01  1.00880e+00
2.93215e+01  9.94556e-01  -3.01878e-03  -1.18227e-02  9.73336e-01  1.00880e+00
2.94263e+01  9.96764e-01  -2.09314e-03  -1.08015e-02  9.76304e-01  1.00871e+00
2.95310e+01  9.98985e-01  -1.15557e-03  -9.67543e-03  9.79494e-01  1.00852e+00
2.96357e+01  1.00119e+00  -2.15305e-04  -8.45647e-03  9.82872e-01  1.00824e+00
2.97404e+01  1.00337e+00  7.18411e-04  -7.15768e-03  9.86403e-01  1.00788e+00
2.98451e+01  1.00548e+00  1.63633e-03  -5.79305e-03  9.90050e-01  1.00743e+00
2.99498e+01  1.00751e+00  2.52930e-03  -4.37731e-03  9.93775e-01  1.00691e+00
3.00546e+01  1.00943e+00  3.38828e-03  -2.92584e-03  9.97537e-01  1.00631e+00
3.01593e+01  1.01122e+00  4.20446e-03  -1.45452e-03  1.00130e+00  1.00566e+00
3.02640e+01  1.01287e+00  4.96933e-03  2.04802e-05  1.00501e+00  1.00495e+00
3.03687e+01  1.01435e+00  5.67475e-03  1.48285e-03  1.00864e+00  1.00419e+00
3.04734e+01  1.01565e+00  6.31309e-03  2.91635e-03  1.01215e+00  1.00340e+00
3.05782e+01  1.01676e+00  6.87730e-03  4.30503e-03  1.01549e+00  1.00257e+00
3.06829e+01  1.01766e+00  7.36102e-03  5.63344e-03  1.01863e+00  1.00173e+00
3.07876e+01  1.01835e+00  7.75872e-03  6.88681e-03  1.02153e+00  1.00087e+00
3.08923e+01  1.01882e+00  8.06577e-03  8.05131e-03  1.02417e+00  1.00001e+00
3.09970e+01  1.01907e+00  8.27857e-03  9.11420e-03  1.02651e+00  9.99164e-01
3.11018e+01  1.01909e+00  8.39462e-03  1.00640e-02  1.02852e+00  9.98331e-01
3.12065e+01  1.01890e+00  8.41261e-03  1.08909e-02  1.03019e+00  9.97522e-01
3.13112e+01  1.01849e+00  8.33245e-03  1.15863e-02  1.03151e+00  9.96746e-01
3.14159e+01  1.01787e+00  8.15536e-03  1.21437e-02  1.03244e+00  9.96012e-01
3.15206e+01  1.01706e+00  7.88380e-03  1.25582e-02  1.03300e+00  9.95326e-01
3.16254e+01  1.01606e+00  7.52154e-03  1.28269e-02  1.03318e+00  9.94695e-01
3.17301e+01  1.01489e+00  7.07355e-03  1.29485e-02  1.03297e+00  9.94125e-01
3.18348e+01  1.01358e+00  6.54598e-03  1.29238e-02  1.03239e+00  9.93622e-01
3.19395e+01  1.01212e+00  5.94605e-03  1.27554e-02  1.03146e+00  9.93191e-01
3.20442e+01  1.01055e+00  5.28192e-03  1.24475e-02  1.03018e+00  9.92834e-01
3.21490e+01  1.00889e+00  4.56258e-03  1.20060e-02  1.02857e+00  9.92557e-01
3.22537e+01  1.00715e+00  3.79767e-03  1.14382e-02  1.02667e+00  9.92359e-01
3.23584e+01  1.00535e+00  2.99736e-03  1.07530e-02  1.02450e+00  9.92244e-01
3.24631e+01  1.00352e+00  2.17214e-03  9.96004e-03  1.02209e+00  9.92212e-01
3.25678e+01  1.00168e+00  1.33266e-03  9.07038e-03  1.01947e+00  9.92262e-01
3.26726e+01  9.99848e-01  4.89565e-04  8.09569e-03  1.01668e+00  9.92394e-01
3.27773e+01  9.98045e-01  -3.46664e-04  7.04835e-03  1.01375e+00  9.92605e-01
3.28820e+01  9.96291e-01  -1.16588e-03  5.94120e-03  1.01072e+00  9.92893e-01
3.29867e+01  9.94604e-01  -1.95842e-03  4.78737e-03  1.00762e+00  9.93254e-01
3.30914e+01  9.93001e-01  -2.71518e-03  3.60013e-03  1.00449e+00  9.93685e-01
3.31962e+01  9.91498e-01  -3.42779e-03  2.39275e-03  1.00136e+00  9.94179e-01
3.33009e+01  9.90110e-01  -4.08868e-03  1.17832e-03  9.98268e-01  9.94733e-01
3.34056e+01  9.88850e-01  -4.69113e-03  -3.03184e-05  9.95248e-01  9.95339e-01
3.35103e+01  9.87730e-01  -5.22934e-03  -1.22076e-03  9.92329e-01  9.95991e-01
3.36150e+01  9.86759e-01  -5.69850e-03  -2.38106e-03  9.89539e-01  9.96683e-01
3.37198e+01  9.85946e-01  -6.09474e-03  -3.49989e-03  9.86905e-01  9.97405e-01
3.38245e+01  9.85297e-01  -6.41519e-03  -4.56658e-03  9.84452e-01  9.98151e-01
3.39292e+01  9.84817e-01  -6.65794e-03  -5.57119e-03  9.82200e-01  9.98913e-01
3.40339e+01  9.84509e-01  -6.82203e-03  -6.50457e-03  9.80169e-01  9.99683e-01
3.41386e+01  9.84373e-01  -6.90740e-03  -7.35843e-03  9.78376e-01  1.00045e+00
3.42434e+01  9.84409e-01  -6.91485e-03  -8.12533e-03  9.76834e-01  1.00121e+00
3.43481e+01  9.84615e-01  -6.84600e-03  -8.79880e-03  9.75556e-01  1.00195e+00
3.44528e+01  9.84986e-01  -6.70323e-03  -9.37329e-03  9.74550e-01  1.00267e+00
3.45575e+01  9.85518e-01  -6.48959e-03  -9.84423e-03  9.73822e-01  1.00335e+00
3.46622e+01  9.86202e-01  -6.20878e-03  -1.02081e-02  9.73375e-01  1.00400e+00
3.47670e+01  9.87030e-01  -5.86506e-03  -1.04623e-02  9.73210e-01  1.00460e+00
3.48717e+01  9.87992e-01  -5.46319e-03  -1.06053e-02  9.73326e-01  1.00514e+00
3.49764e+01  9.89076e-01  -5.00837e-03  -1.06368e-02  9.73718e-01  1.00563e+00
3.50811e+01  9.90270e-01  -4.50617e-03  -1.05572e-02  9.74379e-01  1.00605e+00
3.51858e+01  9.91560e-01  -3.96249e-03  -1.03681e-02  9.75301e-01  1.00641e+00
3.52906e+01  9.92932e-01  -3.38349e-03  -1.00723e-02  9.76472e-01  1.00669e+00
3.53953e+01  9.94368e-01  -2.77554e-03  -9.67330e-03  9.77878e-01  1.00690e+00
3.55000e+01  9.95855e-01  -2.14516e-03  -9.17585e-03  9.79503e-01  1.00703e+00
3.56047e+01  9.97374e-01  -1.49899e-03  -8.58555e-03  9.81330e-01  1.00709e+00
3.57094e+01  9.98908e-01  -8.43716e-04  -7.90894e-03  9.83338e-01  1.00707e+00
3.58142e+01  1.00044e+00  -1.86063e-04  -7.15345e-03  9.85507e-01  1.00697e+00
3.59189e+01  1.00196e+00  4.67288e-04  -6.32733e-03  9.87813e-01  1.00679e+00
3.60236e+01  1.00344e+00  1.10973e-03  -5.43956e-03  9.90231e-01  1.00655e+00
3.61283e+01  1.00486e+00  1.73476e-03  -4.49983e-03  9.92735e-01  1.00623e+00
3.62330e+01  1.00622e+00  2.33606e-03  -3.51836e-03  9.95299e-01  1.00585e+00
3.63378e+01  1.00750e+00  2.90753e-03  -2.50589e-03  9.97896e-01  1.00541e+00
3.64425e+01  1.00868e+00  3.44333e-03  -1.47349e-03  1.00050e+00  1.00492e+00
3.65472e+01  1.00975e+00  3.93793e-03  -4.32493e-04  1.00307e+00  1.00437e+00
3.66519e+01  1.01071e+00  4.38621e-03  6.05641e-04  1.00560e+00  1.00378e+00
3.67566e+01  1.01153e+00  4.78344e-03  1.62948e-03  1.00804e+00  1.00315e+00
3.68614e+01  1.01221e+00  5.12543e-03  2.62774e-03  1.01038e+00  1.00250e+00
3.69661e+01  1.01274e+00  5.40849e-03  3.58944e-03  1.01259e+00  1.00182e+00
3.70708e+01  1.01313e+00  5.62958e-03  4.50402e-03  1.01464e+00  1.00113e+00
3.71755e+01  1.01336e+00  5.78629e-03  5.36150e-03  1.01651e+00  1.00042e+00
3.72802e+01  1.01344e+00  5.87692e-03  6.15259e-03  1.01818e+00  9.99724e-01
3.73850e+01  1.01336e+00  5.90052e-03  6.86884e-03  1.01964e+00  9.99032e-01
3.74897e+01  1.01313e+00  5.85690e-03  7.50271e-03  1.02086e+00  9.98354e-01
3.75944e+01  1.01276e+00  5.74670e-03  8.04771e-03  1.02184e+00  9.97699e-01
3.76991e+01  1.01224e+00  5.57133e-03  8.49845e-03  1.02257e+00  9.97073e-01
3.78038e+01  1.01159e+00  5.33303e-03  8.85074e-03  1.02303e+00  9.96482e-01
3.79086e+01  1.01082e+00  5.03482e-03  9.10157e-03  1.02324e+00  9.95933e-01
3.80133e+01  1.00993e+00  4.68050e-03  9.24922e-03  1.02318e+00  9.95431e-01
3.81180e+01  1.00894e+00  4.27454e-03  9.29320e-03  1.02286e+00  9.94981e-01
3.82227e+01  1.00786e+00  3.82211e-03  9.23427e-03  1.02229e+00  9.94588e-01
3.83274e+01  1.00671e+00  3.32894e-03  9.07437e-03  1.02148e+00  9.94255e-01
3.84322e+01  1.00549e+00  2.80126e-03  8.81664e-03  1.02043e+00  9.93985e-01
3.85369e+01  1.00423e+00  2.24574e-03  8.46528e-03  1.01918e+00  9.93780e-01
3.86416e+01  1.00293e+00  1.66933e-03  8.02550e-03  1.01772e+00  9.93644e-01
3.87463e+01  1.00162e+00  1.07922e-03  7.50345e-03  1.01609e+00  9.93576e-01
3.88510e+01  1.00031e+00  4.82677e-04  6.90608e-03  1.01429e+00  9.93577e-01
3.89557e+01  9.99006e-01  -1.13015e-04  6.24104e-03  1.01237e+00  9.93646e-01
3.90605e+01  9.97731e-01  -7.00687e-04  5.51661e-03  1.01033e+00  9.93783e-01
3.91652e+01  9.96496e-01  -1.27338e-03  4.74153e-03  1.00821e+00  9.93985e-01
3.92699e+01  9.95314e-01  -1.82443e-03  3.92491e-03  1.00603e+00  9.94251e-01
3.93746e+01  9.94199e-01  -2.34756e-03  3.07612e-03  1.00380e+00  9.94576e-01
3.94793e+01  9.93160e-01  -2.83697e-03  2.20469e-03  1.00157e+00  9.94958e-01
3.95841e+01  9.92209e-01  -3.28739e-03  1.32017e-03  9.99353e-01  9.95392e-01
3.96888e+01  9.91354e-01  -3.69413e-03  4.32069e-04  9.97170e-01  9.95874e-01
3.97935e+01  9.90605e-01  -4.05315e-03  -4.50270e-04  9.95046e-01  9.96397e-01
3.98982e+01  9.89966e-01  -4.36105e-03  -1.31773e-03  9.93003e-01  9.96957e-01
4.00029e+01  9.89445e-01  -4.61514e-03  -2.16152e-03  9.91062e-01  9.97546e-01
4.01077e+01  9.89045e-01  -4.81343e-03  -2.97322e-03  9.89240e-01  9.98160e-01
4.02124e+01  9.88770e-01  -4.95461e-03  -3.74490e-03  9.87556e-01  9.98790e-01
4.03171e+01  9.88621e-01  -5.03809e-03  -4.46913e-03  9.86024e-01  9.99431e-01
4.04218e+01  9.88598e-01  -5.06393e-03  -5.13906e-03  9.84658e-01  1.00008e+00
4.05265e+01  9.88701e-01  -5.03284e-03  -5.74843e-03  9.83470e-01  1.00072e+00
4.06313e+01  9.88926e-01  -4.94614e-03  -6.29170e-03  9.82470e-01  1.00135e+00
4.07360e+01  9.89271e-01  -4.80576e-03  -6.76397e-03  9.81666e-01  1.00196e+00
4.08407e+01  9.89731e-01  -4.61412e-03  -7.16112e-03  9.81064e-01  1.00255e+00
4.09454e+01  9.90300e-01  -4.37415e-03  -7.47976e-03  9.80666e-01  1.00311e+00
4.10501e+01  9.90971e-01  -4.08923e-03  -7.71730e-03  9.80476e-01  1.00363e+00
4.11549e+01  9.91736e-01  -3.76313e-03  -7.87194e-03  9.80493e-01  1.00411e+00
4.12596e+01  9.92586e-01  -3.39994e-03  -7.94270e-03  9.80715e-01  1.00454e+00
4.13643e+01  9.93511e-01  -3.00408e-03  -7.92942e-03  9.81137e-01  1.00493e+00
4.14690e+01  9.94500e-01  -2.58016e-03  -7.83275e-03  9.81754e-01  1.00525e+00
4.15737e+01  9.95542e-01  -2.13304e-03  -7.65418e-03  9.82559e-01  1.00552e+00
4.16785e+01  9.96626e-01  -1.66769e-03  -7.39599e-03  9.83540e-01  1.00573e+00
4.17832e+01  9.97738e-01  -1.18918e-03  -7.06125e-03  9.84688e-01  1.00587e+00
4.18879e+01  9.98868e-01  -7.02656e-04  -6.65383e-03  9.85990e-01  1.00595e+00
4.19926e+01  1.00000e+00  -2.13251e-04  -6.17830e-03  9.87430e-01  1.00597e+00
4.20973e+01  1.00113e+00  2.73919e-04  -5.63994e-03  9.88994e-01  1.00591e+00
4.22021e+01  1.00223e+00  7.53809e-04  -5.04471e-03  9.90664e-01  1.00580e+00
4.23068e+01  1.00330e+00  1.22149e-03  -4.39913e-03  9.92423e-01  1.00562e+00
4.24115e+01  1.00433e+00  1.67217e-03  -3.71029e-03  9.94252e-01  1.00538e+00
4.25162e+01  1.00529e+00  2.10127e-03  -2.98572e-03  9.96130e-01  1.00509e+00
4.26209e+01  1.00619e+00  2.50439e-03  -2.23338e-03  9.98038e-01  1.00474e+00
4.27257e+01  1.00702e+00  2.87745e-03  -1.46150e-03  9.99954e-01  1.00434e+00
4.28304e+01  1.00776e+00  3.21663e-03  -6.78570e-04  1.00186e+00  1.00390e+00
4.29351e+01  1.00840e+00  3.51844e-03  1.06829e-04  1.00373e+00  1.00341e+00
4.30398e+01  1.00895e+00  3.77980e-03  8.86071e-04  1.00555e+00  1.00289e+00
4.31445e+01  1.00938e+00  3.99801e-03  1.65060e-03  1.00730e+00  1.00235e+00
4.32493e+01  1.00971e+00  4.17081e-03  2.39205e-03  1.00895e+00  1.00178e+00
4.33540e+01  1.00993e+00  4.29641e-03  3.10232e-03  1.01050e+00  1.00119e+00
4.34587e+01  1.01003e+00  4.37354e-03  3.77368e-03  1.01192e+00  1.00060e+00
4.35634e+01  1.01002e+00  4.40143e-03  4.39888e-03  1.01320e+00  1.00000e+00
4.36681e+01  1.00989e+00  4.37985e-03  4.97124e-03  1.01432e+00  9.99409e-01
4.37729e+01  1.00965e+00  4.30915e-03  5.48471e-03  1.01528e+00  9.98824e-01
4.38776e+01  1.00931e+00  4.19021e-03  5.93397e-03  1.01606e+00  9.98256e-01
4.39823e+01  1.00886e+00  4.02450e-03  6.31446e-03  1.01665e+00  9.97710e-01
4.40870e+01  1.00832e+00  3.81403e-03  6.62249e-03  1.01706e+00  9.97192e-01
4.41917e+01  1.00769e+00  3.56134e-03  6.85521e-03  1.01727e+00  9.96706e-01
4.42965e+01  1.00697e+00  3.26948e-03  7.01071e-03  1.01729e+00  9.96259e-01
4.44012e+01  1.00619e+00  2.94201e-03  7.08796e-03  1.01712e+00  9.95854e-01
4.45059e+01  1.00534e+00  2.58288e-03  7.08686e-03  1.01676e+00  9.95496e-01
4.46106e+01  1.00445e+00  2.19645e-03  7.00824e-03  1.01621e+00  9.95188e-01
4.47153e+01  1.00351e+00  1.78742e-03  6.85377e-03  1.01549e+00  9.94934e-01
4.48201e+01  1.00254e+00  1.36075e-03  6.62599e-03  1.01461e+00  9.94735e-01
4.49248e+01  1.00155e+00  9.21576e-04  6.32823e-03  1.01358e+00  9.94593e-01
4.50295e+01  1.00056e+00  4.75202e-04  5.96456e-03  1.01240e+00  9.94511e-01
4.51342e+01  9.99568e-01  2.69688e-05  5.53972e-03  1.01111e+00  9.94487e-01
4.52389e+01  9.98592e-01  -4.17795e-04  5.05908e-03  1.00970e+00  9.94523e-01
4.53437e+01  9.97641e-01  -8.53849e-04  4.52851e-03  1.00820e+00  9.94618e-01
4.54484e+01  9.96726e-01  -1.27611e-03  3.95435e-03  1.00663e+00  9.94770e-01
4.55531e+01  9.95857e-01  -1.67973e-03  3.34331e-03  1.00501e+00  9.94977e-01
4.56578e+01  9.95042e-01  -2.06012e-03  2.70237e-03  1.00334e+00  9.95238e-01
4.57625e+01  9.94289e-01  -2.41308e-03  2.03874e-03  1.00166e+00  9.95548e-01
4.58673e+01  9.93607e-01  -2.73477e-03  1.35973e-03  9.99985e-01  9.95905e-01
4.59720e+01  9.93002e-01  -3.02181e-03  6.72712e-04  9.98324e-01  9.96305e-01
4.60767e+01  9.92480e-01  -3.27126e-03  -1.49794e-05  9.96699e-01  9.96744e-01
4.61814e+01  9.92046e-01  -3.48071e-03  -6.96111e-04  9.95127e-01  9.97215e-01
4.62861e+01  9.91703e-01  -3.64827e-03  -1.36362e-03  9.93624e-01  9.97715e-01
4.63909e+01  9.91455e-01  -3.77255e-03  -2.01069e-03  9.92206e-01  9.98238e-01
4.64956e+01  9.91303e-01  -3.85273e-03  -2.63078e-03  9.90886e-01  9.98778e-01
4.66003e+01  9.91248e-01  -3.88849e-03  -3.21772e-03  9.89676e-01  9.99329e-01
4.67050e+01  9.91290e-01  -3.88005e-03  -3.76575e-03  9.88588e-01  9.99886e-01
4.68097e+01  9.91428e-01  -3.82812e-03  -4.26953e-03  9.87633e-01  1.00044e+00
4.69145e+01  9.91659e-01  -3.73389e-03  -4.72424e-03  9.86818e-01  1.00099e+00
4.70192e+01  9.91980e-01  -3.59901e-03  -5.12559e-03  9.86150e-01  1.00153e+00
4.71239e+01  9.92388e-01  -3.42553e-03  -5.46983e-03  9.85635e-01  1.00204e+00
4.72286e+01  9.92876e-01  -3.21591e-03  -5.75384e-03  9.85276e-01  1.00254e+00
4.73333e+01  9.93440e-01  -2.97294e-03  -5.97509e-03  9.85077e-01  1.00300e+00
4.74380e+01  9.94072e-01  -2.69973e-03  -6.13170e-03  9.85037e-01  1.00343e+00
4.75428e+01  9.94766e-01  -2.39964e-03  -6.22244e-03  9.85155e-01  1.00382e+00
4.76475e+01  9.95512e-01  -2.07626e-03  -6.24674e-03  9.85430e-01  1.00417e+00
4.77522e+01  9.96304e-01  -1.73338e-03  -6.20471e-03  9.85857e-01  1.00447e+00
4.78569e+01  9.97131e-01  -1.37489e-03  -6.09711e-03  9.86431e-01  1.00472e+00
4.79616e+01  9.97984e-01  -1.00482e-03  -5.92538e-03  9.87144e-01  1.00492e+00
4.80664e+01  9.98854e-01  -6.27248e-04  -5.69160e-03  9.87990e-01  1.00506e+00
4.81711e+01  9.99732e-01  -2.46255e-04  -5.39849e-03  9.88957e-01  1.00515e+00
4.82758e+01  1.00061e+00  1.34080e-04  -5.04939e-03  9.90035e-01  1.00518e+00
4.83805e+01  1.00147e+00  5.09736e-04  -4.64819e-03  9.91213e-01  1.00516e+00
4.84852e+01  1.00231e+00  8.76780e-04  -4.19935e-03  9.92478e-01  1.00508e+00
4.85900e+01  1.00312e+00  1.23140e-03  -3.70783e-03  9.93816e-01  1.00494e+00
4.86947e+01  1.00388e+00  1.56995e-03  -3.17905e-03  9.95212e-01  1.00475e+00
4.87994e+01  1.00460e+00  1.88894e-03  -2.61881e-03  9.96651e-01  1.00451e+00
4.89041e+01  1.00526e+00  2.18513e-03  -2.03327e-03  9.98119e-01  1.00422e+00
4.90088e+01  1.00586e+00  2.45550e-03  -1.42885e-03  9.99598e-01  1.00388e+00
4.91136e+01  1.00639e+00  2.69731e-03  -8.12186e-04  1.00107e+00  1.00351e+00
4.92183e+01  1.00684e+00  2.90810e-03  -1.90046e-04  1.00253e+00  1.00310e+00
4.93230e+01  1.00722e+00  3.08575e-03  4.30749e-04  1.00395e+00  1.00266e+00
4.94277e+01  1.00750e+00  3.22847e-03  1.04340e-03  1.00532e+00  1.00219e+00
4.95324e+01  1.00770e+00  3.33483e-03  1.64120e-03  1.00662e+00  1.00169e+00
4.96372e+01  1.00782e+00  3.40377e-03  2.21764e-03  1.00784e+00  1.00119e+00
4.97419e+01  1.00784e+00  3.43466e-03  2.76646e-03  1.00897e+00  1.00067e+00
4.98466e+01  1.00777e+00  3.42724e-03  3.28172e-03  1.00999e+00  1.00015e+00
4.99513e+01  1.00762e+00  3.38168e-03  3.75790e-03  1.01090e+00  9.99624e-01
5.00560e+01  1.00738e+00  3.29857e-03  4.18994e-03  1.01168e+00  9.99109e-01
5.01608e+01  1.00706e+00  3.17892e-03  4.57332e-03  1.01233e+00  9.98606e-01
5.02655e+01  1.00667e+00  3.02414e-03  4.90410e-03  1.01283e+00  9.98120e-01
5.03702e+01  1.00620e+00  2.83607e-03  5.17895e-03  1.01319e+00  9.97657e-01
5.04749e+01  1.00567e+00  2.61690e-03  5.39522e-03  1.01341e+00  9.97222e-01
5.05796e+01  1.00507e+00  2.36922e-03  5.55096e-03  1.01347e+00  9.96818e-01
5.06844e+01  1.00443e+00  2.09595e-03  5.64490e-03  1.01339e+00  9.96451e-01
5.07891e+01  1.00374e+00  1.80030e-03  5.67651e-03  1.01315e+00  9.96124e-01
5.08938e+01  1.00301e+00  1.48575e-03  5.64597e-03  1.01278e+00  9.95840e-01
5.09985e+01  1.00226e+00  1.15602e-03  5.55413e-03  1.01226e+00  9.95602e-01
5.11032e+01  1.00148e+00  8.15007e-04  5.40257e-03  1.01162e+00  9.95412e-01
5.12080e+01  1.00070e+00  4.66723e-04  5.19349e-03  1.01085e+00  9.95273e-01
5.13127e+01  9.99918e-01  1.15270e-04  4.92972e-03  1.00997e+00  9.95186e-01
5.14174e+01  9.99142e-01  -2.35231e-04  4.61465e-03  1.00899e+00  9.95150e-01
5.15221e+01  9.98382e-01  -5.80684e-04  4.25220e-03  1.00792e+00  9.95167e-01
5.16268e+01  9.97646e-01  -9.17082e-04  3.84676e-03  1.00678e+00  9.95236e-01
5.17316e+01  9.96943e-01  -1.24055e-03  3.40313e-03  1.00557e+00  9.95356e-01
5.18363e+01  9.96280e-01  -1.54739e-03  2.92647e-03  1.00431e+00  9.95526e-01
5.19410e+01  9.95663e-01  -1.83416e-03  2.42221e-03  1.00301e+00  9.95744e-01
5.20457e+01  9.95099e-01  -2.09767e-03  1.89602e-03  1.00169e+00  9.96006e-01
5.21504e+01  9.94595e-01  -2.33504e-03  1.35371e-03  1.00037e+00  9.96311e-01
5.22552e+01  9.94154e-01  -2.54375e-03  8.01210e-04  9.99059e-01  9.96655e-01
5.23599e+01  9.93781e-01  -2.72166e-03  2.44469e-04  9.97767e-01  9.97034e-01
5.24646e+01  9.93480e-01  -2.86699e-03  -3.10589e-04  9.96512e-01  9.97444e-01
5.25693e+01  9.93253e-01  -2.97842e-03  -8.58126e-04  9.95305e-01  9.97880e-01
5.26740e+01  9.93103e-01  -3.05501e-03  -1.39245e-03  9.94160e-01  9.98337e-01
5.27788e+01  9.93029e-01  -3.09625e-03  -1.90806e-03  9.93088e-01  9.98812e-01
5.28835e+01  9.93034e-01  -3.10207e-03  -2.39970e-03  9.92099e-01  9.99298e-01
5.29882e+01  9.93115e-01  -3.07280e-03  -2.86242e-03  9.91202e-01  9.99790e-01
5.30929e+01  9.93272e-01  -3.00917e-03  -3.29160e-03  9.90408e-01  1.00028e+00
5.31976e+01  9.93502e-01  -2.91230e-03  -3.68299e-03  9.89722e-01  1.00077e+00
5.33024e+01  9.93803e-01  -2.78366e-03  -4.03277e-03  9.89151e-01  1.00125e+00
5.34071e+01  9.94170e-01  -2.62506e-03  -4.33755e-03  9.88700e-01  1.00171e+00
5.35118e+01  9.94600e-01  -2.43862e-03  -4.59443e-03  9.88373e-01  1.00216e+00
5.36165e+01  9.95087e-01  -2.22675e-03  -4.80101e-03  9.88171e-01  1.00257e+00
5.37212e+01  9.95625e-01  -1.99206e-03  -4.95540e-03  9.88097e-01  1.00296e+00
5.38260e+01  9.96208e-01  -1.73742e-03  -5.05626e-03  9.88150e-01  1.00332e+00
5.39307e+01  9.96830e-01  -1.46584e-03  -5.10279e-03  9.88329e-01  1.00364e+00
5.40354e+01  9.97484e-01  -1.18047e-03  -5.09475e-03  9.88630e-01  1.00391e+00
5.41401e+01  9.98162e-01  -8.84568e-04  -5.03246e-03  9.89051e-01  1.00415e+00
5.42448e+01  9.98856e-01  -5.81457e-04  -4.91681e-03  9.89585e-01  1.00434e+00
5.43496e+01  9.99559e-01  -2.74489e-04  -4.74921e-03  9.90227e-01  1.00447e+00
5.44543e+01  1.00026e+00  3.29889e-05  -4.53165e-03  9.90970e-01  1.00456e+00
5.45590e+01  1.00096e+00  3.37663e-04  -4.26659e-03  9.91804e-01  1.00460e+00
5.46637e+01  1.00164e+00  6.36287e-04  -3.95703e-03  9.92722e-01  1.00459e+00
5.47684e+01  1.00230e+00  9.25712e-04  -3.60642e-03  9.93713e-01  1.00453e+00
5.48732e+01  1.00293e+00  1.20291e-03  -3.21864e-03  9.94766e-01  1.00442e+00
5.49779e+01  1.00353e+00  1.46502e-03  -2.79797e-03  9.95869e-01  1.00426e+00
5.50826e+01  1.00408e+00  1.70933e-03  -2.34905e-03  9.97011e-01  1.00406e+00
5.51873e+01  1.00458e+00  1.93335e-03  -1.87680e-03  9.98180e-01  1.00381e+00
5.52920e+01  1.00502e+00  2.13480e-03  -1.38643e-03  9.99362e-01  1.00352e+00
5.53968e+01  1.00541e+00  2.31166e-03  -8.83314e-04  1.00055e+00  1.00319e+00
5.55015e+01  1.00574e+00  2.46214e-03  -3.72970e-04  1.00172e+00  1.00284e+00
5.56062e+01  1.00599e+00  2.58475e-03  1.39006e-04  1.00286e+00  1.00245e+00
5.57109e+01  1.00618e+00  2.67828e-03  6.47008e-04  1.00397e+00  1.00203e+00
5.58156e+01  1.00630e+00  2.74184e-03  1.14548e-03  1.00503e+00  1.00160e+00
5.59203e+01  1.00634e+00  2.77482e-03  1.62900e-03  1.00603e+00  1.00115e+00
5.60251e+01  1.00632e+00  2.77698e-03  2.09230e-03  1.00696e+00  1.00068e+00
5.61298e+01  1.00622e+00  2.74836e-03  2.53038e-03  1.00781e+00  1.00022e+00
5.62345e+01  1.00605e+00  2.68937e-03  2.93852e-03  1.00857e+00  9.99751e-01
5.63392e+01  1.00582e+00  2.60072e-03  3.31236e-03  1.00923e+00  9.99288e-01
5.64439e+01  1.00552e+00  2.48346e-03  3.64797e-03  1.00978e+00  9.98835e-01
5.65487e+01  1.00517e+00  2.33896e-03  3.94184e-03  1.01022e+00  9.98397e-01
5.66534e+01  1.00475e+00  2.16888e-03  4.19097e-03  1.01055e+00  9.97978e-01
5.67581e+01  1.00429e+00  1.97520e-03  4.39288e-03  1.01076e+00  9.97582e-01
5.68628e+01  1.00378e+00  1.76013e-03  4.54563e-03  1.01085e+00  9.97215e-01
5.69675e+01  1.00323e+00  1.52617e-03  4.64787e-03  1.01082e+00  9.96878e-01
5.70723e+01  1.00265e+00  1.27602e-03  4.69881e-03  1.01067e+00  9.96577e-01
5.71770e+01  1.00205e+00  1.01256e-03  4.69826e-03  1.01041e+00  9.96314e-01
5.72817e+01  1.00142e+00  7.38849e-04  4.64659e-03  1.01003e+00  9.96092e-01
5.73864e+01  1.00079e+00  4.58059e-04  4.54474e-03  1.00955e+00  9.95913e-01
5.74911e+01  1.00015e+00  1.73441e-04  4.39423e-03  1.00896e+00  9.95779e-01
5.75959e+01  9.99512e-01  -1.11709e-04  4.19706e-03  1.00828e+00  9.95691e-01
5.77006e+01  9.98886e-01  -3.94094e-04  3.95575e-03  1.00752e+00  9.95650e-01
5.78053e+01  9.98276e-01  -6.70460e-04  3.67327e-03  1.00668e+00  9.95656e-01
5.79100e+01  9.97691e-01  -9.37632e-04  3.35302e-03  1.00577e+00  9.95709e-01
5.80147e+01  9.97135e-01  -1.19256e-03  2.99877e-03  1.00480e+00  9.95809e-01
5.81195e+01  9.96615e-01  -1.43235e-03  2.61461e-03  1.00380e+00  9.95953e-01
5.82242e+01  9.96136e-01  -1.65431e-03  2.20491e-03  1.00276e+00  9.96141e-01
5.83289e+01  9.95704e-01  -1.85598e-03  1.77426e-03  1.00169e+00  9.96370e-01
5.84336e+01  9.95322e-01  -2.03515e-03  1.32746e-03  1.00062e+00  9.96637e-01
5.85383e+01  9.94995e-01  -2.18991e-03  8.69376e-04  9.99549e-01  9.96941e-01
5.86431e+01  9.94725e-01  -2.31864e-03  4.04987e-04  9.98491e-01  9.97276e-01
5.87478e+01  9.94515e-01  -2.42006e-03  -6.07299e-05  9.97458e-01  9.97641e-01
5.88525e+01  9.94368e-01  -2.49322e-03  -5.22828e-04  9.96461e-01  9.98030e-01
5.89572e+01  9.94284e-01  -2.53751e-03  -9.76445e-04  9.95510e-01  9.98439e-01
5.90619e+01  9.94264e-01  -2.55268e-03  -1.41685e-03  9.94614e-01  9.98864e-01
5.91667e+01  9.94307e-01  -2.53881e-03  -1.83948e-03  9.93782e-01  9.99301e-01
5.92714e+01  9.94413e-01  -2.49633e-03  -2.24000e-03  9.93024e-01  9.99744e-01
5.93761e+01  9.94581e-01  -2.42598e-03  -2.61433e-03  9.92345e-01  1.00019e+00
5.94808e+01  9.94807e-01  -2.32884e-03  -2.95870e-03  9.91754e-01  1.00063e+00
5.95855e+01  9.95090e-01  -2.20626e-03  -3.26965e-03  9.91254e-01  1.00106e+00
5.96903e+01  9.95426e-01  -2.05988e-03  -3.54409e-03  9.90852e-01  1.00148e+00
5.97950e+01  9.95810e-01  -1.89158e-03  -3.77933e-03  9.90550e-01  1.00189e+00
5.98997e+01  9.96239e-01  -1.70345e-03  -3.97309e-03  9.90350e-01  1.00227e+00
6.00044e+01  9.96708e-01  -1.49780e-03  -4.12352e-03  9.90255e-01  1.00263e+00
6.01091e+01  9.97211e-01  -1.27710e-03  -4.22922e-03  9.90264e-01  1.00295e+00
6.02139e+01  9.97742e-01  -1.04392e-03  -4.28927e-03  9.90378e-01  1.00325e+00
6.03186e+01  9.98295e-01  -8.00972e-04  -4.30322e-03  9.90593e-01  1.00350e+00
6.04233e+01  9.98865e-01  -5.51021e-04  -4.27108e-03  9.90907e-01  1.00372e+00
6.05280e+01  9.99444e-01  -2.96875e-04  -4.19338e-03  9.91316e-01  1.00390e+00
6.06327e+01  1.00003e+00  -4.13521e-05  -4.07107e-03  9.91817e-01  1.00403e+00
6.07375e+01  1.00061e+00  2.12749e-04  -3.90562e-03  9.92402e-01  1.00412e+00
6.08422e+01  1.00118e+00  4.62678e-04  -3.69892e-03  9.93065e-01  1.00416e+00
6.09469e+01  1.00173e+00  7.05756e-04  -3.45330e-03  9.93799e-01  1.00416e+00
6.10516e+01  1.00226e+00  9.39408e-04  -3.17151e-03  9.94596e-01  1.00411e+00
6.11563e+01  1.00276e+00  1.16118e-03  -2.85668e-03  9.95448e-01  1.00402e+00
6.12611e+01  1.00323e+00  1.36876e-03  -2.51228e-03  9.96344e-01  1.00388e+00
6.13658e+01  1.00367e+00  1.56002e-03  -2.14212e-03  9.97276e-01  1.00370e+00
6.14705e+01  1.00405e+00  1.73299e-03  -1.75027e-03  9.98232e-01  1.00348e+00
6.15752e+01  1.00439e+00  1.88593e-03  -1.34104e-03  9.99204e-01  1.00323e+00
6.16799e+01  1.00468e+00  2.01729e-03  -9.18924e-04  1.00018e+00  1.00294e+00
6.17847e+01  1.00492e+00  2.12578e-03  -4.88551e-04  1.00115e+00  1.00261e+00
6.18894e+01  1.00509e+00  2.21033e-03  -5.46408e-05  1.00210e+00  1.00226e+00
6.19941e+01  1.00521e+00  2.27014e-03  3.78057e-04  1.00303e+00  1.00189e+00
6.20988e+01  1.00527e+00  2.30465e-03  8.04812e-04  1.00391e+00  1.00150e+00
6.22035e+01  1.00527e+00  2.31359e-03  1.22097e-03  1.00476e+00  1.00109e+00
6.23083e+01  1.00521e+00  2.29693e-03  1.62200e-03  1.00554e+00  1.00067e+00
6.24130e+01  1.00510e+00  2.25494e-03  2.00357e-03  1.00626e+00  1.00025e+00
6.25177e+01  1.00492e+00  2.18815e-03  2.36156e-03  1.00691e+00  9.99827e-01
6.26224e+01  1.00470e+00  2.09736e-03  2.69212e-03  1.00748e+00  9.99405e-01
6.27271e+01  1.00442e+00  1.98361e-03  2.99176e-03  1.00797e+00  9.98992e-01
6.28319e+01  1.00409e+00  1.84821e-03  3.25730e-03  1.00836e+00  9.98591e-01
6.29366e+01  1.00372e+00  1.69271e-03  3.48602e-03  1.00866e+00  9.98207e-01
6.30413e+01  1.00330e+00  1.51887e-03  3.67556e-03  1.00887e+00  9.97843e-01
6.31460e+01  1.00286e+00  1.32869e-03  3.82407e-03  1.00898e+00  9.97505e-01
6.32507e+01  1.00238e+00  1.12431e-03  3.93014e-03  1.00898e+00  9.97194e-01
6.33555e+01  1.00189e+00  9.08071e-04  3.99285e-03  1.00889e+00  9.96915e-01
6.34602e+01  1.00137e+00  6.82435e-04  4.01176e-03  1.00871e+00  9.96671e-01
6.35649e+01  1.00084e+00  4.49979e-04  3.98695e-03  1.00842e+00  9.96463e-01
6.36696e+01  1.00031e+00  2.13361e-04  3.91895e-03  1.00805e+00  9.96294e-01
6.37743e+01  9.99771e-01  -2.47130e-05  3.80879e-03  1.00759e+00  9.96166e-01
6.38791e+01  9.99243e-01  -2.61518e-04  3.65795e-03  1.00705e+00  9.96081e-01
6.39838e+01  9.98726e-01  -4.94346e-04  3.46833e-03  1.00644e+00  9.96037e-01
6.40885e+01  9.98226e-01  -7.20539e-04  3.24225e-03  1.00576e+00  9.96037e-01
6.41932e+01  9.97750e-01  -9.37519e-04  2.98242e-03  1.00503e+00  9.96080e-01
6.42979e+01  9.97301e-01  -1.14282e-03  2.69187e-03  1.00424e+00  9.96165e-01
6.44026e+01  9.96885e-01  -1.33413e-03  2.37394e-03  1.00341e+00  9.96292e-01
6.45074e+01  9.96507e-01  -1.50931e-03  2.03225e-03  1.00256e+00  9.96458e-01
6.46121e+01  9.96169e-01  -1.66640e-03  1.67063e-03  1.00167e+00  9.96663e-01
6.47168e+01  9.95876e-01  -1.80369e-03  1.29309e-03  1.00078e+00  9.96903e-01
6.48215e+01  9.95630e-01  -1.91969e-03  9.03778e-04  9.99888e-01  9.97177e-01
6.49262e+01  9.95435e-01  -2.01320e-03  5.06922e-04  9.99001e-01  9.97480e-01
6.50310e+01  9.95291e-01  -2.08327e-03  1.06807e-04  9.98130e-01  9.97810e-01
6.51357e+01  9.95200e-01  -2.12925e-03  -2.92289e-04  9.97286e-01  9.98163e-01
6.52404e+01  9.95163e-01  -2.15077e-03  -6.86128e-04  9.96477e-01  9.98535e-01
6.53451e+01  9.95179e-01  -2.14774e-03  -1.07056e-03  9.95711e-01  9.98923e-01
6.54498e+01  9.95249e-01  -2.12039e-03  -1.44157e-03  9.94996e-01  9.99321e-01
6.55546e+01  9.95372e-01  -2.06921e-03  -1.79528e-03  9.94340e-01  9.99726e-01
6.56593e+01  9.95545e-01  -1.99496e-03  -2.12806e-03  9.93749e-01  1.00013e+00
6.57640e+01  9.95767e-01  -1.89869e-03  -2.43649e-03  9.93228e-01  1.00054e+00
6.58687e+01  9.96034e-01  -1.78165e-03  -2.71741e-03  9.92784e-01  1.00094e+00
6.59734e+01  9.96345e-01  -1.64535e-03  -2.96800e-03  9.92419e-01  1.00132e+00
6.60782e+01  9.96694e-01  -1.49149e-03  -3.18572e-03  9.92137e-01  1.00169e+00
6.61829e+01  9.97079e-01  -1.32195e-03  -3.36842e-03  9.91941e-01  1.00205e+00
6.62876e+01  9.97495e-01  -1.13878e-03  -3.51430e-03  9.91833e-01  1.00238e+00
6.63923e+01  9.97936e-01  -9.44143e-04  -3.62196e-03  9.91812e-01  1.00268e+00
6.64970e+01  9.98398e-01  -7.40309e-04  -3.69038e-03  9.91879e-01  1.00295e+00
6.66018e+01  9.98876e-01  -5.29627e-04  -3.71899e-03  9.92032e-01  1.00319e+00
6.67065e+01  9.99365e-01  -3.14494e-04  -3.70759e-03  9.92270e-01  1.00339e+00
6.68112e+01  9.99858e-01  -9.73279e-05  -3.65645e-03  9.92590e-01  1.00356e+00
6.69159e+01  1.00035e+00  1.19460e-04  -3.56622e-03  9.92987e-01  1.00369e+00
6.70206e+01  1.00084e+00  3.33489e-04  -3.43797e-03  9.93458e-01  1.00377e+00
6.71254e+01  1.00131e+00  5.42432e-04  -3.27319e-03  9.93996e-01  1.00382e+00
6.72301e+01  1.00177e+00  7.44044e-04  -3.07373e-03  9.94597e-01  1.00382e+00
6.73348e+01  1.00221e+00  9.36179e-04  -2.84183e-03  9.95253e-01  1.00378e+00
6.74395e+01  1.00262e+00  1.11681e-03  -2.58007e-03  9.95957e-01  1.00370e+00
6.75442e+01  1.00300e+00  1.28406e-03  -2.29134e-03  9.96701e-01  1.00358e+00
6.76490e+01  1.00334e+00  1.43620e-03  -1.97883e-03  9.97479e-01  1.00342e+00
6.77537e+01  1.00364e+00  1.57166e-03  -1.64598e-03  9.98280e-01  1.00322e+00
6.78584e+01  1.00390e+00  1.68909e-03  -1.29646e-03  9.99096e-01  1.00299e+00
6.79631e+01  1.00412e+00  1.78732e-03  -9.34097e-04  9.99919e-01  1.00272e+00
6.80678e+01  1.00429e+00  1.86537e-03  -5.62875e-04  1.00074e+00  1.00243e+00
6.81726e+01  1.00441e+00  1.92251e-03  -1.86862e-04  1.00155e+00  1.00211e+00
6.82773e+01  1.00448e+00  1.95820e-03  1.89825e-04  1.00234e+00  1.00177e+00
6.83820e+01  1.00450e+00  1.97214e-03  5.63065e-04  1.00310e+00  1.00141e+00
6.84867e+01  1.00447e+00  1.96428e-03  9.28787e-04  1.00382e+00  1.00104e+00
6.85914e+01  1.00439e+00  1.93476e-03  1.28301e-03  1.00450e+00  1.00065e+00
6.86962e+01  1.00426e+00  1.88398e-03  1.62189e-03  1.00513e+00  1.00026e+00
6.88009e+01  1.00408e+00  1.81255e-03  1.94176e-03  1.00570e+00  9.99871e-01
6.89056e+01  1.00386e+00  1.72131e-03  2.23918e-03  1.00620e+00  9.99482e-01
6.90103e+01  1.00359e+00  1.61130e-03  2.51098e-03  1.00663e+00  9.99100e-01
6.91150e+01  1.00329e+00  1.48378e-03  2.75427e-03  1.00699e+00  9.98730e-01
6.92198e+01  1.00295e+00  1.34019e-03  2.96650e-03  1.00727e+00  9.98374e-01
6.93245e+01  1.00258e+00  1.18213e-03  3.14549e-03  1.00747e+00  9.98037e-01
6.94292e+01  1.00218e+00  1.01141e-03  3.28942e-03  1.00759e+00  9.97722e-01
6.95339e+01  1.00176e+00  8.29936e-04  3.39688e-03  1.00762e+00  9.97433e-01
6.96386e+01  1.00132e+00  6.39758e-04  3.46687e-03  1.00757e+00  9.97173e-01
6.97434e+01  1.00088e+00  4.43022e-04  3.49882e-03  1.00744e+00  9.96944e-01
6.98481e+01  1.00042e+00  2.41953e-04  3.49257e-03  1.00723e+00  9.96749e-01
6.99528e+01  9.99961e-01  3.88268e-05  3.44841e-03  1.00694e+00  9.96590e-01
7.00575e+01  9.99505e-01  -1.64055e-04  3.36701e-03  1.00657e+00  9.96469e-01
7.01622e+01  9.99057e-01  -3.64391e-04  3.24948e-03  1.00613e+00  9.96386e-01
7.02670e+01  9.98623e-01  -5.59909e-04  3.09729e-03  1.00563e+00  9.96343e-01
7.03717e+01  9.98206e-01  -7.48391e-04  2.91230e-03  1.00508e+00  9.96339e-01
7.04764e+01  9.97811e-01  -9.27704e-04  2.69670e-03  1.00447e+00  9.96376e-01
7.05811e+01  9.97443e-01  -1.09582e-03  2.45300e-03  1.00381e+00  9.96451e-01
7.06858e+01  9.97105e-01  -1.25085e-03  2.18400e-03  1.00312e+00  9.96565e-01
7.07906e+01  9.96802e-01  -1.39105e-03  1.89274e-03  1.00239e+00  9.96716e-01
7.08953e+01  9.96535e-01  -1.51488e-03  1.58249e-03  1.00165e+00  9.96903e-01
7.10000e+01  9.96308e-01  -1.62096e-03  1.25668e-03  1.00089e+00  9.97122e-01
7.11047e+01  9.96124e-01  -1.70815e-03  9.18905e-04  1.00013e+00  9.97373e-01
7.12094e+01  9.95983e-01  -1.77554e-03  5.72846e-04  9.99370e-01  9.97652e-01
7.13142e+01  9.95888e-01  -1.82244e-03  2.22249e-04  9.98622e-01  9.97955e-01
7.14189e+01  9.95839e-01  -1.84842e-03  -1.29117e-04  9.97893e-01  9.98281e-01
7.15236e+01  9.95836e-01  -1.85328e-03  -4.77497e-04  9.97192e-01  9.98624e-01
7.16283e+01  9.95879e-01  -1.83710e-03  -8.19193e-04  9.96525e-01  9.98982e-01
7.17330e+01  9.95968e-01  -1.80017e-03  -1.15060e-03  9.95899e-01  9.99350e-01
7.18378e+01  9.96102e-01  -1.74306e-03  -1.46824e-03  9.95320e-01  9.99725e-01
7.19425e+01  9.96278e-01  -1.66653e-03  -1.76879e-03  9.94796e-01  1.00010e+00
7.20472e+01  9.96495e-01  -1.57160e-03  -2.04914e-03  9.94330e-01  1.00048e+00
7.21519e+01  9.96750e-01  -1.45947e-03  -2.30639e-03  9.93928e-01  1.00085e+00
7.22566e+01  9.97040e-01  -1.33153e-03  -2.53789e-03  9.93593e-01  1.00121e+00
7.23614e+01  9.97361e-01  -1.18934e-03  -2.74129e-03  9.93328e-01  1.00155e+00
7.24661e+01  9.97711e-01  -1.03463e-03  -2.91452e-03  9.93136e-01  1.00188e+00
7.25708e+01  9.98085e-01  -8.69235e-04  -3.05584e-03  9.93019e-01  1.00219e+00
7.26755e+01  9.98478e-01  -6.95090e-04  -3.16385e-03  9.92977e-01  1.00247e+00
7.27802e+01  9.98888e-01  -5.14219e-04  -3.23751e-03  9.93011e-01  1.00272e+00
7.28849e+01  9.99307e-01  -3.28699e-04  -3.27613e-03  9.93119e-01  1.00295e+00
7.29897e+01  9.99733e-01  -1.40637e-04  -3.27940e-03  9.93301e-01  1.00314e+00
7.30944e+01  1.00016e+00  4.78539e-05  -3.24737e-03  9.93553e-01  1.00330e+00
7.31991e+01  1.00058e+00  2.34678e-04  -3.18049e-03  9.93874e-01  1.00342e+00
7.33038e+01  1.00100e+00  4.17779e-04  -3.07954e-03  9.94259e-01  1.00350e+00
7.34085e+01  1.00140e+00  5.95162e-04  -2.94571e-03  9.94704e-01  1.00354e+00
7.35133e+01  1.00179e+00  7.64915e-04  -2.78050e-03  9.95204e-01  1.00355e+00
7.36180e+01  1.00215e+00  9.25225e-04  -2.58577e-03  9.95754e-01  1.00351e+00
7.37227e+01  1.00249e+00  1.07440e-03  -2.36367e-03  9.96347e-01  1.00344e+00
7.38274e+01  1.00280e+00  1.21088e-03  -2.11667e-03  9.96978e-01  1.00333e+00
7.39321e+01  1.00308e+00  1.33325e-03  -1.84749e-03  9.97638e-01  1.00318e+00
7.40369e+01  1.00332e+00  1.44028e-03  -1.55911e-03  9.98322e-01  1.00300e+00
7.41416e+01  1.00352e+00  1.53087e-03  -1.25469e-03  9.99021e-01  1.00279e+00
7.42463e+01  1.00368e+00  1.60413e-03  -9.37570e-04  9.99729e-01  1.00254e+00
7.43510e+01  1.00380e+00  1.65936e-03  -6.11244e-04  1.00044e+00  1.00227e+00
7.44557e+01  1.00388e+00  1.69604e-03  -2.79285e-04  1.00114e+00  1.00198e+00
7.45605e+01  1.00391e+00  1.71385e-03  5.46713e-05  1.00182e+00  1.00166e+00
7.46652e+01  1.00390e+00  1.71269e-03  3.86971e-04  1.00249e+00  1.00133e+00
7.47699e+01  1.00384e+00  1.69263e-03  7.13986e-04  1.00312e+00  1.00098e+00
7.48746e+01  1.00375e+00  1.65397e-03  1.03215e-03  1.00372e+00  1.00062e+00
7.49793e+01  1.00361e+00  1.59717e-03  1.33801e-03  1.00427e+00  1.00026e+00
7.50841e+01  1.00343e+00  1.52292e-03  1.62825e-03  1.00478e+00  9.99895e-01
7.51888e+01  1.00321e+00  1.43206e-03  1.89974e-03  1.00523e+00  9.99532e-01
7.52935e+01  1.00296e+00  1.32564e-03  2.14957e-03  1.00562e+00  9.99176e-01
7.53982e+01  1.00267e+00  1.20485e-03  2.37507e-03  1.00595e+00  9.98830e-01
7.55029e+01  1.00236e+00  1.07106e-03  2.57386e-03  1.00622e+00  9.98497e-01
7.56077e+01  1.00202e+00  9.25749e-04  2.74386e-03  1.00641e+00  9.98182e-01
7.57124e+01  1.00166e+00  7.70555e-04  2.88332e-03  1.00654e+00  9.97887e-01
7.58171e+01  1.00129e+00  6.07210e-04  2.99085e-03  1.00659e+00  9.97616e-01
7.59218e+01  1.00090e+00  4.37542e-04  3.06539e-03  1.00657e+00  9.97372e-01
7.60265e+01  1.00050e+00  2.63453e-04  3.10629e-03  1.00648e+00  9.97157e-01
7.61313e+01  1.00010e+00  8.68948e-05  3.11324e-03  1.00631e+00  9.96974e-01
7.62360e+01  9.99704e-01  -9.01487e-05  3.08633e-03  1.00608e+00  9.96824e-01
7.63407e+01  9.99309e-01  -2.65686e-04  3.02600e-03  1.00579e+00  9.96708e-01
7.64454e+01  9.98925e-01  -4.37738e-04  2.93307e-03  1.00543e+00  9.96629e-01
7.65501e+01  9.98554e-01  -6.04367e-04  2.80871e-03  1.00501e+00  9.96587e-01
7.66549e+01  9.98201e-01  -7.63692e-04  2.65443e-03  1.00455e+00  9.96582e-01
7.67596e+01  9.97870e-01  -9.13918e-04  2.47205e-03  1.00403e+00  9.96614e-01
7.68643e+01  9.97564e-01  -1.05335e-03  2.26367e-03  1.00347e+00  9.96683e-01
7.69690e+01  9.97286e-01  -1.18043e-03  2.03169e-03  1.00288e+00  9.96788e-01
7.70737e+01  9.97040e-01  -1.29372e-03  1.77872e-03  1.00226e+00  9.96928e-01
7.71785e+01  9.96828e-01  -1.39198e-03  1.50760e-03  1.00162e+00  9.97100e-01
7.72832e+01  9.96653e-01  -1.47411e-03  1.22132e-03  1.00097e+00  9.97305e-01
7.73879e+01  9.96515e-01  -1.53923e-03  9.23053e-04  1.00031e+00  9.97538e-01
7.74926e+01  9.96416e-01  -1.58665e-03  6.16046e-04  9.99645e-01  9.97797e-01
7.75973e+01  9.96358e-01  -1.61588e-03  3.03635e-04  9.98991e-01  9.98080e-01
7.77021e+01  9.96341e-01  -1.62666e-03  -1.08087e-05  9.98352e-01  9.98384e-01
7.78068e+01  9.96364e-01  -1.61895e-03  -3.23909e-04  9.97733e-01  9.98705e-01
7.79115e+01  9.96428e-01  -1.59292e-03  -6.32324e-04  9.97142e-01  9.99039e-01
7.80162e+01  9.96531e-01  -1.54894e-03  -9.32778e-04  9.96586e-01  9.99384e-01
7.81209e+01  9.96672e-01  -1.48762e-03  -1.22209e-03  9.96068e-01  9.99734e-01
7.82257e+01  9.96850e-01  -1.40973e-03  -1.49722e-03  9.95596e-01  1.00009e+00
7.83304e+01  9.97062e-01  -1.31628e-03  -1.75528e-03  9.95173e-01  1.00044e+00
7.84351e+01  9.97306e-01  -1.20840e-03  -1.99359e-03  9.94804e-01  1.00079e+00
7.85398e+01  9.97579e-01  -1.08741e-03  -2.20965e-03  9.94493e-01  1.00112e+00
7.86445e+01  9.97878e-01  -9.54769e-04  -2.40125e-03  9.94243e-01  1.00145e+00
7.87493e+01  9.98200e-01  -8.12055e-04  -2.56640e-03  9.94055e-01  1.00175e+00
7.88540e+01  9.98541e-01  -6.60949e-04  -2.70343e-03  9.93932e-01  1.00204e+00
7.89587e+01  9.98896e-01  -5.03212e-04  -2.81095e-03  9.93875e-01  1.00231e+00
7.90634e+01  9.99263e-01  -3.40667e-04  -2.88789e-03  9.93884e-01  1.00255e+00
7.91681e+01  9.99637e-01  -1.75175e-04  -2.93351e-03  9.93958e-01  1.00276e+00
7.92729e+01  1.00001e+00  -8.61367e-06  -2.94738e-03  9.94097e-01  1.00294e+00
7.93776e+01  1.00039e+00  1.57147e-04  -2.92944e-03  9.94298e-01  1.00309e+00
7.94823e+01  1.00076e+00  3.20262e-04  -2.87995e-03  9.94560e-01  1.00320e+00
7.95870e+01  1.00112e+00  4.78932e-04  -2.79950e-03  9.94880e-01  1.00328e+00
7.96917e+01  1.00146e+00  6.31426e-04  -2.68904e-03  9.95253e-01  1.00332e+00
7.97965e+01  1.00179e+00  7.76096e-04  -2.54980e-03  9.95677e-01  1.00333e+00
7.99012e+01  1.00210e+00  9.11393e-04  -2.38335e-03  9.96145e-01  1.00329e+00
8.00059e+01  1.00238e+00  1.03589e-03  -2.19153e-03  9.96653e-01  1.00323e+00
8.01106e+01  1.00264e+00  1.14827e-03  -1.97648e-03  9.97195e-01  1.00312e+00
8.02153e+01  1.00286e+00  1.24739e-03  -1.74056e-03  9.97766e-01  1.00299e+00
8.03201e+01  1.00305e+00  1.33223e-03  -1.48638e-03  9.98359e-01  1.00282e+00
8.04248e+01  1.00321e+00  1.40194e-03  -1.21673e-03  9.98968e-01  1.00262e+00
8.05295e+01  1.00333e+00  1.45585e-03  -9.34572e-04  9.99587e-01  1.00239e+00
8.06342e+01  1.00341e+00  1.49344e-03  -6.43006e-04  1.00021e+00  1.00214e+00
8.07389e+01  1.00345e+00  1.51437e-03  -3.45229e-04  1.00082e+00  1.00186e+00
8.08437e+01  1.00346e+00  1.51850e-03  -4.45041e-05  1.00143e+00  1.00156e+00
8.09484e+01  1.00342e+00  1.50585e-03  2.55879e-04  1.00202e+00  1.00125e+00
8.10531e+01  1.00335e+00  1.47662e-03  5.52637e-04  1.00258e+00  1.00092e+00
8.11578e+01  1.00324e+00  1.43119e-03  8.42533e-04  1.00312e+00  1.00059e+00
8.12625e+01  1.00310e+00  1.37010e-03  1.12241e-03  1.00361e+00  1.00025e+00
8.13672e+01  1.00291e+00  1.29406e-03  1.38924e-03  1.00407e+00  9.99905e-01
8.14720e+01  1.00270e+00  1.20395e-03  1.64012e-03  1.00448e+00  9.99564e-01
8.15767e+01  1.00246e+00  1.10078e-03  1.87237e-03  1.00485e+00  9.99228e-01
8.16814e+01  1.00219e+00  9.85708e-04  2.08348e-03  1.00515e+00  9.98902e-01
8.17861e+01  1.00190e+00  8.60025e-04  2.27122e-03  1.00540e+00  9.98589e-01
8.18908e+01  1.00159e+00  7.25127e-04  2.43360e-03  1.00559e+00  9.98292e-01
8.19956e+01  1.00126e+00  5.82516e-04  2.56894e-03  1.00572e+00  9.98014e-01
8.21003e+01  1.00092e+00  4.33776e-04  2.67584e-03  1.00579e+00  9.97758e-01
8.22050e+01  1.00057e+00  2.80564e-04  2.75325e-03  1.00579e+00  9.97527e-01
8.23097e+01  1.00021e+00  1.24585e-04  2.80043e-03  1.00573e+00  9.97324e-01
8.24144e+01  9.99859e-01  -3.24212e-05  2.81698e-03  1.00560e+00  9.97151e-01
8.25192e+01  9.99506e-01  -1.88700e-04  2.80284e-03  1.00542e+00  9.97008e-01
8.26239e+01  9.99161e-01  -3.42504e-04  2.75829e-03  1.00517e+00  9.96899e-01
8.27286e+01  9.98826e-01  -4.92108e-04  2.68394e-03  1.00488e+00  9.96824e-01
8.28333e+01  9.98506e-01  -6.35834e-04  2.58071e-03  1.00453e+00  9.96783e-01
8.29380e+01  9.98203e-01  -7.72066e-04  2.44986e-03  1.00413e+00  9.96778e-01
8.30428e+01  9.97922e-01  -8.99275e-04  2.29292e-03  1.00369e+00  9.96808e-01
8.31475e+01  9.97665e-01  -1.01603e-03  2.11171e-03  1.00321e+00  9.96872e-01
8.32522e+01  9.97436e-01  -1.12102e-03  1.90828e-03  1.00270e+00  9.96971e-01
8.33569e+01  9.97235e-01  -1.21307e-03  1.68493e-03  1.00216e+00  9.97102e-01
8.34616e+01  9.97067e-01  -1.29116e-03  1.44416e-03  1.00160e+00  9.97265e-01
8.35664e+01  9.96931e-01  -1.35442e-03  1.18863e-03  1.00102e+00  9.97457e-01
8.36711e+01  9.96830e-01  -1.40216e-03  9.21165e-04  1.00044e+00  9.97677e-01
8.37758e+01  9.96765e-01  -1.43388e-03  6.44685e-04  9.99855e-01  9.97921e-01
8.38805e+01  9.96736e-01  -1.44925e-03  3.62200e-04  9.99275e-01  9.98189e-01
8.39852e+01  9.96744e-01  -1.44815e-03  7.67669e-05  9.98705e-01  9.98475e-01
8.40900e+01  9.96787e-01  -1.43063e-03  -2.08539e-04  9.98152e-01  9.98778e-01
8.41947e+01  9.96867e-01  -1.39697e-03  -4.90658e-04  9.97622e-01  9.99094e-01
8.42994e+01  9.96981e-01  -1.34759e-03  -7.66578e-04  9.97119e-01  9.99419e-01
8.44041e+01  9.97128e-01  -1.28314e-03  -1.03336e-03  9.96650e-01  9.99750e-01
8.45088e+01  9.97306e-01  -1.20441e-03  -1.28819e-03  9.96219e-01  1.00008e+00
8.46136e+01  9.97514e-01  -1.11236e-03  -1.52837e-03  9.95831e-01  1.00042e+00
8.47183e+01  9.97749e-01  -1.00811e-03  -1.75136e-03  9.95489e-01  1.00074e+00
8.48230e+01  9.98009e-01  -8.92903e-04  -1.95485e-03  9.95197e-01  1.00106e+00
8.49277e+01  9.98289e-01  -7.68114e-04  -2.13669e-03  9.94959e-01  1.00137e+00
8.50324e+01  9.98588e-01  -6.35211e-04  -2.29501e-03  9.94775e-01  1.00166e+00
8.51372e+01  9.98902e-01  -4.95747e-04  -2.42815e-03  9.94648e-01  1.00193e+00
8.52419e+01  9.99227e-01  -3.51342e-04  -2.53477e-03  9.94579e-01  1.00218e+00
8.53466e+01  9.99560e-01  -2.03657e-04  -2.61377e-03  9.94569e-01  1.00241e+00
8.54513e+01  9.99897e-01  -5.43795e-05  -2.66437e-03  9.94617e-01  1.00261e+00
8.55560e+01  1.00023e+00  9.48000e-05  -2.68608e-03  9.94723e-01  1.00278e+00
8.56608e+01  1.00057e+00  2.42205e-04  -2.67873e-03  9.94885e-01  1.00292e+00
8.57655e+01  1.00089e+00  3.86194e-04  -2.64245e-03  9.95101e-01  1.00303e+00
8.58702e+01  1.00121e+00  5.25178e-04  -2.57768e-03  9.95370e-01  1.00310e+00
8.59749e+01  1.00151e+00  6.57636e-04  -2.48518e-03  9.95687e-01  1.00314e+00
8.60796e+01  1.00179e+00  7.82133e-04  -2.36598e-03  9.96050e-01  1.00315e+00
8.61844e+01  1.00205e+00  8.97336e-04  -2.22143e-03  9.96454e-01  1.00312e+00
8.62891e+01  1.00229e+00  1.00202e-03  -2.05313e-03  9.96896e-01  1.00306e+00
8.63938e+01  1.00250e+00  1.09510e-03  -1.86294e-03  9.97369e-01  1.00296e+00
8.64985e+01  1.00269e+00  1.17560e-03  -1.65296e-03  9.97870e-01  1.00283e+00
8.66032e+01  1.00284e+00  1.24271e-03  -1.42550e-03  9.98392e-01  1.00267e+00
8.67080e+01  1.00296e+00  1.29576e-03  -1.18307e-03  9.98930e-01  1.00248e+00
8.68127e+01  1.00304e+00  1.33425e-03  -9.28332e-04  9.99478e-01  1.00226e+00
8.69174e+01  1.00309e+00  1.35782e-03  -6.64077e-04  1.00003e+00  1.00202e+00
8.70221e+01  1.00311e+00  1.36628e-03  -3.93205e-04  1.00058e+00  1.00176e+00
8.71268e+01  1.00309e+00  1.35960e-03  -1.18687e-04  1.00112e+00  1.00148e+00
8.72316e+01  1.00304e+00  1.33792e-03  1.56474e-04  1.00165e+00  1.00118e+00
8.73363e+01  1.00295e+00  1.30153e-03  4.29269e-04  1.00216e+00  1.00087e+00
8.74410e+01  1.00283e+00  1.25088e-03  6.96720e-04  1.00264e+00  1.00055e+00
8.75457e+01  1.00268e+00  1.18657e-03  9.55912e-04  1.00310e+00  1.00023e+00
8.76504e+01  1.00250e+00  1.10933e-03  1.20403e-03  1.00352e+00  9.99905e-01
8.77552e+01  1.00229e+00  1.02004e-03  1.43838e-03  1.00390e+00  9.99582e-01
8.78599e+01  1.00206e+00  9.19714e-04  1.65643e-03  1.00423e+00  9.99263e-01
8.79646e+01  1.00181e+00  8.09464e-04  1.85584e-03  1.00452e+00  9.98954e-01
8.80693e+01  1.00153e+00  6.90519e-04  2.03448e-03  1.00476e+00  9.98656e-01
8.81740e+01  1.00124e+00  5.64197e-04  2.19045e-03  1.00495e+00  9.98374e-01
8.82788e+01  1.00094e+00  4.31898e-04  2.32210e-03  1.00508e+00  9.98110e-01
8.83835e+01  1.00062e+00  2.95087e-04  2.42808e-03  1.00515e+00  9.97867e-01
8.84882e+01  1.00030e+00  1.55279e-04  2.50730e-03  1.00517e+00  9.97648e-01
8.85929e+01  9.99984e-01  1.40253e-05  2.55899e-03  1.00513e+00  9.97455e-01
8.86976e+01  9.99664e-01  -1.27107e-04  2.58268e-03  1.00504e+00  9.97290e-01
8.88024e+01  9.99349e-01  -2.66548e-04  2.57819e-03  1.00489e+00  9.97155e-01
8.89071e+01  9.99043e-01  -4.02744e-04  2.54568e-03  1.00469e+00  9.97052e-01
8.90118e+01  9.98749e-01  -5.34174e-04  2.48559e-03  1.00444e+00  9.96980e-01
8.91165e+01  9.98469e-01  -6.59369e-04  2.39869e-03  1.00414e+00  9.96942e-01
8.92212e+01  9.98208e-01  -7.76926e-04  2.28602e-03  1.00380e+00  9.96937e-01
8.93260e+01  9.97967e-01  -8.85527e-04  2.14888e-03  1.00341e+00  9.96966e-01
8.94307e+01  9.97750e-01  -9.83953e-04  1.98886e-03  1.00299e+00  9.97027e-01
8.95354e+01  9.97559e-01  -1.07110e-03  1.80777e-03  1.00254e+00  9.97121e-01
8.96401e+01  9.97396e-01  -1.14599e-03  1.60766e-03  1.00207e+00  9.97246e-01
8.97448e+01  9.97262e-01  -1.20779e-03  1.39075e-03  1.00157e+00  9.97401e-01
8.98495e+01  9.97159e-01  -1.25581e-03  1.15944e-03  1.00106e+00  9.97585e-01
8.99543e+01  9.97088e-01  -1.28952e-03  9.16295e-04  1.00054e+00  9.97794e-01
9.00590e+01  9.97050e-01  -1.30857e-03  6.63964e-04  1.00002e+00  9.98027e-01
9.01637e+01  9.97045e-01  -1.31276e-03  4.05199e-04  9.99498e-01  9.98282e-01
9.02684e+01  9.97072e-01  -1.30208e-03  1.42808e-04  9.98984e-01  9.98555e-01
9.03731e+01  9.97132e-01  -1.27668e-03  -1.20374e-04  9.98483e-01  9.98844e-01
9.04779e+01  9.97224e-01  -1.23689e-03  -3.81515e-04  9.98000e-01  9.99145e-01
9.05826e+01  9.97347e-01  -1.18321e-03  -6.37816e-04  9.97541e-01  9.99455e-01
9.06873e+01  9.97499e-01  -1.11629e-03  -8.86538e-04  9.97111e-01  9.99770e-01
9.07920e+01  9.97678e-01  -1.03695e-03  -1.12503e-03  9.96713e-01  1.00009e+00
9.08967e+01  9.97882e-01  -9.46126e-04  -1.35076e-03  9.96352e-01  1.00040e+00
9.10015e+01  9.98110e-01  -8.44911e-04  -1.56134e-03  9.96032e-01  1.00072e+00
9.11062e+01  9.98358e-01  -7.34499e-04  -1.75455e-03  9.95756e-01  1.00102e+00
9.12109e+01  9.98624e-01  -6.16190e-04  -1.92835e-03  9.95527e-01  1.00131e+00
9.13156e+01  9.98904e-01  -4.91366e-04  -2.08092e-03  9.95347e-01  1.00159e+00
9.14203e+01  9.99196e-01  -3.61479e-04  -2.21066e-03  9.95217e-01  1.00185e+00
9.15251e+01  9.99496e-01  -2.28029e-04  -2.31623e-03  9.95140e-01  1.00209e+00
9.16298e+01  9.99801e-01  -9.25485e-05  -2.39655e-03  9.95114e-01  1.00230e+00
9.17345e+01  1.00011e+00  4.34189e-05  -2.45078e-03  9.95142e-01  1.00249e+00
9.18392e+01  1.00041e+00  1.78334e-04  -2.47840e-03  9.95222e-01  1.00266e+00
9.19439e+01  1.00071e+00  3.10680e-04  -2.47915e-03  9.95352e-01  1.00279e+00
9.20487e+01  1.00100e+00  4.38982e-04  -2.45306e-03  9.95533e-01  1.00289e+00
9.21534e+01  1.00128e+00  5.61822e-04  -2.40047e-03  9.95761e-01  1.00296e+00
9.22581e+01  1.00154e+00  6.77854e-04  -2.32197e-03  9.96034e-01  1.00300e+00
9.23628e+01  1.00179e+00  7.85820e-04  -2.21846e-03  9.96349e-01  1.00300e+00
9.24675e+01  1.00201e+00  8.84558e-04  -2.09109e-03  9.96702e-01  1.00298e+00
9.25723e+01  1.00221e+00  9.73023e-04  -1.94127e-03  9.97090e-01  1.00291e+00
9.26770e+01  1.00239e+00  1.05029e-03  -1.77066e-03  9.97509e-01  1.00282e+00
9.27817e+01  1.00254e+00  1.11555e-03  -1.58115e-03  9.97953e-01  1.00270e+00
9.28864e+01  1.00266e+00  1.16817e-03  -1.37481e-03  9.98419e-01  1.00254e+00
9.29911e+01  1.00275e+00  1.20760e-03  -1.15392e-03  9.98900e-01  1.00236e+00
9.30959e+01  1.00281e+00  1.23349e-03  -9.20904e-04  9.99392e-01  1.00215e+00
9.32006e+01  1.00283e+00  1.24562e-03  -6.78320e-04  9.99889e-01  1.00192e+00
9.33053e+01  1.00283e+00  1.24391e-03  -4.28828e-04  1.00039e+00  1.00167e+00
9.34100e+01  1.00279e+00  1.22843e-03  -1.75163e-04  1.00088e+00  1.00140e+00
9.35147e+01  1.00273e+00  1.19942e-03  7.98966e-05  1.00136e+00  1.00112e+00
9.36195e+01  1.00263e+00  1.15723e-03  3.33562e-04  1.00182e+00  1.00082e+00
9.37242e+01  1.00250e+00  1.10237e-03  5.83061e-04  1.00227e+00  1.00052e+00
9.38289e+01  1.00234e+00  1.03549e-03  8.25673e-04  1.00269e+00  1.00021e+00
9.39336e+01  1.00216e+00  9.57334e-04  1.05876e-03  1.00307e+00  9.99899e-01
9.40383e+01  1.00196e+00  8.68799e-04  1.27978e-03  1.00343e+00  9.99589e-01
9.41431e+01  1.00173e+00  7.70873e-04  1.48635e-03  1.00374e+00  9.99285e-01
9.42478e+01  1.00149e+00  6.64645e-04  1.67623e-03  1.00402e+00  9.98988e-01
9.43525e+01  1.00123e+00  5.51292e-04  1.84740e-03  1.00425e+00  9.98704e-01
9.44572e+01  1.00095e+00  4.32069e-04  1.99801e-03  1.00443e+00  9.98434e-01
9.45619e+01  1.00067e+00  3.08290e-04  2.12648e-03  1.00456e+00  9.98182e-01
9.46667e+01  1.00038e+00  1.81323e-04  2.23146e-03  1.00464e+00  9.97950e-01
9.47714e+01  1.00009e+00  5.25692e-05  2.31185e-03  1.00468e+00  9.97741e-01
9.48761e+01  9.99794e-01  -7.65496e-05  2.36686e-03  1.00466e+00  9.97557e-01
9.49808e+01  9.99504e-01  -2.04604e-04  2.39596e-03  1.00459e+00  9.97399e-01
9.50855e+01  9.99220e-01  -3.30176e-04  2.39890e-03  1.00447e+00  9.97271e-01
9.51903e+01  9.98946e-01  -4.51870e-04  2.37572e-03  1.00430e+00  9.97172e-01
9.52950e+01  9.98685e-01  -5.68332e-04  2.32677e-03  1.00409e+00  9.97105e-01
9.53997e+01  9.98439e-01  -6.78262e-04  2.25264e-03  1.00383e+00  9.97069e-01
9.55044e+01  9.98211e-01  -7.80432e-04  2.15423e-03  1.00353e+00  9.97065e-01
9.56091e+01  9.98004e-01  -8.73697e-04  2.03268e-03  1.00319e+00  9.97094e-01
9.57139e+01  9.97820e-01  -9.57011e-04  1.88938e-03  1.00282e+00  9.97154e-01
9.58186e+01  9.97661e-01  -1.02944e-03  1.72596e-03  1.00242e+00  9.97245e-01
9.59233e+01  9.97528e-01  -1.09017e-03  1.54424e-03  1.00200e+00  9.97366e-01
9.60280e+01  9.97423e-01  -1.13851e-03  1.34626e-03  1.00155e+00  9.97515e-01
9.61327e+01  9.97347e-01  -1.17394e-03  1.13420e-03  1.00109e+00  9.97692e-01
9.62375e+01  9.97301e-01  -1.19605e-03  9.10397e-04  1.00062e+00  9.97894e-01
9.63422e+01  9.97285e-01  -1.20461e-03  6.77305e-04  1.00015e+00  9.98118e-01
9.64469e+01  9.97299e-01  -1.19954e-03  4.37467e-04  9.99675e-01  9.98363e-01
9.65516e+01  9.97344e-01  -1.18090e-03  1.93487e-04  9.99206e-01  9.98626e-01
9.66563e+01  9.97418e-01  -1.14895e-03  -5.19915e-05  9.98747e-01  9.98903e-01
9.67611e+01  9.97520e-01  -1.10406e-03  -2.96321e-04  9.98303e-01  9.99192e-01
9.68658e+01  9.97650e-01  -1.04678e-03  -5.36873e-04  9.97879e-01  9.99490e-01
9.69705e+01  9.97806e-01  -9.77779e-04  -7.71067e-04  9.97480e-01  9.99793e-01
9.70752e+01  9.97985e-01  -8.97888e-04  -9.96398e-04  9.97109e-01  1.00010e+00
9.71799e+01  9.98187e-01  -8.08046e-04  -1.21046e-03  9.96771e-01  1.00040e+00
9.72847e+01  9.98409e-01  -7.09311e-04  -1.41098e-03  9.96469e-01  1.00070e+00
9.73894e+01  9.98648e-01  -6.02838e-04  -1.59582e-03  9.96206e-01  1.00099e+00
9.74941e+01  9.98901e-01  -4.89872e-04  -1.76302e-03  9.95984e-01  1.00127e+00
9.75988e+01  9.99166e-01  -3.71724e-04  -1.91083e-03  9.95807e-01  1.00154e+00
9.77035e+01  9.99440e-01  -2.49762e-04  -2.03767e-03  9.95675e-01  1.00179e+00
9.78083e+01  9.99720e-01  -1.25390e-04  -2.14223e-03  9.95590e-01  1.00202e+00
9.79130e+01  1.00000e+00  -3.16063e-08  -2.22341e-03  9.95553e-01  1.00222e+00
9.80177e+01  1.00028e+00  1.24885e-04  -2.28037e-03  9.95564e-01  1.00241e+00
9.81224e+01  1.00056e+00  2.47947e-04  -2.31254e-03  9.95623e-01  1.00256e+00
9.82271e+01  1.00083e+00  3.67770e-04  -2.31959e-03  9.95729e-01  1.00269e+00
9.83319e+01  1.00109e+00  4.83019e-04  -2.30149e-03  9.95880e-01  1.00278e+00
9.84366e+01  1.00134e+00  5.92417e-04  -2.25847e-03  9.96075e-01  1.00285e+00
9.85413e+01  1.00157e+00  6.94763e-04  -2.19101e-03  9.96313e-01  1.00289e+00
9.86460e+01  1.00179e+00  7.88946e-04  -2.09989e-03  9.96589e-01  1.00289e+00
9.87507e+01  1.00198e+00  8.73952e-04  -1.98612e-03  9.96902e-01  1.00286e+00
9.88554e+01  1.00215e+00  9.48878e-04  -1.85095e-03  9.97247e-01  1.00280e+00
9.89602e+01  1.00230e+00  1.01294e-03  -1.69588e-03  9.97621e-01  1.00271e+00
9.90649e+01  1.00242e+00  1.06548e-03  -1.52263e-03  9.98020e-01  1.00259e+00
9.91696e+01  1.00251e+00  1.10597e-03  -1.33309e-03  9.98440e-01  1.00244e+00
9.92743e+01  1.00258e+00  1.13402e-03  -1.12934e-03  9.98875e-01  1.00226e+00
9.93790e+01  1.00261e+00  1.14937e-03  -9.13638e-04  9.99322e-01  1.00206e+00
9.94838e+01  1.00262e+00  1.15191e-03  -6.88334e-04  9.99775e-01  1.00184e+00
9.95885e+01  1.00260e+00  1.14168e-03  -4.55904e-04  1.00023e+00  1.00160e+00
9.96932e+01  1.00254e+00  1.11882e-03  -2.18896e-04  1.00068e+00  1.00134e+00
9.97979e+01  1.00246e+00  1.08364e-03  2.00942e-05  1.00112e+00  1.00106e+00
9.99026e+01  1.00235e+00  1.03656e-03  2.58452e-04  1.00155e+00  1.00078e+00
1.00007e+02  1.00222e+00  9.78148e-04  4.93570e-04  1.00197e+00  1.00048e+00
1.00112e+02  1.00206e+00  9.09068e-04  7.22883e-04  1.00235e+00  1.00019e+00
1.00217e+02  1.00188e+00  8.30105e-04  9.43890e-04  1.00272e+00  9.99886e-01
1.00322e+02  1.00168e+00  7.42148e-04  1.15419e-03  1.00305e+00  9.99588e-01
1.00426e+02  1.00146e+00  6.46177e-04  1.35149e-03  1.00335e+00  9.99295e-01
1.00531e+02  1.00122e+00  5.43258e-04  1.53367e-03  1.00361e+00  9.99010e-01
1.00636e+02  1.00097e+00  4.34528e-04  1.69875e-03  1.00383e+00  9.98736e-01
1.00740e+02  1.00071e+00  3.21186e-04  1.84498e-03  1.00401e+00  9.98476e-01
1.00845e+02  1.00045e+00  2.04481e-04  1.97078e-03  1.00415e+00  9.98234e-01
1.00950e+02  1.00018e+00  8.56955e-05  2.07483e-03  1.00424e+00  9.98011e-01
1.01055e+02  9.99903e-01  -3.38612e-05  2.15604e-03  1.00428e+00  9.97810e-01
1.01159e+02  9.99633e-01  -1.52873e-04  2.21357e-03  1.00427e+00  9.97634e-01
1.01264e+02  9.99367e-01  -2.70025e-04  2.24686e-03  1.00422e+00  9.97483e-01
1.01369e+02  9.99110e-01  -3.84025e-04  2.25560e-03  1.00413e+00  9.97360e-01
1.01473e+02  9.98863e-01  -4.93608e-04  2.23976e-03  1.00399e+00  9.97267e-01
1.01578e+02  9.98629e-01  -5.97558e-04  2.19958e-03  1.00380e+00  9.97203e-01
1.01683e+02  9.98411e-01  -6.94717e-04  2.13555e-03  1.00358e+00  9.97170e-01
1.01788e+02  9.98212e-01  -7.84001e-04  2.04843e-03  1.00331e+00  9.97168e-01
1.01892e+02  9.98033e-01  -8.64410e-04  1.93924e-03  1.00301e+00  9.97196e-01
1.01997e+02  9.97876e-01  -9.35042e-04  1.80922e-03  1.00268e+00  9.97256e-01
1.02102e+02  9.97744e-01  -9.95102e-04  1.65983e-03  1.00232e+00  9.97345e-01
1.02206e+02  9.97637e-01  -1.04391e-03  1.49275e-03  1.00194e+00  9.97463e-01
1.02311e+02  9.97556e-01  -1.08092e-03  1.30984e-03  1.00154e+00  9.97609e-01
1.02416e+02  9.97503e-01  -1.10572e-03  1.11312e-03  1.00112e+00  9.97781e-01
1.02521e+02  9.97478e-01  -1.11802e-03  9.04743e-04  1.00069e+00  9.97977e-01
1.02625e+02  9.97481e-01  -1.11769e-03  6.87007e-04  1.00026e+00  9.98195e-01
1.02730e+02  9.97512e-01  -1.10474e-03  4.62283e-04  9.99820e-01  9.98433e-01
1.02835e+02  9.97571e-01  -1.07933e-03  2.33017e-04  9.99387e-01  9.98688e-01
1.02940e+02  9.97657e-01  -1.04176e-03  1.69542e-06  9.98962e-01  9.98957e-01
1.03044e+02  9.97768e-01  -9.92466e-04  -2.29180e-04  9.98549e-01  9.99237e-01
1.03149e+02  9.97905e-01  -9.32031e-04  -4.57120e-04  9.98154e-01  9.99525e-01
1.03254e+02  9.98064e-01  -8.61160e-04  -6.79670e-04  9.97779e-01  9.99819e-01
1.03358e+02  9.98245e-01  -7.80683e-04  -8.94442e-04  9.97430e-01  1.00011e+00
1.03463e+02  9.98445e-01  -6.91540e-04  -1.09913e-03  9.97110e-01  1.00041e+00
1.03568e+02  9.98661e-01  -5.94767e-04  -1.29156e-03  9.96822e-01  1.00070e+00
1.03673e+02  9.98893e-01  -4.91490e-04  -1.46966e-03  9.96569e-01  1.00098e+00
1.03777e+02  9.99136e-01  -3.82907e-04  -1.63154e-03  9.96354e-01  1.00125e+00
1.03882e+02  9.99389e-01  -2.70273e-04  -1.77548e-03  9.96179e-01  1.00151e+00
1.03987e+02  9.99648e-01  -1.54887e-04  -1.89995e-03  9.96045e-01  1.00175e+00
1.04091e+02  9.99910e-01  -3.80710e-05  -2.00363e-03  9.95955e-01  1.00197e+00
1.04196e+02  1.00017e+00  7.88384e-05  -2.08544e-03  9.95908e-01  1.00216e+00
1.04301e+02  1.00043e+00  1.94512e-04  -2.14452e-03  9.95905e-01  1.00234e+00
1.04406e+02  1.00069e+00  3.07642e-04  -2.18025e-03  9.95947e-01  1.00249e+00
1.04510e+02  1.00094e+00  4.16957e-04  -2.19227e-03  9.96032e-01  1.00261e+00
1.04615e+02  1.00117e+00  5.21237e-04  -2.18048e-03  9.96160e-01  1.00270e+00
1.04720e+02  1.00139e+00  6.19327e-04  -2.14504e-03  9.96329e-01  1.00276e+00
1.04824e+02  1.00160e+00  7.10149e-04  -2.08634e-03  9.96537e-01  1.00280e+00
1.04929e+02  1.00179e+00  7.92716e-04  -2.00505e-03  9.96783e-01  1.00280e+00
1.05034e+02  1.00196e+00  8.66140e-04  -1.90207e-03  9.97062e-01  1.00277e+00
1.05139e+02  1.00210e+00  9.29641e-04  -1.77853e-03  9.97373e-01  1.00271e+00
1.05243e+02  1.00222e+00  9.82557e-04  -1.63581e-03  9.97711e-01  1.00262e+00
1.05348e+02  1.00232e+00  1.02435e-03  -1.47547e-03  9.98073e-01  1.00250e+00
1.05453e+02  1.00239e+00  1.05460e-03  -1.29927e-03  9.98456e-01  1.00235e+00
1.05558e+02  1.00244e+00  1.07302e-03  -1.10915e-03  9.98855e-01  1.00218e+00
1.05662e+02  1.00245e+00  1.07947e-03  -9.07187e-04  9.99265e-01  1.00199e+00
1.05767e+02  1.00244e+00  1.07393e-03  -6.95607e-04  9.99683e-01  1.00177e+00
1.05872e+02  1.00240e+00  1.05650e-03  -4.76724e-04  1.00010e+00  1.00153e+00
1.05976e+02  1.00233e+00  1.02742e-03  -2.52938e-04  1.00052e+00  1.00128e+00
1.06081e+02  1.00224e+00  9.87057e-04  -2.67003e-05  1.00093e+00  1.00101e+00
1.06186e+02  1.00213e+00  9.35896e-04  1.99514e-04  1.00133e+00  1.00074e+00
1.06291e+02  1.00199e+00  8.74532e-04  4.23230e-04  1.00172e+00  1.00045e+00
1.06395e+02  1.00182e+00  8.03668e-04  6.42005e-04  1.00209e+00  1.00016e+00
1.06500e+02  1.00164e+00  7.24108e-04  8.53451e-04  1.00243e+00  9.99871e-01
1.06605e+02  1.00144e+00  6.36745e-04  1.05526e-03  1.00275e+00  9.99581e-01
1.06709e+02  1.00122e+00  5.42552e-04  1.24525e-03  1.00303e+00  9.99297e-01
1.06814e+02  1.00100e+00  4.42576e-04  1.42135e-03  1.00329e+00  9.99021e-01
1.06919e+02  1.00076e+00  3.37921e-04  1.58166e-03  1.00350e+00  9.98756e-01
1.07024e+02  1.00051e+00  2.29742e-04  1.72445e-03  1.00368e+00  9.98505e-01
1.07128e+02  1.00025e+00  1.19231e-04  1.84820e-03  1.00382e+00  9.98271e-01
1.07233e+02  1.00000e+00  7.60243e-06  1.95158e-03  1.00391e+00  9.98056e-01
