# k S000 S110 S112 S10 S11
1.04720000e-01 3.55173000e-02 1.01027000e+00 -9.63932000e-02 8.17480000e-01 1.10666000e+00
2.09440000e-01 3.56071000e-02 1.01017000e+00 -9.61017000e-02 8.17965000e-01 1.10627000e+00
3.14159000e-01 3.57575000e-02 1.01001000e+00 -9.56171000e-02 8.18773000e-01 1.10562000e+00
4.18879000e-01 3.59693000e-02 1.00978000e+00 -9.49414000e-02 8.19901000e-01 1.10472000e+00
5.23599000e-01 3.62438000e-02 1.00950000e+00 -9.40773000e-02 8.21346000e-01 1.10358000e+00
6.28319000e-01 3.65825000e-02 1.00916000e+00 -9.30282000e-02 8.23107000e-01 1.10219000e+00
7.33038000e-01 3.69877000e-02 1.00877000e+00 -9.17982000e-02 8.25177000e-01 1.10057000e+00
8.37758000e-01 3.74618000e-02 1.00834000e+00 -9.03923000e-02 8.27553000e-01 1.09873000e+00
9.42478000e-01 3.80078000e-02 1.00786000e+00 -8.88159000e-02 8.30227000e-01 1.09668000e+00
1.04720000e+00 3.86291000e-02 1.00735000e+00 -8.70753000e-02 8.33195000e-01 1.09442000e+00
1.15192000e+00 3.93297000e-02 1.00680000e+00 -8.51773000e-02 8.36447000e-01 1.09198000e+00
1.25664000e+00 4.01143000e-02 1.00623000e+00 -8.31292000e-02 8.39976000e-01 1.08936000e+00
1.36136000e+00 4.09880000e-02 1.00565000e+00 -8.09391000e-02 8.43771000e-01 1.08659000e+00
1.46608000e+00 4.19570000e-02 1.00505000e+00 -7.86154000e-02 8.47823000e-01 1.08367000e+00
1.57080000e+00 4.30278000e-02 1.00445000e+00 -7.61670000e-02 8.52121000e-01 1.08062000e+00
1.67552000e+00 4.42083000e-02 1.00386000e+00 -7.36034000e-02 8.56650000e-01 1.07746000e+00
1.78024000e+00 4.55072000e-02 1.00327000e+00 -7.09344000e-02 8.61399000e-01 1.07420000e+00
1.88496000e+00 4.69341000e-02 1.00269000e+00 -6.81702000e-02 8.66352000e-01 1.07086000e+00
1.98968000e+00 4.85003000e-02 1.00214000e+00 -6.53212000e-02 8.71495000e-01 1.06746000e+00
2.09440000e+00 5.02184000e-02 1.00161000e+00 -6.23984000e-02 8.76810000e-01 1.06401000e+00
2.19911000e+00 5.21026000e-02 1.00111000e+00 -5.94129000e-02 8.82279000e-01 1.06052000e+00
2.30383000e+00 5.41690000e-02 1.00064000e+00 -5.63758000e-02 8.87886000e-01 1.05701000e+00
2.40855000e+00 5.64361000e-02 1.00021000e+00 -5.32986000e-02 8.93608000e-01 1.05350000e+00
2.51327000e+00 5.89246000e-02 9.99814000e-01 -5.01930000e-02 8.99428000e-01 1.05001000e+00
2.61799000e+00 6.16585000e-02 9.99464000e-01 -4.70706000e-02 9.05323000e-01 1.04653000e+00
2.72271000e+00 6.46649000e-02 9.99157000e-01 -4.39430000e-02 9.11271000e-01 1.04310000e+00
2.82743000e+00 6.79748000e-02 9.98894000e-01 -4.08220000e-02 9.17250000e-01 1.03972000e+00
2.93215000e+00 7.16240000e-02 9.98676000e-01 -3.77191000e-02 9.23238000e-01 1.03639000e+00
3.03687000e+00 7.56536000e-02 9.98501000e-01 -3.46457000e-02 9.29210000e-01 1.03315000e+00
3.14159000e+00 8.01110000e-02 9.98369000e-01 -3.16131000e-02 9.35143000e-01 1.02998000e+00
3.24631000e+00 8.50511000e-02 9.98279000e-01 -2.86323000e-02 9.41014000e-01 1.02691000e+00
3.35103000e+00 9.05373000e-02 9.98227000e-01 -2.57140000e-02 9.46799000e-01 1.02394000e+00
3.45575000e+00 9.66440000e-02 9.98212000e-01 -2.28684000e-02 9.52475000e-01 1.02108000e+00
3.56047000e+00 1.03458000e-01 9.98231000e-01 -2.01054000e-02 9.58020000e-01 1.01834000e+00
3.66519000e+00 1.11080000e-01 9.98280000e-01 -1.74343000e-02 9.63411000e-01 1.01571000e+00
3.76991000e+00 1.19630000e-01 9.98356000e-01 -1.48638000e-02 9.68628000e-01 1.01322000e+00
3.87463000e+00 1.29249000e-01 9.98455000e-01 -1.24021000e-02 9.73651000e-01 1.01086000e+00
3.97935000e+00 1.40103000e-01 9.98574000e-01 -1.00565000e-02 9.78461000e-01 1.00863000e+00
4.08407000e+00 1.52393000e-01 9.98708000e-01 -7.83373000e-03 9.83041000e-01 1.00654000e+00
4.18879000e+00 1.66354000e-01 9.98854000e-01 -5.73951000e-03 9.87375000e-01 1.00459000e+00
4.29351000e+00 1.82271000e-01 9.99009000e-01 -3.77887000e-03 9.91451000e-01 1.00279000e+00
4.39823000e+00 2.00485000e-01 9.99168000e-01 -1.95590000e-03 9.95256000e-01 1.00112000e+00
4.50295000e+00 2.21408000e-01 9.99329000e-01 -2.73764000e-04 9.98781000e-01 9.99603000e-01
4.60767000e+00 2.45538000e-01 9.99488000e-01 1.26529000e-03 1.00202000e+00 9.98222000e-01
4.71239000e+00 2.73477000e-01 9.99642000e-01 2.65998000e-03 1.00496000e+00 9.96982000e-01
4.81711000e+00 3.05955000e-01 9.99790000e-01 3.90996000e-03 1.00761000e+00 9.95880000e-01
4.92183000e+00 3.43859000e-01 9.99929000e-01 5.01581000e-03 1.00996000e+00 9.94913000e-01
5.02655000e+00 3.88255000e-01 1.00006000e+00 5.97903000e-03 1.01202000e+00 9.94078000e-01
5.13127000e+00 4.40426000e-01 1.00017000e+00 6.80203000e-03 1.01378000e+00 9.93372000e-01
5.23599000e+00 5.01891000e-01 1.00028000e+00 7.48805000e-03 1.01525000e+00 9.92789000e-01
5.34071000e+00 5.74417000e-01 1.00037000e+00 8.04111000e-03 1.01645000e+00 9.92326000e-01
5.44543000e+00 6.59992000e-01 1.00044000e+00 8.46600000e-03 1.01737000e+00 9.91977000e-01
5.55015000e+00 7.60726000e-01 1.00050000e+00 8.76821000e-03 1.01804000e+00 9.91737000e-01
5.65487000e+00 8.78629000e-01 1.00055000e+00 8.95381000e-03 1.01846000e+00 9.91599000e-01
5.75959000e+00 1.01519000e+00 1.00059000e+00 9.02944000e-03 1.01865000e+00 9.91558000e-01
5.86431000e+00 1.17068000e+00 1.00061000e+00 9.00221000e-03 1.01861000e+00 9.91608000e-01
5.96903000e+00 1.34307000e+00 1.00062000e+00 8.87961000e-03 1.01838000e+00 9.91741000e-01
6.07375000e+00 1.52684000e+00 1.00062000e+00 8.66948000e-03 1.01796000e+00 9.91951000e-01
6.17847000e+00 1.71187000e+00 1.00061000e+00 8.37987000e-03 1.01737000e+00 9.92231000e-01
6.28319000e+00 1.88342000e+00 1.00059000e+00 8.01901000e-03 1.01663000e+00 9.92574000e-01
6.38791000e+00 2.02412000e+00 1.00057000e+00 7.59520000e-03 1.01576000e+00 9.92972000e-01
6.49262000e+00 2.11804000e+00 1.00054000e+00 7.11680000e-03 1.01477000e+00 9.93418000e-01
6.59734000e+00 2.15559000e+00 1.00050000e+00 6.59207000e-03 1.01368000e+00 9.93906000e-01
6.70206000e+00 2.13651000e+00 1.00046000e+00 6.02919000e-03 1.01252000e+00 9.94428000e-01
6.80678000e+00 2.06934000e+00 1.00041000e+00 5.43616000e-03 1.01129000e+00 9.94978000e-01
6.91150000e+00 1.96779000e+00 1.00037000e+00 4.82073000e-03 1.01001000e+00 9.95548000e-01
7.01622000e+00 1.84643000e+00 1.00032000e+00 4.19041000e-03 1.00870000e+00 9.96132000e-01
7.12094000e+00 1.71762000e+00 1.00028000e+00 3.55236000e-03 1.00738000e+00 9.96723000e-01
7.22566000e+00 1.59031000e+00 1.00023000e+00 2.91339000e-03 1.00606000e+00 9.97315000e-01
7.33038000e+00 1.47009000e+00 1.00018000e+00 2.27989000e-03 1.00474000e+00 9.97903000e-01
7.43510000e+00 1.35991000e+00 1.00014000e+00 1.65785000e-03 1.00346000e+00 9.98482000e-01
7.53982000e+00 1.26092000e+00 1.00010000e+00 1.05280000e-03 1.00220000e+00 9.99045000e-01
7.64454000e+00 1.17315000e+00 1.00006000e+00 4.69801000e-04 1.00100000e+00 9.99588000e-01
7.74926000e+00 1.09603000e+00 1.00002000e+00 -8.65794000e-05 9.99847000e-01 1.00011000e+00
7.85398000e+00 1.02867000e+00 9.99986000e-01 -6.12262000e-04 9.98761000e-01 1.00060000e+00
7.95870000e+00 9.70091000e-01 9.99954000e-01 -1.10367000e-03 9.97747000e-01 1.00106000e+00
8.06342000e+00 9.19338000e-01 9.99925000e-01 -1.55774000e-03 9.96809000e-01 1.00148000e+00
8.16814000e+00 8.75511000e-01 9.99898000e-01 -1.97190000e-03 9.95955000e-01 1.00187000e+00
8.27286000e+00 8.37808000e-01 9.99875000e-01 -2.34408000e-03 9.95187000e-01 1.00222000e+00
8.37758000e+00 8.05527000e-01 9.99854000e-01 -2.67271000e-03 9.94509000e-01 1.00253000e+00
8.48230000e+00 7.78060000e-01 9.99836000e-01 -2.95669000e-03 9.93923000e-01 1.00279000e+00
8.58702000e+00 7.54888000e-01 9.99821000e-01 -3.19539000e-03 9.93430000e-01 1.00302000e+00
8.69174000e+00 7.35572000e-01 9.99808000e-01 -3.38862000e-03 9.93031000e-01 1.00320000e+00
8.79646000e+00 7.19741000e-01 9.99798000e-01 -3.53663000e-03 9.92725000e-01 1.00333000e+00
8.90118000e+00 7.07086000e-01 9.99790000e-01 -3.64007000e-03 9.92510000e-01 1.00343000e+00
9.00590000e+00 6.97347000e-01 9.99785000e-01 -3.69998000e-03 9.92385000e-01 1.00348000e+00
9.11062000e+00 6.90312000e-01 9.99782000e-01 -3.71775000e-03 9.92346000e-01 1.00350000e+00
9.21534000e+00 6.85805000e-01 9.99781000e-01 -3.69511000e-03 9.92391000e-01 1.00348000e+00
9.32006000e+00 6.83683000e-01 9.99782000e-01 -3.63409000e-03 9.92514000e-01 1.00342000e+00
9.42478000e+00 6.83832000e-01 9.99785000e-01 -3.53700000e-03 9.92711000e-01 1.00332000e+00
9.52950000e+00 6.86162000e-01 9.99790000e-01 -3.40637000e-03 9.92978000e-01 1.00320000e+00
9.63422000e+00 6.90602000e-01 9.99797000e-01 -3.24498000e-03 9.93307000e-01 1.00304000e+00
9.73894000e+00 6.97097000e-01 9.99806000e-01 -3.05576000e-03 9.93695000e-01 1.00286000e+00
9.84366000e+00 7.05607000e-01 9.99817000e-01 -2.84180000e-03 9.94133000e-01 1.00266000e+00
9.94838000e+00 7.16099000e-01 9.99829000e-01 -2.60629000e-03 9.94616000e-01 1.00244000e+00
1.00531000e+01 7.28551000e-01 9.99842000e-01 -2.35252000e-03 9.95137000e-01 1.00219000e+00
1.01578000e+01 7.42938000e-01 9.99857000e-01 -2.08382000e-03 9.95689000e-01 1.00194000e+00
1.02625000e+01 7.59238000e-01 9.99873000e-01 -1.80354000e-03 9.96266000e-01 1.00168000e+00
1.03673000e+01 7.77421000e-01 9.99890000e-01 -1.51501000e-03 9.96860000e-01 1.00140000e+00
1.04720000e+01 7.97449000e-01 9.99907000e-01 -1.22152000e-03 9.97464000e-01 1.00113000e+00
1.05767000e+01 8.19264000e-01 9.99925000e-01 -9.26297000e-04 9.98073000e-01 1.00085000e+00
1.06814000e+01 8.42791000e-01 9.99944000e-01 -6.32449000e-04 9.98679000e-01 1.00058000e+00
1.07861000e+01 8.67923000e-01 9.99962000e-01 -3.42971000e-04 9.99276000e-01 1.00031000e+00
1.08909000e+01 8.94521000e-01 9.99981000e-01 -6.07017000e-05 9.99859000e-01 1.00004000e+00
1.09956000e+01 9.22404000e-01 9.99999000e-01 2.11692000e-04 1.00042000e+00 9.99787000e-01
1.11003000e+01 9.51342000e-01 1.00002000e+00 4.71736000e-04 1.00096000e+00 9.99545000e-01
1.12050000e+01 9.81056000e-01 1.00003000e+00 7.17168000e-04 1.00147000e+00 9.99317000e-01
1.13097000e+01 1.01121000e+00 1.00005000e+00 9.45952000e-04 1.00194000e+00 9.99104000e-01
1.14145000e+01 1.04141000e+00 1.00007000e+00 1.15629000e-03 1.00238000e+00 9.98909000e-01
1.15192000e+01 1.07122000e+00 1.00008000e+00 1.34664000e-03 1.00277000e+00 9.98732000e-01
1.16239000e+01 1.10015000e+00 1.00009000e+00 1.51570000e-03 1.00312000e+00 9.98576000e-01
1.17286000e+01 1.12769000e+00 1.00010000e+00 1.66245000e-03 1.00343000e+00 9.98440000e-01
1.18333000e+01 1.15329000e+00 1.00011000e+00 1.78611000e-03 1.00368000e+00 9.98326000e-01
1.19381000e+01 1.17644000e+00 1.00012000e+00 1.88620000e-03 1.00389000e+00 9.98234000e-01
1.20428000e+01 1.19665000e+00 1.00013000e+00 1.96245000e-03 1.00405000e+00 9.98163000e-01
1.21475000e+01 1.21349000e+00 1.00013000e+00 2.01489000e-03 1.00416000e+00 9.98115000e-01
1.22522000e+01 1.22661000e+00 1.00013000e+00 2.04376000e-03 1.00422000e+00 9.98089000e-01
1.23569000e+01 1.23578000e+00 1.00013000e+00 2.04956000e-03 1.00423000e+00 9.98084000e-01
1.24617000e+01 1.24086000e+00 1.00013000e+00 2.03299000e-03 1.00420000e+00 9.98100000e-01
1.25664000e+01 1.24187000e+00 1.00013000e+00 1.99498000e-03 1.00412000e+00 9.98135000e-01
1.26711000e+01 1.23893000e+00 1.00013000e+00 1.93664000e-03 1.00400000e+00 9.98189000e-01
1.27758000e+01 1.23227000e+00 1.00012000e+00 1.85926000e-03 1.00384000e+00 9.98261000e-01
1.28805000e+01 1.22223000e+00 1.00011000e+00 1.76428000e-03 1.00364000e+00 9.98350000e-01
1.29852000e+01 1.20921000e+00 1.00011000e+00 1.65327000e-03 1.00341000e+00 9.98453000e-01
1.30900000e+01 1.19366000e+00 1.00010000e+00 1.52793000e-03 1.00315000e+00 9.98570000e-01
1.31947000e+01 1.17606000e+00 1.00009000e+00 1.39004000e-03 1.00287000e+00 9.98698000e-01
1.32994000e+01 1.15687000e+00 1.00008000e+00 1.24147000e-03 1.00256000e+00 9.98836000e-01
1.34041000e+01 1.13655000e+00 1.00007000e+00 1.08412000e-03 1.00224000e+00 9.98983000e-01
1.35088000e+01 1.11555000e+00 1.00006000e+00 9.19946000e-04 1.00190000e+00 9.99136000e-01
1.36136000e+01 1.09424000e+00 1.00004000e+00 7.50887000e-04 1.00155000e+00 9.99293000e-01
1.37183000e+01 1.07297000e+00 1.00003000e+00 5.78886000e-04 1.00119000e+00 9.99454000e-01
1.38230000e+01 1.05204000e+00 1.00002000e+00 4.05856000e-04 1.00083000e+00 9.99616000e-01
1.39277000e+01 1.03170000e+00 1.00001000e+00 2.33657000e-04 1.00048000e+00 9.99777000e-01
1.40324000e+01 1.01216000e+00 9.99999000e-01 6.40867000e-05 1.00013000e+00 9.99935000e-01
1.41372000e+01 9.93580000e-01 9.99989000e-01 -1.01142000e-04 9.99786000e-01 1.00009000e+00
1.42419000e+01 9.76098000e-01 9.99979000e-01 -2.60410000e-04 9.99458000e-01 1.00024000e+00
1.43466000e+01 9.59812000e-01 9.99969000e-01 -4.12211000e-04 9.99145000e-01 1.00038000e+00
1.44513000e+01 9.44796000e-01 9.99961000e-01 -5.55159000e-04 9.98850000e-01 1.00052000e+00
1.45560000e+01 9.31100000e-01 9.99953000e-01 -6.88002000e-04 9.98577000e-01 1.00064000e+00
1.46608000e+01 9.18758000e-01 9.99945000e-01 -8.09626000e-04 9.98326000e-01 1.00075000e+00
1.47655000e+01 9.07788000e-01 9.99939000e-01 -9.19069000e-04 9.98101000e-01 1.00086000e+00
1.48702000e+01 8.98198000e-01 9.99933000e-01 -1.01552000e-03 9.97902000e-01 1.00095000e+00
1.49749000e+01 8.89984000e-01 9.99929000e-01 -1.09832000e-03 9.97732000e-01 1.00103000e+00
1.50796000e+01 8.83137000e-01 9.99925000e-01 -1.16699000e-03 9.97591000e-01 1.00109000e+00
1.51844000e+01 8.77641000e-01 9.99922000e-01 -1.22118000e-03 9.97480000e-01 1.00114000e+00
1.52891000e+01 8.73478000e-01 9.99920000e-01 -1.26072000e-03 9.97399000e-01 1.00118000e+00
1.53938000e+01 8.70624000e-01 9.99919000e-01 -1.28560000e-03 9.97348000e-01 1.00120000e+00
1.54985000e+01 8.69053000e-01 9.99919000e-01 -1.29593000e-03 9.97327000e-01 1.00122000e+00
1.56032000e+01 8.68736000e-01 9.99920000e-01 -1.29202000e-03 9.97336000e-01 1.00121000e+00
1.57080000e+01 8.69644000e-01 9.99922000e-01 -1.27426000e-03 9.97373000e-01 1.00120000e+00
1.58127000e+01 8.71741000e-01 9.99924000e-01 -1.24322000e-03 9.97437000e-01 1.00117000e+00
1.59174000e+01 8.74992000e-01 9.99927000e-01 -1.19958000e-03 9.97528000e-01 1.00113000e+00
1.60221000e+01 8.79357000e-01 9.99931000e-01 -1.14412000e-03 9.97642000e-01 1.00107000e+00
1.61268000e+01 8.84792000e-01 9.99935000e-01 -1.07773000e-03 9.97780000e-01 1.00101000e+00
1.62316000e+01 8.91249000e-01 9.99940000e-01 -1.00139000e-03 9.97937000e-01 1.00094000e+00
1.63363000e+01 8.98672000e-01 9.99946000e-01 -9.16179000e-04 9.98113000e-01 1.00086000e+00
1.64410000e+01 9.07003000e-01 9.99952000e-01 -8.23211000e-04 9.98305000e-01 1.00077000e+00
1.65457000e+01 9.16173000e-01 9.99958000e-01 -7.23672000e-04 9.98511000e-01 1.00068000e+00
1.66504000e+01 9.26107000e-01 9.99965000e-01 -6.18782000e-04 9.98727000e-01 1.00058000e+00
1.67552000e+01 9.36721000e-01 9.99972000e-01 -5.09790000e-04 9.98952000e-01 1.00048000e+00
1.68599000e+01 9.47920000e-01 9.99979000e-01 -3.97956000e-04 9.99183000e-01 1.00038000e+00
1.69646000e+01 9.59602000e-01 9.99986000e-01 -2.84541000e-04 9.99417000e-01 1.00027000e+00
1.70693000e+01 9.71651000e-01 9.99994000e-01 -1.70792000e-04 9.99652000e-01 1.00016000e+00
1.71740000e+01 9.83946000e-01 1.00000000e+00 -5.79308000e-05 9.99885000e-01 1.00006000e+00
1.72788000e+01 9.96354000e-01 1.00001000e+00 5.28584000e-05 1.00011000e+00 9.99955000e-01
1.73835000e+01 1.00873000e+00 1.00001000e+00 1.60441000e-04 1.00034000e+00 9.99854000e-01
1.74882000e+01 1.02094000e+00 1.00002000e+00 2.63743000e-04 1.00055000e+00 9.99757000e-01
1.75929000e+01 1.03281000e+00 1.00003000e+00 3.61760000e-04 1.00075000e+00 9.99666000e-01
1.76976000e+01 1.04421000e+00 1.00003000e+00 4.53566000e-04 1.00094000e+00 9.99580000e-01
1.78024000e+01 1.05497000e+00 1.00004000e+00 5.38321000e-04 1.00111000e+00 9.99500000e-01
1.79071000e+01 1.06495000e+00 1.00004000e+00 6.15280000e-04 1.00127000e+00 9.99428000e-01
1.80118000e+01 1.07400000e+00 1.00005000e+00 6.83798000e-04 1.00141000e+00 9.99363000e-01
1.81165000e+01 1.08201000e+00 1.00005000e+00 7.43333000e-04 1.00154000e+00 9.99307000e-01
1.82212000e+01 1.08886000e+00 1.00005000e+00 7.93450000e-04 1.00164000e+00 9.99260000e-01
1.83260000e+01 1.09445000e+00 1.00006000e+00 8.33825000e-04 1.00172000e+00 9.99222000e-01
1.84307000e+01 1.09871000e+00 1.00006000e+00 8.64245000e-04 1.00179000e+00 9.99193000e-01
1.85354000e+01 1.10161000e+00 1.00006000e+00 8.84605000e-04 1.00183000e+00 9.99173000e-01
1.86401000e+01 1.10311000e+00 1.00006000e+00 8.94913000e-04 1.00185000e+00 9.99163000e-01
1.87448000e+01 1.10322000e+00 1.00006000e+00 8.95282000e-04 1.00185000e+00 9.99162000e-01
1.88496000e+01 1.10197000e+00 1.00006000e+00 8.85927000e-04 1.00183000e+00 9.99170000e-01
1.89543000e+01 1.09943000e+00 1.00005000e+00 8.67165000e-04 1.00179000e+00 9.99187000e-01
1.90590000e+01 1.09565000e+00 1.00005000e+00 8.39404000e-04 1.00173000e+00 9.99212000e-01
1.91637000e+01 1.09074000e+00 1.00005000e+00 8.03139000e-04 1.00166000e+00 9.99246000e-01
1.92684000e+01 1.08482000e+00 1.00005000e+00 7.58946000e-04 1.00156000e+00 9.99286000e-01
1.93732000e+01 1.07799000e+00 1.00004000e+00 7.07472000e-04 1.00146000e+00 9.99334000e-01
1.94779000e+01 1.07040000e+00 1.00004000e+00 6.49427000e-04 1.00134000e+00 9.99388000e-01
1.95826000e+01 1.06218000e+00 1.00003000e+00 5.85578000e-04 1.00120000e+00 9.99447000e-01
1.96873000e+01 1.05347000e+00 1.00003000e+00 5.16734000e-04 1.00106000e+00 9.99511000e-01
1.97920000e+01 1.04441000e+00 1.00002000e+00 4.43741000e-04 1.00091000e+00 9.99579000e-01
1.98968000e+01 1.03511000e+00 1.00002000e+00 3.67473000e-04 1.00075000e+00 9.99650000e-01
2.00015000e+01 1.02573000e+00 1.00001000e+00 2.88819000e-04 1.00059000e+00 9.99723000e-01
2.01062000e+01 1.01636000e+00 1.00001000e+00 2.08672000e-04 1.00042000e+00 9.99798000e-01
2.02109000e+01 1.00712000e+00 1.00000000e+00 1.27925000e-04 1.00026000e+00 9.99873000e-01
2.03156000e+01 9.98107000e-01 9.99996000e-01 4.74583000e-05 1.00009000e+00 9.99949000e-01
2.04204000e+01 9.89416000e-01 9.99991000e-01 -3.18704000e-05 9.99927000e-01 1.00002000e+00
2.05251000e+01 9.81125000e-01 9.99986000e-01 -1.09233000e-04 9.99768000e-01 1.00010000e+00
2.06298000e+01 9.73302000e-01 9.99982000e-01 -1.83839000e-04 9.99614000e-01 1.00017000e+00
2.07345000e+01 9.66010000e-01 9.99978000e-01 -2.54943000e-04 9.99468000e-01 1.00023000e+00
2.08392000e+01 9.59299000e-01 9.99974000e-01 -3.21855000e-04 9.99330000e-01 1.00030000e+00
2.09440000e+01 9.53212000e-01 9.99970000e-01 -3.83939000e-04 9.99202000e-01 1.00035000e+00
2.10487000e+01 9.47784000e-01 9.99967000e-01 -4.40627000e-04 9.99086000e-01 1.00041000e+00
2.11534000e+01 9.43043000e-01 9.99965000e-01 -4.91418000e-04 9.98982000e-01 1.00046000e+00
2.12581000e+01 9.39011000e-01 9.99962000e-01 -5.35883000e-04 9.98891000e-01 1.00050000e+00
2.13628000e+01 9.35701000e-01 9.99961000e-01 -5.73671000e-04 9.98813000e-01 1.00053000e+00
2.14675000e+01 9.33124000e-01 9.99959000e-01 -6.04505000e-04 9.98750000e-01 1.00056000e+00
2.15723000e+01 9.31281000e-01 9.99959000e-01 -6.28192000e-04 9.98702000e-01 1.00059000e+00
2.16770000e+01 9.30173000e-01 9.99958000e-01 -6.44614000e-04 9.98669000e-01 1.00060000e+00
2.17817000e+01 9.29792000e-01 9.99958000e-01 -6.53736000e-04 9.98651000e-01 1.00061000e+00
2.18864000e+01 9.30128000e-01 9.99959000e-01 -6.55598000e-04 9.98648000e-01 1.00061000e+00
2.19911000e+01 9.31166000e-01 9.99960000e-01 -6.50320000e-04 9.98659000e-01 1.00061000e+00
2.20959000e+01 9.32885000e-01 9.99961000e-01 -6.38091000e-04 9.98685000e-01 1.00060000e+00
2.22006000e+01 9.35262000e-01 9.99963000e-01 -6.19175000e-04 9.98725000e-01 1.00058000e+00
2.23053000e+01 9.38268000e-01 9.99965000e-01 -5.93899000e-04 9.98778000e-01 1.00056000e+00
2.24100000e+01 9.41870000e-01 9.99968000e-01 -5.62652000e-04 9.98843000e-01 1.00053000e+00
2.25147000e+01 9.46030000e-01 9.99971000e-01 -5.25882000e-04 9.98919000e-01 1.00050000e+00
2.26195000e+01 9.50707000e-01 9.99974000e-01 -4.84083000e-04 9.99006000e-01 1.00046000e+00
2.27242000e+01 9.55853000e-01 9.99977000e-01 -4.37798000e-04 9.99102000e-01 1.00041000e+00
2.28289000e+01 9.61418000e-01 9.99981000e-01 -3.87605000e-04 9.99205000e-01 1.00037000e+00
2.29336000e+01 9.67345000e-01 9.99984000e-01 -3.34115000e-04 9.99316000e-01 1.00032000e+00
2.30383000e+01 9.73575000e-01 9.99988000e-01 -2.77963000e-04 9.99432000e-01 1.00027000e+00
2.31431000e+01 9.80042000e-01 9.99992000e-01 -2.19801000e-04 9.99552000e-01 1.00021000e+00
2.32478000e+01 9.86678000e-01 9.99996000e-01 -1.60291000e-04 9.99675000e-01 1.00016000e+00
2.33525000e+01 9.93413000e-01 1.00000000e+00 -1.00098000e-04 9.99800000e-01 1.00010000e+00
2.34572000e+01 1.00017000e+00 1.00000000e+00 -3.98815000e-05 9.99924000e-01 1.00004000e+00
2.35619000e+01 1.00688000e+00 1.00001000e+00 1.97081000e-05 1.00005000e+00 9.99988000e-01
2.36667000e+01 1.01345000e+00 1.00001000e+00 7.80397000e-05 1.00017000e+00 9.99933000e-01
2.37714000e+01 1.01982000e+00 1.00001000e+00 1.34506000e-04 1.00028000e+00 9.99880000e-01
2.38761000e+01 1.02590000e+00 1.00002000e+00 1.88530000e-04 1.00039000e+00 9.99829000e-01
2.39808000e+01 1.03163000e+00 1.00002000e+00 2.39572000e-04 1.00050000e+00 9.99781000e-01
2.40855000e+01 1.03693000e+00 1.00002000e+00 2.87130000e-04 1.00060000e+00 9.99736000e-01
2.41903000e+01 1.04173000e+00 1.00003000e+00 3.30753000e-04 1.00069000e+00 9.99695000e-01
2.42950000e+01 1.04599000e+00 1.00003000e+00 3.70035000e-04 1.00077000e+00 9.99658000e-01
2.43997000e+01 1.04963000e+00 1.00003000e+00 4.04627000e-04 1.00084000e+00 9.99625000e-01
2.45044000e+01 1.05263000e+00 1.00003000e+00 4.34234000e-04 1.00090000e+00 9.99597000e-01
2.46091000e+01 1.05495000e+00 1.00003000e+00 4.58621000e-04 1.00095000e+00 9.99573000e-01
2.47139000e+01 1.05657000e+00 1.00003000e+00 4.77611000e-04 1.00099000e+00 9.99555000e-01
2.48186000e+01 1.05747000e+00 1.00003000e+00 4.91091000e-04 1.00101000e+00 9.99542000e-01
2.49233000e+01 1.05765000e+00 1.00003000e+00 4.99006000e-04 1.00103000e+00 9.99533000e-01
2.50280000e+01 1.05713000e+00 1.00003000e+00 5.01365000e-04 1.00103000e+00 9.99531000e-01
2.51327000e+01 1.05592000e+00 1.00003000e+00 4.98233000e-04 1.00103000e+00 9.99533000e-01
2.52375000e+01 1.05405000e+00 1.00003000e+00 4.89736000e-04 1.00101000e+00 9.99540000e-01
2.53422000e+01 1.05156000e+00 1.00003000e+00 4.76054000e-04 1.00098000e+00 9.99552000e-01
2.54469000e+01 1.04849000e+00 1.00003000e+00 4.57421000e-04 1.00094000e+00 9.99569000e-01
2.55516000e+01 1.04491000e+00 1.00002000e+00 4.34120000e-04 1.00089000e+00 9.99590000e-01
2.56563000e+01 1.04087000e+00 1.00002000e+00 4.06478000e-04 1.00084000e+00 9.99616000e-01
2.57611000e+01 1.03643000e+00 1.00002000e+00 3.74867000e-04 1.00077000e+00 9.99645000e-01
2.58658000e+01 1.03166000e+00 1.00002000e+00 3.39691000e-04 1.00070000e+00 9.99677000e-01
2.59705000e+01 1.02663000e+00 1.00001000e+00 3.01390000e-04 1.00062000e+00 9.99712000e-01
2.60752000e+01 1.02141000e+00 1.00001000e+00 2.60427000e-04 1.00053000e+00 9.99750000e-01
2.61799000e+01 1.01606000e+00 1.00001000e+00 2.17290000e-04 1.00044000e+00 9.99791000e-01
2.62847000e+01 1.01065000e+00 1.00000000e+00 1.72478000e-04 1.00035000e+00 9.99832000e-01
2.63894000e+01 1.00525000e+00 1.00000000e+00 1.26503000e-04 1.00025000e+00 9.99875000e-01
2.64941000e+01 9.99914000e-01 9.99999000e-01 7.98802000e-05 1.00016000e+00 9.99919000e-01
2.65988000e+01 9.94702000e-01 9.99996000e-01 3.31244000e-05 1.00006000e+00 9.99962000e-01
2.67035000e+01 9.89668000e-01 9.99993000e-01 -1.32575000e-05 9.99966000e-01 1.00001000e+00
2.68083000e+01 9.84861000e-01 9.99990000e-01 -5.87700000e-05 9.99872000e-01 1.00005000e+00
2.69130000e+01 9.80325000e-01 9.99987000e-01 -1.02935000e-04 9.99781000e-01 1.00009000e+00
2.70177000e+01 9.76101000e-01 9.99985000e-01 -1.45297000e-04 9.99694000e-01 1.00013000e+00
2.71224000e+01 9.72222000e-01 9.99983000e-01 -1.85425000e-04 9.99612000e-01 1.00017000e+00
2.72271000e+01 9.68721000e-01 9.99981000e-01 -2.22921000e-04 9.99535000e-01 1.00020000e+00
2.73319000e+01 9.65623000e-01 9.99979000e-01 -2.57421000e-04 9.99464000e-01 1.00024000e+00
2.74366000e+01 9.62949000e-01 9.99978000e-01 -2.88597000e-04 9.99400000e-01 1.00027000e+00
2.75413000e+01 9.60716000e-01 9.99976000e-01 -3.16165000e-04 9.99344000e-01 1.00029000e+00
2.76460000e+01 9.58937000e-01 9.99975000e-01 -3.39880000e-04 9.99296000e-01 1.00032000e+00
2.77507000e+01 9.57619000e-01 9.99975000e-01 -3.59545000e-04 9.99256000e-01 1.00033000e+00
2.78555000e+01 9.56769000e-01 9.99974000e-01 -3.75009000e-04 9.99224000e-01 1.00035000e+00
2.79602000e+01 9.56385000e-01 9.99974000e-01 -3.86167000e-04 9.99202000e-01 1.00036000e+00
2.80649000e+01 9.56465000e-01 9.99975000e-01 -3.92964000e-04 9.99189000e-01 1.00037000e+00
2.81696000e+01 9.57000000e-01 9.99975000e-01 -3.95391000e-04 9.99184000e-01 1.00037000e+00
2.82743000e+01 9.57981000e-01 9.99976000e-01 -3.93485000e-04 9.99189000e-01 1.00037000e+00
2.83791000e+01 9.59393000e-01 9.99977000e-01 -3.87332000e-04 9.99202000e-01 1.00036000e+00
2.84838000e+01 9.61217000e-01 9.99978000e-01 -3.77061000e-04 9.99224000e-01 1.00036000e+00
2.85885000e+01 9.63432000e-01 9.99980000e-01 -3.62841000e-04 9.99254000e-01 1.00034000e+00
2.86932000e+01 9.66013000e-01 9.99981000e-01 -3.44885000e-04 9.99292000e-01 1.00033000e+00
2.87979000e+01 9.68932000e-01 9.99983000e-01 -3.23440000e-04 9.99336000e-01 1.00031000e+00
2.89027000e+01 9.72157000e-01 9.99985000e-01 -2.98789000e-04 9.99388000e-01 1.00028000e+00
2.90074000e+01 9.75655000e-01 9.99987000e-01 -2.71243000e-04 9.99445000e-01 1.00026000e+00
2.91121000e+01 9.79387000e-01 9.99990000e-01 -2.41142000e-04 9.99507000e-01 1.00023000e+00
2.92168000e+01 9.83314000e-01 9.99992000e-01 -2.08847000e-04 9.99574000e-01 1.00020000e+00
2.93215000e+01 9.87394000e-01 9.99994000e-01 -1.74740000e-04 9.99645000e-01 1.00017000e+00
2.94263000e+01 9.91583000e-01 9.99997000e-01 -1.39215000e-04 9.99718000e-01 1.00014000e+00
2.95310000e+01 9.95834000e-01 9.99999000e-01 -1.02675000e-04 9.99794000e-01 1.00010000e+00
2.96357000e+01 1.00010000e+00 1.00000000e+00 -6.55315000e-05 9.99871000e-01 1.00007000e+00
2.97404000e+01 1.00434000e+00 1.00000000e+00 -2.81937000e-05 9.99948000e-01 1.00003000e+00
2.98451000e+01 1.00849000e+00 1.00001000e+00 8.93098000e-06 1.00002000e+00 9.99997000e-01
2.99498000e+01 1.01251000e+00 1.00001000e+00 4.54435000e-05 1.00010000e+00 9.99963000e-01
3.00546000e+01 1.01636000e+00 1.00001000e+00 8.09569000e-05 1.00017000e+00 9.99930000e-01
3.01593000e+01 1.02000000e+00 1.00001000e+00 1.15100000e-04 1.00024000e+00 9.99898000e-01
3.02640000e+01 1.02336000e+00 1.00001000e+00 1.47522000e-04 1.00031000e+00 9.99867000e-01
3.03687000e+01 1.02643000e+00 1.00002000e+00 1.77895000e-04 1.00037000e+00 9.99838000e-01
3.04734000e+01 1.02916000e+00 1.00002000e+00 2.05918000e-04 1.00043000e+00 9.99811000e-01
3.05782000e+01 1.03152000e+00 1.00002000e+00 2.31318000e-04 1.00048000e+00 9.99787000e-01
3.06829000e+01 1.03349000e+00 1.00002000e+00 2.53856000e-04 1.00053000e+00 9.99766000e-01
3.07876000e+01 1.03504000e+00 1.00002000e+00 2.73327000e-04 1.00057000e+00 9.99747000e-01
3.08923000e+01 1.03616000e+00 1.00002000e+00 2.89560000e-04 1.00060000e+00 9.99731000e-01
3.09970000e+01 1.03684000e+00 1.00002000e+00 3.02423000e-04 1.00063000e+00 9.99719000e-01
3.11018000e+01 1.03707000e+00 1.00002000e+00 3.11822000e-04 1.00064000e+00 9.99709000e-01
3.12065000e+01 1.03686000e+00 1.00002000e+00 3.17701000e-04 1.00066000e+00 9.99703000e-01
3.13112000e+01 1.03622000e+00 1.00002000e+00 3.20043000e-04 1.00066000e+00 9.99700000e-01
3.14159000e+01 1.03516000e+00 1.00002000e+00 3.18869000e-04 1.00066000e+00 9.99701000e-01
3.15206000e+01 1.03370000e+00 1.00002000e+00 3.14240000e-04 1.00065000e+00 9.99705000e-01
3.16254000e+01 1.03187000e+00 1.00002000e+00 3.06251000e-04 1.00063000e+00 9.99711000e-01
3.17301000e+01 1.02969000e+00 1.00002000e+00 2.95034000e-04 1.00061000e+00 9.99721000e-01
3.18348000e+01 1.02720000e+00 1.00001000e+00 2.80751000e-04 1.00058000e+00 9.99734000e-01
3.19395000e+01 1.02443000e+00 1.00001000e+00 2.63600000e-04 1.00054000e+00 9.99750000e-01
3.20442000e+01 1.02143000e+00 1.00001000e+00 2.43803000e-04 1.00050000e+00 9.99768000e-01
3.21490000e+01 1.01823000e+00 1.00001000e+00 2.21609000e-04 1.00045000e+00 9.99788000e-01
3.22537000e+01 1.01488000e+00 1.00001000e+00 1.97292000e-04 1.00040000e+00 9.99811000e-01
3.23584000e+01 1.01142000e+00 1.00001000e+00 1.71141000e-04 1.00035000e+00 9.99835000e-01
3.24631000e+01 1.00789000e+00 1.00000000e+00 1.43465000e-04 1.00029000e+00 9.99860000e-01
3.25678000e+01 1.00433000e+00 1.00000000e+00 1.14583000e-04 1.00023000e+00 9.99887000e-01
3.26726000e+01 1.00078000e+00 1.00000000e+00 8.48246000e-05 1.00017000e+00 9.99915000e-01
3.27773000e+01 9.97290000e-01 9.99998000e-01 5.45233000e-05 1.00011000e+00 9.99943000e-01
3.28820000e+01 9.93889000e-01 9.99996000e-01 2.40147000e-05 1.00004000e+00 9.99972000e-01
3.29867000e+01 9.90613000e-01 9.99994000e-01 -6.36773000e-06 9.99981000e-01 1.00000000e+00
3.30914000e+01 9.87496000e-01 9.99992000e-01 -3.62961000e-05 9.99920000e-01 1.00003000e+00
3.31962000e+01 9.84568000e-01 9.99990000e-01 -6.54517000e-05 9.99860000e-01 1.00006000e+00
3.33009000e+01 9.81856000e-01 9.99989000e-01 -9.35283000e-05 9.99802000e-01 1.00008000e+00
3.34056000e+01 9.79384000e-01 9.99987000e-01 -1.20235000e-04 9.99747000e-01 1.00011000e+00
3.35103000e+01 9.77174000e-01 9.99986000e-01 -1.45300000e-04 9.99696000e-01 1.00013000e+00
3.36150000e+01 9.75243000e-01 9.99985000e-01 -1.68471000e-04 9.99648000e-01 1.00015000e+00
3.37198000e+01 9.73607000e-01 9.99984000e-01 -1.89521000e-04 9.99605000e-01 1.00017000e+00
3.38245000e+01 9.72277000e-01 9.99984000e-01 -2.08249000e-04 9.99567000e-01 1.00019000e+00
3.39292000e+01 9.71263000e-01 9.99983000e-01 -2.24480000e-04 9.99534000e-01 1.00021000e+00
3.40339000e+01 9.70570000e-01 9.99983000e-01 -2.38068000e-04 9.99507000e-01 1.00022000e+00
3.41386000e+01 9.70200000e-01 9.99983000e-01 -2.48900000e-04 9.99485000e-01 1.00023000e+00
3.42434000e+01 9.70154000e-01 9.99983000e-01 -2.56892000e-04 9.99469000e-01 1.00024000e+00
3.43481000e+01 9.70428000e-01 9.99983000e-01 -2.61990000e-04 9.99459000e-01 1.00024000e+00
3.44528000e+01 9.71015000e-01 9.99983000e-01 -2.64177000e-04 9.99455000e-01 1.00025000e+00
3.45575000e+01 9.71908000e-01 9.99984000e-01 -2.63462000e-04 9.99457000e-01 1.00025000e+00
3.46622000e+01 9.73093000e-01 9.99985000e-01 -2.59888000e-04 9.99465000e-01 1.00024000e+00
3.47670000e+01 9.74557000e-01 9.99986000e-01 -2.53530000e-04 9.99479000e-01 1.00024000e+00
3.48717000e+01 9.76283000e-01 9.99987000e-01 -2.44488000e-04 9.99498000e-01 1.00023000e+00
3.49764000e+01 9.78250000e-01 9.99988000e-01 -2.32893000e-04 9.99522000e-01 1.00022000e+00
3.50811000e+01 9.80437000e-01 9.99989000e-01 -2.18901000e-04 9.99552000e-01 1.00021000e+00
3.51858000e+01 9.82821000e-01 9.99991000e-01 -2.02692000e-04 9.99585000e-01 1.00019000e+00
3.52906000e+01 9.85374000e-01 9.99992000e-01 -1.84469000e-04 9.99623000e-01 1.00018000e+00
3.53953000e+01 9.88069000e-01 9.99994000e-01 -1.64451000e-04 9.99665000e-01 1.00016000e+00
3.55000000e+01 9.90877000e-01 9.99996000e-01 -1.42878000e-04 9.99710000e-01 1.00014000e+00
3.56047000e+01 9.93766000e-01 9.99997000e-01 -1.20002000e-04 9.99757000e-01 1.00012000e+00
3.57094000e+01 9.96705000e-01 9.99999000e-01 -9.60858000e-05 9.99807000e-01 1.00010000e+00
3.58142000e+01 9.99661000e-01 1.00000000e+00 -7.14012000e-05 9.99858000e-01 1.00007000e+00
3.59189000e+01 1.00260000e+00 1.00000000e+00 -4.62251000e-05 9.99910000e-01 1.00005000e+00
3.60236000e+01 1.00549000e+00 1.00000000e+00 -2.08363000e-05 9.99962000e-01 1.00002000e+00
3.61283000e+01 1.00830000e+00 1.00001000e+00 4.48714000e-06 1.00001000e+00 1.00000000e+00
3.62330000e+01 1.01099000e+00 1.00001000e+00 2.94710000e-05 1.00007000e+00 9.99978000e-01
3.63378000e+01 1.01354000e+00 1.00001000e+00 5.38479000e-05 1.00012000e+00 9.99955000e-01
3.64425000e+01 1.01592000e+00 1.00001000e+00 7.73600000e-05 1.00016000e+00 9.99932000e-01
3.65472000e+01 1.01810000e+00 1.00001000e+00 9.97619000e-05 1.00021000e+00 9.99911000e-01
3.66519000e+01 1.02005000e+00 1.00001000e+00 1.20823000e-04 1.00025000e+00 9.99891000e-01
3.67566000e+01 1.02175000e+00 1.00001000e+00 1.40329000e-04 1.00029000e+00 9.99872000e-01
3.68614000e+01 1.02318000e+00 1.00001000e+00 1.58086000e-04 1.00033000e+00 9.99855000e-01
3.69661000e+01 1.02434000e+00 1.00001000e+00 1.73921000e-04 1.00036000e+00 9.99840000e-01
3.70708000e+01 1.02520000e+00 1.00001000e+00 1.87683000e-04 1.00039000e+00 9.99827000e-01
3.71755000e+01 1.02576000e+00 1.00001000e+00 1.99246000e-04 1.00041000e+00 9.99815000e-01
3.72802000e+01 1.02601000e+00 1.00001000e+00 2.08509000e-04 1.00043000e+00 9.99806000e-01
3.73850000e+01 1.02596000e+00 1.00001000e+00 2.15397000e-04 1.00045000e+00 9.99799000e-01
3.74897000e+01 1.02560000e+00 1.00001000e+00 2.19862000e-04 1.00045000e+00 9.99795000e-01
3.75944000e+01 1.02496000e+00 1.00001000e+00 2.21881000e-04 1.00046000e+00 9.99792000e-01
3.76991000e+01 1.02403000e+00 1.00001000e+00 2.21460000e-04 1.00046000e+00 9.99792000e-01
3.78038000e+01 1.02283000e+00 1.00001000e+00 2.18631000e-04 1.00045000e+00 9.99794000e-01
3.79086000e+01 1.02139000e+00 1.00001000e+00 2.13451000e-04 1.00044000e+00 9.99798000e-01
3.80133000e+01 1.01972000e+00 1.00001000e+00 2.06002000e-04 1.00042000e+00 9.99805000e-01
3.81180000e+01 1.01784000e+00 1.00001000e+00 1.96390000e-04 1.00040000e+00 9.99813000e-01
3.82227000e+01 1.01578000e+00 1.00001000e+00 1.84743000e-04 1.00038000e+00 9.99824000e-01
3.83274000e+01 1.01357000e+00 1.00001000e+00 1.71211000e-04 1.00035000e+00 9.99836000e-01
3.84322000e+01 1.01123000e+00 1.00001000e+00 1.55960000e-04 1.00032000e+00 9.99850000e-01
3.85369000e+01 1.00880000e+00 1.00000000e+00 1.39176000e-04 1.00028000e+00 9.99865000e-01
3.86416000e+01 1.00631000e+00 1.00000000e+00 1.21057000e-04 1.00025000e+00 9.99882000e-01
3.87463000e+01 1.00377000e+00 1.00000000e+00 1.01815000e-04 1.00021000e+00 9.99900000e-01
3.88510000e+01 1.00124000e+00 1.00000000e+00 8.16710000e-05 1.00016000e+00 9.99919000e-01
3.89557000e+01 9.98717000e-01 9.99999000e-01 6.08539000e-05 1.00012000e+00 9.99938000e-01
3.90605000e+01 9.96248000e-01 9.99997000e-01 3.95971000e-05 1.00008000e+00 9.99958000e-01
3.91652000e+01 9.93854000e-01 9.99996000e-01 1.81363000e-05 1.00003000e+00 9.99978000e-01
3.92699000e+01 9.91561000e-01 9.99995000e-01 -3.29316000e-06 9.99988000e-01 9.99998000e-01
3.93746000e+01 9.89392000e-01 9.99993000e-01 -2.44588000e-05 9.99945000e-01 1.00002000e+00
3.94793000e+01 9.87367000e-01 9.99992000e-01 -4.51334000e-05 9.99902000e-01 1.00004000e+00
3.95841000e+01 9.85507000e-01 9.99991000e-01 -6.50976000e-05 9.99861000e-01 1.00006000e+00
3.96888000e+01 9.83829000e-01 9.99990000e-01 -8.41421000e-05 9.99822000e-01 1.00007000e+00
3.97935000e+01 9.82347000e-01 9.99990000e-01 -1.02070000e-04 9.99785000e-01 1.00009000e+00
3.98982000e+01 9.81076000e-01 9.99989000e-01 -1.18697000e-04 9.99751000e-01 1.00011000e+00
4.00029000e+01 9.80024000e-01 9.99988000e-01 -1.33858000e-04 9.99721000e-01 1.00012000e+00
4.01077000e+01 9.79201000e-01 9.99988000e-01 -1.47402000e-04 9.99693000e-01 1.00014000e+00
4.02124000e+01 9.78613000e-01 9.99988000e-01 -1.59200000e-04 9.99669000e-01 1.00015000e+00
4.03171000e+01 9.78262000e-01 9.99987000e-01 -1.69142000e-04 9.99649000e-01 1.00016000e+00
4.04218000e+01 9.78150000e-01 9.99987000e-01 -1.77138000e-04 9.99633000e-01 1.00016000e+00
4.05265000e+01 9.78275000e-01 9.99987000e-01 -1.83123000e-04 9.99621000e-01 1.00017000e+00
4.06313000e+01 9.78635000e-01 9.99988000e-01 -1.87051000e-04 9.99614000e-01 1.00017000e+00
4.07360000e+01 9.79223000e-01 9.99988000e-01 -1.88901000e-04 9.99610000e-01 1.00018000e+00
4.08407000e+01 9.80032000e-01 9.99989000e-01 -1.88675000e-04 9.99611000e-01 1.00018000e+00
4.09454000e+01 9.81051000e-01 9.99989000e-01 -1.86396000e-04 9.99617000e-01 1.00018000e+00
4.10501000e+01 9.82268000e-01 9.99990000e-01 -1.82109000e-04 9.99626000e-01 1.00017000e+00
4.11549000e+01 9.83669000e-01 9.99991000e-01 -1.75882000e-04 9.99639000e-01 1.00017000e+00
4.12596000e+01 9.85239000e-01 9.99992000e-01 -1.67803000e-04 9.99656000e-01 1.00016000e+00
4.13643000e+01 9.86960000e-01 9.99993000e-01 -1.57976000e-04 9.99677000e-01 1.00015000e+00
4.14690000e+01 9.88813000e-01 9.99994000e-01 -1.46527000e-04 9.99701000e-01 1.00014000e+00
4.15737000e+01 9.90776000e-01 9.99995000e-01 -1.33596000e-04 9.99728000e-01 1.00013000e+00
4.16785000e+01 9.92829000e-01 9.99996000e-01 -1.19339000e-04 9.99758000e-01 1.00012000e+00
4.17832000e+01 9.94949000e-01 9.99998000e-01 -1.03924000e-04 9.99790000e-01 1.00010000e+00
4.18879000e+01 9.97112000e-01 9.99999000e-01 -8.75301000e-05 9.99824000e-01 1.00009000e+00
4.19926000e+01 9.99294000e-01 1.00000000e+00 -7.03446000e-05 9.99859000e-01 1.00007000e+00
4.20973000e+01 1.00147000e+00 1.00000000e+00 -5.25624000e-05 9.99896000e-01 1.00005000e+00
4.22021000e+01 1.00362000e+00 1.00000000e+00 -3.43829000e-05 9.99934000e-01 1.00004000e+00
4.23068000e+01 1.00571000e+00 1.00000000e+00 -1.60075000e-05 9.99972000e-01 1.00002000e+00
4.24115000e+01 1.00773000e+00 1.00000000e+00 2.36205000e-06 1.00001000e+00 1.00000000e+00
4.25162000e+01 1.00964000e+00 1.00001000e+00 2.05260000e-05 1.00005000e+00 9.99985000e-01
4.26209000e+01 1.01144000e+00 1.00001000e+00 3.82888000e-05 1.00008000e+00 9.99969000e-01
4.27257000e+01 1.01309000e+00 1.00001000e+00 5.54612000e-05 1.00012000e+00 9.99952000e-01
4.28304000e+01 1.01458000e+00 1.00001000e+00 7.18622000e-05 1.00015000e+00 9.99937000e-01
4.29351000e+01 1.01589000e+00 1.00001000e+00 8.73207000e-05 1.00018000e+00 9.99922000e-01
4.30398000e+01 1.01701000e+00 1.00001000e+00 1.01678000e-04 1.00021000e+00 9.99908000e-01
4.31445000e+01 1.01793000e+00 1.00001000e+00 1.14788000e-04 1.00024000e+00 9.99896000e-01
4.32493000e+01 1.01863000e+00 1.00001000e+00 1.26520000e-04 1.00026000e+00 9.99884000e-01
4.33540000e+01 1.01911000e+00 1.00001000e+00 1.36760000e-04 1.00028000e+00 9.99874000e-01
4.34587000e+01 1.01937000e+00 1.00001000e+00 1.45411000e-04 1.00030000e+00 9.99866000e-01
4.35634000e+01 1.01941000e+00 1.00001000e+00 1.52394000e-04 1.00032000e+00 9.99859000e-01
4.36681000e+01 1.01922000e+00 1.00001000e+00 1.57648000e-04 1.00033000e+00 9.99853000e-01
4.37729000e+01 1.01881000e+00 1.00001000e+00 1.61134000e-04 1.00033000e+00 9.99849000e-01
4.38776000e+01 1.01819000e+00 1.00001000e+00 1.62830000e-04 1.00034000e+00 9.99847000e-01
4.39823000e+01 1.01736000e+00 1.00001000e+00 1.62734000e-04 1.00034000e+00 9.99847000e-01
4.40870000e+01 1.01635000e+00 1.00001000e+00 1.60865000e-04 1.00033000e+00 9.99848000e-01
4.41917000e+01 1.01516000e+00 1.00001000e+00 1.57259000e-04 1.00032000e+00 9.99851000e-01
4.42965000e+01 1.01381000e+00 1.00001000e+00 1.51973000e-04 1.00031000e+00 9.99856000e-01
4.44012000e+01 1.01231000e+00 1.00001000e+00 1.45079000e-04 1.00030000e+00 9.99862000e-01
4.45059000e+01 1.01069000e+00 1.00001000e+00 1.36669000e-04 1.00028000e+00 9.99869000e-01
4.46106000e+01 1.00897000e+00 1.00000000e+00 1.26847000e-04 1.00026000e+00 9.99878000e-01
4.47153000e+01 1.00717000e+00 1.00000000e+00 1.15734000e-04 1.00024000e+00 9.99888000e-01
4.48201000e+01 1.00530000e+00 1.00000000e+00 1.03463000e-04 1.00021000e+00 9.99899000e-01
4.49248000e+01 1.00340000e+00 1.00000000e+00 9.01786000e-05 1.00018000e+00 9.99911000e-01
4.50295000e+01 1.00148000e+00 1.00000000e+00 7.60342000e-05 1.00015000e+00 9.99925000e-01
4.51342000e+01 9.99569000e-01 9.99999000e-01 6.11920000e-05 1.00012000e+00 9.99938000e-01
4.52389000e+01 9.97682000e-01 9.99998000e-01 4.58201000e-05 1.00009000e+00 9.99953000e-01
4.53437000e+01 9.95842000e-01 9.99997000e-01 3.00906000e-05 1.00006000e+00 9.99967000e-01
4.54484000e+01 9.94069000e-01 9.99996000e-01 1.41779000e-05 1.00002000e+00 9.99982000e-01
4.55531000e+01 9.92381000e-01 9.99995000e-01 -1.74301000e-06 9.99992000e-01 9.99997000e-01
4.56578000e+01 9.90796000e-01 9.99994000e-01 -1.74989000e-05 9.99959000e-01 1.00001000e+00
4.57625000e+01 9.89329000e-01 9.99994000e-01 -3.29199000e-05 9.99928000e-01 1.00003000e+00
4.58673000e+01 9.87995000e-01 9.99993000e-01 -4.78413000e-05 9.99897000e-01 1.00004000e+00
4.59720000e+01 9.86806000e-01 9.99992000e-01 -6.21053000e-05 9.99868000e-01 1.00005000e+00
4.60767000e+01 9.85774000e-01 9.99992000e-01 -7.55626000e-05 9.99840000e-01 1.00007000e+00
4.61814000e+01 9.84907000e-01 9.99991000e-01 -8.80744000e-05 9.99815000e-01 1.00008000e+00
4.62861000e+01 9.84213000e-01 9.99991000e-01 -9.95129000e-05 9.99792000e-01 1.00009000e+00
4.63909000e+01 9.83698000e-01 9.99991000e-01 -1.09764000e-04 9.99771000e-01 1.00010000e+00
4.64956000e+01 9.83366000e-01 9.99990000e-01 -1.18726000e-04 9.99753000e-01 1.00011000e+00
4.66003000e+01 9.83218000e-01 9.99990000e-01 -1.26313000e-04 9.99738000e-01 1.00012000e+00
4.67050000e+01 9.83254000e-01 9.99990000e-01 -1.32455000e-04 9.99725000e-01 1.00012000e+00
4.68097000e+01 9.83472000e-01 9.99991000e-01 -1.37099000e-04 9.99716000e-01 1.00013000e+00
4.69145000e+01 9.83869000e-01 9.99991000e-01 -1.40207000e-04 9.99710000e-01 1.00013000e+00
4.70192000e+01 9.84439000e-01 9.99991000e-01 -1.41759000e-04 9.99708000e-01 1.00013000e+00
4.71239000e+01 9.85176000e-01 9.99992000e-01 -1.41752000e-04 9.99708000e-01 1.00013000e+00
4.72286000e+01 9.86069000e-01 9.99992000e-01 -1.40200000e-04 9.99712000e-01 1.00013000e+00
4.73333000e+01 9.87110000e-01 9.99993000e-01 -1.37133000e-04 9.99719000e-01 1.00013000e+00
4.74380000e+01 9.88285000e-01 9.99994000e-01 -1.32599000e-04 9.99728000e-01 1.00013000e+00
4.75428000e+01 9.89582000e-01 9.99994000e-01 -1.26658000e-04 9.99741000e-01 1.00012000e+00
4.76475000e+01 9.90986000e-01 9.99995000e-01 -1.19389000e-04 9.99756000e-01 1.00011000e+00
4.77522000e+01 9.92481000e-01 9.99996000e-01 -1.10881000e-04 9.99774000e-01 1.00011000e+00
4.78569000e+01 9.94052000e-01 9.99997000e-01 -1.01239000e-04 9.99794000e-01 1.00010000e+00
4.79616000e+01 9.95679000e-01 9.99998000e-01 -9.05764000e-05 9.99817000e-01 1.00009000e+00
4.80664000e+01 9.97345000e-01 9.99999000e-01 -7.90189000e-05 9.99841000e-01 1.00008000e+00
4.81711000e+01 9.99033000e-01 1.00000000e+00 -6.66998000e-05 9.99866000e-01 1.00007000e+00
4.82758000e+01 1.00072000e+00 1.00000000e+00 -5.37597000e-05 9.99893000e-01 1.00005000e+00
4.83805000e+01 1.00239000e+00 1.00000000e+00 -4.03448000e-05 9.99921000e-01 1.00004000e+00
4.84852000e+01 1.00403000e+00 1.00000000e+00 -2.66052000e-05 9.99949000e-01 1.00003000e+00
4.85900000e+01 1.00561000e+00 1.00000000e+00 -1.26932000e-05 9.99978000e-01 1.00002000e+00
4.86947000e+01 1.00712000e+00 1.00000000e+00 1.23825000e-06 1.00001000e+00 1.00000000e+00
4.87994000e+01 1.00854000e+00 1.00001000e+00 1.50373000e-05 1.00004000e+00 9.99990000e-01
4.89041000e+01 1.00985000e+00 1.00001000e+00 2.85549000e-05 1.00006000e+00 9.99977000e-01
4.90088000e+01 1.01105000e+00 1.00001000e+00 4.16462000e-05 1.00009000e+00 9.99965000e-01
4.91136000e+01 1.01211000e+00 1.00001000e+00 5.41722000e-05 1.00012000e+00 9.99953000e-01
4.92183000e+01 1.01303000e+00 1.00001000e+00 6.60014000e-05 1.00014000e+00 9.99942000e-01
4.93230000e+01 1.01379000e+00 1.00001000e+00 7.70108000e-05 1.00016000e+00 9.99931000e-01
4.94277000e+01 1.01439000e+00 1.00001000e+00 8.70874000e-05 1.00018000e+00 9.99921000e-01
4.95324000e+01 1.01482000e+00 1.00001000e+00 9.61293000e-05 1.00020000e+00 9.99912000e-01
4.96372000e+01 1.01508000e+00 1.00001000e+00 1.04047000e-04 1.00022000e+00 9.99905000e-01
4.97419000e+01 1.01516000e+00 1.00001000e+00 1.10763000e-04 1.00023000e+00 9.99898000e-01
4.98466000e+01 1.01507000e+00 1.00001000e+00 1.16214000e-04 1.00024000e+00 9.99892000e-01
4.99513000e+01 1.01481000e+00 1.00001000e+00 1.20353000e-04 1.00025000e+00 9.99888000e-01
5.00560000e+01 1.01438000e+00 1.00001000e+00 1.23144000e-04 1.00025000e+00 9.99885000e-01
5.01608000e+01 1.01379000e+00 1.00001000e+00 1.24568000e-04 1.00026000e+00 9.99883000e-01
5.02655000e+01 1.01305000e+00 1.00001000e+00 1.24622000e-04 1.00026000e+00 9.99883000e-01
5.03702000e+01 1.01217000e+00 1.00001000e+00 1.23316000e-04 1.00025000e+00 9.99884000e-01
5.04749000e+01 1.01115000e+00 1.00001000e+00 1.20676000e-04 1.00025000e+00 9.99886000e-01
5.05796000e+01 1.01002000e+00 1.00001000e+00 1.16740000e-04 1.00024000e+00 9.99889000e-01
5.06844000e+01 1.00879000e+00 1.00000000e+00 1.11564000e-04 1.00023000e+00 9.99893000e-01
5.07891000e+01 1.00746000e+00 1.00000000e+00 1.05214000e-04 1.00021000e+00 9.99899000e-01
5.08938000e+01 1.00607000e+00 1.00000000e+00 9.77675000e-05 1.00020000e+00 9.99906000e-01
5.09985000e+01 1.00462000e+00 1.00000000e+00 8.93159000e-05 1.00018000e+00 9.99913000e-01
5.11032000e+01 1.00313000e+00 1.00000000e+00 7.99591000e-05 1.00016000e+00 9.99922000e-01
5.12080000e+01 1.00162000e+00 1.00000000e+00 6.98066000e-05 1.00014000e+00 9.99931000e-01
5.13127000e+01 1.00011000e+00 1.00000000e+00 5.89754000e-05 1.00012000e+00 9.99941000e-01
5.14174000e+01 9.98610000e-01 9.99999000e-01 4.75891000e-05 1.00009000e+00 9.99951000e-01
5.15221000e+01 9.97140000e-01 9.99998000e-01 3.57761000e-05 1.00007000e+00 9.99962000e-01
5.16268000e+01 9.95717000e-01 9.99997000e-01 2.36687000e-05 1.00004000e+00 9.99974000e-01
5.17316000e+01 9.94354000e-01 9.99997000e-01 1.14011000e-05 1.00002000e+00 9.99985000e-01
5.18363000e+01 9.93066000e-01 9.99996000e-01 -8.91840000e-07 9.99994000e-01 9.99997000e-01
5.19410000e+01 9.91866000e-01 9.99995000e-01 -1.30760000e-05 9.99969000e-01 1.00001000e+00
5.20457000e+01 9.90767000e-01 9.99995000e-01 -2.50195000e-05 9.99945000e-01 1.00002000e+00
5.21504000e+01 9.89780000e-01 9.99994000e-01 -3.65943000e-05 9.99921000e-01 1.00003000e+00
5.22552000e+01 9.88913000e-01 9.99993000e-01 -4.76773000e-05 9.99898000e-01 1.00004000e+00
5.23599000e+01 9.88175000e-01 9.99993000e-01 -5.81516000e-05 9.99877000e-01 1.00005000e+00
5.24646000e+01 9.87574000e-01 9.99993000e-01 -6.79082000e-05 9.99857000e-01 1.00006000e+00
5.25693000e+01 9.87113000e-01 9.99993000e-01 -7.68465000e-05 9.99839000e-01 1.00007000e+00
5.26740000e+01 9.86797000e-01 9.99992000e-01 -8.48757000e-05 9.99823000e-01 1.00008000e+00
5.27788000e+01 9.86629000e-01 9.99992000e-01 -9.19156000e-05 9.99808000e-01 1.00008000e+00
5.28835000e+01 9.86608000e-01 9.99992000e-01 -9.78973000e-05 9.99796000e-01 1.00009000e+00
5.29882000e+01 9.86734000e-01 9.99992000e-01 -1.02764000e-04 9.99787000e-01 1.00010000e+00
5.30929000e+01 9.87004000e-01 9.99993000e-01 -1.06472000e-04 9.99780000e-01 1.00010000e+00
5.31976000e+01 9.87415000e-01 9.99993000e-01 -1.08989000e-04 9.99775000e-01 1.00010000e+00
5.33024000e+01 9.87962000e-01 9.99993000e-01 -1.10298000e-04 9.99773000e-01 1.00010000e+00
5.34071000e+01 9.88638000e-01 9.99994000e-01 -1.10394000e-04 9.99773000e-01 1.00010000e+00
5.35118000e+01 9.89435000e-01 9.99994000e-01 -1.09285000e-04 9.99775000e-01 1.00010000e+00
5.36165000e+01 9.90344000e-01 9.99995000e-01 -1.06992000e-04 9.99781000e-01 1.00010000e+00
5.37212000e+01 9.91354000e-01 9.99995000e-01 -1.03550000e-04 9.99788000e-01 1.00010000e+00
5.38260000e+01 9.92455000e-01 9.99996000e-01 -9.90058000e-05 9.99798000e-01 1.00009000e+00
5.39307000e+01 9.93633000e-01 9.99997000e-01 -9.34165000e-05 9.99810000e-01 1.00009000e+00
5.40354000e+01 9.94876000e-01 9.99997000e-01 -8.68513000e-05 9.99824000e-01 1.00008000e+00
5.41401000e+01 9.96170000e-01 9.99998000e-01 -7.93893000e-05 9.99839000e-01 1.00008000e+00
5.42448000e+01 9.97500000e-01 9.99999000e-01 -7.11187000e-05 9.99857000e-01 1.00007000e+00
5.43496000e+01 9.98851000e-01 1.00000000e+00 -6.21356000e-05 9.99875000e-01 1.00006000e+00
5.44543000e+01 1.00021000e+00 1.00000000e+00 -5.25435000e-05 9.99895000e-01 1.00005000e+00
5.45590000e+01 1.00156000e+00 1.00000000e+00 -4.24514000e-05 9.99916000e-01 1.00004000e+00
5.46637000e+01 1.00288000e+00 1.00000000e+00 -3.19730000e-05 9.99938000e-01 1.00003000e+00
5.47684000e+01 1.00417000e+00 1.00000000e+00 -2.12256000e-05 9.99960000e-01 1.00002000e+00
5.48732000e+01 1.00540000e+00 1.00000000e+00 -1.03281000e-05 9.99983000e-01 1.00001000e+00
5.49779000e+01 1.00657000e+00 1.00000000e+00 5.99463000e-07 1.00001000e+00 1.00000000e+00
5.50826000e+01 1.00765000e+00 1.00000000e+00 1.14379000e-05 1.00003000e+00 9.99993000e-01
5.51873000e+01 1.00865000e+00 1.00001000e+00 2.20697000e-05 1.00005000e+00 9.99983000e-01
5.52920000e+01 1.00954000e+00 1.00001000e+00 3.23806000e-05 1.00007000e+00 9.99973000e-01
5.53968000e+01 1.01031000e+00 1.00001000e+00 4.22607000e-05 1.00009000e+00 9.99964000e-01
5.55015000e+01 1.01097000e+00 1.00001000e+00 5.16055000e-05 1.00011000e+00 9.99955000e-01
5.56062000e+01 1.01149000e+00 1.00001000e+00 6.03172000e-05 1.00013000e+00 9.99946000e-01
5.57109000e+01 1.01189000e+00 1.00001000e+00 6.83055000e-05 1.00014000e+00 9.99939000e-01
5.58156000e+01 1.01214000e+00 1.00001000e+00 7.54888000e-05 1.00016000e+00 9.99931000e-01
5.59203000e+01 1.01226000e+00 1.00001000e+00 8.17948000e-05 1.00017000e+00 9.99925000e-01
5.60251000e+01 1.01223000e+00 1.00001000e+00 8.71613000e-05 1.00018000e+00 9.99920000e-01
5.61298000e+01 1.01207000e+00 1.00001000e+00 9.15367000e-05 1.00019000e+00 9.99915000e-01
5.62345000e+01 1.01177000e+00 1.00001000e+00 9.48808000e-05 1.00020000e+00 9.99912000e-01
5.63392000e+01 1.01133000e+00 1.00001000e+00 9.71647000e-05 1.00020000e+00 9.99909000e-01
5.64439000e+01 1.01078000e+00 1.00001000e+00 9.83713000e-05 1.00020000e+00 9.99908000e-01
5.65487000e+01 1.01010000e+00 1.00001000e+00 9.84956000e-05 1.00020000e+00 9.99907000e-01
5.66534000e+01 1.00931000e+00 1.00001000e+00 9.75440000e-05 1.00020000e+00 9.99908000e-01
5.67581000e+01 1.00843000e+00 1.00000000e+00 9.55349000e-05 1.00020000e+00 9.99909000e-01
5.68628000e+01 1.00746000e+00 1.00000000e+00 9.24980000e-05 1.00019000e+00 9.99912000e-01
5.69675000e+01 1.00641000e+00 1.00000000e+00 8.84740000e-05 1.00018000e+00 9.99915000e-01
5.70723000e+01 1.00529000e+00 1.00000000e+00 8.35138000e-05 1.00017000e+00 9.99919000e-01
5.71770000e+01 1.00413000e+00 1.00000000e+00 7.76786000e-05 1.00016000e+00 9.99925000e-01
5.72817000e+01 1.00293000e+00 1.00000000e+00 7.10383000e-05 1.00014000e+00 9.99931000e-01
5.73864000e+01 1.00170000e+00 1.00000000e+00 6.36711000e-05 1.00013000e+00 9.99937000e-01
5.74911000e+01 1.00047000e+00 1.00000000e+00 5.56627000e-05 1.00011000e+00 9.99944000e-01
5.75959000e+01 9.99240000e-01 9.99999000e-01 4.71050000e-05 1.00009000e+00 9.99952000e-01
5.77006000e+01 9.98030000e-01 9.99999000e-01 3.80954000e-05 1.00007000e+00 9.99961000e-01
5.78053000e+01 9.96852000e-01 9.99998000e-01 2.87352000e-05 1.00006000e+00 9.99969000e-01
5.79100000e+01 9.95718000e-01 9.99997000e-01 1.91291000e-05 1.00004000e+00 9.99978000e-01
5.80147000e+01 9.94641000e-01 9.99997000e-01 9.38348000e-06 1.00002000e+00 9.99987000e-01
5.81195000e+01 9.93632000e-01 9.99996000e-01 -3.94342000e-07 9.99995000e-01 9.99997000e-01
5.82242000e+01 9.92701000e-01 9.99996000e-01 -1.00976000e-05 9.99976000e-01 1.00001000e+00
5.83289000e+01 9.91858000e-01 9.99995000e-01 -1.96211000e-05 9.99956000e-01 1.00001000e+00
5.84336000e+01 9.91111000e-01 9.99995000e-01 -2.88623000e-05 9.99937000e-01 1.00002000e+00
5.85383000e+01 9.90467000e-01 9.99994000e-01 -3.77225000e-05 9.99919000e-01 1.00003000e+00
5.86431000e+01 9.89933000e-01 9.99994000e-01 -4.61079000e-05 9.99902000e-01 1.00004000e+00
5.87478000e+01 9.89514000e-01 9.99994000e-01 -5.39306000e-05 9.99886000e-01 1.00005000e+00
5.88525000e+01 9.89212000e-01 9.99994000e-01 -6.11092000e-05 9.99872000e-01 1.00005000e+00
5.89572000e+01 9.89032000e-01 9.99994000e-01 -6.75701000e-05 9.99859000e-01 1.00006000e+00
5.90619000e+01 9.88973000e-01 9.99994000e-01 -7.32480000e-05 9.99847000e-01 1.00007000e+00
5.91667000e+01 9.89035000e-01 9.99994000e-01 -7.80865000e-05 9.99838000e-01 1.00007000e+00
5.92714000e+01 9.89218000e-01 9.99994000e-01 -8.20389000e-05 9.99830000e-01 1.00008000e+00
5.93761000e+01 9.89519000e-01 9.99994000e-01 -8.50684000e-05 9.99824000e-01 1.00008000e+00
5.94808000e+01 9.89933000e-01 9.99994000e-01 -8.71484000e-05 9.99820000e-01 1.00008000e+00
5.95855000e+01 9.90456000e-01 9.99995000e-01 -8.82628000e-05 9.99818000e-01 1.00008000e+00
5.96903000e+01 9.91082000e-01 9.99995000e-01 -8.84064000e-05 9.99818000e-01 1.00008000e+00
5.97950000e+01 9.91803000e-01 9.99995000e-01 -8.75844000e-05 9.99820000e-01 1.00008000e+00
5.98997000e+01 9.92611000e-01 9.99996000e-01 -8.58123000e-05 9.99824000e-01 1.00008000e+00
6.00044000e+01 9.93497000e-01 9.99996000e-01 -8.31163000e-05 9.99830000e-01 1.00008000e+00
6.01091000e+01 9.94451000e-01 9.99997000e-01 -7.95319000e-05 9.99838000e-01 1.00008000e+00
6.02139000e+01 9.95462000e-01 9.99998000e-01 -7.51045000e-05 9.99847000e-01 1.00007000e+00
6.03186000e+01 9.96519000e-01 9.99998000e-01 -6.98882000e-05 9.99858000e-01 1.00007000e+00
6.04233000e+01 9.97610000e-01 9.99999000e-01 -6.39452000e-05 9.99871000e-01 1.00006000e+00
6.05280000e+01 9.98724000e-01 9.99999000e-01 -5.73452000e-05 9.99885000e-01 1.00006000e+00
6.06327000e+01 9.99846000e-01 1.00000000e+00 -5.01649000e-05 9.99900000e-01 1.00005000e+00
6.07375000e+01 1.00097000e+00 1.00000000e+00 -4.24863000e-05 9.99916000e-01 1.00004000e+00
6.08422000e+01 1.00207000e+00 1.00000000e+00 -3.43967000e-05 9.99933000e-01 1.00004000e+00
6.09469000e+01 1.00315000e+00 1.00000000e+00 -2.59869000e-05 9.99950000e-01 1.00003000e+00
6.10516000e+01 1.00418000e+00 1.00000000e+00 -1.73509000e-05 9.99968000e-01 1.00002000e+00
6.11563000e+01 1.00517000e+00 1.00000000e+00 -8.58436000e-06 9.99986000e-01 1.00001000e+00
6.12611000e+01 1.00609000e+00 1.00000000e+00 2.16281000e-07 1.00000000e+00 1.00000000e+00
6.13658000e+01 1.00694000e+00 1.00000000e+00 8.95483000e-06 1.00002000e+00 9.99995000e-01
6.14705000e+01 1.00770000e+00 1.00000000e+00 1.75364000e-05 1.00004000e+00 9.99987000e-01
6.15752000e+01 1.00838000e+00 1.00000000e+00 2.58686000e-05 1.00006000e+00 9.99979000e-01
6.16799000e+01 1.00896000e+00 1.00001000e+00 3.38621000e-05 1.00007000e+00 9.99971000e-01
6.17847000e+01 1.00943000e+00 1.00001000e+00 4.14321000e-05 1.00009000e+00 9.99964000e-01
6.18894000e+01 1.00979000e+00 1.00001000e+00 4.84989000e-05 1.00010000e+00 9.99957000e-01
6.19941000e+01 1.01004000e+00 1.00001000e+00 5.49888000e-05 1.00012000e+00 9.99951000e-01
6.20988000e+01 1.01018000e+00 1.00001000e+00 6.08349000e-05 1.00013000e+00 9.99945000e-01
6.22035000e+01 1.01020000e+00 1.00001000e+00 6.59777000e-05 1.00014000e+00 9.99940000e-01
6.23083000e+01 1.01010000e+00 1.00001000e+00 7.03660000e-05 1.00015000e+00 9.99935000e-01
6.24130000e+01 1.00989000e+00 1.00001000e+00 7.39568000e-05 1.00015000e+00 9.99932000e-01
6.25177000e+01 1.00957000e+00 1.00001000e+00 7.67163000e-05 1.00016000e+00 9.99929000e-01
6.26224000e+01 1.00914000e+00 1.00001000e+00 7.86200000e-05 1.00016000e+00 9.99927000e-01
6.27271000e+01 1.00861000e+00 1.00000000e+00 7.96527000e-05 1.00016000e+00 9.99925000e-01
6.28319000e+01 1.00798000e+00 1.00000000e+00 7.98091000e-05 1.00016000e+00 9.99925000e-01
6.29366000e+01 1.00727000e+00 1.00000000e+00 7.90932000e-05 1.00016000e+00 9.99925000e-01
6.30413000e+01 1.00649000e+00 1.00000000e+00 7.75186000e-05 1.00016000e+00 9.99926000e-01
6.31460000e+01 1.00563000e+00 1.00000000e+00 7.51083000e-05 1.00015000e+00 9.99928000e-01
6.32507000e+01 1.00472000e+00 1.00000000e+00 7.18939000e-05 1.00015000e+00 9.99931000e-01
6.33555000e+01 1.00376000e+00 1.00000000e+00 6.79159000e-05 1.00014000e+00 9.99934000e-01
6.34602000e+01 1.00277000e+00 1.00000000e+00 6.32227000e-05 1.00013000e+00 9.99938000e-01
6.35649000e+01 1.00175000e+00 1.00000000e+00 5.78702000e-05 1.00012000e+00 9.99943000e-01
6.36696000e+01 1.00072000e+00 1.00000000e+00 5.19211000e-05 1.00010000e+00 9.99948000e-01
6.37743000e+01 9.99686000e-01 1.00000000e+00 4.54442000e-05 1.00009000e+00 9.99954000e-01
6.38791000e+01 9.98665000e-01 9.99999000e-01 3.85136000e-05 1.00008000e+00 9.99961000e-01
6.39838000e+01 9.97666000e-01 9.99999000e-01 3.12079000e-05 1.00006000e+00 9.99967000e-01
6.40885000e+01 9.96700000e-01 9.99998000e-01 2.36092000e-05 1.00005000e+00 9.99974000e-01
6.41932000e+01 9.95778000e-01 9.99997000e-01 1.58023000e-05 1.00003000e+00 9.99982000e-01
6.42979000e+01 9.94908000e-01 9.99997000e-01 7.87365000e-06 1.00001000e+00 9.99989000e-01
6.44026000e+01 9.94101000e-01 9.99997000e-01 -8.94524000e-08 9.99996000e-01 9.99997000e-01
6.45074000e+01 9.93365000e-01 9.99996000e-01 -7.99996000e-06 9.99980000e-01 1.00000000e+00
6.46121000e+01 9.92707000e-01 9.99996000e-01 -1.57719000e-05 9.99964000e-01 1.00001000e+00
6.47168000e+01 9.92134000e-01 9.99995000e-01 -2.33216000e-05 9.99949000e-01 1.00002000e+00
6.48215000e+01 9.91651000e-01 9.99995000e-01 -3.05679000e-05 9.99934000e-01 1.00003000e+00
6.49262000e+01 9.91263000e-01 9.99995000e-01 -3.74340000e-05 9.99920000e-01 1.00003000e+00
6.50310000e+01 9.90974000e-01 9.99995000e-01 -4.38473000e-05 9.99907000e-01 1.00004000e+00
6.51357000e+01 9.90786000e-01 9.99995000e-01 -4.97409000e-05 9.99895000e-01 1.00004000e+00
6.52404000e+01 9.90701000e-01 9.99995000e-01 -5.50537000e-05 9.99885000e-01 1.00005000e+00
6.53451000e+01 9.90719000e-01 9.99995000e-01 -5.97318000e-05 9.99875000e-01 1.00005000e+00
6.54498000e+01 9.90839000e-01 9.99995000e-01 -6.37279000e-05 9.99867000e-01 1.00006000e+00
6.55546000e+01 9.91059000e-01 9.99995000e-01 -6.70031000e-05 9.99861000e-01 1.00006000e+00
6.56593000e+01 9.91378000e-01 9.99995000e-01 -6.95260000e-05 9.99856000e-01 1.00006000e+00
6.57640000e+01 9.91789000e-01 9.99995000e-01 -7.12741000e-05 9.99853000e-01 1.00007000e+00
6.58687000e+01 9.92290000e-01 9.99996000e-01 -7.22331000e-05 9.99851000e-01 1.00007000e+00
6.59734000e+01 9.92874000e-01 9.99996000e-01 -7.23976000e-05 9.99851000e-01 1.00007000e+00
6.60782000e+01 9.93534000e-01 9.99996000e-01 -7.17708000e-05 9.99853000e-01 1.00007000e+00
6.61829000e+01 9.94263000e-01 9.99997000e-01 -7.03646000e-05 9.99856000e-01 1.00007000e+00
6.62876000e+01 9.95052000e-01 9.99997000e-01 -6.81991000e-05 9.99861000e-01 1.00007000e+00
6.63923000e+01 9.95894000e-01 9.99998000e-01 -6.53028000e-05 9.99867000e-01 1.00006000e+00
6.64970000e+01 9.96778000e-01 9.99998000e-01 -6.17119000e-05 9.99875000e-01 1.00006000e+00
6.66018000e+01 9.97694000e-01 9.99999000e-01 -5.74698000e-05 9.99884000e-01 1.00006000e+00
6.67065000e+01 9.98632000e-01 9.99999000e-01 -5.26268000e-05 9.99894000e-01 1.00005000e+00
6.68112000e+01 9.99582000e-01 1.00000000e+00 -4.72396000e-05 9.99905000e-01 1.00005000e+00
6.69159000e+01 1.00053000e+00 1.00000000e+00 -4.13702000e-05 9.99918000e-01 1.00004000e+00
6.70206000e+01 1.00148000e+00 1.00000000e+00 -3.50857000e-05 9.99931000e-01 1.00004000e+00
6.71254000e+01 1.00240000e+00 1.00000000e+00 -2.84572000e-05 9.99945000e-01 1.00003000e+00
6.72301000e+01 1.00329000e+00 1.00000000e+00 -2.15590000e-05 9.99959000e-01 1.00002000e+00
6.73348000e+01 1.00414000e+00 1.00000000e+00 -1.44682000e-05 9.99974000e-01 1.00002000e+00
6.74395000e+01 1.00494000e+00 1.00000000e+00 -7.26320000e-06 9.99988000e-01 1.00001000e+00
6.75442000e+01 1.00568000e+00 1.00000000e+00 -2.33252000e-08 1.00000000e+00 1.00000000e+00
6.76490000e+01 1.00636000e+00 1.00000000e+00 7.17224000e-06 1.00002000e+00 9.99997000e-01
6.77537000e+01 1.00696000e+00 1.00000000e+00 1.42453000e-05 1.00003000e+00 9.99990000e-01
6.78584000e+01 1.00748000e+00 1.00000000e+00 2.11194000e-05 1.00005000e+00 9.99983000e-01
6.79631000e+01 1.00791000e+00 1.00000000e+00 2.77207000e-05 1.00006000e+00 9.99977000e-01
6.80678000e+01 1.00825000e+00 1.00000000e+00 3.39791000e-05 1.00007000e+00 9.99971000e-01
6.81726000e+01 1.00849000e+00 1.00000000e+00 3.98282000e-05 1.00008000e+00 9.99965000e-01
6.82773000e+01 1.00864000e+00 1.00000000e+00 4.52067000e-05 1.00010000e+00 9.99960000e-01
6.83820000e+01 1.00869000e+00 1.00000000e+00 5.00589000e-05 1.00011000e+00 9.99955000e-01
6.84867000e+01 1.00864000e+00 1.00000000e+00 5.43350000e-05 1.00011000e+00 9.99951000e-01
6.85914000e+01 1.00850000e+00 1.00000000e+00 5.79918000e-05 1.00012000e+00 9.99947000e-01
6.86962000e+01 1.00825000e+00 1.00000000e+00 6.09932000e-05 1.00013000e+00 9.99944000e-01
6.88009000e+01 1.00792000e+00 1.00000000e+00 6.33104000e-05 1.00013000e+00 9.99941000e-01
6.89056000e+01 1.00750000e+00 1.00000000e+00 6.49223000e-05 1.00013000e+00 9.99939000e-01
6.90103000e+01 1.00699000e+00 1.00000000e+00 6.58156000e-05 1.00014000e+00 9.99938000e-01
6.91150000e+01 1.00641000e+00 1.00000000e+00 6.59848000e-05 1.00014000e+00 9.99938000e-01
6.92198000e+01 1.00576000e+00 1.00000000e+00 6.54325000e-05 1.00013000e+00 9.99938000e-01
6.93245000e+01 1.00505000e+00 1.00000000e+00 6.41691000e-05 1.00013000e+00 9.99939000e-01
6.94292000e+01 1.00429000e+00 1.00000000e+00 6.22126000e-05 1.00013000e+00 9.99940000e-01
6.95339000e+01 1.00348000e+00 1.00000000e+00 5.95885000e-05 1.00012000e+00 9.99942000e-01
6.96386000e+01 1.00264000e+00 1.00000000e+00 5.63295000e-05 1.00011000e+00 9.99945000e-01
6.97434000e+01 1.00178000e+00 1.00000000e+00 5.24749000e-05 1.00011000e+00 9.99948000e-01
6.98481000e+01 1.00090000e+00 1.00000000e+00 4.80705000e-05 1.00010000e+00 9.99952000e-01
6.99528000e+01 1.00001000e+00 1.00000000e+00 4.31674000e-05 1.00009000e+00 9.99957000e-01
7.00575000e+01 9.99133000e-01 9.99999000e-01 3.78222000e-05 1.00008000e+00 9.99962000e-01
7.01622000e+01 9.98269000e-01 9.99999000e-01 3.20959000e-05 1.00006000e+00 9.99967000e-01
7.02670000e+01 9.97429000e-01 9.99998000e-01 2.60532000e-05 1.00005000e+00 9.99972000e-01
7.03717000e+01 9.96623000e-01 9.99998000e-01 1.97619000e-05 1.00004000e+00 9.99978000e-01
7.04764000e+01 9.95860000e-01 9.99998000e-01 1.32921000e-05 1.00002000e+00 9.99984000e-01
7.05811000e+01 9.95147000e-01 9.99997000e-01 6.71551000e-06 1.00001000e+00 9.99990000e-01
7.06858000e+01 9.94491000e-01 9.99997000e-01 1.04475000e-07 9.99997000e-01 9.99997000e-01
7.07906000e+01 9.93901000e-01 9.99996000e-01 -6.46867000e-06 9.99984000e-01 1.00000000e+00
7.08953000e+01 9.93382000e-01 9.99996000e-01 -1.29324000e-05 9.99970000e-01 1.00001000e+00
7.10000000e+01 9.92938000e-01 9.99996000e-01 -1.92170000e-05 9.99957000e-01 1.00002000e+00
7.11047000e+01 9.92575000e-01 9.99996000e-01 -2.52548000e-05 9.99945000e-01 1.00002000e+00
7.12094000e+01 9.92296000e-01 9.99996000e-01 -3.09814000e-05 9.99934000e-01 1.00003000e+00
7.13142000e+01 9.92104000e-01 9.99995000e-01 -3.63362000e-05 9.99923000e-01 1.00003000e+00
7.14189000e+01 9.92000000e-01 9.99995000e-01 -4.12630000e-05 9.99913000e-01 1.00004000e+00
7.15236000e+01 9.91985000e-01 9.99995000e-01 -4.57105000e-05 9.99904000e-01 1.00004000e+00
7.16283000e+01 9.92058000e-01 9.99995000e-01 -4.96330000e-05 9.99896000e-01 1.00005000e+00
7.17330000e+01 9.92219000e-01 9.99996000e-01 -5.29908000e-05 9.99890000e-01 1.00005000e+00
7.18378000e+01 9.92465000e-01 9.99996000e-01 -5.57505000e-05 9.99884000e-01 1.00005000e+00
7.19425000e+01 9.92794000e-01 9.99996000e-01 -5.78855000e-05 9.99880000e-01 1.00005000e+00
7.20472000e+01 9.93200000e-01 9.99996000e-01 -5.93762000e-05 9.99877000e-01 1.00006000e+00
7.21519000e+01 9.93681000e-01 9.99996000e-01 -6.02099000e-05 9.99876000e-01 1.00006000e+00
7.22566000e+01 9.94230000e-01 9.99997000e-01 -6.03815000e-05 9.99876000e-01 1.00006000e+00
7.23614000e+01 9.94841000e-01 9.99997000e-01 -5.98928000e-05 9.99877000e-01 1.00006000e+00
7.24661000e+01 9.95506000e-01 9.99997000e-01 -5.87530000e-05 9.99880000e-01 1.00006000e+00
7.25708000e+01 9.96220000e-01 9.99998000e-01 -5.69783000e-05 9.99884000e-01 1.00005000e+00
7.26755000e+01 9.96973000e-01 9.99998000e-01 -5.45916000e-05 9.99889000e-01 1.00005000e+00
7.27802000e+01 9.97757000e-01 9.99999000e-01 -5.16225000e-05 9.99896000e-01 1.00005000e+00
7.28849000e+01 9.98563000e-01 9.99999000e-01 -4.81068000e-05 9.99903000e-01 1.00005000e+00
7.29897000e+01 9.99383000e-01 1.00000000e+00 -4.40858000e-05 9.99912000e-01 1.00004000e+00
7.30944000e+01 1.00021000e+00 1.00000000e+00 -3.96064000e-05 9.99921000e-01 1.00004000e+00
7.31991000e+01 1.00103000e+00 1.00000000e+00 -3.47200000e-05 9.99931000e-01 1.00004000e+00
7.33038000e+01 1.00183000e+00 1.00000000e+00 -2.94823000e-05 9.99942000e-01 1.00003000e+00
7.34085000e+01 1.00261000e+00 1.00000000e+00 -2.39523000e-05 9.99954000e-01 1.00003000e+00
7.35133000e+01 1.00336000e+00 1.00000000e+00 -1.81921000e-05 9.99966000e-01 1.00002000e+00
7.36180000e+01 1.00407000e+00 1.00000000e+00 -1.22659000e-05 9.99978000e-01 1.00001000e+00
7.37227000e+01 1.00473000e+00 1.00000000e+00 -6.23911000e-06 9.99990000e-01 1.00001000e+00
7.38274000e+01 1.00534000e+00 1.00000000e+00 -1.78217000e-07 1.00000000e+00 1.00000000e+00
7.39321000e+01 1.00588000e+00 1.00000000e+00 5.85050000e-06 1.00002000e+00 9.99998000e-01
7.40369000e+01 1.00635000e+00 1.00000000e+00 1.17814000e-05 1.00003000e+00 9.99992000e-01
7.41416000e+01 1.00676000e+00 1.00000000e+00 1.75504000e-05 1.00004000e+00 9.99986000e-01
7.42463000e+01 1.00708000e+00 1.00000000e+00 2.30954000e-05 1.00005000e+00 9.99981000e-01
7.43510000e+01 1.00732000e+00 1.00000000e+00 2.83570000e-05 1.00006000e+00 9.99976000e-01
7.44557000e+01 1.00748000e+00 1.00000000e+00 3.32796000e-05 1.00007000e+00 9.99971000e-01
7.45605000e+01 1.00755000e+00 1.00000000e+00 3.78113000e-05 1.00008000e+00 9.99967000e-01
7.46652000e+01 1.00754000e+00 1.00000000e+00 4.19047000e-05 1.00009000e+00 9.99962000e-01
7.47699000e+01 1.00744000e+00 1.00000000e+00 4.55177000e-05 1.00010000e+00 9.99959000e-01
7.48746000e+01 1.00726000e+00 1.00000000e+00 4.86134000e-05 1.00010000e+00 9.99956000e-01
7.49793000e+01 1.00699000e+00 1.00000000e+00 5.11611000e-05 1.00011000e+00 9.99953000e-01
7.50841000e+01 1.00665000e+00 1.00000000e+00 5.31358000e-05 1.00011000e+00 9.99951000e-01
7.51888000e+01 1.00624000e+00 1.00000000e+00 5.45193000e-05 1.00011000e+00 9.99949000e-01
7.52935000e+01 1.00576000e+00 1.00000000e+00 5.52997000e-05 1.00011000e+00 9.99948000e-01
7.53982000e+01 1.00521000e+00 1.00000000e+00 5.54719000e-05 1.00011000e+00 9.99947000e-01
7.55029000e+01 1.00461000e+00 1.00000000e+00 5.50372000e-05 1.00011000e+00 9.99948000e-01
7.56077000e+01 1.00396000e+00 1.00000000e+00 5.40039000e-05 1.00011000e+00 9.99948000e-01
7.57124000e+01 1.00327000e+00 1.00000000e+00 5.23864000e-05 1.00011000e+00 9.99949000e-01
7.58171000e+01 1.00255000e+00 1.00000000e+00 5.02058000e-05 1.00010000e+00 9.99951000e-01
7.59218000e+01 1.00180000e+00 1.00000000e+00 4.74888000e-05 1.00010000e+00 9.99954000e-01
7.60265000e+01 1.00103000e+00 1.00000000e+00 4.42680000e-05 1.00009000e+00 9.99956000e-01
7.61313000e+01 1.00026000e+00 1.00000000e+00 4.05815000e-05 1.00008000e+00 9.99960000e-01
7.62360000e+01 9.99490000e-01 1.00000000e+00 3.64719000e-05 1.00007000e+00 9.99963000e-01
7.63407000e+01 9.98729000e-01 9.99999000e-01 3.19865000e-05 1.00006000e+00 9.99967000e-01
7.64454000e+01 9.97986000e-01 9.99999000e-01 2.71763000e-05 1.00005000e+00 9.99972000e-01
7.65501000e+01 9.97270000e-01 9.99998000e-01 2.20955000e-05 1.00004000e+00 9.99976000e-01
7.66549000e+01 9.96588000e-01 9.99998000e-01 1.68010000e-05 1.00003000e+00 9.99981000e-01
7.67596000e+01 9.95947000e-01 9.99998000e-01 1.13519000e-05 1.00002000e+00 9.99986000e-01
7.68643000e+01 9.95354000e-01 9.99997000e-01 5.80846000e-06 1.00001000e+00 9.99991000e-01
7.69690000e+01 9.94817000e-01 9.99997000e-01 2.31634000e-07 9.99997000e-01 9.99997000e-01
7.70737000e+01 9.94339000e-01 9.99997000e-01 -5.31751000e-06 9.99986000e-01 1.00000000e+00
7.71785000e+01 9.93926000e-01 9.99996000e-01 -1.07785000e-05 9.99975000e-01 1.00001000e+00
7.72832000e+01 9.93583000e-01 9.99996000e-01 -1.60924000e-05 9.99964000e-01 1.00001000e+00
7.73879000e+01 9.93312000e-01 9.99996000e-01 -2.12018000e-05 9.99954000e-01 1.00002000e+00
7.74926000e+01 9.93117000e-01 9.99996000e-01 -2.60522000e-05 9.99944000e-01 1.00002000e+00
7.75973000e+01 9.92998000e-01 9.99996000e-01 -3.05919000e-05 9.99935000e-01 1.00003000e+00
7.77021000e+01 9.92958000e-01 9.99996000e-01 -3.47732000e-05 9.99926000e-01 1.00003000e+00
7.78068000e+01 9.92996000e-01 9.99996000e-01 -3.85523000e-05 9.99919000e-01 1.00003000e+00
7.79115000e+01 9.93111000e-01 9.99996000e-01 -4.18902000e-05 9.99912000e-01 1.00004000e+00
7.80162000e+01 9.93302000e-01 9.99996000e-01 -4.47528000e-05 9.99907000e-01 1.00004000e+00
7.81209000e+01 9.93566000e-01 9.99996000e-01 -4.71113000e-05 9.99902000e-01 1.00004000e+00
7.82257000e+01 9.93901000e-01 9.99997000e-01 -4.89428000e-05 9.99899000e-01 1.00005000e+00
7.83304000e+01 9.94302000e-01 9.99997000e-01 -5.02301000e-05 9.99896000e-01 1.00005000e+00
7.84351000e+01 9.94765000e-01 9.99997000e-01 -5.09620000e-05 9.99895000e-01 1.00005000e+00
7.85398000e+01 9.95284000e-01 9.99997000e-01 -5.11335000e-05 9.99895000e-01 1.00005000e+00
7.86445000e+01 9.95855000e-01 9.99998000e-01 -5.07457000e-05 9.99896000e-01 1.00005000e+00
7.87493000e+01 9.96469000e-01 9.99998000e-01 -4.98057000e-05 9.99898000e-01 1.00005000e+00
7.88540000e+01 9.97121000e-01 9.99998000e-01 -4.83268000e-05 9.99902000e-01 1.00005000e+00
7.89587000e+01 9.97803000e-01 9.99999000e-01 -4.63279000e-05 9.99906000e-01 1.00005000e+00
7.90634000e+01 9.98508000e-01 9.99999000e-01 -4.38336000e-05 9.99912000e-01 1.00004000e+00
7.91681000e+01 9.99227000e-01 1.00000000e+00 -4.08738000e-05 9.99918000e-01 1.00004000e+00
7.92729000e+01 9.99953000e-01 1.00000000e+00 -3.74831000e-05 9.99925000e-01 1.00004000e+00
7.93776000e+01 1.00068000e+00 1.00000000e+00 -3.37008000e-05 9.99933000e-01 1.00003000e+00
7.94823000e+01 1.00139000e+00 1.00000000e+00 -2.95702000e-05 9.99942000e-01 1.00003000e+00
7.95870000e+01 1.00209000e+00 1.00000000e+00 -2.51383000e-05 9.99951000e-01 1.00003000e+00
7.96917000e+01 1.00276000e+00 1.00000000e+00 -2.04551000e-05 9.99961000e-01 1.00002000e+00
7.97965000e+01 1.00340000e+00 1.00000000e+00 -1.55728000e-05 9.99971000e-01 1.00002000e+00
7.99012000e+01 1.00400000e+00 1.00000000e+00 -1.05459000e-05 9.99981000e-01 1.00001000e+00
8.00059000e+01 1.00455000e+00 1.00000000e+00 -5.42989000e-06 9.99992000e-01 1.00001000e+00
8.01106000e+01 1.00505000e+00 1.00000000e+00 -2.81193000e-07 1.00000000e+00 1.00000000e+00
8.02153000e+01 1.00549000e+00 1.00000000e+00 4.84387000e-06 1.00001000e+00 9.99998000e-01
8.03201000e+01 1.00586000e+00 1.00000000e+00 9.88948000e-06 1.00002000e+00 9.99993000e-01
8.04248000e+01 1.00617000e+00 1.00000000e+00 1.48010000e-05 1.00003000e+00 9.99989000e-01
8.05295000e+01 1.00641000e+00 1.00000000e+00 1.95254000e-05 1.00004000e+00 9.99984000e-01
8.06342000e+01 1.00658000e+00 1.00000000e+00 2.40122000e-05 1.00005000e+00 9.99980000e-01
8.07389000e+01 1.00667000e+00 1.00000000e+00 2.82136000e-05 1.00006000e+00 9.99976000e-01
8.08437000e+01 1.00668000e+00 1.00000000e+00 3.20852000e-05 1.00007000e+00 9.99972000e-01
8.09484000e+01 1.00662000e+00 1.00000000e+00 3.55864000e-05 1.00007000e+00 9.99968000e-01
8.10531000e+01 1.00648000e+00 1.00000000e+00 3.86809000e-05 1.00008000e+00 9.99965000e-01
8.11578000e+01 1.00628000e+00 1.00000000e+00 4.13370000e-05 1.00009000e+00 9.99962000e-01
8.12625000e+01 1.00600000e+00 1.00000000e+00 4.35280000e-05 1.00009000e+00 9.99960000e-01
8.13672000e+01 1.00565000e+00 1.00000000e+00 4.52323000e-05 1.00009000e+00 9.99958000e-01
8.14720000e+01 1.00525000e+00 1.00000000e+00 4.64338000e-05 1.00010000e+00 9.99957000e-01
8.15767000e+01 1.00478000e+00 1.00000000e+00 4.71220000e-05 1.00010000e+00 9.99956000e-01
8.16814000e+01 1.00427000e+00 1.00000000e+00 4.72919000e-05 1.00010000e+00 9.99955000e-01
8.17861000e+01 1.00371000e+00 1.00000000e+00 4.69444000e-05 1.00010000e+00 9.99955000e-01
8.18908000e+01 1.00310000e+00 1.00000000e+00 4.60858000e-05 1.00009000e+00 9.99956000e-01
8.19956000e+01 1.00247000e+00 1.00000000e+00 4.47282000e-05 1.00009000e+00 9.99957000e-01
8.21003000e+01 1.00181000e+00 1.00000000e+00 4.28890000e-05 1.00009000e+00 9.99958000e-01
8.22050000e+01 1.00114000e+00 1.00000000e+00 4.05905000e-05 1.00008000e+00 9.99960000e-01
8.23097000e+01 1.00046000e+00 1.00000000e+00 3.78604000e-05 1.00008000e+00 9.99962000e-01
8.24144000e+01 9.99769000e-01 1.00000000e+00 3.47305000e-05 1.00007000e+00 9.99965000e-01
8.25192000e+01 9.99089000e-01 9.99999000e-01 3.12370000e-05 1.00006000e+00 9.99968000e-01
8.26239000e+01 9.98422000e-01 9.99999000e-01 2.74200000e-05 1.00005000e+00 9.99972000e-01
8.27286000e+01 9.97776000e-01 9.99999000e-01 2.33227000e-05 1.00005000e+00 9.99975000e-01
8.28333000e+01 9.97157000e-01 9.99998000e-01 1.89913000e-05 1.00004000e+00 9.99979000e-01
8.29380000e+01 9.96573000e-01 9.99998000e-01 1.44743000e-05 1.00003000e+00 9.99984000e-01
8.30428000e+01 9.96030000e-01 9.99998000e-01 9.82183000e-06 1.00002000e+00 9.99988000e-01
8.31475000e+01 9.95533000e-01 9.99997000e-01 5.08545000e-06 1.00001000e+00 9.99992000e-01
8.32522000e+01 9.95088000e-01 9.99997000e-01 3.17261000e-07 9.99998000e-01 9.99997000e-01
8.33569000e+01 9.94700000e-01 9.99997000e-01 -4.43053000e-06 9.99988000e-01 1.00000000e+00
8.34616000e+01 9.94372000e-01 9.99997000e-01 -9.10619000e-06 9.99979000e-01 1.00001000e+00
8.35664000e+01 9.94107000e-01 9.99997000e-01 -1.36590000e-05 9.99969000e-01 1.00001000e+00
8.36711000e+01 9.93909000e-01 9.99996000e-01 -1.80400000e-05 9.99960000e-01 1.00001000e+00
8.37758000e+01 9.93780000e-01 9.99996000e-01 -2.22021000e-05 9.99952000e-01 1.00002000e+00
8.38805000e+01 9.93719000e-01 9.99996000e-01 -2.61010000e-05 9.99944000e-01 1.00002000e+00
8.39852000e+01 9.93729000e-01 9.99996000e-01 -2.96955000e-05 9.99937000e-01 1.00003000e+00
8.40900000e+01 9.93808000e-01 9.99996000e-01 -3.29478000e-05 9.99931000e-01 1.00003000e+00
8.41947000e+01 9.93955000e-01 9.99997000e-01 -3.58241000e-05 9.99925000e-01 1.00003000e+00
8.42994000e+01 9.94169000e-01 9.99997000e-01 -3.82949000e-05 9.99920000e-01 1.00003000e+00
8.44041000e+01 9.94447000e-01 9.99997000e-01 -4.03352000e-05 9.99916000e-01 1.00004000e+00
8.45088000e+01 9.94785000e-01 9.99997000e-01 -4.19249000e-05 9.99913000e-01 1.00004000e+00
8.46136000e+01 9.95181000e-01 9.99997000e-01 -4.30489000e-05 9.99911000e-01 1.00004000e+00
8.47183000e+01 9.95629000e-01 9.99998000e-01 -4.36971000e-05 9.99910000e-01 1.00004000e+00
8.48230000e+01 9.96124000e-01 9.99998000e-01 -4.38649000e-05 9.99910000e-01 1.00004000e+00
8.49277000e+01 9.96661000e-01 9.99998000e-01 -4.35527000e-05 9.99911000e-01 1.00004000e+00
8.50324000e+01 9.97234000e-01 9.99998000e-01 -4.27664000e-05 9.99913000e-01 1.00004000e+00
8.51372000e+01 9.97836000e-01 9.99999000e-01 -4.15168000e-05 9.99916000e-01 1.00004000e+00
8.52419000e+01 9.98461000e-01 9.99999000e-01 -3.98198000e-05 9.99920000e-01 1.00004000e+00
8.53466000e+01 9.99101000e-01 1.00000000e+00 -3.76961000e-05 9.99924000e-01 1.00004000e+00
8.54513000e+01 9.99750000e-01 1.00000000e+00 -3.51710000e-05 9.99930000e-01 1.00004000e+00
8.55560000e+01 1.00040000e+00 1.00000000e+00 -3.22741000e-05 9.99936000e-01 1.00003000e+00
8.56608000e+01 1.00104000e+00 1.00000000e+00 -2.90387000e-05 9.99943000e-01 1.00003000e+00
8.57655000e+01 1.00167000e+00 1.00000000e+00 -2.55017000e-05 9.99950000e-01 1.00003000e+00
8.58702000e+01 1.00228000e+00 1.00000000e+00 -2.17034000e-05 9.99958000e-01 1.00002000e+00
8.59749000e+01 1.00287000e+00 1.00000000e+00 -1.76863000e-05 9.99966000e-01 1.00002000e+00
8.60796000e+01 1.00342000e+00 1.00000000e+00 -1.34955000e-05 9.99975000e-01 1.00002000e+00
8.61844000e+01 1.00393000e+00 1.00000000e+00 -9.17745000e-06 9.99984000e-01 1.00001000e+00
8.62891000e+01 1.00439000e+00 1.00000000e+00 -4.77997000e-06 9.99993000e-01 1.00001000e+00
8.63938000e+01 1.00480000e+00 1.00000000e+00 -3.51435000e-07 1.00000000e+00 1.00000000e+00
8.64985000e+01 1.00516000e+00 1.00000000e+00 4.05965000e-06 1.00001000e+00 9.99999000e-01
8.66032000e+01 1.00546000e+00 1.00000000e+00 8.40521000e-06 1.00002000e+00 9.99995000e-01
8.67080000e+01 1.00570000e+00 1.00000000e+00 1.26381000e-05 1.00003000e+00 9.99991000e-01
8.68127000e+01 1.00587000e+00 1.00000000e+00 1.67127000e-05 1.00004000e+00 9.99987000e-01
8.69174000e+01 1.00597000e+00 1.00000000e+00 2.05852000e-05 1.00004000e+00 9.99983000e-01
8.70221000e+01 1.00601000e+00 1.00000000e+00 2.42143000e-05 1.00005000e+00 9.99979000e-01
8.71268000e+01 1.00598000e+00 1.00000000e+00 2.75615000e-05 1.00006000e+00 9.99976000e-01
8.72316000e+01 1.00588000e+00 1.00000000e+00 3.05917000e-05 1.00006000e+00 9.99973000e-01
8.73363000e+01 1.00571000e+00 1.00000000e+00 3.32733000e-05 1.00007000e+00 9.99970000e-01
8.74410000e+01 1.00548000e+00 1.00000000e+00 3.55786000e-05 1.00007000e+00 9.99968000e-01
8.75457000e+01 1.00519000e+00 1.00000000e+00 3.74843000e-05 1.00008000e+00 9.99965000e-01
8.76504000e+01 1.00485000e+00 1.00000000e+00 3.89714000e-05 1.00008000e+00 9.99964000e-01
8.77552000e+01 1.00445000e+00 1.00000000e+00 4.00257000e-05 1.00008000e+00 9.99963000e-01
8.78599000e+01 1.00400000e+00 1.00000000e+00 4.06378000e-05 1.00008000e+00 9.99962000e-01
8.79646000e+01 1.00351000e+00 1.00000000e+00 4.08029000e-05 1.00008000e+00 9.99961000e-01
8.80693000e+01 1.00298000e+00 1.00000000e+00 4.05216000e-05 1.00008000e+00 9.99961000e-01
8.81740000e+01 1.00242000e+00 1.00000000e+00 3.97989000e-05 1.00008000e+00 9.99962000e-01
8.82788000e+01 1.00183000e+00 1.00000000e+00 3.86448000e-05 1.00008000e+00 9.99962000e-01
8.83835000e+01 1.00123000e+00 1.00000000e+00 3.70739000e-05 1.00007000e+00 9.99964000e-01
8.84882000e+01 1.00061000e+00 1.00000000e+00 3.51054000e-05 1.00007000e+00 9.99965000e-01
8.85929000e+01 9.99994000e-01 1.00000000e+00 3.27627000e-05 1.00007000e+00 9.99967000e-01
8.86976000e+01 9.99378000e-01 1.00000000e+00 3.00730000e-05 1.00006000e+00 9.99970000e-01
8.88024000e+01 9.98771000e-01 9.99999000e-01 2.70675000e-05 1.00005000e+00 9.99972000e-01
8.89071000e+01 9.98180000e-01 9.99999000e-01 2.37803000e-05 1.00005000e+00 9.99975000e-01
8.90118000e+01 9.97612000e-01 9.99999000e-01 2.02487000e-05 1.00004000e+00 9.99978000e-01
8.91165000e+01 9.97073000e-01 9.99998000e-01 1.65124000e-05 1.00003000e+00 9.99982000e-01
8.92212000e+01 9.96568000e-01 9.99998000e-01 1.26132000e-05 1.00002000e+00 9.99985000e-01
8.93260000e+01 9.96104000e-01 9.99998000e-01 8.59445000e-06 1.00001000e+00 9.99989000e-01
8.94307000e+01 9.95684000e-01 9.99998000e-01 4.50049000e-06 1.00001000e+00 9.99993000e-01
8.95354000e+01 9.95315000e-01 9.99997000e-01 3.76425000e-07 9.99998000e-01 9.99997000e-01
8.96401000e+01 9.94998000e-01 9.99997000e-01 -3.73257000e-06 9.99990000e-01 1.00000000e+00
8.97448000e+01 9.94739000e-01 9.99997000e-01 -7.78171000e-06 9.99981000e-01 1.00000000e+00
8.98495000e+01 9.94538000e-01 9.99997000e-01 -1.17271000e-05 9.99973000e-01 1.00001000e+00
8.99543000e+01 9.94399000e-01 9.99997000e-01 -1.55260000e-05 9.99966000e-01 1.00001000e+00
9.00590000e+01 9.94323000e-01 9.99997000e-01 -1.91378000e-05 9.99958000e-01 1.00002000e+00
9.01637000e+01 9.94309000e-01 9.99997000e-01 -2.25238000e-05 9.99952000e-01 1.00002000e+00
9.02684000e+01 9.94359000e-01 9.99997000e-01 -2.56482000e-05 9.99945000e-01 1.00002000e+00
9.03731000e+01 9.94471000e-01 9.99997000e-01 -2.84779000e-05 9.99940000e-01 1.00003000e+00
9.04779000e+01 9.94645000e-01 9.99997000e-01 -3.09836000e-05 9.99935000e-01 1.00003000e+00
9.05826000e+01 9.94877000e-01 9.99997000e-01 -3.31392000e-05 9.99931000e-01 1.00003000e+00
9.06873000e+01 9.95165000e-01 9.99997000e-01 -3.49230000e-05 9.99927000e-01 1.00003000e+00
9.07920000e+01 9.95507000e-01 9.99997000e-01 -3.63170000e-05 9.99925000e-01 1.00003000e+00
9.08967000e+01 9.95897000e-01 9.99998000e-01 -3.73080000e-05 9.99923000e-01 1.00003000e+00
9.10015000e+01 9.96333000e-01 9.99998000e-01 -3.78869000e-05 9.99922000e-01 1.00004000e+00
9.11062000e+01 9.96808000e-01 9.99998000e-01 -3.80492000e-05 9.99922000e-01 1.00004000e+00
9.12109000e+01 9.97317000e-01 9.99998000e-01 -3.77952000e-05 9.99923000e-01 1.00004000e+00
9.13156000e+01 9.97855000e-01 9.99999000e-01 -3.71294000e-05 9.99925000e-01 1.00004000e+00
9.14203000e+01 9.98417000e-01 9.99999000e-01 -3.60611000e-05 9.99927000e-01 1.00004000e+00
9.15251000e+01 9.98994000e-01 9.99999000e-01 -3.46037000e-05 9.99930000e-01 1.00003000e+00
9.16298000e+01 9.99582000e-01 1.00000000e+00 -3.27748000e-05 9.99934000e-01 1.00003000e+00
9.17345000e+01 1.00017000e+00 1.00000000e+00 -3.05962000e-05 9.99939000e-01 1.00003000e+00
9.18392000e+01 1.00076000e+00 1.00000000e+00 -2.80933000e-05 9.99944000e-01 1.00003000e+00
9.19439000e+01 1.00134000e+00 1.00000000e+00 -2.52947000e-05 9.99950000e-01 1.00003000e+00
9.20487000e+01 1.00190000e+00 1.00000000e+00 -2.22324000e-05 9.99957000e-01 1.00002000e+00
9.21534000e+01 1.00244000e+00 1.00000000e+00 -1.89411000e-05 9.99964000e-01 1.00002000e+00
9.22581000e+01 1.00295000e+00 1.00000000e+00 -1.54577000e-05 9.99971000e-01 1.00002000e+00
9.23628000e+01 1.00343000e+00 1.00000000e+00 -1.18210000e-05 9.99978000e-01 1.00001000e+00
9.24675000e+01 1.00386000e+00 1.00000000e+00 -8.07156000e-06 9.99986000e-01 1.00001000e+00
9.25723000e+01 1.00426000e+00 1.00000000e+00 -4.25076000e-06 9.99994000e-01 1.00001000e+00
9.26770000e+01 1.00460000e+00 1.00000000e+00 -4.00637000e-07 1.00000000e+00 1.00000000e+00
9.27817000e+01 1.00489000e+00 1.00000000e+00 3.43662000e-06 1.00001000e+00 9.99999000e-01
9.28864000e+01 1.00512000e+00 1.00000000e+00 7.21917000e-06 1.00002000e+00 9.99996000e-01
9.29911000e+01 1.00530000e+00 1.00000000e+00 1.09059000e-05 1.00002000e+00 9.99992000e-01
9.30959000e+01 1.00542000e+00 1.00000000e+00 1.44571000e-05 1.00003000e+00 9.99989000e-01
9.32006000e+01 1.00547000e+00 1.00000000e+00 1.78345000e-05 1.00004000e+00 9.99985000e-01
9.33053000e+01 1.00546000e+00 1.00000000e+00 2.10020000e-05 1.00005000e+00 9.99982000e-01
9.34100000e+01 1.00540000e+00 1.00000000e+00 2.39260000e-05 1.00005000e+00 9.99979000e-01
9.35147000e+01 1.00527000e+00 1.00000000e+00 2.65755000e-05 1.00006000e+00 9.99976000e-01
9.36195000e+01 1.00508000e+00 1.00000000e+00 2.89229000e-05 1.00006000e+00 9.99974000e-01
9.37242000e+01 1.00483000e+00 1.00000000e+00 3.09439000e-05 1.00006000e+00 9.99972000e-01
9.38289000e+01 1.00453000e+00 1.00000000e+00 3.26179000e-05 1.00007000e+00 9.99970000e-01
9.39336000e+01 1.00419000e+00 1.00000000e+00 3.39281000e-05 1.00007000e+00 9.99968000e-01
9.40383000e+01 1.00379000e+00 1.00000000e+00 3.48617000e-05 1.00007000e+00 9.99967000e-01
9.41431000e+01 1.00336000e+00 1.00000000e+00 3.54104000e-05 1.00007000e+00 9.99967000e-01
9.42478000e+01 1.00288000e+00 1.00000000e+00 3.55698000e-05 1.00007000e+00 9.99966000e-01
9.43525000e+01 1.00238000e+00 1.00000000e+00 3.53398000e-05 1.00007000e+00 9.99966000e-01
9.44572000e+01 1.00185000e+00 1.00000000e+00 3.47247000e-05 1.00007000e+00 9.99966000e-01
9.45619000e+01 1.00131000e+00 1.00000000e+00 3.37329000e-05 1.00007000e+00 9.99967000e-01
9.46667000e+01 1.00075000e+00 1.00000000e+00 3.23769000e-05 1.00007000e+00 9.99968000e-01
9.47714000e+01 1.00018000e+00 1.00000000e+00 3.06731000e-05 1.00006000e+00 9.99969000e-01
9.48761000e+01 9.99616000e-01 1.00000000e+00 2.86416000e-05 1.00006000e+00 9.99971000e-01
9.49808000e+01 9.99057000e-01 9.99999000e-01 2.63061000e-05 1.00005000e+00 9.99973000e-01
9.50855000e+01 9.98510000e-01 9.99999000e-01 2.36935000e-05 1.00005000e+00 9.99975000e-01
9.51903000e+01 9.97982000e-01 9.99999000e-01 2.08333000e-05 1.00004000e+00 9.99978000e-01
9.52950000e+01 9.97478000e-01 9.99999000e-01 1.77581000e-05 1.00003000e+00 9.99981000e-01
9.53997000e+01 9.97004000e-01 9.99998000e-01 1.45022000e-05 1.00003000e+00 9.99984000e-01
9.55044000e+01 9.96565000e-01 9.99998000e-01 1.11021000e-05 1.00002000e+00 9.99987000e-01
9.56091000e+01 9.96166000e-01 9.99998000e-01 7.59554000e-06 1.00001000e+00 9.99990000e-01
9.57139000e+01 9.95810000e-01 9.99998000e-01 4.02121000e-06 1.00001000e+00 9.99994000e-01
9.58186000e+01 9.95503000e-01 9.99997000e-01 4.18479000e-07 9.99998000e-01 9.99997000e-01
9.59233000e+01 9.95246000e-01 9.99997000e-01 -3.17319000e-06 9.99991000e-01 1.00000000e+00
9.60280000e+01 9.95043000e-01 9.99997000e-01 -6.71462000e-06 9.99984000e-01 1.00000000e+00
9.61327000e+01 9.94895000e-01 9.99997000e-01 -1.01674000e-05 9.99977000e-01 1.00001000e+00
9.62375000e+01 9.94805000e-01 9.99997000e-01 -1.34941000e-05 9.99970000e-01 1.00001000e+00
9.63422000e+01 9.94772000e-01 9.99997000e-01 -1.66590000e-05 9.99964000e-01 1.00001000e+00
9.64469000e+01 9.94798000e-01 9.99997000e-01 -1.96282000e-05 9.99958000e-01 1.00002000e+00
9.65516000e+01 9.94881000e-01 9.99997000e-01 -2.23703000e-05 9.99952000e-01 1.00002000e+00
9.66563000e+01 9.95021000e-01 9.99997000e-01 -2.48561000e-05 9.99947000e-01 1.00002000e+00
9.67611000e+01 9.95216000e-01 9.99997000e-01 -2.70596000e-05 9.99943000e-01 1.00002000e+00
9.68658000e+01 9.95464000e-01 9.99997000e-01 -2.89581000e-05 9.99939000e-01 1.00003000e+00
9.69705000e+01 9.95762000e-01 9.99998000e-01 -3.05321000e-05 9.99937000e-01 1.00003000e+00
9.70752000e+01 9.96106000e-01 9.99998000e-01 -3.17657000e-05 9.99934000e-01 1.00003000e+00
9.71799000e+01 9.96492000e-01 9.99998000e-01 -3.26470000e-05 9.99933000e-01 1.00003000e+00
9.72847000e+01 9.96917000e-01 9.99998000e-01 -3.31679000e-05 9.99932000e-01 1.00003000e+00
9.73894000e+01 9.97376000e-01 9.99999000e-01 -3.33242000e-05 9.99932000e-01 1.00003000e+00
9.74941000e+01 9.97862000e-01 9.99999000e-01 -3.31157000e-05 9.99933000e-01 1.00003000e+00
9.75988000e+01 9.98372000e-01 9.99999000e-01 -3.25464000e-05 9.99934000e-01 1.00003000e+00
9.77035000e+01 9.98899000e-01 9.99999000e-01 -3.16238000e-05 9.99936000e-01 1.00003000e+00
9.78083000e+01 9.99438000e-01 1.00000000e+00 -3.03597000e-05 9.99939000e-01 1.00003000e+00
9.79130000e+01 9.99982000e-01 1.00000000e+00 -2.87693000e-05 9.99942000e-01 1.00003000e+00
9.80177000e+01 1.00052000e+00 1.00000000e+00 -2.68712000e-05 9.99947000e-01 1.00003000e+00
9.81224000e+01 1.00106000e+00 1.00000000e+00 -2.46876000e-05 9.99951000e-01 1.00003000e+00
9.82271000e+01 1.00158000e+00 1.00000000e+00 -2.22435000e-05 9.99956000e-01 1.00002000e+00
9.83319000e+01 1.00209000e+00 1.00000000e+00 -1.95667000e-05 9.99962000e-01 1.00002000e+00
9.84366000e+01 1.00257000e+00 1.00000000e+00 -1.66875000e-05 9.99968000e-01 1.00002000e+00
9.85413000e+01 1.00302000e+00 1.00000000e+00 -1.36380000e-05 9.99974000e-01 1.00002000e+00
9.86460000e+01 1.00344000e+00 1.00000000e+00 -1.04523000e-05 9.99981000e-01 1.00001000e+00
9.87507000e+01 1.00381000e+00 1.00000000e+00 -7.16580000e-06 9.99988000e-01 1.00001000e+00
9.88554000e+01 1.00414000e+00 1.00000000e+00 -3.81481000e-06 9.99995000e-01 1.00001000e+00
9.89602000e+01 1.00443000e+00 1.00000000e+00 -4.36195000e-07 1.00000000e+00 1.00000000e+00
9.90649000e+01 1.00466000e+00 1.00000000e+00 2.93304000e-06 1.00001000e+00 1.00000000e+00
9.91696000e+01 1.00485000e+00 1.00000000e+00 6.25613000e-06 1.00002000e+00 9.99997000e-01
9.92743000e+01 1.00497000e+00 1.00000000e+00 9.49697000e-06 1.00002000e+00 9.99993000e-01
9.93790000e+01 1.00504000e+00 1.00000000e+00 1.26205000e-05 1.00003000e+00 9.99990000e-01
9.94838000e+01 1.00506000e+00 1.00000000e+00 1.55931000e-05 1.00003000e+00 9.99987000e-01
9.95885000e+01 1.00501000e+00 1.00000000e+00 1.83830000e-05 1.00004000e+00 9.99984000e-01
9.96932000e+01 1.00491000e+00 1.00000000e+00 2.09603000e-05 1.00004000e+00 9.99982000e-01
9.97979000e+01 1.00476000e+00 1.00000000e+00 2.32980000e-05 1.00005000e+00 9.99979000e-01
9.99026000e+01 1.00455000e+00 1.00000000e+00 2.53713000e-05 1.00005000e+00 9.99977000e-01
1.00007000e+02 1.00429000e+00 1.00000000e+00 2.71588000e-05 1.00006000e+00 9.99975000e-01
1.00112000e+02 1.00398000e+00 1.00000000e+00 2.86421000e-05 1.00006000e+00 9.99974000e-01
1.00217000e+02 1.00363000e+00 1.00000000e+00 2.98063000e-05 1.00006000e+00 9.99972000e-01
1.00322000e+02 1.00324000e+00 1.00000000e+00 3.06400000e-05 1.00006000e+00 9.99971000e-01
1.00426000e+02 1.00282000e+00 1.00000000e+00 3.11355000e-05 1.00006000e+00 9.99970000e-01
1.00531000e+02 1.00236000e+00 1.00000000e+00 3.12887000e-05 1.00006000e+00 9.99970000e-01
1.00636000e+02 1.00188000e+00 1.00000000e+00 3.10994000e-05 1.00006000e+00 9.99970000e-01
1.00740000e+02 1.00138000e+00 1.00000000e+00 3.05710000e-05 1.00006000e+00 9.99970000e-01
1.00845000e+02 1.00086000e+00 1.00000000e+00 2.97108000e-05 1.00006000e+00 9.99971000e-01
1.00950000e+02 1.00034000e+00 1.00000000e+00 2.85294000e-05 1.00006000e+00 9.99972000e-01
1.01055000e+02 9.99817000e-01 1.00000000e+00 2.70412000e-05 1.00005000e+00 9.99973000e-01
1.01159000e+02 9.99296000e-01 1.00000000e+00 2.52636000e-05 1.00005000e+00 9.99974000e-01
1.01264000e+02 9.98784000e-01 9.99999000e-01 2.32173000e-05 1.00005000e+00 9.99976000e-01
1.01369000e+02 9.98288000e-01 9.99999000e-01 2.09256000e-05 1.00004000e+00 9.99978000e-01
1.01473000e+02 9.97812000e-01 9.99999000e-01 1.84147000e-05 1.00004000e+00 9.99980000e-01
1.01578000e+02 9.97362000e-01 9.99998000e-01 1.57129000e-05 1.00003000e+00 9.99983000e-01
1.01683000e+02 9.96942000e-01 9.99998000e-01 1.28504000e-05 1.00002000e+00 9.99985000e-01
1.01788000e+02 9.96558000e-01 9.99998000e-01 9.85923000e-06 1.00002000e+00 9.99988000e-01
1.01892000e+02 9.96214000e-01 9.99998000e-01 6.77251000e-06 1.00001000e+00 9.99991000e-01
1.01997000e+02 9.95912000e-01 9.99998000e-01 3.62436000e-06 1.00000000e+00 9.99994000e-01
1.02102000e+02 9.95657000e-01 9.99998000e-01 4.49437000e-07 9.99998000e-01 9.99997000e-01
1.02206000e+02 9.95450000e-01 9.99997000e-01 -2.71749000e-06 9.99992000e-01 1.00000000e+00
1.02311000e+02 9.95295000e-01 9.99997000e-01 -5.84186000e-06 9.99986000e-01 1.00000000e+00
1.02416000e+02 9.95192000e-01 9.99997000e-01 -8.88971000e-06 9.99979000e-01 1.00001000e+00
1.02521000e+02 9.95143000e-01 9.99997000e-01 -1.18281000e-05 9.99974000e-01 1.00001000e+00
1.02625000e+02 9.95149000e-01 9.99997000e-01 -1.46253000e-05 9.99968000e-01 1.00001000e+00
1.02730000e+02 9.95207000e-01 9.99997000e-01 -1.72514000e-05 9.99963000e-01 1.00001000e+00
1.02835000e+02 9.95319000e-01 9.99997000e-01 -1.96785000e-05 9.99958000e-01 1.00002000e+00
1.02940000e+02 9.95483000e-01 9.99997000e-01 -2.18807000e-05 9.99954000e-01 1.00002000e+00
1.03044000e+02 9.95697000e-01 9.99998000e-01 -2.38349000e-05 9.99950000e-01 1.00002000e+00
1.03149000e+02 9.95958000e-01 9.99998000e-01 -2.55209000e-05 9.99947000e-01 1.00002000e+00
1.03254000e+02 9.96264000e-01 9.99998000e-01 -2.69212000e-05 9.99944000e-01 1.00002000e+00
1.03358000e+02 9.96611000e-01 9.99998000e-01 -2.80218000e-05 9.99942000e-01 1.00003000e+00
1.03463000e+02 9.96994000e-01 9.99998000e-01 -2.88118000e-05 9.99941000e-01 1.00003000e+00
1.03568000e+02 9.97411000e-01 9.99999000e-01 -2.92838000e-05 9.99940000e-01 1.00003000e+00
1.03673000e+02 9.97856000e-01 9.99999000e-01 -2.94339000e-05 9.99940000e-01 1.00003000e+00
1.03777000e+02 9.98324000e-01 9.99999000e-01 -2.92619000e-05 9.99941000e-01 1.00003000e+00
1.03882000e+02 9.98811000e-01 9.99999000e-01 -2.87708000e-05 9.99942000e-01 1.00003000e+00
1.03987000e+02 9.99310000e-01 1.00000000e+00 -2.79673000e-05 9.99944000e-01 1.00003000e+00
1.04091000e+02 9.99815000e-01 1.00000000e+00 -2.68615000e-05 9.99946000e-01 1.00003000e+00
1.04196000e+02 1.00032000e+00 1.00000000e+00 -2.54665000e-05 9.99949000e-01 1.00003000e+00
1.04301000e+02 1.00083000e+00 1.00000000e+00 -2.37988000e-05 9.99953000e-01 1.00002000e+00
1.04406000e+02 1.00132000e+00 1.00000000e+00 -2.18778000e-05 9.99957000e-01 1.00002000e+00
1.04510000e+02 1.00180000e+00 1.00000000e+00 -1.97252000e-05 9.99962000e-01 1.00002000e+00
1.04615000e+02 1.00225000e+00 1.00000000e+00 -1.73657000e-05 9.99967000e-01 1.00002000e+00
1.04720000e+02 1.00268000e+00 1.00000000e+00 -1.48258000e-05 9.99972000e-01 1.00002000e+00
1.04824000e+02 1.00308000e+00 1.00000000e+00 -1.21339000e-05 9.99978000e-01 1.00001000e+00
1.04929000e+02 1.00345000e+00 1.00000000e+00 -9.32005000e-06 9.99983000e-01 1.00001000e+00
1.05034000e+02 1.00377000e+00 1.00000000e+00 -6.41547000e-06 9.99989000e-01 1.00001000e+00
1.05139000e+02 1.00406000e+00 1.00000000e+00 -3.45223000e-06 9.99995000e-01 1.00001000e+00
1.05243000e+02 1.00429000e+00 1.00000000e+00 -4.62928000e-07 1.00000000e+00 1.00000000e+00
1.05348000e+02 1.00448000e+00 1.00000000e+00 2.51967000e-06 1.00001000e+00 1.00000000e+00
1.05453000e+02 1.00462000e+00 1.00000000e+00 5.46302000e-06 1.00001000e+00 9.99997000e-01
1.05558000e+02 1.00470000e+00 1.00000000e+00 8.33513000e-06 1.00002000e+00 9.99994000e-01
1.05662000e+02 1.00473000e+00 1.00000000e+00 1.11049000e-05 1.00002000e+00 9.99992000e-01
1.05767000e+02 1.00471000e+00 1.00000000e+00 1.37425000e-05 1.00003000e+00 9.99989000e-01
1.05872000e+02 1.00463000e+00 1.00000000e+00 1.62195000e-05 1.00004000e+00 9.99986000e-01
1.05976000e+02 1.00451000e+00 1.00000000e+00 1.85097000e-05 1.00004000e+00 9.99984000e-01
1.06081000e+02 1.00433000e+00 1.00000000e+00 2.05886000e-05 1.00004000e+00 9.99982000e-01
1.06186000e+02 1.00410000e+00 1.00000000e+00 2.24345000e-05 1.00005000e+00 9.99980000e-01
1.06291000e+02 1.00383000e+00 1.00000000e+00 2.40280000e-05 1.00005000e+00 9.99978000e-01
1.06395000e+02 1.00352000e+00 1.00000000e+00 2.53527000e-05 1.00005000e+00 9.99977000e-01
1.06500000e+02 1.00317000e+00 1.00000000e+00 2.63953000e-05 1.00005000e+00 9.99975000e-01
1.06605000e+02 1.00278000e+00 1.00000000e+00 2.71453000e-05 1.00006000e+00 9.99974000e-01
1.06709000e+02 1.00236000e+00 1.00000000e+00 2.75958000e-05 1.00006000e+00 9.99974000e-01
1.06814000e+02 1.00192000e+00 1.00000000e+00 2.77430000e-05 1.00006000e+00 9.99973000e-01
1.06919000e+02 1.00146000e+00 1.00000000e+00 2.75865000e-05 1.00006000e+00 9.99973000e-01
1.07024000e+02 1.00098000e+00 1.00000000e+00 2.71291000e-05 1.00005000e+00 9.99973000e-01
1.07128000e+02 1.00049000e+00 1.00000000e+00 2.63771000e-05 1.00005000e+00 9.99974000e-01
1.07233000e+02 1.00000000e+00 1.00000000e+00 2.53397000e-05 1.00005000e+00 9.99975000e-01
