# k S000 S110 S112 S10 S11
1.04720000e-01 1.31657000e-02 -9.96246000e-01 -1.77584000e-04 3.39885000e-03 3.93160000e-03
2.09440000e-01 1.31972000e-02 -9.96211000e-01 -1.79086000e-04 3.43045000e-03 3.96771000e-03
3.14159000e-01 1.32499000e-02 -9.96153000e-01 -1.81637000e-04 3.48423000e-03 4.02914000e-03
4.18879000e-01 1.33242000e-02 -9.96067000e-01 -1.85308000e-04 3.56195000e-03 4.11788000e-03
5.23599000e-01 1.34203000e-02 -9.95953000e-01 -1.90210000e-04 3.66629000e-03 4.23692000e-03
6.28319000e-01 1.35390000e-02 -9.95806000e-01 -1.96497000e-04 3.80107000e-03 4.39056000e-03
7.33038000e-01 1.36808000e-02 -9.95620000e-01 -2.04379000e-04 3.97162000e-03 4.58475000e-03
8.37758000e-01 1.38466000e-02 -9.95386000e-01 -2.14143000e-04 4.18535000e-03 4.82778000e-03
9.42478000e-01 1.40374000e-02 -9.95095000e-01 -2.26176000e-04 4.45271000e-03 5.13124000e-03
1.04720000e+00 1.42542000e-02 -9.94729000e-01 -2.41012000e-04 4.78860000e-03 5.51164000e-03
1.15192000e+00 1.44985000e-02 -9.94266000e-01 -2.59389000e-04 5.21490000e-03 5.99306000e-03
1.25664000e+00 1.47718000e-02 -9.93670000e-01 -2.82356000e-04 5.76483000e-03 6.61190000e-03
1.36136000e+00 1.50756000e-02 -9.92886000e-01 -3.11423000e-04 6.49129000e-03 7.42556000e-03
1.46608000e+00 1.54121000e-02 -9.91819000e-01 -3.48805000e-04 7.48353000e-03 8.52994000e-03
1.57080000e+00 1.57833000e-02 -9.90300000e-01 -3.97734000e-04 8.90469000e-03 1.00979000e-02
1.67552000e+00 1.61919000e-02 -9.87987000e-01 -4.62494000e-04 1.10878000e-02 1.24753000e-02
1.78024000e+00 1.66406000e-02 -9.84076000e-01 -5.45024000e-04 1.48341000e-02 1.64692000e-02
1.88496000e+00 1.71325000e-02 -9.76107000e-01 -6.06351000e-04 2.26806000e-02 2.44997000e-02
1.98968000e+00 1.76714000e-02 -9.51185000e-01 1.66212000e-04 4.91472000e-02 4.86486000e-02
2.09440000e+00 1.82611000e-02 1.53487000e+01 -8.30965000e+00 -2.70624000e-01 2.46583000e+01
2.19911000e+00 1.89063000e-02 -1.04427000e+00 4.22098000e-03 -3.58253000e-02 -4.84882000e-02
2.30383000e+00 1.96121000e-02 -1.02252000e+00 1.67709000e-03 -1.91624000e-02 -2.41937000e-02
2.40855000e+00 2.03844000e-02 -1.01512000e+00 1.01409000e-03 -1.30903000e-02 -1.61326000e-02
2.51327000e+00 2.12297000e-02 -1.01140000e+00 7.21692000e-04 -9.95854000e-03 -1.21236000e-02
2.61799000e+00 2.21555000e-02 -1.00917000e+00 5.59743000e-04 -8.05514000e-03 -9.73437000e-03
2.72271000e+00 2.31705000e-02 -1.00770000e+00 4.57828000e-04 -6.78118000e-03 -8.15466000e-03
2.82743000e+00 2.42843000e-02 -1.00665000e+00 3.88261000e-04 -5.87268000e-03 -7.03746000e-03
2.93215000e+00 2.55081000e-02 -1.00587000e+00 3.38040000e-04 -5.19522000e-03 -6.20934000e-03
3.03687000e+00 2.68546000e-02 -1.00527000e+00 3.00282000e-04 -4.67316000e-03 -5.57400000e-03
3.14159000e+00 2.83385000e-02 -1.00480000e+00 2.71013000e-04 -4.26067000e-03 -5.07371000e-03
3.24631000e+00 2.99767000e-02 -1.00442000e+00 2.47783000e-04 -3.92842000e-03 -4.67177000e-03
3.35103000e+00 3.17889000e-02 -1.00411000e+00 2.29001000e-04 -3.65672000e-03 -4.34372000e-03
3.45575000e+00 3.37977000e-02 -1.00386000e+00 2.13590000e-04 -3.43191000e-03 -4.07268000e-03
3.56047000e+00 3.60295000e-02 -1.00365000e+00 2.00794000e-04 -3.24421000e-03 -3.84659000e-03
3.66519000e+00 3.85155000e-02 -1.00347000e+00 1.90070000e-04 -3.08644000e-03 -3.65665000e-03
3.76991000e+00 4.12918000e-02 -1.00332000e+00 1.81014000e-04 -2.95321000e-03 -3.49626000e-03
3.87463000e+00 4.44015000e-02 -1.00319000e+00 1.73324000e-04 -2.84042000e-03 -3.36039000e-03
3.97935000e+00 4.78953000e-02 -1.00308000e+00 1.66764000e-04 -2.74486000e-03 -3.24515000e-03
4.08407000e+00 5.18338000e-02 -1.00299000e+00 1.61150000e-04 -2.66403000e-03 -3.14748000e-03
4.18879000e+00 5.62894000e-02 -1.00291000e+00 1.56336000e-04 -2.59593000e-03 -3.06494000e-03
4.29351000e+00 6.13493000e-02 -1.00284000e+00 1.52203000e-04 -2.53895000e-03 -2.99556000e-03
4.39823000e+00 6.71192000e-02 -1.00279000e+00 1.48654000e-04 -2.49178000e-03 -2.93774000e-03
4.50295000e+00 7.37275000e-02 -1.00274000e+00 1.45605000e-04 -2.45335000e-03 -2.89017000e-03
4.60767000e+00 8.13322000e-02 -1.00271000e+00 1.42989000e-04 -2.42277000e-03 -2.85174000e-03
4.71239000e+00 9.01279000e-02 -1.00268000e+00 1.40743000e-04 -2.39930000e-03 -2.82153000e-03
4.81711000e+00 1.00357000e-01 -1.00266000e+00 1.38815000e-04 -2.38233000e-03 -2.79877000e-03
4.92183000e+00 1.12324000e-01 -1.00265000e+00 1.37155000e-04 -2.37131000e-03 -2.78278000e-03
5.02655000e+00 1.26413000e-01 -1.00264000e+00 1.35720000e-04 -2.36580000e-03 -2.77296000e-03
5.13127000e+00 1.43114000e-01 -1.00263000e+00 1.34467000e-04 -2.36540000e-03 -2.76880000e-03
5.23599000e+00 1.63062000e-01 -1.00264000e+00 1.33356000e-04 -2.36976000e-03 -2.76983000e-03
5.34071000e+00 1.87078000e-01 -1.00264000e+00 1.32347000e-04 -2.37858000e-03 -2.77562000e-03
5.44543000e+00 2.16248000e-01 -1.00265000e+00 1.31401000e-04 -2.39155000e-03 -2.78575000e-03
5.55015000e+00 2.52013000e-01 -1.00267000e+00 1.30478000e-04 -2.40842000e-03 -2.79985000e-03
5.65487000e+00 2.96313000e-01 -1.00269000e+00 1.29537000e-04 -2.42891000e-03 -2.81753000e-03
5.75959000e+00 3.51786000e-01 -1.00271000e+00 1.28537000e-04 -2.45279000e-03 -2.83840000e-03
5.86431000e+00 4.22056000e-01 -1.00273000e+00 1.27437000e-04 -2.47977000e-03 -2.86209000e-03
5.96903000e+00 5.12143000e-01 -1.00276000e+00 1.26194000e-04 -2.50961000e-03 -2.88819000e-03
6.07375000e+00 6.29017000e-01 -1.00279000e+00 1.24765000e-04 -2.54201000e-03 -2.91631000e-03
6.17847000e+00 7.82304000e-01 -1.00282000e+00 1.23107000e-04 -2.57669000e-03 -2.94601000e-03
6.28319000e+00 9.84982000e-01 -1.00286000e+00 1.21177000e-04 -2.61332000e-03 -2.97686000e-03
6.38791000e+00 1.25347000e+00 -1.00289000e+00 1.18937000e-04 -2.65158000e-03 -3.00839000e-03
6.49262000e+00 1.60540000e+00 -1.00292000e+00 1.16347000e-04 -2.69109000e-03 -3.04013000e-03
6.59734000e+00 2.05116000e+00 -1.00296000e+00 1.13375000e-04 -2.73149000e-03 -3.07161000e-03
6.70206000e+00 2.57340000e+00 -1.00299000e+00 1.09994000e-04 -2.77236000e-03 -3.10234000e-03
6.80678000e+00 3.09623000e+00 -1.00303000e+00 1.06181000e-04 -2.81328000e-03 -3.13182000e-03
6.91150000e+00 3.47736000e+00 -1.00306000e+00 1.01925000e-04 -2.85383000e-03 -3.15960000e-03
7.01622000e+00 3.58022000e+00 -1.00309000e+00 9.72220000e-05 -2.89355000e-03 -3.18522000e-03
7.12094000e+00 3.38812000e+00 -1.00312000e+00 9.20786000e-05 -2.93202000e-03 -3.20825000e-03
7.22566000e+00 3.01112000e+00 -1.00314000e+00 8.65128000e-05 -2.96879000e-03 -3.22833000e-03
7.33038000e+00 2.58218000e+00 -1.00316000e+00 8.05533000e-05 -3.00346000e-03 -3.24512000e-03
7.43510000e+00 2.18418000e+00 -1.00318000e+00 7.42394000e-05 -3.03564000e-03 -3.25836000e-03
7.53982000e+00 1.84809000e+00 -1.00320000e+00 6.76204000e-05 -3.06500000e-03 -3.26786000e-03
7.64454000e+00 1.57614000e+00 -1.00321000e+00 6.07539000e-05 -3.09123000e-03 -3.27349000e-03
7.74926000e+00 1.35968000e+00 -1.00322000e+00 5.37041000e-05 -3.11409000e-03 -3.27520000e-03
7.85398000e+00 1.18794000e+00 -1.00323000e+00 4.65395000e-05 -3.13341000e-03 -3.27303000e-03
7.95870000e+00 1.05122000e+00 -1.00323000e+00 3.93308000e-05 -3.14909000e-03 -3.26708000e-03
8.06342000e+00 9.41721000e-01 -1.00323000e+00 3.21483000e-05 -3.16108000e-03 -3.25753000e-03
8.16814000e+00 8.53404000e-01 -1.00322000e+00 2.50598000e-05 -3.16943000e-03 -3.24460000e-03
8.27286000e+00 7.81701000e-01 -1.00321000e+00 1.81282000e-05 -3.17422000e-03 -3.22860000e-03
8.37758000e+00 7.23162000e-01 -1.00320000e+00 1.14101000e-05 -3.17562000e-03 -3.20985000e-03
8.48230000e+00 6.75177000e-01 -1.00318000e+00 4.95435000e-06 -3.17386000e-03 -3.18873000e-03
8.58702000e+00 6.35763000e-01 -1.00317000e+00 -1.19859000e-06 -3.16920000e-03 -3.16560000e-03
8.69174000e+00 6.03402000e-01 -1.00315000e+00 -7.01720000e-06 -3.16193000e-03 -3.14088000e-03
8.79646000e+00 5.76927000e-01 -1.00313000e+00 -1.24787000e-05 -3.15240000e-03 -3.11497000e-03
8.90118000e+00 5.55435000e-01 -1.00311000e+00 -1.75687000e-05 -3.14096000e-03 -3.08825000e-03
9.00590000e+00 5.38226000e-01 -1.00308000e+00 -2.22805000e-05 -3.12796000e-03 -3.06112000e-03
9.11062000e+00 5.24753000e-01 -1.00306000e+00 -2.66138000e-05 -3.11377000e-03 -3.03393000e-03
9.21534000e+00 5.14595000e-01 -1.00304000e+00 -3.05744000e-05 -3.09876000e-03 -3.00703000e-03
9.32006000e+00 5.07426000e-01 -1.00301000e+00 -3.41724000e-05 -3.08325000e-03 -2.98074000e-03
9.42478000e+00 5.02998000e-01 -1.00299000e+00 -3.74215000e-05 -3.06760000e-03 -2.95533000e-03
9.52950000e+00 5.01129000e-01 -1.00297000e+00 -4.03377000e-05 -3.05209000e-03 -2.93108000e-03
9.63422000e+00 5.01690000e-01 -1.00295000e+00 -4.29388000e-05 -3.03702000e-03 -2.90821000e-03
9.73894000e+00 5.04597000e-01 -1.00293000e+00 -4.52430000e-05 -3.02265000e-03 -2.88692000e-03
9.84366000e+00 5.09808000e-01 -1.00291000e+00 -4.72687000e-05 -3.00921000e-03 -2.86741000e-03
9.94838000e+00 5.17315000e-01 -1.00290000e+00 -4.90337000e-05 -2.99691000e-03 -2.84981000e-03
1.00531000e+01 5.27142000e-01 -1.00288000e+00 -5.05545000e-05 -2.98593000e-03 -2.83427000e-03
1.01578000e+01 5.39343000e-01 -1.00287000e+00 -5.18464000e-05 -2.97642000e-03 -2.82088000e-03
1.02625000e+01 5.53999000e-01 -1.00286000e+00 -5.29229000e-05 -2.96851000e-03 -2.80974000e-03
1.03673000e+01 5.71214000e-01 -1.00285000e+00 -5.37953000e-05 -2.96231000e-03 -2.80093000e-03
1.04720000e+01 5.91117000e-01 -1.00285000e+00 -5.44731000e-05 -2.95791000e-03 -2.79449000e-03
1.05767000e+01 6.13853000e-01 -1.00285000e+00 -5.49635000e-05 -2.95535000e-03 -2.79046000e-03
1.06814000e+01 6.39587000e-01 -1.00284000e+00 -5.52715000e-05 -2.95468000e-03 -2.78887000e-03
1.07861000e+01 6.68488000e-01 -1.00285000e+00 -5.53999000e-05 -2.95592000e-03 -2.78972000e-03
1.08909000e+01 7.00731000e-01 -1.00285000e+00 -5.53494000e-05 -2.95907000e-03 -2.79302000e-03
1.09956000e+01 7.36477000e-01 -1.00285000e+00 -5.51186000e-05 -2.96411000e-03 -2.79875000e-03
1.11003000e+01 7.75864000e-01 -1.00286000e+00 -5.47041000e-05 -2.97099000e-03 -2.80688000e-03
1.12050000e+01 8.18982000e-01 -1.00287000e+00 -5.41007000e-05 -2.97967000e-03 -2.81737000e-03
1.13097000e+01 8.65849000e-01 -1.00288000e+00 -5.33017000e-05 -2.99006000e-03 -2.83016000e-03
1.14145000e+01 9.16376000e-01 -1.00290000e+00 -5.22988000e-05 -3.00207000e-03 -2.84518000e-03
1.15192000e+01 9.70327000e-01 -1.00291000e+00 -5.10828000e-05 -3.01560000e-03 -2.86235000e-03
1.16239000e+01 1.02728000e+00 -1.00293000e+00 -4.96434000e-05 -3.03050000e-03 -2.88157000e-03
1.17286000e+01 1.08656000e+00 -1.00295000e+00 -4.79703000e-05 -3.04663000e-03 -2.90272000e-03
1.18333000e+01 1.14725000e+00 -1.00297000e+00 -4.60528000e-05 -3.06383000e-03 -2.92567000e-03
1.19381000e+01 1.20809000e+00 -1.00299000e+00 -4.38810000e-05 -3.08191000e-03 -2.95027000e-03
1.20428000e+01 1.26757000e+00 -1.00302000e+00 -4.14459000e-05 -3.10068000e-03 -2.97634000e-03
1.21475000e+01 1.32389000e+00 -1.00304000e+00 -3.87402000e-05 -3.11991000e-03 -3.00369000e-03
1.22522000e+01 1.37512000e+00 -1.00307000e+00 -3.57589000e-05 -3.13940000e-03 -3.03212000e-03
1.23569000e+01 1.41929000e+00 -1.00309000e+00 -3.24999000e-05 -3.15889000e-03 -3.06139000e-03
1.24617000e+01 1.45461000e+00 -1.00312000e+00 -2.89648000e-05 -3.17815000e-03 -3.09126000e-03
1.25664000e+01 1.47963000e+00 -1.00315000e+00 -2.51592000e-05 -3.19693000e-03 -3.12145000e-03
1.26711000e+01 1.49342000e+00 -1.00317000e+00 -2.10939000e-05 -3.21497000e-03 -3.15168000e-03
1.27758000e+01 1.49570000e+00 -1.00320000e+00 -1.67847000e-05 -3.23202000e-03 -3.18167000e-03
1.28805000e+01 1.48682000e+00 -1.00322000e+00 -1.22532000e-05 -3.24786000e-03 -3.21110000e-03
1.29852000e+01 1.46773000e+00 -1.00325000e+00 -7.52669000e-06 -3.26224000e-03 -3.23966000e-03
1.30900000e+01 1.43983000e+00 -1.00327000e+00 -2.63833000e-06 -3.27496000e-03 -3.26704000e-03
1.31947000e+01 1.40479000e+00 -1.00329000e+00 2.37321000e-06 -3.28582000e-03 -3.29294000e-03
1.32994000e+01 1.36442000e+00 -1.00331000e+00 7.46423000e-06 -3.29466000e-03 -3.31705000e-03
1.34041000e+01 1.32045000e+00 -1.00333000e+00 1.25867000e-05 -3.30134000e-03 -3.33910000e-03
1.35088000e+01 1.27446000e+00 -1.00334000e+00 1.76895000e-05 -3.30576000e-03 -3.35883000e-03
1.36136000e+01 1.22782000e+00 -1.00335000e+00 2.27191000e-05 -3.30786000e-03 -3.37601000e-03
1.37183000e+01 1.18163000e+00 -1.00336000e+00 2.76214000e-05 -3.30759000e-03 -3.39045000e-03
1.38230000e+01 1.13677000e+00 -1.00337000e+00 3.23429000e-05 -3.30497000e-03 -3.40200000e-03
1.39277000e+01 1.09386000e+00 -1.00337000e+00 3.68319000e-05 -3.30004000e-03 -3.41053000e-03
1.40324000e+01 1.05335000e+00 -1.00337000e+00 4.10405000e-05 -3.29288000e-03 -3.41600000e-03
1.41372000e+01 1.01553000e+00 -1.00337000e+00 4.49253000e-05 -3.28360000e-03 -3.41838000e-03
1.42419000e+01 9.80554000e-01 -1.00337000e+00 4.84485000e-05 -3.27235000e-03 -3.41770000e-03
1.43466000e+01 9.48496000e-01 -1.00336000e+00 5.15790000e-05 -3.25930000e-03 -3.41404000e-03
1.44513000e+01 9.19353000e-01 -1.00335000e+00 5.42929000e-05 -3.24464000e-03 -3.40752000e-03
1.45560000e+01 8.93079000e-01 -1.00334000e+00 5.65734000e-05 -3.22859000e-03 -3.39831000e-03
1.46608000e+01 8.69597000e-01 -1.00333000e+00 5.84111000e-05 -3.21136000e-03 -3.38660000e-03
1.47655000e+01 8.48811000e-01 -1.00331000e+00 5.98039000e-05 -3.19320000e-03 -3.37261000e-03
1.48702000e+01 8.30616000e-01 -1.00330000e+00 6.07560000e-05 -3.17435000e-03 -3.35661000e-03
1.49749000e+01 8.14905000e-01 -1.00328000e+00 6.12777000e-05 -3.15503000e-03 -3.33887000e-03
1.50796000e+01 8.01574000e-01 -1.00326000e+00 6.13842000e-05 -3.13550000e-03 -3.31965000e-03
1.51844000e+01 7.90523000e-01 -1.00324000e+00 6.10952000e-05 -3.11598000e-03 -3.29926000e-03
1.52891000e+01 7.81661000e-01 -1.00322000e+00 6.04337000e-05 -3.09668000e-03 -3.27798000e-03
1.53938000e+01 7.74903000e-01 -1.00320000e+00 5.94251000e-05 -3.07783000e-03 -3.25610000e-03
1.54985000e+01 7.70176000e-01 -1.00318000e+00 5.80967000e-05 -3.05961000e-03 -3.23390000e-03
1.56032000e+01 7.67414000e-01 -1.00316000e+00 5.64764000e-05 -3.04221000e-03 -3.21163000e-03
1.57080000e+01 7.66561000e-01 -1.00313000e+00 5.45928000e-05 -3.02579000e-03 -3.18957000e-03
1.58127000e+01 7.67567000e-01 -1.00312000e+00 5.24741000e-05 -3.01051000e-03 -3.16793000e-03
1.59174000e+01 7.70390000e-01 -1.00310000e+00 5.01477000e-05 -2.99649000e-03 -3.14694000e-03
1.60221000e+01 7.74994000e-01 -1.00308000e+00 4.76402000e-05 -2.98387000e-03 -3.12679000e-03
1.61268000e+01 7.81346000e-01 -1.00306000e+00 4.49770000e-05 -2.97275000e-03 -3.10768000e-03
1.62316000e+01 7.89416000e-01 -1.00305000e+00 4.21820000e-05 -2.96320000e-03 -3.08975000e-03
1.63363000e+01 7.99173000e-01 -1.00303000e+00 3.92780000e-05 -2.95531000e-03 -3.07315000e-03
1.64410000e+01 8.10588000e-01 -1.00302000e+00 3.62863000e-05 -2.94914000e-03 -3.05799000e-03
1.65457000e+01 8.23622000e-01 -1.00301000e+00 3.32268000e-05 -2.94472000e-03 -3.04440000e-03
1.66504000e+01 8.38233000e-01 -1.00300000e+00 3.01185000e-05 -2.94209000e-03 -3.03245000e-03
1.67552000e+01 8.54365000e-01 -1.00300000e+00 2.69792000e-05 -2.94127000e-03 -3.02221000e-03
1.68599000e+01 8.71951000e-01 -1.00299000e+00 2.38260000e-05 -2.94226000e-03 -3.01374000e-03
1.69646000e+01 8.90902000e-01 -1.00299000e+00 2.06754000e-05 -2.94505000e-03 -3.00708000e-03
1.70693000e+01 9.11109000e-01 -1.00298000e+00 1.75433000e-05 -2.94962000e-03 -3.00225000e-03
1.71740000e+01 9.32437000e-01 -1.00298000e+00 1.44458000e-05 -2.95594000e-03 -2.99927000e-03
1.72788000e+01 9.54720000e-01 -1.00299000e+00 1.13985000e-05 -2.96394000e-03 -2.99814000e-03
1.73835000e+01 9.77758000e-01 -1.00299000e+00 8.41755000e-06 -2.97359000e-03 -2.99884000e-03
1.74882000e+01 1.00132000e+00 -1.00300000e+00 5.51923000e-06 -2.98479000e-03 -3.00135000e-03
1.75929000e+01 1.02513000e+00 -1.00300000e+00 2.72034000e-06 -2.99746000e-03 -3.00562000e-03
1.76976000e+01 1.04888000e+00 -1.00301000e+00 3.81954000e-08 -3.01150000e-03 -3.01161000e-03
1.78024000e+01 1.07224000e+00 -1.00302000e+00 -2.50927000e-06 -3.02678000e-03 -3.01926000e-03
1.79071000e+01 1.09483000e+00 -1.00303000e+00 -4.90355000e-06 -3.04319000e-03 -3.02848000e-03
1.80118000e+01 1.11627000e+00 -1.00305000e+00 -7.12562000e-06 -3.06058000e-03 -3.03920000e-03
1.81165000e+01 1.13618000e+00 -1.00306000e+00 -9.15602000e-06 -3.07878000e-03 -3.05131000e-03
1.82212000e+01 1.15416000e+00 -1.00308000e+00 -1.09751000e-05 -3.09763000e-03 -3.06471000e-03
1.83260000e+01 1.16986000e+00 -1.00309000e+00 -1.25633000e-05 -3.11696000e-03 -3.07927000e-03
1.84307000e+01 1.18296000e+00 -1.00311000e+00 -1.39013000e-05 -3.13656000e-03 -3.09485000e-03
1.85354000e+01 1.19320000e+00 -1.00313000e+00 -1.49707000e-05 -3.15623000e-03 -3.11132000e-03
1.86401000e+01 1.20037000e+00 -1.00314000e+00 -1.57543000e-05 -3.17578000e-03 -3.12852000e-03
1.87448000e+01 1.20438000e+00 -1.00316000e+00 -1.62367000e-05 -3.19499000e-03 -3.14628000e-03
1.88496000e+01 1.20517000e+00 -1.00318000e+00 -1.64048000e-05 -3.21365000e-03 -3.16443000e-03
1.89543000e+01 1.20283000e+00 -1.00320000e+00 -1.62484000e-05 -3.23154000e-03 -3.18279000e-03
1.90590000e+01 1.19747000e+00 -1.00322000e+00 -1.57609000e-05 -3.24845000e-03 -3.20117000e-03
1.91637000e+01 1.18933000e+00 -1.00323000e+00 -1.49395000e-05 -3.26420000e-03 -3.21938000e-03
1.92684000e+01 1.17866000e+00 -1.00325000e+00 -1.37862000e-05 -3.27859000e-03 -3.23724000e-03
1.93732000e+01 1.16578000e+00 -1.00327000e+00 -1.23078000e-05 -3.29146000e-03 -3.25453000e-03
1.94779000e+01 1.15105000e+00 -1.00328000e+00 -1.05163000e-05 -3.30264000e-03 -3.27109000e-03
1.95826000e+01 1.13482000e+00 -1.00330000e+00 -8.42935000e-06 -3.31202000e-03 -3.28673000e-03
1.96873000e+01 1.11745000e+00 -1.00331000e+00 -6.06963000e-06 -3.31949000e-03 -3.30128000e-03
1.97920000e+01 1.09929000e+00 -1.00332000e+00 -3.46517000e-06 -3.32496000e-03 -3.31457000e-03
1.98968000e+01 1.08068000e+00 -1.00333000e+00 -6.48775000e-07 -3.32841000e-03 -3.32646000e-03
2.00015000e+01 1.06190000e+00 -1.00333000e+00 2.34250000e-06 -3.32980000e-03 -3.33682000e-03
2.01062000e+01 1.04324000e+00 -1.00334000e+00 5.46802000e-06 -3.32915000e-03 -3.34556000e-03
2.02109000e+01 1.02493000e+00 -1.00334000e+00 8.68443000e-06 -3.32652000e-03 -3.35257000e-03
2.03156000e+01 1.00717000e+00 -1.00335000e+00 1.19466000e-05 -3.32196000e-03 -3.35780000e-03
2.04204000e+01 9.90126000e-01 -1.00335000e+00 1.52085000e-05 -3.31559000e-03 -3.36122000e-03
2.05251000e+01 9.73951000e-01 -1.00334000e+00 1.84244000e-05 -3.30753000e-03 -3.36281000e-03
2.06298000e+01 9.58756000e-01 -1.00334000e+00 2.15496000e-05 -3.29793000e-03 -3.36258000e-03
2.07345000e+01 9.44631000e-01 -1.00334000e+00 2.45415000e-05 -3.28696000e-03 -3.36058000e-03
2.08392000e+01 9.31648000e-01 -1.00333000e+00 2.73604000e-05 -3.27479000e-03 -3.35687000e-03
2.09440000e+01 9.19857000e-01 -1.00332000e+00 2.99700000e-05 -3.26162000e-03 -3.35153000e-03
2.10487000e+01 9.09297000e-01 -1.00331000e+00 3.23382000e-05 -3.24766000e-03 -3.34467000e-03
2.11534000e+01 8.99992000e-01 -1.00330000e+00 3.44372000e-05 -3.23310000e-03 -3.33641000e-03
2.12581000e+01 8.91958000e-01 -1.00329000e+00 3.62436000e-05 -3.21816000e-03 -3.32689000e-03
2.13628000e+01 8.85202000e-01 -1.00328000e+00 3.77390000e-05 -3.20305000e-03 -3.31626000e-03
2.14675000e+01 8.79722000e-01 -1.00327000e+00 3.89094000e-05 -3.18796000e-03 -3.30468000e-03
2.15723000e+01 8.75513000e-01 -1.00325000e+00 3.97450000e-05 -3.17308000e-03 -3.29232000e-03
2.16770000e+01 8.72566000e-01 -1.00324000e+00 4.02404000e-05 -3.15862000e-03 -3.27934000e-03
2.17817000e+01 8.70866000e-01 -1.00323000e+00 4.03937000e-05 -3.14473000e-03 -3.26591000e-03
2.18864000e+01 8.70396000e-01 -1.00321000e+00 4.02064000e-05 -3.13159000e-03 -3.25220000e-03
2.19911000e+01 8.71135000e-01 -1.00320000e+00 3.96829000e-05 -3.11934000e-03 -3.23839000e-03
2.20959000e+01 8.73059000e-01 -1.00319000e+00 3.88301000e-05 -3.10813000e-03 -3.22462000e-03
2.22006000e+01 8.76142000e-01 -1.00317000e+00 3.76568000e-05 -3.09808000e-03 -3.21105000e-03
2.23053000e+01 8.80351000e-01 -1.00316000e+00 3.61738000e-05 -3.08930000e-03 -3.19782000e-03
2.24100000e+01 8.85652000e-01 -1.00315000e+00 3.43929000e-05 -3.08190000e-03 -3.18508000e-03
2.25147000e+01 8.92004000e-01 -1.00314000e+00 3.23272000e-05 -3.07595000e-03 -3.17293000e-03
2.26195000e+01 8.99361000e-01 -1.00313000e+00 2.99906000e-05 -3.07152000e-03 -3.16150000e-03
2.27242000e+01 9.07668000e-01 -1.00312000e+00 2.73976000e-05 -3.06869000e-03 -3.15088000e-03
2.28289000e+01 9.16866000e-01 -1.00312000e+00 2.45632000e-05 -3.06747000e-03 -3.14116000e-03
2.29336000e+01 9.26884000e-01 -1.00311000e+00 2.15028000e-05 -3.06792000e-03 -3.13243000e-03
2.30383000e+01 9.37643000e-01 -1.00311000e+00 1.82322000e-05 -3.07004000e-03 -3.12474000e-03
2.31431000e+01 9.49054000e-01 -1.00310000e+00 1.47678000e-05 -3.07384000e-03 -3.11815000e-03
2.32478000e+01 9.61016000e-01 -1.00310000e+00 1.11262000e-05 -3.07932000e-03 -3.11269000e-03
2.33525000e+01 9.73417000e-01 -1.00310000e+00 7.32491000e-06 -3.08644000e-03 -3.10841000e-03
2.34572000e+01 9.86132000e-01 -1.00310000e+00 3.38183000e-06 -3.09517000e-03 -3.10531000e-03
2.35619000e+01 9.99027000e-01 -1.00310000e+00 -6.84149000e-07 -3.10547000e-03 -3.10341000e-03
2.36667000e+01 1.01196000e+00 -1.00311000e+00 -4.85316000e-06 -3.11726000e-03 -3.10270000e-03
2.37714000e+01 1.02476000e+00 -1.00311000e+00 -9.10420000e-06 -3.13048000e-03 -3.10317000e-03
2.38761000e+01 1.03729000e+00 -1.00312000e+00 -1.34150000e-05 -3.14503000e-03 -3.10478000e-03
2.39808000e+01 1.04936000e+00 -1.00313000e+00 -1.77617000e-05 -3.16080000e-03 -3.10751000e-03
2.40855000e+01 1.06082000e+00 -1.00313000e+00 -2.21191000e-05 -3.17767000e-03 -3.11132000e-03
2.41903000e+01 1.07149000e+00 -1.00314000e+00 -2.64603000e-05 -3.19552000e-03 -3.11614000e-03
2.42950000e+01 1.08123000e+00 -1.00315000e+00 -3.07566000e-05 -3.21418000e-03 -3.12191000e-03
2.43997000e+01 1.08987000e+00 -1.00316000e+00 -3.49779000e-05 -3.23350000e-03 -3.12856000e-03
2.45044000e+01 1.09729000e+00 -1.00318000e+00 -3.90925000e-05 -3.25330000e-03 -3.13602000e-03
2.46091000e+01 1.10337000e+00 -1.00319000e+00 -4.30671000e-05 -3.27339000e-03 -3.14419000e-03
2.47139000e+01 1.10802000e+00 -1.00320000e+00 -4.68678000e-05 -3.29357000e-03 -3.15297000e-03
2.48186000e+01 1.11119000e+00 -1.00321000e+00 -5.04596000e-05 -3.31365000e-03 -3.16227000e-03
2.49233000e+01 1.11283000e+00 -1.00323000e+00 -5.38072000e-05 -3.33339000e-03 -3.17197000e-03
2.50280000e+01 1.11295000e+00 -1.00324000e+00 -5.68758000e-05 -3.35259000e-03 -3.18197000e-03
2.51327000e+01 1.11156000e+00 -1.00325000e+00 -5.96313000e-05 -3.37103000e-03 -3.19214000e-03
2.52375000e+01 1.10872000e+00 -1.00326000e+00 -6.20412000e-05 -3.38849000e-03 -3.20237000e-03
2.53422000e+01 1.10450000e+00 -1.00328000e+00 -6.40751000e-05 -3.40477000e-03 -3.21254000e-03
2.54469000e+01 1.09902000e+00 -1.00329000e+00 -6.57060000e-05 -3.41964000e-03 -3.22253000e-03
2.55516000e+01 1.09238000e+00 -1.00330000e+00 -6.69105000e-05 -3.43294000e-03 -3.23221000e-03
2.56563000e+01 1.08473000e+00 -1.00331000e+00 -6.76696000e-05 -3.44449000e-03 -3.24148000e-03
2.57611000e+01 1.07622000e+00 -1.00332000e+00 -6.79697000e-05 -3.45413000e-03 -3.25023000e-03
2.58658000e+01 1.06699000e+00 -1.00333000e+00 -6.78028000e-05 -3.46175000e-03 -3.25834000e-03
2.59705000e+01 1.05719000e+00 -1.00333000e+00 -6.71673000e-05 -3.46722000e-03 -3.26572000e-03
2.60752000e+01 1.04700000e+00 -1.00334000e+00 -6.60678000e-05 -3.47049000e-03 -3.27229000e-03
2.61799000e+01 1.03655000e+00 -1.00334000e+00 -6.45156000e-05 -3.47151000e-03 -3.27797000e-03
2.62847000e+01 1.02598000e+00 -1.00335000e+00 -6.25284000e-05 -3.47027000e-03 -3.28269000e-03
2.63894000e+01 1.01544000e+00 -1.00335000e+00 -6.01300000e-05 -3.46679000e-03 -3.28640000e-03
2.64941000e+01 1.00505000e+00 -1.00335000e+00 -5.73501000e-05 -3.46112000e-03 -3.28907000e-03
2.65988000e+01 9.94908000e-01 -1.00334000e+00 -5.42231000e-05 -3.45334000e-03 -3.29067000e-03
2.67035000e+01 9.85130000e-01 -1.00334000e+00 -5.07882000e-05 -3.44356000e-03 -3.29119000e-03
2.68083000e+01 9.75801000e-01 -1.00334000e+00 -4.70876000e-05 -3.43191000e-03 -3.29065000e-03
2.69130000e+01 9.67001000e-01 -1.00333000e+00 -4.31662000e-05 -3.41855000e-03 -3.28905000e-03
2.70177000e+01 9.58797000e-01 -1.00333000e+00 -3.90704000e-05 -3.40365000e-03 -3.28644000e-03
2.71224000e+01 9.51248000e-01 -1.00332000e+00 -3.48472000e-05 -3.38740000e-03 -3.28286000e-03
2.72271000e+01 9.44401000e-01 -1.00331000e+00 -3.05431000e-05 -3.37000000e-03 -3.27837000e-03
2.73319000e+01 9.38296000e-01 -1.00330000e+00 -2.62035000e-05 -3.35166000e-03 -3.27305000e-03
2.74366000e+01 9.32965000e-01 -1.00329000e+00 -2.18718000e-05 -3.33259000e-03 -3.26698000e-03
2.75413000e+01 9.28431000e-01 -1.00328000e+00 -1.75889000e-05 -3.31300000e-03 -3.26024000e-03
2.76460000e+01 9.24713000e-01 -1.00327000e+00 -1.33926000e-05 -3.29311000e-03 -3.25293000e-03
2.77507000e+01 9.21822000e-01 -1.00325000e+00 -9.31704000e-06 -3.27311000e-03 -3.24515000e-03
2.78555000e+01 9.19763000e-01 -1.00324000e+00 -5.39294000e-06 -3.25320000e-03 -3.23702000e-03
2.79602000e+01 9.18537000e-01 -1.00323000e+00 -1.64700000e-06 -3.23357000e-03 -3.22863000e-03
2.80649000e+01 9.18140000e-01 -1.00322000e+00 1.89793000e-06 -3.21440000e-03 -3.22009000e-03
2.81696000e+01 9.18563000e-01 -1.00321000e+00 5.22281000e-06 -3.19585000e-03 -3.21151000e-03
2.82743000e+01 9.19790000e-01 -1.00319000e+00 8.31226000e-06 -3.17807000e-03 -3.20301000e-03
2.83791000e+01 9.21805000e-01 -1.00318000e+00 1.11544000e-05 -3.16120000e-03 -3.19467000e-03
2.84838000e+01 9.24582000e-01 -1.00317000e+00 1.37405000e-05 -3.14537000e-03 -3.18660000e-03
2.85885000e+01 9.28095000e-01 -1.00316000e+00 1.60650000e-05 -3.13069000e-03 -3.17889000e-03
2.86932000e+01 9.32310000e-01 -1.00315000e+00 1.81248000e-05 -3.11725000e-03 -3.17163000e-03
2.87979000e+01 9.37187000e-01 -1.00314000e+00 1.99194000e-05 -3.10514000e-03 -3.16489000e-03
2.89027000e+01 9.42685000e-01 -1.00314000e+00 2.14503000e-05 -3.09442000e-03 -3.15877000e-03
2.90074000e+01 9.48752000e-01 -1.00313000e+00 2.27209000e-05 -3.08515000e-03 -3.15331000e-03
2.91121000e+01 9.55333000e-01 -1.00312000e+00 2.37364000e-05 -3.07737000e-03 -3.14858000e-03
2.92168000e+01 9.62368000e-01 -1.00312000e+00 2.45032000e-05 -3.07112000e-03 -3.14463000e-03
2.93215000e+01 9.69788000e-01 -1.00312000e+00 2.50292000e-05 -3.06641000e-03 -3.14150000e-03
2.94263000e+01 9.77521000e-01 -1.00311000e+00 2.53232000e-05 -3.06326000e-03 -3.13923000e-03
2.95310000e+01 9.85487000e-01 -1.00311000e+00 2.53951000e-05 -3.06165000e-03 -3.13784000e-03
2.96357000e+01 9.93602000e-01 -1.00311000e+00 2.52556000e-05 -3.06158000e-03 -3.13735000e-03
2.97404000e+01 1.00178000e+00 -1.00311000e+00 2.49164000e-05 -3.06301000e-03 -3.13776000e-03
2.98451000e+01 1.00992000e+00 -1.00311000e+00 2.43898000e-05 -3.06591000e-03 -3.13908000e-03
2.99498000e+01 1.01793000e+00 -1.00312000e+00 2.36890000e-05 -3.07024000e-03 -3.14131000e-03
3.00546000e+01 1.02572000e+00 -1.00312000e+00 2.28277000e-05 -3.07593000e-03 -3.14441000e-03
3.01593000e+01 1.03319000e+00 -1.00313000e+00 2.18205000e-05 -3.08292000e-03 -3.14838000e-03
3.02640000e+01 1.04023000e+00 -1.00313000e+00 2.06828000e-05 -3.09112000e-03 -3.15317000e-03
3.03687000e+01 1.04677000e+00 -1.00314000e+00 1.94307000e-05 -3.10046000e-03 -3.15875000e-03
3.04734000e+01 1.05271000e+00 -1.00315000e+00 1.80809000e-05 -3.11084000e-03 -3.16508000e-03
3.05782000e+01 1.05797000e+00 -1.00316000e+00 1.66510000e-05 -3.12214000e-03 -3.17209000e-03
3.06829000e+01 1.06248000e+00 -1.00316000e+00 1.51591000e-05 -3.13426000e-03 -3.17973000e-03
3.07876000e+01 1.06618000e+00 -1.00317000e+00 1.36242000e-05 -3.14707000e-03 -3.18794000e-03
3.08923000e+01 1.06903000e+00 -1.00318000e+00 1.20656000e-05 -3.16044000e-03 -3.19663000e-03
3.09970000e+01 1.07099000e+00 -1.00320000e+00 1.05032000e-05 -3.17423000e-03 -3.20574000e-03
3.11018000e+01 1.07203000e+00 -1.00321000e+00 8.95707000e-06 -3.18831000e-03 -3.21518000e-03
3.12065000e+01 1.07217000e+00 -1.00322000e+00 7.44758000e-06 -3.20253000e-03 -3.22487000e-03
3.13112000e+01 1.07140000e+00 -1.00323000e+00 5.99488000e-06 -3.21673000e-03 -3.23471000e-03
3.14159000e+01 1.06974000e+00 -1.00324000e+00 4.61879000e-06 -3.23077000e-03 -3.24463000e-03
3.15206000e+01 1.06725000e+00 -1.00325000e+00 3.33853000e-06 -3.24451000e-03 -3.25453000e-03
3.16254000e+01 1.06397000e+00 -1.00326000e+00 2.17241000e-06 -3.25779000e-03 -3.26431000e-03
3.17301000e+01 1.05996000e+00 -1.00327000e+00 1.13746000e-06 -3.27048000e-03 -3.27389000e-03
3.18348000e+01 1.05529000e+00 -1.00328000e+00 2.49186000e-07 -3.28244000e-03 -3.28319000e-03
3.19395000e+01 1.05004000e+00 -1.00329000e+00 -4.78808000e-07 -3.29355000e-03 -3.29211000e-03
3.20442000e+01 1.04430000e+00 -1.00330000e+00 -1.03511000e-06 -3.30369000e-03 -3.30058000e-03
3.21490000e+01 1.03815000e+00 -1.00331000e+00 -1.41075000e-06 -3.31277000e-03 -3.30853000e-03
3.22537000e+01 1.03168000e+00 -1.00332000e+00 -1.59949000e-06 -3.32069000e-03 -3.31589000e-03
3.23584000e+01 1.02498000e+00 -1.00332000e+00 -1.59794000e-06 -3.32739000e-03 -3.32260000e-03
3.24631000e+01 1.01814000e+00 -1.00333000e+00 -1.40574000e-06 -3.33282000e-03 -3.32861000e-03
3.25678000e+01 1.01124000e+00 -1.00333000e+00 -1.02557000e-06 -3.33695000e-03 -3.33387000e-03
3.26726000e+01 1.00437000e+00 -1.00334000e+00 -4.63150000e-07 -3.33975000e-03 -3.33836000e-03
3.27773000e+01 9.97606000e-01 -1.00334000e+00 2.72859000e-07 -3.34124000e-03 -3.34205000e-03
3.28820000e+01 9.91017000e-01 -1.00334000e+00 1.17102000e-06 -3.34143000e-03 -3.34494000e-03
3.29867000e+01 9.84670000e-01 -1.00334000e+00 2.21735000e-06 -3.34038000e-03 -3.34703000e-03
3.30914000e+01 9.78626000e-01 -1.00334000e+00 3.39560000e-06 -3.33813000e-03 -3.34832000e-03
3.31962000e+01 9.72940000e-01 -1.00334000e+00 4.68763000e-06 -3.33477000e-03 -3.34883000e-03
3.33009000e+01 9.67660000e-01 -1.00334000e+00 6.07373000e-06 -3.33038000e-03 -3.34860000e-03
3.34056000e+01 9.62828000e-01 -1.00334000e+00 7.53304000e-06 -3.32507000e-03 -3.34767000e-03
3.35103000e+01 9.58480000e-01 -1.00334000e+00 9.04394000e-06 -3.31895000e-03 -3.34608000e-03
3.36150000e+01 9.54648000e-01 -1.00333000e+00 1.05845000e-05 -3.31214000e-03 -3.34389000e-03
3.37198000e+01 9.51356000e-01 -1.00333000e+00 1.21327000e-05 -3.30477000e-03 -3.34117000e-03
3.38245000e+01 9.48625000e-01 -1.00332000e+00 1.36669000e-05 -3.29698000e-03 -3.33798000e-03
3.39292000e+01 9.46468000e-01 -1.00332000e+00 1.51664000e-05 -3.28889000e-03 -3.33439000e-03
3.40339000e+01 9.44897000e-01 -1.00331000e+00 1.66111000e-05 -3.28066000e-03 -3.33049000e-03
3.41386000e+01 9.43915000e-01 -1.00331000e+00 1.79822000e-05 -3.27240000e-03 -3.32635000e-03
3.42434000e+01 9.43524000e-01 -1.00330000e+00 1.92624000e-05 -3.26426000e-03 -3.32204000e-03
3.43481000e+01 9.43720000e-01 -1.00330000e+00 2.04357000e-05 -3.25636000e-03 -3.31766000e-03
3.44528000e+01 9.44495000e-01 -1.00329000e+00 2.14879000e-05 -3.24882000e-03 -3.31328000e-03
3.45575000e+01 9.45836000e-01 -1.00329000e+00 2.24065000e-05 -3.24176000e-03 -3.30898000e-03
3.46622000e+01 9.47726000e-01 -1.00328000e+00 2.31804000e-05 -3.23528000e-03 -3.30483000e-03
3.47670000e+01 9.50145000e-01 -1.00328000e+00 2.38005000e-05 -3.22950000e-03 -3.30090000e-03
3.48717000e+01 9.53068000e-01 -1.00327000e+00 2.42593000e-05 -3.22448000e-03 -3.29726000e-03
3.49764000e+01 9.56464000e-01 -1.00327000e+00 2.45509000e-05 -3.22032000e-03 -3.29398000e-03
3.50811000e+01 9.60301000e-01 -1.00327000e+00 2.46711000e-05 -3.21709000e-03 -3.29110000e-03
3.51858000e+01 9.64540000e-01 -1.00326000e+00 2.46171000e-05 -3.21484000e-03 -3.28869000e-03
3.52906000e+01 9.69140000e-01 -1.00326000e+00 2.43879000e-05 -3.21363000e-03 -3.28679000e-03
3.53953000e+01 9.74055000e-01 -1.00326000e+00 2.39837000e-05 -3.21348000e-03 -3.28543000e-03
3.55000000e+01 9.79234000e-01 -1.00326000e+00 2.34063000e-05 -3.21444000e-03 -3.28465000e-03
3.56047000e+01 9.84624000e-01 -1.00326000e+00 2.26588000e-05 -3.21650000e-03 -3.28448000e-03
3.57094000e+01 9.90168000e-01 -1.00326000e+00 2.17459000e-05 -3.21969000e-03 -3.28492000e-03
3.58142000e+01 9.95807000e-01 -1.00327000e+00 2.06735000e-05 -3.22398000e-03 -3.28600000e-03
3.59189000e+01 1.00148000e+00 -1.00327000e+00 1.94488000e-05 -3.22937000e-03 -3.28771000e-03
3.60236000e+01 1.00712000e+00 -1.00327000e+00 1.80807000e-05 -3.23582000e-03 -3.29006000e-03
3.61283000e+01 1.01266000e+00 -1.00328000e+00 1.65794000e-05 -3.24330000e-03 -3.29304000e-03
3.62330000e+01 1.01804000e+00 -1.00328000e+00 1.49564000e-05 -3.25175000e-03 -3.29662000e-03
3.63378000e+01 1.02319000e+00 -1.00329000e+00 1.32248000e-05 -3.26111000e-03 -3.30078000e-03
3.64425000e+01 1.02805000e+00 -1.00329000e+00 1.13992000e-05 -3.27130000e-03 -3.30550000e-03
3.65472000e+01 1.03256000e+00 -1.00330000e+00 9.49554000e-06 -3.28226000e-03 -3.31074000e-03
3.66519000e+01 1.03666000e+00 -1.00331000e+00 7.53133000e-06 -3.29388000e-03 -3.31647000e-03
3.67566000e+01 1.04031000e+00 -1.00332000e+00 5.52546000e-06 -3.30605000e-03 -3.32263000e-03
3.68614000e+01 1.04345000e+00 -1.00333000e+00 3.49823000e-06 -3.31868000e-03 -3.32918000e-03
3.69661000e+01 1.04605000e+00 -1.00333000e+00 1.47119000e-06 -3.33164000e-03 -3.33606000e-03
3.70708000e+01 1.04807000e+00 -1.00334000e+00 -5.32928000e-07 -3.34481000e-03 -3.34321000e-03
3.71755000e+01 1.04950000e+00 -1.00335000e+00 -2.49039000e-06 -3.35806000e-03 -3.35058000e-03
3.72802000e+01 1.05032000e+00 -1.00336000e+00 -4.37666000e-06 -3.37124000e-03 -3.35811000e-03
3.73850000e+01 1.05052000e+00 -1.00337000e+00 -6.16667000e-06 -3.38423000e-03 -3.36573000e-03
3.74897000e+01 1.05010000e+00 -1.00338000e+00 -7.83504000e-06 -3.39688000e-03 -3.37338000e-03
3.75944000e+01 1.04909000e+00 -1.00339000e+00 -9.35648000e-06 -3.40906000e-03 -3.38100000e-03
3.76991000e+01 1.04749000e+00 -1.00340000e+00 -1.07061000e-05 -3.42064000e-03 -3.38852000e-03
3.78038000e+01 1.04535000e+00 -1.00341000e+00 -1.18597000e-05 -3.43147000e-03 -3.39589000e-03
3.79086000e+01 1.04269000e+00 -1.00342000e+00 -1.27944000e-05 -3.44143000e-03 -3.40305000e-03
3.80133000e+01 1.03956000e+00 -1.00342000e+00 -1.34888000e-05 -3.45042000e-03 -3.40995000e-03
3.81180000e+01 1.03602000e+00 -1.00343000e+00 -1.39235000e-05 -3.45832000e-03 -3.41655000e-03
3.82227000e+01 1.03210000e+00 -1.00344000e+00 -1.40815000e-05 -3.46504000e-03 -3.42280000e-03
3.83274000e+01 1.02787000e+00 -1.00344000e+00 -1.39483000e-05 -3.47051000e-03 -3.42867000e-03
3.84322000e+01 1.02338000e+00 -1.00345000e+00 -1.35126000e-05 -3.47467000e-03 -3.43413000e-03
3.85369000e+01 1.01870000e+00 -1.00345000e+00 -1.27661000e-05 -3.47746000e-03 -3.43916000e-03
3.86416000e+01 1.01389000e+00 -1.00346000e+00 -1.17041000e-05 -3.47886000e-03 -3.44375000e-03
3.87463000e+01 1.00900000e+00 -1.00346000e+00 -1.03250000e-05 -3.47886000e-03 -3.44789000e-03
3.88510000e+01 1.00410000e+00 -1.00346000e+00 -8.63098000e-06 -3.47748000e-03 -3.45159000e-03
3.89557000e+01 9.99230000e-01 -1.00346000e+00 -6.62752000e-06 -3.47474000e-03 -3.45486000e-03
3.90605000e+01 9.94456000e-01 -1.00346000e+00 -4.32329000e-06 -3.47069000e-03 -3.45772000e-03
3.91652000e+01 9.89824000e-01 -1.00346000e+00 -1.73004000e-06 -3.46539000e-03 -3.46020000e-03
3.92699000e+01 9.85383000e-01 -1.00346000e+00 1.13776000e-06 -3.45891000e-03 -3.46232000e-03
3.93746000e+01 9.81175000e-01 -1.00346000e+00 4.26323000e-06 -3.45136000e-03 -3.46415000e-03
3.94793000e+01 9.77239000e-01 -1.00346000e+00 7.62743000e-06 -3.44284000e-03 -3.46572000e-03
3.95841000e+01 9.73610000e-01 -1.00346000e+00 1.12098000e-05 -3.43346000e-03 -3.46708000e-03
3.96888000e+01 9.70320000e-01 -1.00345000e+00 1.49885000e-05 -3.42334000e-03 -3.46831000e-03
3.97935000e+01 9.67396000e-01 -1.00345000e+00 1.89409000e-05 -3.41263000e-03 -3.46945000e-03
3.98982000e+01 9.64860000e-01 -1.00345000e+00 2.30438000e-05 -3.40145000e-03 -3.47058000e-03
4.00029000e+01 9.62731000e-01 -1.00344000e+00 2.72740000e-05 -3.38994000e-03 -3.47176000e-03
4.01077000e+01 9.61023000e-01 -1.00344000e+00 3.16087000e-05 -3.37824000e-03 -3.47307000e-03
4.02124000e+01 9.59747000e-01 -1.00344000e+00 3.60252000e-05 -3.36650000e-03 -3.47457000e-03
4.03171000e+01 9.58910000e-01 -1.00344000e+00 4.05018000e-05 -3.35483000e-03 -3.47634000e-03
4.04218000e+01 9.58516000e-01 -1.00343000e+00 4.50178000e-05 -3.34338000e-03 -3.47843000e-03
4.05265000e+01 9.58561000e-01 -1.00343000e+00 4.95534000e-05 -3.33227000e-03 -3.48093000e-03
4.06313000e+01 9.59044000e-01 -1.00343000e+00 5.40900000e-05 -3.32161000e-03 -3.48388000e-03
4.07360000e+01 9.59954000e-01 -1.00343000e+00 5.86104000e-05 -3.31152000e-03 -3.48735000e-03
4.08407000e+01 9.61280000e-01 -1.00343000e+00 6.30984000e-05 -3.30210000e-03 -3.49140000e-03
4.09454000e+01 9.63008000e-01 -1.00343000e+00 6.75392000e-05 -3.29345000e-03 -3.49607000e-03
4.10501000e+01 9.65117000e-01 -1.00343000e+00 7.19189000e-05 -3.28564000e-03 -3.50140000e-03
4.11549000e+01 9.67586000e-01 -1.00343000e+00 7.62248000e-05 -3.27876000e-03 -3.50743000e-03
4.12596000e+01 9.70388000e-01 -1.00343000e+00 8.04452000e-05 -3.27286000e-03 -3.51420000e-03
4.13643000e+01 9.73495000e-01 -1.00344000e+00 8.45693000e-05 -3.26800000e-03 -3.52171000e-03
4.14690000e+01 9.76876000e-01 -1.00344000e+00 8.85867000e-05 -3.26422000e-03 -3.52998000e-03
4.15737000e+01 9.80493000e-01 -1.00345000e+00 9.24879000e-05 -3.26156000e-03 -3.53903000e-03
4.16785000e+01 9.84311000e-01 -1.00345000e+00 9.62637000e-05 -3.26004000e-03 -3.54883000e-03
4.17832000e+01 9.88288000e-01 -1.00346000e+00 9.99055000e-05 -3.25966000e-03 -3.55938000e-03
4.18879000e+01 9.92382000e-01 -1.00347000e+00 1.03405000e-04 -3.26044000e-03 -3.57065000e-03
4.19926000e+01 9.96547000e-01 -1.00348000e+00 1.06752000e-04 -3.26235000e-03 -3.58261000e-03
4.20973000e+01 1.00074000e+00 -1.00349000e+00 1.09941000e-04 -3.26538000e-03 -3.59520000e-03
4.22021000e+01 1.00491000e+00 -1.00350000e+00 1.12961000e-04 -3.26950000e-03 -3.60839000e-03
4.23068000e+01 1.00901000e+00 -1.00351000e+00 1.15806000e-04 -3.27467000e-03 -3.62209000e-03
4.24115000e+01 1.01300000e+00 -1.00352000e+00 1.18465000e-04 -3.28083000e-03 -3.63623000e-03
4.25162000e+01 1.01682000e+00 -1.00353000e+00 1.20931000e-04 -3.28793000e-03 -3.65072000e-03
4.26209000e+01 1.02043000e+00 -1.00354000e+00 1.23195000e-04 -3.29589000e-03 -3.66548000e-03
4.27257000e+01 1.02379000e+00 -1.00356000e+00 1.25248000e-04 -3.30464000e-03 -3.68038000e-03
4.28304000e+01 1.02686000e+00 -1.00357000e+00 1.27081000e-04 -3.31408000e-03 -3.69532000e-03
4.29351000e+01 1.02960000e+00 -1.00358000e+00 1.28687000e-04 -3.32411000e-03 -3.71017000e-03
4.30398000e+01 1.03198000e+00 -1.00359000e+00 1.30058000e-04 -3.33464000e-03 -3.72481000e-03
4.31445000e+01 1.03397000e+00 -1.00361000e+00 1.31186000e-04 -3.34554000e-03 -3.73909000e-03
4.32493000e+01 1.03554000e+00 -1.00362000e+00 1.32064000e-04 -3.35669000e-03 -3.75289000e-03
4.33540000e+01 1.03668000e+00 -1.00363000e+00 1.32687000e-04 -3.36798000e-03 -3.76604000e-03
4.34587000e+01 1.03738000e+00 -1.00365000e+00 1.33050000e-04 -3.37928000e-03 -3.77842000e-03
4.35634000e+01 1.03762000e+00 -1.00366000e+00 1.33149000e-04 -3.39044000e-03 -3.78989000e-03
4.36681000e+01 1.03742000e+00 -1.00367000e+00 1.32983000e-04 -3.40135000e-03 -3.80030000e-03
4.37729000e+01 1.03678000e+00 -1.00368000e+00 1.32552000e-04 -3.41186000e-03 -3.80951000e-03
4.38776000e+01 1.03571000e+00 -1.00369000e+00 1.31857000e-04 -3.42185000e-03 -3.81742000e-03
4.39823000e+01 1.03423000e+00 -1.00369000e+00 1.30902000e-04 -3.43119000e-03 -3.82390000e-03
4.40870000e+01 1.03236000e+00 -1.00370000e+00 1.29693000e-04 -3.43976000e-03 -3.82884000e-03
4.41917000e+01 1.03014000e+00 -1.00370000e+00 1.28238000e-04 -3.44746000e-03 -3.83217000e-03
4.42965000e+01 1.02759000e+00 -1.00371000e+00 1.26547000e-04 -3.45416000e-03 -3.83381000e-03
4.44012000e+01 1.02475000e+00 -1.00371000e+00 1.24632000e-04 -3.45980000e-03 -3.83369000e-03
4.45059000e+01 1.02166000e+00 -1.00371000e+00 1.22507000e-04 -3.46428000e-03 -3.83180000e-03
4.46106000e+01 1.01836000e+00 -1.00371000e+00 1.20188000e-04 -3.46754000e-03 -3.82810000e-03
4.47153000e+01 1.01490000e+00 -1.00370000e+00 1.17693000e-04 -3.46953000e-03 -3.82261000e-03
4.48201000e+01 1.01131000e+00 -1.00370000e+00 1.15041000e-04 -3.47022000e-03 -3.81534000e-03
4.49248000e+01 1.00765000e+00 -1.00369000e+00 1.12251000e-04 -3.46959000e-03 -3.80634000e-03
4.50295000e+01 1.00395000e+00 -1.00369000e+00 1.09345000e-04 -3.46764000e-03 -3.79568000e-03
4.51342000e+01 1.00026000e+00 -1.00368000e+00 1.06344000e-04 -3.46439000e-03 -3.78343000e-03
4.52389000e+01 9.96612000e-01 -1.00367000e+00 1.03270000e-04 -3.45988000e-03 -3.76969000e-03
4.53437000e+01 9.93057000e-01 -1.00365000e+00 1.00143000e-04 -3.45415000e-03 -3.75458000e-03
4.54484000e+01 9.89628000e-01 -1.00364000e+00 9.69836000e-05 -3.44727000e-03 -3.73822000e-03
4.55531000e+01 9.86358000e-01 -1.00363000e+00 9.38129000e-05 -3.43932000e-03 -3.72076000e-03
4.56578000e+01 9.83282000e-01 -1.00361000e+00 9.06495000e-05 -3.43038000e-03 -3.70233000e-03
4.57625000e+01 9.80427000e-01 -1.00360000e+00 8.75113000e-05 -3.42056000e-03 -3.68310000e-03
4.58673000e+01 9.77821000e-01 -1.00358000e+00 8.44146000e-05 -3.40998000e-03 -3.66322000e-03
4.59720000e+01 9.75486000e-01 -1.00356000e+00 8.13747000e-05 -3.39874000e-03 -3.64286000e-03
4.60767000e+01 9.73442000e-01 -1.00354000e+00 7.84051000e-05 -3.38696000e-03 -3.62218000e-03
4.61814000e+01 9.71707000e-01 -1.00353000e+00 7.55178000e-05 -3.37478000e-03 -3.60133000e-03
4.62861000e+01 9.70294000e-01 -1.00351000e+00 7.27234000e-05 -3.36231000e-03 -3.58048000e-03
4.63909000e+01 9.69213000e-01 -1.00349000e+00 7.00308000e-05 -3.34969000e-03 -3.55979000e-03
4.64956000e+01 9.68472000e-01 -1.00347000e+00 6.74478000e-05 -3.33704000e-03 -3.53939000e-03
4.66003000e+01 9.68074000e-01 -1.00345000e+00 6.49807000e-05 -3.32448000e-03 -3.51943000e-03
4.67050000e+01 9.68021000e-01 -1.00344000e+00 6.26345000e-05 -3.31213000e-03 -3.50003000e-03
4.68097000e+01 9.68309000e-01 -1.00342000e+00 6.04132000e-05 -3.30009000e-03 -3.48133000e-03
4.69145000e+01 9.68934000e-01 -1.00341000e+00 5.83199000e-05 -3.28848000e-03 -3.46344000e-03
4.70192000e+01 9.69888000e-01 -1.00339000e+00 5.63569000e-05 -3.27739000e-03 -3.44646000e-03
4.71239000e+01 9.71158000e-01 -1.00338000e+00 5.45255000e-05 -3.26691000e-03 -3.43049000e-03
4.72286000e+01 9.72730000e-01 -1.00336000e+00 5.28266000e-05 -3.25712000e-03 -3.41560000e-03
4.73333000e+01 9.74588000e-01 -1.00335000e+00 5.12607000e-05 -3.24809000e-03 -3.40187000e-03
4.74380000e+01 9.76711000e-01 -1.00334000e+00 4.98275000e-05 -3.23989000e-03 -3.38938000e-03
4.75428000e+01 9.79077000e-01 -1.00333000e+00 4.85269000e-05 -3.23257000e-03 -3.37816000e-03
4.76475000e+01 9.81661000e-01 -1.00332000e+00 4.73583000e-05 -3.22618000e-03 -3.36826000e-03
4.77522000e+01 9.84435000e-01 -1.00331000e+00 4.63208000e-05 -3.22075000e-03 -3.35972000e-03
4.78569000e+01 9.87369000e-01 -1.00331000e+00 4.54135000e-05 -3.21631000e-03 -3.35255000e-03
4.79616000e+01 9.90433000e-01 -1.00330000e+00 4.46355000e-05 -3.21287000e-03 -3.34678000e-03
4.80664000e+01 9.93593000e-01 -1.00330000e+00 4.39858000e-05 -3.21045000e-03 -3.34241000e-03
4.81711000e+01 9.96814000e-01 -1.00330000e+00 4.34631000e-05 -3.20904000e-03 -3.33943000e-03
4.82758000e+01 1.00006000e+00 -1.00329000e+00 4.30662000e-05 -3.20863000e-03 -3.33782000e-03
4.83805000e+01 1.00330000e+00 -1.00329000e+00 4.27938000e-05 -3.20920000e-03 -3.33758000e-03
4.84852000e+01 1.00649000e+00 -1.00330000e+00 4.26445000e-05 -3.21072000e-03 -3.33866000e-03
4.85900000e+01 1.00959000e+00 -1.00330000e+00 4.26165000e-05 -3.21317000e-03 -3.34102000e-03
4.86947000e+01 1.01258000e+00 -1.00330000e+00 4.27079000e-05 -3.21649000e-03 -3.34462000e-03
4.87994000e+01 1.01541000e+00 -1.00331000e+00 4.29166000e-05 -3.22064000e-03 -3.34939000e-03
4.89041000e+01 1.01805000e+00 -1.00331000e+00 4.32399000e-05 -3.22556000e-03 -3.35528000e-03
4.90088000e+01 1.02047000e+00 -1.00332000e+00 4.36748000e-05 -3.23118000e-03 -3.36220000e-03
4.91136000e+01 1.02265000e+00 -1.00333000e+00 4.42177000e-05 -3.23743000e-03 -3.37008000e-03
4.92183000e+01 1.02455000e+00 -1.00333000e+00 4.48641000e-05 -3.24424000e-03 -3.37883000e-03
4.93230000e+01 1.02616000e+00 -1.00334000e+00 4.56092000e-05 -3.25153000e-03 -3.38835000e-03
4.94277000e+01 1.02745000e+00 -1.00335000e+00 4.64471000e-05 -3.25920000e-03 -3.39854000e-03
4.95324000e+01 1.02841000e+00 -1.00336000e+00 4.73711000e-05 -3.26718000e-03 -3.40929000e-03
4.96372000e+01 1.02904000e+00 -1.00337000e+00 4.83734000e-05 -3.27537000e-03 -3.42049000e-03
4.97419000e+01 1.02932000e+00 -1.00338000e+00 4.94454000e-05 -3.28368000e-03 -3.43202000e-03
4.98466000e+01 1.02925000e+00 -1.00339000e+00 5.05772000e-05 -3.29202000e-03 -3.44375000e-03
4.99513000e+01 1.02885000e+00 -1.00340000e+00 5.17579000e-05 -3.30029000e-03 -3.45556000e-03
5.00560000e+01 1.02811000e+00 -1.00341000e+00 5.29758000e-05 -3.30840000e-03 -3.46733000e-03
5.01608000e+01 1.02705000e+00 -1.00342000e+00 5.42179000e-05 -3.31627000e-03 -3.47892000e-03
5.02655000e+01 1.02568000e+00 -1.00343000e+00 5.54703000e-05 -3.32382000e-03 -3.49023000e-03
5.03702000e+01 1.02403000e+00 -1.00344000e+00 5.67184000e-05 -3.33096000e-03 -3.50112000e-03
5.04749000e+01 1.02211000e+00 -1.00345000e+00 5.79468000e-05 -3.33763000e-03 -3.51147000e-03
5.05796000e+01 1.01997000e+00 -1.00346000e+00 5.91397000e-05 -3.34377000e-03 -3.52119000e-03
5.06844000e+01 1.01761000e+00 -1.00347000e+00 6.02809000e-05 -3.34931000e-03 -3.53016000e-03
5.07891000e+01 1.01508000e+00 -1.00348000e+00 6.13540000e-05 -3.35423000e-03 -3.53829000e-03
5.08938000e+01 1.01240000e+00 -1.00348000e+00 6.23431000e-05 -3.35847000e-03 -3.54550000e-03
5.09985000e+01 1.00962000e+00 -1.00349000e+00 6.32322000e-05 -3.36202000e-03 -3.55172000e-03
5.11032000e+01 1.00675000e+00 -1.00349000e+00 6.40064000e-05 -3.36487000e-03 -3.55689000e-03
5.12080000e+01 1.00385000e+00 -1.00350000e+00 6.46513000e-05 -3.36701000e-03 -3.56097000e-03
5.13127000e+01 1.00093000e+00 -1.00350000e+00 6.51541000e-05 -3.36846000e-03 -3.56393000e-03
5.14174000e+01 9.98040000e-01 -1.00350000e+00 6.55029000e-05 -3.36924000e-03 -3.56575000e-03
5.15221000e+01 9.95203000e-01 -1.00350000e+00 6.56877000e-05 -3.36937000e-03 -3.56644000e-03
5.16268000e+01 9.92453000e-01 -1.00350000e+00 6.57000000e-05 -3.36891000e-03 -3.56601000e-03
5.17316000e+01 9.89817000e-01 -1.00350000e+00 6.55333000e-05 -3.36789000e-03 -3.56449000e-03
5.18363000e+01 9.87322000e-01 -1.00350000e+00 6.51829000e-05 -3.36639000e-03 -3.56194000e-03
5.19410000e+01 9.84993000e-01 -1.00349000e+00 6.46461000e-05 -3.36447000e-03 -3.55841000e-03
5.20457000e+01 9.82854000e-01 -1.00349000e+00 6.39223000e-05 -3.36220000e-03 -3.55397000e-03
5.21504000e+01 9.80923000e-01 -1.00349000e+00 6.30127000e-05 -3.35967000e-03 -3.54871000e-03
5.22552000e+01 9.79218000e-01 -1.00348000e+00 6.19204000e-05 -3.35695000e-03 -3.54271000e-03
5.23599000e+01 9.77755000e-01 -1.00348000e+00 6.06504000e-05 -3.35413000e-03 -3.53608000e-03
5.24646000e+01 9.76546000e-01 -1.00347000e+00 5.92092000e-05 -3.35129000e-03 -3.52892000e-03
5.25693000e+01 9.75601000e-01 -1.00346000e+00 5.76050000e-05 -3.34853000e-03 -3.52135000e-03
5.26740000e+01 9.74928000e-01 -1.00346000e+00 5.58472000e-05 -3.34593000e-03 -3.51347000e-03
5.27788000e+01 9.74529000e-01 -1.00345000e+00 5.39464000e-05 -3.34357000e-03 -3.50541000e-03
5.28835000e+01 9.74409000e-01 -1.00345000e+00 5.19145000e-05 -3.34155000e-03 -3.49729000e-03
5.29882000e+01 9.74565000e-01 -1.00344000e+00 4.97641000e-05 -3.33992000e-03 -3.48921000e-03
5.30929000e+01 9.74994000e-01 -1.00343000e+00 4.75087000e-05 -3.33877000e-03 -3.48130000e-03
5.31976000e+01 9.75691000e-01 -1.00343000e+00 4.51624000e-05 -3.33817000e-03 -3.47365000e-03
5.33024000e+01 9.76646000e-01 -1.00342000e+00 4.27397000e-05 -3.33817000e-03 -3.46638000e-03
5.34071000e+01 9.77849000e-01 -1.00342000e+00 4.02557000e-05 -3.33882000e-03 -3.45959000e-03
5.35118000e+01 9.79287000e-01 -1.00342000e+00 3.77258000e-05 -3.34019000e-03 -3.45337000e-03
5.36165000e+01 9.80943000e-01 -1.00341000e+00 3.51657000e-05 -3.34230000e-03 -3.44780000e-03
5.37212000e+01 9.82800000e-01 -1.00341000e+00 3.25913000e-05 -3.34518000e-03 -3.44296000e-03
5.38260000e+01 9.84837000e-01 -1.00341000e+00 3.00187000e-05 -3.34887000e-03 -3.43892000e-03
5.39307000e+01 9.87034000e-01 -1.00341000e+00 2.74643000e-05 -3.35336000e-03 -3.43575000e-03
5.40354000e+01 9.89365000e-01 -1.00341000e+00 2.49443000e-05 -3.35866000e-03 -3.43350000e-03
5.41401000e+01 9.91807000e-01 -1.00341000e+00 2.24753000e-05 -3.36478000e-03 -3.43220000e-03
5.42448000e+01 9.94331000e-01 -1.00341000e+00 2.00739000e-05 -3.37168000e-03 -3.43191000e-03
5.43496000e+01 9.96911000e-01 -1.00341000e+00 1.77569000e-05 -3.37936000e-03 -3.43263000e-03
5.44543000e+01 9.99518000e-01 -1.00342000e+00 1.55410000e-05 -3.38777000e-03 -3.43439000e-03
5.45590000e+01 1.00212000e+00 -1.00342000e+00 1.34428000e-05 -3.39686000e-03 -3.43719000e-03
5.46637000e+01 1.00470000e+00 -1.00343000e+00 1.14791000e-05 -3.40660000e-03 -3.44104000e-03
5.47684000e+01 1.00721000e+00 -1.00344000e+00 9.66618000e-06 -3.41691000e-03 -3.44590000e-03
5.48732000e+01 1.00963000e+00 -1.00344000e+00 8.02032000e-06 -3.42772000e-03 -3.45178000e-03
5.49779000e+01 1.01194000e+00 -1.00345000e+00 6.55728000e-06 -3.43895000e-03 -3.45862000e-03
5.50826000e+01 1.01410000e+00 -1.00346000e+00 5.29223000e-06 -3.45052000e-03 -3.46640000e-03
5.51873000e+01 1.01609000e+00 -1.00347000e+00 4.23961000e-06 -3.46233000e-03 -3.47505000e-03
5.52920000e+01 1.01789000e+00 -1.00348000e+00 3.41284000e-06 -3.47428000e-03 -3.48452000e-03
5.53968000e+01 1.01947000e+00 -1.00349000e+00 2.82413000e-06 -3.48627000e-03 -3.49474000e-03
5.55015000e+01 1.02082000e+00 -1.00350000e+00 2.48417000e-06 -3.49819000e-03 -3.50564000e-03
5.56062000e+01 1.02193000e+00 -1.00351000e+00 2.40188000e-06 -3.50992000e-03 -3.51712000e-03
5.57109000e+01 1.02277000e+00 -1.00353000e+00 2.58410000e-06 -3.52135000e-03 -3.52910000e-03
5.58156000e+01 1.02335000e+00 -1.00354000e+00 3.03529000e-06 -3.53236000e-03 -3.54147000e-03
5.59203000e+01 1.02365000e+00 -1.00355000e+00 3.75726000e-06 -3.54286000e-03 -3.55413000e-03
5.60251000e+01 1.02368000e+00 -1.00356000e+00 4.74890000e-06 -3.55273000e-03 -3.56697000e-03
5.61298000e+01 1.02343000e+00 -1.00357000e+00 6.00591000e-06 -3.56186000e-03 -3.57988000e-03
5.62345000e+01 1.02291000e+00 -1.00359000e+00 7.52068000e-06 -3.57016000e-03 -3.59273000e-03
5.63392000e+01 1.02213000e+00 -1.00360000e+00 9.28208000e-06 -3.57755000e-03 -3.60540000e-03
5.64439000e+01 1.02110000e+00 -1.00361000e+00 1.12754000e-05 -3.58396000e-03 -3.61778000e-03
5.65487000e+01 1.01983000e+00 -1.00362000e+00 1.34825000e-05 -3.58930000e-03 -3.62975000e-03
5.66534000e+01 1.01835000e+00 -1.00363000e+00 1.58817000e-05 -3.59355000e-03 -3.64119000e-03
5.67581000e+01 1.01667000e+00 -1.00363000e+00 1.84479000e-05 -3.59665000e-03 -3.65200000e-03
5.68628000e+01 1.01481000e+00 -1.00364000e+00 2.11533000e-05 -3.59859000e-03 -3.66205000e-03
5.69675000e+01 1.01281000e+00 -1.00365000e+00 2.39673000e-05 -3.59937000e-03 -3.67127000e-03
5.70723000e+01 1.01067000e+00 -1.00365000e+00 2.68571000e-05 -3.59898000e-03 -3.67955000e-03
5.71770000e+01 1.00843000e+00 -1.00366000e+00 2.97881000e-05 -3.59746000e-03 -3.68683000e-03
5.72817000e+01 1.00612000e+00 -1.00366000e+00 3.27249000e-05 -3.59486000e-03 -3.69303000e-03
5.73864000e+01 1.00377000e+00 -1.00366000e+00 3.56311000e-05 -3.59121000e-03 -3.69811000e-03
5.74911000e+01 1.00139000e+00 -1.00366000e+00 3.84707000e-05 -3.58661000e-03 -3.70202000e-03
5.75959000e+01 9.99027000e-01 -1.00366000e+00 4.12084000e-05 -3.58112000e-03 -3.70474000e-03
5.77006000e+01 9.96694000e-01 -1.00366000e+00 4.38100000e-05 -3.57484000e-03 -3.70627000e-03
5.78053000e+01 9.94420000e-01 -1.00366000e+00 4.62434000e-05 -3.56788000e-03 -3.70661000e-03
5.79100000e+01 9.92231000e-01 -1.00366000e+00 4.84788000e-05 -3.56035000e-03 -3.70579000e-03
5.80147000e+01 9.90148000e-01 -1.00365000e+00 5.04892000e-05 -3.55236000e-03 -3.70383000e-03
5.81195000e+01 9.88193000e-01 -1.00365000e+00 5.22507000e-05 -3.54405000e-03 -3.70080000e-03
5.82242000e+01 9.86385000e-01 -1.00364000e+00 5.37432000e-05 -3.53553000e-03 -3.69676000e-03
5.83289000e+01 9.84743000e-01 -1.00364000e+00 5.49500000e-05 -3.52693000e-03 -3.69178000e-03
5.84336000e+01 9.83281000e-01 -1.00363000e+00 5.58584000e-05 -3.51839000e-03 -3.68596000e-03
5.85383000e+01 9.82014000e-01 -1.00362000e+00 5.64594000e-05 -3.51002000e-03 -3.67939000e-03
5.86431000e+01 9.80953000e-01 -1.00362000e+00 5.67480000e-05 -3.50194000e-03 -3.67218000e-03
5.87478000e+01 9.80107000e-01 -1.00361000e+00 5.67227000e-05 -3.49428000e-03 -3.66445000e-03
5.88525000e+01 9.79483000e-01 -1.00360000e+00 5.63859000e-05 -3.48714000e-03 -3.65629000e-03
5.89572000e+01 9.79087000e-01 -1.00359000e+00 5.57432000e-05 -3.48062000e-03 -3.64785000e-03
5.90619000e+01 9.78919000e-01 -1.00358000e+00 5.48035000e-05 -3.47483000e-03 -3.63924000e-03
5.91667000e+01 9.78982000e-01 -1.00358000e+00 5.35788000e-05 -3.46985000e-03 -3.63058000e-03
5.92714000e+01 9.79272000e-01 -1.00357000e+00 5.20836000e-05 -3.46575000e-03 -3.62200000e-03
5.93761000e+01 9.79786000e-01 -1.00356000e+00 5.03352000e-05 -3.46260000e-03 -3.61360000e-03
5.94808000e+01 9.80517000e-01 -1.00356000e+00 4.83533000e-05 -3.46045000e-03 -3.60551000e-03
5.95855000e+01 9.81456000e-01 -1.00355000e+00 4.61596000e-05 -3.45936000e-03 -3.59784000e-03
5.96903000e+01 9.82593000e-01 -1.00355000e+00 4.37779000e-05 -3.45935000e-03 -3.59068000e-03
5.97950000e+01 9.83916000e-01 -1.00354000e+00 4.12339000e-05 -3.46044000e-03 -3.58414000e-03
5.98997000e+01 9.85410000e-01 -1.00354000e+00 3.85550000e-05 -3.46264000e-03 -3.57830000e-03
6.00044000e+01 9.87058000e-01 -1.00354000e+00 3.57705000e-05 -3.46594000e-03 -3.57325000e-03
6.01091000e+01 9.88843000e-01 -1.00354000e+00 3.29110000e-05 -3.47033000e-03 -3.56906000e-03
6.02139000e+01 9.90745000e-01 -1.00354000e+00 3.00090000e-05 -3.47577000e-03 -3.56580000e-03
6.03186000e+01 9.92744000e-01 -1.00354000e+00 2.70981000e-05 -3.48222000e-03 -3.56352000e-03
6.04233000e+01 9.94818000e-01 -1.00354000e+00 2.42139000e-05 -3.48962000e-03 -3.56226000e-03
6.05280000e+01 9.96943000e-01 -1.00354000e+00 2.13930000e-05 -3.49789000e-03 -3.56207000e-03
6.06327000e+01 9.99097000e-01 -1.00354000e+00 1.86735000e-05 -3.50695000e-03 -3.56297000e-03
6.07375000e+01 1.00126000e+00 -1.00355000e+00 1.60949000e-05 -3.51670000e-03 -3.56498000e-03
6.08422000e+01 1.00339000e+00 -1.00355000e+00 1.36974000e-05 -3.52702000e-03 -3.56811000e-03
6.09469000e+01 1.00549000e+00 -1.00356000e+00 1.15226000e-05 -3.53778000e-03 -3.57235000e-03
6.10516000e+01 1.00751000e+00 -1.00357000e+00 9.61250000e-06 -3.54885000e-03 -3.57769000e-03
6.11563000e+01 1.00945000e+00 -1.00358000e+00 8.00939000e-06 -3.56008000e-03 -3.58411000e-03
6.12611000e+01 1.01127000e+00 -1.00358000e+00 6.75559000e-06 -3.57131000e-03 -3.59157000e-03
6.13658000e+01 1.01296000e+00 -1.00359000e+00 5.89286000e-06 -3.58236000e-03 -3.60004000e-03
6.14705000e+01 1.01449000e+00 -1.00360000e+00 5.46181000e-06 -3.59307000e-03 -3.60946000e-03
6.15752000e+01 1.01585000e+00 -1.00361000e+00 5.50132000e-06 -3.60326000e-03 -3.61976000e-03
6.16799000e+01 1.01702000e+00 -1.00362000e+00 6.04775000e-06 -3.61274000e-03 -3.63088000e-03
6.17847000e+01 1.01800000e+00 -1.00364000e+00 7.13420000e-06 -3.62134000e-03 -3.64274000e-03
6.18894000e+01 1.01876000e+00 -1.00365000e+00 8.78964000e-06 -3.62887000e-03 -3.65524000e-03
6.19941000e+01 1.01930000e+00 -1.00366000e+00 1.10381000e-05 -3.63518000e-03 -3.66829000e-03
6.20988000e+01 1.01961000e+00 -1.00367000e+00 1.38978000e-05 -3.64009000e-03 -3.68178000e-03
6.22035000e+01 1.01970000e+00 -1.00368000e+00 1.73804000e-05 -3.64346000e-03 -3.69560000e-03
6.23083000e+01 1.01956000e+00 -1.00369000e+00 2.14900000e-05 -3.64517000e-03 -3.70964000e-03
6.24130000e+01 1.01920000e+00 -1.00370000e+00 2.62228000e-05 -3.64509000e-03 -3.72376000e-03
6.25177000e+01 1.01862000e+00 -1.00371000e+00 3.15667000e-05 -3.64315000e-03 -3.73785000e-03
6.26224000e+01 1.01782000e+00 -1.00371000e+00 3.75005000e-05 -3.63926000e-03 -3.75176000e-03
6.27271000e+01 1.01683000e+00 -1.00372000e+00 4.39940000e-05 -3.63340000e-03 -3.76538000e-03
6.28319000e+01 1.01565000e+00 -1.00373000e+00 5.10085000e-05 -3.62555000e-03 -3.77857000e-03
6.29366000e+01 1.01431000e+00 -1.00373000e+00 5.84964000e-05 -3.61572000e-03 -3.79121000e-03
6.30413000e+01 1.01280000e+00 -1.00374000e+00 6.64023000e-05 -3.60396000e-03 -3.80317000e-03
6.31460000e+01 1.01117000e+00 -1.00374000e+00 7.46636000e-05 -3.59034000e-03 -3.81433000e-03
6.32507000e+01 1.00942000e+00 -1.00374000e+00 8.32114000e-05 -3.57495000e-03 -3.82458000e-03
6.33555000e+01 1.00758000e+00 -1.00374000e+00 9.19720000e-05 -3.55791000e-03 -3.83383000e-03
6.34602000e+01 1.00567000e+00 -1.00374000e+00 1.00868000e-04 -3.53938000e-03 -3.84198000e-03
6.35649000e+01 1.00371000e+00 -1.00374000e+00 1.09818000e-04 -3.51950000e-03 -3.84896000e-03
6.36696000e+01 1.00172000e+00 -1.00374000e+00 1.18743000e-04 -3.49847000e-03 -3.85469000e-03
6.37743000e+01 9.99735000e-01 -1.00373000e+00 1.27562000e-04 -3.47646000e-03 -3.85915000e-03
6.38791000e+01 9.97768000e-01 -1.00373000e+00 1.36195000e-04 -3.45369000e-03 -3.86228000e-03
6.39838000e+01 9.95842000e-01 -1.00372000e+00 1.44568000e-04 -3.43037000e-03 -3.86407000e-03
6.40885000e+01 9.93979000e-01 -1.00371000e+00 1.52609000e-04 -3.40670000e-03 -3.86453000e-03
6.41932000e+01 9.92198000e-01 -1.00370000e+00 1.60252000e-04 -3.38291000e-03 -3.86366000e-03
6.42979000e+01 9.90517000e-01 -1.00369000e+00 1.67437000e-04 -3.35920000e-03 -3.86151000e-03
6.44026000e+01 9.88954000e-01 -1.00368000e+00 1.74110000e-04 -3.33579000e-03 -3.85812000e-03
6.45074000e+01 9.87525000e-01 -1.00367000e+00 1.80224000e-04 -3.31288000e-03 -3.85355000e-03
6.46121000e+01 9.86243000e-01 -1.00366000e+00 1.85740000e-04 -3.29066000e-03 -3.84788000e-03
6.47168000e+01 9.85121000e-01 -1.00365000e+00 1.90625000e-04 -3.26933000e-03 -3.84120000e-03
6.48215000e+01 9.84170000e-01 -1.00364000e+00 1.94854000e-04 -3.24905000e-03 -3.83361000e-03
6.49262000e+01 9.83398000e-01 -1.00363000e+00 1.98407000e-04 -3.23000000e-03 -3.82522000e-03
6.50310000e+01 9.82813000e-01 -1.00361000e+00 2.01272000e-04 -3.21233000e-03 -3.81614000e-03
6.51357000e+01 9.82418000e-01 -1.00360000e+00 2.03441000e-04 -3.19618000e-03 -3.80650000e-03
6.52404000e+01 9.82217000e-01 -1.00359000e+00 2.04913000e-04 -3.18168000e-03 -3.79642000e-03
6.53451000e+01 9.82212000e-01 -1.00358000e+00 2.05691000e-04 -3.16895000e-03 -3.78603000e-03
6.54498000e+01 9.82400000e-01 -1.00357000e+00 2.05781000e-04 -3.15811000e-03 -3.77545000e-03
6.55546000e+01 9.82779000e-01 -1.00356000e+00 2.05192000e-04 -3.14924000e-03 -3.76482000e-03
6.56593000e+01 9.83345000e-01 -1.00355000e+00 2.03938000e-04 -3.14245000e-03 -3.75426000e-03
6.57640000e+01 9.84090000e-01 -1.00354000e+00 2.02034000e-04 -3.13779000e-03 -3.74389000e-03
6.58687000e+01 9.85006000e-01 -1.00353000e+00 1.99496000e-04 -3.13534000e-03 -3.73383000e-03
6.59734000e+01 9.86083000e-01 -1.00353000e+00 1.96343000e-04 -3.13516000e-03 -3.72419000e-03
6.60782000e+01 9.87309000e-01 -1.00352000e+00 1.92594000e-04 -3.13728000e-03 -3.71506000e-03
6.61829000e+01 9.88671000e-01 -1.00352000e+00 1.88268000e-04 -3.14175000e-03 -3.70655000e-03
6.62876000e+01 9.90153000e-01 -1.00352000e+00 1.83388000e-04 -3.14858000e-03 -3.69875000e-03
6.63923000e+01 9.91740000e-01 -1.00351000e+00 1.77974000e-04 -3.15780000e-03 -3.69172000e-03
6.64970000e+01 9.93414000e-01 -1.00351000e+00 1.72050000e-04 -3.16940000e-03 -3.68555000e-03
6.66018000e+01 9.95156000e-01 -1.00351000e+00 1.65638000e-04 -3.18338000e-03 -3.68029000e-03
6.67065000e+01 9.96948000e-01 -1.00352000e+00 1.58763000e-04 -3.19970000e-03 -3.67599000e-03
6.68112000e+01 9.98770000e-01 -1.00352000e+00 1.51450000e-04 -3.21834000e-03 -3.67269000e-03
6.69159000e+01 1.00060000e+00 -1.00353000e+00 1.43727000e-04 -3.23924000e-03 -3.67042000e-03
6.70206000e+01 1.00242000e+00 -1.00353000e+00 1.35624000e-04 -3.26234000e-03 -3.66921000e-03
6.71254000e+01 1.00421000e+00 -1.00354000e+00 1.27173000e-04 -3.28754000e-03 -3.66906000e-03
6.72301000e+01 1.00594000e+00 -1.00355000e+00 1.18409000e-04 -3.31474000e-03 -3.66997000e-03
6.73348000e+01 1.00761000e+00 -1.00356000e+00 1.09372000e-04 -3.34382000e-03 -3.67193000e-03
6.74395000e+01 1.00918000e+00 -1.00357000e+00 1.00106000e-04 -3.37462000e-03 -3.67493000e-03
6.75442000e+01 1.01064000e+00 -1.00359000e+00 9.06576000e-05 -3.40697000e-03 -3.67894000e-03
6.76490000e+01 1.01198000e+00 -1.00360000e+00 8.10814000e-05 -3.44067000e-03 -3.68391000e-03
6.77537000e+01 1.01318000e+00 -1.00362000e+00 7.14362000e-05 -3.47549000e-03 -3.68980000e-03
6.78584000e+01 1.01422000e+00 -1.00363000e+00 6.17873000e-05 -3.51120000e-03 -3.69656000e-03
6.79631000e+01 1.01510000e+00 -1.00365000e+00 5.22055000e-05 -3.54749000e-03 -3.70411000e-03
6.80678000e+01 1.01580000e+00 -1.00367000e+00 4.27680000e-05 -3.58409000e-03 -3.71239000e-03
6.81726000e+01 1.01631000e+00 -1.00369000e+00 3.35572000e-05 -3.62064000e-03 -3.72131000e-03
6.82773000e+01 1.01664000e+00 -1.00371000e+00 2.46606000e-05 -3.65681000e-03 -3.73079000e-03
6.83820000e+01 1.01677000e+00 -1.00372000e+00 1.61698000e-05 -3.69222000e-03 -3.74073000e-03
6.84867000e+01 1.01671000e+00 -1.00374000e+00 8.17920000e-06 -3.72649000e-03 -3.75103000e-03
6.85914000e+01 1.01646000e+00 -1.00376000e+00 7.84379000e-07 -3.75924000e-03 -3.76159000e-03
6.86962000e+01 1.01602000e+00 -1.00378000e+00 -5.91962000e-06 -3.79006000e-03 -3.77230000e-03
6.88009000e+01 1.01540000e+00 -1.00379000e+00 -1.18405000e-05 -3.81857000e-03 -3.78305000e-03
6.89056000e+01 1.01461000e+00 -1.00381000e+00 -1.68910000e-05 -3.84440000e-03 -3.79373000e-03
6.90103000e+01 1.01366000e+00 -1.00383000e+00 -2.09913000e-05 -3.86719000e-03 -3.80422000e-03
6.91150000e+01 1.01255000e+00 -1.00384000e+00 -2.40718000e-05 -3.88663000e-03 -3.81441000e-03
6.92198000e+01 1.01131000e+00 -1.00385000e+00 -2.60749000e-05 -3.90243000e-03 -3.82421000e-03
6.93245000e+01 1.00995000e+00 -1.00386000e+00 -2.69577000e-05 -3.91437000e-03 -3.83350000e-03
6.94292000e+01 1.00849000e+00 -1.00387000e+00 -2.66937000e-05 -3.92227000e-03 -3.84219000e-03
6.95339000e+01 1.00694000e+00 -1.00388000e+00 -2.52739000e-05 -3.92600000e-03 -3.85018000e-03
6.96386000e+01 1.00532000e+00 -1.00388000e+00 -2.27076000e-05 -3.92553000e-03 -3.85741000e-03
6.97434000e+01 1.00366000e+00 -1.00388000e+00 -1.90231000e-05 -3.92085000e-03 -3.86378000e-03
6.98481000e+01 1.00196000e+00 -1.00388000e+00 -1.42663000e-05 -3.91206000e-03 -3.86926000e-03
6.99528000e+01 1.00026000e+00 -1.00388000e+00 -8.50069000e-06 -3.89928000e-03 -3.87378000e-03
7.00575000e+01 9.98568000e-01 -1.00388000e+00 -1.80486000e-06 -3.88272000e-03 -3.87731000e-03
7.01622000e+01 9.96903000e-01 -1.00387000e+00 5.72923000e-06 -3.86265000e-03 -3.87984000e-03
7.02670000e+01 9.95284000e-01 -1.00387000e+00 1.39988000e-05 -3.83935000e-03 -3.88134000e-03
7.03717000e+01 9.93730000e-01 -1.00386000e+00 2.28932000e-05 -3.81317000e-03 -3.88184000e-03
7.04764000e+01 9.92256000e-01 -1.00385000e+00 3.22965000e-05 -3.78447000e-03 -3.88136000e-03
7.05811000e+01 9.90878000e-01 -1.00384000e+00 4.20903000e-05 -3.75365000e-03 -3.87992000e-03
7.06858000e+01 9.89609000e-01 -1.00383000e+00 5.21566000e-05 -3.72110000e-03 -3.87757000e-03
7.07906000e+01 9.88464000e-01 -1.00381000e+00 6.23802000e-05 -3.68724000e-03 -3.87438000e-03
7.08953000e+01 9.87453000e-01 -1.00380000e+00 7.26508000e-05 -3.65246000e-03 -3.87041000e-03
7.10000000e+01 9.86585000e-01 -1.00378000e+00 8.28643000e-05 -3.61716000e-03 -3.86575000e-03
7.11047000e+01 9.85870000e-01 -1.00377000e+00 9.29251000e-05 -3.58171000e-03 -3.86049000e-03
7.12094000e+01 9.85314000e-01 -1.00375000e+00 1.02746000e-04 -3.54648000e-03 -3.85472000e-03
7.13142000e+01 9.84922000e-01 -1.00374000e+00 1.12249000e-04 -3.51180000e-03 -3.84854000e-03
7.14189000e+01 9.84696000e-01 -1.00372000e+00 1.21367000e-04 -3.47798000e-03 -3.84208000e-03
7.15236000e+01 9.84639000e-01 -1.00371000e+00 1.30042000e-04 -3.44530000e-03 -3.83543000e-03
7.16283000e+01 9.84751000e-01 -1.00369000e+00 1.38224000e-04 -3.41404000e-03 -3.82871000e-03
7.17330000e+01 9.85029000e-01 -1.00368000e+00 1.45873000e-04 -3.38441000e-03 -3.82203000e-03
7.18378000e+01 9.85469000e-01 -1.00366000e+00 1.52957000e-04 -3.35663000e-03 -3.81551000e-03
7.19425000e+01 9.86068000e-01 -1.00365000e+00 1.59451000e-04 -3.33089000e-03 -3.80924000e-03
7.20472000e+01 9.86817000e-01 -1.00364000e+00 1.65338000e-04 -3.30733000e-03 -3.80335000e-03
7.21519000e+01 9.87708000e-01 -1.00363000e+00 1.70605000e-04 -3.28611000e-03 -3.79793000e-03
7.22566000e+01 9.88731000e-01 -1.00362000e+00 1.75245000e-04 -3.26733000e-03 -3.79307000e-03
7.23614000e+01 9.89876000e-01 -1.00361000e+00 1.79253000e-04 -3.25110000e-03 -3.78886000e-03
7.24661000e+01 9.91130000e-01 -1.00360000e+00 1.82630000e-04 -3.23750000e-03 -3.78540000e-03
7.25708000e+01 9.92478000e-01 -1.00360000e+00 1.85380000e-04 -3.22660000e-03 -3.78274000e-03
7.26755000e+01 9.93906000e-01 -1.00359000e+00 1.87506000e-04 -3.21844000e-03 -3.78096000e-03
7.27802000e+01 9.95398000e-01 -1.00359000e+00 1.89015000e-04 -3.21307000e-03 -3.78012000e-03
7.28849000e+01 9.96939000e-01 -1.00359000e+00 1.89916000e-04 -3.21051000e-03 -3.78025000e-03
7.29897000e+01 9.98510000e-01 -1.00359000e+00 1.90217000e-04 -3.21076000e-03 -3.78142000e-03
7.30944000e+01 1.00009000e+00 -1.00359000e+00 1.89929000e-04 -3.21384000e-03 -3.78363000e-03
7.31991000e+01 1.00167000e+00 -1.00360000e+00 1.89061000e-04 -3.21973000e-03 -3.78691000e-03
7.33038000e+01 1.00323000e+00 -1.00360000e+00 1.87626000e-04 -3.22839000e-03 -3.79127000e-03
7.34085000e+01 1.00475000e+00 -1.00361000e+00 1.85636000e-04 -3.23980000e-03 -3.79671000e-03
7.35133000e+01 1.00621000e+00 -1.00362000e+00 1.83104000e-04 -3.25390000e-03 -3.80322000e-03
7.36180000e+01 1.00760000e+00 -1.00363000e+00 1.80046000e-04 -3.27063000e-03 -3.81076000e-03
7.37227000e+01 1.00889000e+00 -1.00364000e+00 1.76478000e-04 -3.28989000e-03 -3.81932000e-03
7.38274000e+01 1.01009000e+00 -1.00366000e+00 1.72420000e-04 -3.31159000e-03 -3.82885000e-03
7.39321000e+01 1.01116000e+00 -1.00367000e+00 1.67893000e-04 -3.33561000e-03 -3.83929000e-03
7.40369000e+01 1.01211000e+00 -1.00369000e+00 1.62921000e-04 -3.36182000e-03 -3.85058000e-03
7.41416000e+01 1.01291000e+00 -1.00371000e+00 1.57535000e-04 -3.39004000e-03 -3.86265000e-03
7.42463000e+01 1.01356000e+00 -1.00372000e+00 1.51768000e-04 -3.42010000e-03 -3.87541000e-03
7.43510000e+01 1.01406000e+00 -1.00374000e+00 1.45657000e-04 -3.45179000e-03 -3.88876000e-03
7.44557000e+01 1.01439000e+00 -1.00376000e+00 1.39247000e-04 -3.48488000e-03 -3.90262000e-03
7.45605000e+01 1.01456000e+00 -1.00378000e+00 1.32586000e-04 -3.51911000e-03 -3.91687000e-03
7.46652000e+01 1.01456000e+00 -1.00381000e+00 1.25731000e-04 -3.55420000e-03 -3.93139000e-03
7.47699000e+01 1.01439000e+00 -1.00383000e+00 1.18744000e-04 -3.58983000e-03 -3.94606000e-03
7.48746000e+01 1.01406000e+00 -1.00385000e+00 1.11692000e-04 -3.62569000e-03 -3.96076000e-03
7.49793000e+01 1.01357000e+00 -1.00387000e+00 1.04649000e-04 -3.66141000e-03 -3.97535000e-03
7.50841000e+01 1.01293000e+00 -1.00389000e+00 9.76936000e-05 -3.69663000e-03 -3.98971000e-03
7.51888000e+01 1.01214000e+00 -1.00391000e+00 9.09094000e-05 -3.73097000e-03 -4.00370000e-03
7.52935000e+01 1.01122000e+00 -1.00393000e+00 8.43819000e-05 -3.76403000e-03 -4.01718000e-03
7.53982000e+01 1.01018000e+00 -1.00395000e+00 7.81984000e-05 -3.79544000e-03 -4.03004000e-03
7.55029000e+01 1.00903000e+00 -1.00397000e+00 7.24458000e-05 -3.82480000e-03 -4.04214000e-03
7.56077000e+01 1.00778000e+00 -1.00399000e+00 6.72087000e-05 -3.85174000e-03 -4.05337000e-03
7.57124000e+01 1.00645000e+00 -1.00400000e+00 6.25669000e-05 -3.87593000e-03 -4.06363000e-03
7.58171000e+01 1.00506000e+00 -1.00401000e+00 5.85936000e-05 -3.89703000e-03 -4.07281000e-03
7.59218000e+01 1.00362000e+00 -1.00403000e+00 5.53531000e-05 -3.91477000e-03 -4.08083000e-03
7.60265000e+01 1.00215000e+00 -1.00403000e+00 5.28986000e-05 -3.92893000e-03 -4.08763000e-03
7.61313000e+01 1.00066000e+00 -1.00404000e+00 5.12707000e-05 -3.93933000e-03 -4.09314000e-03
7.62360000e+01 9.99181000e-01 -1.00405000e+00 5.04960000e-05 -3.94583000e-03 -4.09732000e-03
7.63407000e+01 9.97715000e-01 -1.00405000e+00 5.05861000e-05 -3.94840000e-03 -4.10016000e-03
7.64454000e+01 9.96285000e-01 -1.00405000e+00 5.15374000e-05 -3.94703000e-03 -4.10164000e-03
7.65501000e+01 9.94905000e-01 -1.00405000e+00 5.33310000e-05 -3.94179000e-03 -4.10178000e-03
7.66549000e+01 9.93590000e-01 -1.00404000e+00 5.59336000e-05 -3.93281000e-03 -4.10061000e-03
7.67596000e+01 9.92354000e-01 -1.00404000e+00 5.92986000e-05 -3.92028000e-03 -4.09817000e-03
7.68643000e+01 9.91210000e-01 -1.00403000e+00 6.33678000e-05 -3.90443000e-03 -4.09454000e-03
7.69690000e+01 9.90170000e-01 -1.00402000e+00 6.80728000e-05 -3.88556000e-03 -4.08978000e-03
7.70737000e+01 9.89244000e-01 -1.00401000e+00 7.33381000e-05 -3.86397000e-03 -4.08399000e-03
7.71785000e+01 9.88441000e-01 -1.00400000e+00 7.90824000e-05 -3.84002000e-03 -4.07727000e-03
7.72832000e+01 9.87770000e-01 -1.00398000e+00 8.52212000e-05 -3.81408000e-03 -4.06974000e-03
7.73879000e+01 9.87237000e-01 -1.00397000e+00 9.16693000e-05 -3.78652000e-03 -4.06153000e-03
7.74926000e+01 9.86846000e-01 -1.00395000e+00 9.83419000e-05 -3.75773000e-03 -4.05276000e-03
7.75973000e+01 9.86601000e-01 -1.00394000e+00 1.05157000e-04 -3.72810000e-03 -4.04357000e-03
7.77021000e+01 9.86505000e-01 -1.00392000e+00 1.12037000e-04 -3.69799000e-03 -4.03410000e-03
7.78068000e+01 9.86557000e-01 -1.00391000e+00 1.18908000e-04 -3.66777000e-03 -4.02449000e-03
7.79115000e+01 9.86756000e-01 -1.00389000e+00 1.25704000e-04 -3.63778000e-03 -4.01489000e-03
7.80162000e+01 9.87100000e-01 -1.00387000e+00 1.32364000e-04 -3.60833000e-03 -4.00542000e-03
7.81209000e+01 9.87584000e-01 -1.00386000e+00 1.38834000e-04 -3.57974000e-03 -3.99624000e-03
7.82257000e+01 9.88204000e-01 -1.00384000e+00 1.45066000e-04 -3.55226000e-03 -3.98746000e-03
7.83304000e+01 9.88951000e-01 -1.00383000e+00 1.51020000e-04 -3.52615000e-03 -3.97921000e-03
7.84351000e+01 9.89818000e-01 -1.00381000e+00 1.56661000e-04 -3.50163000e-03 -3.97161000e-03
7.85398000e+01 9.90795000e-01 -1.00380000e+00 1.61961000e-04 -3.47890000e-03 -3.96478000e-03
7.86445000e+01 9.91871000e-01 -1.00379000e+00 1.66894000e-04 -3.45812000e-03 -3.95881000e-03
7.87493000e+01 9.93035000e-01 -1.00378000e+00 1.71443000e-04 -3.43946000e-03 -3.95379000e-03
7.88540000e+01 9.94274000e-01 -1.00377000e+00 1.75593000e-04 -3.42303000e-03 -3.94981000e-03
7.89587000e+01 9.95574000e-01 -1.00377000e+00 1.79331000e-04 -3.40894000e-03 -3.94693000e-03
7.90634000e+01 9.96920000e-01 -1.00376000e+00 1.82650000e-04 -3.39728000e-03 -3.94523000e-03
7.91681000e+01 9.98298000e-01 -1.00376000e+00 1.85545000e-04 -3.38811000e-03 -3.94475000e-03
7.92729000e+01 9.99692000e-01 -1.00376000e+00 1.88011000e-04 -3.38149000e-03 -3.94552000e-03
7.93776000e+01 1.00109000e+00 -1.00376000e+00 1.90048000e-04 -3.37743000e-03 -3.94758000e-03
7.94823000e+01 1.00247000e+00 -1.00376000e+00 1.91655000e-04 -3.37597000e-03 -3.95094000e-03
7.95870000e+01 1.00382000e+00 -1.00376000e+00 1.92835000e-04 -3.37710000e-03 -3.95560000e-03
7.96917000e+01 1.00512000e+00 -1.00377000e+00 1.93590000e-04 -3.38079000e-03 -3.96156000e-03
7.97965000e+01 1.00637000e+00 -1.00377000e+00 1.93924000e-04 -3.38702000e-03 -3.96879000e-03
7.99012000e+01 1.00754000e+00 -1.00378000e+00 1.93845000e-04 -3.39573000e-03 -3.97726000e-03
8.00059000e+01 1.00862000e+00 -1.00379000e+00 1.93358000e-04 -3.40685000e-03 -3.98693000e-03
8.01106000e+01 1.00960000e+00 -1.00381000e+00 1.92474000e-04 -3.42031000e-03 -3.99773000e-03
8.02153000e+01 1.01047000e+00 -1.00382000e+00 1.91204000e-04 -3.43600000e-03 -4.00961000e-03
8.03201000e+01 1.01121000e+00 -1.00383000e+00 1.89561000e-04 -3.45378000e-03 -4.02247000e-03
8.04248000e+01 1.01183000e+00 -1.00385000e+00 1.87562000e-04 -3.47353000e-03 -4.03622000e-03
8.05295000e+01 1.01231000e+00 -1.00387000e+00 1.85227000e-04 -3.49508000e-03 -4.05076000e-03
8.06342000e+01 1.01265000e+00 -1.00388000e+00 1.82580000e-04 -3.51825000e-03 -4.06599000e-03
8.07389000e+01 1.01285000e+00 -1.00390000e+00 1.79646000e-04 -3.54282000e-03 -4.08176000e-03
8.08437000e+01 1.01289000e+00 -1.00392000e+00 1.76458000e-04 -3.56857000e-03 -4.09795000e-03
8.09484000e+01 1.01279000e+00 -1.00394000e+00 1.73051000e-04 -3.59526000e-03 -4.11441000e-03
8.10531000e+01 1.01254000e+00 -1.00396000e+00 1.69465000e-04 -3.62261000e-03 -4.13100000e-03
8.11578000e+01 1.01215000e+00 -1.00398000e+00 1.65746000e-04 -3.65033000e-03 -4.14757000e-03
8.12625000e+01 1.01163000e+00 -1.00400000e+00 1.61944000e-04 -3.67812000e-03 -4.16395000e-03
8.13672000e+01 1.01097000e+00 -1.00402000e+00 1.58112000e-04 -3.70566000e-03 -4.17999000e-03
8.14720000e+01 1.01020000e+00 -1.00404000e+00 1.54307000e-04 -3.73261000e-03 -4.19553000e-03
8.15767000e+01 1.00931000e+00 -1.00406000e+00 1.50589000e-04 -3.75864000e-03 -4.21041000e-03
8.16814000e+01 1.00832000e+00 -1.00408000e+00 1.47022000e-04 -3.78342000e-03 -4.22448000e-03
8.17861000e+01 1.00724000e+00 -1.00409000e+00 1.43668000e-04 -3.80660000e-03 -4.23760000e-03
8.18908000e+01 1.00608000e+00 -1.00411000e+00 1.40589000e-04 -3.82786000e-03 -4.24963000e-03
8.19956000e+01 1.00487000e+00 -1.00412000e+00 1.37845000e-04 -3.84691000e-03 -4.26044000e-03
8.21003000e+01 1.00360000e+00 -1.00413000e+00 1.35494000e-04 -3.86345000e-03 -4.26993000e-03
8.22050000e+01 1.00230000e+00 -1.00414000e+00 1.33587000e-04 -3.87724000e-03 -4.27800000e-03
8.23097000e+01 1.00098000e+00 -1.00415000e+00 1.32169000e-04 -3.88807000e-03 -4.28458000e-03
8.24144000e+01 9.99664000e-01 -1.00416000e+00 1.31275000e-04 -3.89578000e-03 -4.28960000e-03
8.25192000e+01 9.98355000e-01 -1.00416000e+00 1.30935000e-04 -3.90024000e-03 -4.29304000e-03
8.26239000e+01 9.97071000e-01 -1.00416000e+00 1.31165000e-04 -3.90138000e-03 -4.29487000e-03
8.27286000e+01 9.95827000e-01 -1.00416000e+00 1.31972000e-04 -3.89919000e-03 -4.29511000e-03
8.28333000e+01 9.94636000e-01 -1.00416000e+00 1.33352000e-04 -3.89371000e-03 -4.29377000e-03
8.29380000e+01 9.93511000e-01 -1.00416000e+00 1.35292000e-04 -3.88504000e-03 -4.29091000e-03
8.30428000e+01 9.92465000e-01 -1.00415000e+00 1.37766000e-04 -3.87331000e-03 -4.28660000e-03
8.31475000e+01 9.91506000e-01 -1.00414000e+00 1.40741000e-04 -3.85871000e-03 -4.28093000e-03
8.32522000e+01 9.90647000e-01 -1.00413000e+00 1.44177000e-04 -3.84147000e-03 -4.27400000e-03
8.33569000e+01 9.89895000e-01 -1.00412000e+00 1.48026000e-04 -3.82185000e-03 -4.26593000e-03
8.34616000e+01 9.89257000e-01 -1.00410000e+00 1.52234000e-04 -3.80016000e-03 -4.25686000e-03
8.35664000e+01 9.88741000e-01 -1.00409000e+00 1.56747000e-04 -3.77670000e-03 -4.24694000e-03
8.36711000e+01 9.88351000e-01 -1.00407000e+00 1.61506000e-04 -3.75180000e-03 -4.23632000e-03
8.37758000e+01 9.88091000e-01 -1.00406000e+00 1.66452000e-04 -3.72580000e-03 -4.22516000e-03
8.38805000e+01 9.87962000e-01 -1.00404000e+00 1.71529000e-04 -3.69904000e-03 -4.21363000e-03
8.39852000e+01 9.87967000e-01 -1.00403000e+00 1.76680000e-04 -3.67186000e-03 -4.20190000e-03
8.40900000e+01 9.88104000e-01 -1.00401000e+00 1.81851000e-04 -3.64459000e-03 -4.19014000e-03
8.41947000e+01 9.88371000e-01 -1.00399000e+00 1.86995000e-04 -3.61753000e-03 -4.17852000e-03
8.42994000e+01 9.88765000e-01 -1.00398000e+00 1.92064000e-04 -3.59099000e-03 -4.16719000e-03
8.44041000e+01 9.89282000e-01 -1.00396000e+00 1.97019000e-04 -3.56526000e-03 -4.15631000e-03
8.45088000e+01 9.89916000e-01 -1.00394000e+00 2.01820000e-04 -3.54058000e-03 -4.14604000e-03
8.46136000e+01 9.90660000e-01 -1.00393000e+00 2.06436000e-04 -3.51721000e-03 -4.13652000e-03
8.47183000e+01 9.91505000e-01 -1.00392000e+00 2.10838000e-04 -3.49537000e-03 -4.12788000e-03
8.48230000e+01 9.92442000e-01 -1.00391000e+00 2.15001000e-04 -3.47524000e-03 -4.12024000e-03
8.49277000e+01 9.93461000e-01 -1.00389000e+00 2.18903000e-04 -3.45700000e-03 -4.11371000e-03
8.50324000e+01 9.94550000e-01 -1.00389000e+00 2.22525000e-04 -3.44082000e-03 -4.10840000e-03
8.51372000e+01 9.95698000e-01 -1.00388000e+00 2.25853000e-04 -3.42682000e-03 -4.10438000e-03
8.52419000e+01 9.96893000e-01 -1.00387000e+00 2.28872000e-04 -3.41512000e-03 -4.10173000e-03
8.53466000e+01 9.98119000e-01 -1.00387000e+00 2.31570000e-04 -3.40581000e-03 -4.10052000e-03
8.54513000e+01 9.99365000e-01 -1.00387000e+00 2.33939000e-04 -3.39897000e-03 -4.10079000e-03
8.55560000e+01 1.00062000e+00 -1.00387000e+00 2.35968000e-04 -3.39467000e-03 -4.10257000e-03
8.56608000e+01 1.00186000e+00 -1.00387000e+00 2.37650000e-04 -3.39294000e-03 -4.10589000e-03
8.57655000e+01 1.00308000e+00 -1.00387000e+00 2.38979000e-04 -3.39380000e-03 -4.11074000e-03
8.58702000e+01 1.00426000e+00 -1.00388000e+00 2.39947000e-04 -3.39728000e-03 -4.11712000e-03
8.59749000e+01 1.00539000e+00 -1.00388000e+00 2.40550000e-04 -3.40336000e-03 -4.12501000e-03
8.60796000e+01 1.00646000e+00 -1.00389000e+00 2.40783000e-04 -3.41201000e-03 -4.13436000e-03
8.61844000e+01 1.00746000e+00 -1.00390000e+00 2.40641000e-04 -3.42320000e-03 -4.14513000e-03
8.62891000e+01 1.00836000e+00 -1.00392000e+00 2.40122000e-04 -3.43686000e-03 -4.15723000e-03
8.63938000e+01 1.00918000e+00 -1.00393000e+00 2.39225000e-04 -3.45292000e-03 -4.17060000e-03
8.64985000e+01 1.00988000e+00 -1.00395000e+00 2.37950000e-04 -3.47127000e-03 -4.18512000e-03
8.66032000e+01 1.01047000e+00 -1.00396000e+00 2.36300000e-04 -3.49180000e-03 -4.20070000e-03
8.67080000e+01 1.01094000e+00 -1.00398000e+00 2.34279000e-04 -3.51435000e-03 -4.21719000e-03
8.68127000e+01 1.01129000e+00 -1.00400000e+00 2.31897000e-04 -3.53876000e-03 -4.23445000e-03
8.69174000e+01 1.01150000e+00 -1.00402000e+00 2.29166000e-04 -3.56484000e-03 -4.25234000e-03
8.70221000e+01 1.01158000e+00 -1.00404000e+00 2.26102000e-04 -3.59237000e-03 -4.27068000e-03
8.71268000e+01 1.01153000e+00 -1.00407000e+00 2.22728000e-04 -3.62111000e-03 -4.28929000e-03
8.72316000e+01 1.01135000e+00 -1.00409000e+00 2.19071000e-04 -3.65078000e-03 -4.30799000e-03
8.73363000e+01 1.01105000e+00 -1.00411000e+00 2.15163000e-04 -3.68109000e-03 -4.32658000e-03
8.74410000e+01 1.01061000e+00 -1.00413000e+00 2.11044000e-04 -3.71173000e-03 -4.34486000e-03
8.75457000e+01 1.01006000e+00 -1.00416000e+00 2.06760000e-04 -3.74235000e-03 -4.36262000e-03
8.76504000e+01 1.00940000e+00 -1.00418000e+00 2.02361000e-04 -3.77259000e-03 -4.37967000e-03
8.77552000e+01 1.00863000e+00 -1.00420000e+00 1.97907000e-04 -3.80208000e-03 -4.39580000e-03
8.78599000e+01 1.00777000e+00 -1.00422000e+00 1.93459000e-04 -3.83043000e-03 -4.41081000e-03
8.79646000e+01 1.00682000e+00 -1.00424000e+00 1.89083000e-04 -3.85726000e-03 -4.42451000e-03
8.80693000e+01 1.00580000e+00 -1.00425000e+00 1.84851000e-04 -3.88218000e-03 -4.43674000e-03
8.81740000e+01 1.00472000e+00 -1.00427000e+00 1.80833000e-04 -3.90483000e-03 -4.44733000e-03
8.82788000e+01 1.00359000e+00 -1.00428000e+00 1.77099000e-04 -3.92484000e-03 -4.45614000e-03
8.83835000e+01 1.00243000e+00 -1.00429000e+00 1.73720000e-04 -3.94190000e-03 -4.46306000e-03
8.84882000e+01 1.00125000e+00 -1.00430000e+00 1.70759000e-04 -3.95571000e-03 -4.46798000e-03
8.85929000e+01 1.00006000e+00 -1.00430000e+00 1.68277000e-04 -3.96602000e-03 -4.47085000e-03
8.86976000e+01 9.98870000e-01 -1.00431000e+00 1.66323000e-04 -3.97266000e-03 -4.47163000e-03
8.88024000e+01 9.97702000e-01 -1.00431000e+00 1.64941000e-04 -3.97548000e-03 -4.47030000e-03
8.89071000e+01 9.96565000e-01 -1.00430000e+00 1.64161000e-04 -3.97440000e-03 -4.46689000e-03
8.90118000e+01 9.95472000e-01 -1.00430000e+00 1.64003000e-04 -3.96943000e-03 -4.46144000e-03
8.91165000e+01 9.94435000e-01 -1.00429000e+00 1.64476000e-04 -3.96060000e-03 -4.45403000e-03
8.92212000e+01 9.93465000e-01 -1.00428000e+00 1.65575000e-04 -3.94805000e-03 -4.44477000e-03
8.93260000e+01 9.92571000e-01 -1.00427000e+00 1.67285000e-04 -3.93193000e-03 -4.43379000e-03
8.94307000e+01 9.91763000e-01 -1.00425000e+00 1.69580000e-04 -3.91250000e-03 -4.42124000e-03
8.95354000e+01 9.91050000e-01 -1.00423000e+00 1.72426000e-04 -3.89001000e-03 -4.40729000e-03
8.96401000e+01 9.90439000e-01 -1.00422000e+00 1.75779000e-04 -3.86480000e-03 -4.39214000e-03
8.97448000e+01 9.89935000e-01 -1.00420000e+00 1.79592000e-04 -3.83721000e-03 -4.37599000e-03
8.98495000e+01 9.89545000e-01 -1.00418000e+00 1.83811000e-04 -3.80762000e-03 -4.35905000e-03
8.99543000e+01 9.89271000e-01 -1.00415000e+00 1.88380000e-04 -3.77641000e-03 -4.34155000e-03
9.00590000e+01 9.89116000e-01 -1.00413000e+00 1.93244000e-04 -3.74397000e-03 -4.32370000e-03
9.01637000e+01 9.89082000e-01 -1.00411000e+00 1.98346000e-04 -3.71071000e-03 -4.30575000e-03
9.02684000e+01 9.89168000e-01 -1.00408000e+00 2.03632000e-04 -3.67700000e-03 -4.28790000e-03
9.03731000e+01 9.89373000e-01 -1.00406000e+00 2.09051000e-04 -3.64323000e-03 -4.27038000e-03
9.04779000e+01 9.89695000e-01 -1.00404000e+00 2.14555000e-04 -3.60974000e-03 -4.25341000e-03
9.05826000e+01 9.90129000e-01 -1.00402000e+00 2.20102000e-04 -3.57687000e-03 -4.23718000e-03
9.06873000e+01 9.90672000e-01 -1.00400000e+00 2.25650000e-04 -3.54494000e-03 -4.22189000e-03
9.07920000e+01 9.91316000e-01 -1.00398000e+00 2.31166000e-04 -3.51422000e-03 -4.20772000e-03
9.08967000e+01 9.92055000e-01 -1.00396000e+00 2.36619000e-04 -3.48498000e-03 -4.19484000e-03
9.10015000e+01 9.92881000e-01 -1.00394000e+00 2.41983000e-04 -3.45746000e-03 -4.18341000e-03
9.11062000e+01 9.93784000e-01 -1.00393000e+00 2.47236000e-04 -3.43185000e-03 -4.17356000e-03
9.12109000e+01 9.94755000e-01 -1.00391000e+00 2.52358000e-04 -3.40835000e-03 -4.16543000e-03
9.13156000e+01 9.95783000e-01 -1.00390000e+00 2.57332000e-04 -3.38712000e-03 -4.15911000e-03
9.14203000e+01 9.96856000e-01 -1.00389000e+00 2.62146000e-04 -3.36828000e-03 -4.15472000e-03
9.15251000e+01 9.97963000e-01 -1.00389000e+00 2.66788000e-04 -3.35196000e-03 -4.15232000e-03
9.16298000e+01 9.99091000e-01 -1.00388000e+00 2.71245000e-04 -3.33824000e-03 -4.15198000e-03
9.17345000e+01 1.00023000e+00 -1.00388000e+00 2.75510000e-04 -3.32722000e-03 -4.15375000e-03
9.18392000e+01 1.00136000e+00 -1.00388000e+00 2.79571000e-04 -3.31893000e-03 -4.15764000e-03
9.19439000e+01 1.00248000e+00 -1.00388000e+00 2.83421000e-04 -3.31342000e-03 -4.16369000e-03
9.20487000e+01 1.00356000e+00 -1.00388000e+00 2.87050000e-04 -3.31072000e-03 -4.17187000e-03
9.21534000e+01 1.00461000e+00 -1.00389000e+00 2.90447000e-04 -3.31083000e-03 -4.18217000e-03
9.22581000e+01 1.00560000e+00 -1.00390000e+00 2.93602000e-04 -3.31374000e-03 -4.19455000e-03
9.23628000e+01 1.00653000e+00 -1.00391000e+00 2.96502000e-04 -3.31942000e-03 -4.20893000e-03
9.24675000e+01 1.00738000e+00 -1.00393000e+00 2.99136000e-04 -3.32784000e-03 -4.22525000e-03
9.25723000e+01 1.00814000e+00 -1.00394000e+00 3.01489000e-04 -3.33892000e-03 -4.24338000e-03
9.26770000e+01 1.00882000e+00 -1.00396000e+00 3.03547000e-04 -3.35259000e-03 -4.26323000e-03
9.27817000e+01 1.00939000e+00 -1.00398000e+00 3.05295000e-04 -3.36874000e-03 -4.28463000e-03
9.28864000e+01 1.00985000e+00 -1.00400000e+00 3.06717000e-04 -3.38726000e-03 -4.30742000e-03
9.29911000e+01 1.01020000e+00 -1.00402000e+00 3.07798000e-04 -3.40801000e-03 -4.33141000e-03
9.30959000e+01 1.01043000e+00 -1.00405000e+00 3.08523000e-04 -3.43082000e-03 -4.35638000e-03
9.32006000e+01 1.01055000e+00 -1.00407000e+00 3.08879000e-04 -3.45548000e-03 -4.38212000e-03
9.33053000e+01 1.01054000e+00 -1.00410000e+00 3.08853000e-04 -3.48180000e-03 -4.40836000e-03
9.34100000e+01 1.01041000e+00 -1.00413000e+00 3.08437000e-04 -3.50952000e-03 -4.43483000e-03
9.35147000e+01 1.01017000e+00 -1.00415000e+00 3.07625000e-04 -3.53837000e-03 -4.46125000e-03
9.36195000e+01 1.00981000e+00 -1.00418000e+00 3.06416000e-04 -3.56805000e-03 -4.48730000e-03
9.37242000e+01 1.00934000e+00 -1.00421000e+00 3.04813000e-04 -3.59825000e-03 -4.51268000e-03
9.38289000e+01 1.00877000e+00 -1.00423000e+00 3.02825000e-04 -3.62860000e-03 -4.53707000e-03
9.39336000e+01 1.00810000e+00 -1.00426000e+00 3.00469000e-04 -3.65874000e-03 -4.56015000e-03
9.40383000e+01 1.00734000e+00 -1.00428000e+00 2.97766000e-04 -3.68829000e-03 -4.58159000e-03
9.41431000e+01 1.00650000e+00 -1.00431000e+00 2.94745000e-04 -3.71685000e-03 -4.60109000e-03
9.42478000e+01 1.00559000e+00 -1.00433000e+00 2.91444000e-04 -3.74402000e-03 -4.61835000e-03
9.43525000e+01 1.00462000e+00 -1.00435000e+00 2.87904000e-04 -3.76939000e-03 -4.63310000e-03
9.44572000e+01 1.00360000e+00 -1.00436000e+00 2.84174000e-04 -3.79257000e-03 -4.64509000e-03
9.45619000e+01 1.00255000e+00 -1.00437000e+00 2.80307000e-04 -3.81320000e-03 -4.65412000e-03
9.46667000e+01 1.00147000e+00 -1.00438000e+00 2.76361000e-04 -3.83093000e-03 -4.66001000e-03
9.47714000e+01 1.00038000e+00 -1.00439000e+00 2.72393000e-04 -3.84545000e-03 -4.66263000e-03
9.48761000e+01 9.99295000e-01 -1.00439000e+00 2.68462000e-04 -3.85652000e-03 -4.66190000e-03
9.49808000e+01 9.98219000e-01 -1.00439000e+00 2.64626000e-04 -3.86391000e-03 -4.65779000e-03
9.50855000e+01 9.97168000e-01 -1.00439000e+00 2.60938000e-04 -3.86751000e-03 -4.65032000e-03
9.51903000e+01 9.96153000e-01 -1.00438000e+00 2.57448000e-04 -3.86723000e-03 -4.63957000e-03
9.52950000e+01 9.95185000e-01 -1.00437000e+00 2.54198000e-04 -3.86306000e-03 -4.62566000e-03
9.53997000e+01 9.94274000e-01 -1.00436000e+00 2.51223000e-04 -3.85508000e-03 -4.60875000e-03
9.55044000e+01 9.93431000e-01 -1.00434000e+00 2.48550000e-04 -3.84342000e-03 -4.58907000e-03
9.56091000e+01 9.92664000e-01 -1.00432000e+00 2.46197000e-04 -3.82827000e-03 -4.56686000e-03
9.57139000e+01 9.91981000e-01 -1.00430000e+00 2.44174000e-04 -3.80989000e-03 -4.54241000e-03
9.58186000e+01 9.91389000e-01 -1.00427000e+00 2.42481000e-04 -3.78860000e-03 -4.51605000e-03
9.59233000e+01 9.90894000e-01 -1.00425000e+00 2.41113000e-04 -3.76476000e-03 -4.48810000e-03
9.60280000e+01 9.90502000e-01 -1.00422000e+00 2.40057000e-04 -3.73874000e-03 -4.45891000e-03
9.61327000e+01 9.90215000e-01 -1.00419000e+00 2.39296000e-04 -3.71096000e-03 -4.42885000e-03
9.62375000e+01 9.90038000e-01 -1.00416000e+00 2.38807000e-04 -3.68185000e-03 -4.39828000e-03
9.63422000e+01 9.89971000e-01 -1.00413000e+00 2.38564000e-04 -3.65186000e-03 -4.36755000e-03
9.64469000e+01 9.90014000e-01 -1.00410000e+00 2.38541000e-04 -3.62141000e-03 -4.33704000e-03
9.65516000e+01 9.90168000e-01 -1.00407000e+00 2.38707000e-04 -3.59094000e-03 -4.30707000e-03
9.66563000e+01 9.90430000e-01 -1.00404000e+00 2.39035000e-04 -3.56087000e-03 -4.27798000e-03
9.67611000e+01 9.90797000e-01 -1.00401000e+00 2.39497000e-04 -3.53159000e-03 -4.25008000e-03
9.68658000e+01 9.91265000e-01 -1.00398000e+00 2.40063000e-04 -3.50348000e-03 -4.22367000e-03
9.69705000e+01 9.91829000e-01 -1.00396000e+00 2.40707000e-04 -3.47690000e-03 -4.19903000e-03
9.70752000e+01 9.92482000e-01 -1.00394000e+00 2.41405000e-04 -3.45219000e-03 -4.17641000e-03
9.71799000e+01 9.93217000e-01 -1.00391000e+00 2.42130000e-04 -3.42965000e-03 -4.15604000e-03
9.72847000e+01 9.94027000e-01 -1.00390000e+00 2.42860000e-04 -3.40958000e-03 -4.13816000e-03
9.73894000e+01 9.94902000e-01 -1.00388000e+00 2.43572000e-04 -3.39223000e-03 -4.12294000e-03
9.74941000e+01 9.95832000e-01 -1.00387000e+00 2.44243000e-04 -3.37785000e-03 -4.11058000e-03
9.75988000e+01 9.96808000e-01 -1.00386000e+00 2.44850000e-04 -3.36667000e-03 -4.10122000e-03
9.77035000e+01 9.97818000e-01 -1.00385000e+00 2.45370000e-04 -3.35890000e-03 -4.09501000e-03
9.78083000e+01 9.98852000e-01 -1.00385000e+00 2.45779000e-04 -3.35473000e-03 -4.09207000e-03
9.79130000e+01 9.99898000e-01 -1.00385000e+00 2.46050000e-04 -3.35435000e-03 -4.09250000e-03
9.80177000e+01 1.00094000e+00 -1.00385000e+00 2.46154000e-04 -3.35793000e-03 -4.09640000e-03
9.81224000e+01 1.00198000e+00 -1.00386000e+00 2.46061000e-04 -3.36563000e-03 -4.10382000e-03
9.82271000e+01 1.00299000e+00 -1.00387000e+00 2.45736000e-04 -3.37761000e-03 -4.11482000e-03
9.83319000e+01 1.00396000e+00 -1.00388000e+00 2.45139000e-04 -3.39401000e-03 -4.12943000e-03
9.84366000e+01 1.00489000e+00 -1.00390000e+00 2.44227000e-04 -3.41498000e-03 -4.14767000e-03
9.85413000e+01 1.00577000e+00 -1.00393000e+00 2.42953000e-04 -3.44065000e-03 -4.16951000e-03
9.86460000e+01 1.00658000e+00 -1.00395000e+00 2.41262000e-04 -3.47115000e-03 -4.19494000e-03
9.87507000e+01 1.00731000e+00 -1.00398000e+00 2.39096000e-04 -3.50659000e-03 -4.22388000e-03
9.88554000e+01 1.00796000e+00 -1.00402000e+00 2.36387000e-04 -3.54708000e-03 -4.25624000e-03
9.89602000e+01 1.00851000e+00 -1.00406000e+00 2.33066000e-04 -3.59271000e-03 -4.29191000e-03
9.90649000e+01 1.00897000e+00 -1.00410000e+00 2.29054000e-04 -3.64355000e-03 -4.33071000e-03
9.91696000e+01 1.00933000e+00 -1.00415000e+00 2.24270000e-04 -3.69964000e-03 -4.37245000e-03
9.92743000e+01 1.00958000e+00 -1.00420000e+00 2.18627000e-04 -3.76100000e-03 -4.41688000e-03
9.93790000e+01 1.00972000e+00 -1.00425000e+00 2.12036000e-04 -3.82761000e-03 -4.46371000e-03
9.94838000e+01 1.00975000e+00 -1.00431000e+00 2.04407000e-04 -3.89937000e-03 -4.51260000e-03
9.95885000e+01 1.00967000e+00 -1.00437000e+00 1.95652000e-04 -3.97617000e-03 -4.56312000e-03
9.96932000e+01 1.00948000e+00 -1.00443000e+00 1.85690000e-04 -4.05777000e-03 -4.61484000e-03
9.97979000e+01 1.00918000e+00 -1.00449000e+00 1.74446000e-04 -4.14388000e-03 -4.66722000e-03
9.99026000e+01 1.00878000e+00 -1.00456000e+00 1.61865000e-04 -4.23410000e-03 -4.71969000e-03
1.00007000e+02 1.00828000e+00 -1.00462000e+00 1.47909000e-04 -4.32790000e-03 -4.77162000e-03
1.00112000e+02 1.00769000e+00 -1.00469000e+00 1.32569000e-04 -4.42462000e-03 -4.82232000e-03
1.00217000e+02 1.00701000e+00 -1.00476000e+00 1.15870000e-04 -4.52346000e-03 -4.87107000e-03
1.00322000e+02 1.00626000e+00 -1.00482000e+00 9.78797000e-05 -4.62347000e-03 -4.91711000e-03
1.00426000e+02 1.00544000e+00 -1.00488000e+00 7.87107000e-05 -4.72352000e-03 -4.95966000e-03
1.00531000e+02 1.00456000e+00 -1.00494000e+00 5.85299000e-05 -4.82235000e-03 -4.99794000e-03
1.00636000e+02 1.00363000e+00 -1.00499000e+00 3.75588000e-05 -4.91852000e-03 -5.03120000e-03
1.00740000e+02 1.00266000e+00 -1.00504000e+00 1.60742000e-05 -5.01050000e-03 -5.05873000e-03
1.00845000e+02 1.00167000e+00 -1.00509000e+00 -5.59529000e-06 -5.09665000e-03 -5.07986000e-03
1.00950000e+02 1.00067000e+00 -1.00512000e+00 -2.70775000e-05 -5.17528000e-03 -5.09405000e-03
1.01055000e+02 9.99655000e-01 -1.00515000e+00 -4.79687000e-05 -5.24473000e-03 -5.10083000e-03
1.01159000e+02 9.98653000e-01 -1.00517000e+00 -6.78496000e-05 -5.30342000e-03 -5.09987000e-03
1.01264000e+02 9.97670000e-01 -1.00518000e+00 -8.63050000e-05 -5.34990000e-03 -5.09099000e-03
1.01369000e+02 9.96716000e-01 -1.00518000e+00 -1.02945000e-04 -5.38299000e-03 -5.07415000e-03
1.01473000e+02 9.95803000e-01 -1.00517000e+00 -1.17425000e-04 -5.40176000e-03 -5.04948000e-03
1.01578000e+02 9.94939000e-01 -1.00515000e+00 -1.29467000e-04 -5.40565000e-03 -5.01725000e-03
1.01683000e+02 9.94135000e-01 -1.00512000e+00 -1.38872000e-04 -5.39448000e-03 -4.97787000e-03
1.01788000e+02 9.93398000e-01 -1.00508000e+00 -1.45529000e-04 -5.36849000e-03 -4.93190000e-03
1.01892000e+02 9.92738000e-01 -1.00503000e+00 -1.49422000e-04 -5.32826000e-03 -4.87999000e-03
1.01997000e+02 9.92159000e-01 -1.00497000e+00 -1.50622000e-04 -5.27477000e-03 -4.82291000e-03
1.02102000e+02 9.91670000e-01 -1.00491000e+00 -1.49278000e-04 -5.20929000e-03 -4.76145000e-03
1.02206000e+02 9.91274000e-01 -1.00484000e+00 -1.45608000e-04 -5.13332000e-03 -4.69650000e-03
1.02311000e+02 9.90975000e-01 -1.00477000e+00 -1.39874000e-04 -5.04854000e-03 -4.62892000e-03
1.02416000e+02 9.90777000e-01 -1.00469000e+00 -1.32370000e-04 -4.95670000e-03 -4.55959000e-03
1.02521000e+02 9.90681000e-01 -1.00461000e+00 -1.23406000e-04 -4.85961000e-03 -4.48939000e-03
1.02625000e+02 9.90688000e-01 -1.00453000e+00 -1.13286000e-04 -4.75899000e-03 -4.41913000e-03
1.02730000e+02 9.90798000e-01 -1.00445000e+00 -1.02301000e-04 -4.65651000e-03 -4.34960000e-03
1.02835000e+02 9.91010000e-01 -1.00437000e+00 -9.07178000e-05 -4.55370000e-03 -4.28154000e-03
1.02940000e+02 9.91320000e-01 -1.00429000e+00 -7.87734000e-05 -4.45195000e-03 -4.21563000e-03
1.03044000e+02 9.91726000e-01 -1.00422000e+00 -6.66698000e-05 -4.35249000e-03 -4.15248000e-03
1.03149000e+02 9.92223000e-01 -1.00415000e+00 -5.45748000e-05 -4.25639000e-03 -4.09267000e-03
1.03254000e+02 9.92805000e-01 -1.00408000e+00 -4.26219000e-05 -4.16457000e-03 -4.03670000e-03
1.03358000e+02 9.93466000e-01 -1.00402000e+00 -3.09128000e-05 -4.07780000e-03 -3.98506000e-03
1.03463000e+02 9.94199000e-01 -1.00396000e+00 -1.95203000e-05 -3.99674000e-03 -3.93818000e-03
1.03568000e+02 9.94996000e-01 -1.00390000e+00 -8.49186000e-06 -3.92193000e-03 -3.89646000e-03
1.03673000e+02 9.95847000e-01 -1.00386000e+00 2.14708000e-06 -3.85383000e-03 -3.86028000e-03
1.03777000e+02 9.96744000e-01 -1.00382000e+00 1.23895000e-05 -3.79284000e-03 -3.83001000e-03
1.03882000e+02 9.97677000e-01 -1.00378000e+00 2.22436000e-05 -3.73929000e-03 -3.80602000e-03
1.03987000e+02 9.98635000e-01 -1.00376000e+00 3.17304000e-05 -3.69350000e-03 -3.78869000e-03
1.04091000e+02 9.99607000e-01 -1.00374000e+00 4.08812000e-05 -3.65577000e-03 -3.77842000e-03
1.04196000e+02 1.00058000e+00 -1.00373000e+00 4.97358000e-05 -3.62643000e-03 -3.77564000e-03
1.04301000e+02 1.00155000e+00 -1.00372000e+00 5.83410000e-05 -3.60580000e-03 -3.78082000e-03
1.04406000e+02 1.00250000e+00 -1.00373000e+00 6.67497000e-05 -3.59428000e-03 -3.79453000e-03
1.04510000e+02 1.00342000e+00 -1.00374000e+00 7.50206000e-05 -3.59230000e-03 -3.81737000e-03
1.04615000e+02 1.00431000e+00 -1.00377000e+00 8.32178000e-05 -3.60042000e-03 -3.85007000e-03
1.04720000e+02 1.00514000e+00 -1.00380000e+00 9.14110000e-05 -3.61926000e-03 -3.89349000e-03
1.04824000e+02 1.00592000e+00 -1.00385000e+00 9.96766000e-05 -3.64963000e-03 -3.94866000e-03
1.04929000e+02 1.00662000e+00 -1.00391000e+00 1.08099000e-04 -3.69247000e-03 -4.01677000e-03
1.05034000e+02 1.00725000e+00 -1.00398000e+00 1.16772000e-04 -3.74899000e-03 -4.09930000e-03
1.05139000e+02 1.00780000e+00 -1.00407000e+00 1.25801000e-04 -3.82063000e-03 -4.19803000e-03
1.05243000e+02 1.00826000e+00 -1.00418000e+00 1.35308000e-04 -3.90920000e-03 -4.31512000e-03
1.05348000e+02 1.00863000e+00 -1.00431000e+00 1.45437000e-04 -4.01696000e-03 -4.45327000e-03
1.05453000e+02 1.00889000e+00 -1.00446000e+00 1.56355000e-04 -4.14676000e-03 -4.61582000e-03
1.05558000e+02 1.00906000e+00 -1.00464000e+00 1.68268000e-04 -4.30217000e-03 -4.80697000e-03
1.05662000e+02 1.00912000e+00 -1.00485000e+00 1.81431000e-04 -4.48780000e-03 -5.03210000e-03
1.05767000e+02 1.00908000e+00 -1.00510000e+00 1.96164000e-04 -4.70964000e-03 -5.29813000e-03
1.05872000e+02 1.00894000e+00 -1.00540000e+00 2.12882000e-04 -4.97553000e-03 -5.61418000e-03
1.05976000e+02 1.00869000e+00 -1.00576000e+00 2.32133000e-04 -5.29606000e-03 -5.99246000e-03
1.06081000e+02 1.00835000e+00 -1.00619000e+00 2.54660000e-04 -5.68568000e-03 -6.44966000e-03
1.06186000e+02 1.00791000e+00 -1.00673000e+00 2.81502000e-04 -6.16475000e-03 -7.00925000e-03
1.06291000e+02 1.00739000e+00 -1.00739000e+00 3.14158000e-04 -6.76278000e-03 -7.70526000e-03
1.06395000e+02 1.00678000e+00 -1.00823000e+00 3.54884000e-04 -7.52423000e-03 -8.58888000e-03
1.06500000e+02 1.00610000e+00 -1.00933000e+00 4.07241000e-04 -8.51921000e-03 -9.74094000e-03
1.06605000e+02 1.00535000e+00 -1.01082000e+00 4.77208000e-04 -9.86513000e-03 -1.12967000e-02
1.06709000e+02 1.00455000e+00 -1.01293000e+00 5.75658000e-04 -1.17745000e-02 -1.35014000e-02
1.06814000e+02 1.00369000e+00 -1.01612000e+00 7.24681000e-04 -1.46754000e-02 -1.68495000e-02
1.06919000e+02 1.00280000e+00 -1.02153000e+00 9.77061000e-04 -1.95782000e-02 -2.25094000e-02
1.07024000e+02 1.00188000e+00 -1.03257000e+00 1.49797000e-03 -2.95733000e-02 -3.40673000e-02
1.07128000e+02 1.00094000e+00 -1.06726000e+00 3.20210000e-03 -6.08607000e-02 -7.04670000e-02
1.07233000e+02 1.00000000e+00 2.10847000e-05 3.25221000e-03 1.00653000e+00 9.96769000e-01
