# k S000 S110 S112 S10 S11
1.04720000e-01 3.55174000e-02 4.99796000e-04 -2.97419000e-06 4.93848000e-04 5.02770000e-04
2.09440000e-01 3.56073000e-02 5.04061000e-04 -4.00768000e-06 4.96046000e-04 5.08069000e-04
3.14159000e-01 3.57576000e-02 5.11324000e-04 -5.78848000e-06 4.99747000e-04 5.17112000e-04
4.18879000e-01 3.59694000e-02 5.21827000e-04 -8.41029000e-06 5.05006000e-04 5.30237000e-04
5.23599000e-01 3.62439000e-02 5.35942000e-04 -1.20178000e-05 5.11907000e-04 5.47960000e-04
6.28319000e-01 3.65827000e-02 5.54206000e-04 -1.68234000e-05 5.20560000e-04 5.71030000e-04
7.33038000e-01 3.69879000e-02 5.77376000e-04 -2.31336000e-05 5.31109000e-04 6.00510000e-04
8.37758000e-01 3.74620000e-02 6.06523000e-04 -3.13924000e-05 5.43739000e-04 6.37916000e-04
9.42478000e-01 3.80079000e-02 6.43185000e-04 -4.22525000e-05 5.58680000e-04 6.85438000e-04
1.04720000e+00 3.86292000e-02 6.89619000e-04 -5.66976000e-05 5.76224000e-04 7.46317000e-04
1.15192000e+00 3.93299000e-02 7.49258000e-04 -7.62621000e-05 5.96734000e-04 8.25520000e-04
1.25664000e+00 4.01144000e-02 8.27572000e-04 -1.03451000e-04 6.20671000e-04 9.31023000e-04
1.36136000e+00 4.09882000e-02 9.33829000e-04 -1.42607000e-04 6.48616000e-04 1.07644000e-03
1.46608000e+00 4.19571000e-02 1.08510000e-03 -2.01892000e-04 6.81318000e-04 1.28699000e-03
1.57080000e+00 4.30280000e-02 1.31675000e-03 -2.98500000e-04 7.19747000e-04 1.61525000e-03
1.67552000e+00 4.42085000e-02 1.71614000e-03 -4.75482000e-04 7.65180000e-04 2.19163000e-03
1.78024000e+00 4.55073000e-02 2.57530000e-03 -8.77983000e-04 8.19332000e-04 3.45328000e-03
1.88496000e+00 4.69343000e-02 5.84860000e-03 -2.48203000e-03 8.84552000e-04 8.33063000e-03
1.98968000e+00 4.85005000e-02 -1.26777000e-02 6.82094000e-03 9.64149000e-04 -1.94987000e-02
2.09440000e+00 5.02186000e-02 -2.63070000e-03 1.84681000e-03 1.06292000e-03 -4.47751000e-03
2.19911000e+00 5.21028000e-02 -1.29143000e-03 1.23977000e-03 1.18811000e-03 -2.53120000e-03
2.30383000e+00 5.41692000e-02 -7.28623000e-04 1.03989000e-03 1.35116000e-03 -1.76852000e-03
2.40855000e+00 5.64363000e-02 -3.85182000e-04 9.78232000e-04 1.57128000e-03 -1.36341000e-03
2.51327000e+00 5.89249000e-02 -1.14512000e-04 9.98941000e-04 1.88337000e-03 -1.11345000e-03
2.61799000e+00 6.16588000e-02 1.56196000e-04 1.10096000e-03 2.35812000e-03 -9.44768000e-04
2.72271000e+00 6.46651000e-02 5.05258000e-04 1.32925000e-03 3.16375000e-03 -8.23989000e-04
2.82743000e+00 6.79751000e-02 1.11826000e-03 1.85210000e-03 4.82247000e-03 -7.33841000e-04
2.93215000e+00 7.16243000e-02 2.94887000e-03 3.61336000e-03 1.01756000e-02 -6.64491000e-04
3.03687000e+00 7.56540000e-02 -3.12165000e-02 -3.06066000e-02 -9.24296000e-02 -6.09933000e-04
3.14159000e+00 8.01114000e-02 -3.16579000e-03 -2.59949000e-03 -8.36476000e-03 -5.66298000e-04
3.24631000e+00 8.50514000e-02 -1.81889000e-03 -1.28791000e-03 -4.39471000e-03 -5.30984000e-04
3.35103000e+00 9.05377000e-02 -1.33148000e-03 -8.29296000e-04 -2.99007000e-03 -5.02182000e-04
3.45575000e+00 9.66445000e-02 -1.07687000e-03 -5.98278000e-04 -2.27343000e-03 -4.78596000e-04
3.56047000e+00 1.03458000e-01 -9.19551000e-04 -4.60270000e-04 -1.84009000e-03 -4.59281000e-04
3.66519000e+00 1.11080000e-01 -8.12611000e-04 -3.69078000e-04 -1.55077000e-03 -4.43533000e-04
3.76991000e+00 1.19630000e-01 -7.35433000e-04 -3.04613000e-04 -1.34466000e-03 -4.30820000e-04
3.87463000e+00 1.29249000e-01 -6.77495000e-04 -2.56756000e-04 -1.19101000e-03 -4.20739000e-04
3.97935000e+00 1.40104000e-01 -6.32845000e-04 -2.19865000e-04 -1.07258000e-03 -4.12981000e-04
4.08407000e+00 1.52394000e-01 -5.97862000e-04 -1.90552000e-04 -9.78966000e-04 -4.07310000e-04
4.18879000e+00 1.66355000e-01 -5.70211000e-04 -1.66662000e-04 -9.03534000e-04 -4.03549000e-04
4.29351000e+00 1.82272000e-01 -5.48324000e-04 -1.46758000e-04 -8.41840000e-04 -4.01566000e-04
4.39823000e+00 2.00486000e-01 -5.31113000e-04 -1.29847000e-04 -7.90807000e-04 -4.01267000e-04
4.50295000e+00 2.21409000e-01 -5.17806000e-04 -1.15216000e-04 -7.48239000e-04 -4.02590000e-04
4.60767000e+00 2.45539000e-01 -5.07845000e-04 -1.02343000e-04 -7.12530000e-04 -4.05502000e-04
4.71239000e+00 2.73478000e-01 -5.00823000e-04 -9.08295000e-05 -6.82482000e-04 -4.09994000e-04
4.81711000e+00 3.05957000e-01 -4.96448000e-04 -8.03692000e-05 -6.57186000e-04 -4.16078000e-04
4.92183000e+00 3.43861000e-01 -4.94509000e-04 -7.07171000e-05 -6.35943000e-04 -4.23792000e-04
5.02655000e+00 3.88258000e-01 -4.94863000e-04 -6.16743000e-05 -6.18211000e-04 -4.33188000e-04
5.13127000e+00 4.40429000e-01 -4.97419000e-04 -5.30746000e-05 -6.03568000e-04 -4.44344000e-04
5.23599000e+00 5.01895000e-01 -5.02130000e-04 -4.47761000e-05 -5.91682000e-04 -4.57354000e-04
5.34071000e+00 5.74422000e-01 -5.08987000e-04 -3.66546000e-05 -5.82296000e-04 -4.72333000e-04
5.44543000e+00 6.59997000e-01 -5.18014000e-04 -2.85989000e-05 -5.75212000e-04 -4.89415000e-04
5.55015000e+00 7.60732000e-01 -5.29262000e-04 -2.05081000e-05 -5.70278000e-04 -5.08754000e-04
5.65487000e+00 8.78636000e-01 -5.42810000e-04 -1.22885000e-05 -5.67387000e-04 -5.30522000e-04
5.75959000e+00 1.01520000e+00 -5.58760000e-04 -3.85325000e-06 -5.66467000e-04 -5.54907000e-04
5.86431000e+00 1.17069000e+00 -5.77234000e-04 4.87823000e-06 -5.67477000e-04 -5.82112000e-04
5.96903000e+00 1.34308000e+00 -5.98368000e-04 1.39792000e-05 -5.70410000e-04 -6.12348000e-04
6.07375000e+00 1.52685000e+00 -6.22311000e-04 2.35133000e-05 -5.75284000e-04 -6.45824000e-04
6.17847000e+00 1.71188000e+00 -6.49212000e-04 3.35308000e-05 -5.82151000e-04 -6.82743000e-04
6.28319000e+00 1.88343000e+00 -6.79214000e-04 4.40624000e-05 -5.91089000e-04 -7.23276000e-04
6.38791000e+00 2.02413000e+00 -7.12435000e-04 5.51111000e-05 -6.02213000e-04 -7.67546000e-04
6.49262000e+00 2.11805000e+00 -7.48951000e-04 6.66408000e-05 -6.15670000e-04 -8.15592000e-04
6.59734000e+00 2.15559000e+00 -7.88773000e-04 7.85612000e-05 -6.31651000e-04 -8.67335000e-04
6.70206000e+00 2.13651000e+00 -8.31813000e-04 9.07102000e-05 -6.50393000e-04 -9.22523000e-04
6.80678000e+00 2.06934000e+00 -8.77853000e-04 1.02832000e-04 -6.72188000e-04 -9.80685000e-04
6.91150000e+00 1.96779000e+00 -9.26508000e-04 1.14556000e-04 -6.97397000e-04 -1.04106000e-03
7.01622000e+00 1.84642000e+00 -9.77203000e-04 1.25371000e-04 -7.26461000e-04 -1.10257000e-03
7.12094000e+00 1.71762000e+00 -1.02915000e-03 1.34614000e-04 -7.59922000e-04 -1.16376000e-03
7.22566000e+00 1.59031000e+00 -1.08137000e-03 1.41460000e-04 -7.98451000e-04 -1.22283000e-03
7.33038000e+00 1.47008000e+00 -1.13274000e-03 1.44930000e-04 -8.42878000e-04 -1.27767000e-03
7.43510000e+00 1.35990000e+00 -1.18209000e-03 1.43921000e-04 -8.94246000e-04 -1.32601000e-03
7.53982000e+00 1.26091000e+00 -1.22836000e-03 1.37247000e-04 -9.53870000e-04 -1.36561000e-03
7.64454000e+00 1.17315000e+00 -1.27082000e-03 1.23693000e-04 -1.02343000e-03 -1.39451000e-03
7.74926000e+00 1.09602000e+00 -1.30920000e-03 1.02047000e-04 -1.10511000e-03 -1.41125000e-03
7.85398000e+00 1.02866000e+00 -1.34399000e-03 7.11091000e-05 -1.20177000e-03 -1.41509000e-03
7.95870000e+00 9.70088000e-01 -1.37650000e-03 2.96224000e-05 -1.31726000e-03 -1.40613000e-03
8.06342000e+00 9.19335000e-01 -1.40909000e-03 -2.38796000e-05 -1.45685000e-03 -1.38521000e-03
8.16814000e+00 8.75509000e-01 -1.44523000e-03 -9.13599000e-05 -1.62795000e-03 -1.35387000e-03
8.27286000e+00 8.37806000e-01 -1.48981000e-03 -1.75746000e-04 -1.84130000e-03 -1.31406000e-03
8.37758000e+00 8.05525000e-01 -1.54963000e-03 -2.81707000e-04 -2.11304000e-03 -1.26792000e-03
8.48230000e+00 7.78058000e-01 -1.63459000e-03 -4.17012000e-04 -2.46861000e-03 -1.21758000e-03
8.58702000e+00 7.54886000e-01 -1.76013000e-03 -5.95164000e-04 -2.95046000e-03 -1.16496000e-03
8.69174000e+00 7.35570000e-01 -1.95283000e-03 -8.41103000e-04 -3.63503000e-03 -1.11172000e-03
8.79646000e+00 7.19740000e-01 -2.26453000e-03 -1.20536000e-03 -4.67525000e-03 -1.05917000e-03
8.90118000e+00 7.07084000e-01 -2.81473000e-03 -1.80642000e-03 -6.42756000e-03 -1.00831000e-03
9.00590000e+00 6.97346000e-01 -3.95939000e-03 -2.99955000e-03 -9.95849000e-03 -9.59840000e-04
9.11062000e+00 6.90311000e-01 -7.46372000e-03 -6.54949000e-03 -2.05627000e-02 -9.14222000e-04
9.21534000e+00 6.85804000e-01 -7.77569000e-01 -7.76698000e-01 -2.33096000e+00 -8.71725000e-04
9.32006000e+00 6.83682000e-01 7.01857000e-03 7.85104000e-03 2.27207000e-02 -8.32468000e-04
9.42478000e+00 6.83832000e-01 3.41185000e-03 4.20831000e-03 1.18285000e-02 -7.96464000e-04
9.52950000e+00 6.86162000e-01 2.24497000e-03 3.00862000e-03 8.26220000e-03 -7.63651000e-04
9.63422000e+00 6.90601000e-01 1.68383000e-03 2.41775000e-03 6.51934000e-03 -7.33921000e-04
9.73894000e+00 6.97097000e-01 1.36470000e-03 2.07183000e-03 5.50836000e-03 -7.07135000e-04
9.84366000e+00 7.05606000e-01 1.16703000e-03 1.85018000e-03 4.86739000e-03 -6.83143000e-04
9.94838000e+00 7.16099000e-01 1.03966000e-03 1.70145000e-03 4.44255000e-03 -6.61792000e-04
1.00531000e+01 7.28551000e-01 9.57401000e-04 1.60033000e-03 4.15806000e-03 -6.42929000e-04
1.01578000e+01 7.42938000e-01 9.06765000e-04 1.53318000e-03 3.97312000e-03 -6.26413000e-04
1.02625000e+01 7.59238000e-01 8.80193000e-04 1.49231000e-03 3.86481000e-03 -6.12114000e-04
1.03673000e+01 7.77422000e-01 8.73540000e-04 1.47345000e-03 3.82045000e-03 -5.99915000e-04
1.04720000e+01 7.97449000e-01 8.84886000e-04 1.47460000e-03 3.83409000e-03 -5.89715000e-04
1.05767000e+01 8.19265000e-01 9.14011000e-04 1.49544000e-03 3.90489000e-03 -5.81426000e-04
1.06814000e+01 8.42792000e-01 9.62281000e-04 1.53726000e-03 4.03680000e-03 -5.74979000e-04
1.07861000e+01 8.67924000e-01 1.03287000e-03 1.60319000e-03 4.23925000e-03 -5.70318000e-04
1.08909000e+01 8.94522000e-01 1.13143000e-03 1.69884000e-03 4.52911000e-03 -5.67403000e-04
1.09956000e+01 9.22405000e-01 1.26745000e-03 1.83366000e-03 4.93478000e-03 -5.66212000e-04
1.11003000e+01 9.51343000e-01 1.45706000e-03 2.02380000e-03 5.50466000e-03 -5.66736000e-04
1.12050000e+01 9.81058000e-01 1.72912000e-03 2.29810000e-03 6.32532000e-03 -5.68984000e-04
1.13097000e+01 1.01121000e+00 2.13976000e-03 2.71274000e-03 7.56524000e-03 -5.72983000e-04
1.14145000e+01 1.04142000e+00 2.81353000e-03 3.39230000e-03 9.59814000e-03 -5.78775000e-04
1.15192000e+01 1.07123000e+00 4.09132000e-03 4.67774000e-03 1.34468000e-02 -5.86424000e-04
1.16239000e+01 1.10016000e+00 7.35628000e-03 7.95229000e-03 2.32609000e-02 -5.96011000e-04
1.17286000e+01 1.12769000e+00 3.18774000e-02 3.24851000e-02 9.68476000e-02 -6.07640000e-04
1.18333000e+01 1.15329000e+00 -1.46833000e-02 -1.40619000e-02 -4.28071000e-02 -6.21440000e-04
1.19381000e+01 1.17644000e+00 -6.19182000e-03 -5.55426000e-03 -1.73003000e-02 -6.37566000e-04
1.20428000e+01 1.19665000e+00 -4.03180000e-03 -3.37560000e-03 -1.07830000e-02 -6.56203000e-04
1.21475000e+01 1.21349000e+00 -3.05762000e-03 -2.38005000e-03 -7.81772000e-03 -6.77569000e-04
1.22522000e+01 1.22662000e+00 -2.51189000e-03 -1.80997000e-03 -6.13183000e-03 -7.01922000e-04
1.23569000e+01 1.23578000e+00 -2.16981000e-03 -1.44024000e-03 -5.05029000e-03 -7.29563000e-04
1.24617000e+01 1.24086000e+00 -1.94114000e-03 -1.18030000e-03 -4.30174000e-03 -7.60844000e-04
1.25664000e+01 1.24187000e+00 -1.78280000e-03 -9.86623000e-04 -3.75605000e-03 -7.96177000e-04
1.26711000e+01 1.23893000e+00 -1.67170000e-03 -8.35663000e-04 -3.34303000e-03 -8.36039000e-04
1.27758000e+01 1.23227000e+00 -1.59450000e-03 -7.13511000e-04 -3.02152000e-03 -8.80988000e-04
1.28805000e+01 1.22223000e+00 -1.54305000e-03 -6.11379000e-04 -2.76581000e-03 -9.31670000e-04
1.29852000e+01 1.20921000e+00 -1.51223000e-03 -5.23388000e-04 -2.55900000e-03 -9.88840000e-04
1.30900000e+01 1.19366000e+00 -1.49877000e-03 -4.45400000e-04 -2.38957000e-03 -1.05337000e-03
1.31947000e+01 1.17606000e+00 -1.50064000e-03 -3.74364000e-04 -2.24936000e-03 -1.12627000e-03
1.32994000e+01 1.15687000e+00 -1.51664000e-03 -3.07921000e-04 -2.13248000e-03 -1.20872000e-03
1.34041000e+01 1.13655000e+00 -1.54621000e-03 -2.44161000e-04 -2.03454000e-03 -1.30205000e-03
1.35088000e+01 1.11555000e+00 -1.58928000e-03 -1.81466000e-04 -1.95221000e-03 -1.40781000e-03
1.36136000e+01 1.09424000e+00 -1.64614000e-03 -1.18402000e-04 -1.88294000e-03 -1.52774000e-03
1.37183000e+01 1.07297000e+00 -1.71742000e-03 -5.36576000e-05 -1.82473000e-03 -1.66376000e-03
1.38230000e+01 1.05204000e+00 -1.80400000e-03 1.40034000e-05 -1.77599000e-03 -1.81800000e-03
1.39277000e+01 1.03170000e+00 -1.90694000e-03 8.57504000e-05 -1.73544000e-03 -1.99269000e-03
1.40324000e+01 1.01216000e+00 -2.02739000e-03 1.62674000e-04 -1.70204000e-03 -2.19007000e-03
1.41372000e+01 9.93579000e-01 -2.16641000e-03 2.45738000e-04 -1.67493000e-03 -2.41215000e-03
1.42419000e+01 9.76098000e-01 -2.32476000e-03 3.35682000e-04 -1.65339000e-03 -2.66044000e-03
1.43466000e+01 9.59812000e-01 -2.50258000e-03 4.32878000e-04 -1.63682000e-03 -2.93545000e-03
1.44513000e+01 9.44795000e-01 -2.69891000e-03 5.37115000e-04 -1.62468000e-03 -3.23603000e-03
1.45560000e+01 9.31099000e-01 -2.91118000e-03 6.47326000e-04 -1.61653000e-03 -3.55850000e-03
1.46608000e+01 9.18757000e-01 -3.13454000e-03 7.61301000e-04 -1.61194000e-03 -3.89584000e-03
1.47655000e+01 9.07788000e-01 -3.36141000e-03 8.75436000e-04 -1.61054000e-03 -4.23685000e-03
1.48702000e+01 8.98197000e-01 -3.58132000e-03 9.84667000e-04 -1.61199000e-03 -4.56599000e-03
1.49749000e+01 8.89983000e-01 -3.78141000e-03 1.08273000e-03 -1.61594000e-03 -4.86415000e-03
1.50796000e+01 8.83136000e-01 -3.94786000e-03 1.16289000e-03 -1.62209000e-03 -5.11074000e-03
1.51844000e+01 8.77641000e-01 -4.06805000e-03 1.21898000e-03 -1.63009000e-03 -5.28703000e-03
1.52891000e+01 8.73477000e-01 -4.13310000e-03 1.24673000e-03 -1.63964000e-03 -5.37983000e-03
1.53938000e+01 8.70623000e-01 -4.13971000e-03 1.24466000e-03 -1.65040000e-03 -5.38437000e-03
1.54985000e+01 8.69052000e-01 -4.09077000e-03 1.21437000e-03 -1.66204000e-03 -5.30514000e-03
1.56032000e+01 8.68736000e-01 -3.99437000e-03 1.16007000e-03 -1.67422000e-03 -5.15444000e-03
1.57080000e+01 8.69643000e-01 -3.86175000e-03 1.08758000e-03 -1.68659000e-03 -4.94934000e-03
1.58127000e+01 8.71741000e-01 -3.70508000e-03 1.00313000e-03 -1.69881000e-03 -4.70821000e-03
1.59174000e+01 8.74992000e-01 -3.53552000e-03 9.12501000e-04 -1.71052000e-03 -4.44802000e-03
1.60221000e+01 8.79357000e-01 -3.36226000e-03 8.20434000e-04 -1.72139000e-03 -4.18269000e-03
1.61268000e+01 8.84792000e-01 -3.19207000e-03 7.30493000e-04 -1.73109000e-03 -3.92257000e-03
1.62316000e+01 8.91249000e-01 -3.02953000e-03 6.45110000e-04 -1.73931000e-03 -3.67464000e-03
1.63363000e+01 8.98672000e-01 -2.87733000e-03 5.65781000e-04 -1.74577000e-03 -3.44311000e-03
1.64410000e+01 9.07003000e-01 -2.73682000e-03 4.93289000e-04 -1.75025000e-03 -3.23011000e-03
1.65457000e+01 9.16173000e-01 -2.60836000e-03 4.27915000e-04 -1.75253000e-03 -3.03628000e-03
1.66504000e+01 9.26107000e-01 -2.49170000e-03 3.69603000e-04 -1.75250000e-03 -2.86131000e-03
1.67552000e+01 9.36721000e-01 -2.38622000e-03 3.18086000e-04 -1.75005000e-03 -2.70430000e-03
1.68599000e+01 9.47920000e-01 -2.29110000e-03 2.72972000e-04 -1.74516000e-03 -2.56407000e-03
1.69646000e+01 9.59602000e-01 -2.20548000e-03 2.33807000e-04 -1.73786000e-03 -2.43928000e-03
1.70693000e+01 9.71652000e-01 -2.12847000e-03 2.00113000e-04 -1.72825000e-03 -2.32859000e-03
1.71740000e+01 9.83947000e-01 -2.05927000e-03 1.71410000e-04 -1.71645000e-03 -2.23068000e-03
1.72788000e+01 9.96354000e-01 -1.99713000e-03 1.47232000e-04 -1.70266000e-03 -2.14436000e-03
1.73835000e+01 1.00873000e+00 -1.94138000e-03 1.27138000e-04 -1.68710000e-03 -2.06851000e-03
1.74882000e+01 1.02094000e+00 -1.89144000e-03 1.10710000e-04 -1.67002000e-03 -2.00215000e-03
1.75929000e+01 1.03281000e+00 -1.84683000e-03 9.75650000e-05 -1.65170000e-03 -1.94439000e-03
1.76976000e+01 1.04421000e+00 -1.80711000e-03 8.73471000e-05 -1.63241000e-03 -1.89445000e-03
1.78024000e+01 1.05497000e+00 -1.77191000e-03 7.97323000e-05 -1.61245000e-03 -1.85165000e-03
1.79071000e+01 1.06495000e+00 -1.74095000e-03 7.44261000e-05 -1.59210000e-03 -1.81538000e-03
1.80118000e+01 1.07401000e+00 -1.71396000e-03 7.11631000e-05 -1.57163000e-03 -1.78512000e-03
1.81165000e+01 1.08201000e+00 -1.69072000e-03 6.97053000e-05 -1.55131000e-03 -1.76042000e-03
1.82212000e+01 1.08886000e+00 -1.67105000e-03 6.98405000e-05 -1.53137000e-03 -1.74089000e-03
1.83260000e+01 1.09445000e+00 -1.65480000e-03 7.13809000e-05 -1.51204000e-03 -1.72619000e-03
1.84307000e+01 1.09871000e+00 -1.64185000e-03 7.41607000e-05 -1.49353000e-03 -1.71601000e-03
1.85354000e+01 1.10161000e+00 -1.63209000e-03 7.80348000e-05 -1.47602000e-03 -1.71012000e-03
1.86401000e+01 1.10311000e+00 -1.62542000e-03 8.28765000e-05 -1.45966000e-03 -1.70829000e-03
1.87448000e+01 1.10322000e+00 -1.62177000e-03 8.85757000e-05 -1.44462000e-03 -1.71034000e-03
1.88496000e+01 1.10197000e+00 -1.62108000e-03 9.50372000e-05 -1.43100000e-03 -1.71611000e-03
1.89543000e+01 1.09943000e+00 -1.62329000e-03 1.02179000e-04 -1.41893000e-03 -1.72547000e-03
1.90590000e+01 1.09565000e+00 -1.62838000e-03 1.09930000e-04 -1.40852000e-03 -1.73831000e-03
1.91637000e+01 1.09074000e+00 -1.63630000e-03 1.18231000e-04 -1.39984000e-03 -1.75453000e-03
1.92684000e+01 1.08482000e+00 -1.64703000e-03 1.27029000e-04 -1.39297000e-03 -1.77406000e-03
1.93732000e+01 1.07799000e+00 -1.66057000e-03 1.36283000e-04 -1.38801000e-03 -1.79686000e-03
1.94779000e+01 1.07040000e+00 -1.67692000e-03 1.45955000e-04 -1.38501000e-03 -1.82287000e-03
1.95826000e+01 1.06218000e+00 -1.69607000e-03 1.56018000e-04 -1.38404000e-03 -1.85209000e-03
1.96873000e+01 1.05347000e+00 -1.71807000e-03 1.66450000e-04 -1.38517000e-03 -1.88452000e-03
1.97920000e+01 1.04441000e+00 -1.74294000e-03 1.77235000e-04 -1.38847000e-03 -1.92017000e-03
1.98968000e+01 1.03511000e+00 -1.77074000e-03 1.88369000e-04 -1.39400000e-03 -1.95911000e-03
2.00015000e+01 1.02573000e+00 -1.80155000e-03 1.99853000e-04 -1.40184000e-03 -2.00140000e-03
2.01062000e+01 1.01636000e+00 -1.83547000e-03 2.11702000e-04 -1.41206000e-03 -2.04717000e-03
2.02109000e+01 1.00712000e+00 -1.87264000e-03 2.23944000e-04 -1.42475000e-03 -2.09658000e-03
2.03156000e+01 9.98106000e-01 -1.91323000e-03 2.36622000e-04 -1.43999000e-03 -2.14985000e-03
2.04204000e+01 9.89416000e-01 -1.95747000e-03 2.49802000e-04 -1.45787000e-03 -2.20727000e-03
2.05251000e+01 9.81124000e-01 -2.00564000e-03 2.63575000e-04 -1.47849000e-03 -2.26922000e-03
2.06298000e+01 9.73302000e-01 -2.05810000e-03 2.78064000e-04 -1.50197000e-03 -2.33616000e-03
2.07345000e+01 9.66010000e-01 -2.11528000e-03 2.93435000e-04 -1.52841000e-03 -2.40871000e-03
2.08392000e+01 9.59298000e-01 -2.17773000e-03 3.09904000e-04 -1.55793000e-03 -2.48764000e-03
2.09440000e+01 9.53211000e-01 -2.24616000e-03 3.27754000e-04 -1.59065000e-03 -2.57392000e-03
2.10487000e+01 9.47784000e-01 -2.32143000e-03 3.47352000e-04 -1.62672000e-03 -2.66878000e-03
2.11534000e+01 9.43043000e-01 -2.40461000e-03 3.69173000e-04 -1.66627000e-03 -2.77379000e-03
2.12581000e+01 9.39011000e-01 -2.49709000e-03 3.93835000e-04 -1.70942000e-03 -2.89092000e-03
2.13628000e+01 9.35701000e-01 -2.60060000e-03 4.22142000e-04 -1.75631000e-03 -3.02274000e-03
2.14675000e+01 9.33123000e-01 -2.71739000e-03 4.55153000e-04 -1.80708000e-03 -3.17254000e-03
2.15723000e+01 9.31281000e-01 -2.85039000e-03 4.94274000e-04 -1.86184000e-03 -3.34467000e-03
2.16770000e+01 9.30173000e-01 -3.00350000e-03 5.41401000e-04 -1.92070000e-03 -3.54491000e-03
2.17817000e+01 9.29792000e-01 -3.18201000e-03 5.99133000e-04 -1.98374000e-03 -3.78114000e-03
2.18864000e+01 9.30128000e-01 -3.39326000e-03 6.71115000e-04 -2.05102000e-03 -4.06437000e-03
2.19911000e+01 9.31166000e-01 -3.64778000e-03 7.62611000e-04 -2.12256000e-03 -4.41039000e-03
2.20959000e+01 9.32885000e-01 -3.96128000e-03 8.81478000e-04 -2.19832000e-03 -4.84275000e-03
2.22006000e+01 9.35262000e-01 -4.35817000e-03 1.03998000e-03 -2.27822000e-03 -5.39814000e-03
2.23053000e+01 9.38268000e-01 -4.87874000e-03 1.25833000e-03 -2.36209000e-03 -6.13707000e-03
2.24100000e+01 9.41870000e-01 -5.59454000e-03 1.57243000e-03 -2.44969000e-03 -7.16697000e-03
2.25147000e+01 9.46030000e-01 -6.64601000e-03 2.05266000e-03 -2.54068000e-03 -8.69867000e-03
2.26195000e+01 9.50707000e-01 -8.35177000e-03 2.85858000e-03 -2.63461000e-03 -1.12104000e-02
2.27242000e+01 9.55853000e-01 -1.16225000e-02 4.44581000e-03 -2.73092000e-03 -1.60684000e-02
2.28289000e+01 9.61418000e-01 -2.05280000e-02 8.84953000e-03 -2.82892000e-03 -2.93775000e-02
2.29336000e+01 9.67345000e-01 -1.45308000e-01 7.11899000e-02 -2.92780000e-03 -2.16497000e-01
2.30383000e+01 9.73575000e-01 2.46165000e-02 -1.38216000e-02 -3.02665000e-03 3.84380000e-02
2.31431000e+01 9.80042000e-01 1.04847000e-02 -6.80457000e-03 -3.12444000e-03 1.72893000e-02
2.32478000e+01 9.86678000e-01 6.26786000e-03 -4.74397000e-03 -3.22008000e-03 1.10118000e-02
2.33525000e+01 9.93413000e-01 4.23442000e-03 -3.77342000e-03 -3.31242000e-03 8.00783000e-03
2.34572000e+01 1.00017000e+00 3.03405000e-03 -3.21717000e-03 -3.40030000e-03 6.25122000e-03
2.35619000e+01 1.00688000e+00 2.24049000e-03 -2.86155000e-03 -3.48261000e-03 5.10204000e-03
2.36667000e+01 1.01345000e+00 1.67668000e-03 -2.61751000e-03 -3.55833000e-03 4.29419000e-03
2.37714000e+01 1.01982000e+00 1.25597000e-03 -2.44126000e-03 -3.62656000e-03 3.69723000e-03
2.38761000e+01 1.02590000e+00 9.30936000e-04 -2.30876000e-03 -3.68658000e-03 3.23969000e-03
2.39808000e+01 1.03163000e+00 6.73455000e-04 -2.20568000e-03 -3.73790000e-03 2.87913000e-03
2.40855000e+01 1.03693000e+00 4.65758000e-04 -2.12300000e-03 -3.78025000e-03 2.58876000e-03
2.41903000e+01 1.04173000e+00 2.96026000e-04 -2.05482000e-03 -3.81361000e-03 2.35085000e-03
2.42950000e+01 1.04599000e+00 1.56041000e-04 -1.99713000e-03 -3.83823000e-03 2.15318000e-03
2.43997000e+01 1.04963000e+00 3.98692000e-05 -1.94721000e-03 -3.85455000e-03 1.98708000e-03
2.45044000e+01 1.05263000e+00 -5.69289000e-05 -1.90315000e-03 -3.86324000e-03 1.84623000e-03
2.46091000e+01 1.05495000e+00 -1.37774000e-04 -1.86367000e-03 -3.86511000e-03 1.72589000e-03
2.47139000e+01 1.05657000e+00 -2.05375000e-04 -1.82787000e-03 -3.86111000e-03 1.62249000e-03
2.48186000e+01 1.05747000e+00 -2.61923000e-04 -1.79518000e-03 -3.85228000e-03 1.53325000e-03
2.49233000e+01 1.05766000e+00 -3.09223000e-04 -1.76522000e-03 -3.83967000e-03 1.45600000e-03
2.50280000e+01 1.05713000e+00 -3.48783000e-04 -1.73780000e-03 -3.82438000e-03 1.38902000e-03
2.51327000e+01 1.05592000e+00 -3.81873000e-04 -1.71280000e-03 -3.80747000e-03 1.33093000e-03
2.52375000e+01 1.05405000e+00 -4.09574000e-04 -1.69020000e-03 -3.78998000e-03 1.28063000e-03
2.53422000e+01 1.05156000e+00 -4.32808000e-04 -1.67003000e-03 -3.77287000e-03 1.23722000e-03
2.54469000e+01 1.04849000e+00 -4.52362000e-04 -1.65236000e-03 -3.75708000e-03 1.20000000e-03
2.55516000e+01 1.04491000e+00 -4.68911000e-04 -1.63727000e-03 -3.74345000e-03 1.16836000e-03
2.56563000e+01 1.04087000e+00 -4.83033000e-04 -1.62488000e-03 -3.73280000e-03 1.14185000e-03
2.57611000e+01 1.03643000e+00 -4.95224000e-04 -1.61532000e-03 -3.72586000e-03 1.12009000e-03
2.58658000e+01 1.03166000e+00 -5.05906000e-04 -1.60872000e-03 -3.72334000e-03 1.10281000e-03
2.59705000e+01 1.02663000e+00 -5.15442000e-04 -1.60524000e-03 -3.72592000e-03 1.08980000e-03
2.60752000e+01 1.02141000e+00 -5.24144000e-04 -1.60506000e-03 -3.73426000e-03 1.08091000e-03
2.61799000e+01 1.01606000e+00 -5.32274000e-04 -1.60837000e-03 -3.74901000e-03 1.07609000e-03
2.62847000e+01 1.01065000e+00 -5.40060000e-04 -1.61539000e-03 -3.77083000e-03 1.07533000e-03
2.63894000e+01 1.00525000e+00 -5.47691000e-04 -1.62637000e-03 -3.80044000e-03 1.07868000e-03
2.64941000e+01 9.99914000e-01 -5.55330000e-04 -1.64162000e-03 -3.83858000e-03 1.08629000e-03
2.65988000e+01 9.94702000e-01 -5.63110000e-04 -1.66149000e-03 -3.88609000e-03 1.09838000e-03
2.67035000e+01 9.89668000e-01 -5.71139000e-04 -1.68638000e-03 -3.94390000e-03 1.11524000e-03
2.68083000e+01 9.84861000e-01 -5.79497000e-04 -1.71679000e-03 -4.01308000e-03 1.13729000e-03
2.69130000e+01 9.80325000e-01 -5.88236000e-04 -1.75332000e-03 -4.09488000e-03 1.16509000e-03
2.70177000e+01 9.76100000e-01 -5.97374000e-04 -1.79669000e-03 -4.19076000e-03 1.19932000e-03
2.71224000e+01 9.72222000e-01 -6.06883000e-04 -1.84779000e-03 -4.30245000e-03 1.24090000e-03
2.72271000e+01 9.68721000e-01 -6.16679000e-04 -1.90770000e-03 -4.43207000e-03 1.29102000e-03
2.73319000e+01 9.65623000e-01 -6.26589000e-04 -1.97779000e-03 -4.58216000e-03 1.35120000e-03
2.74366000e+01 9.62949000e-01 -6.36317000e-04 -2.05978000e-03 -4.75587000e-03 1.42346000e-03
2.75413000e+01 9.60716000e-01 -6.45374000e-04 -2.15587000e-03 -4.95711000e-03 1.51049000e-03
2.76460000e+01 9.58936000e-01 -6.52968000e-04 -2.26892000e-03 -5.19081000e-03 1.61595000e-03
2.77507000e+01 9.57619000e-01 -6.57820000e-04 -2.40273000e-03 -5.46327000e-03 1.74491000e-03
2.78555000e+01 9.56769000e-01 -6.57839000e-04 -2.56242000e-03 -5.78268000e-03 1.90458000e-03
2.79602000e+01 9.56385000e-01 -6.49524000e-04 -2.75516000e-03 -6.15985000e-03 2.10564000e-03
2.80649000e+01 9.56465000e-01 -6.26831000e-04 -2.99125000e-03 -6.60932000e-03 2.36442000e-03
2.81696000e+01 9.57000000e-01 -5.78851000e-04 -3.28619000e-03 -7.15123000e-03 2.70734000e-03
2.82743000e+01 9.57981000e-01 -4.84692000e-04 -3.66472000e-03 -7.81413000e-03 3.18003000e-03
2.83791000e+01 9.59393000e-01 -3.00955000e-04 -4.16950000e-03 -8.63996000e-03 3.86855000e-03
2.84838000e+01 9.61217000e-01 7.36739000e-05 -4.88329000e-03 -9.69292000e-03 4.95697000e-03
2.85885000e+01 9.63432000e-01 9.22640000e-04 -5.99952000e-03 -1.10764000e-02 6.92217000e-03
2.86932000e+01 9.66013000e-01 3.34400000e-03 -8.15620000e-03 -1.29684000e-02 1.15002000e-02
2.87979000e+01 9.68932000e-01 1.73730000e-02 -1.65382000e-02 -1.57033000e-02 3.39112000e-02
2.89027000e+01 9.72157000e-01 -3.07664000e-02 5.38723000e-03 -1.99920000e-02 -3.61537000e-02
2.90074000e+01 9.75655000e-01 -1.71358000e-02 -5.26198000e-03 -2.76597000e-02 -1.18738000e-02
2.91121000e+01 9.79387000e-01 -1.98428000e-02 -1.26961000e-02 -4.52349000e-02 -7.14672000e-03
2.92168000e+01 9.83314000e-01 -4.56009000e-02 -4.04600000e-02 -1.26521000e-01 -5.14091000e-03
2.93215000e+01 9.87394000e-01 4.91348000e-02 5.31711000e-02 1.55477000e-01 -4.03629000e-03
2.94263000e+01 9.91583000e-01 1.37395000e-02 1.70796000e-02 4.78987000e-02 -3.34012000e-03
2.95310000e+01 9.95834000e-01 7.50424000e-03 1.03679000e-02 2.82400000e-02 -2.86362000e-03
2.96357000e+01 1.00010000e+00 4.98599000e-03 7.50490000e-03 1.99958000e-02 -2.51891000e-03
2.97404000e+01 1.00434000e+00 3.64916000e-03 5.90873000e-03 1.54666000e-02 -2.25958000e-03
2.98451000e+01 1.00849000e+00 2.82963000e-03 4.88842000e-03 1.26065000e-02 -2.05879000e-03
2.99498000e+01 1.01251000e+00 2.27957000e-03 4.17956000e-03 1.06387000e-02 -1.89999000e-03
3.00546000e+01 1.01637000e+00 1.88634000e-03 3.65873000e-03 9.20379000e-03 -1.77239000e-03
3.01593000e+01 1.02000000e+00 1.59172000e-03 3.26042000e-03 8.11256000e-03 -1.66870000e-03
3.02640000e+01 1.02336000e+00 1.36278000e-03 2.94657000e-03 7.25592000e-03 -1.58379000e-03
3.03687000e+01 1.02643000e+00 1.17953000e-03 2.69353000e-03 6.56658000e-03 -1.51400000e-03
3.04734000e+01 1.02916000e+00 1.02920000e-03 2.48580000e-03 6.00080000e-03 -1.45661000e-03
3.05782000e+01 1.03152000e+00 9.03239000e-04 2.31284000e-03 5.52892000e-03 -1.40960000e-03
3.06829000e+01 1.03349000e+00 7.95748000e-04 2.16719000e-03 5.13013000e-03 -1.37144000e-03
3.07876000e+01 1.03504000e+00 7.02499000e-04 2.04345000e-03 4.78940000e-03 -1.34095000e-03
3.08923000e+01 1.03616000e+00 6.20394000e-04 1.93762000e-03 4.49563000e-03 -1.31722000e-03
3.09970000e+01 1.03684000e+00 5.47105000e-04 1.84666000e-03 4.24043000e-03 -1.29956000e-03
3.11018000e+01 1.03707000e+00 4.80846000e-04 1.76827000e-03 4.01738000e-03 -1.28742000e-03
3.12065000e+01 1.03686000e+00 4.20215000e-04 1.70062000e-03 3.82145000e-03 -1.28040000e-03
3.13112000e+01 1.03622000e+00 3.64093000e-04 1.64230000e-03 3.64870000e-03 -1.27821000e-03
3.14159000e+01 1.03516000e+00 3.11567000e-04 1.59220000e-03 3.49596000e-03 -1.28063000e-03
3.15206000e+01 1.03370000e+00 2.61878000e-04 1.54941000e-03 3.36070000e-03 -1.28753000e-03
3.16254000e+01 1.03187000e+00 2.14381000e-04 1.51324000e-03 3.24086000e-03 -1.29886000e-03
3.17301000e+01 1.02969000e+00 1.68518000e-04 1.48312000e-03 3.13476000e-03 -1.31460000e-03
3.18348000e+01 1.02720000e+00 1.23793000e-04 1.45862000e-03 3.04104000e-03 -1.33483000e-03
3.19395000e+01 1.02443000e+00 7.97528000e-05 1.43941000e-03 2.95857000e-03 -1.35966000e-03
3.20442000e+01 1.02143000e+00 3.59790000e-05 1.42524000e-03 2.88646000e-03 -1.38926000e-03
3.21490000e+01 1.01823000e+00 -7.93012000e-06 1.41595000e-03 2.82397000e-03 -1.42388000e-03
3.22537000e+01 1.01488000e+00 -5.23675000e-05 1.41145000e-03 2.77053000e-03 -1.46381000e-03
3.23584000e+01 1.01142000e+00 -9.77269000e-05 1.41171000e-03 2.72569000e-03 -1.50943000e-03
3.24631000e+01 1.00789000e+00 -1.44412000e-04 1.41677000e-03 2.68913000e-03 -1.56118000e-03
3.25678000e+01 1.00433000e+00 -1.92846000e-04 1.42675000e-03 2.66065000e-03 -1.61960000e-03
3.26726000e+01 1.00078000e+00 -2.43478000e-04 1.44182000e-03 2.64016000e-03 -1.68530000e-03
3.27773000e+01 9.97290000e-01 -2.96799000e-04 1.46223000e-03 2.62766000e-03 -1.75903000e-03
3.28820000e+01 9.93889000e-01 -3.53344000e-04 1.48832000e-03 2.62329000e-03 -1.84166000e-03
3.29867000e+01 9.90613000e-01 -4.13715000e-04 1.52051000e-03 2.62730000e-03 -1.93422000e-03
3.30914000e+01 9.87496000e-01 -4.78586000e-04 1.55933000e-03 2.64006000e-03 -2.03791000e-03
3.31962000e+01 9.84568000e-01 -5.48731000e-04 1.60543000e-03 2.66213000e-03 -2.15416000e-03
3.33009000e+01 9.81856000e-01 -6.25037000e-04 1.65963000e-03 2.69422000e-03 -2.28467000e-03
3.34056000e+01 9.79384000e-01 -7.08539000e-04 1.72291000e-03 2.73727000e-03 -2.43145000e-03
3.35103000e+01 9.77173000e-01 -8.00448000e-04 1.79647000e-03 2.79249000e-03 -2.59692000e-03
3.36150000e+01 9.75243000e-01 -9.02200000e-04 1.88181000e-03 2.86142000e-03 -2.78401000e-03
3.37198000e+01 9.73606000e-01 -1.01551000e-03 1.98077000e-03 2.94603000e-03 -2.99628000e-03
3.38245000e+01 9.72277000e-01 -1.14245000e-03 2.09566000e-03 3.04887000e-03 -3.23812000e-03
3.39292000e+01 9.71263000e-01 -1.28555000e-03 2.22939000e-03 3.17322000e-03 -3.51494000e-03
3.40339000e+01 9.70569000e-01 -1.44791000e-03 2.38566000e-03 3.32342000e-03 -3.83357000e-03
3.41386000e+01 9.70200000e-01 -1.63340000e-03 2.56930000e-03 3.50520000e-03 -4.20270000e-03
3.42434000e+01 9.70154000e-01 -1.84691000e-03 2.78664000e-03 3.72637000e-03 -4.63355000e-03
3.43481000e+01 9.70428000e-01 -2.09468000e-03 3.04621000e-03 3.99775000e-03 -5.14089000e-03
3.44528000e+01 9.71015000e-01 -2.38479000e-03 3.35977000e-03 4.33475000e-03 -5.74456000e-03
3.45575000e+01 9.71908000e-01 -2.72785000e-03 3.74397000e-03 4.76010000e-03 -6.47182000e-03
3.46622000e+01 9.73093000e-01 -3.13796000e-03 4.22329000e-03 5.30863000e-03 -7.36125000e-03
3.47670000e+01 9.74557000e-01 -3.63393000e-03 4.83531000e-03 6.03668000e-03 -8.46924000e-03
3.48717000e+01 9.76283000e-01 -4.24066000e-03 5.64105000e-03 7.04144000e-03 -9.88172000e-03
3.49764000e+01 9.78250000e-01 -4.98884000e-03 6.74756000e-03 8.50628000e-03 -1.17364000e-02
3.50811000e+01 9.80437000e-01 -5.90483000e-03 8.36398000e-03 1.08231000e-02 -1.42688000e-02
3.51858000e+01 9.82821000e-01 -6.94307000e-03 1.09749000e-02 1.50067000e-02 -1.79179000e-02
3.52906000e+01 9.85374000e-01 -7.48943000e-03 1.61174000e-02 2.47454000e-02 -2.36069000e-02
3.53953000e+01 9.88069000e-01 1.62599000e-03 3.52899000e-02 7.22058000e-02 -3.36639000e-02
3.55000000e+01 9.90877000e-01 -6.32425000e-02 -7.10086000e-03 -7.74442000e-02 -5.61416000e-02
3.56047000e+01 9.93766000e-01 -1.08703000e-01 4.17673000e-02 -2.51687000e-02 -1.50470000e-01
3.57094000e+01 9.96705000e-01 1.69059000e-01 -9.20527000e-02 -1.50460000e-02 2.61112000e-01
3.58142000e+01 9.99661000e-01 4.52471000e-02 -2.80024000e-02 -1.07578000e-02 7.32495000e-02
3.59189000e+01 1.00260000e+00 2.63655000e-02 -1.73823000e-02 -8.39915000e-03 4.37479000e-02
3.60236000e+01 1.00549000e+00 1.88687000e-02 -1.28917000e-02 -6.91458000e-03 3.17604000e-02
3.61283000e+01 1.00830000e+00 1.48809000e-02 -1.03905000e-02 -5.90005000e-03 2.52713000e-02
3.62330000e+01 1.01099000e+00 1.24176000e-02 -8.79258000e-03 -5.16759000e-03 2.12102000e-02
3.63378000e+01 1.01354000e+00 1.07498000e-02 -7.68391000e-03 -4.61800000e-03 1.84337000e-02
3.64425000e+01 1.01592000e+00 9.54813000e-03 -6.87106000e-03 -4.19400000e-03 1.64192000e-02
3.65472000e+01 1.01810000e+00 8.64238000e-03 -6.25132000e-03 -3.86026000e-03 1.48937000e-02
3.66519000e+01 1.02005000e+00 7.93605000e-03 -5.76496000e-03 -3.59387000e-03 1.37010000e-02
3.67566000e+01 1.02175000e+00 7.37043000e-03 -5.37489000e-03 -3.37936000e-03 1.27453000e-02
3.68614000e+01 1.02318000e+00 6.90784000e-03 -5.05689000e-03 -3.20595000e-03 1.19647000e-02
3.69661000e+01 1.02434000e+00 6.52303000e-03 -4.79451000e-03 -3.06599000e-03 1.13175000e-02
3.70708000e+01 1.02520000e+00 6.19853000e-03 -4.57623000e-03 -2.95393000e-03 1.07748000e-02
3.71755000e+01 1.02576000e+00 5.92184000e-03 -4.39378000e-03 -2.86571000e-03 1.03156000e-02
3.72802000e+01 1.02601000e+00 5.68387000e-03 -4.24113000e-03 -2.79840000e-03 9.92500000e-03
3.73850000e+01 1.02596000e+00 5.47782000e-03 -4.11386000e-03 -2.74990000e-03 9.59168000e-03
3.74897000e+01 1.02560000e+00 5.29855000e-03 -4.00865000e-03 -2.71876000e-03 9.30720000e-03
3.75944000e+01 1.02496000e+00 5.14209000e-03 -3.92310000e-03 -2.70412000e-03 9.06519000e-03
3.76991000e+01 1.02403000e+00 5.00533000e-03 -3.85546000e-03 -2.70559000e-03 8.86079000e-03
3.78038000e+01 1.02283000e+00 4.88579000e-03 -3.80452000e-03 -2.72325000e-03 8.69031000e-03
3.79086000e+01 1.02139000e+00 4.78146000e-03 -3.76956000e-03 -2.75767000e-03 8.55102000e-03
3.80133000e+01 1.01972000e+00 4.69062000e-03 -3.75027000e-03 -2.80992000e-03 8.44090000e-03
3.81180000e+01 1.01784000e+00 4.61181000e-03 -3.74674000e-03 -2.88167000e-03 8.35854000e-03
3.82227000e+01 1.01578000e+00 4.54363000e-03 -3.75947000e-03 -2.97530000e-03 8.30310000e-03
3.83274000e+01 1.01357000e+00 4.48472000e-03 -3.78943000e-03 -3.09415000e-03 8.27415000e-03
3.84322000e+01 1.01123000e+00 4.43357000e-03 -3.83816000e-03 -3.24276000e-03 8.27173000e-03
3.85369000e+01 1.00880000e+00 4.38838000e-03 -3.90789000e-03 -3.42740000e-03 8.29627000e-03
3.86416000e+01 1.00631000e+00 4.34683000e-03 -4.00179000e-03 -3.65674000e-03 8.34862000e-03
3.87463000e+01 1.00377000e+00 4.30567000e-03 -4.12438000e-03 -3.94309000e-03 8.43005000e-03
3.88510000e+01 1.00124000e+00 4.26011000e-03 -4.28220000e-03 -4.30428000e-03 8.54231000e-03
3.89557000e+01 9.98717000e-01 4.20275000e-03 -4.48491000e-03 -4.76706000e-03 8.68765000e-03
3.90605000e+01 9.96248000e-01 4.12152000e-03 -4.74742000e-03 -5.37332000e-03 8.86893000e-03
3.91652000e+01 9.93854000e-01 3.99568000e-03 -5.09401000e-03 -6.19233000e-03 9.08969000e-03
3.92699000e+01 9.91561000e-01 3.78706000e-03 -5.56724000e-03 -7.34742000e-03 9.35430000e-03
3.93746000e+01 9.89392000e-01 3.41844000e-03 -6.24967000e-03 -9.08090000e-03 9.66811000e-03
3.94793000e+01 9.87367000e-01 2.71081000e-03 -7.32690000e-03 -1.19430000e-02 1.00377000e-02
3.95841000e+01 9.85507000e-01 1.14499000e-03 -9.32620000e-03 -1.75074000e-02 1.04712000e-02
3.96888000e+01 9.83829000e-01 -3.61998000e-03 -1.45985000e-02 -3.28171000e-02 1.09786000e-02
3.97935000e+01 9.82347000e-01 -7.60635000e-02 -8.76357000e-02 -2.51335000e-01 1.15722000e-02
3.98982000e+01 9.81076000e-01 2.32105000e-02 1.09428000e-02 4.50961000e-02 1.22678000e-02
4.00029000e+01 9.80024000e-01 1.56957000e-02 2.61100000e-03 2.09177000e-02 1.30847000e-02
4.01077000e+01 9.79201000e-01 1.39481000e-02 -1.00039000e-04 1.37480000e-02 1.40482000e-02
4.02124000e+01 9.78613000e-01 1.35704000e-02 -1.61978000e-03 1.03309000e-02 1.51902000e-02
4.03171000e+01 9.78262000e-01 1.38171000e-02 -2.73570000e-03 8.34572000e-03 1.65528000e-02
4.04218000e+01 9.78150000e-01 1.44809000e-02 -3.71079000e-03 7.05933000e-03 1.81917000e-02
4.05265000e+01 9.78275000e-01 1.55101000e-02 -4.67163000e-03 6.16686000e-03 2.01817000e-02
4.06313000e+01 9.78635000e-01 1.69235000e-02 -5.70223000e-03 5.51902000e-03 2.26257000e-02
4.07360000e+01 9.79223000e-01 1.87900000e-02 -6.87790000e-03 5.03424000e-03 2.56679000e-02
4.08407000e+01 9.80032000e-01 2.12322000e-02 -8.28395000e-03 4.66427000e-03 2.95161000e-02
4.09454000e+01 9.81051000e-01 2.44453000e-02 -1.00332000e-02 4.37888000e-03 3.44785000e-02
4.10501000e+01 9.82268000e-01 2.87392000e-02 -1.22905000e-02 4.15829000e-03 4.10297000e-02
4.11549000e+01 9.83669000e-01 3.46184000e-02 -1.53146000e-02 3.98916000e-03 4.99331000e-02
4.12596000e+01 9.85239000e-01 4.29458000e-02 -1.95417000e-02 3.86230000e-03 6.24875000e-02
4.13643000e+01 9.86960000e-01 5.53023000e-02 -2.57655000e-02 3.77131000e-03 8.10679000e-02
4.14690000e+01 9.88813000e-01 7.48788000e-02 -3.55835000e-02 3.71182000e-03 1.10462000e-01
4.15737000e+01 9.90776000e-01 1.09085000e-01 -5.27019000e-02 3.68092000e-03 1.61787000e-01
4.16785000e+01 9.92829000e-01 1.79476000e-01 -8.78996000e-02 3.67689000e-03 2.67376000e-01
4.17832000e+01 9.94949000e-01 3.83236000e-01 -1.89768000e-01 3.69898000e-03 5.73004000e-01
4.18879000e+01 9.97112000e-01 3.23892000e+00 -1.61758000e+00 3.74733000e-03 4.85650000e+00
4.19926000e+01 9.99294000e-01 -7.61403000e-01 3.82613000e-01 3.82293000e-03 -1.14402000e+00
4.20973000e+01 1.00147000e+00 -4.43938000e-01 2.23933000e-01 3.92772000e-03 -6.67871000e-01
4.22021000e+01 1.00362000e+00 -3.97304000e-01 2.00684000e-01 4.06464000e-03 -5.97988000e-01
4.23068000e+01 1.00571000e+00 -4.70068000e-01 2.37153000e-01 4.23790000e-03 -7.07221000e-01
4.24115000e+01 1.00773000e+00 -8.94967000e-01 4.49710000e-01 4.45327000e-03 -1.34468000e+00
4.25162000e+01 1.00964000e+00 2.14389000e+00 -1.06958000e+00 4.71859000e-03 3.21347000e+00
4.26209000e+01 1.01144000e+00 3.89944000e-01 -1.92450000e-01 5.04452000e-03 5.82394000e-01
4.27257000e+01 1.01309000e+00 1.95924000e-01 -9.52393000e-02 5.44567000e-03 2.91164000e-01
4.28304000e+01 1.01458000e+00 1.25015000e-01 -5.95361000e-02 5.94237000e-03 1.84551000e-01
4.29351000e+01 1.01589000e+00 8.96872000e-02 -4.15618000e-02 6.56361000e-03 1.31249000e-01
4.30398000e+01 1.01701000e+00 6.92425000e-02 -3.09453000e-02 7.35185000e-03 1.00188000e-01
4.31445000e+01 1.01793000e+00 5.63556000e-02 -2.39920000e-02 8.37162000e-03 8.03476000e-02
4.32493000e+01 1.01863000e+00 4.78339000e-02 -1.90542000e-02 9.72560000e-03 6.68881000e-02
4.33540000e+01 1.01911000e+00 4.21132000e-02 -1.52630000e-02 1.15871000e-02 5.73762000e-02
4.34587000e+01 1.01937000e+00 3.84051000e-02 -1.20661000e-02 1.42728000e-02 5.04712000e-02
4.35634000e+01 1.01941000e+00 3.63986000e-02 -8.98567000e-03 1.84273000e-02 4.53843000e-02
4.36681000e+01 1.01922000e+00 3.62851000e-02 -5.34562000e-03 2.55938000e-02 4.16307000e-02
4.37729000e+01 1.01881000e+00 3.94732000e-02 5.66932000e-04 4.06070000e-02 3.89062000e-02
4.38776000e+01 1.01819000e+00 5.47914000e-02 1.77690000e-02 9.03293000e-02 3.70224000e-02
4.39823000e+01 1.01736000e+00 -2.03500000e-01 -2.39372000e-01 -6.82244000e-01 3.58728000e-02
4.40870000e+01 1.01635000e+00 -2.29743000e-03 -3.77155000e-02 -7.77284000e-02 3.54180000e-02
4.41917000e+01 1.01516000e+00 9.31285000e-03 -2.63732000e-02 -4.34335000e-02 3.56860000e-02
4.42965000e+01 1.01381000e+00 1.40603000e-02 -2.27285000e-02 -3.13967000e-02 3.67888000e-02
4.44012000e+01 1.01231000e+00 1.74914000e-02 -2.14780000e-02 -2.54646000e-02 3.89694000e-02
4.45059000e+01 1.01069000e+00 2.11048000e-02 -2.16087000e-02 -2.21125000e-02 4.27135000e-02
4.46106000e+01 1.00897000e+00 2.59792000e-02 -2.30569000e-02 -2.01346000e-02 4.90361000e-02
4.47153000e+01 1.00717000e+00 3.38893000e-02 -2.64556000e-02 -1.90220000e-02 6.03449000e-02
4.48201000e+01 1.00530000e+00 4.97449000e-02 -3.41441000e-02 -1.85433000e-02 8.38889000e-02
4.49248000e+01 1.00340000e+00 9.75960000e-02 -5.81013000e-02 -1.86066000e-02 1.55697000e-01
4.50295000e+01 1.00148000e+00 9.66054000e+00 -4.83988000e+00 -1.92147000e-02 1.45004000e+01
4.51342000e+01 9.99569000e-01 -1.00184000e-01 3.98599000e-02 -2.04644000e-02 -1.40044000e-01
4.52389000e+01 9.97682000e-01 -5.14001000e-02 1.44048000e-02 -2.25904000e-02 -6.58050000e-02
4.53437000e+01 9.95842000e-01 -3.63853000e-02 5.14425000e-03 -2.60968000e-02 -4.15296000e-02
4.54484000e+01 9.94069000e-01 -3.04623000e-02 -8.41406000e-04 -3.21451000e-02 -2.96209000e-02
4.55531000e+01 9.92381000e-01 -2.97431000e-02 -7.11850000e-03 -4.39801000e-02 -2.26246000e-02
4.56578000e+01 9.90796000e-01 -3.70727000e-02 -1.90058000e-02 -7.50843000e-02 -1.80668000e-02
4.57625000e+01 9.89329000e-01 -1.21911000e-01 -1.07019000e-01 -3.35949000e-01 -1.48914000e-02
4.58673000e+01 9.87995000e-01 3.25093000e-02 4.50816000e-02 1.22673000e-01 -1.25722000e-02
4.59720000e+01 9.86806000e-01 9.51972000e-03 2.03379000e-02 5.01956000e-02 -1.08182000e-02
4.60767000e+01 9.85773000e-01 4.05407000e-03 1.35097000e-02 3.10735000e-02 -9.45565000e-03
4.61814000e+01 9.84907000e-01 1.86199000e-03 1.02366000e-02 2.23352000e-02 -8.37460000e-03
4.62861000e+01 9.84213000e-01 7.92412000e-04 8.29470000e-03 1.73818000e-02 -7.50229000e-03
4.63909000e+01 9.83698000e-01 2.16215000e-04 7.00496000e-03 1.42261000e-02 -6.78875000e-03
4.64956000e+01 9.83366000e-01 -1.11061000e-04 6.08752000e-03 1.20640000e-02 -6.19858000e-03
4.66003000e+01 9.83218000e-01 -3.01228000e-04 5.40489000e-03 1.05086000e-02 -5.70612000e-03
4.67050000e+01 9.83254000e-01 -4.11140000e-04 4.88118000e-03 9.35122000e-03 -5.29232000e-03
4.68097000e+01 9.83472000e-01 -4.71918000e-04 4.47093000e-03 8.46994000e-03 -4.94285000e-03
4.69145000e+01 9.83869000e-01 -5.01519000e-04 4.14520000e-03 7.78889000e-03 -4.64672000e-03
4.70192000e+01 9.84439000e-01 -5.10689000e-04 3.88476000e-03 7.25882000e-03 -4.39545000e-03
4.71239000e+01 9.85176000e-01 -5.06011000e-04 3.67638000e-03 6.84675000e-03 -4.18239000e-03
4.72286000e+01 9.86069000e-01 -4.91537000e-04 3.51081000e-03 6.53009000e-03 -4.00235000e-03
4.73333000e+01 9.87110000e-01 -4.69706000e-04 3.38153000e-03 6.29335000e-03 -3.85123000e-03
4.74380000e+01 9.88285000e-01 -4.41873000e-04 3.28396000e-03 6.12605000e-03 -3.72584000e-03
4.75428000e+01 9.89582000e-01 -4.08601000e-04 3.21507000e-03 6.02154000e-03 -3.62367000e-03
4.76475000e+01 9.90986000e-01 -3.69818000e-04 3.17305000e-03 5.97628000e-03 -3.54287000e-03
4.77522000e+01 9.92481000e-01 -3.24863000e-04 3.15720000e-03 5.98954000e-03 -3.48206000e-03
4.78569000e+01 9.94052000e-01 -2.72447000e-04 3.16793000e-03 6.06342000e-03 -3.44038000e-03
4.79616000e+01 9.95679000e-01 -2.10521000e-04 3.20686000e-03 6.20319000e-03 -3.41738000e-03
4.80664000e+01 9.97345000e-01 -1.36008000e-04 3.27705000e-03 6.41809000e-03 -3.41306000e-03
4.81711000e+01 9.99033000e-01 -4.43354000e-05 3.38354000e-03 6.72275000e-03 -3.42788000e-03
4.82758000e+01 1.00072000e+00 7.13707000e-05 3.53417000e-03 7.13972000e-03 -3.46280000e-03
4.83805000e+01 1.00239000e+00 2.21731000e-04 3.74112000e-03 7.70398000e-03 -3.51939000e-03
4.84852000e+01 1.00403000e+00 4.23808000e-04 4.02373000e-03 8.47127000e-03 -3.59992000e-03
4.85900000e+01 1.00561000e+00 7.06499000e-04 4.41409000e-03 9.53467000e-03 -3.70759000e-03
4.86947000e+01 1.00712000e+00 1.12228000e-03 4.96907000e-03 1.10604000e-02 -3.84679000e-03
4.87994000e+01 1.00854000e+00 1.77604000e-03 5.79962000e-03 1.33753000e-02 -4.02357000e-03
4.89041000e+01 1.00985000e+00 2.90893000e-03 7.15525000e-03 1.72194000e-02 -4.24632000e-03
4.90088000e+01 1.01105000e+00 5.21461000e-03 9.74141000e-03 2.46974000e-02 -4.52680000e-03
4.91136000e+01 1.01211000e+00 1.17771000e-02 1.66590000e-02 4.50951000e-02 -4.88195000e-03
4.92183000e+01 1.01303000e+00 9.73716000e-02 1.02708000e-01 3.02788000e-01 -5.33684000e-03
4.93230000e+01 1.01379000e+00 -2.48568000e-02 -1.89268000e-02 -6.27103000e-02 -5.93006000e-03
4.94277000e+01 1.01439000e+00 -1.39036000e-02 -7.17947000e-03 -2.82625000e-02 -6.72410000e-03
4.95324000e+01 1.01482000e+00 -1.12993000e-02 -3.47249000e-03 -1.82443000e-02 -7.82683000e-03
4.96372000e+01 1.01508000e+00 -1.07968000e-02 -1.35512000e-03 -1.35070000e-02 -9.44165000e-03
4.97419000e+01 1.01516000e+00 -1.15917000e-02 4.11079000e-04 -1.07695000e-02 -1.20028000e-02
4.98466000e+01 1.01507000e+00 -1.40885000e-02 2.54258000e-03 -9.00338000e-03 -1.66311000e-02
4.99513000e+01 1.01481000e+00 -2.08464000e-02 6.53164000e-03 -7.78314000e-03 -2.73780000e-02
5.00560000e+01 1.01438000e+00 -5.48635000e-02 2.39812000e-02 -6.90120000e-03 -7.88447000e-02
5.01608000e+01 1.01379000e+00 5.73562000e-02 -3.18003000e-02 -6.24448000e-03 8.91565000e-02
5.02655000e+01 1.01305000e+00 1.71403000e-02 -1.14433000e-02 -5.74641000e-03 2.85836000e-02
5.03702000e+01 1.01217000e+00 9.62064000e-03 -7.49309000e-03 -5.36553000e-03 1.71137000e-02
5.04749000e+01 1.01115000e+00 6.50171000e-03 -5.78835000e-03 -5.07500000e-03 1.22901000e-02
5.05796000e+01 1.01002000e+00 4.81636000e-03 -4.83669000e-03 -4.85701000e-03 9.65305000e-03
5.06844000e+01 1.00879000e+00 3.76998000e-03 -4.23486000e-03 -4.69973000e-03 8.00484000e-03
5.07891000e+01 1.00746000e+00 3.06052000e-03 -3.82802000e-03 -4.59552000e-03 6.88854000e-03
5.08938000e+01 1.00607000e+00 2.54821000e-03 -3.54403000e-03 -4.53986000e-03 6.09224000e-03
5.09985000e+01 1.00462000e+00 2.15937000e-03 -3.34512000e-03 -4.53087000e-03 5.50450000e-03
5.11032000e+01 1.00313000e+00 1.85116000e-03 -3.21014000e-03 -4.56913000e-03 5.06130000e-03
5.12080000e+01 1.00162000e+00 1.59645000e-03 -3.12711000e-03 -4.65777000e-03 4.72356000e-03
5.13127000e+01 1.00011000e+00 1.37651000e-03 -3.08976000e-03 -4.80302000e-03 4.46628000e-03
5.14174000e+01 9.98610000e-01 1.17699000e-03 -3.09610000e-03 -5.01521000e-03 4.27309000e-03
5.15221000e+01 9.97140000e-01 9.85241000e-04 -3.14793000e-03 -5.31061000e-03 4.13317000e-03
5.16268000e+01 9.95717000e-01 7.88089000e-04 -3.25143000e-03 -5.71478000e-03 4.03952000e-03
5.17316000e+01 9.94354000e-01 5.69092000e-04 -3.41894000e-03 -6.26879000e-03 3.98804000e-03
5.18363000e+01 9.93066000e-01 3.04020000e-04 -3.67291000e-03 -7.04180000e-03 3.97693000e-03
5.19410000e+01 9.91866000e-01 -4.83886000e-05 -4.05500000e-03 -8.15838000e-03 4.00661000e-03
5.20457000e+01 9.90767000e-01 -5.68912000e-04 -4.64866000e-03 -9.86623000e-03 4.07975000e-03
5.21504000e+01 9.89780000e-01 -1.44408000e-03 -5.64586000e-03 -1.27358000e-02 4.20178000e-03
5.22552000e+01 9.88913000e-01 -3.22395000e-03 -7.60572000e-03 -1.84354000e-02 4.38177000e-03
5.23599000e+01 9.88175000e-01 -8.51373000e-03 -1.31479000e-02 -3.48095000e-02 4.63416000e-03
5.24646000e+01 9.87574000e-01 -1.49201000e-01 -1.54183000e-01 -4.57568000e-01 4.98183000e-03
5.25693000e+01 9.87113000e-01 1.68922000e-02 1.14301000e-02 3.97525000e-02 5.46207000e-03
5.26740000e+01 9.86797000e-01 1.03751000e-02 4.23651000e-03 1.88482000e-02 6.13863000e-03
5.27788000e+01 9.86628000e-01 8.85451000e-03 1.72552000e-03 1.23056000e-02 7.12898000e-03
5.28835000e+01 9.86608000e-01 8.82631000e-03 1.52102000e-04 9.13051000e-03 8.67421000e-03
5.29882000e+01 9.86733000e-01 9.99456000e-03 -1.36269000e-03 7.26917000e-03 1.13573000e-02
5.30929000e+01 9.87004000e-01 1.33768000e-02 -3.66045000e-03 6.05587000e-03 1.70372000e-02
5.31976000e+01 9.87415000e-01 2.61004000e-02 -1.04452000e-02 5.21000000e-03 3.65457000e-02
5.33024000e+01 9.87962000e-01 -1.13600000e-01 5.90967000e-02 4.59292000e-03 -1.72697000e-01
5.34071000e+01 9.88638000e-01 -1.50456000e-02 9.58699000e-03 4.12836000e-03 -2.46326000e-02
5.35118000e+01 9.89435000e-01 -7.41511000e-03 5.59307000e-03 3.77103000e-03 -1.30082000e-02
5.36165000e+01 9.90344000e-01 -4.66162000e-03 4.07704000e-03 3.49245000e-03 -8.73866000e-03
5.37212000e+01 9.91354000e-01 -3.26385000e-03 3.26890000e-03 3.27396000e-03 -6.53275000e-03
5.38260000e+01 9.92455000e-01 -2.42728000e-03 2.76510000e-03 3.10293000e-03 -5.19239000e-03
5.39307000e+01 9.93633000e-01 -1.87388000e-03 2.42229000e-03 2.97069000e-03 -4.29617000e-03
5.40354000e+01 9.94876000e-01 -1.48148000e-03 2.17637000e-03 2.87127000e-03 -3.65785000e-03
5.41401000e+01 9.96170000e-01 -1.18807000e-03 1.99434000e-03 2.80062000e-03 -3.18241000e-03
5.42448000e+01 9.97500000e-01 -9.58818000e-04 1.85751000e-03 2.75621000e-03 -2.81633000e-03
5.43496000e+01 9.98851000e-01 -7.72544000e-04 1.75464000e-03 2.73674000e-03 -2.52718000e-03
5.44543000e+01 1.00021000e+00 -6.15441000e-04 1.67874000e-03 2.74204000e-03 -2.29418000e-03
5.45590000e+01 1.00156000e+00 -4.77892000e-04 1.62551000e-03 2.77313000e-03 -2.10340000e-03
5.46637000e+01 1.00288000e+00 -3.52674000e-04 1.59250000e-03 2.83233000e-03 -1.94518000e-03
5.47684000e+01 1.00417000e+00 -2.33842000e-04 1.57874000e-03 2.92364000e-03 -1.81258000e-03
5.48732000e+01 1.00540000e+00 -1.15916000e-04 1.58464000e-03 3.05336000e-03 -1.70055000e-03
5.49779000e+01 1.00657000e+00 6.86688000e-06 1.61215000e-03 3.23116000e-03 -1.60528000e-03
5.50826000e+01 1.00765000e+00 1.41441000e-04 1.66531000e-03 3.47207000e-03 -1.52387000e-03
5.51873000e+01 1.00865000e+00 2.97290000e-04 1.75137000e-03 3.80003000e-03 -1.45408000e-03
5.52920000e+01 1.00954000e+00 4.88954000e-04 1.88310000e-03 4.25515000e-03 -1.39414000e-03
5.53968000e+01 1.01031000e+00 7.41329000e-04 2.08400000e-03 4.90933000e-03 -1.34267000e-03
5.55015000e+01 1.01097000e+00 1.10255000e-03 2.40109000e-03 5.90472000e-03 -1.29854000e-03
5.56062000e+01 1.01149000e+00 1.68150000e-03 2.94235000e-03 7.56620000e-03 -1.26085000e-03
5.57109000e+01 1.01189000e+00 2.79136000e-03 4.02023000e-03 1.08318000e-02 -1.22887000e-03
5.58156000e+01 1.01214000e+00 5.86069000e-03 7.06270000e-03 1.99861000e-02 -1.20200000e-03
5.59203000e+01 1.01226000e+00 5.93124000e-02 6.04921000e-02 1.80297000e-01 -1.17976000e-03
5.60251000e+01 1.01223000e+00 -8.92679000e-03 -7.76504000e-03 -2.44569000e-02 -1.16175000e-03
5.61298000e+01 1.01207000e+00 -4.51057000e-03 -3.36293000e-03 -1.12364000e-02 -1.14764000e-03
5.62345000e+01 1.01177000e+00 -3.16504000e-03 -2.02786000e-03 -7.22077000e-03 -1.13718000e-03
5.63392000e+01 1.01133000e+00 -2.51647000e-03 -1.38632000e-03 -5.28912000e-03 -1.13015000e-03
5.64439000e+01 1.01078000e+00 -2.13740000e-03 -1.01100000e-03 -4.15940000e-03 -1.12640000e-03
5.65487000e+01 1.01010000e+00 -1.89119000e-03 -7.65407000e-04 -3.42201000e-03 -1.12579000e-03
5.66534000e+01 1.00931000e+00 -1.72069000e-03 -5.92452000e-04 -2.90559000e-03 -1.12823000e-03
5.67581000e+01 1.00843000e+00 -1.59774000e-03 -4.64058000e-04 -2.52585000e-03 -1.13368000e-03
5.68628000e+01 1.00746000e+00 -1.50689000e-03 -3.64809000e-04 -2.23651000e-03 -1.14208000e-03
5.69675000e+01 1.00641000e+00 -1.43899000e-03 -2.85540000e-04 -2.01007000e-03 -1.15345000e-03
5.70723000e+01 1.00529000e+00 -1.38824000e-03 -2.20461000e-04 -1.82916000e-03 -1.16778000e-03
5.71770000e+01 1.00413000e+00 -1.35085000e-03 -1.65731000e-04 -1.68231000e-03 -1.18512000e-03
5.72817000e+01 1.00293000e+00 -1.32422000e-03 -1.18703000e-04 -1.56163000e-03 -1.20552000e-03
5.73864000e+01 1.00170000e+00 -1.30654000e-03 -7.74872000e-05 -1.46151000e-03 -1.22905000e-03
5.74911000e+01 1.00047000e+00 -1.29650000e-03 -4.07011000e-05 -1.37790000e-03 -1.25580000e-03
5.75959000e+01 9.99240000e-01 -1.29318000e-03 -7.30482000e-06 -1.30779000e-03 -1.28588000e-03
5.77006000e+01 9.98030000e-01 -1.29589000e-03 2.34990000e-05 -1.24889000e-03 -1.31939000e-03
5.78053000e+01 9.96852000e-01 -1.30413000e-03 5.23329000e-05 -1.19947000e-03 -1.35646000e-03
5.79100000e+01 9.95718000e-01 -1.31754000e-03 7.96902000e-05 -1.15816000e-03 -1.39723000e-03
5.80147000e+01 9.94641000e-01 -1.33586000e-03 1.05966000e-04 -1.12392000e-03 -1.44182000e-03
5.81195000e+01 9.93632000e-01 -1.35889000e-03 1.31478000e-04 -1.09594000e-03 -1.49037000e-03
5.82242000e+01 9.92701000e-01 -1.38652000e-03 1.56481000e-04 -1.07356000e-03 -1.54300000e-03
5.83289000e+01 9.91858000e-01 -1.41864000e-03 1.81179000e-04 -1.05628000e-03 -1.59982000e-03
5.84336000e+01 9.91111000e-01 -1.45518000e-03 2.05726000e-04 -1.04373000e-03 -1.66091000e-03
5.85383000e+01 9.90467000e-01 -1.49610000e-03 2.30233000e-04 -1.03563000e-03 -1.72633000e-03
5.86431000e+01 9.89933000e-01 -1.54132000e-03 2.54769000e-04 -1.03178000e-03 -1.79608000e-03
5.87478000e+01 9.89514000e-01 -1.59077000e-03 2.79355000e-04 -1.03206000e-03 -1.87012000e-03
5.88525000e+01 9.89212000e-01 -1.64434000e-03 3.03968000e-04 -1.03641000e-03 -1.94831000e-03
5.89572000e+01 9.89032000e-01 -1.70191000e-03 3.28530000e-04 -1.04485000e-03 -2.03044000e-03
5.90619000e+01 9.88973000e-01 -1.76328000e-03 3.52910000e-04 -1.05746000e-03 -2.11619000e-03
5.91667000e+01 9.89035000e-01 -1.82821000e-03 3.76913000e-04 -1.07438000e-03 -2.20512000e-03
5.92714000e+01 9.89218000e-01 -1.89637000e-03 4.00278000e-04 -1.09581000e-03 -2.29665000e-03
5.93761000e+01 9.89519000e-01 -1.96738000e-03 4.22673000e-04 -1.12204000e-03 -2.39005000e-03
5.94808000e+01 9.89933000e-01 -2.04079000e-03 4.43691000e-04 -1.15340000e-03 -2.48448000e-03
5.95855000e+01 9.90456000e-01 -2.11606000e-03 4.62851000e-04 -1.19036000e-03 -2.57891000e-03
5.96903000e+01 9.91082000e-01 -2.19263000e-03 4.79599000e-04 -1.23343000e-03 -2.67223000e-03
5.97950000e+01 9.91803000e-01 -2.26989000e-03 4.93312000e-04 -1.28327000e-03 -2.76321000e-03
5.98997000e+01 9.92611000e-01 -2.34726000e-03 5.03306000e-04 -1.34064000e-03 -2.85056000e-03
6.00044000e+01 9.93497000e-01 -2.42417000e-03 5.08847000e-04 -1.40648000e-03 -2.93302000e-03
6.01091000e+01 9.94451000e-01 -2.50017000e-03 5.09161000e-04 -1.48185000e-03 -3.00933000e-03
6.02139000e+01 9.95462000e-01 -2.57494000e-03 5.03449000e-04 -1.56804000e-03 -3.07839000e-03
6.03186000e+01 9.96519000e-01 -2.64835000e-03 4.90893000e-04 -1.66656000e-03 -3.13924000e-03
6.04233000e+01 9.97610000e-01 -2.72050000e-03 4.70669000e-04 -1.77917000e-03 -3.19117000e-03
6.05280000e+01 9.98724000e-01 -2.79179000e-03 4.41947000e-04 -1.90789000e-03 -3.23374000e-03
6.06327000e+01 9.99846000e-01 -2.86287000e-03 4.03890000e-04 -2.05509000e-03 -3.26676000e-03
6.07375000e+01 1.00097000e+00 -2.93472000e-03 3.55656000e-04 -2.22341000e-03 -3.29038000e-03
6.08422000e+01 1.00207000e+00 -3.00858000e-03 2.96404000e-04 -2.41578000e-03 -3.30499000e-03
6.09469000e+01 1.00315000e+00 -3.08593000e-03 2.25305000e-04 -2.63532000e-03 -3.31124000e-03
6.10516000e+01 1.00418000e+00 -3.16838000e-03 1.41599000e-04 -2.88518000e-03 -3.30998000e-03
6.11563000e+01 1.00517000e+00 -3.25750000e-03 4.46866000e-05 -3.16813000e-03 -3.30219000e-03
6.12611000e+01 1.00609000e+00 -3.35465000e-03 -6.56856000e-05 -3.48602000e-03 -3.28896000e-03
6.13658000e+01 1.00694000e+00 -3.46057000e-03 -1.89138000e-04 -3.83884000e-03 -3.27143000e-03
6.14705000e+01 1.00770000e+00 -3.57496000e-03 -3.24228000e-04 -4.22341000e-03 -3.25073000e-03
6.15752000e+01 1.00838000e+00 -3.69585000e-03 -4.67892000e-04 -4.63164000e-03 -3.22796000e-03
6.16799000e+01 1.00896000e+00 -3.81902000e-03 -6.14849000e-04 -5.04872000e-03 -3.20417000e-03
6.17847000e+01 1.00943000e+00 -3.93750000e-03 -7.57174000e-04 -5.45185000e-03 -3.18033000e-03
6.18894000e+01 1.00979000e+00 -4.04173000e-03 -8.84425000e-04 -5.81058000e-03 -3.15731000e-03
6.19941000e+01 1.01004000e+00 -4.12062000e-03 -9.84711000e-04 -6.09004000e-03 -3.13591000e-03
6.20988000e+01 1.01018000e+00 -4.16371000e-03 -1.04687000e-03 -6.25744000e-03 -3.11684000e-03
6.22035000e+01 1.01020000e+00 -4.16396000e-03 -1.06323000e-03 -6.29043000e-03 -3.10073000e-03
6.23083000e+01 1.01010000e+00 -4.12006000e-03 -1.03193000e-03 -6.18392000e-03 -3.08814000e-03
6.24130000e+01 1.00989000e+00 -4.03696000e-03 -9.57394000e-04 -5.95174000e-03 -3.07956000e-03
6.25177000e+01 1.00957000e+00 -3.92441000e-03 -8.48965000e-04 -5.62234000e-03 -3.07545000e-03
6.26224000e+01 1.00914000e+00 -3.79436000e-03 -7.18161000e-04 -5.23068000e-03 -3.07620000e-03
6.27271000e+01 1.00861000e+00 -3.65828000e-03 -5.76068000e-04 -4.81041000e-03 -3.08221000e-03
6.28319000e+01 1.00798000e+00 -3.52547000e-03 -4.31641000e-04 -4.38875000e-03 -3.09383000e-03
6.29366000e+01 1.00727000e+00 -3.40252000e-03 -2.91103000e-04 -3.98473000e-03 -3.11142000e-03
6.30413000e+01 1.00649000e+00 -3.29347000e-03 -1.58141000e-04 -3.60976000e-03 -3.13533000e-03
6.31460000e+01 1.00563000e+00 -3.20039000e-03 -3.44582000e-05 -3.26930000e-03 -3.16593000e-03
6.32507000e+01 1.00472000e+00 -3.12398000e-03 7.96105000e-05 -2.96475000e-03 -3.20359000e-03
6.33555000e+01 1.00376000e+00 -3.06412000e-03 1.84577000e-04 -2.69497000e-03 -3.24870000e-03
6.34602000e+01 1.00277000e+00 -3.02028000e-03 2.81421000e-04 -2.45743000e-03 -3.30170000e-03
6.35649000e+01 1.00175000e+00 -2.99170000e-03 3.71335000e-04 -2.24903000e-03 -3.36303000e-03
6.36696000e+01 1.00072000e+00 -2.97763000e-03 4.55570000e-04 -2.06649000e-03 -3.43320000e-03
6.37743000e+01 9.99686000e-01 -2.97737000e-03 5.35347000e-04 -1.90668000e-03 -3.51272000e-03
6.38791000e+01 9.98665000e-01 -2.99035000e-03 6.11817000e-04 -1.76671000e-03 -3.60217000e-03
6.39838000e+01 9.97666000e-01 -3.01611000e-03 6.86039000e-04 -1.64403000e-03 -3.70214000e-03
6.40885000e+01 9.96700000e-01 -3.05432000e-03 7.58976000e-04 -1.53637000e-03 -3.81329000e-03
6.41932000e+01 9.95778000e-01 -3.10478000e-03 8.31503000e-04 -1.44178000e-03 -3.93629000e-03
6.42979000e+01 9.94908000e-01 -3.16740000e-03 9.04409000e-04 -1.35859000e-03 -4.07181000e-03
6.44026000e+01 9.94101000e-01 -3.24216000e-03 9.78404000e-04 -1.28535000e-03 -4.22056000e-03
6.45074000e+01 9.93365000e-01 -3.32910000e-03 1.05412000e-03 -1.22085000e-03 -4.38322000e-03
6.46121000e+01 9.92707000e-01 -3.42829000e-03 1.13213000e-03 -1.16404000e-03 -4.56042000e-03
6.47168000e+01 9.92134000e-01 -3.53982000e-03 1.21290000e-03 -1.11402000e-03 -4.75272000e-03
6.48215000e+01 9.91651000e-01 -3.66371000e-03 1.29683000e-03 -1.07006000e-03 -4.96053000e-03
6.49262000e+01 9.91263000e-01 -3.79989000e-03 1.38420000e-03 -1.03149000e-03 -5.18409000e-03
6.50310000e+01 9.90974000e-01 -3.94817000e-03 1.47519000e-03 -9.97790000e-04 -5.42335000e-03
6.51357000e+01 9.90786000e-01 -4.10810000e-03 1.56981000e-03 -9.68482000e-04 -5.67791000e-03
6.52404000e+01 9.90701000e-01 -4.27900000e-03 1.66791000e-03 -9.43182000e-04 -5.94690000e-03
6.53451000e+01 9.90719000e-01 -4.45978000e-03 1.76911000e-03 -9.21560000e-04 -6.22889000e-03
6.54498000e+01 9.90839000e-01 -4.64893000e-03 1.87279000e-03 -9.03345000e-04 -6.52172000e-03
6.55546000e+01 9.91059000e-01 -4.84442000e-03 1.97806000e-03 -8.88311000e-04 -6.82248000e-03
6.56593000e+01 9.91378000e-01 -5.04367000e-03 2.08370000e-03 -8.76274000e-04 -7.12736000e-03
6.57640000e+01 9.91789000e-01 -5.24347000e-03 2.18819000e-03 -8.67091000e-04 -7.43166000e-03
6.58687000e+01 9.92290000e-01 -5.44008000e-03 2.28971000e-03 -8.60653000e-04 -7.72979000e-03
6.59734000e+01 9.92874000e-01 -5.62927000e-03 2.38619000e-03 -8.56884000e-04 -8.01546000e-03
6.60782000e+01 9.93534000e-01 -5.80648000e-03 2.47537000e-03 -8.55740000e-04 -8.28186000e-03
6.61829000e+01 9.94263000e-01 -5.96709000e-03 2.55494000e-03 -8.57206000e-04 -8.52203000e-03
6.62876000e+01 9.95052000e-01 -6.10663000e-03 2.62267000e-03 -8.61300000e-04 -8.72930000e-03
6.63923000e+01 9.95894000e-01 -6.22120000e-03 2.67657000e-03 -8.68070000e-04 -8.89777000e-03
6.64970000e+01 9.96777000e-01 -6.30772000e-03 2.71506000e-03 -8.77595000e-04 -9.02279000e-03
6.66018000e+01 9.97694000e-01 -6.36421000e-03 2.73711000e-03 -8.89990000e-04 -9.10132000e-03
6.67065000e+01 9.98632000e-01 -6.38997000e-03 2.74228000e-03 -9.05410000e-04 -9.13225000e-03
6.68112000e+01 9.99582000e-01 -6.38562000e-03 2.73078000e-03 -9.24049000e-04 -9.11640000e-03
6.69159000e+01 1.00053000e+00 -6.35302000e-03 2.70344000e-03 -9.46151000e-04 -9.05646000e-03
6.70206000e+01 1.00148000e+00 -6.29511000e-03 2.66155000e-03 -9.72016000e-04 -8.95666000e-03
6.71254000e+01 1.00240000e+00 -6.21560000e-03 2.60680000e-03 -1.00201000e-03 -8.82239000e-03
6.72301000e+01 1.00329000e+00 -6.11869000e-03 2.54107000e-03 -1.03656000e-03 -8.65976000e-03
6.73348000e+01 1.00414000e+00 -6.00883000e-03 2.46630000e-03 -1.07622000e-03 -8.47513000e-03
6.74395000e+01 1.00494000e+00 -5.89037000e-03 2.38437000e-03 -1.12163000e-03 -8.27475000e-03
6.75442000e+01 1.00568000e+00 -5.76749000e-03 2.29696000e-03 -1.17357000e-03 -8.06445000e-03
6.76490000e+01 1.00636000e+00 -5.64398000e-03 2.20549000e-03 -1.23300000e-03 -7.84947000e-03
6.77537000e+01 1.00696000e+00 -5.52325000e-03 2.11107000e-03 -1.30110000e-03 -7.63432000e-03
6.78584000e+01 1.00748000e+00 -5.40828000e-03 2.01448000e-03 -1.37932000e-03 -7.42276000e-03
6.79631000e+01 1.00791000e+00 -5.30170000e-03 1.91611000e-03 -1.46947000e-03 -7.21781000e-03
6.80678000e+01 1.00825000e+00 -5.20585000e-03 1.81600000e-03 -1.57385000e-03 -7.02185000e-03
6.81726000e+01 1.00849000e+00 -5.12289000e-03 1.71376000e-03 -1.69536000e-03 -6.83665000e-03
6.82773000e+01 1.00864000e+00 -5.05493000e-03 1.60857000e-03 -1.83780000e-03 -6.66350000e-03
6.83820000e+01 1.00869000e+00 -5.00422000e-03 1.49906000e-03 -2.00610000e-03 -6.50327000e-03
6.84867000e+01 1.00864000e+00 -4.97332000e-03 1.38319000e-03 -2.20693000e-03 -6.35651000e-03
6.85914000e+01 1.00850000e+00 -4.96547000e-03 1.25805000e-03 -2.44938000e-03 -6.22352000e-03
6.86962000e+01 1.00825000e+00 -4.98501000e-03 1.11939000e-03 -2.74623000e-03 -6.10439000e-03
6.88009000e+01 1.00792000e+00 -5.03807000e-03 9.61039000e-04 -3.11599000e-03 -5.99911000e-03
6.89056000e+01 1.00750000e+00 -5.13385000e-03 7.73685000e-04 -3.58648000e-03 -5.90753000e-03
6.90103000e+01 1.00699000e+00 -5.28682000e-03 5.42664000e-04 -4.20149000e-03 -5.82948000e-03
6.91150000e+01 1.00641000e+00 -5.52119000e-03 2.43538000e-04 -5.03412000e-03 -5.76473000e-03
6.92198000e+01 1.00576000e+00 -5.88070000e-03 -1.67664000e-04 -6.21603000e-03 -5.71304000e-03
6.93245000e+01 1.00505000e+00 -6.45300000e-03 -7.78848000e-04 -8.01070000e-03 -5.67416000e-03
6.94292000e+01 1.00429000e+00 -7.44291000e-03 -1.79505000e-03 -1.10330000e-02 -5.64786000e-03
6.95339000e+01 1.00348000e+00 -9.46493000e-03 -3.83100000e-03 -1.71269000e-02 -5.63393000e-03
6.96386000e+01 1.00264000e+00 -1.55884000e-02 -9.95622000e-03 -3.55008000e-02 -5.63216000e-03
6.97434000e+01 1.00178000e+00 -7.06319000e+00 -7.05755000e+00 -2.11783000e+01 -5.64237000e-03
6.98481000e+01 1.00090000e+00 9.08136000e-03 1.47458000e-02 3.85729000e-02 -5.66439000e-03
6.99528000e+01 1.00001000e+00 2.90635000e-03 8.60441000e-03 2.01152000e-02 -5.69806000e-03
7.00575000e+01 9.99133000e-01 8.46201000e-04 6.58942000e-03 1.40251000e-02 -5.74322000e-03
7.01622000e+01 9.98269000e-01 -1.90735000e-04 5.60899000e-03 1.10272000e-02 -5.79973000e-03
7.02670000e+01 9.97429000e-01 -8.21666000e-04 5.04573000e-03 9.26979000e-03 -5.86740000e-03
7.03717000e+01 9.96623000e-01 -1.25195000e-03 4.69408000e-03 8.13621000e-03 -5.94603000e-03
7.04764000e+01 9.95860000e-01 -1.56930000e-03 4.46607000e-03 7.36285000e-03 -6.03537000e-03
7.05811000e+01 9.95147000e-01 -1.81727000e-03 4.31785000e-03 6.81844000e-03 -6.13512000e-03
7.06858000e+01 9.94491000e-01 -2.01975000e-03 4.22515000e-03 6.43055000e-03 -6.24490000e-03
7.07906000e+01 9.93901000e-01 -2.19072000e-03 4.17349000e-03 6.15627000e-03 -6.36421000e-03
7.08953000e+01 9.93382000e-01 -2.33868000e-03 4.15378000e-03 5.96889000e-03 -6.49246000e-03
7.10000000e+01 9.92938000e-01 -2.46886000e-03 4.16004000e-03 5.85121000e-03 -6.62890000e-03
7.11047000e+01 9.92575000e-01 -2.58441000e-03 4.18821000e-03 5.79202000e-03 -6.77262000e-03
7.12094000e+01 9.92296000e-01 -2.68700000e-03 4.23553000e-03 5.78407000e-03 -6.92254000e-03
7.13142000e+01 9.92104000e-01 -2.77730000e-03 4.30008000e-03 5.82286000e-03 -7.07738000e-03
7.14189000e+01 9.92000000e-01 -2.85512000e-03 4.38055000e-03 5.90598000e-03 -7.23567000e-03
7.15236000e+01 9.91985000e-01 -2.91964000e-03 4.47613000e-03 6.03261000e-03 -7.39576000e-03
7.16283000e+01 9.92058000e-01 -2.96943000e-03 4.58638000e-03 6.20334000e-03 -7.55581000e-03
7.17330000e+01 9.92219000e-01 -3.00257000e-03 4.71127000e-03 6.41996000e-03 -7.71384000e-03
7.18378000e+01 9.92465000e-01 -3.01669000e-03 4.85108000e-03 6.68547000e-03 -7.86777000e-03
7.19425000e+01 9.92794000e-01 -3.00896000e-03 5.00652000e-03 7.00408000e-03 -8.01548000e-03
7.20472000e+01 9.93200000e-01 -2.97617000e-03 5.17872000e-03 7.38126000e-03 -8.15489000e-03
7.21519000e+01 9.93681000e-01 -2.91471000e-03 5.36930000e-03 7.82390000e-03 -8.28401000e-03
7.22566000e+01 9.94230000e-01 -2.82059000e-03 5.58050000e-03 8.34042000e-03 -8.40109000e-03
7.23614000e+01 9.94840000e-01 -2.68944000e-03 5.81521000e-03 8.94097000e-03 -8.50465000e-03
7.24661000e+01 9.95506000e-01 -2.51651000e-03 6.07708000e-03 9.63764000e-03 -8.59359000e-03
7.25708000e+01 9.96220000e-01 -2.29663000e-03 6.37064000e-03 1.04446000e-02 -8.66726000e-03
7.26755000e+01 9.96973000e-01 -2.02418000e-03 6.70132000e-03 1.13785000e-02 -8.72550000e-03
7.27802000e+01 9.97757000e-01 -1.69315000e-03 7.07550000e-03 1.24578000e-02 -8.76865000e-03
7.28849000e+01 9.98563000e-01 -1.29716000e-03 7.50040000e-03 1.37036000e-02 -8.79756000e-03
7.29897000e+01 9.99383000e-01 -8.29675000e-04 7.98388000e-03 1.51381000e-02 -8.81356000e-03
7.30944000e+01 1.00021000e+00 -2.84416000e-04 8.53401000e-03 1.67836000e-02 -8.81842000e-03
7.31991000e+01 1.00103000e+00 3.43903000e-04 9.15819000e-03 1.86603000e-02 -8.81429000e-03
7.33038000e+01 1.00183000e+00 1.05835000e-03 9.86194000e-03 2.07822000e-02 -8.80360000e-03
7.34085000e+01 1.00261000e+00 1.85792000e-03 1.06470000e-02 2.31518000e-02 -8.78903000e-03
7.35133000e+01 1.00336000e+00 2.73509000e-03 1.15085000e-02 2.57522000e-02 -8.77346000e-03
7.36180000e+01 1.00407000e+00 3.67286000e-03 1.24327000e-02 2.85383000e-02 -8.75987000e-03
7.37227000e+01 1.00473000e+00 4.64211000e-03 1.33935000e-02 3.14290000e-02 -8.75135000e-03
7.38274000e+01 1.00534000e+00 5.60040000e-03 1.43515000e-02 3.43034000e-02 -8.75111000e-03
7.39321000e+01 1.00588000e+00 6.49378000e-03 1.52562000e-02 3.70062000e-02 -8.76243000e-03
7.40369000e+01 1.00635000e+00 7.26289000e-03 1.60516000e-02 3.93662000e-02 -8.78876000e-03
7.41416000e+01 1.00676000e+00 7.85294000e-03 1.66867000e-02 4.12264000e-02 -8.83377000e-03
7.42463000e+01 1.00708000e+00 8.22495000e-03 1.71264000e-02 4.24777000e-02 -8.90144000e-03
7.43510000e+01 1.00732000e+00 8.36385000e-03 1.73601000e-02 4.30840000e-02 -8.99623000e-03
7.44557000e+01 1.00748000e+00 8.28022000e-03 1.74034000e-02 4.30871000e-02 -9.12323000e-03
7.45605000e+01 1.00755000e+00 8.00514000e-03 1.72936000e-02 4.25924000e-02 -9.28848000e-03
7.46652000e+01 1.00754000e+00 7.58091000e-03 1.70802000e-02 4.17414000e-02 -9.49931000e-03
7.47699000e+01 1.00744000e+00 7.05141000e-03 1.68163000e-02 4.06839000e-02 -9.76485000e-03
7.48746000e+01 1.00726000e+00 6.45489000e-03 1.65517000e-02 3.95583000e-02 -1.00968000e-02
7.49793000e+01 1.00699000e+00 5.81998000e-03 1.63305000e-02 3.84809000e-02 -1.05105000e-02
7.50841000e+01 1.00665000e+00 5.16423000e-03 1.61908000e-02 3.75458000e-02 -1.10266000e-02
7.51888000e+01 1.00624000e+00 4.49391000e-03 1.61676000e-02 3.68290000e-02 -1.16737000e-02
7.52935000e+01 1.00576000e+00 3.80381000e-03 1.62965000e-02 3.63968000e-02 -1.24927000e-02
7.53982000e+01 1.00521000e+00 3.07551000e-03 1.66198000e-02 3.63151000e-02 -1.35443000e-02
7.55029000e+01 1.00461000e+00 2.27240000e-03 1.71949000e-02 3.66622000e-02 -1.49225000e-02
7.56077000e+01 1.00396000e+00 1.32737000e-03 1.81088000e-02 3.75451000e-02 -1.67815000e-02
7.57124000e+01 1.00327000e+00 1.13615000e-04 1.95057000e-02 3.91251000e-02 -1.93921000e-02
7.58171000e+01 1.00255000e+00 -1.63101000e-03 2.16482000e-02 4.16655000e-02 -2.32793000e-02
7.59218000e+01 1.00180000e+00 -4.53035000e-03 2.50786000e-02 4.56269000e-02 -2.96090000e-02
7.60265000e+01 1.00103000e+00 -1.04358000e-02 3.11633000e-02 5.18907000e-02 -4.15990000e-02
7.61313000e+01 1.00026000e+00 -2.75916000e-02 4.49790000e-02 6.23664000e-02 -7.25706000e-02
7.62360000e+01 9.99490000e-01 -1.92870000e-01 1.37474000e-01 8.20769000e-02 -3.30344000e-01
7.63407000e+01 9.98729000e-01 1.24744000e-01 2.52197000e-03 1.29788000e-01 1.22222000e-01
7.64454000e+01 9.97986000e-01 1.62303000e-01 1.11812000e-01 3.85928000e-01 5.04904000e-02
7.65501000e+01 9.97270000e-01 -8.46525000e-02 -1.16101000e-01 -3.16854000e-01 3.14481000e-02
7.66549000e+01 9.96587000e-01 -1.98745000e-02 -4.25455000e-02 -1.04965000e-01 2.26709000e-02
7.67596000e+01 9.95947000e-01 -8.43665000e-03 -2.60783000e-02 -6.05933000e-02 1.76417000e-02
7.68643000e+01 9.95354000e-01 -4.25742000e-03 -1.86533000e-02 -4.15640000e-02 1.43959000e-02
7.69690000e+01 9.94817000e-01 -2.27322000e-03 -1.44108000e-02 -3.10949000e-02 1.21376000e-02
7.70737000e+01 9.94339000e-01 -1.18890000e-03 -1.16719000e-02 -2.45327000e-02 1.04830000e-02
7.71785000e+01 9.93926000e-01 -5.41812000e-04 -9.76613000e-03 -2.00741000e-02 9.22432000e-03
7.72832000e+01 9.93583000e-01 -1.31833000e-04 -8.37111000e-03 -1.68741000e-02 8.23928000e-03
7.73879000e+01 9.93312000e-01 1.39294000e-04 -7.31204000e-03 -1.44848000e-02 7.45133000e-03
7.74926000e+01 9.93117000e-01 3.24391000e-04 -6.48571000e-03 -1.26470000e-02 6.81010000e-03
7.75973000e+01 9.92998000e-01 4.53865000e-04 -5.82724000e-03 -1.12006000e-02 6.28110000e-03
7.77021000e+01 9.92958000e-01 5.46177000e-04 -5.29381000e-03 -1.00414000e-02 5.83999000e-03
7.78068000e+01 9.92996000e-01 6.13027000e-04 -4.85607000e-03 -9.09911000e-03 5.46909000e-03
7.79115000e+01 9.93111000e-01 6.62088000e-04 -4.49322000e-03 -8.32435000e-03 5.15531000e-03
7.80162000e+01 9.93301000e-01 6.98543000e-04 -4.19020000e-03 -7.68185000e-03 4.88874000e-03
7.81209000e+01 9.93566000e-01 7.25975000e-04 -3.93582000e-03 -7.14567000e-03 4.66180000e-03
7.82257000e+01 9.93901000e-01 7.46913000e-04 -3.72169000e-03 -6.69646000e-03 4.46860000e-03
7.83304000e+01 9.94302000e-01 7.63167000e-04 -3.54137000e-03 -6.31956000e-03 4.30453000e-03
7.84351000e+01 9.94765000e-01 7.76051000e-04 -3.38992000e-03 -6.00380000e-03 4.16598000e-03
7.85398000e+01 9.95284000e-01 7.86526000e-04 -3.26354000e-03 -5.74056000e-03 4.05007000e-03
7.86445000e+01 9.95855000e-01 7.95292000e-04 -3.15928000e-03 -5.52327000e-03 3.95457000e-03
7.87493000e+01 9.96469000e-01 8.02853000e-04 -3.07489000e-03 -5.34692000e-03 3.87774000e-03
7.88540000e+01 9.97121000e-01 8.09560000e-04 -3.00869000e-03 -5.20783000e-03 3.81826000e-03
7.89587000e+01 9.97803000e-01 8.15634000e-04 -2.95953000e-03 -5.10342000e-03 3.77516000e-03
7.90634000e+01 9.98508000e-01 8.21179000e-04 -2.92665000e-03 -5.03212000e-03 3.74783000e-03
7.91681000e+01 9.99227000e-01 8.26178000e-04 -2.90974000e-03 -4.99331000e-03 3.73592000e-03
7.92729000e+01 9.99953000e-01 8.30485000e-04 -2.90892000e-03 -4.98735000e-03 3.73940000e-03
7.93776000e+01 1.00068000e+00 8.33793000e-04 -2.92474000e-03 -5.01569000e-03 3.75853000e-03
7.94823000e+01 1.00139000e+00 8.35580000e-04 -2.95830000e-03 -5.08102000e-03 3.79388000e-03
7.95870000e+01 1.00209000e+00 8.35027000e-04 -3.01134000e-03 -5.18765000e-03 3.84637000e-03
7.96917000e+01 1.00276000e+00 8.30880000e-04 -3.08642000e-03 -5.34196000e-03 3.91730000e-03
7.97965000e+01 1.00340000e+00 8.21218000e-04 -3.18725000e-03 -5.55329000e-03 4.00847000e-03
7.99012000e+01 1.00400000e+00 8.03081000e-04 -3.31918000e-03 -5.83527000e-03 4.12226000e-03
8.00059000e+01 1.00455000e+00 7.71805000e-04 -3.48997000e-03 -6.20814000e-03 4.26178000e-03
8.01106000e+01 1.00505000e+00 7.19830000e-04 -3.71128000e-03 -6.70272000e-03 4.43111000e-03
8.02153000e+01 1.00549000e+00 6.34413000e-04 -4.00118000e-03 -7.36795000e-03 4.63560000e-03
8.03201000e+01 1.00586000e+00 4.92941000e-04 -4.38941000e-03 -8.28588000e-03 4.88235000e-03
8.04248000e+01 1.00617000e+00 2.52387000e-04 -4.92854000e-03 -9.60469000e-03 5.18092000e-03
8.05295000e+01 1.00641000e+00 -1.77492000e-04 -5.72187000e-03 -1.16212000e-02 5.54438000e-03
8.06342000e+01 1.00658000e+00 -1.01558000e-03 -7.00660000e-03 -1.50288000e-02 5.99102000e-03
8.07389000e+01 1.00667000e+00 -2.93774000e-03 -9.48496000e-03 -2.19077000e-02 6.54721000e-03
8.08437000e+01 1.00668000e+00 -9.38424000e-03 -1.66365000e-02 -4.26573000e-02 7.25230000e-03
8.09484000e+01 1.00662000e+00 -3.36772000e+01 -3.36854000e+01 -1.01048000e+02 8.16757000e-03
8.10531000e+01 1.00648000e+00 1.98342000e-02 1.04402000e-02 4.07147000e-02 9.39397000e-03
8.11578000e+01 1.00628000e+00 1.40508000e-02 2.94056000e-03 1.99319000e-02 1.11102000e-02
8.12625000e+01 1.00600000e+00 1.34555000e-02 -2.09785000e-04 1.30359000e-02 1.36653000e-02
8.13672000e+01 1.00565000e+00 1.50993000e-02 -2.74502000e-03 9.60927000e-03 1.78443000e-02
8.14720000e+01 1.00525000e+00 1.97627000e-02 -6.09673000e-03 7.56925000e-03 2.58595000e-02
8.15767000e+01 1.00478000e+00 3.35988000e-02 -1.36885000e-02 6.22185000e-03 4.72872000e-02
8.16814000e+01 1.00427000e+00 1.89623000e-01 -9.21767000e-02 5.26973000e-03 2.81800000e-01
8.17861000e+01 1.00371000e+00 -4.59356000e-02 2.52500000e-02 4.56429000e-03 -7.11856000e-02
8.18908000e+01 1.00310000e+00 -1.97796000e-02 1.19013000e-02 4.02304000e-03 -3.16809000e-02
8.19956000e+01 1.00247000e+00 -1.24270000e-02 8.01178000e-03 3.59653000e-03 -2.04388000e-02
8.21003000e+01 1.00181000e+00 -9.00758000e-03 6.13045000e-03 3.25332000e-03 -1.51380000e-02
8.22050000e+01 1.00114000e+00 -7.05201000e-03 5.01225000e-03 2.97250000e-03 -1.20643000e-02
8.23097000e+01 1.00046000e+00 -5.79716000e-03 4.26839000e-03 2.73961000e-03 -1.00655000e-02
8.24144000e+01 9.99769000e-01 -4.93038000e-03 3.73738000e-03 2.54437000e-03 -8.66776000e-03
8.25192000e+01 9.99089000e-01 -4.30027000e-03 3.33976000e-03 2.37925000e-03 -7.64003000e-03
8.26239000e+01 9.98422000e-01 -3.82478000e-03 3.03170000e-03 2.23863000e-03 -6.85648000e-03
8.27286000e+01 9.97776000e-01 -3.45572000e-03 2.78697000e-03 2.11823000e-03 -6.24269000e-03
8.28333000e+01 9.97157000e-01 -3.16298000e-03 2.58886000e-03 2.01475000e-03 -5.75184000e-03
8.29380000e+01 9.96573000e-01 -2.92682000e-03 2.42622000e-03 1.92562000e-03 -5.35304000e-03
8.30428000e+01 9.96030000e-01 -2.73380000e-03 2.29128000e-03 1.84877000e-03 -5.02508000e-03
8.31475000e+01 9.95533000e-01 -2.57445000e-03 2.17852000e-03 1.78258000e-03 -4.75297000e-03
8.32522000e+01 9.95088000e-01 -2.44195000e-03 2.08384000e-03 1.72573000e-03 -4.52579000e-03
8.33569000e+01 9.94700000e-01 -2.33124000e-03 2.00420000e-03 1.67716000e-03 -4.33544000e-03
8.34616000e+01 9.94372000e-01 -2.23854000e-03 1.93727000e-03 1.63600000e-03 -4.17581000e-03
8.35664000e+01 9.94107000e-01 -2.16093000e-03 1.88125000e-03 1.60156000e-03 -4.04218000e-03
8.36711000e+01 9.93909000e-01 -2.09617000e-03 1.83473000e-03 1.57328000e-03 -3.93090000e-03
8.37758000e+01 9.93780000e-01 -2.04251000e-03 1.79660000e-03 1.55069000e-03 -3.83911000e-03
8.38805000e+01 9.93719000e-01 -1.99855000e-03 1.76600000e-03 1.53345000e-03 -3.76454000e-03
8.39852000e+01 9.93729000e-01 -1.96318000e-03 1.74223000e-03 1.52127000e-03 -3.70541000e-03
8.40900000e+01 9.93808000e-01 -1.93553000e-03 1.72475000e-03 1.51396000e-03 -3.66028000e-03
8.41947000e+01 9.93955000e-01 -1.91490000e-03 1.71314000e-03 1.51138000e-03 -3.62804000e-03
8.42994000e+01 9.94169000e-01 -1.90071000e-03 1.70709000e-03 1.51346000e-03 -3.60780000e-03
8.44041000e+01 9.94447000e-01 -1.89253000e-03 1.70635000e-03 1.52018000e-03 -3.59889000e-03
8.45088000e+01 9.94785000e-01 -1.89001000e-03 1.71079000e-03 1.53156000e-03 -3.60080000e-03
8.46136000e+01 9.95181000e-01 -1.89287000e-03 1.72029000e-03 1.54772000e-03 -3.61317000e-03
8.47183000e+01 9.95629000e-01 -1.90091000e-03 1.73485000e-03 1.56878000e-03 -3.63576000e-03
8.48230000e+01 9.96124000e-01 -1.91399000e-03 1.75447000e-03 1.59496000e-03 -3.66846000e-03
8.49277000e+01 9.96661000e-01 -1.93200000e-03 1.77926000e-03 1.62652000e-03 -3.71126000e-03
8.50324000e+01 9.97234000e-01 -1.95487000e-03 1.80934000e-03 1.66380000e-03 -3.76421000e-03
8.51372000e+01 9.97836000e-01 -1.98260000e-03 1.84490000e-03 1.70720000e-03 -3.82749000e-03
8.52419000e+01 9.98461000e-01 -2.01516000e-03 1.88618000e-03 1.75720000e-03 -3.90134000e-03
8.53466000e+01 9.99101000e-01 -2.05259000e-03 1.93348000e-03 1.81437000e-03 -3.98607000e-03
8.54513000e+01 9.99750000e-01 -2.09492000e-03 1.98716000e-03 1.87939000e-03 -4.08208000e-03
8.55560000e+01 1.00040000e+00 -2.14220000e-03 2.04762000e-03 1.95304000e-03 -4.18981000e-03
8.56608000e+01 1.00104000e+00 -2.19445000e-03 2.11534000e-03 2.03624000e-03 -4.30979000e-03
8.57655000e+01 1.00167000e+00 -2.25170000e-03 2.19088000e-03 2.13006000e-03 -4.44258000e-03
8.58702000e+01 1.00228000e+00 -2.31397000e-03 2.27484000e-03 2.23571000e-03 -4.58881000e-03
8.59749000e+01 1.00287000e+00 -2.38120000e-03 2.36792000e-03 2.35463000e-03 -4.74912000e-03
8.60796000e+01 1.00342000e+00 -2.45331000e-03 2.47088000e-03 2.48845000e-03 -4.92419000e-03
8.61844000e+01 1.00393000e+00 -2.53013000e-03 2.58458000e-03 2.63903000e-03 -5.11471000e-03
8.62891000e+01 1.00439000e+00 -2.61137000e-03 2.70995000e-03 2.80853000e-03 -5.32132000e-03
8.63938000e+01 1.00480000e+00 -2.69664000e-03 2.84800000e-03 2.99937000e-03 -5.54464000e-03
8.64985000e+01 1.00516000e+00 -2.78537000e-03 2.99982000e-03 3.21427000e-03 -5.78518000e-03
8.66032000e+01 1.00546000e+00 -2.87679000e-03 3.16651000e-03 3.45624000e-03 -6.04331000e-03
8.67080000e+01 1.00570000e+00 -2.96995000e-03 3.34925000e-03 3.72855000e-03 -6.31920000e-03
8.68127000e+01 1.00587000e+00 -3.06361000e-03 3.54913000e-03 4.03465000e-03 -6.61274000e-03
8.69174000e+01 1.00597000e+00 -3.15634000e-03 3.76716000e-03 4.37799000e-03 -6.92350000e-03
8.70221000e+01 1.00601000e+00 -3.24646000e-03 4.00411000e-03 4.76177000e-03 -7.25057000e-03
8.71268000e+01 1.00598000e+00 -3.33218000e-03 4.26033000e-03 5.18849000e-03 -7.59251000e-03
8.72316000e+01 1.00588000e+00 -3.41173000e-03 4.53552000e-03 5.65932000e-03 -7.94725000e-03
8.73363000e+01 1.00571000e+00 -3.48359000e-03 4.82840000e-03 6.17320000e-03 -8.31199000e-03
8.74410000e+01 1.00548000e+00 -3.54687000e-03 5.13627000e-03 6.72567000e-03 -8.68313000e-03
8.75457000e+01 1.00520000e+00 -3.60168000e-03 5.45458000e-03 7.30749000e-03 -9.05627000e-03
8.76504000e+01 1.00485000e+00 -3.64966000e-03 5.77650000e-03 7.90335000e-03 -9.42616000e-03
8.77552000e+01 1.00445000e+00 -3.69427000e-03 6.09261000e-03 8.49096000e-03 -9.78688000e-03
8.78599000e+01 1.00400000e+00 -3.74085000e-03 6.39107000e-03 9.04128000e-03 -1.01319000e-02
8.79646000e+01 1.00351000e+00 -3.79615000e-03 6.65833000e-03 9.52052000e-03 -1.04545000e-02
8.80693000e+01 1.00298000e+00 -3.86714000e-03 6.88064000e-03 9.89415000e-03 -1.07478000e-02
8.81740000e+01 1.00242000e+00 -3.95939000e-03 7.04602000e-03 1.01327000e-02 -1.10054000e-02
8.82788000e+01 1.00183000e+00 -4.07537000e-03 7.14639000e-03 1.02174000e-02 -1.12218000e-02
8.83835000e+01 1.00123000e+00 -4.21338000e-03 7.17905000e-03 1.01447000e-02 -1.13924000e-02
8.84882000e+01 1.00061000e+00 -4.36749000e-03 7.14693000e-03 9.92638000e-03 -1.15144000e-02
8.85929000e+01 9.99994000e-01 -4.52873000e-03 7.05772000e-03 9.58671000e-03 -1.15865000e-02
8.86976000e+01 9.99378000e-01 -4.68692000e-03 6.92206000e-03 9.15719000e-03 -1.16090000e-02
8.88024000e+01 9.98771000e-01 -4.83247000e-03 6.75159000e-03 8.67072000e-03 -1.15841000e-02
8.89071000e+01 9.98180000e-01 -4.95777000e-03 6.55746000e-03 8.15716000e-03 -1.15152000e-02
8.90118000e+01 9.97612000e-01 -5.05786000e-03 6.34931000e-03 7.64077000e-03 -1.14072000e-02
8.91165000e+01 9.97073000e-01 -5.13041000e-03 6.13492000e-03 7.13943000e-03 -1.12653000e-02
8.92212000e+01 9.96568000e-01 -5.17537000e-03 5.92024000e-03 6.66510000e-03 -1.10956000e-02
8.93260000e+01 9.96104000e-01 -5.19440000e-03 5.70963000e-03 6.22486000e-03 -1.09040000e-02
8.94307000e+01 9.95684000e-01 -5.19024000e-03 5.50617000e-03 5.82210000e-03 -1.06964000e-02
8.95354000e+01 9.95315000e-01 -5.16626000e-03 5.31196000e-03 5.45766000e-03 -1.04782000e-02
8.96401000e+01 9.94998000e-01 -5.12601000e-03 5.12836000e-03 5.13071000e-03 -1.02544000e-02
8.97448000e+01 9.94739000e-01 -5.07297000e-03 4.95622000e-03 4.83947000e-03 -1.00292000e-02
8.98495000e+01 9.94538000e-01 -5.01037000e-03 4.79600000e-03 4.58164000e-03 -9.80637000e-03
8.99543000e+01 9.94399000e-01 -4.94109000e-03 4.64790000e-03 4.35472000e-03 -9.58899000e-03
9.00590000e+01 9.94322000e-01 -4.86759000e-03 4.51194000e-03 4.15629000e-03 -9.37953000e-03
9.01637000e+01 9.94309000e-01 -4.79196000e-03 4.38800000e-03 3.98403000e-03 -9.17996000e-03
9.02684000e+01 9.94359000e-01 -4.71589000e-03 4.27590000e-03 3.83591000e-03 -8.99179000e-03
9.03731000e+01 9.94471000e-01 -4.64073000e-03 4.17543000e-03 3.71013000e-03 -8.81615000e-03
9.04779000e+01 9.94645000e-01 -4.56750000e-03 4.08634000e-03 3.60519000e-03 -8.65384000e-03
9.05826000e+01 9.94877000e-01 -4.49696000e-03 4.00843000e-03 3.51990000e-03 -8.50540000e-03
9.06873000e+01 9.95165000e-01 -4.42963000e-03 3.94151000e-03 3.45339000e-03 -8.37114000e-03
9.07920000e+01 9.95507000e-01 -4.36580000e-03 3.88545000e-03 3.40509000e-03 -8.25125000e-03
9.08967000e+01 9.95897000e-01 -4.30556000e-03 3.84018000e-03 3.37479000e-03 -8.14574000e-03
9.10015000e+01 9.96333000e-01 -4.24883000e-03 3.80574000e-03 3.36264000e-03 -8.05457000e-03
9.11062000e+01 9.96808000e-01 -4.19533000e-03 3.78226000e-03 3.36920000e-03 -7.97760000e-03
9.12109000e+01 9.97317000e-01 -4.14460000e-03 3.77006000e-03 3.39551000e-03 -7.91466000e-03
9.13156000e+01 9.97855000e-01 -4.09595000e-03 3.76959000e-03 3.44323000e-03 -7.86553000e-03
9.14203000e+01 9.98417000e-01 -4.04841000e-03 3.78158000e-03 3.51475000e-03 -7.82999000e-03
9.15251000e+01 9.98994000e-01 -4.00069000e-03 3.80706000e-03 3.61343000e-03 -7.80775000e-03
9.16298000e+01 9.99582000e-01 -3.95106000e-03 3.84751000e-03 3.74397000e-03 -7.79857000e-03
9.17345000e+01 1.00017000e+00 -3.89711000e-03 3.90503000e-03 3.91294000e-03 -7.80214000e-03
9.18392000e+01 1.00076000e+00 -3.83556000e-03 3.98260000e-03 4.12964000e-03 -7.81815000e-03
9.19439000e+01 1.00134000e+00 -3.76171000e-03 4.08458000e-03 4.40744000e-03 -7.84629000e-03
9.20487000e+01 1.00190000e+00 -3.66870000e-03 4.21747000e-03 4.76623000e-03 -7.88617000e-03
9.21534000e+01 1.00244000e+00 -3.54607000e-03 4.39133000e-03 5.23659000e-03 -7.93740000e-03
9.22581000e+01 1.00295000e+00 -3.37701000e-03 4.62251000e-03 5.86800000e-03 -7.99952000e-03
9.23628000e+01 1.00343000e+00 -3.13275000e-03 4.93926000e-03 6.74577000e-03 -8.07201000e-03
9.24675000e+01 1.00386000e+00 -2.75941000e-03 5.39485000e-03 8.03029000e-03 -8.15425000e-03
9.25723000e+01 1.00426000e+00 -2.14284000e-03 6.10273000e-03 1.00626000e-02 -8.24557000e-03
9.26770000e+01 1.00460000e+00 -9.90924000e-04 7.35420000e-03 1.37175000e-02 -8.34512000e-03
9.27817000e+01 1.00489000e+00 1.73755000e-03 1.01895000e-02 2.21166000e-02 -8.45199000e-03
9.28864000e+01 1.00512000e+00 1.45500000e-02 2.31151000e-02 6.07802000e-02 -8.56509000e-03
9.29911000e+01 1.00530000e+00 -3.09479000e-02 -2.22648000e-02 -7.54775000e-02 -8.68317000e-03
9.30959000e+01 1.00542000e+00 -1.34897000e-02 -4.68484000e-03 -2.28594000e-02 -8.80483000e-03
9.32006000e+01 1.00547000e+00 -1.04035000e-02 -1.47497000e-03 -1.33534000e-02 -8.92850000e-03
9.33053000e+01 1.00546000e+00 -9.16432000e-03 -1.11868000e-04 -9.38806000e-03 -9.05245000e-03
9.34100000e+01 1.00540000e+00 -8.52361000e-03 6.51187000e-04 -7.22124000e-03 -9.17480000e-03
9.35147000e+01 1.00527000e+00 -8.14943000e-03 1.14410000e-03 -5.86123000e-03 -9.29353000e-03
9.36195000e+01 1.00508000e+00 -7.91507000e-03 1.49148000e-03 -4.93212000e-03 -9.40655000e-03
9.37242000e+01 1.00483000e+00 -7.76114000e-03 1.75055000e-03 -4.26005000e-03 -9.51169000e-03
9.38289000e+01 1.00453000e+00 -7.65574000e-03 1.95108000e-03 -3.75359000e-03 -9.60682000e-03
9.39336000e+01 1.00419000e+00 -7.57995000e-03 2.10993000e-03 -3.36008000e-03 -9.68988000e-03
9.40383000e+01 1.00379000e+00 -7.52165000e-03 2.23730000e-03 -3.04705000e-03 -9.75895000e-03
9.41431000e+01 1.00336000e+00 -7.47270000e-03 2.33964000e-03 -2.79342000e-03 -9.81234000e-03
9.42478000e+01 1.00288000e+00 -7.42740000e-03 2.42126000e-03 -2.58488000e-03 -9.84866000e-03
9.43525000e+01 1.00238000e+00 -7.38173000e-03 2.48515000e-03 -2.41143000e-03 -9.86688000e-03
9.44572000e+01 1.00185000e+00 -7.33288000e-03 2.53351000e-03 -2.26585000e-03 -9.86639000e-03
9.45619000e+01 1.00131000e+00 -7.27894000e-03 2.56807000e-03 -2.14281000e-03 -9.84701000e-03
9.46667000e+01 1.00075000e+00 -7.21878000e-03 2.59025000e-03 -2.03828000e-03 -9.80904000e-03
9.47714000e+01 1.00018000e+00 -7.15186000e-03 2.60134000e-03 -1.94919000e-03 -9.75320000e-03
9.48761000e+01 9.99616000e-01 -7.07814000e-03 2.60250000e-03 -1.87314000e-03 -9.68064000e-03
9.49808000e+01 9.99057000e-01 -6.99801000e-03 2.59488000e-03 -1.80826000e-03 -9.59289000e-03
9.50855000e+01 9.98510000e-01 -6.91218000e-03 2.57958000e-03 -1.75303000e-03 -9.49176000e-03
9.51903000e+01 9.97982000e-01 -6.82161000e-03 2.55768000e-03 -1.70625000e-03 -9.37929000e-03
9.52950000e+01 9.97478000e-01 -6.72743000e-03 2.53024000e-03 -1.66695000e-03 -9.25768000e-03
9.53997000e+01 9.97004000e-01 -6.63091000e-03 2.49829000e-03 -1.63433000e-03 -9.12921000e-03
9.55044000e+01 9.96565000e-01 -6.53336000e-03 2.46281000e-03 -1.60774000e-03 -8.99616000e-03
9.56091000e+01 9.96166000e-01 -6.43608000e-03 2.42471000e-03 -1.58667000e-03 -8.86079000e-03
9.57139000e+01 9.95810000e-01 -6.34037000e-03 2.38486000e-03 -1.57065000e-03 -8.72523000e-03
9.58186000e+01 9.95503000e-01 -6.24746000e-03 2.34405000e-03 -1.55935000e-03 -8.59151000e-03
9.59233000e+01 9.95246000e-01 -6.15850000e-03 2.30302000e-03 -1.55247000e-03 -8.46152000e-03
9.60280000e+01 9.95043000e-01 -6.07457000e-03 2.26240000e-03 -1.54976000e-03 -8.33697000e-03
9.61327000e+01 9.94895000e-01 -5.99663000e-03 2.22280000e-03 -1.55103000e-03 -8.21943000e-03
9.62375000e+01 9.94805000e-01 -5.92559000e-03 2.18474000e-03 -1.55612000e-03 -8.11033000e-03
9.63422000e+01 9.94772000e-01 -5.86226000e-03 2.14868000e-03 -1.56490000e-03 -8.01095000e-03
9.64469000e+01 9.94798000e-01 -5.80739000e-03 2.11506000e-03 -1.57726000e-03 -7.92245000e-03
9.65516000e+01 9.94881000e-01 -5.76166000e-03 2.08427000e-03 -1.59312000e-03 -7.84593000e-03
9.66563000e+01 9.95021000e-01 -5.72574000e-03 2.05667000e-03 -1.61240000e-03 -7.78240000e-03
9.67611000e+01 9.95216000e-01 -5.70024000e-03 2.03260000e-03 -1.63504000e-03 -7.73284000e-03
9.68658000e+01 9.95464000e-01 -5.68581000e-03 2.01242000e-03 -1.66097000e-03 -7.69823000e-03
9.69705000e+01 9.95762000e-01 -5.68307000e-03 1.99648000e-03 -1.69012000e-03 -7.67955000e-03
9.70752000e+01 9.96106000e-01 -5.69271000e-03 1.98515000e-03 -1.72241000e-03 -7.67786000e-03
9.71799000e+01 9.96492000e-01 -5.71546000e-03 1.97885000e-03 -1.75776000e-03 -7.69431000e-03
9.72847000e+01 9.96917000e-01 -5.75212000e-03 1.97803000e-03 -1.79605000e-03 -7.73015000e-03
9.73894000e+01 9.97376000e-01 -5.80360000e-03 1.98323000e-03 -1.83714000e-03 -7.78683000e-03
9.74941000e+01 9.97862000e-01 -5.87096000e-03 1.99506000e-03 -1.88085000e-03 -7.86602000e-03
9.75988000e+01 9.98372000e-01 -5.95542000e-03 2.01423000e-03 -1.92696000e-03 -7.96964000e-03
9.77035000e+01 9.98899000e-01 -6.05839000e-03 2.04159000e-03 -1.97520000e-03 -8.09998000e-03
9.78083000e+01 9.99438000e-01 -6.18157000e-03 2.07816000e-03 -2.02524000e-03 -8.25973000e-03
9.79130000e+01 9.99982000e-01 -6.32698000e-03 2.12514000e-03 -2.07670000e-03 -8.45212000e-03
9.80177000e+01 1.00052000e+00 -6.49706000e-03 2.18397000e-03 -2.12912000e-03 -8.68103000e-03
9.81224000e+01 1.00106000e+00 -6.69474000e-03 2.25637000e-03 -2.18199000e-03 -8.95112000e-03
9.82271000e+01 1.00158000e+00 -6.92363000e-03 2.34445000e-03 -2.23474000e-03 -9.26808000e-03
9.83319000e+01 1.00209000e+00 -7.18817000e-03 2.45073000e-03 -2.28672000e-03 -9.63890000e-03
9.84366000e+01 1.00257000e+00 -7.49386000e-03 2.57830000e-03 -2.33727000e-03 -1.00722000e-02
9.85413000e+01 1.00302000e+00 -7.84762000e-03 2.73096000e-03 -2.38569000e-03 -1.05786000e-02
9.86460000e+01 1.00344000e+00 -8.25817000e-03 2.91345000e-03 -2.43127000e-03 -1.11716000e-02
9.87507000e+01 1.00381000e+00 -8.73670000e-03 3.13169000e-03 -2.47332000e-03 -1.18684000e-02
9.88554000e+01 1.00414000e+00 -9.29767000e-03 3.39324000e-03 -2.51120000e-03 -1.26909000e-02
9.89602000e+01 1.00443000e+00 -9.96009000e-03 3.70788000e-03 -2.54434000e-03 -1.36680000e-02
9.90649000e+01 1.00466000e+00 -1.07493000e-02 4.08850000e-03 -2.57226000e-03 -1.48378000e-02
9.91696000e+01 1.00485000e+00 -1.16995000e-02 4.55245000e-03 -2.59462000e-03 -1.62520000e-02
9.92743000e+01 1.00497000e+00 -1.28585000e-02 5.12363000e-03 -2.61120000e-03 -1.79821000e-02
9.93790000e+01 1.00504000e+00 -1.42938000e-02 5.83594000e-03 -2.62194000e-03 -2.01297000e-02
9.94838000e+01 1.00506000e+00 -1.61048000e-02 6.73896000e-03 -2.62692000e-03 -2.28438000e-02
9.95885000e+01 1.00501000e+00 -1.84427000e-02 7.90816000e-03 -2.62639000e-03 -2.63509000e-02
9.96932000e+01 1.00491000e+00 -2.15486000e-02 9.46397000e-03 -2.62070000e-03 -3.10126000e-02
9.97979000e+01 1.00476000e+00 -2.58312000e-02 1.16104000e-02 -2.61034000e-03 -3.74416000e-02
9.99026000e+01 1.00455000e+00 -3.20396000e-02 1.47219000e-02 -2.59587000e-03 -4.67615000e-02
1.00007000e+02 1.00429000e+00 -4.17062000e-02 1.95641000e-02 -2.57792000e-03 -6.12704000e-02
1.00112000e+02 1.00398000e+00 -5.85191000e-02 2.79810000e-02 -2.55716000e-03 -8.65001000e-02
1.00217000e+02 1.00363000e+00 -9.41221000e-02 4.57939000e-02 -2.53429000e-03 -1.39916000e-01
1.00322000e+02 1.00324000e+00 -2.14369000e-01 1.05930000e-01 -2.50999000e-03 -3.20299000e-01
1.00426000e+02 1.00282000e+00 1.40278000e+00 -7.02634000e-01 -2.48492000e-03 2.10542000e+00
1.00531000e+02 1.00236000e+00 1.84011000e-01 -9.32353000e-02 -2.45971000e-03 2.77246000e-01
1.00636000e+02 1.00188000e+00 1.06036000e-01 -5.42353000e-02 -2.43497000e-03 1.60271000e-01
1.00740000e+02 1.00138000e+00 7.91189000e-02 -4.07651000e-02 -2.41122000e-03 1.19884000e-01
1.00845000e+02 1.00086000e+00 6.66450000e-02 -3.45170000e-02 -2.38898000e-03 1.01162000e-01
1.00950000e+02 1.00034000e+00 6.06730000e-02 -3.15208000e-02 -2.36870000e-03 9.21938000e-02
1.01055000e+02 9.99817000e-01 5.87067000e-02 -3.05288000e-02 -2.35079000e-03 8.92355000e-02
1.01159000e+02 9.99296000e-01 6.01135000e-02 -3.12246000e-02 -2.33562000e-03 9.13381000e-02
1.01264000e+02 9.98784000e-01 6.54830000e-02 -3.39033000e-02 -2.32354000e-03 9.93862000e-02
1.01369000e+02 9.98288000e-01 7.72903000e-02 -3.98026000e-02 -2.31488000e-03 1.17093000e-01
1.01473000e+02 9.97812000e-01 1.03687000e-01 -5.29985000e-02 -2.30995000e-03 1.56686000e-01
1.01578000e+02 9.97362000e-01 1.84872000e-01 -9.35906000e-02 -2.30903000e-03 2.78463000e-01
1.01683000e+02 9.96942000e-01 3.79894000e+00 -1.90063000e+00 -2.31242000e-03 5.69956000e+00
1.01788000e+02 9.96558000e-01 -1.73871000e-01 8.57754000e-02 -2.32044000e-03 -2.59647000e-01
1.01892000e+02 9.96214000e-01 -7.94788000e-02 3.85727000e-02 -2.33340000e-03 -1.18052000e-01
1.01997000e+02 9.95912000e-01 -4.95898000e-02 2.36191000e-02 -2.35164000e-03 -7.32088000e-02
1.02102000e+02 9.95657000e-01 -3.51755000e-02 1.64000000e-02 -2.37555000e-03 -5.15754000e-02
1.02206000e+02 9.95450000e-01 -2.68167000e-02 1.22056000e-02 -2.40555000e-03 -3.90223000e-02
1.02311000e+02 9.95295000e-01 -2.14323000e-02 9.49510000e-03 -2.44211000e-03 -3.09274000e-02
1.02416000e+02 9.95192000e-01 -1.77194000e-02 7.61678000e-03 -2.48579000e-03 -2.53361000e-02
1.02521000e+02 9.95143000e-01 -1.50341000e-02 6.24844000e-03 -2.53719000e-03 -2.12825000e-02
1.02625000e+02 9.95148000e-01 -1.30230000e-02 5.21296000e-03 -2.59704000e-03 -1.82359000e-02
1.02730000e+02 9.95207000e-01 -1.14765000e-02 4.40517000e-03 -2.66619000e-03 -1.58817000e-02
1.02835000e+02 9.95319000e-01 -1.02632000e-02 3.75878000e-03 -2.74559000e-03 -1.40219000e-02
1.02940000e+02 9.95483000e-01 -9.29641000e-03 3.23000000e-03 -2.83640000e-03 -1.25264000e-02
1.03044000e+02 9.95697000e-01 -8.51740000e-03 2.78872000e-03 -2.93996000e-03 -1.13061000e-02
1.03149000e+02 9.95958000e-01 -7.88488000e-03 2.41351000e-03 -3.05785000e-03 -1.02984000e-02
1.03254000e+02 9.96264000e-01 -7.36929000e-03 2.08867000e-03 -3.19196000e-03 -9.45795000e-03
1.03358000e+02 9.96611000e-01 -6.94909000e-03 1.80229000e-03 -3.34452000e-03 -8.75137000e-03
1.03463000e+02 9.96994000e-01 -6.60842000e-03 1.54510000e-03 -3.51822000e-03 -8.15353000e-03
1.03568000e+02 9.97411000e-01 -6.33558000e-03 1.30964000e-03 -3.71629000e-03 -7.64522000e-03
1.03673000e+02 9.97856000e-01 -6.12196000e-03 1.08965000e-03 -3.94267000e-03 -7.21161000e-03
1.03777000e+02 9.98324000e-01 -5.96143000e-03 8.79650000e-04 -4.20213000e-03 -6.84108000e-03
1.03882000e+02 9.98811000e-01 -5.84985000e-03 6.74634000e-04 -4.50058000e-03 -6.52449000e-03
1.03987000e+02 9.99310000e-01 -5.78480000e-03 4.69740000e-04 -4.84533000e-03 -6.25454000e-03
1.04091000e+02 9.99815000e-01 -5.76549000e-03 2.59982000e-04 -5.24553000e-03 -6.02547000e-03
1.04196000e+02 1.00032000e+00 -5.79270000e-03 3.99618000e-05 -5.71277000e-03 -5.83266000e-03
1.04301000e+02 1.00083000e+00 -5.86894000e-03 -1.96486000e-04 -6.26191000e-03 -5.67245000e-03
1.04406000e+02 1.00132000e+00 -5.99873000e-03 -4.56732000e-04 -6.91219000e-03 -5.54200000e-03
1.04510000e+02 1.00180000e+00 -6.18905000e-03 -7.49949000e-04 -7.68895000e-03 -5.43910000e-03
1.04615000e+02 1.00225000e+00 -6.45014000e-03 -1.08798000e-03 -8.62609000e-03 -5.36216000e-03
1.04720000e+02 1.00268000e+00 -6.79670000e-03 -1.48658000e-03 -9.76987000e-03 -5.31012000e-03
1.04824000e+02 1.00308000e+00 -7.24986000e-03 -1.96747000e-03 -1.11848000e-02 -5.28239000e-03
1.04929000e+02 1.00345000e+00 -7.84033000e-03 -2.56144000e-03 -1.29632000e-02 -5.27889000e-03
1.05034000e+02 1.00377000e+00 -8.61381000e-03 -3.31378000e-03 -1.52414000e-02 -5.30004000e-03
1.05139000e+02 1.00406000e+00 -9.64056000e-03 -4.29380000e-03 -1.82282000e-02 -5.34677000e-03
1.05243000e+02 1.00429000e+00 -1.10334000e-02 -5.61275000e-03 -2.22589000e-02 -5.42063000e-03
1.05348000e+02 1.00448000e+00 -1.29841000e-02 -7.46023000e-03 -2.79046000e-02 -5.52387000e-03
1.05453000e+02 1.00462000e+00 -1.58453000e-02 -1.01857000e-02 -3.62167000e-02 -5.65961000e-03
1.05558000e+02 1.00470000e+00 -2.03389000e-02 -1.45069000e-02 -4.93528000e-02 -5.83201000e-03
1.05662000e+02 1.00473000e+00 -2.82017000e-02 -2.21551000e-02 -7.25119000e-02 -6.04664000e-03
1.05767000e+02 1.00471000e+00 -4.49039000e-02 -3.85930000e-02 -1.22090000e-01 -6.31091000e-03
1.05872000e+02 1.00463000e+00 -1.01138000e-01 -9.45037000e-02 -2.90146000e-01 -6.63478000e-03
1.05976000e+02 1.00451000e+00 7.11616000e-01 7.18648000e-01 2.14891000e+00 -7.03174000e-03
1.06081000e+02 1.00433000e+00 8.81740000e-02 9.56944000e-02 2.79563000e-01 -7.52043000e-03
1.06186000e+02 1.00410000e+00 5.08089000e-02 5.89361000e-02 1.68681000e-01 -8.12725000e-03
1.06291000e+02 1.00383000e+00 3.81255000e-02 4.70161000e-02 1.32158000e-01 -8.89058000e-03
1.06395000e+02 1.00352000e+00 3.24235000e-02 4.22919000e-02 1.17007000e-01 -9.86842000e-03
1.06500000e+02 1.00317000e+00 2.98994000e-02 4.10519000e-02 1.12003000e-01 -1.11525000e-02
1.06605000e+02 1.00278000e+00 2.93727000e-02 4.22692000e-02 1.13911000e-01 -1.28965000e-02
1.06709000e+02 1.00236000e+00 3.05495000e-02 4.59292000e-02 1.22408000e-01 -1.53797000e-02
1.06814000e+02 1.00192000e+00 3.36732000e-02 5.28386000e-02 1.39350000e-01 -1.91654000e-02
1.06919000e+02 1.00146000e+00 3.96445000e-02 6.52331000e-02 1.70111000e-01 -2.55886000e-02
1.07024000e+02 1.00098000e+00 5.06355000e-02 8.93933000e-02 2.29422000e-01 -3.87577000e-02
1.07128000e+02 1.00049000e+00 6.97073000e-02 1.50255000e-01 3.70217000e-01 -8.05474000e-02
1.07233000e+02 1.00000000e+00 1.00004000e+00 4.60358000e-03 1.00925000e+00 9.95439000e-01
