# k S000 S110 S112 S10 S11
1.04720e-01  4.62649e-02  2.70952e-01  -7.54125e-02  1.20127e-01  3.46365e-01
2.09440e-01  4.63386e-02  2.71390e-01  -7.55877e-02  1.20215e-01  3.46978e-01
3.14159e-01  4.64627e-02  2.72120e-01  -7.58777e-02  1.20365e-01  3.47998e-01
4.18879e-01  4.66394e-02  2.73145e-01  -7.62801e-02  1.20585e-01  3.49425e-01
5.23599e-01  4.68715e-02  2.74466e-01  -7.67913e-02  1.20884e-01  3.51258e-01
6.28319e-01  4.71623e-02  2.76086e-01  -7.74071e-02  1.21272e-01  3.53494e-01
7.33038e-01  4.75159e-02  2.78009e-01  -7.81231e-02  1.21763e-01  3.56132e-01
8.37758e-01  4.79367e-02  2.80237e-01  -7.89346e-02  1.22368e-01  3.59172e-01
9.42478e-01  4.84296e-02  2.82776e-01  -7.98369e-02  1.23103e-01  3.62613e-01
1.04720e+00  4.89997e-02  2.85632e-01  -8.08254e-02  1.23981e-01  3.66457e-01
1.15192e+00  4.96526e-02  2.88809e-01  -8.18960e-02  1.25017e-01  3.70705e-01
1.25664e+00  5.03944e-02  2.92315e-01  -8.30448e-02  1.26225e-01  3.75360e-01
1.36136e+00  5.12315e-02  2.96158e-01  -8.42685e-02  1.27621e-01  3.80427e-01
1.46608e+00  5.21707e-02  3.00347e-01  -8.55640e-02  1.29219e-01  3.85911e-01
1.57080e+00  5.32196e-02  3.04893e-01  -8.69290e-02  1.31035e-01  3.91822e-01
1.67552e+00  5.43864e-02  3.09805e-01  -8.83614e-02  1.33082e-01  3.98166e-01
1.78024e+00  5.56800e-02  3.15097e-01  -8.98593e-02  1.35379e-01  4.04957e-01
1.88496e+00  5.71102e-02  3.20783e-01  -9.14213e-02  1.37940e-01  4.12204e-01
1.98968e+00  5.86881e-02  3.26877e-01  -9.30460e-02  1.40785e-01  4.19923e-01
2.09440e+00  6.04258e-02  3.33396e-01  -9.47320e-02  1.43932e-01  4.28128e-01
2.19911e+00  6.23371e-02  3.40359e-01  -9.64781e-02  1.47403e-01  4.36837e-01
2.30383e+00  6.44370e-02  3.47783e-01  -9.82827e-02  1.51218e-01  4.46066e-01
2.40855e+00  6.67429e-02  3.55691e-01  -1.00144e-01  1.55404e-01  4.55835e-01
2.51327e+00  6.92739e-02  3.64105e-01  -1.02060e-01  1.59986e-01  4.66165e-01
2.61799e+00  7.20521e-02  3.73049e-01  -1.04027e-01  1.64996e-01  4.77076e-01
2.72271e+00  7.51020e-02  3.82549e-01  -1.06042e-01  1.70466e-01  4.88591e-01
2.82743e+00  7.84518e-02  3.92632e-01  -1.08100e-01  1.76433e-01  5.00732e-01
2.93215e+00  8.21333e-02  4.03328e-01  -1.10195e-01  1.82938e-01  5.13524e-01
3.03687e+00  8.61828e-02  4.14668e-01  -1.12321e-01  1.90026e-01  5.26989e-01
3.14159e+00  9.06418e-02  4.26685e-01  -1.14468e-01  1.97750e-01  5.41153e-01
3.24631e+00  9.55580e-02  4.39414e-01  -1.16624e-01  2.06165e-01  5.56038e-01
3.35103e+00  1.00986e-01  4.52891e-01  -1.18777e-01  2.15337e-01  5.71669e-01
3.45575e+00  1.06988e-01  4.67157e-01  -1.20911e-01  2.25336e-01  5.88067e-01
3.56047e+00  1.13638e-01  4.82251e-01  -1.23004e-01  2.36244e-01  6.05255e-01
3.66519e+00  1.21019e-01  4.98217e-01  -1.25033e-01  2.48151e-01  6.23249e-01
3.76991e+00  1.29230e-01  5.15099e-01  -1.26969e-01  2.61161e-01  6.42068e-01
3.87463e+00  1.38384e-01  5.32945e-01  -1.28778e-01  2.75389e-01  6.61723e-01
3.97935e+00  1.48614e-01  5.51802e-01  -1.30419e-01  2.90965e-01  6.82221e-01
4.08407e+00  1.60077e-01  5.71723e-01  -1.31843e-01  3.08037e-01  7.03565e-01
4.18879e+00  1.72958e-01  5.92757e-01  -1.32992e-01  3.26772e-01  7.25749e-01
4.29351e+00  1.87473e-01  6.14958e-01  -1.33799e-01  3.47360e-01  7.48758e-01
4.39823e+00  2.03880e-01  6.38381e-01  -1.34184e-01  3.70012e-01  7.72566e-01
4.50295e+00  2.22486e-01  6.63079e-01  -1.34054e-01  3.94971e-01  7.97134e-01
4.60767e+00  2.43655e-01  6.89107e-01  -1.33301e-01  4.22505e-01  8.22408e-01
4.71239e+00  2.67823e-01  7.16517e-01  -1.31800e-01  4.52917e-01  8.48317e-01
4.81711e+00  2.95510e-01  7.45361e-01  -1.29409e-01  4.86543e-01  8.74770e-01
4.92183e+00  3.27337e-01  7.75684e-01  -1.25967e-01  5.23750e-01  9.01651e-01
5.02655e+00  3.64049e-01  8.07527e-01  -1.21294e-01  5.64938e-01  9.28821e-01
5.13127e+00  4.06530e-01  8.40919e-01  -1.15195e-01  6.10528e-01  9.56114e-01
5.23599e+00  4.55826e-01  8.75874e-01  -1.07461e-01  6.60952e-01  9.83335e-01
5.34071e+00  5.13162e-01  9.12383e-01  -9.78765e-02  7.16630e-01  1.01026e+00
5.44543e+00  5.79943e-01  9.50399e-01  -8.62344e-02  7.77930e-01  1.03663e+00
5.55015e+00  6.57738e-01  9.89826e-01  -7.23513e-02  8.45124e-01  1.06218e+00
5.65487e+00  7.48210e-01  1.03049e+00  -5.60949e-02  9.18302e-01  1.08659e+00
5.75959e+00  8.52974e-01  1.07212e+00  -3.74192e-02  9.97280e-01  1.10954e+00
5.86431e+00  9.73325e-01  1.11429e+00  -1.64091e-02  1.08147e+00  1.13070e+00
5.96903e+00  1.10979e+00  1.15641e+00  6.66952e-03  1.16975e+00  1.14974e+00
6.07375e+00  1.26146e+00  1.19765e+00  3.13197e-02  1.26029e+00  1.16633e+00
6.17847e+00  1.42512e+00  1.23697e+00  5.67784e-02  1.35053e+00  1.18019e+00
6.28319e+00  1.59441e+00  1.27309e+00  8.20138e-02  1.43711e+00  1.19107e+00
6.38791e+00  1.75929e+00  1.30456e+00  1.05777e-01  1.51612e+00  1.19878e+00
6.49262e+00  1.90667e+00  1.32995e+00  1.26719e-01  1.58338e+00  1.20323e+00
6.59734e+00  2.02241e+00  1.34795e+00  1.43569e-01  1.63509e+00  1.20438e+00
6.70206e+00  2.09470e+00  1.35766e+00  1.55336e-01  1.66834e+00  1.20233e+00
6.80678e+00  2.11740e+00  1.35873e+00  1.61480e-01  1.68169e+00  1.19725e+00
6.91150e+00  2.09171e+00  1.35140e+00  1.61996e-01  1.67539e+00  1.18941e+00
7.01622e+00  2.02536e+00  1.33652e+00  1.57379e-01  1.65128e+00  1.17914e+00
7.12094e+00  1.92976e+00  1.31533e+00  1.48501e-01  1.61233e+00  1.16683e+00
7.22566e+00  1.81689e+00  1.28930e+00  1.36428e-01  1.56215e+00  1.15287e+00
7.33038e+00  1.69705e+00  1.25992e+00  1.22247e-01  1.50441e+00  1.13767e+00
7.43510e+00  1.57790e+00  1.22856e+00  1.06941e-01  1.44244e+00  1.12162e+00
7.53982e+00  1.46443e+00  1.19638e+00  9.13163e-02  1.37901e+00  1.10506e+00
7.64454e+00  1.35946e+00  1.16429e+00  7.59787e-02  1.31625e+00  1.08832e+00
7.74926e+00  1.26424e+00  1.13299e+00  6.13468e-02  1.25568e+00  1.07164e+00
7.85398e+00  1.17903e+00  1.10296e+00  4.76814e-02  1.19832e+00  1.05527e+00
7.95870e+00  1.10348e+00  1.07451e+00  3.51209e-02  1.14475e+00  1.03939e+00
8.06342e+00  1.03691e+00  1.04786e+00  2.37144e-02  1.09529e+00  1.02414e+00
8.16814e+00  9.78529e-01  1.02310e+00  1.34507e-02  1.05000e+00  1.00965e+00
8.27286e+00  9.27516e-01  1.00027e+00  4.27995e-03  1.00883e+00  9.95992e-01
8.37758e+00  8.83079e-01  9.79367e-01  -3.86995e-03  9.71627e-01  9.83237e-01
8.48230e+00  8.44496e-01  9.60347e-01  -1.10817e-02  9.38184e-01  9.71429e-01
8.58702e+00  8.11122e-01  9.43156e-01  -1.74408e-02  9.08275e-01  9.60597e-01
8.69174e+00  7.82391e-01  9.27728e-01  -2.30308e-02  8.81666e-01  9.50758e-01
8.79646e+00  7.57815e-01  9.13989e-01  -2.79302e-02  8.58129e-01  9.41919e-01
8.90118e+00  7.36972e-01  9.01868e-01  -3.22106e-02  8.37447e-01  9.34079e-01
9.00590e+00  7.19505e-01  8.91294e-01  -3.59362e-02  8.19422e-01  9.27230e-01
9.11062e+00  7.05111e-01  8.82199e-01  -3.91635e-02  8.03872e-01  9.21363e-01
9.21534e+00  6.93537e-01  8.74521e-01  -4.19414e-02  7.90638e-01  9.16462e-01
9.32006e+00  6.84570e-01  8.68200e-01  -4.43114e-02  7.79577e-01  9.12511e-01
9.42478e+00  6.78035e-01  8.63183e-01  -4.63085e-02  7.70566e-01  9.09491e-01
9.52950e+00  6.73790e-01  8.59421e-01  -4.79612e-02  7.63499e-01  9.07382e-01
9.63422e+00  6.71721e-01  8.56871e-01  -4.92921e-02  7.58287e-01  9.06163e-01
9.73894e+00  6.71738e-01  8.55493e-01  -5.03185e-02  7.54856e-01  9.05812e-01
9.84366e+00  6.73773e-01  8.55252e-01  -5.10525e-02  7.53147e-01  9.06305e-01
9.94838e+00  6.77779e-01  8.56116e-01  -5.15015e-02  7.53113e-01  9.07618e-01
1.00531e+01  6.83725e-01  8.58056e-01  -5.16686e-02  7.54718e-01  9.09724e-01
1.01578e+01  6.91594e-01  8.61044e-01  -5.15525e-02  7.57939e-01  9.12596e-01
1.02625e+01  7.01382e-01  8.65056e-01  -5.11482e-02  7.62759e-01  9.16204e-01
1.03673e+01  7.13095e-01  8.70067e-01  -5.04473e-02  7.69173e-01  9.20515e-01
1.04720e+01  7.26749e-01  8.76055e-01  -4.94378e-02  7.77179e-01  9.25492e-01
1.05767e+01  7.42362e-01  8.82993e-01  -4.81050e-02  7.86783e-01  9.31098e-01
1.06814e+01  7.59957e-01  8.90855e-01  -4.64317e-02  7.97991e-01  9.37287e-01
1.07861e+01  7.79553e-01  8.99612e-01  -4.43990e-02  8.10814e-01  9.44010e-01
1.08909e+01  8.01164e-01  9.09229e-01  -4.19866e-02  8.25255e-01  9.51215e-01
1.09956e+01  8.24792e-01  9.19666e-01  -3.91744e-02  8.41317e-01  9.58841e-01
1.11003e+01  8.50418e-01  9.30877e-01  -3.59434e-02  8.58991e-01  9.66821e-01
1.12050e+01  8.78000e-01  9.42805e-01  -3.22772e-02  8.78251e-01  9.75083e-01
1.13097e+01  9.07455e-01  9.55383e-01  -2.81642e-02  8.99054e-01  9.83547e-01
1.14145e+01  9.38655e-01  9.68528e-01  -2.35997e-02  9.21328e-01  9.92128e-01
1.15192e+01  9.71412e-01  9.82144e-01  -1.85885e-02  9.44967e-01  1.00073e+00
1.16239e+01  1.00547e+00  9.96116e-01  -1.31483e-02  9.69820e-01  1.00926e+00
1.17286e+01  1.04047e+00  1.01031e+00  -7.31215e-03  9.95685e-01  1.01762e+00
1.18333e+01  1.07600e+00  1.02457e+00  -1.13215e-03  1.02230e+00  1.02570e+00
1.19381e+01  1.11150e+00  1.03871e+00  5.31819e-03  1.04935e+00  1.03339e+00
1.20428e+01  1.14634e+00  1.05254e+00  1.19419e-02  1.07642e+00  1.04060e+00
1.21475e+01  1.17978e+00  1.06583e+00  1.86183e-02  1.10307e+00  1.04721e+00
1.22522e+01  1.21103e+00  1.07835e+00  2.52038e-02  1.12876e+00  1.05314e+00
1.23569e+01  1.23924e+00  1.08984e+00  3.15363e-02  1.15292e+00  1.05831e+00
1.24617e+01  1.26357e+00  1.10007e+00  3.74414e-02  1.17495e+00  1.06263e+00
1.25664e+01  1.28326e+00  1.10879e+00  4.27416e-02  1.19428e+00  1.06605e+00
1.26711e+01  1.29766e+00  1.11580e+00  4.72674e-02  1.21033e+00  1.06853e+00
1.27758e+01  1.30630e+00  1.12092e+00  5.08701e-02  1.22266e+00  1.07005e+00
1.28805e+01  1.30895e+00  1.12402e+00  5.34338e-02  1.23089e+00  1.07059e+00
1.29852e+01  1.30561e+00  1.12506e+00  5.48848e-02  1.23483e+00  1.07018e+00
1.30900e+01  1.29657e+00  1.12404e+00  5.51986e-02  1.23444e+00  1.06884e+00
1.31947e+01  1.28231e+00  1.12103e+00  5.44011e-02  1.22983e+00  1.06663e+00
1.32994e+01  1.26353e+00  1.11618e+00  5.25653e-02  1.22131e+00  1.06361e+00
1.34041e+01  1.24103e+00  1.10966e+00  4.98036e-02  1.20927e+00  1.05986e+00
1.35088e+01  1.21568e+00  1.10172e+00  4.62572e-02  1.19423e+00  1.05546e+00
1.36136e+01  1.18834e+00  1.09259e+00  4.20839e-02  1.17676e+00  1.05051e+00
1.37183e+01  1.15981e+00  1.08254e+00  3.74463e-02  1.15744e+00  1.04510e+00
1.38230e+01  1.13082e+00  1.07183e+00  3.25014e-02  1.13683e+00  1.03933e+00
1.39277e+01  1.10197e+00  1.06069e+00  2.73933e-02  1.11548e+00  1.03330e+00
1.40324e+01  1.07378e+00  1.04934e+00  2.22476e-02  1.09384e+00  1.02710e+00
1.41372e+01  1.04662e+00  1.03798e+00  1.71692e-02  1.07232e+00  1.02081e+00
1.42419e+01  1.02080e+00  1.02677e+00  1.22416e-02  1.05125e+00  1.01453e+00
1.43466e+01  9.96519e-01  1.01585e+00  7.52835e-03  1.03091e+00  1.00832e+00
1.44513e+01  9.73910e-01  1.00533e+00  3.07506e-03  1.01148e+00  1.00226e+00
1.45560e+01  9.53056e-01  9.95306e-01  -1.08797e-03  9.93130e-01  9.96394e-01
1.46608e+01  9.33995e-01  9.85846e-01  -4.94293e-03  9.75960e-01  9.90789e-01
1.47655e+01  9.16733e-01  9.77004e-01  -8.48177e-03  9.60040e-01  9.85485e-01
1.48702e+01  9.01255e-01  9.68820e-01  -1.17038e-02  9.45412e-01  9.80524e-01
1.49749e+01  8.87532e-01  9.61323e-01  -1.46134e-02  9.32097e-01  9.75937e-01
1.50796e+01  8.75523e-01  9.54533e-01  -1.72189e-02  9.20096e-01  9.71752e-01
1.51844e+01  8.65183e-01  9.48462e-01  -1.95301e-02  9.09402e-01  9.67992e-01
1.52891e+01  8.56468e-01  9.43116e-01  -2.15584e-02  8.99999e-01  9.64674e-01
1.53938e+01  8.49331e-01  9.38497e-01  -2.33149e-02  8.91867e-01  9.61812e-01
1.54985e+01  8.43727e-01  9.34603e-01  -2.48107e-02  8.84982e-01  9.59414e-01
1.56032e+01  8.39615e-01  9.31431e-01  -2.60558e-02  8.79319e-01  9.57487e-01
1.57080e+01  8.36955e-01  9.28973e-01  -2.70591e-02  8.74855e-01  9.56032e-01
1.58127e+01  8.35713e-01  9.27223e-01  -2.78282e-02  8.71566e-01  9.55051e-01
1.59174e+01  8.35854e-01  9.26170e-01  -2.83692e-02  8.69431e-01  9.54539e-01
1.60221e+01  8.37350e-01  9.25804e-01  -2.86871e-02  8.68429e-01  9.54491e-01
1.61268e+01  8.40171e-01  9.26112e-01  -2.87852e-02  8.68542e-01  9.54897e-01
1.62316e+01  8.44291e-01  9.27082e-01  -2.86658e-02  8.69751e-01  9.55748e-01
1.63363e+01  8.49682e-01  9.28699e-01  -2.83298e-02  8.72039e-01  9.57029e-01
1.64410e+01  8.56317e-01  9.30946e-01  -2.77775e-02  8.75391e-01  9.58723e-01
1.65457e+01  8.64165e-01  9.33804e-01  -2.70084e-02  8.79787e-01  9.60812e-01
1.66504e+01  8.73193e-01  9.37252e-01  -2.60215e-02  8.85209e-01  9.63274e-01
1.67552e+01  8.83362e-01  9.41267e-01  -2.48159e-02  8.91635e-01  9.66083e-01
1.68599e+01  8.94625e-01  9.45822e-01  -2.33911e-02  8.99039e-01  9.69213e-01
1.69646e+01  9.06927e-01  9.50885e-01  -2.17473e-02  9.07390e-01  9.72632e-01
1.70693e+01  9.20201e-01  9.56421e-01  -1.98860e-02  9.16649e-01  9.76307e-01
1.71740e+01  9.34365e-01  9.62390e-01  -1.78110e-02  9.26768e-01  9.80201e-01
1.72788e+01  9.49323e-01  9.68747e-01  -1.55282e-02  9.37690e-01  9.84275e-01
1.73835e+01  9.64959e-01  9.75439e-01  -1.30470e-02  9.49345e-01  9.88486e-01
1.74882e+01  9.81138e-01  9.82409e-01  -1.03808e-02  9.61648e-01  9.92790e-01
1.75929e+01  9.97703e-01  9.89592e-01  -7.54733e-03  9.74498e-01  9.97140e-01
1.76976e+01  1.01448e+00  9.96917e-01  -4.56969e-03  9.87777e-01  1.00149e+00
1.78024e+01  1.03125e+00  1.00430e+00  -1.47657e-03  1.00135e+00  1.00578e+00
1.79071e+01  1.04781e+00  1.01167e+00  1.69735e-03  1.01506e+00  1.00997e+00
1.80118e+01  1.06391e+00  1.01892e+00  4.91140e-03  1.02874e+00  1.01401e+00
1.81165e+01  1.07930e+00  1.02596e+00  8.11923e-03  1.04220e+00  1.01784e+00
1.82212e+01  1.09372e+00  1.03269e+00  1.12694e-02  1.05523e+00  1.02142e+00
1.83260e+01  1.10690e+00  1.03901e+00  1.43066e-02  1.06762e+00  1.02470e+00
1.84307e+01  1.11859e+00  1.04483e+00  1.71732e-02  1.07917e+00  1.02765e+00
1.85354e+01  1.12857e+00  1.05004e+00  1.98110e-02  1.08966e+00  1.03023e+00
1.86401e+01  1.13663e+00  1.05456e+00  2.21637e-02  1.09889e+00  1.03239e+00
1.87448e+01  1.14261e+00  1.05831e+00  2.41797e-02  1.10667e+00  1.03413e+00
1.88496e+01  1.14640e+00  1.06123e+00  2.58138e-02  1.11286e+00  1.03542e+00
1.89543e+01  1.14794e+00  1.06328e+00  2.70303e-02  1.11734e+00  1.03625e+00
1.90590e+01  1.14723e+00  1.06441e+00  2.78047e-02  1.12002e+00  1.03661e+00
1.91637e+01  1.14433e+00  1.06463e+00  2.81247e-02  1.12088e+00  1.03651e+00
1.92684e+01  1.13935e+00  1.06395e+00  2.79912e-02  1.11993e+00  1.03596e+00
1.93732e+01  1.13246e+00  1.06240e+00  2.74180e-02  1.11723e+00  1.03498e+00
1.94779e+01  1.12385e+00  1.06002e+00  2.64307e-02  1.11288e+00  1.03359e+00
1.95826e+01  1.11376e+00  1.05688e+00  2.50653e-02  1.10701e+00  1.03182e+00
1.96873e+01  1.10243e+00  1.05306e+00  2.33658e-02  1.09980e+00  1.02970e+00
1.97920e+01  1.09013e+00  1.04865e+00  2.13821e-02  1.09142e+00  1.02727e+00
1.98968e+01  1.07711e+00  1.04375e+00  1.91674e-02  1.08208e+00  1.02458e+00
2.00015e+01  1.06361e+00  1.03844e+00  1.67757e-02  1.07199e+00  1.02166e+00
2.01062e+01  1.04988e+00  1.03282e+00  1.42599e-02  1.06134e+00  1.01856e+00
2.02109e+01  1.03611e+00  1.02700e+00  1.16702e-02  1.05034e+00  1.01533e+00
2.03156e+01  1.02250e+00  1.02105e+00  9.05236e-03  1.03916e+00  1.01200e+00
2.04204e+01  1.00922e+00  1.01507e+00  6.44744e-03  1.02797e+00  1.00862e+00
2.05251e+01  9.96397e-01  1.00913e+00  3.89095e-03  1.01691e+00  1.00524e+00
2.06298e+01  9.84157e-01  1.00329e+00  1.41291e-03  1.00612e+00  1.00188e+00
2.07345e+01  9.72595e-01  9.97627e-01  -9.61969e-04  9.95703e-01  9.98589e-01
2.08392e+01  9.61791e-01  9.92185e-01  -3.21395e-03  9.85757e-01  9.95399e-01
2.09440e+01  9.51804e-01  9.87012e-01  -5.32774e-03  9.76357e-01  9.92340e-01
2.10487e+01  9.42683e-01  9.82148e-01  -7.29192e-03  9.67564e-01  9.89440e-01
2.11534e+01  9.34462e-01  9.77626e-01  -9.09836e-03  9.59429e-01  9.86724e-01
2.12581e+01  9.27167e-01  9.73473e-01  -1.07416e-02  9.51990e-01  9.84214e-01
2.13628e+01  9.20814e-01  9.69712e-01  -1.22184e-02  9.45275e-01  9.81930e-01
2.14675e+01  9.15412e-01  9.66361e-01  -1.35271e-02  9.39307e-01  9.79888e-01
2.15723e+01  9.10967e-01  9.63434e-01  -1.46672e-02  9.34100e-01  9.78102e-01
2.16770e+01  9.07477e-01  9.60942e-01  -1.56392e-02  9.29664e-01  9.76582e-01
2.17817e+01  9.04937e-01  9.58892e-01  -1.64442e-02  9.26004e-01  9.75336e-01
2.18864e+01  9.03342e-01  9.57289e-01  -1.70836e-02  9.23122e-01  9.74372e-01
2.19911e+01  9.02679e-01  9.56134e-01  -1.75588e-02  9.21016e-01  9.73692e-01
2.20959e+01  9.02936e-01  9.55427e-01  -1.78715e-02  9.19684e-01  9.73298e-01
2.22006e+01  9.04097e-01  9.55166e-01  -1.80233e-02  9.19119e-01  9.73189e-01
2.23053e+01  9.06143e-01  9.55345e-01  -1.80158e-02  9.19313e-01  9.73361e-01
2.24100e+01  9.09053e-01  9.55958e-01  -1.78507e-02  9.20257e-01  9.73809e-01
2.25147e+01  9.12802e-01  9.56995e-01  -1.75295e-02  9.21936e-01  9.74525e-01
2.26195e+01  9.17360e-01  9.58445e-01  -1.70540e-02  9.24337e-01  9.75499e-01
2.27242e+01  9.22695e-01  9.60294e-01  -1.64265e-02  9.27441e-01  9.76721e-01
2.28289e+01  9.28768e-01  9.62526e-01  -1.56495e-02  9.31227e-01  9.78175e-01
2.29336e+01  9.35536e-01  9.65120e-01  -1.47262e-02  9.35668e-01  9.79846e-01
2.30383e+01  9.42946e-01  9.68056e-01  -1.36606e-02  9.40735e-01  9.81716e-01
2.31431e+01  9.50944e-01  9.71307e-01  -1.24580e-02  9.46391e-01  9.83765e-01
2.32478e+01  9.59462e-01  9.74847e-01  -1.11247e-02  9.52597e-01  9.85971e-01
2.33525e+01  9.68427e-01  9.78642e-01  -9.66894e-03  9.59304e-01  9.88311e-01
2.34572e+01  9.77758e-01  9.82659e-01  -8.10044e-03  9.66458e-01  9.90759e-01
2.35619e+01  9.87363e-01  9.86858e-01  -6.43106e-03  9.73996e-01  9.93289e-01
2.36667e+01  9.97143e-01  9.91198e-01  -4.67488e-03  9.81849e-01  9.95873e-01
2.37714e+01  1.00699e+00  9.95634e-01  -2.84825e-03  9.89938e-01  9.98482e-01
2.38761e+01  1.01679e+00  1.00012e+00  -9.69942e-04  9.98178e-01  1.00109e+00
2.39808e+01  1.02641e+00  1.00460e+00  9.38948e-04  1.00648e+00  1.00366e+00
2.40855e+01  1.03574e+00  1.00902e+00  2.85511e-03  1.01473e+00  1.00617e+00
2.41903e+01  1.04464e+00  1.01333e+00  4.75329e-03  1.02284e+00  1.00858e+00
2.42950e+01  1.05299e+00  1.01748e+00  6.60669e-03  1.03069e+00  1.01087e+00
2.43997e+01  1.06065e+00  1.02140e+00  8.38747e-03  1.03818e+00  1.01302e+00
2.45044e+01  1.06752e+00  1.02505e+00  1.00675e-02  1.04519e+00  1.01499e+00
2.46091e+01  1.07348e+00  1.02838e+00  1.16188e-02  1.05161e+00  1.01676e+00
2.47139e+01  1.07844e+00  1.03133e+00  1.30151e-02  1.05736e+00  1.01831e+00
2.48186e+01  1.08233e+00  1.03386e+00  1.42317e-02  1.06233e+00  1.01963e+00
2.49233e+01  1.08507e+00  1.03595e+00  1.52472e-02  1.06644e+00  1.02070e+00
2.50280e+01  1.08665e+00  1.03755e+00  1.60440e-02  1.06964e+00  1.02151e+00
2.51327e+01  1.08703e+00  1.03866e+00  1.66087e-02  1.07188e+00  1.02205e+00
2.52375e+01  1.08625e+00  1.03925e+00  1.69332e-02  1.07312e+00  1.02232e+00
2.53422e+01  1.08432e+00  1.03933e+00  1.70144e-02  1.07336e+00  1.02232e+00
2.54469e+01  1.08130e+00  1.03891e+00  1.68547e-02  1.07262e+00  1.02205e+00
2.55516e+01  1.07727e+00  1.03799e+00  1.64617e-02  1.07091e+00  1.02153e+00
2.56563e+01  1.07232e+00  1.03660e+00  1.58477e-02  1.06830e+00  1.02076e+00
2.57611e+01  1.06655e+00  1.03478e+00  1.50294e-02  1.06484e+00  1.01975e+00
2.58658e+01  1.06007e+00  1.03256e+00  1.40270e-02  1.06061e+00  1.01853e+00
2.59705e+01  1.05300e+00  1.02998e+00  1.28633e-02  1.05571e+00  1.01712e+00
2.60752e+01  1.04547e+00  1.02710e+00  1.15630e-02  1.05022e+00  1.01553e+00
2.61799e+01  1.03759e+00  1.02395e+00  1.01520e-02  1.04425e+00  1.01380e+00
2.62847e+01  1.02949e+00  1.02059e+00  8.65627e-03  1.03790e+00  1.01193e+00
2.63894e+01  1.02128e+00  1.01707e+00  7.10124e-03  1.03127e+00  1.00997e+00
2.64941e+01  1.01307e+00  1.01344e+00  5.51142e-03  1.02447e+00  1.00793e+00
2.65988e+01  1.00495e+00  1.00975e+00  3.90973e-03  1.01757e+00  1.00584e+00
2.67035e+01  9.97021e-01  1.00605e+00  2.31725e-03  1.01068e+00  1.00373e+00
2.68083e+01  9.89357e-01  1.00237e+00  7.52997e-04  1.00388e+00  1.00162e+00
2.69130e+01  9.82032e-01  9.98763e-01  -7.66196e-04  9.97231e-01  9.99529e-01
2.70177e+01  9.75109e-01  9.95260e-01  -2.22565e-03  9.90809e-01  9.97486e-01
2.71224e+01  9.68642e-01  9.91896e-01  -3.61280e-03  9.84671e-01  9.95509e-01
2.72271e+01  9.62678e-01  9.88702e-01  -4.91707e-03  9.78868e-01  9.93619e-01
2.73319e+01  9.57254e-01  9.85704e-01  -6.12969e-03  9.73444e-01  9.91833e-01
2.74366e+01  9.52404e-01  9.82925e-01  -7.24353e-03  9.68438e-01  9.90168e-01
2.75413e+01  9.48152e-01  9.80386e-01  -8.25292e-03  9.63880e-01  9.88639e-01
2.76460e+01  9.44518e-01  9.78105e-01  -9.15342e-03  9.59798e-01  9.87258e-01
2.77507e+01  9.41518e-01  9.76095e-01  -9.94167e-03  9.56212e-01  9.86037e-01
2.78555e+01  9.39160e-01  9.74370e-01  -1.06152e-02  9.53139e-01  9.84985e-01
2.79602e+01  9.37450e-01  9.72937e-01  -1.11723e-02  9.50592e-01  9.84109e-01
2.80649e+01  9.36390e-01  9.71804e-01  -1.16120e-02  9.48580e-01  9.83416e-01
2.81696e+01  9.35979e-01  9.70976e-01  -1.19336e-02  9.47109e-01  9.82910e-01
2.82743e+01  9.36209e-01  9.70455e-01  -1.21373e-02  9.46181e-01  9.82593e-01
2.83791e+01  9.37071e-01  9.70242e-01  -1.22233e-02  9.45795e-01  9.82465e-01
2.84838e+01  9.38553e-01  9.70333e-01  -1.21924e-02  9.45948e-01  9.82526e-01
2.85885e+01  9.40638e-01  9.70726e-01  -1.20460e-02  9.46634e-01  9.82772e-01
2.86932e+01  9.43304e-01  9.71415e-01  -1.17855e-02  9.47844e-01  9.83200e-01
2.87979e+01  9.46528e-01  9.72390e-01  -1.14132e-02  9.49564e-01  9.83803e-01
2.89027e+01  9.50281e-01  9.73643e-01  -1.09318e-02  9.51779e-01  9.84574e-01
2.90074e+01  9.54530e-01  9.75160e-01  -1.03444e-02  9.54471e-01  9.85504e-01
2.91121e+01  9.59238e-01  9.76926e-01  -9.65518e-03  9.57616e-01  9.86582e-01
2.92168e+01  9.64363e-01  9.78926e-01  -8.86885e-03  9.61188e-01  9.87795e-01
2.93215e+01  9.69857e-01  9.81140e-01  -7.99110e-03  9.65157e-01  9.89131e-01
2.94263e+01  9.75670e-01  9.83545e-01  -7.02861e-03  9.69488e-01  9.90574e-01
2.95310e+01  9.81744e-01  9.86120e-01  -5.98914e-03  9.74142e-01  9.92109e-01
2.96357e+01  9.88017e-01  9.88837e-01  -4.88157e-03  9.79074e-01  9.93719e-01
2.97404e+01  9.94425e-01  9.91670e-01  -3.71600e-03  9.84238e-01  9.95386e-01
2.98451e+01  1.00090e+00  9.94587e-01  -2.50374e-03  9.89580e-01  9.97091e-01
2.99498e+01  1.00736e+00  9.97558e-01  -1.25728e-03  9.95044e-01  9.98815e-01
3.00546e+01  1.01373e+00  1.00055e+00  9.72631e-06  1.00057e+00  1.00054e+00
3.01593e+01  1.01994e+00  1.00353e+00  1.28259e-03  1.00609e+00  1.00224e+00
3.02640e+01  1.02591e+00  1.00645e+00  2.54575e-03  1.01155e+00  1.00391e+00
3.03687e+01  1.03156e+00  1.00930e+00  3.78300e-03  1.01686e+00  1.00552e+00
3.04734e+01  1.03681e+00  1.01202e+00  4.97773e-03  1.02198e+00  1.00705e+00
3.05782e+01  1.04160e+00  1.01459e+00  6.11325e-03  1.02682e+00  1.00848e+00
3.06829e+01  1.04585e+00  1.01698e+00  7.17320e-03  1.03132e+00  1.00981e+00
3.07876e+01  1.04951e+00  1.01915e+00  8.14185e-03  1.03543e+00  1.01100e+00
3.08923e+01  1.05252e+00  1.02107e+00  9.00459e-03  1.03908e+00  1.01206e+00
3.09970e+01  1.05485e+00  1.02272e+00  9.74828e-03  1.04222e+00  1.01297e+00
3.11018e+01  1.05647e+00  1.02408e+00  1.03616e-02  1.04480e+00  1.01372e+00
3.12065e+01  1.05735e+00  1.02513e+00  1.08356e-02  1.04680e+00  1.01430e+00
3.13112e+01  1.05750e+00  1.02587e+00  1.11636e-02  1.04819e+00  1.01470e+00
3.14159e+01  1.05692e+00  1.02627e+00  1.13416e-02  1.04896e+00  1.01493e+00
3.15206e+01  1.05563e+00  1.02635e+00  1.13686e-02  1.04909e+00  1.01498e+00
3.16254e+01  1.05366e+00  1.02611e+00  1.12461e-02  1.04860e+00  1.01486e+00
3.17301e+01  1.05105e+00  1.02554e+00  1.09784e-02  1.04750e+00  1.01456e+00
3.18348e+01  1.04785e+00  1.02468e+00  1.05725e-02  1.04582e+00  1.01410e+00
3.19395e+01  1.04411e+00  1.02353e+00  1.00374e-02  1.04360e+00  1.01349e+00
3.20442e+01  1.03991e+00  1.02211e+00  9.38420e-03  1.04088e+00  1.01272e+00
3.21490e+01  1.03531e+00  1.02045e+00  8.62567e-03  1.03770e+00  1.01183e+00
3.22537e+01  1.03038e+00  1.01858e+00  7.77569e-03  1.03413e+00  1.01080e+00
3.23584e+01  1.02519e+00  1.01652e+00  6.84898e-03  1.03022e+00  1.00967e+00
3.24631e+01  1.01982e+00  1.01431e+00  5.86073e-03  1.02603e+00  1.00845e+00
3.25678e+01  1.01434e+00  1.01198e+00  4.82619e-03  1.02163e+00  1.00715e+00
3.26726e+01  1.00881e+00  1.00955e+00  3.76040e-03  1.01707e+00  1.00579e+00
3.27773e+01  1.00331e+00  1.00707e+00  2.67789e-03  1.01242e+00  1.00439e+00
3.28820e+01  9.97893e-01  1.00455e+00  1.59247e-03  1.00773e+00  1.00296e+00
3.29867e+01  9.92620e-01  1.00203e+00  5.17069e-04  1.00307e+00  1.00152e+00
3.30914e+01  9.87543e-01  9.99544e-01  -5.36398e-04  9.98471e-01  1.00008e+00
3.31962e+01  9.82710e-01  9.97108e-01  -1.55709e-03  9.93994e-01  9.98665e-01
3.33009e+01  9.78165e-01  9.94752e-01  -2.53527e-03  9.89682e-01  9.97287e-01
3.34056e+01  9.73946e-01  9.92498e-01  -3.46231e-03  9.85573e-01  9.95960e-01
3.35103e+01  9.70087e-01  9.90366e-01  -4.33067e-03  9.81704e-01  9.94696e-01
3.36150e+01  9.66615e-01  9.88375e-01  -5.13383e-03  9.78108e-01  9.93509e-01
3.37198e+01  9.63556e-01  9.86543e-01  -5.86624e-03  9.74811e-01  9.92410e-01
3.38245e+01  9.60929e-01  9.84885e-01  -6.52324e-03  9.71838e-01  9.91408e-01
3.39292e+01  9.58750e-01  9.83412e-01  -7.10103e-03  9.69210e-01  9.90513e-01
3.40339e+01  9.57031e-01  9.82135e-01  -7.59651e-03  9.66942e-01  9.89732e-01
3.41386e+01  9.55779e-01  9.81065e-01  -8.00730e-03  9.65050e-01  9.89072e-01
3.42434e+01  9.54999e-01  9.80207e-01  -8.33166e-03  9.63543e-01  9.88538e-01
3.43481e+01  9.54692e-01  9.79566e-01  -8.56841e-03  9.62430e-01  9.88135e-01
3.44528e+01  9.54854e-01  9.79147e-01  -8.71692e-03  9.61713e-01  9.87864e-01
3.45575e+01  9.55481e-01  9.78949e-01  -8.77710e-03  9.61395e-01  9.87726e-01
3.46622e+01  9.56562e-01  9.78974e-01  -8.74934e-03  9.61475e-01  9.87723e-01
3.47670e+01  9.58085e-01  9.79218e-01  -8.63454e-03  9.61949e-01  9.87852e-01
3.48717e+01  9.60034e-01  9.79677e-01  -8.43412e-03  9.62809e-01  9.88112e-01
3.49764e+01  9.62389e-01  9.80347e-01  -8.15001e-03  9.64047e-01  9.88497e-01
3.50811e+01  9.65126e-01  9.81219e-01  -7.78472e-03  9.65650e-01  9.89004e-01
3.51858e+01  9.68221e-01  9.82284e-01  -7.34132e-03  9.67602e-01  9.89626e-01
3.52906e+01  9.71642e-01  9.83532e-01  -6.82350e-03  9.69885e-01  9.90355e-01
3.53953e+01  9.75356e-01  9.84949e-01  -6.23564e-03  9.72478e-01  9.91185e-01
3.55000e+01  9.79327e-01  9.86521e-01  -5.58275e-03  9.75355e-01  9.92104e-01
3.56047e+01  9.83515e-01  9.88232e-01  -4.87063e-03  9.78490e-01  9.93102e-01
3.57094e+01  9.87876e-01  9.90063e-01  -4.10576e-03  9.81852e-01  9.94169e-01
3.58142e+01  9.92365e-01  9.91997e-01  -3.29541e-03  9.85407e-01  9.95293e-01
3.59189e+01  9.96933e-01  9.94013e-01  -2.44757e-03  9.89117e-01  9.96460e-01
3.60236e+01  1.00153e+00  9.96088e-01  -1.57098e-03  9.92946e-01  9.97658e-01
3.61283e+01  1.00610e+00  9.98199e-01  -6.75011e-04  9.96849e-01  9.98874e-01
3.62330e+01  1.01059e+00  1.00032e+00  2.30332e-04  1.00078e+00  1.00009e+00
3.63378e+01  1.01496e+00  1.00244e+00  1.13456e-03  1.00471e+00  1.00130e+00
3.64425e+01  1.01913e+00  1.00451e+00  2.02680e-03  1.00857e+00  1.00249e+00
3.65472e+01  1.02307e+00  1.00653e+00  2.89597e-03  1.01232e+00  1.00364e+00
3.66519e+01  1.02672e+00  1.00846e+00  3.73092e-03  1.01593e+00  1.00473e+00
3.67566e+01  1.03004e+00  1.01029e+00  4.52067e-03  1.01933e+00  1.00577e+00
3.68614e+01  1.03299e+00  1.01198e+00  5.25459e-03  1.02249e+00  1.00673e+00
3.69661e+01  1.03551e+00  1.01353e+00  5.92263e-03  1.02537e+00  1.00760e+00
3.70708e+01  1.03760e+00  1.01490e+00  6.51557e-03  1.02793e+00  1.00839e+00
3.71755e+01  1.03920e+00  1.01609e+00  7.02520e-03  1.03014e+00  1.00906e+00
3.72802e+01  1.04032e+00  1.01707e+00  7.44453e-03  1.03196e+00  1.00963e+00
3.73850e+01  1.04094e+00  1.01785e+00  7.76795e-03  1.03338e+00  1.01008e+00
3.74897e+01  1.04104e+00  1.01840e+00  7.99140e-03  1.03438e+00  1.01041e+00
3.75944e+01  1.04065e+00  1.01873e+00  8.11245e-03  1.03496e+00  1.01062e+00
3.76991e+01  1.03976e+00  1.01883e+00  8.13033e-03  1.03509e+00  1.01070e+00
3.78038e+01  1.03840e+00  1.01871e+00  8.04598e-03  1.03480e+00  1.01066e+00
3.79086e+01  1.03659e+00  1.01836e+00  7.86197e-03  1.03408e+00  1.01050e+00
3.80133e+01  1.03437e+00  1.01780e+00  7.58243e-03  1.03296e+00  1.01022e+00
3.81180e+01  1.03176e+00  1.01703e+00  7.21292e-03  1.03146e+00  1.00982e+00
3.82227e+01  1.02882e+00  1.01608e+00  6.76025e-03  1.02960e+00  1.00932e+00
3.83274e+01  1.02558e+00  1.01495e+00  6.23234e-03  1.02741e+00  1.00872e+00
3.84322e+01  1.02209e+00  1.01366e+00  5.63794e-03  1.02493e+00  1.00802e+00
3.85369e+01  1.01840e+00  1.01223e+00  4.98648e-03  1.02220e+00  1.00724e+00
3.86416e+01  1.01457e+00  1.01068e+00  4.28784e-03  1.01926e+00  1.00640e+00
3.87463e+01  1.01063e+00  1.00904e+00  3.55212e-03  1.01614e+00  1.00549e+00
3.88510e+01  1.00663e+00  1.00732e+00  2.78947e-03  1.01290e+00  1.00453e+00
3.89557e+01  1.00264e+00  1.00554e+00  2.00990e-03  1.00956e+00  1.00353e+00
3.90605e+01  9.98680e-01  1.00373e+00  1.22317e-03  1.00617e+00  1.00250e+00
3.91652e+01  9.94806e-01  1.00190e+00  4.38605e-04  1.00278e+00  1.00147e+00
3.92699e+01  9.91057e-01  1.00009e+00  -3.34965e-04  9.99419e-01  1.00042e+00
3.93746e+01  9.87469e-01  9.98301e-01  -1.08929e-03  9.96123e-01  9.99391e-01
3.94793e+01  9.84077e-01  9.96561e-01  -1.81677e-03  9.92927e-01  9.98377e-01
3.95841e+01  9.80913e-01  9.94884e-01  -2.51045e-03  9.89863e-01  9.97395e-01
3.96888e+01  9.78003e-01  9.93289e-01  -3.16407e-03  9.86961e-01  9.96453e-01
3.97935e+01  9.75373e-01  9.91789e-01  -3.77207e-03  9.84245e-01  9.95561e-01
3.98982e+01  9.73043e-01  9.90399e-01  -4.32955e-03  9.81740e-01  9.94729e-01
4.00029e+01  9.71032e-01  9.89132e-01  -4.83226e-03  9.79467e-01  9.93964e-01
4.01077e+01  9.69354e-01  9.87997e-01  -5.27659e-03  9.77444e-01  9.93274e-01
4.02124e+01  9.68021e-01  9.87005e-01  -5.65954e-03  9.75685e-01  9.92664e-01
4.03171e+01  9.67039e-01  9.86162e-01  -5.97869e-03  9.74205e-01  9.92141e-01
4.04218e+01  9.66416e-01  9.85477e-01  -6.23216e-03  9.73013e-01  9.91709e-01
4.05265e+01  9.66152e-01  9.84953e-01  -6.41861e-03  9.72116e-01  9.91372e-01
4.06313e+01  9.66247e-01  9.84594e-01  -6.53720e-03  9.71520e-01  9.91131e-01
4.07360e+01  9.66696e-01  9.84402e-01  -6.58761e-03  9.71227e-01  9.90989e-01
4.08407e+01  9.67494e-01  9.84377e-01  -6.56999e-03  9.71237e-01  9.90947e-01
4.09454e+01  9.68630e-01  9.84518e-01  -6.48499e-03  9.71548e-01  9.91003e-01
4.10501e+01  9.70091e-01  9.84823e-01  -6.33372e-03  9.72156e-01  9.91157e-01
4.11549e+01  9.71863e-01  9.85288e-01  -6.11781e-03  9.73052e-01  9.91406e-01
4.12596e+01  9.73926e-01  9.85907e-01  -5.83937e-03  9.74228e-01  9.91746e-01
4.13643e+01  9.76261e-01  9.86674e-01  -5.50103e-03  9.75671e-01  9.92175e-01
4.14690e+01  9.78842e-01  9.87579e-01  -5.10594e-03  9.77367e-01  9.92685e-01
4.15737e+01  9.81645e-01  9.88614e-01  -4.65776e-03  9.79299e-01  9.93272e-01
4.16785e+01  9.84639e-01  9.89768e-01  -4.16071e-03  9.81446e-01  9.93928e-01
4.17832e+01  9.87794e-01  9.91027e-01  -3.61954e-03  9.83788e-01  9.94647e-01
4.18879e+01  9.91076e-01  9.92380e-01  -3.03954e-03  9.86301e-01  9.95420e-01
4.19926e+01  9.94450e-01  9.93811e-01  -2.42650e-03  9.88958e-01  9.96238e-01
4.20973e+01  9.97879e-01  9.95305e-01  -1.78674e-03  9.91731e-01  9.97092e-01
4.22021e+01  1.00132e+00  9.96845e-01  -1.12702e-03  9.94591e-01  9.97972e-01
4.23068e+01  1.00475e+00  9.98415e-01  -4.54517e-04  9.97506e-01  9.98869e-01
4.24115e+01  1.00811e+00  9.99996e-01  2.23236e-04  1.00044e+00  9.99773e-01
4.25162e+01  1.01137e+00  1.00157e+00  8.98443e-04  1.00337e+00  1.00067e+00
4.26209e+01  1.01449e+00  1.00312e+00  1.56313e-03  1.00625e+00  1.00156e+00
4.27257e+01  1.01743e+00  1.00463e+00  2.20926e-03  1.00905e+00  1.00242e+00
4.28304e+01  1.02015e+00  1.00608e+00  2.82883e-03  1.01174e+00  1.00325e+00
4.29351e+01  1.02263e+00  1.00745e+00  3.41405e-03  1.01428e+00  1.00404e+00
4.30398e+01  1.02483e+00  1.00873e+00  3.95742e-03  1.01664e+00  1.00477e+00
4.31445e+01  1.02672e+00  1.00990e+00  4.45191e-03  1.01880e+00  1.00544e+00
4.32493e+01  1.02829e+00  1.01094e+00  4.89109e-03  1.02072e+00  1.00605e+00
4.33540e+01  1.02950e+00  1.01185e+00  5.26925e-03  1.02239e+00  1.00658e+00
4.34587e+01  1.03036e+00  1.01262e+00  5.58152e-03  1.02378e+00  1.00704e+00
4.35634e+01  1.03085e+00  1.01323e+00  5.82399e-03  1.02488e+00  1.00741e+00
4.36681e+01  1.03096e+00  1.01369e+00  5.99376e-03  1.02567e+00  1.00769e+00
4.37729e+01  1.03070e+00  1.01397e+00  6.08906e-03  1.02615e+00  1.00788e+00
4.38776e+01  1.03008e+00  1.01409e+00  6.10920e-03  1.02631e+00  1.00798e+00
4.39823e+01  1.02911e+00  1.01405e+00  6.05465e-03  1.02616e+00  1.00799e+00
4.40870e+01  1.02780e+00  1.01384e+00  5.92697e-03  1.02569e+00  1.00791e+00
4.41917e+01  1.02617e+00  1.01347e+00  5.72880e-03  1.02493e+00  1.00774e+00
4.42965e+01  1.02426e+00  1.01295e+00  5.46375e-03  1.02387e+00  1.00748e+00
4.44012e+01  1.02208e+00  1.01228e+00  5.13634e-03  1.02255e+00  1.00714e+00
4.45059e+01  1.01968e+00  1.01148e+00  4.75187e-03  1.02098e+00  1.00672e+00
4.46106e+01  1.01707e+00  1.01055e+00  4.31630e-03  1.01918e+00  1.00624e+00
4.47153e+01  1.01431e+00  1.00952e+00  3.83614e-03  1.01719e+00  1.00568e+00
4.48201e+01  1.01142e+00  1.00839e+00  3.31827e-03  1.01503e+00  1.00507e+00
4.49248e+01  1.00844e+00  1.00718e+00  2.76986e-03  1.01272e+00  1.00441e+00
4.50295e+01  1.00540e+00  1.00590e+00  2.19822e-03  1.01030e+00  1.00370e+00
4.51342e+01  1.00235e+00  1.00458e+00  1.61067e-03  1.00780e+00  1.00297e+00
4.52389e+01  9.99313e-01  1.00322e+00  1.01445e-03  1.00525e+00  1.00220e+00
4.53437e+01  9.96328e-01  1.00184e+00  4.16624e-04  1.00267e+00  1.00142e+00
4.54484e+01  9.93425e-01  1.00046e+00  -1.76023e-04  1.00011e+00  1.00064e+00
4.55531e+01  9.90635e-01  9.99097e-01  -7.57030e-04  9.97583e-01  9.99854e-01
4.56578e+01  9.87986e-01  9.97759e-01  -1.32032e-03  9.95119e-01  9.99080e-01
4.57625e+01  9.85503e-01  9.96463e-01  -1.86026e-03  9.92743e-01  9.98324e-01
4.58673e+01  9.83209e-01  9.95223e-01  -2.37166e-03  9.90479e-01  9.97594e-01
4.59720e+01  9.81126e-01  9.94049e-01  -2.84980e-03  9.88349e-01  9.96899e-01
4.60767e+01  9.79271e-01  9.92954e-01  -3.29047e-03  9.86373e-01  9.96245e-01
4.61814e+01  9.77661e-01  9.91948e-01  -3.68993e-03  9.84568e-01  9.95638e-01
4.62861e+01  9.76307e-01  9.91041e-01  -4.04496e-03  9.82951e-01  9.95086e-01
4.63909e+01  9.75222e-01  9.90239e-01  -4.35279e-03  9.81534e-01  9.94592e-01
4.64956e+01  9.74412e-01  9.89551e-01  -4.61116e-03  9.80329e-01  9.94162e-01
4.66003e+01  9.73882e-01  9.88982e-01  -4.81825e-03  9.79346e-01  9.93801e-01
4.67050e+01  9.73636e-01  9.88537e-01  -4.97272e-03  9.78591e-01  9.93510e-01
4.68097e+01  9.73673e-01  9.88218e-01  -5.07367e-03  9.78071e-01  9.93292e-01
4.69145e+01  9.73992e-01  9.88029e-01  -5.12065e-03  9.77788e-01  9.93149e-01
4.70192e+01  9.74586e-01  9.87969e-01  -5.11366e-03  9.77742e-01  9.93083e-01
4.71239e+01  9.75448e-01  9.88040e-01  -5.05311e-03  9.77933e-01  9.93093e-01
4.72286e+01  9.76570e-01  9.88238e-01  -4.93987e-03  9.78358e-01  9.93178e-01
4.73333e+01  9.77938e-01  9.88562e-01  -4.77524e-03  9.79011e-01  9.93337e-01
4.74380e+01  9.79538e-01  9.89007e-01  -4.56093e-03  9.79885e-01  9.93568e-01
4.75428e+01  9.81352e-01  9.89568e-01  -4.29911e-03  9.80970e-01  9.93867e-01
4.76475e+01  9.83363e-01  9.90240e-01  -3.99239e-03  9.82255e-01  9.94232e-01
4.77522e+01  9.85549e-01  9.91014e-01  -3.64378e-03  9.83727e-01  9.94658e-01
4.78569e+01  9.87887e-01  9.91883e-01  -3.25676e-03  9.85370e-01  9.95140e-01
4.79616e+01  9.90352e-01  9.92837e-01  -2.83518e-03  9.87167e-01  9.95672e-01
4.80664e+01  9.92917e-01  9.93865e-01  -2.38334e-03  9.89099e-01  9.96249e-01
4.81711e+01  9.95554e-01  9.94957e-01  -1.90590e-03  9.91145e-01  9.96863e-01
4.82758e+01  9.98235e-01  9.96100e-01  -1.40789e-03  9.93285e-01  9.97508e-01
4.83805e+01  1.00093e+00  9.97282e-01  -8.94650e-04  9.95493e-01  9.98177e-01
4.84852e+01  1.00361e+00  9.98490e-01  -3.71805e-04  9.97746e-01  9.98862e-01
4.85900e+01  1.00624e+00  9.99710e-01  1.54795e-04  1.00002e+00  9.99555e-01
4.86947e+01  1.00879e+00  1.00093e+00  6.79138e-04  1.00229e+00  1.00025e+00
4.87994e+01  1.01123e+00  1.00213e+00  1.19512e-03  1.00452e+00  1.00093e+00
4.89041e+01  1.01354e+00  1.00330e+00  1.69663e-03  1.00670e+00  1.00161e+00
4.90088e+01  1.01568e+00  1.00443e+00  2.17762e-03  1.00879e+00  1.00226e+00
4.91136e+01  1.01763e+00  1.00551e+00  2.63222e-03  1.01077e+00  1.00287e+00
4.92183e+01  1.01936e+00  1.00651e+00  3.05482e-03  1.01262e+00  1.00346e+00
4.93230e+01  1.02086e+00  1.00744e+00  3.44015e-03  1.01432e+00  1.00400e+00
4.94277e+01  1.02211e+00  1.00827e+00  3.78340e-03  1.01584e+00  1.00449e+00
4.95324e+01  1.02310e+00  1.00900e+00  4.08029e-03  1.01716e+00  1.00492e+00
4.96372e+01  1.02380e+00  1.00963e+00  4.32715e-03  1.01828e+00  1.00530e+00
4.97419e+01  1.02422e+00  1.01013e+00  4.52101e-03  1.01918e+00  1.00561e+00
4.98466e+01  1.02435e+00  1.01052e+00  4.65961e-03  1.01984e+00  1.00586e+00
4.99513e+01  1.02419e+00  1.01078e+00  4.74150e-03  1.02027e+00  1.00604e+00
5.00560e+01  1.02375e+00  1.01092e+00  4.76603e-03  1.02045e+00  1.00615e+00
5.01608e+01  1.02303e+00  1.01092e+00  4.73334e-03  1.02039e+00  1.00619e+00
5.02655e+01  1.02205e+00  1.01080e+00  4.64441e-03  1.02009e+00  1.00616e+00
5.03702e+01  1.02082e+00  1.01056e+00  4.50096e-03  1.01956e+00  1.00606e+00
5.04749e+01  1.01936e+00  1.01020e+00  4.30547e-03  1.01881e+00  1.00589e+00
5.05796e+01  1.01769e+00  1.00972e+00  4.06107e-03  1.01784e+00  1.00566e+00
5.06844e+01  1.01583e+00  1.00914e+00  3.77153e-03  1.01668e+00  1.00536e+00
5.07891e+01  1.01381e+00  1.00845e+00  3.44111e-03  1.01534e+00  1.00501e+00
5.08938e+01  1.01165e+00  1.00768e+00  3.07453e-03  1.01383e+00  1.00461e+00
5.09985e+01  1.00939e+00  1.00683e+00  2.67687e-03  1.01218e+00  1.00415e+00
5.11032e+01  1.00704e+00  1.00591e+00  2.25346e-03  1.01042e+00  1.00366e+00
5.12080e+01  1.00465e+00  1.00494e+00  1.80979e-03  1.00856e+00  1.00313e+00
5.13127e+01  1.00222e+00  1.00392e+00  1.35146e-03  1.00662e+00  1.00257e+00
5.14174e+01  9.99806e-01  1.00286e+00  8.84058e-04  1.00463e+00  1.00198e+00
5.15221e+01  9.97419e-01  1.00179e+00  4.13105e-04  1.00262e+00  1.00138e+00
5.16268e+01  9.95088e-01  1.00071e+00  -5.60140e-05  1.00060e+00  1.00077e+00
5.17316e+01  9.92839e-01  9.99637e-01  -5.18110e-04  9.98601e-01  1.00016e+00
5.18363e+01  9.90694e-01  9.98578e-01  -9.68237e-04  9.96642e-01  9.99546e-01
5.19410e+01  9.88675e-01  9.97546e-01  -1.40174e-03  9.94743e-01  9.98948e-01
5.20457e+01  9.86802e-01  9.96552e-01  -1.81427e-03  9.92924e-01  9.98367e-01
5.21504e+01  9.85093e-01  9.95607e-01  -2.20184e-03  9.91203e-01  9.97809e-01
5.22552e+01  9.83563e-01  9.94719e-01  -2.56081e-03  9.89597e-01  9.97280e-01
5.23599e+01  9.82226e-01  9.93898e-01  -2.88793e-03  9.88122e-01  9.96786e-01
5.24646e+01  9.81094e-01  9.93151e-01  -3.18034e-03  9.86790e-01  9.96331e-01
5.25693e+01  9.80177e-01  9.92485e-01  -3.43556e-03  9.85614e-01  9.95921e-01
5.26740e+01  9.79481e-01  9.91907e-01  -3.65151e-03  9.84604e-01  9.95558e-01
5.27788e+01  9.79012e-01  9.91421e-01  -3.82650e-03  9.83768e-01  9.95248e-01
5.28835e+01  9.78773e-01  9.91033e-01  -3.95924e-03  9.83114e-01  9.94992e-01
5.29882e+01  9.78764e-01  9.90744e-01  -4.04882e-03  9.82646e-01  9.94793e-01
5.30929e+01  9.78984e-01  9.90558e-01  -4.09472e-03  9.82368e-01  9.94652e-01
5.31976e+01  9.79429e-01  9.90475e-01  -4.09683e-03  9.82281e-01  9.94572e-01
5.33024e+01  9.80095e-01  9.90495e-01  -4.05539e-03  9.82385e-01  9.94551e-01
5.34071e+01  9.80972e-01  9.90619e-01  -3.97104e-03  9.82677e-01  9.94590e-01
5.35118e+01  9.82052e-01  9.90843e-01  -3.84479e-03  9.83154e-01  9.94688e-01
5.36165e+01  9.83322e-01  9.91166e-01  -3.67803e-03  9.83810e-01  9.94844e-01
5.37212e+01  9.84769e-01  9.91583e-01  -3.47252e-03  9.84638e-01  9.95056e-01
5.38260e+01  9.86378e-01  9.92090e-01  -3.23038e-03  9.85629e-01  9.95320e-01
5.39307e+01  9.88130e-01  9.92681e-01  -2.95411e-03  9.86773e-01  9.95635e-01
5.40354e+01  9.90009e-01  9.93349e-01  -2.64654e-03  9.88056e-01  9.95995e-01
5.41401e+01  9.91992e-01  9.94087e-01  -2.31084e-03  9.89466e-01  9.96398e-01
5.42448e+01  9.94059e-01  9.94888e-01  -1.95052e-03  9.90987e-01  9.96838e-01
5.43496e+01  9.96187e-01  9.95741e-01  -1.56936e-03  9.92602e-01  9.97311e-01
5.44543e+01  9.98353e-01  9.96638e-01  -1.17144e-03  9.94296e-01  9.97810e-01
5.45590e+01  1.00053e+00  9.97570e-01  -7.61060e-04  9.96047e-01  9.98331e-01
5.46637e+01  1.00270e+00  9.98524e-01  -3.42744e-04  9.97839e-01  9.98867e-01
5.47684e+01  1.00483e+00  9.99491e-01  7.88394e-05  9.99649e-01  9.99412e-01
5.48732e+01  1.00690e+00  1.00046e+00  4.98908e-04  1.00146e+00  9.99961e-01
5.49779e+01  1.00889e+00  1.00142e+00  9.12626e-04  1.00325e+00  1.00051e+00
5.50826e+01  1.01077e+00  1.00236e+00  1.31516e-03  1.00499e+00  1.00104e+00
5.51873e+01  1.01251e+00  1.00327e+00  1.70177e-03  1.00667e+00  1.00157e+00
5.52920e+01  1.01411e+00  1.00414e+00  2.06781e-03  1.00827e+00  1.00207e+00
5.53968e+01  1.01554e+00  1.00495e+00  2.40889e-03  1.00977e+00  1.00254e+00
5.55015e+01  1.01678e+00  1.00571e+00  2.72087e-03  1.01115e+00  1.00299e+00
5.56062e+01  1.01782e+00  1.00639e+00  2.99995e-03  1.01239e+00  1.00339e+00
5.57109e+01  1.01865e+00  1.00700e+00  3.24276e-03  1.01349e+00  1.00376e+00
5.58156e+01  1.01926e+00  1.00753e+00  3.44638e-03  1.01442e+00  1.00408e+00
5.59203e+01  1.01964e+00  1.00796e+00  3.60840e-03  1.01518e+00  1.00435e+00
5.60251e+01  1.01979e+00  1.00830e+00  3.72697e-03  1.01575e+00  1.00457e+00
5.61298e+01  1.01970e+00  1.00854e+00  3.80083e-03  1.01615e+00  1.00474e+00
5.62345e+01  1.01939e+00  1.00869e+00  3.82933e-03  1.01634e+00  1.00486e+00
5.63392e+01  1.01885e+00  1.00873e+00  3.81244e-03  1.01635e+00  1.00491e+00
5.64439e+01  1.01810e+00  1.00867e+00  3.75073e-03  1.01617e+00  1.00492e+00
5.65487e+01  1.01714e+00  1.00851e+00  3.64536e-03  1.01580e+00  1.00486e+00
5.66534e+01  1.01599e+00  1.00825e+00  3.49808e-03  1.01525e+00  1.00476e+00
5.67581e+01  1.01467e+00  1.00791e+00  3.31117e-03  1.01453e+00  1.00460e+00
5.68628e+01  1.01319e+00  1.00747e+00  3.08737e-03  1.01365e+00  1.00439e+00
5.69675e+01  1.01157e+00  1.00696e+00  2.82988e-03  1.01262e+00  1.00413e+00
5.70723e+01  1.00984e+00  1.00637e+00  2.54225e-03  1.01145e+00  1.00383e+00
5.71770e+01  1.00801e+00  1.00571e+00  2.22836e-03  1.01017e+00  1.00348e+00
5.72817e+01  1.00611e+00  1.00500e+00  1.89233e-03  1.00878e+00  1.00311e+00
5.73864e+01  1.00415e+00  1.00423e+00  1.53843e-03  1.00731e+00  1.00270e+00
5.74911e+01  1.00217e+00  1.00343e+00  1.17107e-03  1.00577e+00  1.00226e+00
5.75959e+01  1.00019e+00  1.00260e+00  7.94699e-04  1.00419e+00  1.00180e+00
5.77006e+01  9.98222e-01  1.00174e+00  4.13757e-04  1.00257e+00  1.00133e+00
5.78053e+01  9.96295e-01  1.00087e+00  3.26169e-05  1.00094e+00  1.00084e+00
5.79100e+01  9.94428e-01  1.00001e+00  -3.44460e-04  9.99319e-01  1.00035e+00
5.80147e+01  9.92641e-01  9.99149e-01  -7.13372e-04  9.97722e-01  9.99862e-01
5.81195e+01  9.90952e-01  9.98307e-01  -1.07021e-03  9.96167e-01  9.99378e-01
5.82242e+01  9.89378e-01  9.97493e-01  -1.41131e-03  9.94670e-01  9.98904e-01
5.83289e+01  9.87935e-01  9.96714e-01  -1.73323e-03  9.93247e-01  9.98447e-01
5.84336e+01  9.86636e-01  9.95977e-01  -2.03284e-03  9.91912e-01  9.98010e-01
5.85383e+01  9.85494e-01  9.95292e-01  -2.30728e-03  9.90677e-01  9.97599e-01
5.86431e+01  9.84519e-01  9.94663e-01  -2.55403e-03  9.89555e-01  9.97217e-01
5.87478e+01  9.83721e-01  9.94098e-01  -2.77086e-03  9.88557e-01  9.96869e-01
5.88525e+01  9.83105e-01  9.93602e-01  -2.95589e-03  9.87691e-01  9.96558e-01
5.89572e+01  9.82676e-01  9.93180e-01  -3.10754e-03  9.86965e-01  9.96287e-01
5.90619e+01  9.82439e-01  9.92835e-01  -3.22461e-03  9.86386e-01  9.96059e-01
5.91667e+01  9.82393e-01  9.92570e-01  -3.30619e-03  9.85958e-01  9.95876e-01
5.92714e+01  9.82539e-01  9.92388e-01  -3.35175e-03  9.85684e-01  9.95740e-01
5.93761e+01  9.82874e-01  9.92290e-01  -3.36106e-03  9.85568e-01  9.95651e-01
5.94808e+01  9.83393e-01  9.92276e-01  -3.33424e-03  9.85608e-01  9.95610e-01
5.95855e+01  9.84091e-01  9.92347e-01  -3.27175e-03  9.85803e-01  9.95618e-01
5.96903e+01  9.84959e-01  9.92500e-01  -3.17437e-03  9.86152e-01  9.95675e-01
5.97950e+01  9.85988e-01  9.92735e-01  -3.04320e-03  9.86649e-01  9.95778e-01
5.98997e+01  9.87167e-01  9.93048e-01  -2.87968e-03  9.87288e-01  9.95928e-01
6.00044e+01  9.88483e-01  9.93435e-01  -2.68555e-03  9.88064e-01  9.96121e-01
6.01091e+01  9.89921e-01  9.93893e-01  -2.46286e-03  9.88967e-01  9.96356e-01
6.02139e+01  9.91467e-01  9.94416e-01  -2.21395e-03  9.89988e-01  9.96630e-01
6.03186e+01  9.93103e-01  9.94998e-01  -1.94143e-03  9.91115e-01  9.96939e-01
6.04233e+01  9.94812e-01  9.95633e-01  -1.64821e-03  9.92336e-01  9.97281e-01
6.05280e+01  9.96574e-01  9.96313e-01  -1.33741e-03  9.93638e-01  9.97651e-01
6.06327e+01  9.98370e-01  9.97032e-01  -1.01238e-03  9.95007e-01  9.98044e-01
6.07375e+01  1.00018e+00  9.97781e-01  -6.76660e-04  9.96428e-01  9.98458e-01
6.08422e+01  1.00199e+00  9.98552e-01  -3.33954e-04  9.97884e-01  9.98886e-01
6.09469e+01  1.00376e+00  9.99336e-01  1.19139e-05  9.99360e-01  9.99324e-01
6.10516e+01  1.00549e+00  1.00012e+00  3.57041e-04  1.00084e+00  9.99768e-01
6.11563e+01  1.00716e+00  1.00091e+00  6.97484e-04  1.00230e+00  1.00021e+00
6.12611e+01  1.00873e+00  1.00168e+00  1.02931e-03  1.00374e+00  1.00065e+00
6.13658e+01  1.01021e+00  1.00243e+00  1.34866e-03  1.00512e+00  1.00108e+00
6.14705e+01  1.01156e+00  1.00314e+00  1.65177e-03  1.00645e+00  1.00149e+00
6.15752e+01  1.01277e+00  1.00382e+00  1.93504e-03  1.00769e+00  1.00189e+00
6.16799e+01  1.01383e+00  1.00445e+00  2.19512e-03  1.00884e+00  1.00226e+00
6.17847e+01  1.01473e+00  1.00503e+00  2.42891e-03  1.00989e+00  1.00260e+00
6.18894e+01  1.01545e+00  1.00555e+00  2.63361e-03  1.01082e+00  1.00292e+00
6.19941e+01  1.01600e+00  1.00600e+00  2.80681e-03  1.01161e+00  1.00319e+00
6.20988e+01  1.01635e+00  1.00638e+00  2.94650e-03  1.01227e+00  1.00343e+00
6.22035e+01  1.01651e+00  1.00669e+00  3.05109e-03  1.01279e+00  1.00363e+00
6.23083e+01  1.01648e+00  1.00691e+00  3.11947e-03  1.01315e+00  1.00379e+00
6.24130e+01  1.01626e+00  1.00706e+00  3.15097e-03  1.01336e+00  1.00391e+00
6.25177e+01  1.01585e+00  1.00712e+00  3.14544e-03  1.01341e+00  1.00398e+00
6.26224e+01  1.01526e+00  1.00710e+00  3.10321e-03  1.01331e+00  1.00400e+00
6.27271e+01  1.01450e+00  1.00700e+00  3.02506e-03  1.01305e+00  1.00398e+00
6.28319e+01  1.01358e+00  1.00683e+00  2.91226e-03  1.01265e+00  1.00391e+00
6.29366e+01  1.01251e+00  1.00657e+00  2.76648e-03  1.01211e+00  1.00381e+00
6.30413e+01  1.01130e+00  1.00624e+00  2.58982e-03  1.01142e+00  1.00366e+00
6.31460e+01  1.00997e+00  1.00585e+00  2.38473e-03  1.01062e+00  1.00346e+00
6.32507e+01  1.00854e+00  1.00539e+00  2.15398e-03  1.00970e+00  1.00324e+00
6.33555e+01  1.00703e+00  1.00487e+00  1.90060e-03  1.00868e+00  1.00297e+00
6.34602e+01  1.00545e+00  1.00431e+00  1.62786e-03  1.00756e+00  1.00268e+00
6.35649e+01  1.00382e+00  1.00370e+00  1.33919e-03  1.00638e+00  1.00236e+00
6.36696e+01  1.00216e+00  1.00305e+00  1.03814e-03  1.00513e+00  1.00201e+00
6.37743e+01  1.00049e+00  1.00238e+00  7.28352e-04  1.00383e+00  1.00165e+00
6.38791e+01  9.98829e-01  1.00168e+00  4.13462e-04  1.00251e+00  1.00127e+00
6.39838e+01  9.97196e-01  1.00097e+00  9.70985e-05  1.00117e+00  1.00088e+00
6.40885e+01  9.95609e-01  1.00026e+00  -2.17174e-04  9.99827e-01  1.00048e+00
6.41932e+01  9.94084e-01  9.99551e-01  -5.25896e-04  9.98500e-01  1.00008e+00
6.42979e+01  9.92636e-01  9.98853e-01  -8.25744e-04  9.97201e-01  9.99679e-01
6.44026e+01  9.91282e-01  9.98173e-01  -1.11356e-03  9.95946e-01  9.99286e-01
6.45074e+01  9.90034e-01  9.97519e-01  -1.38639e-03  9.94746e-01  9.98905e-01
6.46121e+01  9.88905e-01  9.96897e-01  -1.64149e-03  9.93614e-01  9.98538e-01
6.47168e+01  9.87907e-01  9.96314e-01  -1.87634e-03  9.92562e-01  9.98191e-01
6.48215e+01  9.87047e-01  9.95777e-01  -2.08869e-03  9.91599e-01  9.97865e-01
6.49262e+01  9.86335e-01  9.95289e-01  -2.27655e-03  9.90736e-01  9.97566e-01
6.50310e+01  9.85777e-01  9.94857e-01  -2.43819e-03  9.89981e-01  9.97295e-01
6.51357e+01  9.85377e-01  9.94484e-01  -2.57218e-03  9.89340e-01  9.97056e-01
6.52404e+01  9.85139e-01  9.94174e-01  -2.67736e-03  9.88819e-01  9.96851e-01
6.53451e+01  9.85065e-01  9.93930e-01  -2.75287e-03  9.88424e-01  9.96682e-01
6.54498e+01  9.85154e-01  9.93753e-01  -2.79814e-03  9.88157e-01  9.96551e-01
6.55546e+01  9.85404e-01  9.93646e-01  -2.81291e-03  9.88020e-01  9.96459e-01
6.56593e+01  9.85813e-01  9.93608e-01  -2.79717e-03  9.88014e-01  9.96406e-01
6.57640e+01  9.86375e-01  9.93641e-01  -2.75125e-03  9.88139e-01  9.96392e-01
6.58687e+01  9.87084e-01  9.93744e-01  -2.67574e-03  9.88392e-01  9.96419e-01
6.59734e+01  9.87932e-01  9.93914e-01  -2.57152e-03  9.88771e-01  9.96485e-01
6.60782e+01  9.88910e-01  9.94150e-01  -2.43975e-03  9.89271e-01  9.96590e-01
6.61829e+01  9.90007e-01  9.94449e-01  -2.28188e-03  9.89886e-01  9.96731e-01
6.62876e+01  9.91211e-01  9.94809e-01  -2.09959e-03  9.90609e-01  9.96908e-01
6.63923e+01  9.92509e-01  9.95223e-01  -1.89484e-03  9.91434e-01  9.97118e-01
6.64970e+01  9.93887e-01  9.95689e-01  -1.66981e-03  9.92350e-01  9.97359e-01
6.66018e+01  9.95330e-01  9.96201e-01  -1.42693e-03  9.93347e-01  9.97628e-01
6.67065e+01  9.96822e-01  9.96753e-01  -1.16881e-03  9.94415e-01  9.97921e-01
6.68112e+01  9.98346e-01  9.97338e-01  -8.98253e-04  9.95542e-01  9.98237e-01
6.69159e+01  9.99885e-01  9.97952e-01  -6.18220e-04  9.96715e-01  9.98570e-01
6.70206e+01  1.00142e+00  9.98585e-01  -3.31804e-04  9.97922e-01  9.98917e-01
6.71254e+01  1.00294e+00  9.99232e-01  -4.21987e-05  9.99148e-01  9.99275e-01
6.72301e+01  1.00442e+00  9.99886e-01  2.47338e-04  1.00038e+00  9.99638e-01
6.73348e+01  1.00585e+00  1.00054e+00  5.33518e-04  1.00160e+00  1.00000e+00
6.74395e+01  1.00721e+00  1.00118e+00  8.13061e-04  1.00281e+00  1.00037e+00
6.75442e+01  1.00848e+00  1.00181e+00  1.08274e-03  1.00397e+00  1.00073e+00
6.76490e+01  1.00965e+00  1.00241e+00  1.33942e-03  1.00509e+00  1.00107e+00
6.77537e+01  1.01071e+00  1.00299e+00  1.58009e-03  1.00615e+00  1.00141e+00
6.78584e+01  1.01164e+00  1.00353e+00  1.80193e-03  1.00713e+00  1.00172e+00
6.79631e+01  1.01243e+00  1.00402e+00  2.00234e-03  1.00803e+00  1.00202e+00
6.80678e+01  1.01308e+00  1.00447e+00  2.17895e-03  1.00883e+00  1.00229e+00
6.81726e+01  1.01357e+00  1.00486e+00  2.32972e-03  1.00952e+00  1.00253e+00
6.82773e+01  1.01391e+00  1.00520e+00  2.45288e-03  1.01011e+00  1.00275e+00
6.83820e+01  1.01408e+00  1.00548e+00  2.54707e-03  1.01057e+00  1.00293e+00
6.84867e+01  1.01410e+00  1.00569e+00  2.61124e-03  1.01091e+00  1.00308e+00
6.85914e+01  1.01394e+00  1.00583e+00  2.64478e-03  1.01112e+00  1.00319e+00
6.86962e+01  1.01363e+00  1.00591e+00  2.64742e-03  1.01121e+00  1.00327e+00
6.88009e+01  1.01317e+00  1.00592e+00  2.61933e-03  1.01116e+00  1.00330e+00
6.89056e+01  1.01255e+00  1.00587e+00  2.56104e-03  1.01099e+00  1.00331e+00
6.90103e+01  1.01179e+00  1.00574e+00  2.47347e-03  1.01069e+00  1.00327e+00
6.91150e+01  1.01091e+00  1.00556e+00  2.35791e-03  1.01027e+00  1.00320e+00
6.92198e+01  1.00990e+00  1.00531e+00  2.21597e-03  1.00974e+00  1.00309e+00
6.93245e+01  1.00879e+00  1.00500e+00  2.04958e-03  1.00910e+00  1.00295e+00
6.94292e+01  1.00759e+00  1.00464e+00  1.86094e-03  1.00836e+00  1.00278e+00
6.95339e+01  1.00631e+00  1.00422e+00  1.65249e-03  1.00753e+00  1.00257e+00
6.96386e+01  1.00497e+00  1.00377e+00  1.42689e-03  1.00662e+00  1.00234e+00
6.97434e+01  1.00358e+00  1.00327e+00  1.18694e-03  1.00565e+00  1.00209e+00
6.98481e+01  1.00216e+00  1.00275e+00  9.35575e-04  1.00462e+00  1.00181e+00
6.99528e+01  1.00073e+00  1.00219e+00  6.75811e-04  1.00354e+00  1.00151e+00
7.00575e+01  9.99298e-01  1.00162e+00  4.10702e-04  1.00244e+00  1.00121e+00
7.01622e+01  9.97886e-01  1.00103e+00  1.43309e-04  1.00131e+00  1.00088e+00
7.02670e+01  9.96509e-01  1.00043e+00  -1.23343e-04  1.00019e+00  1.00056e+00
7.03717e+01  9.95181e-01  9.99837e-01  -3.86291e-04  9.99064e-01  1.00022e+00
7.04764e+01  9.93915e-01  9.99248e-01  -6.42670e-04  9.97963e-01  9.99891e-01
7.05811e+01  9.92726e-01  9.98672e-01  -8.89741e-04  9.96892e-01  9.99561e-01
7.06858e+01  9.91626e-01  9.98114e-01  -1.12491e-03  9.95865e-01  9.99239e-01
7.07906e+01  9.90625e-01  9.97582e-01  -1.34576e-03  9.94890e-01  9.98928e-01
7.08953e+01  9.89734e-01  9.97080e-01  -1.55007e-03  9.93980e-01  9.98630e-01
7.10000e+01  9.88960e-01  9.96614e-01  -1.73581e-03  9.93142e-01  9.98349e-01
7.11047e+01  9.88313e-01  9.96188e-01  -1.90117e-03  9.92385e-01  9.98089e-01
7.12094e+01  9.87798e-01  9.95807e-01  -2.04459e-03  9.91717e-01  9.97851e-01
7.13142e+01  9.87419e-01  9.95474e-01  -2.16474e-03  9.91144e-01  9.97638e-01
7.14189e+01  9.87179e-01  9.95193e-01  -2.26054e-03  9.90672e-01  9.97453e-01
7.15236e+01  9.87082e-01  9.94966e-01  -2.33114e-03  9.90304e-01  9.97297e-01
7.16283e+01  9.87126e-01  9.94796e-01  -2.37599e-03  9.90044e-01  9.97172e-01
7.17330e+01  9.87310e-01  9.94684e-01  -2.39475e-03  9.89894e-01  9.97079e-01
7.18378e+01  9.87634e-01  9.94631e-01  -2.38737e-03  9.89856e-01  9.97018e-01
7.19425e+01  9.88091e-01  9.94636e-01  -2.35404e-03  9.89928e-01  9.96991e-01
7.20472e+01  9.88678e-01  9.94701e-01  -2.29522e-03  9.90111e-01  9.96997e-01
7.21519e+01  9.89387e-01  9.94824e-01  -2.21160e-03  9.90401e-01  9.97036e-01
7.22566e+01  9.90211e-01  9.95003e-01  -2.10415e-03  9.90795e-01  9.97107e-01
7.23614e+01  9.91141e-01  9.95237e-01  -1.97404e-03  9.91289e-01  9.97211e-01
7.24661e+01  9.92166e-01  9.95522e-01  -1.82269e-03  9.91876e-01  9.97344e-01
7.25708e+01  9.93276e-01  9.95855e-01  -1.65175e-03  9.92551e-01  9.97507e-01
7.26755e+01  9.94458e-01  9.96233e-01  -1.46307e-03  9.93306e-01  9.97696e-01
7.27802e+01  9.95699e-01  9.96651e-01  -1.25868e-03  9.94133e-01  9.97909e-01
7.28849e+01  9.96985e-01  9.97104e-01  -1.04081e-03  9.95023e-01  9.98145e-01
7.29897e+01  9.98302e-01  9.97589e-01  -8.11833e-04  9.95965e-01  9.98400e-01
7.30944e+01  9.99636e-01  9.98098e-01  -5.74273e-04  9.96949e-01  9.98672e-01
7.31991e+01  1.00097e+00  9.98627e-01  -3.30753e-04  9.97965e-01  9.98957e-01
7.33038e+01  1.00229e+00  9.99169e-01  -8.39866e-05  9.99001e-01  9.99253e-01
7.34085e+01  1.00359e+00  9.99718e-01  1.63254e-04  1.00004e+00  9.99555e-01
7.35133e+01  1.00484e+00  1.00027e+00  4.08172e-04  1.00109e+00  9.99861e-01
7.36180e+01  1.00603e+00  1.00081e+00  6.47977e-04  1.00211e+00  1.00017e+00
7.37227e+01  1.00715e+00  1.00135e+00  8.79917e-04  1.00311e+00  1.00047e+00
7.38274e+01  1.00819e+00  1.00187e+00  1.10132e-03  1.00407e+00  1.00076e+00
7.39321e+01  1.00913e+00  1.00236e+00  1.30961e-03  1.00498e+00  1.00105e+00
7.40369e+01  1.00996e+00  1.00283e+00  1.50237e-03  1.00583e+00  1.00132e+00
7.41416e+01  1.01068e+00  1.00326e+00  1.67735e-03  1.00661e+00  1.00158e+00
7.42463e+01  1.01127e+00  1.00365e+00  1.83252e-03  1.00731e+00  1.00182e+00
7.43510e+01  1.01173e+00  1.00400e+00  1.96608e-03  1.00793e+00  1.00203e+00
7.44557e+01  1.01206e+00  1.00430e+00  2.07650e-03  1.00845e+00  1.00222e+00
7.45605e+01  1.01224e+00  1.00455e+00  2.16253e-03  1.00888e+00  1.00239e+00
7.46652e+01  1.01229e+00  1.00475e+00  2.22323e-03  1.00920e+00  1.00253e+00
7.47699e+01  1.01219e+00  1.00489e+00  2.25798e-03  1.00941e+00  1.00264e+00
7.48746e+01  1.01195e+00  1.00498e+00  2.26648e-03  1.00951e+00  1.00271e+00
7.49793e+01  1.01158e+00  1.00501e+00  2.24876e-03  1.00951e+00  1.00276e+00
7.50841e+01  1.01107e+00  1.00498e+00  2.20518e-03  1.00939e+00  1.00278e+00
7.51888e+01  1.01045e+00  1.00490e+00  2.13644e-03  1.00917e+00  1.00276e+00
7.52935e+01  1.00970e+00  1.00476e+00  2.04350e-03  1.00885e+00  1.00272e+00
7.53982e+01  1.00885e+00  1.00457e+00  1.92766e-03  1.00843e+00  1.00264e+00
7.55029e+01  1.00791e+00  1.00433e+00  1.79045e-03  1.00791e+00  1.00254e+00
7.56077e+01  1.00687e+00  1.00404e+00  1.63367e-03  1.00731e+00  1.00240e+00
7.57124e+01  1.00577e+00  1.00371e+00  1.45933e-03  1.00662e+00  1.00225e+00
7.58171e+01  1.00461e+00  1.00333e+00  1.26960e-03  1.00587e+00  1.00206e+00
7.59218e+01  1.00341e+00  1.00293e+00  1.06684e-03  1.00506e+00  1.00186e+00
7.60265e+01  1.00217e+00  1.00249e+00  8.53505e-04  1.00420e+00  1.00163e+00
7.61313e+01  1.00092e+00  1.00203e+00  6.32144e-04  1.00329e+00  1.00139e+00
7.62360e+01  9.99668e-01  1.00154e+00  4.05358e-04  1.00236e+00  1.00114e+00
7.63407e+01  9.98427e-01  1.00105e+00  1.75766e-04  1.00140e+00  1.00087e+00
7.64454e+01  9.97211e-01  1.00055e+00  -5.40203e-05  1.00044e+00  1.00060e+00
7.65501e+01  9.96033e-01  1.00004e+00  -2.81433e-04  9.99476e-01  1.00032e+00
7.66549e+01  9.94908e-01  9.99536e-01  -5.03971e-04  9.98528e-01  1.00004e+00
7.67596e+01  9.93846e-01  9.99041e-01  -7.19228e-04  9.97603e-01  9.99761e-01
7.68643e+01  9.92858e-01  9.98561e-01  -9.24914e-04  9.96711e-01  9.99486e-01
7.69690e+01  9.91955e-01  9.98099e-01  -1.11887e-03  9.95862e-01  9.99218e-01
7.70737e+01  9.91146e-01  9.97662e-01  -1.29911e-03  9.95063e-01  9.98961e-01
7.71785e+01  9.90439e-01  9.97253e-01  -1.46381e-03  9.94325e-01  9.98717e-01
7.72832e+01  9.89841e-01  9.96877e-01  -1.61132e-03  9.93654e-01  9.98488e-01
7.73879e+01  9.89358e-01  9.96537e-01  -1.74020e-03  9.93057e-01  9.98277e-01
7.74926e+01  9.88994e-01  9.96238e-01  -1.84923e-03  9.92539e-01  9.98087e-01
7.75973e+01  9.88752e-01  9.95982e-01  -1.93737e-03  9.92107e-01  9.97919e-01
7.77021e+01  9.88635e-01  9.95771e-01  -2.00383e-03  9.91764e-01  9.97775e-01
7.78068e+01  9.88643e-01  9.95608e-01  -2.04804e-03  9.91512e-01  9.97656e-01
7.79115e+01  9.88776e-01  9.95494e-01  -2.06964e-03  9.91355e-01  9.97564e-01
7.80162e+01  9.89032e-01  9.95431e-01  -2.06853e-03  9.91294e-01  9.97499e-01
7.81209e+01  9.89407e-01  9.95418e-01  -2.04479e-03  9.91328e-01  9.97463e-01
7.82257e+01  9.89898e-01  9.95455e-01  -1.99879e-03  9.91458e-01  9.97454e-01
7.83304e+01  9.90499e-01  9.95543e-01  -1.93106e-03  9.91680e-01  9.97474e-01
7.84351e+01  9.91203e-01  9.95679e-01  -1.84241e-03  9.91994e-01  9.97521e-01
7.85398e+01  9.92002e-01  9.95862e-01  -1.73380e-03  9.92394e-01  9.97596e-01
7.86445e+01  9.92889e-01  9.96090e-01  -1.60645e-03  9.92877e-01  9.97697e-01
7.87493e+01  9.93852e-01  9.96361e-01  -1.46175e-03  9.93438e-01  9.97823e-01
7.88540e+01  9.94881e-01  9.96671e-01  -1.30127e-03  9.94069e-01  9.97972e-01
7.89587e+01  9.95966e-01  9.97017e-01  -1.12677e-03  9.94763e-01  9.98144e-01
7.90634e+01  9.97093e-01  9.97395e-01  -9.40161e-04  9.95514e-01  9.98335e-01
7.91681e+01  9.98251e-01  9.97800e-01  -7.43478e-04  9.96313e-01  9.98544e-01
7.92729e+01  9.99427e-01  9.98229e-01  -5.38895e-04  9.97151e-01  9.98768e-01
7.93776e+01  1.00061e+00  9.98676e-01  -3.28678e-04  9.98018e-01  9.99004e-01
7.94823e+01  1.00178e+00  9.99136e-01  -1.15169e-04  9.98905e-01  9.99251e-01
7.95870e+01  1.00293e+00  9.99604e-01  9.92348e-05  9.99802e-01  9.99505e-01
7.96917e+01  1.00404e+00  1.00007e+00  3.12115e-04  1.00070e+00  9.99763e-01
7.97965e+01  1.00511e+00  1.00054e+00  5.21055e-04  1.00159e+00  1.00002e+00
7.99012e+01  1.00611e+00  1.00100e+00  7.23668e-04  1.00245e+00  1.00028e+00
8.00059e+01  1.00705e+00  1.00145e+00  9.17629e-04  1.00329e+00  1.00053e+00
8.01106e+01  1.00790e+00  1.00188e+00  1.10070e-03  1.00408e+00  1.00078e+00
8.02153e+01  1.00866e+00  1.00229e+00  1.27078e-03  1.00483e+00  1.00102e+00
8.03201e+01  1.00932e+00  1.00267e+00  1.42588e-03  1.00552e+00  1.00124e+00
8.04248e+01  1.00987e+00  1.00302e+00  1.56422e-03  1.00614e+00  1.00145e+00
8.05295e+01  1.01031e+00  1.00333e+00  1.68421e-03  1.00670e+00  1.00164e+00
8.06342e+01  1.01062e+00  1.00360e+00  1.78447e-03  1.00717e+00  1.00182e+00
8.07389e+01  1.01082e+00  1.00383e+00  1.86386e-03  1.00756e+00  1.00197e+00
8.08437e+01  1.01089e+00  1.00402e+00  1.92153e-03  1.00786e+00  1.00210e+00
8.09484e+01  1.01083e+00  1.00416e+00  1.95685e-03  1.00807e+00  1.00220e+00
8.10531e+01  1.01065e+00  1.00425e+00  1.96950e-03  1.00819e+00  1.00228e+00
8.11578e+01  1.01035e+00  1.00429e+00  1.95944e-03  1.00821e+00  1.00233e+00
8.12625e+01  1.00994e+00  1.00429e+00  1.92689e-03  1.00814e+00  1.00236e+00
8.13672e+01  1.00941e+00  1.00423e+00  1.87236e-03  1.00798e+00  1.00236e+00
8.14720e+01  1.00877e+00  1.00413e+00  1.79663e-03  1.00772e+00  1.00233e+00
8.15767e+01  1.00804e+00  1.00398e+00  1.70071e-03  1.00738e+00  1.00228e+00
8.16814e+01  1.00722e+00  1.00379e+00  1.58588e-03  1.00696e+00  1.00220e+00
8.17861e+01  1.00633e+00  1.00355e+00  1.45362e-03  1.00646e+00  1.00210e+00
8.18908e+01  1.00537e+00  1.00328e+00  1.30558e-03  1.00589e+00  1.00198e+00
8.19956e+01  1.00435e+00  1.00297e+00  1.14362e-03  1.00526e+00  1.00183e+00
8.21003e+01  1.00329e+00  1.00263e+00  9.69729e-04  1.00457e+00  1.00166e+00
8.22050e+01  1.00219e+00  1.00227e+00  7.85993e-04  1.00384e+00  1.00148e+00
8.23097e+01  1.00108e+00  1.00188e+00  5.94604e-04  1.00307e+00  1.00128e+00
8.24144e+01  9.99968e-01  1.00147e+00  3.97808e-04  1.00227e+00  1.00107e+00
8.25192e+01  9.98859e-01  1.00105e+00  1.97880e-04  1.00144e+00  1.00085e+00
8.26239e+01  9.97769e-01  1.00062e+00  -2.90129e-06  1.00061e+00  1.00062e+00
8.27286e+01  9.96709e-01  1.00018e+00  -2.02280e-04  9.99776e-01  1.00038e+00
8.28333e+01  9.95693e-01  9.99746e-01  -3.98048e-04  9.98950e-01  1.00014e+00
8.29380e+01  9.94729e-01  9.99317e-01  -5.88068e-04  9.98141e-01  9.99905e-01
8.30428e+01  9.93830e-01  9.98898e-01  -7.70295e-04  9.97357e-01  9.99668e-01
8.31475e+01  9.93003e-01  9.98494e-01  -9.42795e-04  9.96608e-01  9.99436e-01
8.32522e+01  9.92258e-01  9.98108e-01  -1.10376e-03  9.95901e-01  9.99212e-01
8.33569e+01  9.91602e-01  9.97747e-01  -1.25154e-03  9.95243e-01  9.98998e-01
8.34616e+01  9.91041e-01  9.97412e-01  -1.38463e-03  9.94642e-01  9.98796e-01
8.35664e+01  9.90582e-01  9.97107e-01  -1.50170e-03  9.94104e-01  9.98609e-01
8.36711e+01  9.90229e-01  9.96836e-01  -1.60160e-03  9.93633e-01  9.98438e-01
8.37758e+01  9.89984e-01  9.96602e-01  -1.68336e-03  9.93235e-01  9.98285e-01
8.38805e+01  9.89851e-01  9.96406e-01  -1.74621e-03  9.92913e-01  9.98152e-01
8.39852e+01  9.89830e-01  9.96251e-01  -1.78960e-03  9.92671e-01  9.98040e-01
8.40900e+01  9.89921e-01  9.96137e-01  -1.81314e-03  9.92511e-01  9.97951e-01
8.41947e+01  9.90122e-01  9.96067e-01  -1.81668e-03  9.92434e-01  9.97884e-01
8.42994e+01  9.90432e-01  9.96041e-01  -1.80026e-03  9.92441e-01  9.97841e-01
8.44041e+01  9.90846e-01  9.96059e-01  -1.76413e-03  9.92530e-01  9.97823e-01
8.45088e+01  9.91361e-01  9.96120e-01  -1.70873e-03  9.92702e-01  9.97828e-01
8.46136e+01  9.91970e-01  9.96223e-01  -1.63471e-03  9.92954e-01  9.97858e-01
8.47183e+01  9.92666e-01  9.96368e-01  -1.54290e-03  9.93283e-01  9.97911e-01
8.48230e+01  9.93442e-01  9.96553e-01  -1.43434e-03  9.93685e-01  9.97988e-01
8.49277e+01  9.94289e-01  9.96775e-01  -1.31020e-03  9.94155e-01  9.98086e-01
8.50324e+01  9.95198e-01  9.97033e-01  -1.17187e-03  9.94689e-01  9.98205e-01
8.51372e+01  9.96160e-01  9.97322e-01  -1.02085e-03  9.95280e-01  9.98343e-01
8.52419e+01  9.97163e-01  9.97640e-01  -8.58807e-04  9.95923e-01  9.98499e-01
8.53466e+01  9.98196e-01  9.97984e-01  -6.87526e-04  9.96609e-01  9.98671e-01
8.54513e+01  9.99247e-01  9.98349e-01  -5.08898e-04  9.97331e-01  9.98858e-01
8.55560e+01  1.00031e+00  9.98731e-01  -3.24907e-04  9.98081e-01  9.99056e-01
8.56608e+01  1.00136e+00  9.99126e-01  -1.37605e-04  9.98851e-01  9.99263e-01
8.57655e+01  1.00240e+00  9.99529e-01  5.09074e-05  9.99631e-01  9.99479e-01
8.58702e+01  1.00340e+00  9.99937e-01  2.38507e-04  1.00041e+00  9.99698e-01
8.59749e+01  1.00437e+00  1.00034e+00  4.23067e-04  1.00119e+00  9.99921e-01
8.60796e+01  1.00529e+00  1.00075e+00  6.02489e-04  1.00195e+00  1.00014e+00
8.61844e+01  1.00614e+00  1.00114e+00  7.74722e-04  1.00269e+00  1.00036e+00
8.62891e+01  1.00693e+00  1.00152e+00  9.37789e-04  1.00339e+00  1.00058e+00
8.63938e+01  1.00763e+00  1.00187e+00  1.08982e-03  1.00405e+00  1.00078e+00
8.64985e+01  1.00825e+00  1.00221e+00  1.22905e-03  1.00467e+00  1.00098e+00
8.66032e+01  1.00877e+00  1.00252e+00  1.35390e-03  1.00523e+00  1.00117e+00
8.67080e+01  1.00918e+00  1.00280e+00  1.46292e-03  1.00573e+00  1.00134e+00
8.68127e+01  1.00950e+00  1.00305e+00  1.55487e-03  1.00616e+00  1.00149e+00
8.69174e+01  1.00970e+00  1.00326e+00  1.62872e-03  1.00652e+00  1.00163e+00
8.70221e+01  1.00979e+00  1.00344e+00  1.68364e-03  1.00680e+00  1.00175e+00
8.71268e+01  1.00977e+00  1.00357e+00  1.71905e-03  1.00701e+00  1.00185e+00
8.72316e+01  1.00964e+00  1.00366e+00  1.73460e-03  1.00713e+00  1.00193e+00
8.73363e+01  1.00939e+00  1.00372e+00  1.73019e-03  1.00718e+00  1.00198e+00
8.74410e+01  1.00905e+00  1.00372e+00  1.70595e-03  1.00714e+00  1.00202e+00
8.75457e+01  1.00860e+00  1.00369e+00  1.66227e-03  1.00702e+00  1.00203e+00
8.76504e+01  1.00805e+00  1.00362e+00  1.59975e-03  1.00682e+00  1.00202e+00
8.77552e+01  1.00741e+00  1.00350e+00  1.51924e-03  1.00654e+00  1.00198e+00
8.78599e+01  1.00670e+00  1.00335e+00  1.42177e-03  1.00619e+00  1.00192e+00
8.79646e+01  1.00591e+00  1.00316e+00  1.30859e-03  1.00577e+00  1.00185e+00
8.80693e+01  1.00506e+00  1.00293e+00  1.18112e-03  1.00529e+00  1.00175e+00
8.81740e+01  1.00415e+00  1.00267e+00  1.04093e-03  1.00475e+00  1.00163e+00
8.82788e+01  1.00320e+00  1.00239e+00  8.89724e-04  1.00417e+00  1.00150e+00
8.83835e+01  1.00222e+00  1.00208e+00  7.29318e-04  1.00353e+00  1.00135e+00
8.84882e+01  1.00122e+00  1.00174e+00  5.61615e-04  1.00287e+00  1.00118e+00
8.85929e+01  1.00022e+00  1.00139e+00  3.88580e-04  1.00217e+00  1.00100e+00
8.86976e+01  9.99212e-01  1.00103e+00  2.12212e-04  1.00145e+00  1.00082e+00
8.88024e+01  9.98221e-01  1.00065e+00  3.45269e-05  1.00072e+00  1.00062e+00
8.89071e+01  9.97255e-01  1.00028e+00  -1.42472e-04  9.99992e-01  1.00042e+00
8.90118e+01  9.96323e-01  9.99897e-01  -3.16814e-04  9.99264e-01  1.00021e+00
8.91165e+01  9.95438e-01  9.99521e-01  -4.86581e-04  9.98548e-01  1.00001e+00
8.92212e+01  9.94607e-01  9.99153e-01  -6.49929e-04  9.97853e-01  9.99803e-01
8.93260e+01  9.93840e-01  9.98795e-01  -8.05104e-04  9.97185e-01  9.99601e-01
8.94307e+01  9.93144e-01  9.98454e-01  -9.50463e-04  9.96553e-01  9.99404e-01
8.95354e+01  9.92528e-01  9.98131e-01  -1.08448e-03  9.95962e-01  9.99215e-01
8.96401e+01  9.91996e-01  9.97830e-01  -1.20578e-03  9.95419e-01  9.99036e-01
8.97448e+01  9.91555e-01  9.97555e-01  -1.31312e-03  9.94929e-01  9.98869e-01
8.98495e+01  9.91209e-01  9.97309e-01  -1.40542e-03  9.94498e-01  9.98714e-01
8.99543e+01  9.90961e-01  9.97094e-01  -1.48177e-03  9.94130e-01  9.98575e-01
9.00590e+01  9.90813e-01  9.96911e-01  -1.54143e-03  9.93828e-01  9.98453e-01
9.01637e+01  9.90767e-01  9.96764e-01  -1.58384e-03  9.93596e-01  9.98348e-01
9.02684e+01  9.90824e-01  9.96653e-01  -1.60863e-03  9.93436e-01  9.98262e-01
9.03731e+01  9.90981e-01  9.96580e-01  -1.61559e-03  9.93349e-01  9.98196e-01
9.04779e+01  9.91237e-01  9.96545e-01  -1.60471e-03  9.93335e-01  9.98150e-01
9.05826e+01  9.91590e-01  9.96548e-01  -1.57619e-03  9.93396e-01  9.98124e-01
9.06873e+01  9.92034e-01  9.96590e-01  -1.53036e-03  9.93529e-01  9.98120e-01
9.07920e+01  9.92566e-01  9.96669e-01  -1.46778e-03  9.93733e-01  9.98136e-01
9.08967e+01  9.93180e-01  9.96784e-01  -1.38915e-03  9.94006e-01  9.98174e-01
9.10015e+01  9.93868e-01  9.96936e-01  -1.29536e-03  9.94345e-01  9.98231e-01
9.11062e+01  9.94623e-01  9.97120e-01  -1.18744e-03  9.94745e-01  9.98308e-01
9.12109e+01  9.95436e-01  9.97336e-01  -1.06660e-03  9.95203e-01  9.98403e-01
9.13156e+01  9.96300e-01  9.97581e-01  -9.34163e-04  9.95713e-01  9.98515e-01
9.14203e+01  9.97203e-01  9.97852e-01  -7.91592e-04  9.96269e-01  9.98644e-01
9.15251e+01  9.98137e-01  9.98147e-01  -6.40465e-04  9.96866e-01  9.98787e-01
9.16298e+01  9.99090e-01  9.98461e-01  -4.82457e-04  9.97496e-01  9.98943e-01
9.17345e+01  1.00005e+00  9.98791e-01  -3.19327e-04  9.98152e-01  9.99110e-01
9.18392e+01  1.00101e+00  9.99134e-01  -1.52895e-04  9.98828e-01  9.99287e-01
9.19439e+01  1.00196e+00  9.99485e-01  1.49711e-05  9.99515e-01  9.99470e-01
9.20487e+01  1.00289e+00  9.99842e-01  1.82382e-04  1.00021e+00  9.99659e-01
9.21534e+01  1.00378e+00  1.00020e+00  3.47443e-04  1.00089e+00  9.99851e-01
9.22581e+01  1.00462e+00  1.00055e+00  5.08282e-04  1.00157e+00  1.00004e+00
9.23628e+01  1.00542e+00  1.00090e+00  6.63065e-04  1.00222e+00  1.00023e+00
9.24675e+01  1.00615e+00  1.00123e+00  8.10023e-04  1.00285e+00  1.00042e+00
9.25723e+01  1.00681e+00  1.00155e+00  9.47474e-04  1.00345e+00  1.00061e+00
9.26770e+01  1.00739e+00  1.00185e+00  1.07384e-03  1.00400e+00  1.00078e+00
9.27817e+01  1.00789e+00  1.00213e+00  1.18768e-03  1.00451e+00  1.00095e+00
9.28864e+01  1.00829e+00  1.00239e+00  1.28768e-03  1.00496e+00  1.00110e+00
9.29911e+01  1.00860e+00  1.00261e+00  1.37271e-03  1.00536e+00  1.00124e+00
9.30959e+01  1.00881e+00  1.00281e+00  1.44181e-03  1.00569e+00  1.00137e+00
9.32006e+01  1.00892e+00  1.00297e+00  1.49421e-03  1.00596e+00  1.00148e+00
9.33053e+01  1.00893e+00  1.00310e+00  1.52934e-03  1.00616e+00  1.00157e+00
9.34100e+01  1.00883e+00  1.00319e+00  1.54685e-03  1.00629e+00  1.00165e+00
9.35147e+01  1.00864e+00  1.00325e+00  1.54659e-03  1.00634e+00  1.00170e+00
9.36195e+01  1.00835e+00  1.00327e+00  1.52864e-03  1.00633e+00  1.00174e+00
9.37242e+01  1.00796e+00  1.00325e+00  1.49328e-03  1.00624e+00  1.00176e+00
9.38289e+01  1.00748e+00  1.00320e+00  1.44099e-03  1.00608e+00  1.00176e+00
9.39336e+01  1.00692e+00  1.00311e+00  1.37246e-03  1.00585e+00  1.00173e+00
9.40383e+01  1.00629e+00  1.00298e+00  1.28858e-03  1.00556e+00  1.00169e+00
9.41431e+01  1.00559e+00  1.00282e+00  1.19041e-03  1.00520e+00  1.00163e+00
9.42478e+01  1.00482e+00  1.00263e+00  1.07915e-03  1.00479e+00  1.00155e+00
9.43525e+01  1.00401e+00  1.00242e+00  9.56173e-04  1.00433e+00  1.00146e+00
9.44572e+01  1.00315e+00  1.00217e+00  8.22959e-04  1.00382e+00  1.00135e+00
9.45619e+01  1.00226e+00  1.00190e+00  6.81100e-04  1.00327e+00  1.00122e+00
9.46667e+01  1.00135e+00  1.00162e+00  5.32272e-04  1.00268e+00  1.00109e+00
9.47714e+01  1.00043e+00  1.00131e+00  3.78214e-04  1.00207e+00  1.00094e+00
9.48761e+01  9.99507e-01  1.00100e+00  2.20705e-04  1.00144e+00  1.00078e+00
9.49808e+01  9.98595e-01  1.00067e+00  6.15461e-05  1.00079e+00  1.00061e+00
9.50855e+01  9.97702e-01  1.00034e+00  -9.74625e-05  1.00014e+00  1.00044e+00
9.51903e+01  9.96839e-01  1.00000e+00  -2.54542e-04  9.99495e-01  1.00026e+00
9.52950e+01  9.96014e-01  9.99672e-01  -4.07952e-04  9.98856e-01  1.00008e+00
9.53997e+01  9.95237e-01  9.99344e-01  -5.56013e-04  9.98232e-01  9.99900e-01
9.55044e+01  9.94517e-01  9.99026e-01  -6.97120e-04  9.97632e-01  9.99723e-01
9.56091e+01  9.93859e-01  9.98720e-01  -8.29760e-04  9.97061e-01  9.99550e-01
9.57139e+01  9.93273e-01  9.98430e-01  -9.52523e-04  9.96525e-01  9.99383e-01
9.58186e+01  9.92763e-01  9.98159e-01  -1.06412e-03  9.96031e-01  9.99223e-01
9.59233e+01  9.92335e-01  9.97910e-01  -1.16340e-03  9.95583e-01  9.99073e-01
9.60280e+01  9.91993e-01  9.97685e-01  -1.24934e-03  9.95186e-01  9.98934e-01
9.61327e+01  9.91740e-01  9.97486e-01  -1.32106e-03  9.94844e-01  9.98807e-01
9.62375e+01  9.91580e-01  9.97316e-01  -1.37787e-03  9.94561e-01  9.98694e-01
9.63422e+01  9.91512e-01  9.97177e-01  -1.41920e-03  9.94339e-01  9.98597e-01
9.64469e+01  9.91539e-01  9.97070e-01  -1.44467e-03  9.94181e-01  9.98515e-01
9.65516e+01  9.91660e-01  9.96996e-01  -1.45406e-03  9.94088e-01  9.98450e-01
9.66563e+01  9.91872e-01  9.96955e-01  -1.44733e-03  9.94061e-01  9.98403e-01
9.67611e+01  9.92174e-01  9.96949e-01  -1.42460e-03  9.94099e-01  9.98373e-01
9.68658e+01  9.92562e-01  9.96976e-01  -1.38616e-03  9.94204e-01  9.98362e-01
9.69705e+01  9.93031e-01  9.97037e-01  -1.33247e-03  9.94372e-01  9.98369e-01
9.70752e+01  9.93578e-01  9.97130e-01  -1.26414e-03  9.94602e-01  9.98394e-01
9.71799e+01  9.94194e-01  9.97255e-01  -1.18194e-03  9.94891e-01  9.98437e-01
9.72847e+01  9.94875e-01  9.97411e-01  -1.08680e-03  9.95237e-01  9.98497e-01
9.73894e+01  9.95611e-01  9.97594e-01  -9.79781e-04  9.95635e-01  9.98574e-01
9.74941e+01  9.96396e-01  9.97804e-01  -8.62062e-04  9.96080e-01  9.98666e-01
9.75988e+01  9.97220e-01  9.98038e-01  -7.34955e-04  9.96568e-01  9.98773e-01
9.77035e+01  9.98075e-01  9.98293e-01  -5.99873e-04  9.97094e-01  9.98893e-01
9.78083e+01  9.98950e-01  9.98567e-01  -4.58318e-04  9.97650e-01  9.99025e-01
9.79130e+01  9.99836e-01  9.98855e-01  -3.11871e-04  9.98232e-01  9.99167e-01
9.80177e+01  1.00072e+00  9.99156e-01  -1.62169e-04  9.98832e-01  9.99318e-01
9.81224e+01  1.00160e+00  9.99465e-01  -1.08922e-05  9.99443e-01  9.99476e-01
9.82271e+01  1.00246e+00  9.99780e-01  1.40256e-04  1.00006e+00  9.99639e-01
9.83319e+01  1.00329e+00  1.00010e+00  2.89569e-04  1.00067e+00  9.99806e-01
9.84366e+01  1.00408e+00  1.00041e+00  4.35355e-04  1.00128e+00  9.99974e-01
9.85413e+01  1.00483e+00  1.00072e+00  5.75958e-04  1.00187e+00  1.00014e+00
9.86460e+01  1.00552e+00  1.00102e+00  7.09778e-04  1.00244e+00  1.00031e+00
9.87507e+01  1.00614e+00  1.00130e+00  8.35288e-04  1.00297e+00  1.00047e+00
9.88554e+01  1.00670e+00  1.00157e+00  9.51057e-04  1.00348e+00  1.00062e+00
9.89602e+01  1.00718e+00  1.00183e+00  1.05576e-03  1.00394e+00  1.00077e+00
9.90649e+01  1.00757e+00  1.00206e+00  1.14822e-03  1.00435e+00  1.00091e+00
9.91696e+01  1.00788e+00  1.00226e+00  1.22737e-03  1.00472e+00  1.00104e+00
9.92743e+01  1.00810e+00  1.00245e+00  1.29232e-03  1.00503e+00  1.00115e+00
9.93790e+01  1.00823e+00  1.00260e+00  1.34236e-03  1.00528e+00  1.00125e+00
9.94838e+01  1.00826e+00  1.00272e+00  1.37694e-03  1.00547e+00  1.00134e+00
9.95885e+01  1.00819e+00  1.00281e+00  1.39571e-03  1.00560e+00  1.00141e+00
9.96932e+01  1.00804e+00  1.00287e+00  1.39848e-03  1.00567e+00  1.00147e+00
9.97979e+01  1.00779e+00  1.00289e+00  1.38528e-03  1.00567e+00  1.00151e+00
9.99026e+01  1.00746e+00  1.00289e+00  1.35632e-03  1.00560e+00  1.00153e+00
1.00007e+02  1.00704e+00  1.00285e+00  1.31200e-03  1.00547e+00  1.00154e+00
1.00112e+02  1.00654e+00  1.00278e+00  1.25288e-03  1.00528e+00  1.00152e+00
1.00217e+02  1.00598e+00  1.00267e+00  1.17972e-03  1.00503e+00  1.00149e+00
1.00322e+02  1.00534e+00  1.00254e+00  1.09343e-03  1.00473e+00  1.00145e+00
1.00426e+02  1.00465e+00  1.00238e+00  9.95051e-04  1.00437e+00  1.00139e+00
1.00531e+02  1.00391e+00  1.00219e+00  8.85783e-04  1.00397e+00  1.00131e+00
1.00636e+02  1.00312e+00  1.00198e+00  7.66928e-04  1.00352e+00  1.00122e+00
1.00740e+02  1.00231e+00  1.00175e+00  6.39895e-04  1.00303e+00  1.00111e+00
1.00845e+02  1.00147e+00  1.00150e+00  5.06174e-04  1.00251e+00  1.00100e+00
1.00950e+02  1.00062e+00  1.00124e+00  3.67320e-04  1.00197e+00  1.00087e+00
1.01055e+02  9.99760e-01  1.00096e+00  2.24935e-04  1.00141e+00  1.00073e+00
1.01159e+02  9.98910e-01  1.00067e+00  8.06443e-05  1.00083e+00  1.00059e+00
1.01264e+02  9.98075e-01  1.00037e+00  -6.39147e-05  1.00025e+00  1.00044e+00
1.01369e+02  9.97265e-01  1.00008e+00  -2.07117e-04  9.99662e-01  1.00028e+00
1.01473e+02  9.96488e-01  9.99780e-01  -3.47366e-04  9.99085e-01  1.00013e+00
1.01578e+02  9.95753e-01  9.99487e-01  -4.83111e-04  9.98520e-01  9.99970e-01
1.01683e+02  9.95068e-01  9.99201e-01  -6.12861e-04  9.97975e-01  9.99814e-01
1.01788e+02  9.94439e-01  9.98925e-01  -7.35206e-04  9.97455e-01  9.99660e-01
1.01892e+02  9.93875e-01  9.98663e-01  -8.48825e-04  9.96965e-01  9.99511e-01
1.01997e+02  9.93380e-01  9.98416e-01  -9.52502e-04  9.96511e-01  9.99369e-01
1.02102e+02  9.92960e-01  9.98189e-01  -1.04514e-03  9.96098e-01  9.99234e-01
1.02206e+02  9.92619e-01  9.97982e-01  -1.12576e-03  9.95731e-01  9.99108e-01
1.02311e+02  9.92361e-01  9.97799e-01  -1.19353e-03  9.95412e-01  9.98993e-01
1.02416e+02  9.92188e-01  9.97641e-01  -1.24776e-03  9.95146e-01  9.98889e-01
1.02521e+02  9.92102e-01  9.97510e-01  -1.28791e-03  9.94934e-01  9.98798e-01
1.02625e+02  9.92104e-01  9.97408e-01  -1.31358e-03  9.94780e-01  9.98721e-01
1.02730e+02  9.92193e-01  9.97334e-01  -1.32454e-03  9.94685e-01  9.98659e-01
1.02835e+02  9.92369e-01  9.97291e-01  -1.32072e-03  9.94650e-01  9.98612e-01
1.02940e+02  9.92629e-01  9.97278e-01  -1.30221e-03  9.94674e-01  9.98580e-01
1.03044e+02  9.92971e-01  9.97295e-01  -1.26924e-03  9.94757e-01  9.98565e-01
1.03149e+02  9.93390e-01  9.97343e-01  -1.22223e-03  9.94899e-01  9.98565e-01
1.03254e+02  9.93882e-01  9.97420e-01  -1.16171e-03  9.95097e-01  9.98582e-01
1.03358e+02  9.94442e-01  9.97526e-01  -1.08839e-03  9.95349e-01  9.98614e-01
1.03463e+02  9.95063e-01  9.97659e-01  -1.00310e-03  9.95653e-01  9.98662e-01
1.03568e+02  9.95738e-01  9.97817e-01  -9.06806e-04  9.96004e-01  9.98724e-01
1.03673e+02  9.96460e-01  9.98000e-01  -8.00584e-04  9.96399e-01  9.98801e-01
1.03777e+02  9.97221e-01  9.98204e-01  -6.85629e-04  9.96833e-01  9.98890e-01
1.03882e+02  9.98012e-01  9.98428e-01  -5.63230e-04  9.97302e-01  9.98992e-01
1.03987e+02  9.98825e-01  9.98669e-01  -4.34760e-04  9.97800e-01  9.99104e-01
1.04091e+02  9.99651e-01  9.98924e-01  -3.01659e-04  9.98321e-01  9.99226e-01
1.04196e+02  1.00048e+00  9.99191e-01  -1.65420e-04  9.98860e-01  9.99356e-01
1.04301e+02  1.00130e+00  9.99465e-01  -2.75736e-05  9.99410e-01  9.99493e-01
1.04406e+02  1.00211e+00  9.99745e-01  1.10329e-04  9.99966e-01  9.99635e-01
1.04510e+02  1.00289e+00  1.00003e+00  2.46734e-04  1.00052e+00  9.99780e-01
1.04615e+02  1.00364e+00  1.00031e+00  3.80104e-04  1.00107e+00  9.99928e-01
1.04720e+02  1.00435e+00  1.00058e+00  5.08931e-04  1.00160e+00  1.00008e+00
1.04824e+02  1.00500e+00  1.00085e+00  6.31761e-04  1.00212e+00  1.00022e+00
1.04929e+02  1.00560e+00  1.00111e+00  7.47204e-04  1.00261e+00  1.00036e+00
1.05034e+02  1.00614e+00  1.00136e+00  8.53955e-04  1.00306e+00  1.00050e+00
1.05139e+02  1.00660e+00  1.00159e+00  9.50809e-04  1.00349e+00  1.00064e+00
1.05243e+02  1.00699e+00  1.00180e+00  1.03667e-03  1.00387e+00  1.00076e+00
1.05348e+02  1.00730e+00  1.00199e+00  1.11059e-03  1.00421e+00  1.00088e+00
1.05453e+02  1.00753e+00  1.00215e+00  1.17173e-03  1.00450e+00  1.00098e+00
1.05558e+02  1.00767e+00  1.00229e+00  1.21941e-03  1.00473e+00  1.00107e+00
1.05662e+02  1.00772e+00  1.00241e+00  1.25313e-03  1.00492e+00  1.00116e+00
1.05767e+02  1.00769e+00  1.00250e+00  1.27253e-03  1.00504e+00  1.00122e+00
1.05872e+02  1.00756e+00  1.00256e+00  1.27742e-03  1.00511e+00  1.00128e+00
1.05976e+02  1.00736e+00  1.00259e+00  1.26778e-03  1.00512e+00  1.00132e+00
1.06081e+02  1.00707e+00  1.00259e+00  1.24379e-03  1.00507e+00  1.00134e+00
1.06186e+02  1.00670e+00  1.00256e+00  1.20574e-03  1.00497e+00  1.00135e+00
1.06291e+02  1.00625e+00  1.00250e+00  1.15414e-03  1.00481e+00  1.00135e+00
1.06395e+02  1.00574e+00  1.00241e+00  1.08961e-03  1.00459e+00  1.00132e+00
1.06500e+02  1.00516e+00  1.00230e+00  1.01295e-03  1.00433e+00  1.00129e+00
1.06605e+02  1.00453e+00  1.00216e+00  9.25089e-04  1.00401e+00  1.00124e+00
1.06709e+02  1.00385e+00  1.00200e+00  8.27067e-04  1.00366e+00  1.00118e+00
1.06814e+02  1.00313e+00  1.00182e+00  7.20050e-04  1.00326e+00  1.00110e+00
1.06919e+02  1.00237e+00  1.00162e+00  6.05296e-04  1.00283e+00  1.00101e+00
1.07024e+02  1.00159e+00  1.00140e+00  4.84144e-04  1.00236e+00  1.00091e+00
1.07128e+02  1.00080e+00  1.00116e+00  3.57999e-04  1.00188e+00  1.00080e+00
1.07233e+02  1.00000e+00  1.00091e+00  2.28313e-04  1.00137e+00  1.00068e+00
