# k S000 S110 S112 S10 S11
1.04720e-01  2.97274e-02  -1.29105e+00  7.26175e-01  1.61304e-01  -2.01722e+00
2.09440e-01  2.98020e-02  -1.30601e+00  7.33855e-01  1.61695e-01  -2.03987e+00
3.14159e-01  2.99268e-02  -1.33164e+00  7.46995e-01  1.62349e-01  -2.07864e+00
4.18879e-01  3.01025e-02  -1.36902e+00  7.66146e-01  1.63269e-01  -2.13517e+00
5.23599e-01  3.03303e-02  -1.41985e+00  7.92155e-01  1.64461e-01  -2.21201e+00
6.28319e-01  3.06114e-02  -1.48662e+00  8.26277e-01  1.65930e-01  -2.31290e+00
7.33038e-01  3.09476e-02  -1.57298e+00  8.70331e-01  1.67686e-01  -2.44331e+00
8.37758e-01  3.13409e-02  -1.68424e+00  9.26987e-01  1.69736e-01  -2.61122e+00
9.42478e-01  3.17937e-02  -1.82839e+00  1.00024e+00  1.72094e-01  -2.82863e+00
1.04720e+00  3.23090e-02  -2.01780e+00  1.09629e+00  1.74770e-01  -3.11408e+00
1.15192e+00  3.28900e-02  -2.27256e+00  1.22517e+00  1.77782e-01  -3.49774e+00
1.25664e+00  3.35405e-02  -2.62747e+00  1.40431e+00  1.81145e-01  -4.03178e+00
1.36136e+00  3.42648e-02  -3.14823e+00  1.66656e+00  1.84879e-01  -4.81479e+00
1.46608e+00  3.50678e-02  -3.97538e+00  2.08219e+00  1.89006e-01  -6.05757e+00
1.57080e+00  3.59552e-02  -5.47267e+00  2.83311e+00  1.93550e-01  -8.30578e+00
1.67552e+00  3.69331e-02  -8.96128e+00  4.57991e+00  1.98537e-01  -1.35412e+01
1.78024e+00  3.80088e-02  -2.59223e+01  1.30631e+01  2.03999e-01  -3.89854e+01
1.88496e+00  3.91903e-02  2.78774e+01  -1.38337e+01  2.09969e-01  4.17111e+01
1.98968e+00  4.04868e-02  8.98479e+00  -4.38415e+00  2.16483e-01  1.33689e+01
2.09440e+00  4.19085e-02  5.34055e+00  -2.55849e+00  2.23583e-01  7.89904e+00
2.19911e+00  4.34673e-02  3.79867e+00  -1.78368e+00  2.31315e-01  5.58235e+00
2.30383e+00  4.51763e-02  2.95120e+00  -1.35573e+00  2.39728e-01  4.30693e+00
2.40855e+00  4.70506e-02  2.41795e+00  -1.08454e+00  2.48878e-01  3.50249e+00
2.51327e+00  4.91074e-02  2.05348e+00  -8.97326e-01  2.58825e-01  2.95080e+00
2.61799e+00  5.13661e-02  1.79014e+00  -7.60250e-01  2.69636e-01  2.55039e+00
2.72271e+00  5.38491e-02  1.59222e+00  -6.55415e-01  2.81385e-01  2.24763e+00
2.82743e+00  5.65819e-02  1.43910e+00  -5.72474e-01  2.94150e-01  2.01157e+00
2.93215e+00  5.95938e-02  1.31806e+00  -5.05019e-01  3.08018e-01  1.82308e+00
3.03687e+00  6.29184e-02  1.22082e+00  -4.48867e-01  3.23084e-01  1.66969e+00
3.14159e+00  6.65947e-02  1.14178e+00  -4.01166e-01  3.39449e-01  1.54295e+00
3.24631e+00  7.06677e-02  1.07702e+00  -3.59900e-01  3.57222e-01  1.43692e+00
3.35103e+00  7.51897e-02  1.02372e+00  -3.23602e-01  3.76518e-01  1.34732e+00
3.45575e+00  8.02216e-02  9.79805e-01  -2.91173e-01  3.97460e-01  1.27098e+00
3.56047e+00  8.58347e-02  9.43713e-01  -2.61770e-01  4.20173e-01  1.20548e+00
3.66519e+00  9.21126e-02  9.14261e-01  -2.34737e-01  4.44787e-01  1.14900e+00
3.76991e+00  9.91538e-02  8.90531e-01  -2.09550e-01  4.71432e-01  1.10008e+00
3.87463e+00  1.07075e-01  8.71807e-01  -1.85787e-01  5.00233e-01  1.05759e+00
3.97935e+00  1.16014e-01  8.57517e-01  -1.63106e-01  5.31305e-01  1.02062e+00
4.08407e+00  1.26137e-01  8.47201e-01  -1.41226e-01  5.64749e-01  9.88428e-01
4.18879e+00  1.37641e-01  8.40483e-01  -1.19923e-01  6.00637e-01  9.60406e-01
4.29351e+00  1.50764e-01  8.37041e-01  -9.90175e-02  6.39006e-01  9.36059e-01
4.39823e+00  1.65794e-01  8.36597e-01  -7.83754e-02  6.79846e-01  9.14972e-01
4.50295e+00  1.83081e-01  8.38892e-01  -5.79074e-02  7.23078e-01  8.96800e-01
4.60767e+00  2.03050e-01  8.43682e-01  -3.75688e-02  7.68544e-01  8.81250e-01
4.71239e+00  2.26223e-01  8.50714e-01  -1.73627e-02  8.15988e-01  8.68077e-01
4.81711e+00  2.53241e-01  8.59726e-01  2.65797e-03  8.65042e-01  8.57068e-01
4.92183e+00  2.84893e-01  8.70432e-01  2.23885e-02  9.15209e-01  8.48044e-01
5.02655e+00  3.22153e-01  8.82520e-01  4.16719e-02  9.65864e-01  8.40848e-01
5.13127e+00  3.66223e-01  8.95648e-01  6.03020e-02  1.01625e+00  8.35346e-01
5.23599e+00  4.18582e-01  9.09448e-01  7.80294e-02  1.06551e+00  8.31418e-01
5.34071e+00  4.81037e-01  9.23533e-01  9.45722e-02  1.11268e+00  8.28961e-01
5.44543e+00  5.55768e-01  9.37513e-01  1.09632e-01  1.15678e+00  8.27881e-01
5.55015e+00  6.45340e-01  9.51007e-01  1.22913e-01  1.19683e+00  8.28093e-01
5.65487e+00  7.52645e-01  9.63667e-01  1.34145e-01  1.23196e+00  8.29523e-01
5.75959e+00  8.80698e-01  9.75197e-01  1.43100e-01  1.26140e+00  8.32097e-01
5.86431e+00  1.03216e+00  9.85369e-01  1.49618e-01  1.28461e+00  8.35751e-01
5.96903e+00  1.20842e+00  9.94036e-01  1.53617e-01  1.30127e+00  8.40418e-01
6.07375e+00  1.40808e+00  1.00113e+00  1.55097e-01  1.31133e+00  8.46037e-01
6.17847e+00  1.62488e+00  1.00669e+00  1.54142e-01  1.31497e+00  8.52546e-01
6.28319e+00  1.84567e+00  1.01079e+00  1.50908e-01  1.31261e+00  8.59881e-01
6.38791e+00  2.04988e+00  1.01359e+00  1.45612e-01  1.30481e+00  8.67978e-01
6.49262e+00  2.21240e+00  1.01528e+00  1.38510e-01  1.29230e+00  8.76770e-01
6.59734e+00  2.31073e+00  1.01607e+00  1.29885e-01  1.27584e+00  8.86187e-01
6.70206e+00  2.33322e+00  1.01618e+00  1.20027e-01  1.25624e+00  8.96156e-01
6.80678e+00  2.28339e+00  1.01582e+00  1.09219e-01  1.23426e+00  9.06598e-01
6.91150e+00  2.17723e+00  1.01516e+00  9.77284e-02  1.21062e+00  9.17433e-01
7.01622e+00  2.03604e+00  1.01437e+00  8.57996e-02  1.18597e+00  9.28574e-01
7.12094e+00  1.87961e+00  1.01358e+00  7.36508e-02  1.16088e+00  9.39929e-01
7.22566e+00  1.72267e+00  1.01288e+00  6.14722e-02  1.13582e+00  9.51404e-01
7.33038e+00  1.57439e+00  1.01233e+00  4.94273e-02  1.11118e+00  9.62901e-01
7.43510e+00  1.43943e+00  1.01197e+00  3.76544e-02  1.08728e+00  9.74318e-01
7.53982e+00  1.31947e+00  1.01182e+00  2.62692e-02  1.06436e+00  9.85554e-01
7.64454e+00  1.21442e+00  1.01187e+00  1.53676e-02  1.04261e+00  9.96505e-01
7.74926e+00  1.12324e+00  1.01210e+00  5.02826e-03  1.02215e+00  1.00707e+00
7.85398e+00  1.04457e+00  1.01246e+00  -4.68522e-03  1.00309e+00  1.01715e+00
7.95870e+00  9.76904e-01  1.01293e+00  -1.37219e-02  9.85484e-01  1.02665e+00
8.06342e+00  9.18859e-01  1.01344e+00  -2.20417e-02  9.69357e-01  1.03548e+00
8.16814e+00  8.69169e-01  1.01395e+00  -2.96147e-02  9.54724e-01  1.04357e+00
8.27286e+00  8.26734e-01  1.01442e+00  -3.64191e-02  9.41579e-01  1.05084e+00
8.37758e+00  7.90613e-01  1.01479e+00  -4.24410e-02  9.29904e-01  1.05723e+00
8.48230e+00  7.60012e-01  1.01502e+00  -4.76739e-02  9.19674e-01  1.06270e+00
8.58702e+00  7.34264e-01  1.01509e+00  -5.21175e-02  9.10855e-01  1.06721e+00
8.69174e+00  7.12814e-01  1.01497e+00  -5.57779e-02  9.03411e-01  1.07074e+00
8.79646e+00  6.95202e-01  1.01464e+00  -5.86669e-02  8.97301e-01  1.07330e+00
8.90118e+00  6.81046e-01  1.01409e+00  -6.08017e-02  8.92483e-01  1.07489e+00
9.00590e+00  6.70035e-01  1.01332e+00  -6.22045e-02  8.88913e-01  1.07553e+00
9.11062e+00  6.61914e-01  1.01235e+00  -6.29019e-02  8.86546e-01  1.07525e+00
9.21534e+00  6.56474e-01  1.01119e+00  -6.29248e-02  8.85336e-01  1.07411e+00
9.32006e+00  6.53552e-01  1.00985e+00  -6.23076e-02  8.85237e-01  1.07216e+00
9.42478e+00  6.53016e-01  1.00838e+00  -6.10876e-02  8.86201e-01  1.06946e+00
9.52950e+00  6.54767e-01  1.00679e+00  -5.93052e-02  8.88180e-01  1.06610e+00
9.63422e+00  6.58728e-01  1.00513e+00  -5.70026e-02  8.91123e-01  1.06213e+00
9.73894e+00  6.64845e-01  1.00342e+00  -5.42240e-02  8.94977e-01  1.05765e+00
9.84366e+00  6.73082e-01  1.00172e+00  -5.10150e-02  8.99687e-01  1.05273e+00
9.94838e+00  6.83417e-01  1.00004e+00  -4.74220e-02  9.05197e-01  1.04746e+00
1.00531e+01  6.95838e-01  9.98428e-01  -4.34923e-02  9.11443e-01  1.04192e+00
1.01578e+01  7.10339e-01  9.96910e-01  -3.92739e-02  9.18362e-01  1.03618e+00
1.02625e+01  7.26919e-01  9.95513e-01  -3.48148e-02  9.25883e-01  1.03033e+00
1.03673e+01  7.45572e-01  9.94261e-01  -3.01634e-02  9.33934e-01  1.02442e+00
1.04720e+01  7.66289e-01  9.93172e-01  -2.53678e-02  9.42437e-01  1.01854e+00
1.05767e+01  7.89044e-01  9.92260e-01  -2.04764e-02  9.51307e-01  1.01274e+00
1.06814e+01  8.13795e-01  9.91533e-01  -1.55369e-02  9.60459e-01  1.00707e+00
1.07861e+01  8.40471e-01  9.90994e-01  -1.05969e-02  9.69800e-01  1.00159e+00
1.08909e+01  8.68966e-01  9.90643e-01  -5.70329e-03  9.79236e-01  9.96346e-01
1.09956e+01  8.99129e-01  9.90473e-01  -9.02019e-04  9.88669e-01  9.91375e-01
1.11003e+01  9.30757e-01  9.90475e-01  3.76201e-03  9.97999e-01  9.86713e-01
1.12050e+01  9.63584e-01  9.90636e-01  8.24538e-03  1.00713e+00  9.82390e-01
1.13097e+01  9.97276e-01  9.90938e-01  1.25066e-02  1.01595e+00  9.78431e-01
1.14145e+01  1.03143e+00  9.91363e-01  1.65064e-02  1.02438e+00  9.74857e-01
1.15192e+01  1.06555e+00  9.91891e-01  2.02084e-02  1.03231e+00  9.71683e-01
1.16239e+01  1.09910e+00  9.92501e-01  2.35796e-02  1.03966e+00  9.68921e-01
1.17286e+01  1.13147e+00  9.93170e-01  2.65905e-02  1.04635e+00  9.66580e-01
1.18333e+01  1.16201e+00  9.93878e-01  2.92163e-02  1.05231e+00  9.64662e-01
1.19381e+01  1.19006e+00  9.94606e-01  3.14367e-02  1.05748e+00  9.63170e-01
1.20428e+01  1.21498e+00  9.95336e-01  3.32364e-02  1.06181e+00  9.62099e-01
1.21475e+01  1.23618e+00  9.96051e-01  3.46056e-02  1.06526e+00  9.61446e-01
1.22522e+01  1.25317e+00  9.96740e-01  3.55400e-02  1.06782e+00  9.61200e-01
1.23569e+01  1.26556e+00  9.97392e-01  3.60409e-02  1.06947e+00  9.61351e-01
1.24617e+01  1.27313e+00  9.97999e-01  3.61152e-02  1.07023e+00  9.61884e-01
1.25664e+01  1.27583e+00  9.98557e-01  3.57749e-02  1.07011e+00  9.62782e-01
1.26711e+01  1.27374e+00  9.99064e-01  3.50372e-02  1.06914e+00  9.64027e-01
1.27758e+01  1.26712e+00  9.99521e-01  3.39238e-02  1.06737e+00  9.65598e-01
1.28805e+01  1.25636e+00  9.99930e-01  3.24605e-02  1.06485e+00  9.67470e-01
1.29852e+01  1.24194e+00  1.00030e+00  3.06767e-02  1.06165e+00  9.69619e-01
1.30900e+01  1.22442e+00  1.00062e+00  2.86045e-02  1.05783e+00  9.72017e-01
1.31947e+01  1.20439e+00  1.00091e+00  2.62785e-02  1.05347e+00  9.74636e-01
1.32994e+01  1.18243e+00  1.00118e+00  2.37350e-02  1.04865e+00  9.77445e-01
1.34041e+01  1.15912e+00  1.00142e+00  2.10113e-02  1.04345e+00  9.80412e-01
1.35088e+01  1.13499e+00  1.00165e+00  1.81450e-02  1.03794e+00  9.83505e-01
1.36136e+01  1.11051e+00  1.00186e+00  1.51740e-02  1.03221e+00  9.86691e-01
1.37183e+01  1.08611e+00  1.00207e+00  1.21355e-02  1.02634e+00  9.89935e-01
1.38230e+01  1.06215e+00  1.00227e+00  9.06557e-03  1.02040e+00  9.93203e-01
1.39277e+01  1.03890e+00  1.00246e+00  5.99927e-03  1.01446e+00  9.96462e-01
1.40324e+01  1.01661e+00  1.00265e+00  2.96981e-03  1.00859e+00  9.99677e-01
1.41372e+01  9.95477e-01  1.00282e+00  8.56103e-06  1.00284e+00  1.00282e+00
1.42419e+01  9.75629e-01  1.00299e+00  -2.85527e-03  9.97280e-01  1.00585e+00
1.43466e+01  9.57174e-01  1.00314e+00  -5.59478e-03  9.91954e-01  1.00874e+00
1.44513e+01  9.40185e-01  1.00328e+00  -8.18549e-03  9.86907e-01  1.01146e+00
1.45560e+01  9.24708e-01  1.00339e+00  -1.06055e-02  9.82179e-01  1.01400e+00
1.46608e+01  9.10771e-01  1.00348e+00  -1.28355e-02  9.77805e-01  1.01631e+00
1.47655e+01  8.98382e-01  1.00353e+00  -1.48588e-02  9.73813e-01  1.01839e+00
1.48702e+01  8.87541e-01  1.00355e+00  -1.66615e-02  9.70228e-01  1.02021e+00
1.49749e+01  8.78234e-01  1.00353e+00  -1.82324e-02  9.67068e-01  1.02177e+00
1.50796e+01  8.70445e-01  1.00347e+00  -1.95628e-02  9.64349e-01  1.02304e+00
1.51844e+01  8.64151e-01  1.00337e+00  -2.06468e-02  9.62080e-01  1.02402e+00
1.52891e+01  8.59324e-01  1.00323e+00  -2.14809e-02  9.60268e-01  1.02471e+00
1.53938e+01  8.55935e-01  1.00304e+00  -2.20644e-02  9.58916e-01  1.02511e+00
1.54985e+01  8.53955e-01  1.00282e+00  -2.23986e-02  9.58022e-01  1.02522e+00
1.56032e+01  8.53351e-01  1.00255e+00  -2.24874e-02  9.57580e-01  1.02504e+00
1.57080e+01  8.54089e-01  1.00226e+00  -2.23369e-02  9.57583e-01  1.02459e+00
1.58127e+01  8.56134e-01  1.00193e+00  -2.19551e-02  9.58018e-01  1.02388e+00
1.59174e+01  8.59449e-01  1.00158e+00  -2.13522e-02  9.58872e-01  1.02293e+00
1.60221e+01  8.63994e-01  1.00121e+00  -2.05399e-02  9.60127e-01  1.02175e+00
1.61268e+01  8.69725e-01  1.00082e+00  -1.95319e-02  9.61761e-01  1.02036e+00
1.62316e+01  8.76597e-01  1.00044e+00  -1.83431e-02  9.63751e-01  1.01878e+00
1.63363e+01  8.84554e-01  1.00005e+00  -1.69899e-02  9.66072e-01  1.01704e+00
1.64410e+01  8.93540e-01  9.99675e-01  -1.54900e-02  9.68696e-01  1.01517e+00
1.65457e+01  9.03486e-01  9.99314e-01  -1.38617e-02  9.71590e-01  1.01318e+00
1.66504e+01  9.14318e-01  9.98972e-01  -1.21247e-02  9.74723e-01  1.01110e+00
1.67552e+01  9.25951e-01  9.98657e-01  -1.02989e-02  9.78059e-01  1.00896e+00
1.68599e+01  9.38287e-01  9.98373e-01  -8.40505e-03  9.81563e-01  1.00678e+00
1.69646e+01  9.51220e-01  9.98123e-01  -6.46391e-03  9.85195e-01  1.00459e+00
1.70693e+01  9.64629e-01  9.97910e-01  -4.49655e-03  9.88917e-01  1.00241e+00
1.71740e+01  9.78382e-01  9.97736e-01  -2.52394e-03  9.92688e-01  1.00026e+00
1.72788e+01  9.92334e-01  9.97602e-01  -5.66780e-04  9.96469e-01  9.98169e-01
1.73835e+01  1.00633e+00  9.97508e-01  1.35465e-03  1.00022e+00  9.96154e-01
1.74882e+01  1.02020e+00  9.97454e-01  3.22070e-03  1.00390e+00  9.94233e-01
1.75929e+01  1.03378e+00  9.97437e-01  5.01258e-03  1.00746e+00  9.92425e-01
1.76976e+01  1.04688e+00  9.97456e-01  6.71249e-03  1.01088e+00  9.90743e-01
1.78024e+01  1.05933e+00  9.97507e-01  8.30384e-03  1.01411e+00  9.89203e-01
1.79071e+01  1.07094e+00  9.97587e-01  9.77143e-03  1.01713e+00  9.87816e-01
1.80118e+01  1.08155e+00  9.97693e-01  1.11016e-02  1.01990e+00  9.86592e-01
1.81165e+01  1.09101e+00  9.97821e-01  1.22823e-02  1.02239e+00  9.85538e-01
1.82212e+01  1.09916e+00  9.97966e-01  1.33035e-02  1.02457e+00  9.84663e-01
1.83260e+01  1.10589e+00  9.98125e-01  1.41569e-02  1.02644e+00  9.83968e-01
1.84307e+01  1.11112e+00  9.98295e-01  1.48364e-02  1.02797e+00  9.83459e-01
1.85354e+01  1.11476e+00  9.98472e-01  1.53378e-02  1.02915e+00  9.83134e-01
1.86401e+01  1.11680e+00  9.98653e-01  1.56591e-02  1.02997e+00  9.82994e-01
1.87448e+01  1.11722e+00  9.98835e-01  1.58004e-02  1.03044e+00  9.83034e-01
1.88496e+01  1.11606e+00  9.99016e-01  1.57639e-02  1.03054e+00  9.83252e-01
1.89543e+01  1.11338e+00  9.99195e-01  1.55539e-02  1.03030e+00  9.83641e-01
1.90590e+01  1.10927e+00  9.99370e-01  1.51763e-02  1.02972e+00  9.84194e-01
1.91637e+01  1.10382e+00  9.99540e-01  1.46392e-02  1.02882e+00  9.84901e-01
1.92684e+01  1.09719e+00  9.99705e-01  1.39520e-02  1.02761e+00  9.85753e-01
1.93732e+01  1.08950e+00  9.99864e-01  1.31259e-02  1.02612e+00  9.86738e-01
1.94779e+01  1.08093e+00  1.00002e+00  1.21734e-02  1.02436e+00  9.87843e-01
1.95826e+01  1.07161e+00  1.00016e+00  1.11078e-02  1.02238e+00  9.89056e-01
1.96873e+01  1.06173e+00  1.00031e+00  9.94379e-03  1.02019e+00  9.90362e-01
1.97920e+01  1.05144e+00  1.00044e+00  8.69649e-03  1.01783e+00  9.91745e-01
1.98968e+01  1.04089e+00  1.00057e+00  7.38166e-03  1.01534e+00  9.93190e-01
2.00015e+01  1.03023e+00  1.00070e+00  6.01537e-03  1.01273e+00  9.94681e-01
2.01062e+01  1.01960e+00  1.00082e+00  4.61381e-03  1.01004e+00  9.96201e-01
2.02109e+01  1.00912e+00  1.00093e+00  3.19313e-03  1.00731e+00  9.97735e-01
2.03156e+01  9.98910e-01  1.00103e+00  1.76923e-03  1.00457e+00  9.99264e-01
2.04204e+01  9.89066e-01  1.00113e+00  3.57610e-04  1.00185e+00  1.00077e+00
2.05251e+01  9.79678e-01  1.00122e+00  -1.02679e-03  9.99168e-01  1.00225e+00
2.06298e+01  9.70825e-01  1.00130e+00  -2.36974e-03  9.96562e-01  1.00367e+00
2.07345e+01  9.62572e-01  1.00137e+00  -3.65782e-03  9.94056e-01  1.00503e+00
2.08392e+01  9.54976e-01  1.00143e+00  -4.87855e-03  9.91672e-01  1.00631e+00
2.09440e+01  9.48083e-01  1.00147e+00  -6.02050e-03  9.89432e-01  1.00749e+00
2.10487e+01  9.41929e-01  1.00150e+00  -7.07334e-03  9.87357e-01  1.00858e+00
2.11534e+01  9.36545e-01  1.00152e+00  -8.02794e-03  9.85462e-01  1.00955e+00
2.12581e+01  9.31951e-01  1.00152e+00  -8.87642e-03  9.83764e-01  1.01039e+00
2.13628e+01  9.28162e-01  1.00150e+00  -9.61216e-03  9.82275e-01  1.01111e+00
2.14675e+01  9.25189e-01  1.00146e+00  -1.02299e-02  9.81004e-01  1.01169e+00
2.15723e+01  9.23032e-01  1.00141e+00  -1.07256e-02  9.79961e-01  1.01214e+00
2.16770e+01  9.21692e-01  1.00134e+00  -1.10966e-02  9.79149e-01  1.01244e+00
2.17817e+01  9.21160e-01  1.00126e+00  -1.13417e-02  9.78573e-01  1.01260e+00
2.18864e+01  9.21426e-01  1.00116e+00  -1.14609e-02  9.78233e-01  1.01262e+00
2.19911e+01  9.22472e-01  1.00104e+00  -1.14553e-02  9.78129e-01  1.01249e+00
2.20959e+01  9.24279e-01  1.00091e+00  -1.13274e-02  9.78256e-01  1.01224e+00
2.22006e+01  9.26821e-01  1.00077e+00  -1.10810e-02  9.78610e-01  1.01185e+00
2.23053e+01  9.30068e-01  1.00062e+00  -1.07209e-02  9.79182e-01  1.01134e+00
2.24100e+01  9.33986e-01  1.00047e+00  -1.02528e-02  9.79963e-01  1.01072e+00
2.25147e+01  9.38536e-01  1.00031e+00  -9.68357e-03  9.80943e-01  1.00999e+00
2.26195e+01  9.43673e-01  1.00015e+00  -9.02101e-03  9.82107e-01  1.00917e+00
2.27242e+01  9.49348e-01  9.99989e-01  -8.27364e-03  9.83442e-01  1.00826e+00
2.28289e+01  9.55506e-01  9.99832e-01  -7.45074e-03  9.84930e-01  1.00728e+00
2.29336e+01  9.62088e-01  9.99681e-01  -6.56218e-03  9.86556e-01  1.00624e+00
2.30383e+01  9.69028e-01  9.99537e-01  -5.61841e-03  9.88300e-01  1.00516e+00
2.31431e+01  9.76257e-01  9.99403e-01  -4.63024e-03  9.90143e-01  1.00403e+00
2.32478e+01  9.83698e-01  9.99281e-01  -3.60883e-03  9.92063e-01  1.00289e+00
2.33525e+01  9.91274e-01  9.99171e-01  -2.56551e-03  9.94040e-01  1.00174e+00
2.34572e+01  9.98901e-01  9.99076e-01  -1.51168e-03  9.96052e-01  1.00059e+00
2.35619e+01  1.00649e+00  9.98995e-01  -4.58745e-04  9.98078e-01  9.99454e-01
2.36667e+01  1.01396e+00  9.98930e-01  5.82077e-04  1.00009e+00  9.98348e-01
2.37714e+01  1.02122e+00  9.98881e-01  1.59982e-03  1.00208e+00  9.97281e-01
2.38761e+01  1.02818e+00  9.98848e-01  2.58388e-03  1.00402e+00  9.96264e-01
2.39808e+01  1.03475e+00  9.98830e-01  3.52416e-03  1.00588e+00  9.95306e-01
2.40855e+01  1.04086e+00  9.98827e-01  4.41115e-03  1.00765e+00  9.94416e-01
2.41903e+01  1.04642e+00  9.98838e-01  5.23600e-03  1.00931e+00  9.93602e-01
2.42950e+01  1.05136e+00  9.98862e-01  5.99068e-03  1.01084e+00  9.92872e-01
2.43997e+01  1.05562e+00  9.98898e-01  6.66801e-03  1.01223e+00  9.92230e-01
2.45044e+01  1.05915e+00  9.98945e-01  7.26172e-03  1.01347e+00  9.91683e-01
2.46091e+01  1.06191e+00  9.99001e-01  7.76659e-03  1.01453e+00  9.91235e-01
2.47139e+01  1.06387e+00  9.99066e-01  8.17841e-03  1.01542e+00  9.90888e-01
2.48186e+01  1.06501e+00  9.99137e-01  8.49409e-03  1.01613e+00  9.90643e-01
2.49233e+01  1.06533e+00  9.99215e-01  8.71164e-03  1.01664e+00  9.90503e-01
2.50280e+01  1.06483e+00  9.99296e-01  8.83019e-03  1.01696e+00  9.90466e-01
2.51327e+01  1.06354e+00  9.99381e-01  8.85001e-03  1.01708e+00  9.90531e-01
2.52375e+01  1.06149e+00  9.99469e-01  8.77246e-03  1.01701e+00  9.90696e-01
2.53422e+01  1.05873e+00  9.99558e-01  8.59997e-03  1.01676e+00  9.90958e-01
2.54469e+01  1.05530e+00  9.99648e-01  8.33601e-03  1.01632e+00  9.91312e-01
2.55516e+01  1.05128e+00  9.99738e-01  7.98500e-03  1.01571e+00  9.91753e-01
2.56563e+01  1.04673e+00  9.99828e-01  7.55228e-03  1.01493e+00  9.92276e-01
2.57611e+01  1.04172e+00  9.99917e-01  7.04400e-03  1.01400e+00  9.92873e-01
2.58658e+01  1.03633e+00  1.00000e+00  6.46704e-03  1.01294e+00  9.93537e-01
2.59705e+01  1.03064e+00  1.00009e+00  5.82892e-03  1.01175e+00  9.94261e-01
2.60752e+01  1.02473e+00  1.00017e+00  5.13771e-03  1.01045e+00  9.95035e-01
2.61799e+01  1.01868e+00  1.00025e+00  4.40190e-03  1.00906e+00  9.95852e-01
2.62847e+01  1.01256e+00  1.00033e+00  3.63033e-03  1.00759e+00  9.96701e-01
2.63894e+01  1.00644e+00  1.00041e+00  2.83203e-03  1.00607e+00  9.97574e-01
2.64941e+01  1.00041e+00  1.00048e+00  2.01618e-03  1.00451e+00  9.98460e-01
2.65988e+01  9.94508e-01  1.00054e+00  1.19195e-03  1.00293e+00  9.99350e-01
2.67035e+01  9.88812e-01  1.00060e+00  3.68429e-04  1.00134e+00  1.00023e+00
2.68083e+01  9.83372e-01  1.00066e+00  -4.45487e-04  9.99767e-01  1.00110e+00
2.69130e+01  9.78238e-01  1.00071e+00  -1.24117e-03  9.98225e-01  1.00195e+00
2.70177e+01  9.73455e-01  1.00075e+00  -2.01037e-03  9.96729e-01  1.00276e+00
2.71224e+01  9.69061e-01  1.00078e+00  -2.74527e-03  9.95294e-01  1.00353e+00
2.72271e+01  9.65091e-01  1.00081e+00  -3.43857e-03  9.93935e-01  1.00425e+00
2.73319e+01  9.61573e-01  1.00083e+00  -4.08355e-03  9.92664e-01  1.00492e+00
2.74366e+01  9.58529e-01  1.00084e+00  -4.67413e-03  9.91494e-01  1.00552e+00
2.75413e+01  9.55979e-01  1.00084e+00  -5.20491e-03  9.90434e-01  1.00605e+00
2.76460e+01  9.53936e-01  1.00084e+00  -5.67123e-03  9.89494e-01  1.00651e+00
2.77507e+01  9.52410e-01  1.00082e+00  -6.06916e-03  9.88681e-01  1.00689e+00
2.78555e+01  9.51406e-01  1.00079e+00  -6.39560e-03  9.88001e-01  1.00719e+00
2.79602e+01  9.50923e-01  1.00076e+00  -6.64820e-03  9.87460e-01  1.00741e+00
2.80649e+01  9.50958e-01  1.00071e+00  -6.82545e-03  9.87062e-01  1.00754e+00
2.81696e+01  9.51504e-01  1.00066e+00  -6.92663e-03  9.86806e-01  1.00759e+00
2.82743e+01  9.52549e-01  1.00060e+00  -6.95185e-03  9.86695e-01  1.00755e+00
2.83791e+01  9.54077e-01  1.00053e+00  -6.90196e-03  9.86727e-01  1.00743e+00
2.84838e+01  9.56070e-01  1.00046e+00  -6.77862e-03  9.86900e-01  1.00724e+00
2.85885e+01  9.58504e-01  1.00038e+00  -6.58421e-03  9.87210e-01  1.00696e+00
2.86932e+01  9.61352e-01  1.00030e+00  -6.32180e-03  9.87652e-01  1.00662e+00
2.87979e+01  9.64584e-01  1.00021e+00  -5.99513e-03  9.88219e-01  1.00620e+00
2.89027e+01  9.68167e-01  1.00012e+00  -5.60858e-03  9.88905e-01  1.00573e+00
2.90074e+01  9.72061e-01  1.00003e+00  -5.16706e-03  9.89700e-01  1.00520e+00
2.91121e+01  9.76228e-01  9.99946e-01  -4.67601e-03  9.90594e-01  1.00462e+00
2.92168e+01  9.80623e-01  9.99861e-01  -4.14130e-03  9.91579e-01  1.00400e+00
2.93215e+01  9.85199e-01  9.99779e-01  -3.56921e-03  9.92641e-01  1.00335e+00
2.94263e+01  9.89907e-01  9.99702e-01  -2.96631e-03  9.93769e-01  1.00267e+00
2.95310e+01  9.94696e-01  9.99629e-01  -2.33944e-03  9.94950e-01  1.00197e+00
2.96357e+01  9.99514e-01  9.99563e-01  -1.69561e-03  9.96172e-01  1.00126e+00
2.97404e+01  1.00431e+00  9.99504e-01  -1.04192e-03  9.97420e-01  1.00055e+00
2.98451e+01  1.00902e+00  9.99452e-01  -3.85514e-04  9.98681e-01  9.99837e-01
2.99498e+01  1.01359e+00  9.99408e-01  2.66526e-04  9.99941e-01  9.99141e-01
3.00546e+01  1.01798e+00  9.99372e-01  9.07228e-04  1.00119e+00  9.98465e-01
3.01593e+01  1.02213e+00  9.99345e-01  1.52982e-03  1.00240e+00  9.97815e-01
3.02640e+01  1.02599e+00  9.99326e-01  2.12779e-03  1.00358e+00  9.97198e-01
3.03687e+01  1.02951e+00  9.99316e-01  2.69496e-03  1.00471e+00  9.96621e-01
3.04734e+01  1.03266e+00  9.99314e-01  3.22555e-03  1.00576e+00  9.96088e-01
3.05782e+01  1.03539e+00  9.99319e-01  3.71424e-03  1.00675e+00  9.95605e-01
3.06829e+01  1.03767e+00  9.99333e-01  4.15623e-03  1.00765e+00  9.95176e-01
3.07876e+01  1.03949e+00  9.99353e-01  4.54725e-03  1.00845e+00  9.94805e-01
3.08923e+01  1.04081e+00  9.99379e-01  4.88367e-03  1.00915e+00  9.94495e-01
3.09970e+01  1.04164e+00  9.99411e-01  5.16249e-03  1.00974e+00  9.94249e-01
3.11018e+01  1.04195e+00  9.99449e-01  5.38137e-03  1.01021e+00  9.94068e-01
3.12065e+01  1.04176e+00  9.99491e-01  5.53865e-03  1.01057e+00  9.93952e-01
3.13112e+01  1.04108e+00  9.99537e-01  5.63340e-03  1.01080e+00  9.93904e-01
3.14159e+01  1.03991e+00  9.99586e-01  5.66537e-03  1.01092e+00  9.93921e-01
3.15206e+01  1.03829e+00  9.99638e-01  5.63502e-03  1.01091e+00  9.94003e-01
3.16254e+01  1.03624e+00  9.99693e-01  5.54348e-03  1.01078e+00  9.94149e-01
3.17301e+01  1.03380e+00  9.99748e-01  5.39256e-03  1.01053e+00  9.94356e-01
3.18348e+01  1.03100e+00  9.99805e-01  5.18469e-03  1.01017e+00  9.94621e-01
3.19395e+01  1.02788e+00  9.99863e-01  4.92292e-03  1.00971e+00  9.94940e-01
3.20442e+01  1.02450e+00  9.99921e-01  4.61084e-03  1.00914e+00  9.95310e-01
3.21490e+01  1.02089e+00  9.99978e-01  4.25254e-03  1.00848e+00  9.95726e-01
3.22537e+01  1.01710e+00  1.00003e+00  3.85257e-03  1.00774e+00  9.96182e-01
3.23584e+01  1.01319e+00  1.00009e+00  3.41588e-03  1.00692e+00  9.96675e-01
3.24631e+01  1.00919e+00  1.00014e+00  2.94774e-03  1.00604e+00  9.97197e-01
3.25678e+01  1.00517e+00  1.00020e+00  2.45370e-03  1.00510e+00  9.97743e-01
3.26726e+01  1.00116e+00  1.00025e+00  1.93949e-03  1.00413e+00  9.98307e-01
3.27773e+01  9.97210e-01  1.00029e+00  1.41099e-03  1.00312e+00  9.98883e-01
3.28820e+01  9.93362e-01  1.00034e+00  8.74152e-04  1.00209e+00  9.99464e-01
3.29867e+01  9.89657e-01  1.00038e+00  3.34912e-04  1.00105e+00  1.00004e+00
3.30914e+01  9.86130e-01  1.00042e+00  -2.00850e-04  1.00001e+00  1.00062e+00
3.31962e+01  9.82815e-01  1.00045e+00  -7.27382e-04  9.98995e-01  1.00118e+00
3.33009e+01  9.79743e-01  1.00048e+00  -1.23912e-03  9.98000e-01  1.00172e+00
3.34056e+01  9.76941e-01  1.00050e+00  -1.73074e-03  9.97040e-01  1.00223e+00
3.35103e+01  9.74433e-01  1.00052e+00  -2.19722e-03  9.96125e-01  1.00272e+00
3.36150e+01  9.72238e-01  1.00053e+00  -2.63387e-03  9.95265e-01  1.00317e+00
3.37198e+01  9.70374e-01  1.00054e+00  -3.03641e-03  9.94467e-01  1.00358e+00
3.38245e+01  9.68853e-01  1.00054e+00  -3.40097e-03  9.93740e-01  1.00394e+00
3.39292e+01  9.67686e-01  1.00054e+00  -3.72412e-03  9.93089e-01  1.00426e+00
3.40339e+01  9.66879e-01  1.00053e+00  -4.00297e-03  9.92521e-01  1.00453e+00
3.41386e+01  9.66434e-01  1.00051e+00  -4.23508e-03  9.92040e-01  1.00475e+00
3.42434e+01  9.66353e-01  1.00049e+00  -4.41859e-03  9.91651e-01  1.00491e+00
3.43481e+01  9.66630e-01  1.00046e+00  -4.55214e-03  9.91356e-01  1.00501e+00
3.44528e+01  9.67261e-01  1.00043e+00  -4.63494e-03  9.91157e-01  1.00506e+00
3.45575e+01  9.68234e-01  1.00039e+00  -4.66673e-03  9.91056e-01  1.00506e+00
3.46622e+01  9.69537e-01  1.00035e+00  -4.64780e-03  9.91051e-01  1.00499e+00
3.47670e+01  9.71154e-01  1.00030e+00  -4.57896e-03  9.91143e-01  1.00488e+00
3.48717e+01  9.73068e-01  1.00025e+00  -4.46154e-03  9.91328e-01  1.00471e+00
3.49764e+01  9.75256e-01  1.00020e+00  -4.29738e-03  9.91604e-01  1.00450e+00
3.50811e+01  9.77695e-01  1.00014e+00  -4.08876e-03  9.91967e-01  1.00423e+00
3.51858e+01  9.80357e-01  1.00009e+00  -3.83844e-03  9.92412e-01  1.00393e+00
3.52906e+01  9.83216e-01  1.00003e+00  -3.54955e-03  9.92933e-01  1.00358e+00
3.53953e+01  9.86238e-01  9.99977e-01  -3.22563e-03  9.93525e-01  1.00320e+00
3.55000e+01  9.89392e-01  9.99922e-01  -2.87053e-03  9.94181e-01  1.00279e+00
3.56047e+01  9.92644e-01  9.99868e-01  -2.48840e-03  9.94892e-01  1.00236e+00
3.57094e+01  9.95956e-01  9.99817e-01  -2.08362e-03  9.95650e-01  1.00190e+00
3.58142e+01  9.99294e-01  9.99769e-01  -1.66079e-03  9.96448e-01  1.00143e+00
3.59189e+01  1.00262e+00  9.99725e-01  -1.22464e-03  9.97276e-01  1.00095e+00
3.60236e+01  1.00589e+00  9.99685e-01  -7.80006e-04  9.98125e-01  1.00046e+00
3.61283e+01  1.00908e+00  9.99649e-01  -3.31765e-04  9.98985e-01  9.99981e-01
3.62330e+01  1.01214e+00  9.99618e-01  1.15211e-04  9.99848e-01  9.99503e-01
3.63378e+01  1.01505e+00  9.99592e-01  5.56108e-04  1.00070e+00  9.99036e-01
3.64425e+01  1.01776e+00  9.99571e-01  9.86222e-04  1.00154e+00  9.98585e-01
3.65472e+01  1.02025e+00  9.99556e-01  1.40101e-03  1.00236e+00  9.98155e-01
3.66519e+01  1.02248e+00  9.99546e-01  1.79612e-03  1.00314e+00  9.97750e-01
3.67566e+01  1.02444e+00  9.99542e-01  2.16748e-03  1.00388e+00  9.97374e-01
3.68614e+01  1.02609e+00  9.99543e-01  2.51129e-03  1.00457e+00  9.97031e-01
3.69661e+01  1.02743e+00  9.99549e-01  2.82409e-03  1.00520e+00  9.96725e-01
3.70708e+01  1.02843e+00  9.99559e-01  3.10280e-03  1.00576e+00  9.96457e-01
3.71755e+01  1.02910e+00  9.99575e-01  3.34473e-03  1.00626e+00  9.96230e-01
3.72802e+01  1.02941e+00  9.99594e-01  3.54762e-03  1.00669e+00  9.96047e-01
3.73850e+01  1.02938e+00  9.99618e-01  3.70966e-03  1.00704e+00  9.95908e-01
3.74897e+01  1.02900e+00  9.99644e-01  3.82951e-03  1.00730e+00  9.95815e-01
3.75944e+01  1.02829e+00  9.99675e-01  3.90631e-03  1.00749e+00  9.95768e-01
3.76991e+01  1.02726e+00  9.99707e-01  3.93966e-03  1.00759e+00  9.95768e-01
3.78038e+01  1.02593e+00  9.99742e-01  3.92968e-03  1.00760e+00  9.95813e-01
3.79086e+01  1.02431e+00  9.99779e-01  3.87692e-03  1.00753e+00  9.95902e-01
3.80133e+01  1.02243e+00  9.99818e-01  3.78245e-03  1.00738e+00  9.96035e-01
3.81180e+01  1.02031e+00  9.99857e-01  3.64774e-03  1.00715e+00  9.96210e-01
3.82227e+01  1.01799e+00  9.99898e-01  3.47471e-03  1.00685e+00  9.96423e-01
3.83274e+01  1.01550e+00  9.99939e-01  3.26568e-03  1.00647e+00  9.96673e-01
3.84322e+01  1.01286e+00  9.99979e-01  3.02333e-03  1.00603e+00  9.96956e-01
3.85369e+01  1.01011e+00  1.00002e+00  2.75068e-03  1.00552e+00  9.97269e-01
3.86416e+01  1.00729e+00  1.00006e+00  2.45105e-03  1.00496e+00  9.97609e-01
3.87463e+01  1.00443e+00  1.00010e+00  2.12802e-03  1.00435e+00  9.97971e-01
3.88510e+01  1.00156e+00  1.00014e+00  1.78537e-03  1.00371e+00  9.98351e-01
3.89557e+01  9.98713e-01  1.00017e+00  1.42707e-03  1.00303e+00  9.98745e-01
3.90605e+01  9.95922e-01  1.00021e+00  1.05717e-03  1.00232e+00  9.99149e-01
3.91652e+01  9.93214e-01  1.00024e+00  6.79850e-04  1.00160e+00  9.99558e-01
3.92699e+01  9.90620e-01  1.00027e+00  2.99282e-04  1.00087e+00  9.99968e-01
3.93746e+01  9.88165e-01  1.00029e+00  -8.03643e-05  1.00013e+00  1.00037e+00
3.94793e+01  9.85873e-01  1.00032e+00  -4.54985e-04  9.99407e-01  1.00077e+00
3.95841e+01  9.83766e-01  1.00034e+00  -8.20579e-04  9.98696e-01  1.00116e+00
3.96888e+01  9.81863e-01  1.00035e+00  -1.17329e-03  9.98007e-01  1.00153e+00
3.97935e+01  9.80181e-01  1.00037e+00  -1.50946e-03  9.97347e-01  1.00188e+00
3.98982e+01  9.78734e-01  1.00038e+00  -1.82564e-03  9.96724e-01  1.00220e+00
4.00029e+01  9.77535e-01  1.00038e+00  -2.11864e-03  9.96143e-01  1.00250e+00
4.01077e+01  9.76593e-01  1.00038e+00  -2.38556e-03  9.95610e-01  1.00277e+00
4.02124e+01  9.75914e-01  1.00038e+00  -2.62381e-03  9.95130e-01  1.00300e+00
4.03171e+01  9.75501e-01  1.00037e+00  -2.83114e-03  9.94707e-01  1.00320e+00
4.04218e+01  9.75357e-01  1.00036e+00  -3.00566e-03  9.94347e-01  1.00336e+00
4.05265e+01  9.75480e-01  1.00034e+00  -3.14584e-03  9.94051e-01  1.00349e+00
4.06313e+01  9.75867e-01  1.00032e+00  -3.25055e-03  9.93822e-01  1.00357e+00
4.07360e+01  9.76511e-01  1.00030e+00  -3.31903e-03  9.93661e-01  1.00362e+00
4.08407e+01  9.77403e-01  1.00027e+00  -3.35092e-03  9.93571e-01  1.00362e+00
4.09454e+01  9.78533e-01  1.00024e+00  -3.34627e-03  9.93551e-01  1.00359e+00
4.10501e+01  9.79887e-01  1.00021e+00  -3.30549e-03  9.93600e-01  1.00352e+00
4.11549e+01  9.81450e-01  1.00018e+00  -3.22938e-03  9.93717e-01  1.00341e+00
4.12596e+01  9.83205e-01  1.00014e+00  -3.11912e-03  9.93901e-01  1.00326e+00
4.13643e+01  9.85131e-01  1.00010e+00  -2.97623e-03  9.94149e-01  1.00308e+00
4.14690e+01  9.87208e-01  1.00006e+00  -2.80256e-03  9.94458e-01  1.00287e+00
4.15737e+01  9.89413e-01  1.00002e+00  -2.60027e-03  9.94823e-01  1.00262e+00
4.16785e+01  9.91722e-01  9.99984e-01  -2.37181e-03  9.95240e-01  1.00236e+00
4.17832e+01  9.94109e-01  9.99945e-01  -2.11988e-03  9.95705e-01  1.00207e+00
4.18879e+01  9.96548e-01  9.99908e-01  -1.84742e-03  9.96213e-01  1.00175e+00
4.19926e+01  9.99011e-01  9.99871e-01  -1.55755e-03  9.96756e-01  1.00143e+00
4.20973e+01  1.00147e+00  9.99837e-01  -1.25354e-03  9.97330e-01  1.00109e+00
4.22021e+01  1.00390e+00  9.99805e-01  -9.38808e-04  9.97928e-01  1.00074e+00
4.23068e+01  1.00627e+00  9.99776e-01  -6.16844e-04  9.98542e-01  1.00039e+00
4.24115e+01  1.00856e+00  9.99750e-01  -2.91190e-04  9.99168e-01  1.00004e+00
4.25162e+01  1.01074e+00  9.99727e-01  3.46018e-05  9.99796e-01  9.99693e-01
4.26209e+01  1.01278e+00  9.99708e-01  3.57007e-04  1.00042e+00  9.99351e-01
4.27257e+01  1.01466e+00  9.99692e-01  6.72563e-04  1.00104e+00  9.99020e-01
4.28304e+01  1.01636e+00  9.99681e-01  9.77912e-04  1.00164e+00  9.98703e-01
4.29351e+01  1.01787e+00  9.99673e-01  1.26983e-03  1.00221e+00  9.98403e-01
4.30398e+01  1.01915e+00  9.99668e-01  1.54527e-03  1.00276e+00  9.98123e-01
4.31445e+01  1.02021e+00  9.99668e-01  1.80138e-03  1.00327e+00  9.97867e-01
4.32493e+01  1.02102e+00  9.99671e-01  2.03555e-03  1.00374e+00  9.97636e-01
4.33540e+01  1.02159e+00  9.99678e-01  2.24542e-03  1.00417e+00  9.97433e-01
4.34587e+01  1.02190e+00  9.99689e-01  2.42892e-03  1.00455e+00  9.97260e-01
4.35634e+01  1.02195e+00  9.99702e-01  2.58429e-03  1.00487e+00  9.97118e-01
4.36681e+01  1.02175e+00  9.99719e-01  2.71009e-03  1.00514e+00  9.97009e-01
4.37729e+01  1.02131e+00  9.99738e-01  2.80520e-03  1.00535e+00  9.96933e-01
4.38776e+01  1.02061e+00  9.99760e-01  2.86886e-03  1.00550e+00  9.96891e-01
4.39823e+01  1.01969e+00  9.99783e-01  2.90068e-03  1.00558e+00  9.96883e-01
4.40870e+01  1.01856e+00  9.99809e-01  2.90058e-03  1.00561e+00  9.96909e-01
4.41917e+01  1.01722e+00  9.99836e-01  2.86886e-03  1.00557e+00  9.96968e-01
4.42965e+01  1.01569e+00  9.99865e-01  2.80617e-03  1.00548e+00  9.97059e-01
4.44012e+01  1.01401e+00  9.99895e-01  2.71347e-03  1.00532e+00  9.97181e-01
4.45059e+01  1.01218e+00  9.99925e-01  2.59206e-03  1.00511e+00  9.97333e-01
4.46106e+01  1.01024e+00  9.99955e-01  2.44354e-03  1.00484e+00  9.97512e-01
4.47153e+01  1.00820e+00  9.99986e-01  2.26977e-03  1.00453e+00  9.97716e-01
4.48201e+01  1.00610e+00  1.00002e+00  2.07291e-03  1.00416e+00  9.97944e-01
4.49248e+01  1.00395e+00  1.00005e+00  1.85531e-03  1.00376e+00  9.98191e-01
4.50295e+01  1.00178e+00  1.00008e+00  1.61955e-03  1.00332e+00  9.98456e-01
4.51342e+01  9.99617e-01  1.00010e+00  1.36837e-03  1.00284e+00  9.98736e-01
4.52389e+01  9.97484e-01  1.00013e+00  1.10466e-03  1.00234e+00  9.99027e-01
4.53437e+01  9.95404e-01  1.00016e+00  8.31408e-04  1.00182e+00  9.99326e-01
4.54484e+01  9.93398e-01  1.00018e+00  5.51675e-04  1.00128e+00  9.99629e-01
4.55531e+01  9.91489e-01  1.00020e+00  2.68566e-04  1.00074e+00  9.99934e-01
4.56578e+01  9.89695e-01  1.00022e+00  -1.48119e-05  1.00019e+00  1.00024e+00
4.57625e+01  9.88034e-01  1.00024e+00  -2.95381e-04  9.99649e-01  1.00053e+00
4.58673e+01  9.86522e-01  1.00025e+00  -5.70126e-04  9.99114e-01  1.00082e+00
4.59720e+01  9.85174e-01  1.00027e+00  -8.36126e-04  9.98594e-01  1.00110e+00
4.60767e+01  9.84001e-01  1.00028e+00  -1.09059e-03  9.98094e-01  1.00137e+00
4.61814e+01  9.83015e-01  1.00028e+00  -1.33086e-03  9.97620e-01  1.00161e+00
4.62861e+01  9.82223e-01  1.00028e+00  -1.55449e-03  9.97176e-01  1.00184e+00
4.63909e+01  9.81632e-01  1.00028e+00  -1.75922e-03  9.96766e-01  1.00204e+00
4.64956e+01  9.81247e-01  1.00028e+00  -1.94301e-03  9.96396e-01  1.00222e+00
4.66003e+01  9.81068e-01  1.00028e+00  -2.10408e-03  9.96067e-01  1.00238e+00
4.67050e+01  9.81097e-01  1.00027e+00  -2.24089e-03  9.95785e-01  1.00251e+00
4.68097e+01  9.81332e-01  1.00025e+00  -2.35221e-03  9.95550e-01  1.00261e+00
4.69145e+01  9.81767e-01  1.00024e+00  -2.43705e-03  9.95365e-01  1.00268e+00
4.70192e+01  9.82399e-01  1.00022e+00  -2.49476e-03  9.95232e-01  1.00272e+00
4.71239e+01  9.83217e-01  1.00020e+00  -2.52494e-03  9.95151e-01  1.00273e+00
4.72286e+01  9.84213e-01  1.00018e+00  -2.52752e-03  9.95124e-01  1.00271e+00
4.73333e+01  9.85376e-01  1.00015e+00  -2.50272e-03  9.95149e-01  1.00266e+00
4.74380e+01  9.86692e-01  1.00013e+00  -2.45105e-03  9.95226e-01  1.00258e+00
4.75428e+01  9.88145e-01  1.00010e+00  -2.37328e-03  9.95355e-01  1.00247e+00
4.76475e+01  9.89721e-01  1.00007e+00  -2.27048e-03  9.95532e-01  1.00234e+00
4.77522e+01  9.91402e-01  1.00004e+00  -2.14398e-03  9.95755e-01  1.00219e+00
4.78569e+01  9.93169e-01  1.00001e+00  -1.99532e-03  9.96023e-01  1.00201e+00
4.79616e+01  9.95002e-01  9.99985e-01  -1.82631e-03  9.96332e-01  1.00181e+00
4.80664e+01  9.96881e-01  9.99956e-01  -1.63892e-03  9.96678e-01  1.00159e+00
4.81711e+01  9.98786e-01  9.99927e-01  -1.43533e-03  9.97057e-01  1.00136e+00
4.82758e+01  1.00069e+00  9.99900e-01  -1.21787e-03  9.97464e-01  1.00112e+00
4.83805e+01  1.00258e+00  9.99874e-01  -9.88988e-04  9.97896e-01  1.00086e+00
4.84852e+01  1.00444e+00  9.99850e-01  -7.51259e-04  9.98348e-01  1.00060e+00
4.85900e+01  1.00623e+00  9.99828e-01  -5.07317e-04  9.98814e-01  1.00034e+00
4.86947e+01  1.00794e+00  9.99809e-01  -2.59851e-04  9.99289e-01  1.00007e+00
4.87994e+01  1.00955e+00  9.99791e-01  -1.15649e-05  9.99768e-01  9.99803e-01
4.89041e+01  1.01105e+00  9.99777e-01  2.34845e-04  1.00025e+00  9.99542e-01
4.90088e+01  1.01241e+00  9.99765e-01  4.76724e-04  1.00072e+00  9.99288e-01
4.91136e+01  1.01362e+00  9.99756e-01  7.11483e-04  1.00118e+00  9.99044e-01
4.92183e+01  1.01467e+00  9.99749e-01  9.36630e-04  1.00162e+00  9.98813e-01
4.93230e+01  1.01555e+00  9.99746e-01  1.14979e-03  1.00205e+00  9.98596e-01
4.94277e+01  1.01624e+00  9.99746e-01  1.34875e-03  1.00244e+00  9.98397e-01
4.95324e+01  1.01674e+00  9.99748e-01  1.53145e-03  1.00281e+00  9.98217e-01
4.96372e+01  1.01704e+00  9.99753e-01  1.69602e-03  1.00315e+00  9.98057e-01
4.97419e+01  1.01715e+00  9.99761e-01  1.84082e-03  1.00344e+00  9.97920e-01
4.98466e+01  1.01705e+00  9.99771e-01  1.96443e-03  1.00370e+00  9.97807e-01
4.99513e+01  1.01677e+00  9.99784e-01  2.06565e-03  1.00392e+00  9.97718e-01
5.00560e+01  1.01629e+00  9.99799e-01  2.14357e-03  1.00409e+00  9.97655e-01
5.01608e+01  1.01563e+00  9.99816e-01  2.19752e-03  1.00421e+00  9.97618e-01
5.02655e+01  1.01480e+00  9.99834e-01  2.22709e-03  1.00429e+00  9.97607e-01
5.03702e+01  1.01381e+00  9.99854e-01  2.23217e-03  1.00432e+00  9.97622e-01
5.04749e+01  1.01266e+00  9.99876e-01  2.21289e-03  1.00430e+00  9.97663e-01
5.05796e+01  1.01139e+00  9.99898e-01  2.16965e-03  1.00424e+00  9.97728e-01
5.06844e+01  1.00999e+00  9.99921e-01  2.10312e-03  1.00413e+00  9.97818e-01
5.07891e+01  1.00850e+00  9.99945e-01  2.01423e-03  1.00397e+00  9.97931e-01
5.08938e+01  1.00693e+00  9.99969e-01  1.90411e-03  1.00378e+00  9.98065e-01
5.09985e+01  1.00529e+00  9.99993e-01  1.77415e-03  1.00354e+00  9.98219e-01
5.11032e+01  1.00361e+00  1.00002e+00  1.62592e-03  1.00327e+00  9.98391e-01
5.12080e+01  1.00190e+00  1.00004e+00  1.46120e-03  1.00296e+00  9.98580e-01
5.13127e+01  1.00019e+00  1.00006e+00  1.28191e-03  1.00263e+00  9.98782e-01
5.14174e+01  9.98498e-01  1.00009e+00  1.09014e-03  1.00227e+00  9.98996e-01
5.15221e+01  9.96837e-01  1.00011e+00  8.88065e-04  1.00188e+00  9.99219e-01
5.16268e+01  9.95227e-01  1.00013e+00  6.77980e-04  1.00148e+00  9.99449e-01
5.17316e+01  9.93685e-01  1.00015e+00  4.62236e-04  1.00107e+00  9.99683e-01
5.18363e+01  9.92228e-01  1.00016e+00  2.43226e-04  1.00065e+00  9.99919e-01
5.19410e+01  9.90871e-01  1.00018e+00  2.33567e-05  1.00022e+00  1.00015e+00
5.20457e+01  9.89626e-01  1.00019e+00  -1.94978e-04  9.99801e-01  1.00039e+00
5.21504e+01  9.88507e-01  1.00020e+00  -4.09420e-04  9.99383e-01  1.00061e+00
5.22552e+01  9.87524e-01  1.00021e+00  -6.17678e-04  9.98975e-01  1.00083e+00
5.23599e+01  9.86686e-01  1.00022e+00  -8.17546e-04  9.98582e-01  1.00103e+00
5.24646e+01  9.86001e-01  1.00022e+00  -1.00693e-03  9.98208e-01  1.00123e+00
5.25693e+01  9.85475e-01  1.00022e+00  -1.18386e-03  9.97856e-01  1.00141e+00
5.26740e+01  9.85112e-01  1.00022e+00  -1.34653e-03  9.97530e-01  1.00157e+00
5.27788e+01  9.84914e-01  1.00022e+00  -1.49330e-03  9.97233e-01  1.00171e+00
5.28835e+01  9.84883e-01  1.00021e+00  -1.62270e-03  9.96969e-01  1.00184e+00
5.29882e+01  9.85017e-01  1.00021e+00  -1.73349e-03  9.96740e-01  1.00194e+00
5.30929e+01  9.85314e-01  1.00020e+00  -1.82462e-03  9.96548e-01  1.00202e+00
5.31976e+01  9.85770e-01  1.00018e+00  -1.89525e-03  9.96394e-01  1.00208e+00
5.33024e+01  9.86379e-01  1.00017e+00  -1.94479e-03  9.96281e-01  1.00212e+00
5.34071e+01  9.87134e-01  1.00015e+00  -1.97287e-03  9.96208e-01  1.00213e+00
5.35118e+01  9.88026e-01  1.00014e+00  -1.97935e-03  9.96178e-01  1.00212e+00
5.36165e+01  9.89044e-01  1.00012e+00  -1.96434e-03  9.96188e-01  1.00208e+00
5.37212e+01  9.90178e-01  1.00010e+00  -1.92815e-03  9.96240e-01  1.00202e+00
5.38260e+01  9.91414e-01  1.00007e+00  -1.87135e-03  9.96332e-01  1.00195e+00
5.39307e+01  9.92739e-01  1.00005e+00  -1.79469e-03  9.96463e-01  1.00185e+00
5.40354e+01  9.94139e-01  1.00003e+00  -1.69916e-03  9.96631e-01  1.00173e+00
5.41401e+01  9.95596e-01  1.00001e+00  -1.58592e-03  9.96834e-01  1.00159e+00
5.42448e+01  9.97096e-01  9.99983e-01  -1.45633e-03  9.97070e-01  1.00144e+00
5.43496e+01  9.98621e-01  9.99960e-01  -1.31190e-03  9.97337e-01  1.00127e+00
5.44543e+01  1.00015e+00  9.99938e-01  -1.15431e-03  9.97630e-01  1.00109e+00
5.45590e+01  1.00168e+00  9.99917e-01  -9.85351e-04  9.97946e-01  1.00090e+00
5.46637e+01  1.00318e+00  9.99897e-01  -8.06927e-04  9.98283e-01  1.00070e+00
5.47684e+01  1.00464e+00  9.99878e-01  -6.21038e-04  9.98636e-01  1.00050e+00
5.48732e+01  1.00603e+00  9.99861e-01  -4.29747e-04  9.99001e-01  1.00029e+00
5.49779e+01  1.00736e+00  9.99845e-01  -2.35163e-04  9.99375e-01  1.00008e+00
5.50826e+01  1.00859e+00  9.99832e-01  -3.94167e-05  9.99753e-01  9.99871e-01
5.51873e+01  1.00972e+00  9.99821e-01  1.55362e-04  1.00013e+00  9.99665e-01
5.52920e+01  1.01073e+00  9.99811e-01  3.47068e-04  1.00051e+00  9.99464e-01
5.53968e+01  1.01162e+00  9.99804e-01  5.33643e-04  1.00087e+00  9.99271e-01
5.55015e+01  1.01237e+00  9.99799e-01  7.13096e-04  1.00123e+00  9.99086e-01
5.56062e+01  1.01297e+00  9.99797e-01  8.83526e-04  1.00156e+00  9.98913e-01
5.57109e+01  1.01342e+00  9.99797e-01  1.04314e-03  1.00188e+00  9.98754e-01
5.58156e+01  1.01372e+00  9.99799e-01  1.19029e-03  1.00218e+00  9.98609e-01
5.59203e+01  1.01385e+00  9.99803e-01  1.32344e-03  1.00245e+00  9.98480e-01
5.60251e+01  1.01383e+00  9.99810e-01  1.44126e-03  1.00269e+00  9.98369e-01
5.61298e+01  1.01365e+00  9.99818e-01  1.54255e-03  1.00290e+00  9.98276e-01
5.62345e+01  1.01332e+00  9.99829e-01  1.62634e-03  1.00308e+00  9.98202e-01
5.63392e+01  1.01283e+00  9.99841e-01  1.69182e-03  1.00322e+00  9.98149e-01
5.64439e+01  1.01221e+00  9.99855e-01  1.73843e-03  1.00333e+00  9.98116e-01
5.65487e+01  1.01145e+00  9.99870e-01  1.76577e-03  1.00340e+00  9.98104e-01
5.66534e+01  1.01056e+00  9.99886e-01  1.77368e-03  1.00343e+00  9.98112e-01
5.67581e+01  1.00957e+00  9.99904e-01  1.76222e-03  1.00343e+00  9.98141e-01
5.68628e+01  1.00847e+00  9.99922e-01  1.73166e-03  1.00339e+00  9.98190e-01
5.69675e+01  1.00728e+00  9.99941e-01  1.68245e-03  1.00331e+00  9.98258e-01
5.70723e+01  1.00602e+00  9.99960e-01  1.61526e-03  1.00319e+00  9.98345e-01
5.71770e+01  1.00471e+00  9.99980e-01  1.53097e-03  1.00304e+00  9.98449e-01
5.72817e+01  1.00335e+00  9.99999e-01  1.43062e-03  1.00286e+00  9.98569e-01
5.73864e+01  1.00197e+00  1.00002e+00  1.31541e-03  1.00265e+00  9.98703e-01
5.74911e+01  1.00058e+00  1.00004e+00  1.18670e-03  1.00241e+00  9.98851e-01
5.75959e+01  9.99188e-01  1.00006e+00  1.04601e-03  1.00215e+00  9.99011e-01
5.77006e+01  9.97821e-01  1.00007e+00  8.94942e-04  1.00186e+00  9.99179e-01
5.78053e+01  9.96489e-01  1.00009e+00  7.35227e-04  1.00156e+00  9.99356e-01
5.79100e+01  9.95207e-01  1.00011e+00  5.68664e-04  1.00124e+00  9.99539e-01
5.80147e+01  9.93989e-01  1.00012e+00  3.97116e-04  1.00092e+00  9.99725e-01
5.81195e+01  9.92847e-01  1.00014e+00  2.22485e-04  1.00058e+00  9.99913e-01
5.82242e+01  9.91794e-01  1.00015e+00  4.66919e-05  1.00024e+00  1.00010e+00
5.83289e+01  9.90839e-01  1.00016e+00  -1.28345e-04  9.99901e-01  1.00029e+00
5.84336e+01  9.89992e-01  1.00017e+00  -3.00731e-04  9.99565e-01  1.00047e+00
5.85383e+01  9.89262e-01  1.00017e+00  -4.68614e-04  9.99236e-01  1.00064e+00
5.86431e+01  9.88655e-01  1.00018e+00  -6.30207e-04  9.98917e-01  1.00081e+00
5.87478e+01  9.88177e-01  1.00018e+00  -7.83804e-04  9.98613e-01  1.00096e+00
5.88525e+01  9.87833e-01  1.00018e+00  -9.27798e-04  9.98326e-01  1.00111e+00
5.89572e+01  9.87624e-01  1.00018e+00  -1.06070e-03  9.98059e-01  1.00124e+00
5.90619e+01  9.87552e-01  1.00018e+00  -1.18115e-03  9.97815e-01  1.00136e+00
5.91667e+01  9.87617e-01  1.00017e+00  -1.28794e-03  9.97597e-01  1.00146e+00
5.92714e+01  9.87818e-01  1.00017e+00  -1.38000e-03  9.97406e-01  1.00155e+00
5.93761e+01  9.88152e-01  1.00016e+00  -1.45645e-03  9.97244e-01  1.00161e+00
5.94808e+01  9.88614e-01  1.00015e+00  -1.51657e-03  9.97114e-01  1.00166e+00
5.95855e+01  9.89199e-01  1.00013e+00  -1.55983e-03  9.97015e-01  1.00169e+00
5.96903e+01  9.89900e-01  1.00012e+00  -1.58587e-03  9.96950e-01  1.00171e+00
5.97950e+01  9.90709e-01  1.00011e+00  -1.59454e-03  9.96917e-01  1.00170e+00
5.98997e+01  9.91616e-01  1.00009e+00  -1.58586e-03  9.96919e-01  1.00168e+00
6.00044e+01  9.92612e-01  1.00007e+00  -1.56004e-03  9.96953e-01  1.00163e+00
6.01091e+01  9.93685e-01  1.00006e+00  -1.51747e-03  9.97021e-01  1.00157e+00
6.02139e+01  9.94824e-01  1.00004e+00  -1.45874e-03  9.97120e-01  1.00150e+00
6.03186e+01  9.96016e-01  1.00002e+00  -1.38458e-03  9.97250e-01  1.00140e+00
6.04233e+01  9.97246e-01  1.00000e+00  -1.29589e-03  9.97408e-01  1.00130e+00
6.05280e+01  9.98503e-01  9.99981e-01  -1.19374e-03  9.97594e-01  1.00117e+00
6.06327e+01  9.99771e-01  9.99963e-01  -1.07931e-03  9.97804e-01  1.00104e+00
6.07375e+01  1.00104e+00  9.99945e-01  -9.53911e-04  9.98037e-01  1.00090e+00
6.08422e+01  1.00229e+00  9.99928e-01  -8.18982e-04  9.98290e-01  1.00075e+00
6.09469e+01  1.00350e+00  9.99911e-01  -6.76040e-04  9.98559e-01  1.00059e+00
6.10516e+01  1.00468e+00  9.99896e-01  -5.26682e-04  9.98843e-01  1.00042e+00
6.11563e+01  1.00579e+00  9.99883e-01  -3.72567e-04  9.99137e-01  1.00026e+00
6.12611e+01  1.00684e+00  9.99870e-01  -2.15395e-04  9.99439e-01  1.00009e+00
6.13658e+01  1.00780e+00  9.99859e-01  -5.68876e-05  9.99746e-01  9.99916e-01
6.14705e+01  1.00867e+00  9.99850e-01  1.01228e-04  1.00005e+00  9.99749e-01
6.15752e+01  1.00944e+00  9.99843e-01  2.57238e-04  1.00036e+00  9.99586e-01
6.16799e+01  1.01010e+00  9.99838e-01  4.09463e-04  1.00066e+00  9.99428e-01
6.17847e+01  1.01064e+00  9.99834e-01  5.56273e-04  1.00095e+00  9.99278e-01
6.18894e+01  1.01106e+00  9.99832e-01  6.96107e-04  1.00122e+00  9.99136e-01
6.19941e+01  1.01134e+00  9.99833e-01  8.27487e-04  1.00149e+00  9.99005e-01
6.20988e+01  1.01150e+00  9.99835e-01  9.49037e-04  1.00173e+00  9.98886e-01
6.22035e+01  1.01153e+00  9.99839e-01  1.05950e-03  1.00196e+00  9.98779e-01
6.23083e+01  1.01142e+00  9.99844e-01  1.15773e-03  1.00216e+00  9.98687e-01
6.24130e+01  1.01119e+00  9.99852e-01  1.24274e-03  1.00234e+00  9.98609e-01
6.25177e+01  1.01083e+00  9.99861e-01  1.31369e-03  1.00249e+00  9.98547e-01
6.26224e+01  1.01035e+00  9.99871e-01  1.36990e-03  1.00261e+00  9.98501e-01
6.27271e+01  1.00975e+00  9.99883e-01  1.41083e-03  1.00270e+00  9.98472e-01
6.28319e+01  1.00905e+00  9.99895e-01  1.43615e-03  1.00277e+00  9.98459e-01
6.29366e+01  1.00825e+00  9.99909e-01  1.44567e-03  1.00280e+00  9.98464e-01
6.30413e+01  1.00736e+00  9.99924e-01  1.43938e-03  1.00280e+00  9.98485e-01
6.31460e+01  1.00640e+00  9.99939e-01  1.41747e-03  1.00277e+00  9.98522e-01
6.32507e+01  1.00537e+00  9.99955e-01  1.38026e-03  1.00272e+00  9.98575e-01
6.33555e+01  1.00428e+00  9.99972e-01  1.32825e-03  1.00263e+00  9.98643e-01
6.34602e+01  1.00316e+00  9.99988e-01  1.26212e-03  1.00251e+00  9.98726e-01
6.35649e+01  1.00201e+00  1.00000e+00  1.18267e-03  1.00237e+00  9.98822e-01
6.36696e+01  1.00084e+00  1.00002e+00  1.09086e-03  1.00220e+00  9.98930e-01
6.37743e+01  9.99677e-01  1.00004e+00  9.87762e-04  1.00201e+00  9.99049e-01
6.38791e+01  9.98524e-01  1.00005e+00  8.74575e-04  1.00180e+00  9.99177e-01
6.39838e+01  9.97395e-01  1.00007e+00  7.52598e-04  1.00157e+00  9.99314e-01
6.40885e+01  9.96303e-01  1.00008e+00  6.23216e-04  1.00133e+00  9.99458e-01
6.41932e+01  9.95260e-01  1.00009e+00  4.87886e-04  1.00107e+00  9.99606e-01
6.42979e+01  9.94277e-01  1.00011e+00  3.48120e-04  1.00080e+00  9.99758e-01
6.44026e+01  9.93364e-01  1.00012e+00  2.05467e-04  1.00053e+00  9.99911e-01
6.45074e+01  9.92531e-01  1.00013e+00  6.14968e-05  1.00025e+00  1.00006e+00
6.46121e+01  9.91785e-01  1.00013e+00  -8.22179e-05  9.99970e-01  1.00022e+00
6.47168e+01  9.91136e-01  1.00014e+00  -2.24117e-04  9.99693e-01  1.00037e+00
6.48215e+01  9.90588e-01  1.00015e+00  -3.62673e-04  9.99421e-01  1.00051e+00
6.49262e+01  9.90147e-01  1.00015e+00  -4.96403e-04  9.99157e-01  1.00065e+00
6.50310e+01  9.89818e-01  1.00015e+00  -6.23887e-04  9.98904e-01  1.00078e+00
6.51357e+01  9.89602e-01  1.00015e+00  -7.43784e-04  9.98664e-01  1.00090e+00
6.52404e+01  9.89503e-01  1.00015e+00  -8.54844e-04  9.98441e-01  1.00101e+00
6.53451e+01  9.89519e-01  1.00015e+00  -9.55921e-04  9.98236e-01  1.00110e+00
6.54498e+01  9.89651e-01  1.00014e+00  -1.04598e-03  9.98051e-01  1.00119e+00
6.55546e+01  9.89896e-01  1.00014e+00  -1.12413e-03  9.97888e-01  1.00126e+00
6.56593e+01  9.90251e-01  1.00013e+00  -1.18958e-03  9.97750e-01  1.00132e+00
6.57640e+01  9.90712e-01  1.00012e+00  -1.24172e-03  9.97636e-01  1.00136e+00
6.58687e+01  9.91273e-01  1.00011e+00  -1.28005e-03  9.97549e-01  1.00139e+00
6.59734e+01  9.91929e-01  1.00010e+00  -1.30427e-03  9.97489e-01  1.00140e+00
6.60782e+01  9.92671e-01  1.00008e+00  -1.31418e-03  9.97456e-01  1.00140e+00
6.61829e+01  9.93491e-01  1.00007e+00  -1.30978e-03  9.97452e-01  1.00138e+00
6.62876e+01  9.94379e-01  1.00006e+00  -1.29119e-03  9.97474e-01  1.00135e+00
6.63923e+01  9.95327e-01  1.00004e+00  -1.25870e-03  9.97524e-01  1.00130e+00
6.64970e+01  9.96323e-01  1.00003e+00  -1.21276e-03  9.97601e-01  1.00124e+00
6.66018e+01  9.97357e-01  1.00001e+00  -1.15393e-03  9.97703e-01  1.00116e+00
6.67065e+01  9.98416e-01  9.99995e-01  -1.08294e-03  9.97829e-01  1.00108e+00
6.68112e+01  9.99489e-01  9.99979e-01  -1.00061e-03  9.97978e-01  1.00098e+00
6.69159e+01  1.00056e+00  9.99964e-01  -9.07915e-04  9.98148e-01  1.00087e+00
6.70206e+01  1.00163e+00  9.99949e-01  -8.05909e-04  9.98337e-01  1.00075e+00
6.71254e+01  1.00267e+00  9.99935e-01  -6.95754e-04  9.98543e-01  1.00063e+00
6.72301e+01  1.00368e+00  9.99921e-01  -5.78688e-04  9.98764e-01  1.00050e+00
6.73348e+01  1.00464e+00  9.99909e-01  -4.56021e-04  9.98997e-01  1.00037e+00
6.74395e+01  1.00555e+00  9.99898e-01  -3.29112e-04  9.99240e-01  1.00023e+00
6.75442e+01  1.00639e+00  9.99888e-01  -1.99362e-04  9.99489e-01  1.00009e+00
6.76490e+01  1.00716e+00  9.99879e-01  -6.81933e-05  9.99743e-01  9.99947e-01
6.77537e+01  1.00784e+00  9.99872e-01  6.29627e-05  9.99998e-01  9.99809e-01
6.78584e+01  1.00843e+00  9.99866e-01  1.92683e-04  1.00025e+00  9.99673e-01
6.79631e+01  1.00892e+00  9.99862e-01  3.19567e-04  1.00050e+00  9.99542e-01
6.80678e+01  1.00931e+00  9.99859e-01  4.42253e-04  1.00074e+00  9.99417e-01
6.81726e+01  1.00959e+00  9.99858e-01  5.59431e-04  1.00098e+00  9.99299e-01
6.82773e+01  1.00977e+00  9.99859e-01  6.69858e-04  1.00120e+00  9.99189e-01
6.83820e+01  1.00982e+00  9.99861e-01  7.72371e-04  1.00141e+00  9.99088e-01
6.84867e+01  1.00977e+00  9.99865e-01  8.65899e-04  1.00160e+00  9.98999e-01
6.85914e+01  1.00961e+00  9.99870e-01  9.49474e-04  1.00177e+00  9.98920e-01
6.86962e+01  1.00934e+00  9.99876e-01  1.02224e-03  1.00192e+00  9.98854e-01
6.88009e+01  1.00896e+00  9.99884e-01  1.08347e-03  1.00205e+00  9.98801e-01
6.89056e+01  1.00849e+00  9.99893e-01  1.13256e-03  1.00216e+00  9.98761e-01
6.90103e+01  1.00792e+00  9.99904e-01  1.16904e-03  1.00224e+00  9.98734e-01
6.91150e+01  1.00727e+00  9.99915e-01  1.19259e-03  1.00230e+00  9.98722e-01
6.92198e+01  1.00653e+00  9.99927e-01  1.20303e-03  1.00233e+00  9.98724e-01
6.93245e+01  1.00573e+00  9.99939e-01  1.20030e-03  1.00234e+00  9.98739e-01
6.94292e+01  1.00487e+00  9.99953e-01  1.18453e-03  1.00232e+00  9.98768e-01
6.95339e+01  1.00396e+00  9.99966e-01  1.15595e-03  1.00228e+00  9.98810e-01
6.96386e+01  1.00301e+00  9.99980e-01  1.11495e-03  1.00221e+00  9.98865e-01
6.97434e+01  1.00203e+00  9.99994e-01  1.06204e-03  1.00212e+00  9.98932e-01
6.98481e+01  1.00104e+00  1.00001e+00  9.97887e-04  1.00200e+00  9.99011e-01
6.99528e+01  1.00004e+00  1.00002e+00  9.23239e-04  1.00187e+00  9.99099e-01
7.00575e+01  9.99043e-01  1.00004e+00  8.38972e-04  1.00171e+00  9.99197e-01
7.01622e+01  9.98066e-01  1.00005e+00  7.46063e-04  1.00154e+00  9.99303e-01
7.02670e+01  9.97117e-01  1.00006e+00  6.45573e-04  1.00135e+00  9.99416e-01
7.03717e+01  9.96206e-01  1.00007e+00  5.38640e-04  1.00115e+00  9.99535e-01
7.04764e+01  9.95343e-01  1.00008e+00  4.26467e-04  1.00094e+00  9.99658e-01
7.05811e+01  9.94537e-01  1.00009e+00  3.10304e-04  1.00071e+00  9.99784e-01
7.06858e+01  9.93796e-01  1.00010e+00  1.91439e-04  1.00049e+00  9.99912e-01
7.07906e+01  9.93128e-01  1.00011e+00  7.11805e-05  1.00025e+00  1.00004e+00
7.08953e+01  9.92539e-01  1.00012e+00  -4.91566e-05  1.00002e+00  1.00017e+00
7.10000e+01  9.92037e-01  1.00012e+00  -1.68264e-04  9.99786e-01  1.00029e+00
7.11047e+01  9.91625e-01  1.00013e+00  -2.84856e-04  9.99557e-01  1.00041e+00
7.12094e+01  9.91308e-01  1.00013e+00  -3.97681e-04  9.99334e-01  1.00053e+00
7.13142e+01  9.91089e-01  1.00013e+00  -5.05536e-04  9.99119e-01  1.00064e+00
7.14189e+01  9.90969e-01  1.00013e+00  -6.07281e-04  9.98915e-01  1.00074e+00
7.15236e+01  9.90949e-01  1.00013e+00  -7.01847e-04  9.98724e-01  1.00083e+00
7.16283e+01  9.91029e-01  1.00013e+00  -7.88251e-04  9.98549e-01  1.00091e+00
7.17330e+01  9.91208e-01  1.00012e+00  -8.65605e-04  9.98389e-01  1.00099e+00
7.18378e+01  9.91483e-01  1.00011e+00  -9.33121e-04  9.98248e-01  1.00105e+00
7.19425e+01  9.91851e-01  1.00011e+00  -9.90125e-04  9.98127e-01  1.00110e+00
7.20472e+01  9.92308e-01  1.00010e+00  -1.03606e-03  9.98027e-01  1.00114e+00
7.21519e+01  9.92848e-01  1.00009e+00  -1.07049e-03  9.97949e-01  1.00116e+00
7.22566e+01  9.93465e-01  1.00008e+00  -1.09311e-03  9.97894e-01  1.00117e+00
7.23614e+01  9.94152e-01  1.00007e+00  -1.10374e-03  9.97861e-01  1.00117e+00
7.24661e+01  9.94902e-01  1.00006e+00  -1.10233e-03  9.97852e-01  1.00116e+00
7.25708e+01  9.95706e-01  1.00004e+00  -1.08897e-03  9.97866e-01  1.00113e+00
7.26755e+01  9.96555e-01  1.00003e+00  -1.06386e-03  9.97903e-01  1.00109e+00
7.27802e+01  9.97439e-01  1.00002e+00  -1.02734e-03  9.97963e-01  1.00105e+00
7.28849e+01  9.98349e-01  1.00000e+00  -9.79869e-04  9.98044e-01  1.00098e+00
7.29897e+01  9.99275e-01  9.99991e-01  -9.22019e-04  9.98147e-01  1.00091e+00
7.30944e+01  1.00021e+00  9.99977e-01  -8.54473e-04  9.98268e-01  1.00083e+00
7.31991e+01  1.00113e+00  9.99964e-01  -7.78014e-04  9.98408e-01  1.00074e+00
7.33038e+01  1.00204e+00  9.99952e-01  -6.93516e-04  9.98565e-01  1.00065e+00
7.34085e+01  1.00293e+00  9.99940e-01  -6.01937e-04  9.98736e-01  1.00054e+00
7.35133e+01  1.00377e+00  9.99929e-01  -5.04307e-04  9.98920e-01  1.00043e+00
7.36180e+01  1.00458e+00  9.99918e-01  -4.01715e-04  9.99115e-01  1.00032e+00
7.37227e+01  1.00533e+00  9.99909e-01  -2.95300e-04  9.99318e-01  1.00020e+00
7.38274e+01  1.00601e+00  9.99900e-01  -1.86234e-04  9.99528e-01  1.00009e+00
7.39321e+01  1.00663e+00  9.99893e-01  -7.57143e-05  9.99742e-01  9.99969e-01
7.40369e+01  1.00717e+00  9.99887e-01  3.50520e-05  9.99957e-01  9.99852e-01
7.41416e+01  1.00762e+00  9.99883e-01  1.44862e-04  1.00017e+00  9.99738e-01
7.42463e+01  1.00799e+00  9.99880e-01  2.52527e-04  1.00038e+00  9.99627e-01
7.43510e+01  1.00827e+00  9.99878e-01  3.56890e-04  1.00059e+00  9.99521e-01
7.44557e+01  1.00845e+00  9.99877e-01  4.56832e-04  1.00079e+00  9.99420e-01
7.45605e+01  1.00853e+00  9.99878e-01  5.51291e-04  1.00098e+00  9.99327e-01
7.46652e+01  1.00852e+00  9.99880e-01  6.39266e-04  1.00116e+00  9.99241e-01
7.47699e+01  1.00841e+00  9.99884e-01  7.19834e-04  1.00132e+00  9.99164e-01
7.48746e+01  1.00821e+00  9.99889e-01  7.92156e-04  1.00147e+00  9.99097e-01
7.49793e+01  1.00791e+00  9.99895e-01  8.55486e-04  1.00161e+00  9.99039e-01
7.50841e+01  1.00753e+00  9.99902e-01  9.09181e-04  1.00172e+00  9.98993e-01
7.51888e+01  1.00706e+00  9.99910e-01  9.52705e-04  1.00182e+00  9.98958e-01
7.52935e+01  1.00652e+00  9.99920e-01  9.85636e-04  1.00189e+00  9.98934e-01
7.53982e+01  1.00590e+00  9.99929e-01  1.00767e-03  1.00194e+00  9.98922e-01
7.55029e+01  1.00522e+00  9.99940e-01  1.01862e-03  1.00198e+00  9.98922e-01
7.56077e+01  1.00449e+00  9.99951e-01  1.01843e-03  1.00199e+00  9.98933e-01
7.57124e+01  1.00371e+00  9.99963e-01  1.00715e-03  1.00198e+00  9.98956e-01
7.58171e+01  1.00289e+00  9.99975e-01  9.84974e-04  1.00195e+00  9.98990e-01
7.59218e+01  1.00205e+00  9.99987e-01  9.52188e-04  1.00189e+00  9.99035e-01
7.60265e+01  1.00118e+00  1.00000e+00  9.09209e-04  1.00182e+00  9.99090e-01
7.61313e+01  1.00031e+00  1.00001e+00  8.56559e-04  1.00173e+00  9.99155e-01
7.62360e+01  9.99439e-01  1.00002e+00  7.94862e-04  1.00161e+00  9.99229e-01
7.63407e+01  9.98579e-01  1.00004e+00  7.24837e-04  1.00149e+00  9.99311e-01
7.64454e+01  9.97740e-01  1.00005e+00  6.47292e-04  1.00134e+00  9.99400e-01
7.65501e+01  9.96930e-01  1.00006e+00  5.63110e-04  1.00118e+00  9.99494e-01
7.66549e+01  9.96159e-01  1.00007e+00  4.73242e-04  1.00101e+00  9.99594e-01
7.67596e+01  9.95435e-01  1.00008e+00  3.78699e-04  1.00083e+00  9.99698e-01
7.68643e+01  9.94765e-01  1.00009e+00  2.80532e-04  1.00065e+00  9.99805e-01
7.69690e+01  9.94157e-01  1.00009e+00  1.79829e-04  1.00045e+00  9.99913e-01
7.70737e+01  9.93617e-01  1.00010e+00  7.76981e-05  1.00025e+00  1.00002e+00
7.71785e+01  9.93149e-01  1.00010e+00  -2.47418e-05  1.00005e+00  1.00013e+00
7.72832e+01  9.92760e-01  1.00011e+00  -1.26376e-04  9.99856e-01  1.00023e+00
7.73879e+01  9.92453e-01  1.00011e+00  -2.26106e-04  9.99659e-01  1.00034e+00
7.74926e+01  9.92231e-01  1.00011e+00  -3.22857e-04  9.99468e-01  1.00044e+00
7.75973e+01  9.92096e-01  1.00011e+00  -4.15595e-04  9.99283e-01  1.00053e+00
7.77021e+01  9.92048e-01  1.00011e+00  -5.03335e-04  9.99106e-01  1.00062e+00
7.78068e+01  9.92089e-01  1.00011e+00  -5.85151e-04  9.98941e-01  1.00070e+00
7.79115e+01  9.92217e-01  1.00011e+00  -6.60188e-04  9.98788e-01  1.00077e+00
7.80162e+01  9.92430e-01  1.00010e+00  -7.27666e-04  9.98648e-01  1.00083e+00
7.81209e+01  9.92727e-01  1.00010e+00  -7.86895e-04  9.98524e-01  1.00088e+00
7.82257e+01  9.93103e-01  1.00009e+00  -8.37274e-04  9.98417e-01  1.00093e+00
7.83304e+01  9.93554e-01  1.00008e+00  -8.78305e-04  9.98327e-01  1.00096e+00
7.84351e+01  9.94075e-01  1.00008e+00  -9.09590e-04  9.98256e-01  1.00098e+00
7.85398e+01  9.94660e-01  1.00007e+00  -9.30842e-04  9.98204e-01  1.00100e+00
7.86445e+01  9.95302e-01  1.00006e+00  -9.41880e-04  9.98172e-01  1.00100e+00
7.87493e+01  9.95995e-01  1.00005e+00  -9.42638e-04  9.98160e-01  1.00099e+00
7.88540e+01  9.96730e-01  1.00003e+00  -9.33159e-04  9.98168e-01  1.00097e+00
7.89587e+01  9.97500e-01  1.00002e+00  -9.13598e-04  9.98196e-01  1.00094e+00
7.90634e+01  9.98295e-01  1.00001e+00  -8.84215e-04  9.98243e-01  1.00090e+00
7.91681e+01  9.99107e-01  9.99999e-01  -8.45379e-04  9.98308e-01  1.00084e+00
7.92729e+01  9.99927e-01  9.99987e-01  -7.97556e-04  9.98392e-01  1.00078e+00
7.93776e+01  1.00075e+00  9.99976e-01  -7.41309e-04  9.98493e-01  1.00072e+00
7.94823e+01  1.00155e+00  9.99964e-01  -6.77287e-04  9.98610e-01  1.00064e+00
7.95870e+01  1.00234e+00  9.99954e-01  -6.06223e-04  9.98741e-01  1.00056e+00
7.96917e+01  1.00310e+00  9.99943e-01  -5.28919e-04  9.98885e-01  1.00047e+00
7.97965e+01  1.00382e+00  9.99934e-01  -4.46244e-04  9.99041e-01  1.00038e+00
7.99012e+01  1.00450e+00  9.99925e-01  -3.59120e-04  9.99207e-01  1.00028e+00
8.00059e+01  1.00513e+00  9.99917e-01  -2.68512e-04  9.99380e-01  1.00019e+00
8.01106e+01  1.00569e+00  9.99910e-01  -1.75419e-04  9.99559e-01  1.00009e+00
8.02153e+01  1.00619e+00  9.99904e-01  -8.08638e-05  9.99742e-01  9.99985e-01
8.03201e+01  1.00662e+00  9.99899e-01  1.41213e-05  9.99927e-01  9.99885e-01
8.04248e+01  1.00697e+00  9.99896e-01  1.08503e-04  1.00011e+00  9.99787e-01
8.05295e+01  1.00724e+00  9.99893e-01  2.01259e-04  1.00030e+00  9.99692e-01
8.06342e+01  1.00743e+00  9.99892e-01  2.91389e-04  1.00047e+00  9.99601e-01
8.07389e+01  1.00753e+00  9.99892e-01  3.77927e-04  1.00065e+00  9.99514e-01
8.08437e+01  1.00755e+00  9.99893e-01  4.59948e-04  1.00081e+00  9.99433e-01
8.09484e+01  1.00748e+00  9.99896e-01  5.36581e-04  1.00097e+00  9.99359e-01
8.10531e+01  1.00733e+00  9.99899e-01  6.07018e-04  1.00111e+00  9.99292e-01
8.11578e+01  1.00710e+00  9.99904e-01  6.70522e-04  1.00124e+00  9.99233e-01
8.12625e+01  1.00678e+00  9.99909e-01  7.26432e-04  1.00136e+00  9.99183e-01
8.13672e+01  1.00640e+00  9.99916e-01  7.74177e-04  1.00146e+00  9.99142e-01
8.14720e+01  1.00594e+00  9.99924e-01  8.13273e-04  1.00155e+00  9.99110e-01
8.15767e+01  1.00541e+00  9.99932e-01  8.43336e-04  1.00162e+00  9.99089e-01
8.16814e+01  1.00483e+00  9.99941e-01  8.64081e-04  1.00167e+00  9.99077e-01
8.17861e+01  1.00420e+00  9.99951e-01  8.75325e-04  1.00170e+00  9.99075e-01
8.18908e+01  1.00352e+00  9.99961e-01  8.76989e-04  1.00171e+00  9.99084e-01
8.19956e+01  1.00280e+00  9.99971e-01  8.69102e-04  1.00171e+00  9.99102e-01
8.21003e+01  1.00206e+00  9.99982e-01  8.51793e-04  1.00169e+00  9.99130e-01
8.22050e+01  1.00130e+00  9.99993e-01  8.25297e-04  1.00164e+00  9.99168e-01
8.23097e+01  1.00052e+00  1.00000e+00  7.89944e-04  1.00158e+00  9.99214e-01
8.24144e+01  9.99750e-01  1.00001e+00  7.46163e-04  1.00151e+00  9.99269e-01
8.25192e+01  9.98981e-01  1.00003e+00  6.94471e-04  1.00141e+00  9.99331e-01
8.26239e+01  9.98227e-01  1.00004e+00  6.35467e-04  1.00131e+00  9.99400e-01
8.27286e+01  9.97497e-01  1.00005e+00  5.69831e-04  1.00119e+00  9.99476e-01
8.28333e+01  9.96798e-01  1.00005e+00  4.98308e-04  1.00105e+00  9.99557e-01
8.29380e+01  9.96138e-01  1.00006e+00  4.21706e-04  1.00091e+00  9.99642e-01
8.30428e+01  9.95524e-01  1.00007e+00  3.40882e-04  1.00075e+00  9.99731e-01
8.31475e+01  9.94963e-01  1.00008e+00  2.56736e-04  1.00059e+00  9.99822e-01
8.32522e+01  9.94460e-01  1.00008e+00  1.70200e-04  1.00043e+00  9.99915e-01
8.33569e+01  9.94020e-01  1.00009e+00  8.22265e-05  1.00025e+00  1.00001e+00
8.34616e+01  9.93649e-01  1.00009e+00  -6.22132e-06  1.00008e+00  1.00010e+00
8.35664e+01  9.93349e-01  1.00010e+00  -9.41797e-05  9.99909e-01  1.00019e+00
8.36711e+01  9.93125e-01  1.00010e+00  -1.80695e-04  9.99739e-01  1.00028e+00
8.37758e+01  9.92977e-01  1.00010e+00  -2.64835e-04  9.99571e-01  1.00037e+00
8.38805e+01  9.92908e-01  1.00010e+00  -3.45697e-04  9.99410e-01  1.00045e+00
8.39852e+01  9.92917e-01  1.00010e+00  -4.22420e-04  9.99255e-01  1.00052e+00
8.40900e+01  9.93005e-01  1.00010e+00  -4.94190e-04  9.99109e-01  1.00059e+00
8.41947e+01  9.93170e-01  1.00009e+00  -5.60252e-04  9.98974e-01  1.00065e+00
8.42994e+01  9.93410e-01  1.00009e+00  -6.19917e-04  9.98850e-01  1.00071e+00
8.44041e+01  9.93722e-01  1.00008e+00  -6.72569e-04  9.98740e-01  1.00076e+00
8.45088e+01  9.94103e-01  1.00008e+00  -7.17670e-04  9.98643e-01  1.00080e+00
8.46136e+01  9.94549e-01  1.00007e+00  -7.54766e-04  9.98562e-01  1.00083e+00
8.47183e+01  9.95053e-01  1.00006e+00  -7.83494e-04  9.98497e-01  1.00085e+00
8.48230e+01  9.95611e-01  1.00006e+00  -8.03581e-04  9.98448e-01  1.00086e+00
8.49277e+01  9.96217e-01  1.00005e+00  -8.14851e-04  9.98416e-01  1.00086e+00
8.50324e+01  9.96863e-01  1.00004e+00  -8.17221e-04  9.98402e-01  1.00085e+00
8.51372e+01  9.97542e-01  1.00003e+00  -8.10707e-04  9.98405e-01  1.00084e+00
8.52419e+01  9.98247e-01  1.00002e+00  -7.95420e-04  9.98425e-01  1.00081e+00
8.53466e+01  9.98970e-01  1.00001e+00  -7.71567e-04  9.98462e-01  1.00078e+00
8.54513e+01  9.99703e-01  9.99995e-01  -7.39444e-04  9.98516e-01  1.00073e+00
8.55560e+01  1.00044e+00  9.99985e-01  -6.99437e-04  9.98586e-01  1.00068e+00
8.56608e+01  1.00117e+00  9.99974e-01  -6.52014e-04  9.98670e-01  1.00063e+00
8.57655e+01  1.00188e+00  9.99964e-01  -5.97722e-04  9.98769e-01  1.00056e+00
8.58702e+01  1.00257e+00  9.99955e-01  -5.37181e-04  9.98880e-01  1.00049e+00
8.59749e+01  1.00323e+00  9.99946e-01  -4.71074e-04  9.99004e-01  1.00042e+00
8.60796e+01  1.00385e+00  9.99938e-01  -4.00141e-04  9.99137e-01  1.00034e+00
8.61844e+01  1.00443e+00  9.99930e-01  -3.25174e-04  9.99280e-01  1.00026e+00
8.62891e+01  1.00495e+00  9.99923e-01  -2.47003e-04  9.99429e-01  1.00017e+00
8.63938e+01  1.00542e+00  9.99917e-01  -1.66490e-04  9.99584e-01  1.00008e+00
8.64985e+01  1.00583e+00  9.99912e-01  -8.45175e-05  9.99743e-01  9.99997e-01
8.66032e+01  1.00616e+00  9.99908e-01  -1.98286e-06  9.99904e-01  9.99910e-01
8.67080e+01  1.00643e+00  9.99906e-01  8.02159e-05  1.00007e+00  9.99825e-01
8.68127e+01  1.00663e+00  9.99904e-01  1.61188e-04  1.00023e+00  9.99743e-01
8.69174e+01  1.00675e+00  9.99903e-01  2.40058e-04  1.00038e+00  9.99663e-01
8.70221e+01  1.00679e+00  9.99903e-01  3.15978e-04  1.00054e+00  9.99587e-01
8.71268e+01  1.00676e+00  9.99905e-01  3.88137e-04  1.00068e+00  9.99517e-01
8.72316e+01  1.00664e+00  9.99907e-01  4.55764e-04  1.00082e+00  9.99452e-01
8.73363e+01  1.00646e+00  9.99911e-01  5.18145e-04  1.00095e+00  9.99393e-01
8.74410e+01  1.00620e+00  9.99915e-01  5.74622e-04  1.00106e+00  9.99341e-01
8.75457e+01  1.00588e+00  9.99921e-01  6.24607e-04  1.00117e+00  9.99296e-01
8.76504e+01  1.00548e+00  9.99927e-01  6.67582e-04  1.00126e+00  9.99260e-01
8.77552e+01  1.00503e+00  9.99934e-01  7.03111e-04  1.00134e+00  9.99231e-01
8.78599e+01  1.00453e+00  9.99942e-01  7.30837e-04  1.00140e+00  9.99211e-01
8.79646e+01  1.00397e+00  9.99950e-01  7.50492e-04  1.00145e+00  9.99200e-01
8.80693e+01  1.00337e+00  9.99959e-01  7.61896e-04  1.00148e+00  9.99197e-01
8.81740e+01  1.00274e+00  9.99969e-01  7.64962e-04  1.00150e+00  9.99204e-01
8.82788e+01  1.00208e+00  9.99978e-01  7.59690e-04  1.00150e+00  9.99218e-01
8.83835e+01  1.00139e+00  9.99988e-01  7.46175e-04  1.00148e+00  9.99242e-01
8.84882e+01  1.00070e+00  9.99998e-01  7.24598e-04  1.00145e+00  9.99273e-01
8.85929e+01  1.00000e+00  1.00001e+00  6.95231e-04  1.00140e+00  9.99312e-01
8.86976e+01  9.99304e-01  1.00002e+00  6.58427e-04  1.00133e+00  9.99359e-01
8.88024e+01  9.98618e-01  1.00003e+00  6.14618e-04  1.00126e+00  9.99412e-01
8.89071e+01  9.97950e-01  1.00004e+00  5.64312e-04  1.00116e+00  9.99472e-01
8.90118e+01  9.97308e-01  1.00004e+00  5.08086e-04  1.00106e+00  9.99537e-01
8.91165e+01  9.96699e-01  1.00005e+00  4.46578e-04  1.00095e+00  9.99606e-01
8.92212e+01  9.96129e-01  1.00006e+00  3.80480e-04  1.00082e+00  9.99680e-01
8.93260e+01  9.95604e-01  1.00007e+00  3.10531e-04  1.00069e+00  9.99757e-01
8.94307e+01  9.95130e-01  1.00007e+00  2.37511e-04  1.00055e+00  9.99836e-01
8.95354e+01  9.94712e-01  1.00008e+00  1.62226e-04  1.00040e+00  9.99917e-01
8.96401e+01  9.94355e-01  1.00008e+00  8.55046e-05  1.00025e+00  9.99998e-01
8.97448e+01  9.94061e-01  1.00009e+00  8.18850e-06  1.00010e+00  1.00008e+00
8.98495e+01  9.93834e-01  1.00009e+00  -6.88799e-05  9.99952e-01  1.00016e+00
8.99543e+01  9.93676e-01  1.00009e+00  -1.44864e-04  9.99801e-01  1.00024e+00
9.00590e+01  9.93589e-01  1.00009e+00  -2.18944e-04  9.99654e-01  1.00031e+00
9.01637e+01  9.93573e-01  1.00009e+00  -2.90322e-04  9.99510e-01  1.00038e+00
9.02684e+01  9.93628e-01  1.00009e+00  -3.58236e-04  9.99373e-01  1.00045e+00
9.03731e+01  9.93754e-01  1.00009e+00  -4.21964e-04  9.99243e-01  1.00051e+00
9.04779e+01  9.93949e-01  1.00008e+00  -4.80833e-04  9.99122e-01  1.00056e+00
9.05826e+01  9.94210e-01  1.00008e+00  -5.34225e-04  9.99011e-01  1.00061e+00
9.06873e+01  9.94535e-01  1.00007e+00  -5.81585e-04  9.98911e-01  1.00066e+00
9.07920e+01  9.94920e-01  1.00007e+00  -6.22424e-04  9.98824e-01  1.00069e+00
9.08967e+01  9.95360e-01  1.00006e+00  -6.56330e-04  9.98749e-01  1.00072e+00
9.10015e+01  9.95851e-01  1.00005e+00  -6.82964e-04  9.98689e-01  1.00074e+00
9.11062e+01  9.96386e-01  1.00005e+00  -7.02068e-04  9.98642e-01  1.00075e+00
9.12109e+01  9.96961e-01  1.00004e+00  -7.13467e-04  9.98611e-01  1.00075e+00
9.13156e+01  9.97569e-01  1.00003e+00  -7.17071e-04  9.98595e-01  1.00075e+00
9.14203e+01  9.98202e-01  1.00002e+00  -7.12874e-04  9.98594e-01  1.00073e+00
9.15251e+01  9.98854e-01  1.00001e+00  -7.00953e-04  9.98609e-01  1.00071e+00
9.16298e+01  9.99518e-01  1.00000e+00  -6.81471e-04  9.98638e-01  1.00068e+00
9.17345e+01  1.00019e+00  9.99992e-01  -6.54669e-04  9.98682e-01  1.00065e+00
9.18392e+01  1.00085e+00  9.99982e-01  -6.20869e-04  9.98740e-01  1.00060e+00
9.19439e+01  1.00150e+00  9.99973e-01  -5.80466e-04  9.98812e-01  1.00055e+00
9.20487e+01  1.00214e+00  9.99964e-01  -5.33924e-04  9.98896e-01  1.00050e+00
9.21534e+01  1.00275e+00  9.99956e-01  -4.81772e-04  9.98992e-01  1.00044e+00
9.22581e+01  1.00333e+00  9.99948e-01  -4.24600e-04  9.99099e-01  1.00037e+00
9.23628e+01  1.00387e+00  9.99940e-01  -3.63047e-04  9.99214e-01  1.00030e+00
9.24675e+01  1.00436e+00  9.99934e-01  -2.97798e-04  9.99338e-01  1.00023e+00
9.25723e+01  1.00480e+00  9.99928e-01  -2.29576e-04  9.99469e-01  1.00016e+00
9.26770e+01  1.00519e+00  9.99923e-01  -1.59132e-04  9.99605e-01  1.00008e+00
9.27817e+01  1.00552e+00  9.99919e-01  -8.72398e-05  9.99744e-01  1.00001e+00
9.28864e+01  1.00579e+00  9.99916e-01  -1.46855e-05  9.99886e-01  9.99930e-01
9.29911e+01  1.00599e+00  9.99913e-01  5.77405e-05  1.00003e+00  9.99856e-01
9.30959e+01  1.00612e+00  9.99912e-01  1.29252e-04  1.00017e+00  9.99783e-01
9.32006e+01  1.00618e+00  9.99912e-01  1.99077e-04  1.00031e+00  9.99713e-01
9.33053e+01  1.00618e+00  9.99912e-01  2.66462e-04  1.00045e+00  9.99646e-01
9.34100e+01  1.00610e+00  9.99914e-01  3.30685e-04  1.00058e+00  9.99584e-01
9.35147e+01  1.00595e+00  9.99917e-01  3.91059e-04  1.00070e+00  9.99526e-01
9.36195e+01  1.00574e+00  9.99920e-01  4.46944e-04  1.00081e+00  9.99473e-01
9.37242e+01  1.00546e+00  9.99925e-01  4.97749e-04  1.00092e+00  9.99427e-01
9.38289e+01  1.00513e+00  9.99930e-01  5.42941e-04  1.00102e+00  9.99387e-01
9.39336e+01  1.00473e+00  9.99936e-01  5.82050e-04  1.00110e+00  9.99354e-01
9.40383e+01  1.00429e+00  9.99943e-01  6.14674e-04  1.00117e+00  9.99328e-01
9.41431e+01  1.00380e+00  9.99950e-01  6.40484e-04  1.00123e+00  9.99310e-01
9.42478e+01  1.00326e+00  9.99958e-01  6.59224e-04  1.00128e+00  9.99299e-01
9.43525e+01  1.00269e+00  9.99966e-01  6.70719e-04  1.00131e+00  9.99296e-01
9.44572e+01  1.00210e+00  9.99975e-01  6.74872e-04  1.00132e+00  9.99300e-01
9.45619e+01  1.00148e+00  9.99984e-01  6.71666e-04  1.00133e+00  9.99312e-01
9.46667e+01  1.00085e+00  9.99993e-01  6.61166e-04  1.00132e+00  9.99332e-01
9.47714e+01  1.00021e+00  1.00000e+00  6.43514e-04  1.00129e+00  9.99358e-01
9.48761e+01  9.99569e-01  1.00001e+00  6.18931e-04  1.00125e+00  9.99392e-01
9.49808e+01  9.98937e-01  1.00002e+00  5.87711e-04  1.00119e+00  9.99432e-01
9.50855e+01  9.98320e-01  1.00003e+00  5.50222e-04  1.00113e+00  9.99478e-01
9.51903e+01  9.97723e-01  1.00004e+00  5.06897e-04  1.00105e+00  9.99529e-01
9.52950e+01  9.97154e-01  1.00004e+00  4.58230e-04  1.00096e+00  9.99586e-01
9.53997e+01  9.96619e-01  1.00005e+00  4.04772e-04  1.00086e+00  9.99647e-01
9.55044e+01  9.96123e-01  1.00006e+00  3.47125e-04  1.00075e+00  9.99711e-01
9.56091e+01  9.95672e-01  1.00006e+00  2.85932e-04  1.00064e+00  9.99778e-01
9.57139e+01  9.95270e-01  1.00007e+00  2.21874e-04  1.00051e+00  9.99848e-01
9.58186e+01  9.94922e-01  1.00007e+00  1.55659e-04  1.00039e+00  9.99918e-01
9.59233e+01  9.94632e-01  1.00008e+00  8.80156e-05  1.00025e+00  9.99990e-01
9.60280e+01  9.94403e-01  1.00008e+00  1.96849e-05  1.00012e+00  1.00006e+00
9.61327e+01  9.94236e-01  1.00008e+00  -4.85875e-05  9.99985e-01  1.00013e+00
9.62375e+01  9.94133e-01  1.00008e+00  -1.16060e-04  9.99852e-01  1.00020e+00
9.63422e+01  9.94096e-01  1.00008e+00  -1.82003e-04  9.99720e-01  1.00027e+00
9.64469e+01  9.94125e-01  1.00008e+00  -2.45705e-04  9.99592e-01  1.00033e+00
9.65516e+01  9.94218e-01  1.00008e+00  -3.06486e-04  9.99468e-01  1.00039e+00
9.66563e+01  9.94376e-01  1.00008e+00  -3.63695e-04  9.99351e-01  1.00044e+00
9.67611e+01  9.94595e-01  1.00008e+00  -4.16727e-04  9.99242e-01  1.00049e+00
9.68658e+01  9.94874e-01  1.00007e+00  -4.65023e-04  9.99141e-01  1.00054e+00
9.69705e+01  9.95210e-01  1.00007e+00  -5.08078e-04  9.99050e-01  1.00057e+00
9.70752e+01  9.95598e-01  1.00006e+00  -5.45445e-04  9.98969e-01  1.00061e+00
9.71799e+01  9.96034e-01  1.00005e+00  -5.76742e-04  9.98900e-01  1.00063e+00
9.72847e+01  9.96513e-01  1.00005e+00  -6.01654e-04  9.98844e-01  1.00065e+00
9.73894e+01  9.97030e-01  1.00004e+00  -6.19935e-04  9.98800e-01  1.00066e+00
9.74941e+01  9.97580e-01  1.00003e+00  -6.31413e-04  9.98769e-01  1.00066e+00
9.75988e+01  9.98156e-01  1.00002e+00  -6.35990e-04  9.98751e-01  1.00066e+00
9.77035e+01  9.98751e-01  1.00001e+00  -6.33643e-04  9.98747e-01  1.00065e+00
9.78083e+01  9.99359e-01  1.00001e+00  -6.24425e-04  9.98757e-01  1.00063e+00
9.79130e+01  9.99973e-01  9.99997e-01  -6.08461e-04  9.98780e-01  1.00061e+00
9.80177e+01  1.00059e+00  9.99989e-01  -5.85951e-04  9.98817e-01  1.00057e+00
9.81224e+01  1.00119e+00  9.99980e-01  -5.57162e-04  9.98866e-01  1.00054e+00
9.82271e+01  1.00178e+00  9.99972e-01  -5.22432e-04  9.98927e-01  1.00049e+00
9.83319e+01  1.00236e+00  9.99964e-01  -4.82158e-04  9.98999e-01  1.00045e+00
9.84366e+01  1.00290e+00  9.99956e-01  -4.36798e-04  9.99082e-01  1.00039e+00
9.85413e+01  1.00341e+00  9.99949e-01  -3.86863e-04  9.99175e-01  1.00034e+00
9.86460e+01  1.00388e+00  9.99943e-01  -3.32910e-04  9.99277e-01  1.00028e+00
9.87507e+01  1.00430e+00  9.99937e-01  -2.75540e-04  9.99386e-01  1.00021e+00
9.88554e+01  1.00468e+00  9.99932e-01  -2.15388e-04  9.99501e-01  1.00015e+00
9.89602e+01  1.00500e+00  9.99927e-01  -1.53117e-04  9.99621e-01  1.00008e+00
9.90649e+01  1.00527e+00  9.99924e-01  -8.94087e-05  9.99745e-01  1.00001e+00
9.91696e+01  1.00548e+00  9.99921e-01  -2.49614e-05  9.99871e-01  9.99946e-01
9.92743e+01  1.00562e+00  9.99919e-01  3.95231e-05  9.99999e-01  9.99880e-01
9.93790e+01  1.00570e+00  9.99919e-01  1.03344e-04  1.00013e+00  9.99815e-01
9.94838e+01  1.00571e+00  9.99919e-01  1.65812e-04  1.00025e+00  9.99753e-01
9.95885e+01  1.00567e+00  9.99920e-01  2.26251e-04  1.00037e+00  9.99694e-01
9.96932e+01  1.00555e+00  9.99922e-01  2.84013e-04  1.00049e+00  9.99638e-01
9.97979e+01  1.00538e+00  9.99924e-01  3.38479e-04  1.00060e+00  9.99586e-01
9.99026e+01  1.00514e+00  9.99928e-01  3.89069e-04  1.00071e+00  9.99539e-01
1.00007e+02  1.00485e+00  9.99933e-01  4.35247e-04  1.00080e+00  9.99497e-01
1.00112e+02  1.00450e+00  9.99938e-01  4.76526e-04  1.00089e+00  9.99461e-01
1.00217e+02  1.00411e+00  9.99943e-01  5.12475e-04  1.00097e+00  9.99431e-01
1.00322e+02  1.00367e+00  9.99950e-01  5.42720e-04  1.00104e+00  9.99407e-01
1.00426e+02  1.00318e+00  9.99957e-01  5.66955e-04  1.00109e+00  9.99390e-01
1.00531e+02  1.00267e+00  9.99964e-01  5.84935e-04  1.00113e+00  9.99379e-01
1.00636e+02  1.00213e+00  9.99972e-01  5.96489e-04  1.00117e+00  9.99376e-01
1.00740e+02  1.00156e+00  9.99980e-01  6.01512e-04  1.00118e+00  9.99379e-01
1.00845e+02  1.00098e+00  9.99988e-01  5.99975e-04  1.00119e+00  9.99388e-01
1.00950e+02  1.00039e+00  9.99997e-01  5.91917e-04  1.00118e+00  9.99405e-01
1.01055e+02  9.99794e-01  1.00001e+00  5.77449e-04  1.00116e+00  9.99428e-01
1.01159e+02  9.99205e-01  1.00001e+00  5.56753e-04  1.00113e+00  9.99457e-01
1.01264e+02  9.98627e-01  1.00002e+00  5.30075e-04  1.00108e+00  9.99491e-01
1.01369e+02  9.98067e-01  1.00003e+00  4.97729e-04  1.00102e+00  9.99532e-01
1.01473e+02  9.97529e-01  1.00004e+00  4.60086e-04  1.00096e+00  9.99577e-01
1.01578e+02  9.97021e-01  1.00004e+00  4.17577e-04  1.00088e+00  9.99626e-01
1.01683e+02  9.96547e-01  1.00005e+00  3.70680e-04  1.00079e+00  9.99680e-01
1.01788e+02  9.96113e-01  1.00006e+00  3.19924e-04  1.00070e+00  9.99736e-01
1.01892e+02  9.95724e-01  1.00006e+00  2.65873e-04  1.00059e+00  9.99796e-01
1.01997e+02  9.95384e-01  1.00007e+00  2.09129e-04  1.00048e+00  9.99857e-01
1.02102e+02  9.95095e-01  1.00007e+00  1.50318e-04  1.00037e+00  9.99920e-01
1.02206e+02  9.94862e-01  1.00007e+00  9.00869e-05  1.00025e+00  9.99983e-01
1.02311e+02  9.94687e-01  1.00008e+00  2.90963e-05  1.00013e+00  1.00005e+00
1.02416e+02  9.94571e-01  1.00008e+00  -3.19882e-05  1.00001e+00  1.00011e+00
1.02521e+02  9.94515e-01  1.00008e+00  -9.25026e-05  9.99893e-01  1.00017e+00
1.02625e+02  9.94520e-01  1.00008e+00  -1.51792e-04  9.99774e-01  1.00023e+00
1.02730e+02  9.94587e-01  1.00008e+00  -2.09216e-04  9.99658e-01  1.00029e+00
1.02835e+02  9.94713e-01  1.00007e+00  -2.64158e-04  9.99546e-01  1.00034e+00
1.02940e+02  9.94898e-01  1.00007e+00  -3.16031e-04  9.99440e-01  1.00039e+00
1.03044e+02  9.95139e-01  1.00007e+00  -3.64283e-04  9.99340e-01  1.00043e+00
1.03149e+02  9.95433e-01  1.00006e+00  -4.08404e-04  9.99247e-01  1.00047e+00
1.03254e+02  9.95778e-01  1.00006e+00  -4.47931e-04  9.99163e-01  1.00051e+00
1.03358e+02  9.96169e-01  1.00005e+00  -4.82450e-04  9.99089e-01  1.00054e+00
1.03463e+02  9.96603e-01  1.00005e+00  -5.11605e-04  9.99024e-01  1.00056e+00
1.03568e+02  9.97073e-01  1.00004e+00  -5.35101e-04  9.98970e-01  1.00058e+00
1.03673e+02  9.97575e-01  1.00003e+00  -5.52702e-04  9.98928e-01  1.00059e+00
1.03777e+02  9.98104e-01  1.00003e+00  -5.64239e-04  9.98897e-01  1.00059e+00
1.03882e+02  9.98653e-01  1.00002e+00  -5.69608e-04  9.98879e-01  1.00059e+00
1.03987e+02  9.99217e-01  1.00001e+00  -5.68772e-04  9.98873e-01  1.00058e+00
1.04091e+02  9.99788e-01  1.00000e+00  -5.61764e-04  9.98878e-01  1.00056e+00
1.04196e+02  1.00036e+00  9.99994e-01  -5.48680e-04  9.98897e-01  1.00054e+00
1.04301e+02  1.00093e+00  9.99986e-01  -5.29683e-04  9.98926e-01  1.00052e+00
1.04406e+02  1.00149e+00  9.99978e-01  -5.05000e-04  9.98968e-01  1.00048e+00
1.04510e+02  1.00203e+00  9.99970e-01  -4.74919e-04  9.99020e-01  1.00045e+00
1.04615e+02  1.00254e+00  9.99963e-01  -4.39783e-04  9.99083e-01  1.00040e+00
1.04720e+02  1.00303e+00  9.99956e-01  -3.99990e-04  9.99156e-01  1.00036e+00
1.04824e+02  1.00348e+00  9.99950e-01  -3.55989e-04  9.99238e-01  1.00031e+00
1.04929e+02  1.00389e+00  9.99944e-01  -3.08271e-04  9.99327e-01  1.00025e+00
1.05034e+02  1.00426e+00  9.99939e-01  -2.57365e-04  9.99424e-01  1.00020e+00
1.05139e+02  1.00458e+00  9.99934e-01  -2.03834e-04  9.99527e-01  1.00014e+00
1.05243e+02  1.00485e+00  9.99931e-01  -1.48268e-04  9.99634e-01  1.00008e+00
1.05348e+02  1.00506e+00  9.99928e-01  -9.12762e-05  9.99745e-01  1.00002e+00
1.05453e+02  1.00522e+00  9.99926e-01  -3.34824e-05  9.99859e-01  9.99959e-01
1.05558e+02  1.00531e+00  9.99924e-01  2.44837e-05  9.99973e-01  9.99900e-01
1.05662e+02  1.00535e+00  9.99924e-01  8.19923e-05  1.00009e+00  9.99842e-01
1.05767e+02  1.00532e+00  9.99924e-01  1.38420e-04  1.00020e+00  9.99786e-01
1.05872e+02  1.00524e+00  9.99926e-01  1.93158e-04  1.00031e+00  9.99733e-01
1.05976e+02  1.00509e+00  9.99928e-01  2.45617e-04  1.00042e+00  9.99682e-01
1.06081e+02  1.00489e+00  9.99931e-01  2.95234e-04  1.00052e+00  9.99636e-01
1.06186e+02  1.00464e+00  9.99934e-01  3.41480e-04  1.00062e+00  9.99593e-01
1.06291e+02  1.00433e+00  9.99939e-01  3.83861e-04  1.00071e+00  9.99555e-01
1.06395e+02  1.00398e+00  9.99944e-01  4.21932e-04  1.00079e+00  9.99522e-01
1.06500e+02  1.00358e+00  9.99950e-01  4.55290e-04  1.00086e+00  9.99494e-01
1.06605e+02  1.00314e+00  9.99956e-01  4.83590e-04  1.00092e+00  9.99472e-01
1.06709e+02  1.00267e+00  9.99963e-01  5.06539e-04  1.00098e+00  9.99456e-01
1.06814e+02  1.00217e+00  9.99970e-01  5.23906e-04  1.00102e+00  9.99446e-01
1.06919e+02  1.00165e+00  9.99977e-01  5.35519e-04  1.00105e+00  9.99442e-01
1.07024e+02  1.00111e+00  9.99985e-01  5.41272e-04  1.00107e+00  9.99444e-01
1.07128e+02  1.00056e+00  9.99993e-01  5.41120e-04  1.00107e+00  9.99452e-01
1.07233e+02  1.00000e+00  1.00000e+00  5.35085e-04  1.00107e+00  9.99465e-01
