# k S000 S110 S112 S10 S11
1.04720e-01  4.87279e-02  3.19448e-01  -7.89394e-02  1.61569e-01  3.98387e-01
2.09440e-01  4.87989e-02  3.19880e-01  -7.90993e-02  1.61681e-01  3.98979e-01
3.14159e-01  4.89191e-02  3.20601e-01  -7.93641e-02  1.61873e-01  3.99965e-01
4.18879e-01  4.90909e-02  3.21615e-01  -7.97311e-02  1.62153e-01  4.01346e-01
5.23599e-01  4.93177e-02  3.22924e-01  -8.01967e-02  1.62531e-01  4.03121e-01
6.28319e-01  4.96031e-02  3.24534e-01  -8.07569e-02  1.63020e-01  4.05291e-01
7.33038e-01  4.99516e-02  3.26449e-01  -8.14068e-02  1.63635e-01  4.07856e-01
8.37758e-01  5.03680e-02  3.28675e-01  -8.21416e-02  1.64392e-01  4.10817e-01
9.42478e-01  5.08577e-02  3.31219e-01  -8.29562e-02  1.65307e-01  4.14175e-01
1.04720e+00  5.14261e-02  3.34088e-01  -8.38454e-02  1.66398e-01  4.17934e-01
1.15192e+00  5.20793e-02  3.37291e-01  -8.48044e-02  1.67682e-01  4.22096e-01
1.25664e+00  5.28237e-02  3.40836e-01  -8.58285e-02  1.69179e-01  4.26664e-01
1.36136e+00  5.36659e-02  3.44732e-01  -8.69131e-02  1.70906e-01  4.31645e-01
1.46608e+00  5.46131e-02  3.48990e-01  -8.80543e-02  1.72881e-01  4.37044e-01
1.57080e+00  5.56732e-02  3.53620e-01  -8.92481e-02  1.75124e-01  4.42868e-01
1.67552e+00  5.68546e-02  3.58635e-01  -9.04909e-02  1.77653e-01  4.49126e-01
1.78024e+00  5.81664e-02  3.64046e-01  -9.17792e-02  1.80488e-01  4.55825e-01
1.88496e+00  5.96189e-02  3.69868e-01  -9.31097e-02  1.83648e-01  4.62977e-01
1.98968e+00  6.12230e-02  3.76114e-01  -9.44789e-02  1.87157e-01  4.70593e-01
2.09440e+00  6.29914e-02  3.82802e-01  -9.58835e-02  1.91035e-01  4.78685e-01
2.19911e+00  6.49377e-02  3.89946e-01  -9.73195e-02  1.95307e-01  4.87265e-01
2.30383e+00  6.70775e-02  3.97565e-01  -9.87831e-02  1.99999e-01  4.96348e-01
2.40855e+00  6.94280e-02  4.05678e-01  -1.00270e-01  2.05139e-01  5.05948e-01
2.51327e+00  7.20087e-02  4.14305e-01  -1.01774e-01  2.10758e-01  5.16079e-01
2.61799e+00  7.48417e-02  4.23468e-01  -1.03290e-01  2.16888e-01  5.26758e-01
2.72271e+00  7.79518e-02  4.33189e-01  -1.04811e-01  2.23567e-01  5.38000e-01
2.82743e+00  8.13670e-02  4.43492e-01  -1.06328e-01  2.30835e-01  5.49820e-01
2.93215e+00  8.51193e-02  4.54403e-01  -1.07833e-01  2.38736e-01  5.62236e-01
3.03687e+00  8.92451e-02  4.65948e-01  -1.09315e-01  2.47318e-01  5.75263e-01
3.14159e+00  9.37858e-02  4.78156e-01  -1.10760e-01  2.56636e-01  5.88915e-01
3.24631e+00  9.87888e-02  4.91056e-01  -1.12153e-01  2.66750e-01  6.03209e-01
3.35103e+00  1.04308e-01  5.04679e-01  -1.13477e-01  2.77725e-01  6.18156e-01
3.45575e+00  1.10407e-01  5.19058e-01  -1.14711e-01  2.89636e-01  6.33770e-01
3.56047e+00  1.17157e-01  5.34227e-01  -1.15833e-01  3.02562e-01  6.50059e-01
3.66519e+00  1.24641e-01  5.50220e-01  -1.16813e-01  3.16594e-01  6.67033e-01
3.76991e+00  1.32956e-01  5.67074e-01  -1.17621e-01  3.31832e-01  6.84694e-01
3.87463e+00  1.42214e-01  5.84826e-01  -1.18219e-01  3.48388e-01  7.03044e-01
3.97935e+00  1.52547e-01  6.03513e-01  -1.18566e-01  3.66382e-01  7.22079e-01
4.08407e+00  1.64108e-01  6.23176e-01  -1.18612e-01  3.85952e-01  7.41788e-01
4.18879e+00  1.77076e-01  6.43852e-01  -1.18302e-01  4.07247e-01  7.62154e-01
4.29351e+00  1.91665e-01  6.65580e-01  -1.17574e-01  4.30432e-01  7.83153e-01
4.39823e+00  2.08126e-01  6.88396e-01  -1.16354e-01  4.55688e-01  8.04751e-01
4.50295e+00  2.26756e-01  7.12337e-01  -1.14563e-01  4.83210e-01  8.26901e-01
4.60767e+00  2.47910e-01  7.37434e-01  -1.12112e-01  5.13210e-01  8.49545e-01
4.71239e+00  2.72007e-01  7.63713e-01  -1.08900e-01  5.45914e-01  8.72613e-01
4.81711e+00  2.99551e-01  7.91196e-01  -1.04820e-01  5.81557e-01  8.96016e-01
4.92183e+00  3.31140e-01  8.19891e-01  -9.97566e-02  6.20378e-01  9.19648e-01
5.02655e+00  3.67489e-01  8.49794e-01  -9.35908e-02  6.62613e-01  9.43385e-01
5.13127e+00  4.09444e-01  8.80881e-01  -8.62017e-02  7.08478e-01  9.67083e-01
5.23599e+00  4.58008e-01  9.13103e-01  -7.74748e-02  7.58153e-01  9.90577e-01
5.34071e+00  5.14347e-01  9.46372e-01  -6.73098e-02  8.11752e-01  1.01368e+00
5.44543e+00  5.79803e-01  9.80556e-01  -5.56335e-02  8.69289e-01  1.03619e+00
5.55015e+00  6.55870e-01  1.01546e+00  -4.24153e-02  9.30630e-01  1.05788e+00
5.65487e+00  7.44135e-01  1.05081e+00  -2.76866e-02  9.95441e-01  1.07850e+00
5.75959e+00  8.46150e-01  1.08625e+00  -1.15630e-02  1.06312e+00  1.09781e+00
5.86431e+00  9.63183e-01  1.12128e+00  5.73286e-03  1.13275e+00  1.11555e+00
5.96903e+00  1.09581e+00  1.15531e+00  2.38515e-02  1.20301e+00  1.13145e+00
6.07375e+00  1.24330e+00  1.18759e+00  4.23054e-02  1.27220e+00  1.14529e+00
6.17847e+00  1.40282e+00  1.21729e+00  6.04740e-02  1.33824e+00  1.15682e+00
6.28319e+00  1.56860e+00  1.24349e+00  7.76315e-02  1.39875e+00  1.16586e+00
6.38791e+00  1.73140e+00  1.26526e+00  9.30020e-02  1.45127e+00  1.17226e+00
6.49262e+00  1.87890e+00  1.28179e+00  1.05839e-01  1.49346e+00  1.17595e+00
6.59734e+00  1.99744e+00  1.29242e+00  1.15520e-01  1.52346e+00  1.17690e+00
6.70206e+00  2.07507e+00  1.29680e+00  1.21632e-01  1.54006e+00  1.17517e+00
6.80678e+00  2.10483e+00  1.29493e+00  1.24030e-01  1.54299e+00  1.17090e+00
6.91150e+00  2.08674e+00  1.28714e+00  1.22850e-01  1.53284e+00  1.16430e+00
7.01622e+00  2.02736e+00  1.27409e+00  1.18471e-01  1.51103e+00  1.15562e+00
7.12094e+00  1.93732e+00  1.25663e+00  1.11450e-01  1.47953e+00  1.14517e+00
7.22566e+00  1.82833e+00  1.23571e+00  1.02425e-01  1.44057e+00  1.13329e+00
7.33038e+00  1.71081e+00  1.21234e+00  9.20423e-02  1.39642e+00  1.12029e+00
7.43510e+00  1.59273e+00  1.18740e+00  8.08889e-02  1.34917e+00  1.10651e+00
7.53982e+00  1.47942e+00  1.16169e+00  6.94603e-02  1.30061e+00  1.09223e+00
7.64454e+00  1.37402e+00  1.13587e+00  5.81448e-02  1.25216e+00  1.07772e+00
7.74926e+00  1.27804e+00  1.11045e+00  4.72262e-02  1.20491e+00  1.06323e+00
7.85398e+00  1.19188e+00  1.08584e+00  3.68962e-02  1.15963e+00  1.04894e+00
7.95870e+00  1.11532e+00  1.06230e+00  2.72717e-02  1.11685e+00  1.03503e+00
8.06342e+00  1.04775e+00  1.04005e+00  1.84115e-02  1.07687e+00  1.02164e+00
8.16814e+00  9.88402e-01  1.01919e+00  1.03318e-02  1.03986e+00  1.00886e+00
8.27286e+00  9.36485e-01  9.99810e-01  3.01983e-03  1.00585e+00  9.96790e-01
8.37758e+00  8.91212e-01  9.81934e-01  -3.55628e-03  9.74821e-01  9.85490e-01
8.48230e+00  8.51859e-01  9.65567e-01  -9.43970e-03  9.46687e-01  9.75007e-01
8.58702e+00  8.17777e-01  9.50693e-01  -1.46792e-02  9.21335e-01  9.65372e-01
8.69174e+00  7.88393e-01  9.37283e-01  -1.93250e-02  8.98633e-01  9.56608e-01
8.79646e+00  7.63211e-01  9.25298e-01  -2.34267e-02  8.78444e-01  9.48725e-01
8.90118e+00  7.41802e-01  9.14696e-01  -2.70309e-02  8.60634e-01  9.41727e-01
9.00590e+00  7.23802e-01  9.05432e-01  -3.01804e-02  8.45071e-01  9.35612e-01
9.11062e+00  7.08901e-01  8.97460e-01  -3.29139e-02  8.31632e-01  9.30374e-01
9.21534e+00  6.96837e-01  8.90737e-01  -3.52654e-02  8.20207e-01  9.26003e-01
9.32006e+00  6.87394e-01  8.85220e-01  -3.72643e-02  8.10692e-01  9.22485e-01
9.42478e+00  6.80390e-01  8.80869e-01  -3.89356e-02  8.02998e-01  9.19805e-01
9.52950e+00  6.75677e-01  8.77646e-01  -4.02997e-02  7.97047e-01  9.17946e-01
9.63422e+00  6.73138e-01  8.75516e-01  -4.13733e-02  7.92769e-01  9.16889e-01
9.73894e+00  6.72678e-01  8.74446e-01  -4.21687e-02  7.90108e-01  9.16614e-01
9.84366e+00  6.74226e-01  8.74405e-01  -4.26949e-02  7.89015e-01  9.17100e-01
9.94838e+00  6.77732e-01  8.75364e-01  -4.29574e-02  7.89450e-01  9.18322e-01
1.00531e+01  6.83160e-01  8.77298e-01  -4.29584e-02  7.91381e-01  9.20256e-01
1.01578e+01  6.90493e-01  8.80178e-01  -4.26973e-02  7.94783e-01  9.22875e-01
1.02625e+01  6.99725e-01  8.83980e-01  -4.21708e-02  7.99639e-01  9.26151e-01
1.03673e+01  7.10862e-01  8.88678e-01  -4.13731e-02  8.05932e-01  9.30051e-01
1.04720e+01  7.23918e-01  8.94245e-01  -4.02966e-02  8.13651e-01  9.34541e-01
1.05767e+01  7.38914e-01  9.00651e-01  -3.89319e-02  8.22788e-01  9.39583e-01
1.06814e+01  7.55876e-01  9.07867e-01  -3.72687e-02  8.33330e-01  9.45136e-01
1.07861e+01  7.74826e-01  9.15856e-01  -3.52959e-02  8.45265e-01  9.51152e-01
1.08909e+01  7.95786e-01  9.24580e-01  -3.30031e-02  8.58573e-01  9.57583e-01
1.09956e+01  8.18765e-01  9.33990e-01  -3.03809e-02  8.73229e-01  9.64371e-01
1.11003e+01  8.43759e-01  9.44035e-01  -2.74221e-02  8.89191e-01  9.71457e-01
1.12050e+01  8.70736e-01  9.54652e-01  -2.41235e-02  9.06405e-01  9.78775e-01
1.13097e+01  8.99634e-01  9.65766e-01  -2.04868e-02  9.24793e-01  9.86253e-01
1.14145e+01  9.30346e-01  9.77295e-01  -1.65206e-02  9.44253e-01  9.93815e-01
1.15192e+01  9.62709e-01  9.89138e-01  -1.22423e-02  9.64653e-01  1.00138e+00
1.16239e+01  9.96490e-01  1.00118e+00  -7.67978e-03  9.85823e-01  1.00886e+00
1.17286e+01  1.03138e+00  1.01330e+00  -2.87321e-03  1.00755e+00  1.01617e+00
1.18333e+01  1.06696e+00  1.02535e+00  2.12348e-03  1.02960e+00  1.02323e+00
1.19381e+01  1.10272e+00  1.03717e+00  7.24162e-03  1.05165e+00  1.02993e+00
1.20428e+01  1.13806e+00  1.04859e+00  1.23977e-02  1.07338e+00  1.03619e+00
1.21475e+01  1.17225e+00  1.05942e+00  1.74945e-02  1.09441e+00  1.04193e+00
1.22522e+01  1.20449e+00  1.06949e+00  2.24227e-02  1.11433e+00  1.04706e+00
1.23569e+01  1.23393e+00  1.07859e+00  2.70657e-02  1.13272e+00  1.05152e+00
1.24617e+01  1.25971e+00  1.08655e+00  3.13036e-02  1.14916e+00  1.05525e+00
1.25664e+01  1.28101e+00  1.09321e+00  3.50206e-02  1.16325e+00  1.05819e+00
1.26711e+01  1.29712e+00  1.09843e+00  3.81115e-02  1.17465e+00  1.06031e+00
1.27758e+01  1.30749e+00  1.10209e+00  4.04889e-02  1.18306e+00  1.06160e+00
1.28805e+01  1.31182e+00  1.10413e+00  4.20898e-02  1.18831e+00  1.06204e+00
1.29852e+01  1.31003e+00  1.10453e+00  4.28799e-02  1.19029e+00  1.06165e+00
1.30900e+01  1.30234e+00  1.10331e+00  4.28562e-02  1.18903e+00  1.06046e+00
1.31947e+01  1.28919e+00  1.10055e+00  4.20467e-02  1.18465e+00  1.05851e+00
1.32994e+01  1.27124e+00  1.09636e+00  4.05075e-02  1.17737e+00  1.05585e+00
1.34041e+01  1.24929e+00  1.09087e+00  3.83179e-02  1.16751e+00  1.05255e+00
1.35088e+01  1.22421e+00  1.08426e+00  3.55742e-02  1.15541e+00  1.04869e+00
1.36136e+01  1.19690e+00  1.07672e+00  3.23821e-02  1.14149e+00  1.04434e+00
1.37183e+01  1.16819e+00  1.06844e+00  2.88506e-02  1.12614e+00  1.03959e+00
1.38230e+01  1.13886e+00  1.05960e+00  2.50857e-02  1.10977e+00  1.03451e+00
1.39277e+01  1.10954e+00  1.05039e+00  2.11859e-02  1.09276e+00  1.02921e+00
1.40324e+01  1.08079e+00  1.04098e+00  1.72389e-02  1.07546e+00  1.02374e+00
1.41372e+01  1.05302e+00  1.03152e+00  1.33201e-02  1.05816e+00  1.01820e+00
1.42419e+01  1.02656e+00  1.02215e+00  9.49158e-03  1.04113e+00  1.01265e+00
1.43466e+01  1.00163e+00  1.01297e+00  5.80255e-03  1.02458e+00  1.00717e+00
1.44513e+01  9.78388e-01  1.00409e+00  2.29060e-03  1.00868e+00  1.00180e+00
1.45560e+01  9.56922e-01  9.95597e-01  -1.01714e-03  9.93563e-01  9.96614e-01
1.46608e+01  9.37278e-01  9.87546e-01  -4.10236e-03  9.79341e-01  9.91648e-01
1.47655e+01  9.19465e-01  9.79994e-01  -6.95392e-03  9.66086e-01  9.86948e-01
1.48702e+01  9.03469e-01  9.72982e-01  -9.56636e-03  9.53849e-01  9.82548e-01
1.49749e+01  8.89259e-01  9.66542e-01  -1.19385e-02  9.42665e-01  9.78480e-01
1.50796e+01  8.76793e-01  9.60697e-01  -1.40724e-02  9.32553e-01  9.74770e-01
1.51844e+01  8.66025e-01  9.55465e-01  -1.59720e-02  9.23521e-01  9.71437e-01
1.52891e+01  8.56904e-01  9.50856e-01  -1.76428e-02  9.15570e-01  9.68499e-01
1.53938e+01  8.49381e-01  9.46877e-01  -1.90907e-02  9.08695e-01  9.65967e-01
1.54985e+01  8.43409e-01  9.43530e-01  -2.03221e-02  9.02885e-01  9.63852e-01
1.56032e+01  8.38942e-01  9.40815e-01  -2.13429e-02  8.98129e-01  9.62158e-01
1.57080e+01  8.35939e-01  9.38729e-01  -2.21586e-02  8.94412e-01  9.60888e-01
1.58127e+01  8.34363e-01  9.37267e-01  -2.27742e-02  8.91718e-01  9.60041e-01
1.59174e+01  8.34177e-01  9.36422e-01  -2.31939e-02  8.90034e-01  9.59616e-01
1.60221e+01  8.35350e-01  9.36184e-01  -2.34211e-02  8.89342e-01  9.59605e-01
1.61268e+01  8.37855e-01  9.36544e-01  -2.34586e-02  8.89626e-01  9.60002e-01
1.62316e+01  8.41662e-01  9.37487e-01  -2.33082e-02  8.90871e-01  9.60796e-01
1.63363e+01  8.46747e-01  9.39001e-01  -2.29716e-02  8.93058e-01  9.61973e-01
1.64410e+01  8.53082e-01  9.41069e-01  -2.24498e-02  8.96169e-01  9.63519e-01
1.65457e+01  8.60639e-01  9.43672e-01  -2.17436e-02  9.00184e-01  9.65415e-01
1.66504e+01  8.69389e-01  9.46788e-01  -2.08539e-02  9.05080e-01  9.67642e-01
1.67552e+01  8.79295e-01  9.50393e-01  -1.97820e-02  9.10829e-01  9.70175e-01
1.68599e+01  8.90316e-01  9.54461e-01  -1.85298e-02  9.17401e-01  9.72990e-01
1.69646e+01  9.02403e-01  9.58959e-01  -1.71000e-02  9.24759e-01  9.76059e-01
1.70693e+01  9.15494e-01  9.63853e-01  -1.54969e-02  9.32860e-01  9.79350e-01
1.71740e+01  9.29516e-01  9.69105e-01  -1.37265e-02  9.41652e-01  9.82831e-01
1.72788e+01  9.44379e-01  9.74668e-01  -1.17972e-02  9.51074e-01  9.86465e-01
1.73835e+01  9.59977e-01  9.80495e-01  -9.72002e-03  9.61055e-01  9.90215e-01
1.74882e+01  9.76183e-01  9.86532e-01  -7.50904e-03  9.71514e-01  9.94041e-01
1.75929e+01  9.92848e-01  9.92718e-01  -5.18194e-03  9.82354e-01  9.97900e-01
1.76976e+01  1.00980e+00  9.98989e-01  -2.76020e-03  9.93469e-01  1.00175e+00
1.78024e+01  1.02684e+00  1.00528e+00  -2.69299e-04  1.00474e+00  1.00555e+00
1.79071e+01  1.04376e+00  1.01150e+00  2.26127e-03  1.01603e+00  1.00924e+00
1.80118e+01  1.06030e+00  1.01760e+00  4.79813e-03  1.02719e+00  1.01280e+00
1.81165e+01  1.07623e+00  1.02347e+00  7.30449e-03  1.03808e+00  1.01617e+00
1.82212e+01  1.09126e+00  1.02905e+00  9.74074e-03  1.04853e+00  1.01931e+00
1.83260e+01  1.10514e+00  1.03425e+00  1.20654e-02  1.05838e+00  1.02219e+00
1.84307e+01  1.11758e+00  1.03900e+00  1.42365e-02  1.06747e+00  1.02476e+00
1.85354e+01  1.12835e+00  1.04321e+00  1.62126e-02  1.07564e+00  1.02700e+00
1.86401e+01  1.13722e+00  1.04684e+00  1.79547e-02  1.08275e+00  1.02888e+00
1.87448e+01  1.14401e+00  1.04981e+00  1.94277e-02  1.08866e+00  1.03038e+00
1.88496e+01  1.14858e+00  1.05208e+00  2.06022e-02  1.09329e+00  1.03148e+00
1.89543e+01  1.15085e+00  1.05363e+00  2.14552e-02  1.09654e+00  1.03218e+00
1.90590e+01  1.15079e+00  1.05444e+00  2.19723e-02  1.09838e+00  1.03246e+00
1.91637e+01  1.14845e+00  1.05449e+00  2.21472e-02  1.09878e+00  1.03234e+00
1.92684e+01  1.14393e+00  1.05381e+00  2.19828e-02  1.09777e+00  1.03182e+00
1.93732e+01  1.13738e+00  1.05241e+00  2.14905e-02  1.09539e+00  1.03092e+00
1.94779e+01  1.12900e+00  1.05035e+00  2.06898e-02  1.09173e+00  1.02966e+00
1.95826e+01  1.11901e+00  1.04767e+00  1.96068e-02  1.08689e+00  1.02807e+00
1.96873e+01  1.10768e+00  1.04444e+00  1.82732e-02  1.08099e+00  1.02617e+00
1.97920e+01  1.09528e+00  1.04072e+00  1.67249e-02  1.07417e+00  1.02400e+00
1.98968e+01  1.08207e+00  1.03659e+00  1.49997e-02  1.06659e+00  1.02159e+00
2.00015e+01  1.06831e+00  1.03212e+00  1.31366e-02  1.05839e+00  1.01898e+00
2.01062e+01  1.05425e+00  1.02739e+00  1.11740e-02  1.04974e+00  1.01622e+00
2.02109e+01  1.04012e+00  1.02248e+00  9.14860e-03  1.04078e+00  1.01334e+00
2.03156e+01  1.02612e+00  1.01747e+00  7.09453e-03  1.03166e+00  1.01037e+00
2.04204e+01  1.01242e+00  1.01241e+00  5.04283e-03  1.02249e+00  1.00736e+00
2.05251e+01  9.99169e-01  1.00737e+00  3.02099e-03  1.01341e+00  1.00435e+00
2.06298e+01  9.86504e-01  1.00241e+00  1.05279e-03  1.00452e+00  1.00136e+00
2.07345e+01  9.74524e-01  9.97593e-01  -8.41627e-04  9.95909e-01  9.98434e-01
2.08392e+01  9.63312e-01  9.92952e-01  -2.64561e-03  9.87661e-01  9.95598e-01
2.09440e+01  9.52933e-01  9.88534e-01  -4.34570e-03  9.79843e-01  9.92880e-01
2.10487e+01  9.43436e-01  9.84374e-01  -5.93133e-03  9.72511e-01  9.90305e-01
2.11534e+01  9.34859e-01  9.80503e-01  -7.39441e-03  9.65714e-01  9.87897e-01
2.12581e+01  9.27226e-01  9.76946e-01  -8.72898e-03  9.59488e-01  9.85675e-01
2.13628e+01  9.20553e-01  9.73724e-01  -9.93083e-03  9.53863e-01  9.83655e-01
2.14675e+01  9.14851e-01  9.70857e-01  -1.09972e-02  9.48862e-01  9.81854e-01
2.15723e+01  9.10121e-01  9.68357e-01  -1.19264e-02  9.44504e-01  9.80283e-01
2.16770e+01  9.06363e-01  9.66234e-01  -1.27177e-02  9.40799e-01  9.78952e-01
2.17817e+01  9.03571e-01  9.64498e-01  -1.33709e-02  9.37756e-01  9.77868e-01
2.18864e+01  9.01738e-01  9.63151e-01  -1.38863e-02  9.35379e-01  9.77038e-01
2.19911e+01  9.00850e-01  9.62198e-01  -1.42646e-02  9.33669e-01  9.76463e-01
2.20959e+01  9.00896e-01  9.61637e-01  -1.45068e-02  9.32624e-01  9.76144e-01
2.22006e+01  9.01859e-01  9.61467e-01  -1.46140e-02  9.32239e-01  9.76081e-01
2.23053e+01  9.03721e-01  9.61683e-01  -1.45874e-02  9.32508e-01  9.76270e-01
2.24100e+01  9.06461e-01  9.62278e-01  -1.44286e-02  9.33421e-01  9.76706e-01
2.25147e+01  9.10055e-01  9.63243e-01  -1.41393e-02  9.34964e-01  9.77382e-01
2.26195e+01  9.14475e-01  9.64566e-01  -1.37216e-02  9.37123e-01  9.78288e-01
2.27242e+01  9.19690e-01  9.66235e-01  -1.31780e-02  9.39879e-01  9.79413e-01
2.28289e+01  9.25664e-01  9.68234e-01  -1.25115e-02  9.43211e-01  9.80745e-01
2.29336e+01  9.32356e-01  9.70543e-01  -1.17256e-02  9.47092e-01  9.82269e-01
2.30383e+01  9.39717e-01  9.73142e-01  -1.08249e-02  9.51492e-01  9.83967e-01
2.31431e+01  9.47694e-01  9.76008e-01  -9.81487e-03  9.56378e-01  9.85823e-01
2.32478e+01  9.56225e-01  9.79113e-01  -8.70196e-03  9.61709e-01  9.87815e-01
2.33525e+01  9.65238e-01  9.82429e-01  -7.49405e-03  9.67440e-01  9.89923e-01
2.34572e+01  9.74655e-01  9.85922e-01  -6.20041e-03  9.73522e-01  9.92123e-01
2.35619e+01  9.84387e-01  9.89560e-01  -4.83185e-03  9.79896e-01  9.94392e-01
2.36667e+01  9.94337e-01  9.93303e-01  -3.40084e-03  9.86502e-01  9.96704e-01
2.37714e+01  1.00440e+00  9.97113e-01  -1.92151e-03  9.93270e-01  9.99034e-01
2.38761e+01  1.01445e+00  1.00095e+00  -4.09668e-04  1.00013e+00  1.00136e+00
2.39808e+01  1.02438e+00  1.00476e+00  1.11731e-03  1.00699e+00  1.00364e+00
2.40855e+01  1.03405e+00  1.00851e+00  2.64061e-03  1.01379e+00  1.00587e+00
2.41903e+01  1.04333e+00  1.01215e+00  4.14024e-03  1.02043e+00  1.00800e+00
2.42950e+01  1.05209e+00  1.01563e+00  5.59539e-03  1.02682e+00  1.01003e+00
2.43997e+01  1.06020e+00  1.01890e+00  6.98480e-03  1.03287e+00  1.01192e+00
2.45044e+01  1.06753e+00  1.02193e+00  8.28729e-03  1.03851e+00  1.01365e+00
2.46091e+01  1.07395e+00  1.02468e+00  9.48229e-03  1.04365e+00  1.01520e+00
2.47139e+01  1.07938e+00  1.02710e+00  1.05504e-02  1.04820e+00  1.01655e+00
2.48186e+01  1.08371e+00  1.02917e+00  1.14742e-02  1.05212e+00  1.01769e+00
2.49233e+01  1.08689e+00  1.03085e+00  1.22384e-02  1.05533e+00  1.01861e+00
2.50280e+01  1.08886e+00  1.03213e+00  1.28307e-02  1.05779e+00  1.01930e+00
2.51327e+01  1.08960e+00  1.03298e+00  1.32423e-02  1.05947e+00  1.01974e+00
2.52375e+01  1.08911e+00  1.03341e+00  1.34678e-02  1.06035e+00  1.01994e+00
2.53422e+01  1.08743e+00  1.03341e+00  1.35057e-02  1.06042e+00  1.01990e+00
2.54469e+01  1.08460e+00  1.03299e+00  1.33584e-02  1.05971e+00  1.01963e+00
2.55516e+01  1.08069e+00  1.03216e+00  1.30319e-02  1.05822e+00  1.01913e+00
2.56563e+01  1.07579e+00  1.03094e+00  1.25356e-02  1.05601e+00  1.01840e+00
2.57611e+01  1.07002e+00  1.02936e+00  1.18820e-02  1.05312e+00  1.01748e+00
2.58658e+01  1.06348e+00  1.02744e+00  1.10862e-02  1.04962e+00  1.01636e+00
2.59705e+01  1.05630e+00  1.02523e+00  1.01652e-02  1.04556e+00  1.01507e+00
2.60752e+01  1.04861e+00  1.02276e+00  9.13732e-03  1.04104e+00  1.01363e+00
2.61799e+01  1.04053e+00  1.02007e+00  8.02193e-03  1.03612e+00  1.01205e+00
2.62847e+01  1.03220e+00  1.01721e+00  6.83855e-03  1.03089e+00  1.01037e+00
2.63894e+01  1.02374e+00  1.01421e+00  5.60651e-03  1.02542e+00  1.00860e+00
2.64941e+01  1.01525e+00  1.01111e+00  4.34452e-03  1.01980e+00  1.00676e+00
2.65988e+01  1.00684e+00  1.00796e+00  3.07031e-03  1.01410e+00  1.00489e+00
2.67035e+01  9.98615e-01  1.00479e+00  1.80039e-03  1.00839e+00  1.00299e+00
2.68083e+01  9.90653e-01  1.00165e+00  5.49839e-04  1.00275e+00  1.00110e+00
2.69130e+01  9.83032e-01  9.98564e-01  -6.67750e-04  9.97229e-01  9.99232e-01
2.70177e+01  9.75818e-01  9.95567e-01  -1.84034e-03  9.91887e-01  9.97408e-01
2.71224e+01  9.69069e-01  9.92689e-01  -2.95744e-03  9.86774e-01  9.95646e-01
2.72271e+01  9.62832e-01  9.89955e-01  -4.01002e-03  9.81935e-01  9.93965e-01
2.73319e+01  9.57149e-01  9.87390e-01  -4.99043e-03  9.77409e-01  9.92380e-01
2.74366e+01  9.52051e-01  9.85014e-01  -5.89228e-03  9.73230e-01  9.90907e-01
2.75413e+01  9.47564e-01  9.82847e-01  -6.71036e-03  9.69426e-01  9.89557e-01
2.76460e+01  9.43710e-01  9.80903e-01  -7.44046e-03  9.66022e-01  9.88343e-01
2.77507e+01  9.40503e-01  9.79196e-01  -8.07929e-03  9.63037e-01  9.87275e-01
2.78555e+01  9.37953e-01  9.77736e-01  -8.62431e-03  9.60487e-01  9.86360e-01
2.79602e+01  9.36065e-01  9.76533e-01  -9.07372e-03  9.58385e-01  9.85606e-01
2.80649e+01  9.34841e-01  9.75591e-01  -9.42630e-03  9.56739e-01  9.85017e-01
2.81696e+01  9.34280e-01  9.74916e-01  -9.68136e-03  9.55553e-01  9.84597e-01
2.82743e+01  9.34374e-01  9.74509e-01  -9.83871e-03  9.54832e-01  9.84348e-01
2.83791e+01  9.35116e-01  9.74371e-01  -9.89859e-03  9.54574e-01  9.84269e-01
2.84838e+01  9.36492e-01  9.74499e-01  -9.86170e-03  9.54775e-01  9.84360e-01
2.85885e+01  9.38486e-01  9.74889e-01  -9.72916e-03  9.55431e-01  9.84618e-01
2.86932e+01  9.41079e-01  9.75535e-01  -9.50255e-03  9.56530e-01  9.85038e-01
2.87979e+01  9.44247e-01  9.76431e-01  -9.18392e-03  9.58063e-01  9.85614e-01
2.89027e+01  9.47963e-01  9.77564e-01  -8.77585e-03  9.60013e-01  9.86340e-01
2.90074e+01  9.52195e-01  9.78925e-01  -8.28150e-03  9.62362e-01  9.87207e-01
2.91121e+01  9.56907e-01  9.80499e-01  -7.70465e-03  9.65090e-01  9.88204e-01
2.92168e+01  9.62058e-01  9.82271e-01  -7.04977e-03  9.68171e-01  9.89320e-01
2.93215e+01  9.67602e-01  9.84222e-01  -6.32209e-03  9.71578e-01  9.90544e-01
2.94263e+01  9.73489e-01  9.86333e-01  -5.52762e-03  9.75278e-01  9.91861e-01
2.95310e+01  9.79663e-01  9.88584e-01  -4.67326e-03  9.79237e-01  9.93257e-01
2.96357e+01  9.86063e-01  9.90950e-01  -3.76676e-03  9.83416e-01  9.94716e-01
2.97404e+01  9.92623e-01  9.93406e-01  -2.81681e-03  9.87772e-01  9.96223e-01
2.98451e+01  9.99273e-01  9.95927e-01  -1.83297e-03  9.92261e-01  9.97760e-01
2.99498e+01  1.00594e+00  9.98484e-01  -8.25663e-04  9.96833e-01  9.99310e-01
3.00546e+01  1.01254e+00  1.00105e+00  1.93901e-04  1.00144e+00  1.00086e+00
3.01593e+01  1.01900e+00  1.00359e+00  1.21382e-03  1.00602e+00  1.00238e+00
3.02640e+01  1.02524e+00  1.00608e+00  2.22166e-03  1.01053e+00  1.00386e+00
3.03687e+01  1.03117e+00  1.00850e+00  3.20460e-03  1.01490e+00  1.00529e+00
3.04734e+01  1.03672e+00  1.01079e+00  4.14968e-03  1.01909e+00  1.00665e+00
3.05782e+01  1.04181e+00  1.01296e+00  5.04403e-03  1.02304e+00  1.00791e+00
3.06829e+01  1.04636e+00  1.01495e+00  5.87515e-03  1.02670e+00  1.00908e+00
3.07876e+01  1.05032e+00  1.01675e+00  6.63116e-03  1.03002e+00  1.01012e+00
3.08923e+01  1.05362e+00  1.01834e+00  7.30114e-03  1.03295e+00  1.01104e+00
3.09970e+01  1.05622e+00  1.01970e+00  7.87537e-03  1.03545e+00  1.01182e+00
3.11018e+01  1.05809e+00  1.02080e+00  8.34560e-03  1.03750e+00  1.01246e+00
3.12065e+01  1.05920e+00  1.02165e+00  8.70529e-03  1.03906e+00  1.01294e+00
3.13112e+01  1.05954e+00  1.02222e+00  8.94978e-03  1.04012e+00  1.01327e+00
3.14159e+01  1.05912e+00  1.02251e+00  9.07639e-03  1.04067e+00  1.01344e+00
3.15206e+01  1.05795e+00  1.02253e+00  9.08455e-03  1.04070e+00  1.01345e+00
3.16254e+01  1.05606e+00  1.02227e+00  8.97571e-03  1.04022e+00  1.01330e+00
3.17301e+01  1.05350e+00  1.02175e+00  8.75336e-03  1.03926e+00  1.01300e+00
3.18348e+01  1.05030e+00  1.02097e+00  8.42283e-03  1.03782e+00  1.01255e+00
3.19395e+01  1.04653e+00  1.01995e+00  7.99116e-03  1.03593e+00  1.01196e+00
3.20442e+01  1.04226e+00  1.01871e+00  7.46685e-03  1.03364e+00  1.01124e+00
3.21490e+01  1.03756e+00  1.01726e+00  6.85960e-03  1.03098e+00  1.01040e+00
3.22537e+01  1.03250e+00  1.01564e+00  6.18007e-03  1.02800e+00  1.00946e+00
3.23584e+01  1.02716e+00  1.01386e+00  5.43956e-03  1.02474e+00  1.00842e+00
3.24631e+01  1.02162e+00  1.01195e+00  4.64975e-03  1.02125e+00  1.00730e+00
3.25678e+01  1.01595e+00  1.00994e+00  3.82247e-03  1.01758e+00  1.00611e+00
3.26726e+01  1.01022e+00  1.00785e+00  2.96942e-03  1.01379e+00  1.00488e+00
3.27773e+01  1.00450e+00  1.00571e+00  2.10200e-03  1.00991e+00  1.00360e+00
3.28820e+01  9.98871e-01  1.00354e+00  1.23114e-03  1.00600e+00  1.00231e+00
3.29867e+01  9.93378e-01  1.00138e+00  3.67134e-04  1.00211e+00  1.00101e+00
3.30914e+01  9.88082e-01  9.99239e-01  -4.80414e-04  9.98279e-01  9.99720e-01
3.31962e+01  9.83034e-01  9.97149e-01  -1.30269e-03  9.94543e-01  9.98451e-01
3.33009e+01  9.78278e-01  9.95127e-01  -2.09170e-03  9.90944e-01  9.97219e-01
3.34056e+01  9.73856e-01  9.93196e-01  -2.84026e-03  9.87515e-01  9.96036e-01
3.35103e+01  9.69801e-01  9.91371e-01  -3.54206e-03  9.84287e-01  9.94913e-01
3.36150e+01  9.66144e-01  9.89671e-01  -4.19153e-03  9.81288e-01  9.93863e-01
3.37198e+01  9.62910e-01  9.88110e-01  -4.78391e-03  9.78542e-01  9.92894e-01
3.38245e+01  9.60119e-01  9.86701e-01  -5.31514e-03  9.76070e-01  9.92016e-01
3.39292e+01  9.57787e-01  9.85454e-01  -5.78186e-03  9.73891e-01  9.91236e-01
3.40339e+01  9.55927e-01  9.84381e-01  -6.18134e-03  9.72018e-01  9.90562e-01
3.41386e+01  9.54547e-01  9.83487e-01  -6.51142e-03  9.70464e-01  9.89999e-01
3.42434e+01  9.53651e-01  9.82780e-01  -6.77052e-03  9.69239e-01  9.89551e-01
3.43481e+01  9.53241e-01  9.82263e-01  -6.95757e-03  9.68348e-01  9.89221e-01
3.44528e+01  9.53315e-01  9.81940e-01  -7.07199e-03  9.67796e-01  9.89012e-01
3.45575e+01  9.53866e-01  9.81810e-01  -7.11367e-03  9.67583e-01  9.88924e-01
3.46622e+01  9.54886e-01  9.81874e-01  -7.08298e-03  9.67708e-01  9.88957e-01
3.47670e+01  9.56362e-01  9.82129e-01  -6.98075e-03  9.68167e-01  9.89109e-01
3.48717e+01  9.58279e-01  9.82570e-01  -6.80826e-03  9.68954e-01  9.89379e-01
3.49764e+01  9.60618e-01  9.83193e-01  -6.56729e-03  9.70059e-01  9.89761e-01
3.50811e+01  9.63356e-01  9.83991e-01  -6.26009e-03  9.71471e-01  9.90251e-01
3.51858e+01  9.66467e-01  9.84954e-01  -5.88944e-03  9.73175e-01  9.90843e-01
3.52906e+01  9.69922e-01  9.86072e-01  -5.45864e-03  9.75155e-01  9.91531e-01
3.53953e+01  9.73688e-01  9.87334e-01  -4.97155e-03  9.77391e-01  9.92306e-01
3.55000e+01  9.77729e-01  9.88726e-01  -4.43257e-03  9.79861e-01  9.93159e-01
3.56047e+01  9.82004e-01  9.90234e-01  -3.84673e-03  9.82541e-01  9.94081e-01
3.57094e+01  9.86471e-01  9.91842e-01  -3.21960e-03  9.85403e-01  9.95062e-01
3.58142e+01  9.91083e-01  9.93533e-01  -2.55735e-03  9.88418e-01  9.96090e-01
3.59189e+01  9.95791e-01  9.95287e-01  -1.86672e-03  9.91554e-01  9.97154e-01
3.60236e+01  1.00054e+00  9.97087e-01  -1.15496e-03  9.94777e-01  9.98242e-01
3.61283e+01  1.00529e+00  9.98912e-01  -4.29833e-04  9.98052e-01  9.99342e-01
3.62330e+01  1.00997e+00  1.00074e+00  3.00516e-04  1.00134e+00  1.00044e+00
3.63378e+01  1.01452e+00  1.00255e+00  1.02759e-03  1.00461e+00  1.00153e+00
3.64425e+01  1.01891e+00  1.00433e+00  1.74269e-03  1.00782e+00  1.00259e+00
3.65472e+01  1.02306e+00  1.00605e+00  2.43700e-03  1.01092e+00  1.00361e+00
3.66519e+01  1.02692e+00  1.00769e+00  3.10173e-03  1.01389e+00  1.00459e+00
3.67566e+01  1.03046e+00  1.00923e+00  3.72832e-03  1.01668e+00  1.00550e+00
3.68614e+01  1.03361e+00  1.01065e+00  4.30853e-03  1.01927e+00  1.00634e+00
3.69661e+01  1.03634e+00  1.01194e+00  4.83463e-03  1.02161e+00  1.00711e+00
3.70708e+01  1.03861e+00  1.01308e+00  5.29958e-03  1.02368e+00  1.00778e+00
3.71755e+01  1.04040e+00  1.01406e+00  5.69719e-03  1.02545e+00  1.00836e+00
3.72802e+01  1.04167e+00  1.01486e+00  6.02219e-03  1.02691e+00  1.00884e+00
3.73850e+01  1.04243e+00  1.01548e+00  6.27047e-03  1.02802e+00  1.00921e+00
3.74897e+01  1.04265e+00  1.01591e+00  6.43904e-03  1.02879e+00  1.00947e+00
3.75944e+01  1.04235e+00  1.01615e+00  6.52621e-03  1.02920e+00  1.00962e+00
3.76991e+01  1.04153e+00  1.01619e+00  6.53155e-03  1.02926e+00  1.00966e+00
3.78038e+01  1.04021e+00  1.01604e+00  6.45592e-03  1.02896e+00  1.00959e+00
3.79086e+01  1.03841e+00  1.01571e+00  6.30143e-03  1.02831e+00  1.00941e+00
3.80133e+01  1.03618e+00  1.01519e+00  6.07138e-03  1.02733e+00  1.00912e+00
3.81180e+01  1.03353e+00  1.01450e+00  5.77013e-03  1.02604e+00  1.00873e+00
3.82227e+01  1.03053e+00  1.01364e+00  5.40303e-03  1.02445e+00  1.00824e+00
3.83274e+01  1.02720e+00  1.01264e+00  4.97626e-03  1.02259e+00  1.00766e+00
3.84322e+01  1.02361e+00  1.01151e+00  4.49666e-03  1.02050e+00  1.00701e+00
3.85369e+01  1.01981e+00  1.01026e+00  3.97160e-03  1.01820e+00  1.00628e+00
3.86416e+01  1.01583e+00  1.00890e+00  3.40882e-03  1.01572e+00  1.00550e+00
3.87463e+01  1.01175e+00  1.00747e+00  2.81625e-03  1.01310e+00  1.00466e+00
3.88510e+01  1.00760e+00  1.00597e+00  2.20191e-03  1.01038e+00  1.00377e+00
3.89557e+01  1.00344e+00  1.00443e+00  1.57373e-03  1.00758e+00  1.00286e+00
3.90605e+01  9.99316e-01  1.00287e+00  9.39479e-04  1.00474e+00  1.00193e+00
3.91652e+01  9.95274e-01  1.00129e+00  3.06624e-04  1.00190e+00  1.00098e+00
3.92699e+01  9.91357e-01  9.99722e-01  -3.17720e-04  9.99086e-01  1.00004e+00
3.93746e+01  9.87603e-01  9.98182e-01  -9.26867e-04  9.96328e-01  9.99108e-01
3.94793e+01  9.84049e-01  9.96684e-01  -1.51461e-03  9.93655e-01  9.98199e-01
3.95841e+01  9.80727e-01  9.95245e-01  -2.07525e-03  9.91095e-01  9.97320e-01
3.96888e+01  9.77667e-01  9.93879e-01  -2.60360e-03  9.88671e-01  9.96482e-01
3.97935e+01  9.74894e-01  9.92598e-01  -3.09504e-03  9.86408e-01  9.95693e-01
3.98982e+01  9.72429e-01  9.91414e-01  -3.54547e-03  9.84323e-01  9.94960e-01
4.00029e+01  9.70292e-01  9.90339e-01  -3.95130e-03  9.82437e-01  9.94291e-01
4.01077e+01  9.68498e-01  9.89382e-01  -4.30948e-03  9.80763e-01  9.93691e-01
4.02124e+01  9.67059e-01  9.88550e-01  -4.61746e-03  9.79315e-01  9.93168e-01
4.03171e+01  9.65982e-01  9.87851e-01  -4.87317e-03  9.78105e-01  9.92724e-01
4.04218e+01  9.65275e-01  9.87290e-01  -5.07500e-03  9.77140e-01  9.92365e-01
4.05265e+01  9.64938e-01  9.86870e-01  -5.22181e-03  9.76427e-01  9.92092e-01
4.06313e+01  9.64972e-01  9.86596e-01  -5.31290e-03  9.75970e-01  9.91909e-01
4.07360e+01  9.65373e-01  9.86467e-01  -5.34801e-03  9.75771e-01  9.91815e-01
4.08407e+01  9.66134e-01  9.86484e-01  -5.32729e-03  9.75830e-01  9.91811e-01
4.09454e+01  9.67247e-01  9.86646e-01  -5.25133e-03  9.76143e-01  9.91897e-01
4.10501e+01  9.68698e-01  9.86950e-01  -5.12115e-03  9.76708e-01  9.92071e-01
4.11549e+01  9.70472e-01  9.87392e-01  -4.93817e-03  9.77516e-01  9.92330e-01
4.12596e+01  9.72552e-01  9.87967e-01  -4.70427e-03  9.78558e-01  9.92671e-01
4.13643e+01  9.74916e-01  9.88668e-01  -4.42175e-03  9.79824e-01  9.93090e-01
4.14690e+01  9.77541e-01  9.89488e-01  -4.09334e-03  9.81301e-01  9.93581e-01
4.15737e+01  9.80401e-01  9.90417e-01  -3.72222e-03  9.82973e-01  9.94139e-01
4.16785e+01  9.83466e-01  9.91446e-01  -3.31201e-03  9.84822e-01  9.94758e-01
4.17832e+01  9.86705e-01  9.92564e-01  -2.86676e-03  9.86831e-01  9.95431e-01
4.18879e+01  9.90085e-01  9.93759e-01  -2.39094e-03  9.88977e-01  9.96150e-01
4.19926e+01  9.93568e-01  9.95016e-01  -1.88944e-03  9.91238e-01  9.96906e-01
4.20973e+01  9.97118e-01  9.96324e-01  -1.36751e-03  9.93589e-01  9.97692e-01
4.22021e+01  1.00070e+00  9.97667e-01  -8.30772e-04  9.96005e-01  9.98498e-01
4.23068e+01  1.00426e+00  9.99030e-01  -2.85116e-04  9.98460e-01  9.99315e-01
4.24115e+01  1.00777e+00  1.00040e+00  2.63307e-04  1.00092e+00  1.00013e+00
4.25162e+01  1.01118e+00  1.00176e+00  8.08174e-04  1.00337e+00  1.00095e+00
4.26209e+01  1.01446e+00  1.00309e+00  1.34306e-03  1.00577e+00  1.00174e+00
4.27257e+01  1.01756e+00  1.00438e+00  1.86155e-03  1.00810e+00  1.00251e+00
4.28304e+01  1.02044e+00  1.00561e+00  2.35728e-03  1.01032e+00  1.00325e+00
4.29351e+01  1.02308e+00  1.00677e+00  2.82410e-03  1.01242e+00  1.00395e+00
4.30398e+01  1.02543e+00  1.00785e+00  3.25614e-03  1.01436e+00  1.00459e+00
4.31445e+01  1.02747e+00  1.00883e+00  3.64791e-03  1.01612e+00  1.00518e+00
4.32493e+01  1.02917e+00  1.00970e+00  3.99445e-03  1.01769e+00  1.00570e+00
4.33540e+01  1.03051e+00  1.01045e+00  4.29136e-03  1.01903e+00  1.00616e+00
4.34587e+01  1.03148e+00  1.01107e+00  4.53495e-03  1.02014e+00  1.00654e+00
4.35634e+01  1.03206e+00  1.01156e+00  4.72225e-03  1.02101e+00  1.00684e+00
4.36681e+01  1.03225e+00  1.01191e+00  4.85113e-03  1.02162e+00  1.00706e+00
4.37729e+01  1.03205e+00  1.01212e+00  4.92031e-03  1.02196e+00  1.00720e+00
4.38776e+01  1.03146e+00  1.01219e+00  4.92937e-03  1.02205e+00  1.00726e+00
4.39823e+01  1.03051e+00  1.01211e+00  4.87878e-03  1.02187e+00  1.00723e+00
4.40870e+01  1.02920e+00  1.01189e+00  4.76986e-03  1.02143e+00  1.00712e+00
4.41917e+01  1.02756e+00  1.01154e+00  4.60475e-03  1.02075e+00  1.00693e+00
4.42965e+01  1.02561e+00  1.01105e+00  4.38636e-03  1.01982e+00  1.00666e+00
4.44012e+01  1.02338e+00  1.01044e+00  4.11829e-03  1.01868e+00  1.00632e+00
4.45059e+01  1.02090e+00  1.00972e+00  3.80475e-03  1.01733e+00  1.00592e+00
4.46106e+01  1.01822e+00  1.00890e+00  3.45048e-03  1.01580e+00  1.00545e+00
4.47153e+01  1.01535e+00  1.00798e+00  3.06063e-03  1.01410e+00  1.00492e+00
4.48201e+01  1.01235e+00  1.00698e+00  2.64068e-03  1.01226e+00  1.00434e+00
4.49248e+01  1.00926e+00  1.00592e+00  2.19631e-03  1.01031e+00  1.00372e+00
4.50295e+01  1.00610e+00  1.00480e+00  1.73336e-03  1.00826e+00  1.00306e+00
4.51342e+01  1.00292e+00  1.00364e+00  1.25766e-03  1.00615e+00  1.00238e+00
4.52389e+01  9.99750e-01  1.00246e+00  7.75014e-04  1.00401e+00  1.00168e+00
4.53437e+01  9.96632e-01  1.00126e+00  2.91104e-04  1.00184e+00  1.00097e+00
4.54484e+01  9.93596e-01  1.00006e+00  -1.88596e-04  9.99685e-01  1.00025e+00
4.55531e+01  9.90674e-01  9.98881e-01  -6.58854e-04  9.97563e-01  9.99540e-01
4.56578e+01  9.87896e-01  9.97727e-01  -1.11473e-03  9.95497e-01  9.98841e-01
4.57625e+01  9.85288e-01  9.96612e-01  -1.55161e-03  9.93508e-01  9.98163e-01
4.58673e+01  9.82874e-01  9.95547e-01  -1.96525e-03  9.91617e-01  9.97512e-01
4.59720e+01  9.80677e-01  9.94544e-01  -2.35177e-03  9.89840e-01  9.96896e-01
4.60767e+01  9.78716e-01  9.93612e-01  -2.70769e-03  9.88196e-01  9.96319e-01
4.61814e+01  9.77006e-01  9.92759e-01  -3.02990e-03  9.86699e-01  9.95789e-01
4.62861e+01  9.75562e-01  9.91995e-01  -3.31572e-03  9.85363e-01  9.95310e-01
4.63909e+01  9.74394e-01  9.91325e-01  -3.56287e-03  9.84199e-01  9.94888e-01
4.64956e+01  9.73511e-01  9.90756e-01  -3.76944e-03  9.83217e-01  9.94525e-01
4.66003e+01  9.72918e-01  9.90292e-01  -3.93392e-03  9.82424e-01  9.94226e-01
4.67050e+01  9.72619e-01  9.89937e-01  -4.05521e-03  9.81827e-01  9.93992e-01
4.68097e+01  9.72613e-01  9.89694e-01  -4.13258e-03  9.81429e-01  9.93827e-01
4.69145e+01  9.72898e-01  9.89565e-01  -4.16567e-03  9.81233e-01  9.93730e-01
4.70192e+01  9.73471e-01  9.89549e-01  -4.15450e-03  9.81240e-01  9.93703e-01
4.71239e+01  9.74322e-01  9.89646e-01  -4.09948e-03  9.81447e-01  9.93745e-01
4.72286e+01  9.75444e-01  9.89855e-01  -4.00137e-03  9.81852e-01  9.93856e-01
4.73333e+01  9.76823e-01  9.90172e-01  -3.86131e-03  9.82449e-01  9.94033e-01
4.74380e+01  9.78445e-01  9.90594e-01  -3.68080e-03  9.83232e-01  9.94274e-01
4.75428e+01  9.80294e-01  9.91115e-01  -3.46172e-03  9.84192e-01  9.94577e-01
4.76475e+01  9.82349e-01  9.91731e-01  -3.20631e-03  9.85319e-01  9.94938e-01
4.77522e+01  9.84590e-01  9.92434e-01  -2.91716e-03  9.86600e-01  9.95351e-01
4.78569e+01  9.86994e-01  9.93217e-01  -2.59720e-03  9.88022e-01  9.95814e-01
4.79616e+01  9.89535e-01  9.94070e-01  -2.24973e-03  9.89571e-01  9.96320e-01
4.80664e+01  9.92186e-01  9.94985e-01  -1.87833e-03  9.91228e-01  9.96863e-01
4.81711e+01  9.94918e-01  9.95951e-01  -1.48692e-03  9.92977e-01  9.97438e-01
4.82758e+01  9.97702e-01  9.96958e-01  -1.07969e-03  9.94799e-01  9.98038e-01
4.83805e+01  1.00051e+00  9.97994e-01  -6.61042e-04  9.96672e-01  9.98655e-01
4.84852e+01  1.00330e+00  9.99049e-01  -2.35617e-04  9.98578e-01  9.99284e-01
4.85900e+01  1.00605e+00  1.00011e+00  1.91803e-04  1.00049e+00  9.99918e-01
4.86947e+01  1.00872e+00  1.00116e+00  6.16328e-04  1.00240e+00  1.00055e+00
4.87994e+01  1.01129e+00  1.00220e+00  1.03302e-03  1.00427e+00  1.00117e+00
4.89041e+01  1.01373e+00  1.00321e+00  1.43696e-03  1.00608e+00  1.00177e+00
4.90088e+01  1.01599e+00  1.00417e+00  1.82333e-03  1.00782e+00  1.00235e+00
4.91136e+01  1.01806e+00  1.00508e+00  2.18743e-03  1.00946e+00  1.00290e+00
4.92183e+01  1.01991e+00  1.00593e+00  2.52485e-03  1.01098e+00  1.00341e+00
4.93230e+01  1.02152e+00  1.00671e+00  2.83143e-03  1.01237e+00  1.00388e+00
4.94277e+01  1.02287e+00  1.00741e+00  3.10341e-03  1.01361e+00  1.00430e+00
4.95324e+01  1.02395e+00  1.00801e+00  3.33748e-03  1.01469e+00  1.00467e+00
4.96372e+01  1.02473e+00  1.00852e+00  3.53080e-03  1.01558e+00  1.00499e+00
4.97419e+01  1.02522e+00  1.00892e+00  3.68111e-03  1.01629e+00  1.00524e+00
4.98466e+01  1.02540e+00  1.00922e+00  3.78673e-03  1.01680e+00  1.00544e+00
4.99513e+01  1.02528e+00  1.00942e+00  3.84657e-03  1.01711e+00  1.00557e+00
5.00560e+01  1.02486e+00  1.00950e+00  3.86023e-03  1.01722e+00  1.00564e+00
5.01608e+01  1.02416e+00  1.00947e+00  3.82791e-03  1.01712e+00  1.00564e+00
5.02655e+01  1.02317e+00  1.00933e+00  3.75044e-03  1.01683e+00  1.00558e+00
5.03702e+01  1.02192e+00  1.00908e+00  3.62928e-03  1.01634e+00  1.00545e+00
5.04749e+01  1.02043e+00  1.00873e+00  3.46644e-03  1.01567e+00  1.00527e+00
5.05796e+01  1.01871e+00  1.00829e+00  3.26448e-03  1.01482e+00  1.00502e+00
5.06844e+01  1.01679e+00  1.00775e+00  3.02642e-03  1.01381e+00  1.00473e+00
5.07891e+01  1.01470e+00  1.00713e+00  2.75570e-03  1.01264e+00  1.00438e+00
5.08938e+01  1.01247e+00  1.00644e+00  2.45609e-03  1.01135e+00  1.00398e+00
5.09985e+01  1.01011e+00  1.00568e+00  2.13168e-03  1.00994e+00  1.00355e+00
5.11032e+01  1.00767e+00  1.00486e+00  1.78674e-03  1.00844e+00  1.00308e+00
5.12080e+01  1.00517e+00  1.00400e+00  1.42568e-03  1.00685e+00  1.00257e+00
5.13127e+01  1.00265e+00  1.00310e+00  1.05300e-03  1.00521e+00  1.00205e+00
5.14174e+01  1.00012e+00  1.00218e+00  6.73200e-04  1.00352e+00  1.00151e+00
5.15221e+01  9.97626e-01  1.00124e+00  2.90735e-04  1.00182e+00  1.00095e+00
5.16268e+01  9.95186e-01  1.00030e+00  -9.00405e-05  1.00012e+00  1.00039e+00
5.17316e+01  9.92829e-01  9.99365e-01  -4.64920e-04  9.98435e-01  9.99830e-01
5.18363e+01  9.90579e-01  9.98447e-01  -8.29884e-04  9.96787e-01  9.99277e-01
5.19410e+01  9.88459e-01  9.97556e-01  -1.18114e-03  9.95194e-01  9.98738e-01
5.20457e+01  9.86488e-01  9.96702e-01  -1.51514e-03  9.93671e-01  9.98217e-01
5.21504e+01  9.84686e-01  9.95892e-01  -1.82861e-03  9.92235e-01  9.97721e-01
5.22552e+01  9.83069e-01  9.95135e-01  -2.11858e-03  9.90898e-01  9.97254e-01
5.23599e+01  9.81652e-01  9.94439e-01  -2.38238e-03  9.89674e-01  9.96822e-01
5.24646e+01  9.80447e-01  9.93810e-01  -2.61764e-03  9.88575e-01  9.96428e-01
5.25693e+01  9.79464e-01  9.93255e-01  -2.82233e-03  9.87610e-01  9.96077e-01
5.26740e+01  9.78710e-01  9.92777e-01  -2.99473e-03  9.86788e-01  9.95772e-01
5.27788e+01  9.78192e-01  9.92383e-01  -3.13347e-03  9.86116e-01  9.95516e-01
5.28835e+01  9.77911e-01  9.92074e-01  -3.23750e-03  9.85599e-01  9.95312e-01
5.29882e+01  9.77871e-01  9.91854e-01  -3.30607e-03  9.85242e-01  9.95160e-01
5.30929e+01  9.78068e-01  9.91724e-01  -3.33880e-03  9.85046e-01  9.95063e-01
5.31976e+01  9.78500e-01  9.91685e-01  -3.33560e-03  9.85014e-01  9.95021e-01
5.33024e+01  9.79161e-01  9.91737e-01  -3.29674e-03  9.85143e-01  9.95034e-01
5.34071e+01  9.80044e-01  9.91878e-01  -3.22278e-03  9.85433e-01  9.95101e-01
5.35118e+01  9.81138e-01  9.92107e-01  -3.11462e-03  9.85878e-01  9.95222e-01
5.36165e+01  9.82432e-01  9.92421e-01  -2.97345e-03  9.86474e-01  9.95395e-01
5.37212e+01  9.83913e-01  9.92816e-01  -2.80080e-03  9.87215e-01  9.95617e-01
5.38260e+01  9.85564e-01  9.93288e-01  -2.59849e-03  9.88091e-01  9.95887e-01
5.39307e+01  9.87368e-01  9.93831e-01  -2.36863e-03  9.89094e-01  9.96200e-01
5.40354e+01  9.89305e-01  9.94440e-01  -2.11364e-03  9.90213e-01  9.96553e-01
5.41401e+01  9.91356e-01  9.95107e-01  -1.83619e-03  9.91434e-01  9.96943e-01
5.42448e+01  9.93498e-01  9.95825e-01  -1.53922e-03  9.92746e-01  9.97364e-01
5.43496e+01  9.95708e-01  9.96586e-01  -1.22589e-03  9.94134e-01  9.97812e-01
5.44543e+01  9.97961e-01  9.97382e-01  -8.99606e-04  9.95583e-01  9.98282e-01
5.45590e+01  1.00023e+00  9.98204e-01  -5.63920e-04  9.97076e-01  9.98768e-01
5.46637e+01  1.00250e+00  9.99042e-01  -2.22557e-04  9.98597e-01  9.99265e-01
5.47684e+01  1.00473e+00  9.99888e-01  1.20651e-04  1.00013e+00  9.99767e-01
5.48732e+01  1.00690e+00  1.00073e+00  4.61800e-04  1.00165e+00  1.00027e+00
5.49779e+01  1.00899e+00  1.00156e+00  7.96965e-04  1.00316e+00  1.00077e+00
5.50826e+01  1.01097e+00  1.00237e+00  1.12224e-03  1.00462e+00  1.00125e+00
5.51873e+01  1.01282e+00  1.00315e+00  1.43380e-03  1.00602e+00  1.00172e+00
5.52920e+01  1.01451e+00  1.00389e+00  1.72794e-03  1.00735e+00  1.00216e+00
5.53968e+01  1.01603e+00  1.00458e+00  2.00116e-03  1.00859e+00  1.00258e+00
5.55015e+01  1.01736e+00  1.00522e+00  2.25019e-03  1.00972e+00  1.00297e+00
5.56062e+01  1.01848e+00  1.00579e+00  2.47202e-03  1.01073e+00  1.00332e+00
5.57109e+01  1.01938e+00  1.00629e+00  2.66402e-03  1.01162e+00  1.00363e+00
5.58156e+01  1.02005e+00  1.00672e+00  2.82393e-03  1.01237e+00  1.00390e+00
5.59203e+01  1.02048e+00  1.00707e+00  2.94988e-03  1.01297e+00  1.00412e+00
5.60251e+01  1.02066e+00  1.00733e+00  3.04048e-03  1.01341e+00  1.00429e+00
5.61298e+01  1.02060e+00  1.00751e+00  3.09481e-03  1.01370e+00  1.00442e+00
5.62345e+01  1.02031e+00  1.00760e+00  3.11241e-03  1.01383e+00  1.00449e+00
5.63392e+01  1.01977e+00  1.00760e+00  3.09334e-03  1.01379e+00  1.00451e+00
5.64439e+01  1.01901e+00  1.00752e+00  3.03812e-03  1.01360e+00  1.00448e+00
5.65487e+01  1.01804e+00  1.00735e+00  2.94775e-03  1.01324e+00  1.00440e+00
5.66534e+01  1.01686e+00  1.00710e+00  2.82368e-03  1.01274e+00  1.00427e+00
5.67581e+01  1.01550e+00  1.00676e+00  2.66778e-03  1.01210e+00  1.00410e+00
5.68628e+01  1.01397e+00  1.00636e+00  2.48231e-03  1.01132e+00  1.00388e+00
5.69675e+01  1.01229e+00  1.00588e+00  2.26985e-03  1.01042e+00  1.00361e+00
5.70723e+01  1.01049e+00  1.00534e+00  2.03329e-03  1.00941e+00  1.00331e+00
5.71770e+01  1.00859e+00  1.00475e+00  1.77577e-03  1.00830e+00  1.00297e+00
5.72817e+01  1.00660e+00  1.00411e+00  1.50061e-03  1.00711e+00  1.00261e+00
5.73864e+01  1.00457e+00  1.00343e+00  1.21128e-03  1.00585e+00  1.00222e+00
5.74911e+01  1.00250e+00  1.00271e+00  9.11336e-04  1.00453e+00  1.00180e+00
5.75959e+01  1.00043e+00  1.00197e+00  6.04381e-04  1.00318e+00  1.00137e+00
5.77006e+01  9.98370e-01  1.00122e+00  2.94010e-04  1.00181e+00  1.00093e+00
5.78053e+01  9.96352e-01  1.00046e+00  -1.62315e-05  1.00043e+00  1.00048e+00
5.79100e+01  9.94395e-01  9.99704e-01  -3.22883e-04  9.99058e-01  1.00003e+00
5.80147e+01  9.92520e-01  9.98956e-01  -6.22611e-04  9.97711e-01  9.99579e-01
5.81195e+01  9.90745e-01  9.98227e-01  -9.12234e-04  9.96403e-01  9.99140e-01
5.82242e+01  9.89090e-01  9.97525e-01  -1.18875e-03  9.95147e-01  9.98713e-01
5.83289e+01  9.87569e-01  9.96856e-01  -1.44938e-03  9.93957e-01  9.98305e-01
5.84336e+01  9.86198e-01  9.96227e-01  -1.69154e-03  9.92844e-01  9.97918e-01
5.85383e+01  9.84990e-01  9.95645e-01  -1.91291e-03  9.91819e-01  9.97558e-01
5.86431e+01  9.83955e-01  9.95116e-01  -2.11142e-03  9.90893e-01  9.97227e-01
5.87478e+01  9.83102e-01  9.94644e-01  -2.28525e-03  9.90073e-01  9.96929e-01
5.88525e+01  9.82439e-01  9.94235e-01  -2.43285e-03  9.89369e-01  9.96668e-01
5.89572e+01  9.81971e-01  9.93892e-01  -2.55297e-03  9.88786e-01  9.96445e-01
5.90619e+01  9.81701e-01  9.93618e-01  -2.64461e-03  9.88328e-01  9.96262e-01
5.91667e+01  9.81631e-01  9.93415e-01  -2.70706e-03  9.88001e-01  9.96123e-01
5.92714e+01  9.81760e-01  9.93287e-01  -2.73990e-03  9.87807e-01  9.96026e-01
5.93761e+01  9.82086e-01  9.93232e-01  -2.74299e-03  9.87746e-01  9.95975e-01
5.94808e+01  9.82605e-01  9.93251e-01  -2.71646e-03  9.87818e-01  9.95968e-01
5.95855e+01  9.83310e-01  9.93345e-01  -2.66072e-03  9.88023e-01  9.96005e-01
5.96903e+01  9.84194e-01  9.93510e-01  -2.57648e-03  9.88357e-01  9.96087e-01
5.97950e+01  9.85247e-01  9.93746e-01  -2.46469e-03  9.88817e-01  9.96211e-01
5.98997e+01  9.86457e-01  9.94050e-01  -2.32658e-03  9.89397e-01  9.96376e-01
6.00044e+01  9.87812e-01  9.94417e-01  -2.16366e-03  9.90090e-01  9.96581e-01
6.01091e+01  9.89297e-01  9.94844e-01  -1.97765e-03  9.90889e-01  9.96822e-01
6.02139e+01  9.90896e-01  9.95326e-01  -1.77056e-03  9.91785e-01  9.97097e-01
6.03186e+01  9.92592e-01  9.95858e-01  -1.54458e-03  9.92769e-01  9.97403e-01
6.04233e+01  9.94366e-01  9.96433e-01  -1.30214e-03  9.93829e-01  9.97735e-01
6.05280e+01  9.96199e-01  9.97046e-01  -1.04587e-03  9.94954e-01  9.98092e-01
6.06327e+01  9.98071e-01  9.97689e-01  -7.78541e-04  9.96131e-01  9.98467e-01
6.07375e+01  9.99961e-01  9.98355e-01  -5.03104e-04  9.97348e-01  9.98858e-01
6.08422e+01  1.00185e+00  9.99036e-01  -2.22611e-04  9.98591e-01  9.99259e-01
6.09469e+01  1.00371e+00  9.99726e-01  5.97945e-05  9.99846e-01  9.99666e-01
6.10516e+01  1.00553e+00  1.00042e+00  3.40914e-04  1.00110e+00  1.00008e+00
6.11563e+01  1.00727e+00  1.00110e+00  6.17535e-04  1.00233e+00  1.00048e+00
6.12611e+01  1.00894e+00  1.00177e+00  8.86465e-04  1.00354e+00  1.00088e+00
6.13658e+01  1.01049e+00  1.00241e+00  1.14458e-03  1.00470e+00  1.00127e+00
6.14705e+01  1.01192e+00  1.00302e+00  1.38885e-03  1.00580e+00  1.00164e+00
6.15752e+01  1.01321e+00  1.00360e+00  1.61642e-03  1.00683e+00  1.00198e+00
6.16799e+01  1.01434e+00  1.00413e+00  1.82458e-03  1.00778e+00  1.00231e+00
6.17847e+01  1.01530e+00  1.00462e+00  2.01089e-03  1.00864e+00  1.00261e+00
6.18894e+01  1.01608e+00  1.00505e+00  2.17316e-03  1.00939e+00  1.00287e+00
6.19941e+01  1.01667e+00  1.00541e+00  2.30950e-03  1.01003e+00  1.00310e+00
6.20988e+01  1.01706e+00  1.00572e+00  2.41834e-03  1.01055e+00  1.00330e+00
6.22035e+01  1.01725e+00  1.00595e+00  2.49848e-03  1.01095e+00  1.00346e+00
6.23083e+01  1.01724e+00  1.00612e+00  2.54909e-03  1.01122e+00  1.00357e+00
6.24130e+01  1.01703e+00  1.00622e+00  2.56970e-03  1.01136e+00  1.00365e+00
6.25177e+01  1.01663e+00  1.00624e+00  2.56025e-03  1.01136e+00  1.00368e+00
6.26224e+01  1.01603e+00  1.00620e+00  2.52107e-03  1.01124e+00  1.00368e+00
6.27271e+01  1.01525e+00  1.00608e+00  2.45286e-03  1.01099e+00  1.00363e+00
6.28319e+01  1.01430e+00  1.00589e+00  2.35668e-03  1.01061e+00  1.00354e+00
6.29366e+01  1.01320e+00  1.00564e+00  2.23394e-03  1.01011e+00  1.00341e+00
6.30413e+01  1.01195e+00  1.00533e+00  2.08636e-03  1.00950e+00  1.00324e+00
6.31460e+01  1.01057e+00  1.00496e+00  1.91597e-03  1.00879e+00  1.00304e+00
6.32507e+01  1.00908e+00  1.00453e+00  1.72501e-03  1.00798e+00  1.00281e+00
6.33555e+01  1.00750e+00  1.00406e+00  1.51599e-03  1.00709e+00  1.00254e+00
6.34602e+01  1.00585e+00  1.00354e+00  1.29154e-03  1.00613e+00  1.00225e+00
6.35649e+01  1.00415e+00  1.00299e+00  1.05447e-03  1.00510e+00  1.00194e+00
6.36696e+01  1.00242e+00  1.00241e+00  8.07668e-04  1.00403e+00  1.00161e+00
6.37743e+01  1.00068e+00  1.00181e+00  5.54082e-04  1.00292e+00  1.00126e+00
6.38791e+01  9.98938e-01  1.00119e+00  2.96678e-04  1.00179e+00  1.00090e+00
6.39838e+01  9.97229e-01  1.00057e+00  3.84060e-05  1.00065e+00  1.00053e+00
6.40885e+01  9.95565e-01  9.99942e-01  -2.17835e-04  9.99507e-01  1.00016e+00
6.41932e+01  9.93964e-01  9.99322e-01  -4.69229e-04  9.98383e-01  9.99791e-01
6.42979e+01  9.92444e-01  9.98713e-01  -7.13069e-04  9.97287e-01  9.99426e-01
6.44026e+01  9.91020e-01  9.98124e-01  -9.46783e-04  9.96231e-01  9.99071e-01
6.45074e+01  9.89707e-01  9.97561e-01  -1.16796e-03  9.95225e-01  9.98729e-01
6.46121e+01  9.88516e-01  9.97028e-01  -1.37435e-03  9.94280e-01  9.98403e-01
6.47168e+01  9.87461e-01  9.96533e-01  -1.56392e-03  9.93405e-01  9.98097e-01
6.48215e+01  9.86550e-01  9.96079e-01  -1.73483e-03  9.92609e-01  9.97814e-01
6.49262e+01  9.85793e-01  9.95672e-01  -1.88545e-03  9.91901e-01  9.97557e-01
6.50310e+01  9.85195e-01  9.95315e-01  -2.01439e-03  9.91286e-01  9.97329e-01
6.51357e+01  9.84762e-01  9.95012e-01  -2.12048e-03  9.90771e-01  9.97132e-01
6.52404e+01  9.84498e-01  9.94765e-01  -2.20279e-03  9.90360e-01  9.96968e-01
6.53451e+01  9.84404e-01  9.94578e-01  -2.26065e-03  9.90057e-01  9.96839e-01
6.54498e+01  9.84480e-01  9.94451e-01  -2.29362e-03  9.89864e-01  9.96745e-01
6.55546e+01  9.84725e-01  9.94386e-01  -2.30149e-03  9.89783e-01  9.96688e-01
6.56593e+01  9.85135e-01  9.94383e-01  -2.28433e-03  9.89814e-01  9.96667e-01
6.57640e+01  9.85706e-01  9.94442e-01  -2.24241e-03  9.89957e-01  9.96684e-01
6.58687e+01  9.86431e-01  9.94561e-01  -2.17629e-03  9.90208e-01  9.96737e-01
6.59734e+01  9.87301e-01  9.94739e-01  -2.08673e-03  9.90566e-01  9.96826e-01
6.60782e+01  9.88308e-01  9.94975e-01  -1.97474e-03  9.91026e-01  9.96950e-01
6.61829e+01  9.89441e-01  9.95265e-01  -1.84155e-03  9.91582e-01  9.97107e-01
6.62876e+01  9.90687e-01  9.95606e-01  -1.68860e-03  9.92229e-01  9.97295e-01
6.63923e+01  9.92033e-01  9.95994e-01  -1.51755e-03  9.92959e-01  9.97512e-01
6.64970e+01  9.93464e-01  9.96425e-01  -1.33025e-03  9.93765e-01  9.97755e-01
6.66018e+01  9.94964e-01  9.96894e-01  -1.12873e-03  9.94636e-01  9.98023e-01
6.67065e+01  9.96518e-01  9.97395e-01  -9.15175e-04  9.95565e-01  9.98311e-01
6.68112e+01  9.98108e-01  9.97924e-01  -6.91934e-04  9.96540e-01  9.98616e-01
6.69159e+01  9.99716e-01  9.98474e-01  -4.61463e-04  9.97551e-01  9.98935e-01
6.70206e+01  1.00132e+00  9.99038e-01  -2.26323e-04  9.98586e-01  9.99265e-01
6.71254e+01  1.00291e+00  9.99611e-01  1.08530e-05  9.99633e-01  9.99601e-01
6.72301e+01  1.00447e+00  1.00019e+00  2.47389e-04  1.00068e+00  9.99939e-01
6.73348e+01  1.00597e+00  1.00076e+00  4.80594e-04  1.00172e+00  1.00028e+00
6.74395e+01  1.00740e+00  1.00132e+00  7.07797e-04  1.00273e+00  1.00061e+00
6.75442e+01  1.00874e+00  1.00186e+00  9.26376e-04  1.00371e+00  1.00093e+00
6.76490e+01  1.00998e+00  1.00238e+00  1.13380e-03  1.00465e+00  1.00125e+00
6.77537e+01  1.01110e+00  1.00287e+00  1.32765e-03  1.00553e+00  1.00154e+00
6.78584e+01  1.01209e+00  1.00333e+00  1.50566e-03  1.00634e+00  1.00182e+00
6.79631e+01  1.01293e+00  1.00374e+00  1.66577e-03  1.00707e+00  1.00208e+00
6.80678e+01  1.01363e+00  1.00411e+00  1.80610e-03  1.00773e+00  1.00231e+00
6.81726e+01  1.01416e+00  1.00444e+00  1.92504e-03  1.00829e+00  1.00251e+00
6.82773e+01  1.01453e+00  1.00471e+00  2.02123e-03  1.00875e+00  1.00269e+00
6.83820e+01  1.01473e+00  1.00492e+00  2.09360e-03  1.00911e+00  1.00283e+00
6.84867e+01  1.01476e+00  1.00508e+00  2.14139e-03  1.00936e+00  1.00294e+00
6.85914e+01  1.01461e+00  1.00518e+00  2.16413e-03  1.00951e+00  1.00302e+00
6.86962e+01  1.01430e+00  1.00522e+00  2.16171e-03  1.00954e+00  1.00306e+00
6.88009e+01  1.01383e+00  1.00520e+00  2.13428e-03  1.00947e+00  1.00307e+00
6.89056e+01  1.01319e+00  1.00512e+00  2.08235e-03  1.00929e+00  1.00304e+00
6.90103e+01  1.01242e+00  1.00498e+00  2.00671e-03  1.00900e+00  1.00298e+00
6.91150e+01  1.01150e+00  1.00479e+00  1.90845e-03  1.00861e+00  1.00288e+00
6.92198e+01  1.01046e+00  1.00455e+00  1.78891e-03  1.00812e+00  1.00276e+00
6.93245e+01  1.00930e+00  1.00425e+00  1.64970e-03  1.00755e+00  1.00260e+00
6.94292e+01  1.00805e+00  1.00391e+00  1.49264e-03  1.00689e+00  1.00242e+00
6.95339e+01  1.00671e+00  1.00353e+00  1.31973e-03  1.00616e+00  1.00221e+00
6.96386e+01  1.00531e+00  1.00311e+00  1.13316e-03  1.00537e+00  1.00197e+00
6.97434e+01  1.00386e+00  1.00265e+00  9.35210e-04  1.00452e+00  1.00172e+00
6.98481e+01  1.00238e+00  1.00217e+00  7.28289e-04  1.00363e+00  1.00145e+00
6.99528e+01  1.00088e+00  1.00168e+00  5.14857e-04  1.00270e+00  1.00116e+00
7.00575e+01  9.99383e-01  1.00116e+00  2.97408e-04  1.00176e+00  1.00086e+00
7.01622e+01  9.97904e-01  1.00064e+00  7.84382e-05  1.00079e+00  1.00056e+00
7.02670e+01  9.96460e-01  1.00011e+00  -1.39582e-04  9.99831e-01  1.00025e+00
7.03717e+01  9.95067e-01  9.99586e-01  -3.54236e-04  9.98878e-01  9.99940e-01
7.04764e+01  9.93738e-01  9.99070e-01  -5.63189e-04  9.97944e-01  9.99633e-01
7.05811e+01  9.92489e-01  9.98569e-01  -7.64204e-04  9.97040e-01  9.99333e-01
7.06858e+01  9.91331e-01  9.98086e-01  -9.55169e-04  9.96176e-01  9.99041e-01
7.07906e+01  9.90277e-01  9.97628e-01  -1.13411e-03  9.95360e-01  9.98763e-01
7.08953e+01  9.89336e-01  9.97200e-01  -1.29922e-03  9.94602e-01  9.98499e-01
7.10000e+01  9.88519e-01  9.96805e-01  -1.44884e-03  9.93908e-01  9.98254e-01
7.11047e+01  9.87833e-01  9.96449e-01  -1.58152e-03  9.93285e-01  9.98030e-01
7.12094e+01  9.87283e-01  9.96133e-01  -1.69598e-03  9.92741e-01  9.97829e-01
7.13142e+01  9.86876e-01  9.95862e-01  -1.79115e-03  9.92280e-01  9.97653e-01
7.14189e+01  9.86615e-01  9.95638e-01  -1.86617e-03  9.91906e-01  9.97505e-01
7.15236e+01  9.86501e-01  9.95464e-01  -1.92036e-03  9.91623e-01  9.97384e-01
7.16283e+01  9.86535e-01  9.95340e-01  -1.95330e-03  9.91434e-01  9.97294e-01
7.17330e+01  9.86716e-01  9.95269e-01  -1.96474e-03  9.91339e-01  9.97234e-01
7.18378e+01  9.87042e-01  9.95250e-01  -1.95468e-03  9.91340e-01  9.97204e-01
7.19425e+01  9.87508e-01  9.95283e-01  -1.92331e-03  9.91436e-01  9.97206e-01
7.20472e+01  9.88110e-01  9.95368e-01  -1.87105e-03  9.91626e-01  9.97239e-01
7.21519e+01  9.88840e-01  9.95504e-01  -1.79851e-03  9.91907e-01  9.97302e-01
7.22566e+01  9.89691e-01  9.95689e-01  -1.70652e-03  9.92276e-01  9.97395e-01
7.23614e+01  9.90653e-01  9.95920e-01  -1.59611e-03  9.92728e-01  9.97517e-01
7.24661e+01  9.91717e-01  9.96196e-01  -1.46849e-03  9.93259e-01  9.97665e-01
7.25708e+01  9.92869e-01  9.96513e-01  -1.32504e-03  9.93863e-01  9.97838e-01
7.26755e+01  9.94098e-01  9.96868e-01  -1.16735e-03  9.94533e-01  9.98035e-01
7.27802e+01  9.95390e-01  9.97255e-01  -9.97123e-04  9.95261e-01  9.98253e-01
7.28849e+01  9.96732e-01  9.97672e-01  -8.16229e-04  9.96040e-01  9.98489e-01
7.29897e+01  9.98107e-01  9.98114e-01  -6.26656e-04  9.96860e-01  9.98740e-01
7.30944e+01  9.99502e-01  9.98574e-01  -4.30499e-04  9.97713e-01  9.99005e-01
7.31991e+01  1.00090e+00  9.99050e-01  -2.29941e-04  9.98590e-01  9.99279e-01
7.33038e+01  1.00228e+00  9.99534e-01  -2.72259e-05  9.99479e-01  9.99561e-01
7.34085e+01  1.00364e+00  1.00002e+00  1.75364e-04  1.00037e+00  9.99846e-01
7.35133e+01  1.00495e+00  1.00051e+00  3.75531e-04  1.00126e+00  1.00013e+00
7.36180e+01  1.00621e+00  1.00098e+00  5.70994e-04  1.00213e+00  1.00041e+00
7.37227e+01  1.00739e+00  1.00145e+00  7.59512e-04  1.00297e+00  1.00069e+00
7.38274e+01  1.00848e+00  1.00190e+00  9.38912e-04  1.00377e+00  1.00096e+00
7.39321e+01  1.00948e+00  1.00232e+00  1.10712e-03  1.00453e+00  1.00121e+00
7.40369e+01  1.01036e+00  1.00272e+00  1.26219e-03  1.00524e+00  1.00145e+00
7.41416e+01  1.01112e+00  1.00308e+00  1.40233e-03  1.00588e+00  1.00168e+00
7.42463e+01  1.01176e+00  1.00341e+00  1.52592e-03  1.00646e+00  1.00188e+00
7.43510e+01  1.01225e+00  1.00369e+00  1.63154e-03  1.00695e+00  1.00206e+00
7.44557e+01  1.01260e+00  1.00393e+00  1.71798e-03  1.00737e+00  1.00222e+00
7.45605e+01  1.01281e+00  1.00413e+00  1.78429e-03  1.00770e+00  1.00235e+00
7.46652e+01  1.01287e+00  1.00428e+00  1.82976e-03  1.00794e+00  1.00245e+00
7.47699e+01  1.01277e+00  1.00438e+00  1.85393e-03  1.00809e+00  1.00253e+00
7.48746e+01  1.01254e+00  1.00443e+00  1.85662e-03  1.00814e+00  1.00257e+00
7.49793e+01  1.01215e+00  1.00443e+00  1.83791e-03  1.00811e+00  1.00259e+00
7.50841e+01  1.01164e+00  1.00438e+00  1.79813e-03  1.00797e+00  1.00258e+00
7.51888e+01  1.01099e+00  1.00428e+00  1.73790e-03  1.00775e+00  1.00254e+00
7.52935e+01  1.01021e+00  1.00413e+00  1.65806e-03  1.00744e+00  1.00247e+00
7.53982e+01  1.00933e+00  1.00393e+00  1.55970e-03  1.00705e+00  1.00237e+00
7.55029e+01  1.00835e+00  1.00370e+00  1.44410e-03  1.00658e+00  1.00225e+00
7.56077e+01  1.00727e+00  1.00342e+00  1.31277e-03  1.00604e+00  1.00210e+00
7.57124e+01  1.00612e+00  1.00310e+00  1.16735e-03  1.00544e+00  1.00194e+00
7.58171e+01  1.00491e+00  1.00275e+00  1.00966e-03  1.00477e+00  1.00174e+00
7.59218e+01  1.00365e+00  1.00238e+00  8.41628e-04  1.00406e+00  1.00154e+00
7.60265e+01  1.00236e+00  1.00198e+00  6.65278e-04  1.00331e+00  1.00131e+00
7.61313e+01  1.00105e+00  1.00156e+00  4.82701e-04  1.00252e+00  1.00107e+00
7.62360e+01  9.99737e-01  1.00112e+00  2.96027e-04  1.00171e+00  1.00083e+00
7.63407e+01  9.98436e-01  1.00068e+00  1.07403e-04  1.00089e+00  1.00057e+00
7.64454e+01  9.97161e-01  1.00023e+00  -8.10353e-05  1.00007e+00  1.00031e+00
7.65501e+01  9.95926e-01  9.99778e-01  -2.67187e-04  9.99244e-01  1.00005e+00
7.66549e+01  9.94745e-01  9.99335e-01  -4.49008e-04  9.98437e-01  9.99784e-01
7.67596e+01  9.93629e-01  9.98902e-01  -6.24533e-04  9.97652e-01  9.99526e-01
7.68643e+01  9.92591e-01  9.98483e-01  -7.91892e-04  9.96900e-01  9.99275e-01
7.69690e+01  9.91641e-01  9.98085e-01  -9.49329e-04  9.96186e-01  9.99034e-01
7.70737e+01  9.90789e-01  9.97709e-01  -1.09522e-03  9.95519e-01  9.98805e-01
7.71785e+01  9.90043e-01  9.97362e-01  -1.22808e-03  9.94906e-01  9.98590e-01
7.72832e+01  9.89411e-01  9.97046e-01  -1.34657e-03  9.94353e-01  9.98392e-01
7.73879e+01  9.88898e-01  9.96764e-01  -1.44954e-03  9.93865e-01  9.98214e-01
7.74926e+01  9.88509e-01  9.96520e-01  -1.53599e-03  9.93448e-01  9.98056e-01
7.75973e+01  9.88248e-01  9.96315e-01  -1.60509e-03  9.93105e-01  9.97920e-01
7.77021e+01  9.88117e-01  9.96152e-01  -1.65623e-03  9.92840e-01  9.97808e-01
7.78068e+01  9.88118e-01  9.96032e-01  -1.68895e-03  9.92654e-01  9.97721e-01
7.79115e+01  9.88248e-01  9.95957e-01  -1.70301e-03  9.92551e-01  9.97660e-01
7.80162e+01  9.88507e-01  9.95927e-01  -1.69832e-03  9.92530e-01  9.97625e-01
7.81209e+01  9.88891e-01  9.95942e-01  -1.67503e-03  9.92592e-01  9.97617e-01
7.82257e+01  9.89396e-01  9.96001e-01  -1.63345e-03  9.92735e-01  9.97635e-01
7.83304e+01  9.90016e-01  9.96105e-01  -1.57407e-03  9.92957e-01  9.97679e-01
7.84351e+01  9.90745e-01  9.96251e-01  -1.49758e-03  9.93256e-01  9.97749e-01
7.85398e+01  9.91574e-01  9.96439e-01  -1.40483e-03  9.93629e-01  9.97843e-01
7.86445e+01  9.92495e-01  9.96665e-01  -1.29687e-03  9.94071e-01  9.97961e-01
7.87493e+01  9.93497e-01  9.96927e-01  -1.17487e-03  9.94577e-01  9.98102e-01
7.88540e+01  9.94569e-01  9.97222e-01  -1.04017e-03  9.95142e-01  9.98262e-01
7.89587e+01  9.95700e-01  9.97547e-01  -8.94257e-04  9.95759e-01  9.98442e-01
7.90634e+01  9.96876e-01  9.97899e-01  -7.38733e-04  9.96421e-01  9.98637e-01
7.91681e+01  9.98086e-01  9.98272e-01  -5.75315e-04  9.97122e-01  9.98848e-01
7.92729e+01  9.99316e-01  9.98664e-01  -4.05812e-04  9.97852e-01  9.99070e-01
7.93776e+01  1.00055e+00  9.99069e-01  -2.32112e-04  9.98605e-01  9.99301e-01
7.94823e+01  1.00178e+00  9.99484e-01  -5.61586e-05  9.99371e-01  9.99540e-01
7.95870e+01  1.00298e+00  9.99902e-01  1.20069e-04  1.00014e+00  9.99782e-01
7.96917e+01  1.00415e+00  1.00032e+00  2.94577e-04  1.00091e+00  1.00003e+00
7.97965e+01  1.00527e+00  1.00073e+00  4.65384e-04  1.00166e+00  1.00027e+00
7.99012e+01  1.00633e+00  1.00114e+00  6.30537e-04  1.00240e+00  1.00051e+00
8.00059e+01  1.00732e+00  1.00153e+00  7.88145e-04  1.00310e+00  1.00074e+00
8.01106e+01  1.00822e+00  1.00190e+00  9.36395e-04  1.00377e+00  1.00096e+00
8.02153e+01  1.00902e+00  1.00225e+00  1.07358e-03  1.00439e+00  1.00117e+00
8.03201e+01  1.00972e+00  1.00257e+00  1.19812e-03  1.00496e+00  1.00137e+00
8.04248e+01  1.01030e+00  1.00286e+00  1.30858e-03  1.00547e+00  1.00155e+00
8.05295e+01  1.01077e+00  1.00311e+00  1.40371e-03  1.00592e+00  1.00171e+00
8.06342e+01  1.01111e+00  1.00333e+00  1.48241e-03  1.00630e+00  1.00185e+00
8.07389e+01  1.01132e+00  1.00352e+00  1.54382e-03  1.00660e+00  1.00197e+00
8.08437e+01  1.01140e+00  1.00366e+00  1.58726e-03  1.00683e+00  1.00207e+00
8.09484e+01  1.01135e+00  1.00376e+00  1.61230e-03  1.00698e+00  1.00214e+00
8.10531e+01  1.01117e+00  1.00381e+00  1.61870e-03  1.00705e+00  1.00219e+00
8.11578e+01  1.01086e+00  1.00382e+00  1.60649e-03  1.00704e+00  1.00222e+00
8.12625e+01  1.01043e+00  1.00379e+00  1.57590e-03  1.00694e+00  1.00222e+00
8.13672e+01  1.00989e+00  1.00372e+00  1.52739e-03  1.00677e+00  1.00219e+00
8.14720e+01  1.00923e+00  1.00360e+00  1.46163e-03  1.00653e+00  1.00214e+00
8.15767e+01  1.00847e+00  1.00345e+00  1.37951e-03  1.00621e+00  1.00207e+00
8.16814e+01  1.00761e+00  1.00325e+00  1.28208e-03  1.00582e+00  1.00197e+00
8.17861e+01  1.00668e+00  1.00302e+00  1.17059e-03  1.00536e+00  1.00185e+00
8.18908e+01  1.00567e+00  1.00276e+00  1.04644e-03  1.00485e+00  1.00171e+00
8.19956e+01  1.00461e+00  1.00247e+00  9.11154e-04  1.00429e+00  1.00156e+00
8.21003e+01  1.00350e+00  1.00215e+00  7.66381e-04  1.00368e+00  1.00138e+00
8.22050e+01  1.00236e+00  1.00181e+00  6.13854e-04  1.00304e+00  1.00119e+00
8.23097e+01  1.00119e+00  1.00145e+00  4.55377e-04  1.00236e+00  1.00099e+00
8.24144e+01  1.00003e+00  1.00108e+00  2.92797e-04  1.00166e+00  1.00078e+00
8.25192e+01  9.98863e-01  1.00069e+00  1.27986e-04  1.00095e+00  1.00057e+00
8.26239e+01  9.97720e-01  1.00031e+00  -3.71871e-05  1.00023e+00  1.00034e+00
8.27286e+01  9.96609e-01  9.99917e-01  -2.00870e-04  9.99516e-01  1.00012e+00
8.28333e+01  9.95542e-01  9.99531e-01  -3.61255e-04  9.98809e-01  9.99893e-01
8.29380e+01  9.94531e-01  9.99153e-01  -5.16592e-04  9.98120e-01  9.99669e-01
8.30428e+01  9.93586e-01  9.98786e-01  -6.65209e-04  9.97456e-01  9.99451e-01
8.31475e+01  9.92717e-01  9.98435e-01  -8.05527e-04  9.96824e-01  9.99240e-01
8.32522e+01  9.91933e-01  9.98103e-01  -9.36076e-04  9.96231e-01  9.99039e-01
8.33569e+01  9.91242e-01  9.97794e-01  -1.05550e-03  9.95683e-01  9.98849e-01
8.34616e+01  9.90651e-01  9.97511e-01  -1.16260e-03  9.95186e-01  9.98673e-01
8.35664e+01  9.90166e-01  9.97257e-01  -1.25627e-03  9.94744e-01  9.98513e-01
8.36711e+01  9.89790e-01  9.97035e-01  -1.33561e-03  9.94363e-01  9.98370e-01
8.37758e+01  9.89529e-01  9.96846e-01  -1.39983e-03  9.94047e-01  9.98246e-01
8.38805e+01  9.89384e-01  9.96694e-01  -1.44833e-03  9.93797e-01  9.98142e-01
8.39852e+01  9.89356e-01  9.96579e-01  -1.48068e-03  9.93618e-01  9.98060e-01
8.40900e+01  9.89445e-01  9.96502e-01  -1.49659e-03  9.93509e-01  9.97999e-01
8.41947e+01  9.89650e-01  9.96464e-01  -1.49597e-03  9.93473e-01  9.97960e-01
8.42994e+01  9.89968e-01  9.96466e-01  -1.47888e-03  9.93508e-01  9.97945e-01
8.44041e+01  9.90396e-01  9.96507e-01  -1.44556e-03  9.93616e-01  9.97952e-01
8.45088e+01  9.90928e-01  9.96586e-01  -1.39642e-03  9.93793e-01  9.97983e-01
8.46136e+01  9.91560e-01  9.96703e-01  -1.33203e-03  9.94039e-01  9.98035e-01
8.47183e+01  9.92283e-01  9.96856e-01  -1.25312e-03  9.94350e-01  9.98109e-01
8.48230e+01  9.93091e-01  9.97043e-01  -1.16056e-03  9.94722e-01  9.98204e-01
8.49277e+01  9.93974e-01  9.97263e-01  -1.05539e-03  9.95152e-01  9.98318e-01
8.50324e+01  9.94922e-01  9.97512e-01  -9.38758e-04  9.95635e-01  9.98451e-01
8.51372e+01  9.95925e-01  9.97789e-01  -8.11957e-04  9.96165e-01  9.98600e-01
8.52419e+01  9.96973e-01  9.98089e-01  -6.76388e-04  9.96736e-01  9.98765e-01
8.53466e+01  9.98053e-01  9.98409e-01  -5.33551e-04  9.97342e-01  9.98942e-01
8.54513e+01  9.99153e-01  9.98746e-01  -3.85032e-04  9.97976e-01  9.99131e-01
8.55560e+01  1.00026e+00  9.99096e-01  -2.32487e-04  9.98631e-01  9.99329e-01
8.56608e+01  1.00137e+00  9.99455e-01  -7.76225e-05  9.99300e-01  9.99533e-01
8.57655e+01  1.00245e+00  9.99819e-01  7.78196e-05  9.99975e-01  9.99742e-01
8.58702e+01  1.00351e+00  1.00018e+00  2.32084e-04  1.00065e+00  9.99952e-01
8.59749e+01  1.00453e+00  1.00055e+00  3.83421e-04  1.00131e+00  1.00016e+00
8.60796e+01  1.00549e+00  1.00090e+00  5.30107e-04  1.00196e+00  1.00037e+00
8.61844e+01  1.00639e+00  1.00124e+00  6.70468e-04  1.00258e+00  1.00057e+00
8.62891e+01  1.00722e+00  1.00157e+00  8.02894e-04  1.00318e+00  1.00077e+00
8.63938e+01  1.00796e+00  1.00188e+00  9.25868e-04  1.00373e+00  1.00095e+00
8.64985e+01  1.00861e+00  1.00217e+00  1.03798e-03  1.00424e+00  1.00113e+00
8.66032e+01  1.00916e+00  1.00243e+00  1.13794e-03  1.00470e+00  1.00129e+00
8.67080e+01  1.00960e+00  1.00266e+00  1.22461e-03  1.00511e+00  1.00144e+00
8.68127e+01  1.00994e+00  1.00286e+00  1.29702e-03  1.00546e+00  1.00156e+00
8.69174e+01  1.01015e+00  1.00303e+00  1.35434e-03  1.00574e+00  1.00168e+00
8.70221e+01  1.01025e+00  1.00316e+00  1.39596e-03  1.00595e+00  1.00177e+00
8.71268e+01  1.01024e+00  1.00326e+00  1.42143e-03  1.00610e+00  1.00184e+00
8.72316e+01  1.01010e+00  1.00332e+00  1.43052e-03  1.00618e+00  1.00189e+00
8.73363e+01  1.00986e+00  1.00334e+00  1.42318e-03  1.00619e+00  1.00192e+00
8.74410e+01  1.00949e+00  1.00332e+00  1.39958e-03  1.00612e+00  1.00192e+00
8.75457e+01  1.00903e+00  1.00327e+00  1.36007e-03  1.00599e+00  1.00191e+00
8.76504e+01  1.00846e+00  1.00318e+00  1.30519e-03  1.00579e+00  1.00187e+00
8.77552e+01  1.00780e+00  1.00305e+00  1.23566e-03  1.00552e+00  1.00182e+00
8.78599e+01  1.00705e+00  1.00289e+00  1.15238e-03  1.00520e+00  1.00174e+00
8.79646e+01  1.00622e+00  1.00270e+00  1.05640e-03  1.00481e+00  1.00164e+00
8.80693e+01  1.00533e+00  1.00248e+00  9.48906e-04  1.00437e+00  1.00153e+00
8.81740e+01  1.00439e+00  1.00223e+00  8.31217e-04  1.00389e+00  1.00140e+00
8.82788e+01  1.00339e+00  1.00196e+00  7.04753e-04  1.00337e+00  1.00125e+00
8.83835e+01  1.00237e+00  1.00166e+00  5.71024e-04  1.00281e+00  1.00109e+00
8.84882e+01  1.00132e+00  1.00135e+00  4.31604e-04  1.00222e+00  1.00092e+00
8.85929e+01  1.00027e+00  1.00103e+00  2.88118e-04  1.00161e+00  1.00074e+00
8.86976e+01  9.99213e-01  1.00070e+00  1.42217e-04  1.00098e+00  1.00056e+00
8.88024e+01  9.98174e-01  1.00036e+00  -4.44049e-06  1.00035e+00  1.00036e+00
8.89071e+01  9.97161e-01  1.00002e+00  -1.50204e-04  9.99716e-01  1.00017e+00
8.90118e+01  9.96185e-01  9.99677e-01  -2.93456e-04  9.99090e-01  9.99971e-01
8.91165e+01  9.95255e-01  9.99343e-01  -4.32620e-04  9.98478e-01  9.99775e-01
8.92212e+01  9.94383e-01  9.99018e-01  -5.66187e-04  9.97885e-01  9.99584e-01
8.93260e+01  9.93578e-01  9.98705e-01  -6.92723e-04  9.97320e-01  9.99398e-01
8.94307e+01  9.92847e-01  9.98408e-01  -8.10885e-04  9.96787e-01  9.99219e-01
8.95354e+01  9.92198e-01  9.98131e-01  -9.19432e-04  9.96292e-01  9.99051e-01
8.96401e+01  9.91639e-01  9.97876e-01  -1.01724e-03  9.95841e-01  9.98893e-01
8.97448e+01  9.91174e-01  9.97645e-01  -1.10331e-03  9.95439e-01  9.98749e-01
8.98495e+01  9.90808e-01  9.97442e-01  -1.17677e-03  9.95089e-01  9.98619e-01
8.99543e+01  9.90545e-01  9.97268e-01  -1.23689e-03  9.94795e-01  9.98505e-01
9.00590e+01  9.90386e-01  9.97126e-01  -1.28308e-03  9.94559e-01  9.98409e-01
9.01637e+01  9.90334e-01  9.97015e-01  -1.31492e-03  9.94385e-01  9.98330e-01
9.02684e+01  9.90389e-01  9.96939e-01  -1.33211e-03  9.94274e-01  9.98271e-01
9.03731e+01  9.90550e-01  9.96896e-01  -1.33453e-03  9.94227e-01  9.98231e-01
9.04779e+01  9.90814e-01  9.96888e-01  -1.32219e-03  9.94244e-01  9.98210e-01
9.05826e+01  9.91179e-01  9.96915e-01  -1.29529e-03  9.94324e-01  9.98210e-01
9.06873e+01  9.91641e-01  9.96976e-01  -1.25415e-03  9.94468e-01  9.98230e-01
9.07920e+01  9.92194e-01  9.97070e-01  -1.19924e-03  9.94672e-01  9.98270e-01
9.08967e+01  9.92833e-01  9.97197e-01  -1.13120e-03  9.94934e-01  9.98328e-01
9.10015e+01  9.93550e-01  9.97354e-01  -1.05079e-03  9.95253e-01  9.98405e-01
9.11062e+01  9.94338e-01  9.97541e-01  -9.58907e-04  9.95623e-01  9.98500e-01
9.12109e+01  9.95187e-01  9.97754e-01  -8.56565e-04  9.96041e-01  9.98610e-01
9.13156e+01  9.96089e-01  9.97991e-01  -7.44902e-04  9.96502e-01  9.98736e-01
9.14203e+01  9.97034e-01  9.98251e-01  -6.25155e-04  9.97000e-01  9.98876e-01
9.15251e+01  9.98011e-01  9.98529e-01  -4.98654e-04  9.97531e-01  9.99027e-01
9.16298e+01  9.99008e-01  9.98822e-01  -3.66808e-04  9.98089e-01  9.99189e-01
9.17345e+01  1.00002e+00  9.99129e-01  -2.31088e-04  9.98666e-01  9.99360e-01
9.18392e+01  1.00102e+00  9.99443e-01  -9.30144e-05  9.99257e-01  9.99536e-01
9.19439e+01  1.00202e+00  9.99764e-01  4.58595e-05  9.99855e-01  9.99718e-01
9.20487e+01  1.00299e+00  1.00009e+00  1.83967e-04  1.00045e+00  9.99902e-01
9.21534e+01  1.00392e+00  1.00041e+00  3.19744e-04  1.00105e+00  1.00009e+00
9.22581e+01  1.00481e+00  1.00072e+00  4.51647e-04  1.00162e+00  1.00027e+00
9.23628e+01  1.00565e+00  1.00103e+00  5.78174e-04  1.00218e+00  1.00045e+00
9.24675e+01  1.00642e+00  1.00132e+00  6.97881e-04  1.00271e+00  1.00062e+00
9.25723e+01  1.00711e+00  1.00160e+00  8.09397e-04  1.00321e+00  1.00079e+00
9.26770e+01  1.00772e+00  1.00185e+00  9.11449e-04  1.00368e+00  1.00094e+00
9.27817e+01  1.00825e+00  1.00209e+00  1.00287e-03  1.00410e+00  1.00109e+00
9.28864e+01  1.00867e+00  1.00230e+00  1.08262e-03  1.00447e+00  1.00122e+00
9.29911e+01  1.00900e+00  1.00249e+00  1.14979e-03  1.00479e+00  1.00134e+00
9.30959e+01  1.00923e+00  1.00264e+00  1.20364e-03  1.00505e+00  1.00144e+00
9.32006e+01  1.00934e+00  1.00277e+00  1.24357e-03  1.00525e+00  1.00152e+00
9.33053e+01  1.00936e+00  1.00286e+00  1.26916e-03  1.00540e+00  1.00159e+00
9.34100e+01  1.00926e+00  1.00292e+00  1.28015e-03  1.00548e+00  1.00164e+00
9.35147e+01  1.00906e+00  1.00295e+00  1.27646e-03  1.00550e+00  1.00167e+00
9.36195e+01  1.00876e+00  1.00294e+00  1.25821e-03  1.00546e+00  1.00169e+00
9.37242e+01  1.00835e+00  1.00290e+00  1.22565e-03  1.00536e+00  1.00168e+00
9.38289e+01  1.00786e+00  1.00283e+00  1.17923e-03  1.00519e+00  1.00165e+00
9.39336e+01  1.00727e+00  1.00273e+00  1.11956e-03  1.00497e+00  1.00161e+00
9.40383e+01  1.00661e+00  1.00259e+00  1.04740e-03  1.00469e+00  1.00155e+00
9.41431e+01  1.00587e+00  1.00243e+00  9.63638e-04  1.00436e+00  1.00147e+00
9.42478e+01  1.00507e+00  1.00224e+00  8.69312e-04  1.00398e+00  1.00137e+00
9.43525e+01  1.00422e+00  1.00203e+00  7.65565e-04  1.00356e+00  1.00126e+00
9.44572e+01  1.00332e+00  1.00179e+00  6.53642e-04  1.00310e+00  1.00114e+00
9.45619e+01  1.00239e+00  1.00154e+00  5.34870e-04  1.00261e+00  1.00100e+00
9.46667e+01  1.00144e+00  1.00127e+00  4.10646e-04  1.00209e+00  1.00085e+00
9.47714e+01  1.00047e+00  1.00098e+00  2.82411e-04  1.00155e+00  1.00070e+00
9.48761e+01  9.99507e-01  1.00069e+00  1.51642e-04  1.00099e+00  1.00054e+00
9.49808e+01  9.98550e-01  1.00039e+00  1.98276e-05  1.00043e+00  1.00037e+00
9.50855e+01  9.97614e-01  1.00009e+00  -1.11546e-04  9.99863e-01  1.00020e+00
9.51903e+01  9.96709e-01  9.99784e-01  -2.41013e-04  9.99302e-01  1.00002e+00
9.52950e+01  9.95844e-01  9.99486e-01  -3.67142e-04  9.98751e-01  9.99853e-01
9.53997e+01  9.95030e-01  9.99195e-01  -4.88553e-04  9.98218e-01  9.99683e-01
9.55044e+01  9.94274e-01  9.98914e-01  -6.03930e-04  9.97706e-01  9.99518e-01
9.56091e+01  9.93584e-01  9.98647e-01  -7.12034e-04  9.97223e-01  9.99359e-01
9.57139e+01  9.92968e-01  9.98396e-01  -8.11717e-04  9.96772e-01  9.99207e-01
9.58186e+01  9.92432e-01  9.98164e-01  -9.01929e-04  9.96360e-01  9.99066e-01
9.59233e+01  9.91982e-01  9.97953e-01  -9.81732e-04  9.95990e-01  9.98935e-01
9.60280e+01  9.91622e-01  9.97766e-01  -1.05030e-03  9.95666e-01  9.98817e-01
9.61327e+01  9.91355e-01  9.97605e-01  -1.10695e-03  9.95391e-01  9.98712e-01
9.62375e+01  9.91185e-01  9.97471e-01  -1.15110e-03  9.95169e-01  9.98622e-01
9.63422e+01  9.91112e-01  9.97366e-01  -1.18233e-03  9.95001e-01  9.98548e-01
9.64469e+01  9.91138e-01  9.97290e-01  -1.20034e-03  9.94890e-01  9.98491e-01
9.65516e+01  9.91262e-01  9.97245e-01  -1.20499e-03  9.94835e-01  9.98450e-01
9.66563e+01  9.91482e-01  9.97231e-01  -1.19626e-03  9.94838e-01  9.98427e-01
9.67611e+01  9.91796e-01  9.97248e-01  -1.17429e-03  9.94899e-01  9.98422e-01
9.68658e+01  9.92199e-01  9.97295e-01  -1.13936e-03  9.95016e-01  9.98434e-01
9.69705e+01  9.92689e-01  9.97372e-01  -1.09186e-03  9.95188e-01  9.98464e-01
9.70752e+01  9.93259e-01  9.97478e-01  -1.03236e-03  9.95414e-01  9.98511e-01
9.71799e+01  9.93903e-01  9.97612e-01  -9.61507e-04  9.95689e-01  9.98574e-01
9.72847e+01  9.94614e-01  9.97773e-01  -8.80110e-04  9.96012e-01  9.98653e-01
9.73894e+01  9.95384e-01  9.97957e-01  -7.89074e-04  9.96379e-01  9.98747e-01
9.74941e+01  9.96205e-01  9.98164e-01  -6.89414e-04  9.96786e-01  9.98854e-01
9.75988e+01  9.97067e-01  9.98391e-01  -5.82241e-04  9.97227e-01  9.98974e-01
9.77035e+01  9.97961e-01  9.98636e-01  -4.68749e-04  9.97698e-01  9.99105e-01
9.78083e+01  9.98878e-01  9.98895e-01  -3.50205e-04  9.98194e-01  9.99245e-01
9.79130e+01  9.99806e-01  9.99165e-01  -2.27937e-04  9.98710e-01  9.99393e-01
9.80177e+01  1.00074e+00  9.99445e-01  -1.03315e-04  9.99238e-01  9.99548e-01
9.81224e+01  1.00166e+00  9.99730e-01  2.22581e-05  9.99774e-01  9.99707e-01
9.82271e+01  1.00256e+00  1.00002e+00  1.47366e-04  1.00031e+00  9.99869e-01
9.83319e+01  1.00343e+00  1.00030e+00  2.70593e-04  1.00084e+00  1.00003e+00
9.84366e+01  1.00426e+00  1.00058e+00  3.90542e-04  1.00137e+00  1.00019e+00
9.85413e+01  1.00504e+00  1.00086e+00  5.05850e-04  1.00187e+00  1.00035e+00
9.86460e+01  1.00577e+00  1.00112e+00  6.15205e-04  1.00235e+00  1.00051e+00
9.87507e+01  1.00642e+00  1.00137e+00  7.17361e-04  1.00281e+00  1.00066e+00
9.88554e+01  1.00701e+00  1.00161e+00  8.11154e-04  1.00323e+00  1.00080e+00
9.89602e+01  1.00751e+00  1.00182e+00  8.95518e-04  1.00361e+00  1.00093e+00
9.90649e+01  1.00793e+00  1.00202e+00  9.69494e-04  1.00396e+00  1.00105e+00
9.91696e+01  1.00825e+00  1.00219e+00  1.03225e-03  1.00425e+00  1.00115e+00
9.92743e+01  1.00848e+00  1.00233e+00  1.08308e-03  1.00450e+00  1.00125e+00
9.93790e+01  1.00862e+00  1.00245e+00  1.12142e-03  1.00469e+00  1.00133e+00
9.94838e+01  1.00865e+00  1.00254e+00  1.14687e-03  1.00483e+00  1.00139e+00
9.95885e+01  1.00859e+00  1.00260e+00  1.15917e-03  1.00492e+00  1.00144e+00
9.96932e+01  1.00843e+00  1.00263e+00  1.15821e-03  1.00495e+00  1.00147e+00
9.97979e+01  1.00817e+00  1.00263e+00  1.14404e-03  1.00492e+00  1.00149e+00
9.99026e+01  1.00782e+00  1.00260e+00  1.11689e-03  1.00484e+00  1.00149e+00
1.00007e+02  1.00739e+00  1.00255e+00  1.07711e-03  1.00470e+00  1.00147e+00
1.00112e+02  1.00687e+00  1.00246e+00  1.02521e-03  1.00451e+00  1.00144e+00
1.00217e+02  1.00627e+00  1.00235e+00  9.61843e-04  1.00427e+00  1.00138e+00
1.00322e+02  1.00561e+00  1.00221e+00  8.87790e-04  1.00398e+00  1.00132e+00
1.00426e+02  1.00488e+00  1.00204e+00  8.03949e-04  1.00365e+00  1.00124e+00
1.00531e+02  1.00410e+00  1.00186e+00  7.11326e-04  1.00328e+00  1.00114e+00
1.00636e+02  1.00328e+00  1.00165e+00  6.11024e-04  1.00287e+00  1.00104e+00
1.00740e+02  1.00243e+00  1.00142e+00  5.04221e-04  1.00243e+00  1.00092e+00
1.00845e+02  1.00155e+00  1.00118e+00  3.92167e-04  1.00197e+00  1.00079e+00
1.00950e+02  1.00066e+00  1.00093e+00  2.76157e-04  1.00148e+00  1.00066e+00
1.01055e+02  9.99759e-01  1.00067e+00  1.57523e-04  1.00099e+00  1.00051e+00
1.01159e+02  9.98868e-01  1.00040e+00  3.76166e-05  1.00048e+00  1.00037e+00
1.01264e+02  9.97993e-01  1.00013e+00  -8.22083e-05  9.99968e-01  1.00021e+00
1.01369e+02  9.97143e-01  9.99860e-01  -2.00608e-04  9.99459e-01  1.00006e+00
1.01473e+02  9.96329e-01  9.99592e-01  -3.16266e-04  9.98959e-01  9.99908e-01
1.01578e+02  9.95558e-01  9.99329e-01  -4.27904e-04  9.98473e-01  9.99757e-01
1.01683e+02  9.94840e-01  9.99074e-01  -5.34299e-04  9.98006e-01  9.99608e-01
1.01788e+02  9.94181e-01  9.98831e-01  -6.34293e-04  9.97563e-01  9.99465e-01
1.01892e+02  9.93589e-01  9.98602e-01  -7.26808e-04  9.97149e-01  9.99329e-01
1.01997e+02  9.93070e-01  9.98390e-01  -8.10852e-04  9.96768e-01  9.99201e-01
1.02102e+02  9.92629e-01  9.98196e-01  -8.85533e-04  9.96425e-01  9.99082e-01
1.02206e+02  9.92271e-01  9.98023e-01  -9.50063e-04  9.96123e-01  9.98973e-01
1.02311e+02  9.92000e-01  9.97873e-01  -1.00377e-03  9.95866e-01  9.98877e-01
1.02416e+02  9.91818e-01  9.97748e-01  -1.04611e-03  9.95656e-01  9.98794e-01
1.02521e+02  9.91727e-01  9.97648e-01  -1.07665e-03  9.95494e-01  9.98724e-01
1.02625e+02  9.91728e-01  9.97574e-01  -1.09509e-03  9.95384e-01  9.98669e-01
1.02730e+02  9.91821e-01  9.97528e-01  -1.10127e-03  9.95326e-01  9.98630e-01
1.02835e+02  9.92004e-01  9.97510e-01  -1.09515e-03  9.95320e-01  9.98605e-01
1.02940e+02  9.92276e-01  9.97520e-01  -1.07684e-03  9.95366e-01  9.98597e-01
1.03044e+02  9.92633e-01  9.97557e-01  -1.04657e-03  9.95464e-01  9.98604e-01
1.03149e+02  9.93071e-01  9.97622e-01  -1.00469e-03  9.95612e-01  9.98626e-01
1.03254e+02  9.93586e-01  9.97713e-01  -9.51707e-04  9.95809e-01  9.98664e-01
1.03358e+02  9.94171e-01  9.97829e-01  -8.88212e-04  9.96052e-01  9.98717e-01
1.03463e+02  9.94821e-01  9.97969e-01  -8.14930e-04  9.96339e-01  9.98784e-01
1.03568e+02  9.95528e-01  9.98132e-01  -7.32690e-04  9.96666e-01  9.98864e-01
1.03673e+02  9.96284e-01  9.98315e-01  -6.42418e-04  9.97030e-01  9.98957e-01
1.03777e+02  9.97081e-01  9.98516e-01  -5.45129e-04  9.97426e-01  9.99061e-01
1.03882e+02  9.97910e-01  9.98734e-01  -4.41916e-04  9.97850e-01  9.99176e-01
1.03987e+02  9.98761e-01  9.98965e-01  -3.33939e-04  9.98297e-01  9.99299e-01
1.04091e+02  9.99626e-01  9.99207e-01  -2.22413e-04  9.98762e-01  9.99430e-01
1.04196e+02  1.00049e+00  9.99458e-01  -1.08591e-04  9.99241e-01  9.99566e-01
1.04301e+02  1.00136e+00  9.99714e-01  6.24351e-06  9.99726e-01  9.99707e-01
1.04406e+02  1.00220e+00  9.99972e-01  1.20796e-04  1.00021e+00  9.99851e-01
1.04510e+02  1.00302e+00  1.00023e+00  2.33774e-04  1.00070e+00  9.99996e-01
1.04615e+02  1.00381e+00  1.00048e+00  3.43900e-04  1.00117e+00  1.00014e+00
1.04720e+02  1.00455e+00  1.00073e+00  4.49930e-04  1.00163e+00  1.00028e+00
1.04824e+02  1.00524e+00  1.00097e+00  5.50664e-04  1.00207e+00  1.00042e+00
1.04929e+02  1.00587e+00  1.00120e+00  6.44962e-04  1.00249e+00  1.00056e+00
1.05034e+02  1.00643e+00  1.00141e+00  7.31761e-04  1.00288e+00  1.00068e+00
1.05139e+02  1.00692e+00  1.00161e+00  8.10080e-04  1.00323e+00  1.00080e+00
1.05243e+02  1.00733e+00  1.00179e+00  8.79041e-04  1.00355e+00  1.00091e+00
1.05348e+02  1.00765e+00  1.00195e+00  9.37870e-04  1.00382e+00  1.00101e+00
1.05453e+02  1.00789e+00  1.00208e+00  9.85916e-04  1.00405e+00  1.00110e+00
1.05558e+02  1.00804e+00  1.00219e+00  1.02265e-03  1.00424e+00  1.00117e+00
1.05662e+02  1.00809e+00  1.00228e+00  1.04768e-03  1.00437e+00  1.00123e+00
1.05767e+02  1.00805e+00  1.00234e+00  1.06075e-03  1.00446e+00  1.00128e+00
1.05872e+02  1.00793e+00  1.00237e+00  1.06174e-03  1.00450e+00  1.00131e+00
1.05976e+02  1.00771e+00  1.00238e+00  1.05068e-03  1.00448e+00  1.00133e+00
1.06081e+02  1.00741e+00  1.00236e+00  1.02773e-03  1.00441e+00  1.00133e+00
1.06186e+02  1.00702e+00  1.00231e+00  9.93197e-04  1.00430e+00  1.00132e+00
1.06291e+02  1.00655e+00  1.00224e+00  9.47509e-04  1.00413e+00  1.00129e+00
1.06395e+02  1.00602e+00  1.00214e+00  8.91233e-04  1.00392e+00  1.00125e+00
1.06500e+02  1.00541e+00  1.00202e+00  8.25052e-04  1.00367e+00  1.00119e+00
1.06605e+02  1.00475e+00  1.00187e+00  7.49761e-04  1.00337e+00  1.00112e+00
1.06709e+02  1.00404e+00  1.00171e+00  6.66254e-04  1.00304e+00  1.00104e+00
1.06814e+02  1.00328e+00  1.00152e+00  5.75516e-04  1.00267e+00  1.00095e+00
1.06919e+02  1.00249e+00  1.00132e+00  4.78607e-04  1.00228e+00  1.00085e+00
1.07024e+02  1.00167e+00  1.00111e+00  3.76655e-04  1.00186e+00  1.00073e+00
1.07128e+02  1.00084e+00  1.00088e+00  2.70834e-04  1.00143e+00  1.00061e+00
1.07233e+02  1.00000e+00  1.00065e+00  1.62359e-04  1.00097e+00  1.00049e+00
