# k S000 S110 S112 S10 S11
1.04720e-01  3.40405e-02  3.97536e-01  -1.01209e-01  1.95118e-01  4.98745e-01
2.09440e-01  3.41143e-02  3.57293e-01  -8.92917e-02  1.78710e-01  4.46585e-01
3.14159e-01  3.42384e-02  3.14802e-01  -7.70714e-02  1.60659e-01  3.91873e-01
4.18879e-01  3.44141e-02  3.27493e-01  -8.07469e-02  1.65999e-01  4.08239e-01
5.23599e-01  3.46431e-02  3.19396e-01  -7.84841e-02  1.62428e-01  3.97880e-01
6.28319e-01  3.49277e-02  3.26530e-01  -8.05856e-02  1.65359e-01  4.07115e-01
7.33038e-01  3.52701e-02  3.24359e-01  -8.00124e-02  1.64334e-01  4.04371e-01
8.37758e-01  3.56733e-02  3.29918e-01  -8.16520e-02  1.66614e-01  4.11570e-01
9.42478e-01  3.61404e-02  3.30272e-01  -8.17725e-02  1.66726e-01  4.12044e-01
1.04720e+00  3.66749e-02  3.35525e-01  -8.32848e-02  1.68956e-01  4.18810e-01
1.15192e+00  3.72806e-02  3.37472e-01  -8.38063e-02  1.69859e-01  4.21278e-01
1.25664e+00  3.79621e-02  3.42944e-01  -8.53115e-02  1.72321e-01  4.28256e-01
1.36136e+00  3.87240e-02  3.46143e-01  -8.61081e-02  1.73927e-01  4.32251e-01
1.46608e+00  3.95719e-02  3.52104e-01  -8.76535e-02  1.76797e-01  4.39757e-01
1.57080e+00  4.05117e-02  3.56420e-01  -8.86568e-02  1.79106e-01  4.45076e-01
1.67552e+00  4.15504e-02  3.63039e-01  -9.02596e-02  1.82520e-01  4.53299e-01
1.78024e+00  4.26955e-02  3.68427e-01  -9.14253e-02  1.85577e-01  4.59852e-01
1.88496e+00  4.39555e-02  3.75831e-01  -9.30880e-02  1.89655e-01  4.68919e-01
1.98968e+00  4.53402e-02  3.82294e-01  -9.43819e-02  1.93530e-01  4.76676e-01
2.09440e+00  4.68604e-02  3.90590e-01  -9.60975e-02  1.98395e-01  4.86687e-01
2.19911e+00  4.85283e-02  3.98158e-01  -9.74889e-02  2.03180e-01  4.95647e-01
2.30383e+00  5.03579e-02  4.07447e-01  -9.92423e-02  2.08962e-01  5.06689e-01
2.40855e+00  5.23649e-02  4.16173e-01  -1.00699e-01  2.14776e-01  5.16872e-01
2.51327e+00  5.45670e-02  4.26555e-01  -1.02466e-01  2.21624e-01  5.29020e-01
2.61799e+00  5.69846e-02  4.36508e-01  -1.03949e-01  2.28610e-01  5.40457e-01
2.72271e+00  5.96407e-02  4.48086e-01  -1.05694e-01  2.36699e-01  5.53780e-01
2.82743e+00  6.25617e-02  4.59346e-01  -1.07156e-01  2.45035e-01  5.66502e-01
2.93215e+00  6.57777e-02  4.72230e-01  -1.08829e-01  2.54572e-01  5.81059e-01
3.03687e+00  6.93232e-02  4.84890e-01  -1.10208e-01  2.64474e-01  5.95098e-01
3.14159e+00  7.32380e-02  4.99193e-01  -1.11742e-01  2.75710e-01  6.10935e-01
3.24631e+00  7.75681e-02  5.13354e-01  -1.12956e-01  2.87443e-01  6.26310e-01
3.35103e+00  8.23664e-02  5.29198e-01  -1.14259e-01  3.00680e-01  6.43457e-01
3.45575e+00  8.76946e-02  5.44969e-01  -1.15202e-01  3.14565e-01  6.60171e-01
3.56047e+00  9.36243e-02  5.62477e-01  -1.16153e-01  3.30170e-01  6.78630e-01
3.66519e+00  1.00239e-01  5.79972e-01  -1.16687e-01  3.46599e-01  6.96659e-01
3.76991e+00  1.07638e-01  5.99270e-01  -1.17128e-01  3.65014e-01  7.16398e-01
3.87463e+00  1.15937e-01  6.18606e-01  -1.17075e-01  3.84455e-01  7.35681e-01
3.97935e+00  1.25272e-01  6.39819e-01  -1.16805e-01  4.06210e-01  7.56624e-01
4.08407e+00  1.35805e-01  6.61106e-01  -1.15941e-01  4.29224e-01  7.77046e-01
4.18879e+00  1.47731e-01  6.84351e-01  -1.14704e-01  4.54943e-01  7.99055e-01
4.29351e+00  1.61280e-01  7.07688e-01  -1.12752e-01  4.82184e-01  8.20440e-01
4.39823e+00  1.76730e-01  7.33064e-01  -1.10239e-01  5.12586e-01  8.43303e-01
4.50295e+00  1.94418e-01  7.58521e-01  -1.06869e-01  5.44784e-01  8.65390e-01
4.60767e+00  2.14748e-01  7.86086e-01  -1.02715e-01  5.80656e-01  8.88802e-01
4.71239e+00  2.38216e-01  8.13682e-01  -9.75521e-02  6.18578e-01  9.11234e-01
4.81711e+00  2.65422e-01  8.43423e-01  -9.13611e-02  6.60701e-01  9.34785e-01
4.92183e+00  2.97101e-01  8.73074e-01  -8.40193e-02  7.05036e-01  9.57094e-01
5.02655e+00  3.34154e-01  9.04847e-01  -7.54075e-02  7.54032e-01  9.80254e-01
5.13127e+00  3.77678e-01  9.36292e-01  -6.55607e-02  8.05171e-01  1.00185e+00
5.23599e+00  4.29013e-01  9.69716e-01  -5.42576e-02  8.61201e-01  1.02397e+00
5.34071e+00  4.89775e-01  1.00239e+00  -4.17683e-02  9.18855e-01  1.04416e+00
5.44543e+00  5.61892e-01  1.03670e+00  -2.77828e-02  9.81130e-01  1.06448e+00
5.55015e+00  6.47605e-01  1.06955e+00  -1.29042e-02  1.04374e+00  1.08245e+00
5.65487e+00  7.49408e-01  1.10336e+00  3.23951e-03  1.10984e+00  1.10012e+00
5.75959e+00  8.69868e-01  1.13465e+00  1.96167e-02  1.17388e+00  1.11503e+00
5.86431e+00  1.01123e+00  1.16582e+00  3.66387e-02  1.23910e+00  1.12919e+00
5.96903e+00  1.17467e+00  1.19299e+00  5.28093e-02  1.29861e+00  1.14018e+00
6.07375e+00  1.35912e+00  1.21863e+00  6.86073e-02  1.35584e+00  1.15002e+00
6.17847e+00  1.55959e+00  1.23859e+00  8.21813e-02  1.40295e+00  1.15640e+00
6.28319e+00  1.76555e+00  1.25552e+00  9.42022e-02  1.44393e+00  1.16132e+00
6.38791e+00  1.96024e+00  1.26543e+00  1.02763e-01  1.47096e+00  1.16267e+00
6.49262e+00  2.12243e+00  1.27135e+00  1.08913e-01  1.48918e+00  1.16244e+00
6.59734e+00  2.23150e+00  1.26985e+00  1.11064e-01  1.49197e+00  1.15878e+00
6.70206e+00  2.27426e+00  1.26444e+00  1.10722e-01  1.48588e+00  1.15372e+00
6.80678e+00  2.24965e+00  1.25248e+00  1.06808e-01  1.46610e+00  1.14567e+00
6.91150e+00  2.16836e+00  1.23774e+00  1.01101e-01  1.43994e+00  1.13664e+00
7.01622e+00  2.04784e+00  1.21823e+00  9.29298e-02  1.40409e+00  1.12530e+00
7.12094e+00  1.90634e+00  1.19754e+00  8.39957e-02  1.36553e+00  1.11355e+00
7.22566e+00  1.75880e+00  1.17403e+00  7.38096e-02  1.32165e+00  1.10022e+00
7.33038e+00  1.61545e+00  1.15079e+00  6.37446e-02  1.27828e+00  1.08704e+00
7.43510e+00  1.48227e+00  1.12631e+00  5.33455e-02  1.23300e+00  1.07296e+00
7.53982e+00  1.36200e+00  1.10309e+00  4.36031e-02  1.19030e+00  1.05949e+00
7.64454e+00  1.25538e+00  1.07970e+00  3.40642e-02  1.14782e+00  1.04563e+00
7.74926e+00  1.16196e+00  1.05811e+00  2.54029e-02  1.10892e+00  1.03271e+00
7.85398e+00  1.08072e+00  1.03697e+00  1.71883e-02  1.07134e+00  1.01978e+00
7.95870e+00  1.01039e+00  1.01785e+00  9.87288e-03  1.03759e+00  1.00798e+00
8.06342e+00  9.49721e-01  9.99483e-01  3.07004e-03  1.00562e+00  9.96413e-01
8.16814e+00  8.97506e-01  9.83171e-01  -2.91006e-03  9.77351e-01  9.86081e-01
8.27286e+00  8.52680e-01  9.67740e-01  -8.39943e-03  9.50941e-01  9.76140e-01
8.37758e+00  8.14309e-01  9.54286e-01  -1.31761e-02  9.27934e-01  9.67462e-01
8.48230e+00  7.81594e-01  9.41741e-01  -1.75179e-02  9.06705e-01  9.59259e-01
8.58702e+00  7.53856e-01  9.31054e-01  -2.12569e-02  8.88540e-01  9.52311e-01
8.69174e+00  7.30524e-01  9.21251e-01  -2.46230e-02  8.72005e-01  9.45874e-01
8.79646e+00  7.11119e-01  9.13178e-01  -2.74811e-02  8.58216e-01  9.40659e-01
8.90118e+00  6.95242e-01  9.05942e-01  -3.00216e-02  8.45899e-01  9.35963e-01
9.00590e+00  6.82563e-01  9.00309e-01  -3.21291e-02  8.36051e-01  9.32439e-01
9.11062e+00  6.72810e-01  8.95460e-01  -3.39627e-02  8.27534e-01  9.29422e-01
9.21534e+00  6.65759e-01  8.92100e-01  -3.54189e-02  8.21262e-01  9.27519e-01
9.32006e+00  6.61228e-01  8.89467e-01  -3.66320e-02  8.16203e-01  9.26099e-01
9.42478e+00  6.59074e-01  8.88224e-01  -3.75052e-02  8.13214e-01  9.25730e-01
9.52950e+00  6.59181e-01  8.87653e-01  -3.81545e-02  8.11344e-01  9.25807e-01
9.63422e+00  6.61461e-01  8.88384e-01  -3.84856e-02  8.11413e-01  9.26869e-01
9.73894e+00  6.65849e-01  8.89732e-01  -3.86015e-02  8.12529e-01  9.28334e-01
9.84366e+00  6.72299e-01  8.92304e-01  -3.84079e-02  8.15488e-01  9.30712e-01
9.94838e+00  6.80779e-01  8.95438e-01  -3.79993e-02  8.19439e-01  9.33437e-01
1.00531e+01  6.91272e-01  8.99720e-01  -3.72792e-02  8.25161e-01  9.36999e-01
1.01578e+01  7.03770e-01  9.04505e-01  -3.63380e-02  8.31829e-01  9.40843e-01
1.02625e+01  7.18271e-01  9.10362e-01  -3.50759e-02  8.40210e-01  9.45438e-01
1.03673e+01  7.34776e-01  9.16653e-01  -3.35833e-02  8.49487e-01  9.50237e-01
1.04720e+01  7.53286e-01  9.23934e-01  -3.17568e-02  8.60420e-01  9.55691e-01
1.05767e+01  7.73795e-01  9.31564e-01  -2.96919e-02  8.72180e-01  9.61255e-01
1.06814e+01  7.96286e-01  9.40085e-01  -2.72815e-02  8.85522e-01  9.67366e-01
1.07861e+01  8.20726e-01  9.48848e-01  -2.46319e-02  8.99584e-01  9.73479e-01
1.08909e+01  8.47057e-01  9.58381e-01  -2.16341e-02  9.15113e-01  9.80015e-01
1.09956e+01  8.75189e-01  9.68018e-01  -1.84116e-02  9.31195e-01  9.86429e-01
1.11003e+01  9.04992e-01  9.78273e-01  -1.48562e-02  9.48560e-01  9.93129e-01
1.12050e+01  9.36287e-01  9.88454e-01  -1.11153e-02  9.66223e-01  9.99569e-01
1.13097e+01  9.68838e-01  9.99061e-01  -7.08511e-03  9.84891e-01  1.00615e+00
1.14145e+01  1.00234e+00  1.00937e+00  -2.94377e-03  1.00349e+00  1.01232e+00
1.15192e+01  1.03642e+00  1.01988e+00  1.40517e-03  1.02269e+00  1.01847e+00
1.16239e+01  1.07063e+00  1.02982e+00  5.74867e-03  1.04132e+00  1.02407e+00
1.17286e+01  1.10444e+00  1.03968e+00  1.01750e-02  1.06003e+00  1.02951e+00
1.18333e+01  1.13726e+00  1.04869e+00  1.44371e-02  1.07757e+00  1.03426e+00
1.19381e+01  1.16845e+00  1.05732e+00  1.86189e-02  1.09456e+00  1.03870e+00
1.20428e+01  1.19734e+00  1.06479e+00  2.24487e-02  1.10968e+00  1.04234e+00
1.21475e+01  1.22323e+00  1.07158e+00  2.60161e-02  1.12362e+00  1.04557e+00
1.22522e+01  1.24549e+00  1.07696e+00  2.90430e-02  1.13504e+00  1.04792e+00
1.23569e+01  1.26353e+00  1.08143e+00  3.16401e-02  1.14471e+00  1.04979e+00
1.24617e+01  1.27687e+00  1.08429e+00  3.35472e-02  1.15138e+00  1.05074e+00
1.25664e+01  1.28517e+00  1.08611e+00  3.49116e-02  1.15593e+00  1.05120e+00
1.26711e+01  1.28827e+00  1.08627e+00  3.55133e-02  1.15730e+00  1.05076e+00
1.27758e+01  1.28617e+00  1.08540e+00  3.55440e-02  1.15649e+00  1.04986e+00
1.28805e+01  1.27907e+00  1.08296e+00  3.48361e-02  1.15263e+00  1.04812e+00
1.29852e+01  1.26734e+00  1.07962e+00  3.36201e-02  1.14686e+00  1.04600e+00
1.30900e+01  1.25149e+00  1.07493e+00  3.17776e-02  1.13848e+00  1.04315e+00
1.31947e+01  1.23213e+00  1.06958e+00  2.95599e-02  1.12870e+00  1.04002e+00
1.32994e+01  1.20997e+00  1.06320e+00  2.68835e-02  1.11696e+00  1.03631e+00
1.34041e+01  1.18569e+00  1.05645e+00  2.39971e-02  1.10444e+00  1.03245e+00
1.35088e+01  1.16001e+00  1.04898e+00  2.08338e-02  1.09065e+00  1.02815e+00
1.36136e+01  1.13357e+00  1.04145e+00  1.76203e-02  1.07669e+00  1.02383e+00
1.37183e+01  1.10694e+00  1.03352e+00  1.42918e-02  1.06210e+00  1.01923e+00
1.38230e+01  1.08061e+00  1.02577e+00  1.10422e-02  1.04786e+00  1.01473e+00
1.39277e+01  1.05498e+00  1.01788e+00  7.80181e-03  1.03349e+00  1.01008e+00
1.40324e+01  1.03038e+00  1.01038e+00  4.72951e-03  1.01984e+00  1.00565e+00
1.41372e+01  1.00703e+00  1.00293e+00  1.74937e-03  1.00643e+00  1.00118e+00
1.42419e+01  9.85116e-01  9.96007e-01  -1.01054e-03  9.93986e-01  9.97017e-01
1.43466e+01  9.64751e-01  9.89282e-01  -3.63019e-03  9.82022e-01  9.92912e-01
1.44513e+01  9.46011e-01  9.83177e-01  -6.00600e-03  9.71165e-01  9.89183e-01
1.45560e+01  9.28935e-01  9.77362e-01  -8.21875e-03  9.60925e-01  9.85581e-01
1.46608e+01  9.13537e-01  9.72221e-01  -1.01828e-02  9.51855e-01  9.82404e-01
1.47655e+01  8.99810e-01  9.67428e-01  -1.19771e-02  9.43474e-01  9.79405e-01
1.48702e+01  8.87737e-01  9.63333e-01  -1.35284e-02  9.36277e-01  9.76862e-01
1.49749e+01  8.77290e-01  9.59618e-01  -1.49122e-02  9.29794e-01  9.74531e-01
1.50796e+01  8.68436e-01  9.56607e-01  -1.60633e-02  9.24480e-01  9.72670e-01
1.51844e+01  8.61139e-01  9.53987e-01  -1.70531e-02  9.19881e-01  9.71040e-01
1.52891e+01  8.55361e-01  9.52063e-01  -1.78218e-02  9.16420e-01  9.69885e-01
1.53938e+01  8.51063e-01  9.50529e-01  -1.84364e-02  9.13656e-01  9.68965e-01
1.54985e+01  8.48209e-01  9.49672e-01  -1.88403e-02  9.11992e-01  9.68513e-01
1.56032e+01  8.46762e-01  9.49193e-01  -1.90971e-02  9.10999e-01  9.68290e-01
1.57080e+01  8.46684e-01  9.49366e-01  -1.91522e-02  9.11061e-01  9.68518e-01
1.58127e+01  8.47942e-01  9.49895e-01  -1.90665e-02  9.11762e-01  9.68961e-01
1.59174e+01  8.50499e-01  9.51042e-01  -1.87864e-02  9.13469e-01  9.69828e-01
1.60221e+01  8.54320e-01  9.52516e-01  -1.83714e-02  9.15773e-01  9.70888e-01
1.61268e+01  8.59368e-01  9.54569e-01  -1.77690e-02  9.19031e-01  9.72338e-01
1.62316e+01  8.65604e-01  9.56909e-01  -1.70382e-02  9.22832e-01  9.73947e-01
1.63363e+01  8.72986e-01  9.59779e-01  -1.61275e-02  9.27524e-01  9.75906e-01
1.64410e+01  8.81468e-01  9.62887e-01  -1.50972e-02  9.32692e-01  9.77984e-01
1.65457e+01  8.90998e-01  9.66467e-01  -1.38969e-02  9.38674e-01  9.80364e-01
1.66504e+01  9.01516e-01  9.70225e-01  -1.25897e-02  9.45046e-01  9.82815e-01
1.67552e+01  9.12955e-01  9.74386e-01  -1.11267e-02  9.52133e-01  9.85513e-01
1.68599e+01  9.25238e-01  9.78652e-01  -9.57546e-03  9.59501e-01  9.88227e-01
1.69646e+01  9.38275e-01  9.83239e-01  -7.88911e-03  9.67461e-01  9.91128e-01
1.70693e+01  9.51964e-01  9.87844e-01  -6.14099e-03  9.75562e-01  9.93985e-01
1.71740e+01  9.66190e-01  9.92677e-01  -4.28668e-03  9.84103e-01  9.96963e-01
1.72788e+01  9.80820e-01  9.97428e-01  -2.40617e-03  9.92616e-01  9.99834e-01
1.73835e+01  9.95710e-01  1.00230e+00  -4.57729e-04  1.00139e+00  1.00276e+00
1.74882e+01  1.01070e+00  1.00698e+00  1.47189e-03  1.00993e+00  1.00551e+00
1.75929e+01  1.02560e+00  1.01168e+00  3.42224e-03  1.01852e+00  1.00825e+00
1.76976e+01  1.04024e+00  1.01606e+00  5.30069e-03  1.02666e+00  1.01076e+00
1.78024e+01  1.05441e+00  1.02034e+00  7.14594e-03  1.03463e+00  1.01319e+00
1.79071e+01  1.06790e+00  1.02420e+00  8.86170e-03  1.04192e+00  1.01534e+00
1.80118e+01  1.08051e+00  1.02784e+00  1.04881e-02  1.04881e+00  1.01735e+00
1.81165e+01  1.09204e+00  1.03096e+00  1.19285e-02  1.05481e+00  1.01903e+00
1.82212e+01  1.10228e+00  1.03376e+00  1.32273e-02  1.06022e+00  1.02053e+00
1.83260e+01  1.11107e+00  1.03596e+00  1.42921e-02  1.06455e+00  1.02167e+00
1.84307e+01  1.11825e+00  1.03779e+00  1.51744e-02  1.06813e+00  1.02261e+00
1.85354e+01  1.12369e+00  1.03896e+00  1.57898e-02  1.07053e+00  1.02317e+00
1.86401e+01  1.12732e+00  1.03971e+00  1.61995e-02  1.07211e+00  1.02351e+00
1.87448e+01  1.12908e+00  1.03980e+00  1.63301e-02  1.07246e+00  1.02347e+00
1.88496e+01  1.12897e+00  1.03948e+00  1.62531e-02  1.07199e+00  1.02323e+00
1.89543e+01  1.12702e+00  1.03853e+00  1.59075e-02  1.07034e+00  1.02262e+00
1.90590e+01  1.12333e+00  1.03721e+00  1.53737e-02  1.06796e+00  1.02183e+00
1.91637e+01  1.11799e+00  1.03532e+00  1.46023e-02  1.06452e+00  1.02072e+00
1.92684e+01  1.11117e+00  1.03313e+00  1.36793e-02  1.06049e+00  1.01945e+00
1.93732e+01  1.10302e+00  1.03047e+00  1.25649e-02  1.05560e+00  1.01791e+00
1.94779e+01  1.09375e+00  1.02761e+00  1.13467e-02  1.05031e+00  1.01627e+00
1.95826e+01  1.08355e+00  1.02438e+00  9.99066e-03  1.04436e+00  1.01439e+00
1.96873e+01  1.07263e+00  1.02106e+00  8.58233e-03  1.03822e+00  1.01247e+00
1.97920e+01  1.06118e+00  1.01748e+00  7.09054e-03  1.03166e+00  1.01039e+00
1.98968e+01  1.04940e+00  1.01390e+00  5.59536e-03  1.02509e+00  1.00830e+00
2.00015e+01  1.03747e+00  1.01018e+00  4.06605e-03  1.01831e+00  1.00611e+00
2.01062e+01  1.02557e+00  1.00656e+00  2.57542e-03  1.01171e+00  1.00398e+00
2.02109e+01  1.01383e+00  1.00288e+00  1.09171e-03  1.00507e+00  1.00179e+00
2.03156e+01  1.00239e+00  9.99392e-01  -3.20125e-04  9.98752e-01  9.99712e-01
2.04204e+01  9.91377e-01  9.95931e-01  -1.69337e-03  9.92544e-01  9.97625e-01
2.05251e+01  9.80880e-01  9.92718e-01  -2.97063e-03  9.86777e-01  9.95689e-01
2.06298e+01  9.70986e-01  9.89600e-01  -4.18659e-03  9.81227e-01  9.93787e-01
2.07345e+01  9.61764e-01  9.86780e-01  -5.29044e-03  9.76200e-01  9.92071e-01
2.08392e+01  9.53270e-01  9.84105e-01  -6.31787e-03  9.71470e-01  9.90423e-01
2.09440e+01  9.45550e-01  9.81765e-01  -7.22352e-03  9.67317e-01  9.88988e-01
2.10487e+01  9.38639e-01  9.79604e-01  -8.04355e-03  9.63516e-01  9.87647e-01
2.11534e+01  9.32563e-01  9.77800e-01  -8.73691e-03  9.60327e-01  9.86537e-01
2.12581e+01  9.27340e-01  9.76200e-01  -9.33986e-03  9.57520e-01  9.85540e-01
2.13628e+01  9.22983e-01  9.74970e-01  -9.81461e-03  9.55340e-01  9.84784e-01
2.14675e+01  9.19498e-01  9.73954e-01  -1.01973e-02  9.53559e-01  9.84151e-01
2.15723e+01  9.16885e-01  9.73311e-01  -1.04527e-02  9.52406e-01  9.83764e-01
2.16770e+01  9.15142e-01  9.72886e-01  -1.06167e-02  9.51652e-01  9.83503e-01
2.17817e+01  9.14261e-01  9.72828e-01  -1.06561e-02  9.51516e-01  9.83484e-01
2.18864e+01  9.14230e-01  9.72980e-01  -1.06067e-02  9.51767e-01  9.83587e-01
2.19911e+01  9.15034e-01  9.73486e-01  -1.04367e-02  9.52613e-01  9.83923e-01
2.20959e+01  9.16655e-01  9.74189e-01  -1.01824e-02  9.53824e-01  9.84371e-01
2.22006e+01  9.19070e-01  9.75224e-01  -9.81342e-03  9.55597e-01  9.85038e-01
2.23053e+01  9.22252e-01  9.76433e-01  -9.36652e-03  9.57700e-01  9.85800e-01
2.24100e+01  9.26170e-01  9.77947e-01  -8.81266e-03  9.60321e-01  9.86759e-01
2.25147e+01  9.30789e-01  9.79604e-01  -8.18972e-03  9.63224e-01  9.87793e-01
2.26195e+01  9.36069e-01  9.81529e-01  -7.46999e-03  9.66590e-01  9.88999e-01
2.27242e+01  9.41963e-01  9.83561e-01  -6.69288e-03  9.70175e-01  9.90254e-01
2.28289e+01  9.48422e-01  9.85819e-01  -5.83209e-03  9.74155e-01  9.91651e-01
2.29336e+01  9.55388e-01  9.88138e-01  -4.92888e-03  9.78281e-01  9.93067e-01
2.30383e+01  9.62798e-01  9.90634e-01  -3.95840e-03  9.82717e-01  9.94593e-01
2.31431e+01  9.70582e-01  9.93140e-01  -2.96403e-03  9.87212e-01  9.96104e-01
2.32478e+01  9.78665e-01  9.95767e-01  -1.92227e-03  9.91923e-01  9.97690e-01
2.33525e+01  9.86965e-01  9.98348e-01  -8.78574e-04  9.96591e-01  9.99227e-01
2.34572e+01  9.95394e-01  1.00099e+00  1.89439e-04  1.00137e+00  1.00080e+00
2.35619e+01  1.00386e+00  1.00353e+00  1.23454e-03  1.00600e+00  1.00230e+00
2.36667e+01  1.01226e+00  1.00607e+00  2.27851e-03  1.01063e+00  1.00379e+00
2.37714e+01  1.02050e+00  1.00844e+00  3.27299e-03  1.01499e+00  1.00517e+00
2.38761e+01  1.02847e+00  1.01076e+00  4.23993e-03  1.01924e+00  1.00652e+00
2.39808e+01  1.03607e+00  1.01285e+00  5.13085e-03  1.02311e+00  1.00772e+00
2.40855e+01  1.04320e+00  1.01484e+00  5.96878e-03  1.02677e+00  1.00887e+00
2.41903e+01  1.04976e+00  1.01655e+00  6.70637e-03  1.02996e+00  1.00984e+00
2.42950e+01  1.05566e+00  1.01810e+00  7.36877e-03  1.03284e+00  1.01073e+00
2.43997e+01  1.06081e+00  1.01934e+00  7.91109e-03  1.03516e+00  1.01143e+00
2.45044e+01  1.06515e+00  1.02039e+00  8.36155e-03  1.03712e+00  1.01203e+00
2.46091e+01  1.06861e+00  1.02111e+00  8.67886e-03  1.03847e+00  1.01243e+00
2.47139e+01  1.07115e+00  1.02162e+00  8.89494e-03  1.03941e+00  1.01273e+00
2.48186e+01  1.07274e+00  1.02179e+00  8.97297e-03  1.03974e+00  1.01282e+00
2.49233e+01  1.07337e+00  1.02175e+00  8.94871e-03  1.03965e+00  1.01280e+00
2.50280e+01  1.07304e+00  1.02138e+00  8.79014e-03  1.03896e+00  1.01259e+00
2.51327e+01  1.07177e+00  1.02081e+00  8.53647e-03  1.03788e+00  1.01227e+00
2.52375e+01  1.06961e+00  1.01994e+00  8.16025e-03  1.03626e+00  1.01178e+00
2.53422e+01  1.06659e+00  1.01890e+00  7.70331e-03  1.03430e+00  1.01119e+00
2.54469e+01  1.06280e+00  1.01759e+00  7.14208e-03  1.03187e+00  1.01044e+00
2.55516e+01  1.05830e+00  1.01615e+00  6.51980e-03  1.02919e+00  1.00963e+00
2.56563e+01  1.05317e+00  1.01450e+00  5.81580e-03  1.02613e+00  1.00868e+00
2.57611e+01  1.04751e+00  1.01277e+00  5.07346e-03  1.02291e+00  1.00769e+00
2.58658e+01  1.04142e+00  1.01087e+00  4.27394e-03  1.01941e+00  1.00659e+00
2.59705e+01  1.03498e+00  1.00894e+00  3.45960e-03  1.01586e+00  1.00548e+00
2.60752e+01  1.02829e+00  1.00690e+00  2.61243e-03  1.01212e+00  1.00429e+00
2.61799e+01  1.02145e+00  1.00488e+00  1.77285e-03  1.00843e+00  1.00311e+00
2.62847e+01  1.01454e+00  1.00281e+00  9.22972e-04  1.00465e+00  1.00189e+00
2.63894e+01  1.00766e+00  1.00081e+00  1.00665e-04  1.00101e+00  1.00070e+00
2.64941e+01  1.00087e+00  9.98789e-01  -7.12360e-04  9.97364e-01  9.99501e-01
2.65988e+01  9.94261e-01  9.96888e-01  -1.48103e-03  9.93925e-01  9.98369e-01
2.67035e+01  9.87887e-01  9.95015e-01  -2.22427e-03  9.90567e-01  9.97239e-01
2.68083e+01  9.81813e-01  9.93294e-01  -2.90984e-03  9.87475e-01  9.96204e-01
2.69130e+01  9.76091e-01  9.91637e-01  -3.55738e-03  9.84522e-01  9.95195e-01
2.70177e+01  9.70769e-01  9.90160e-01  -4.13728e-03  9.81886e-01  9.94298e-01
2.71224e+01  9.65886e-01  9.88775e-01  -4.66990e-03  9.79435e-01  9.93445e-01
2.72271e+01  9.61478e-01  9.87592e-01  -5.12797e-03  9.77336e-01  9.92720e-01
2.73319e+01  9.57572e-01  9.86520e-01  -5.53248e-03  9.75455e-01  9.92052e-01
2.74366e+01  9.54191e-01  9.85664e-01  -5.85823e-03  9.73948e-01  9.91523e-01
2.75413e+01  9.51355e-01  9.84934e-01  -6.12676e-03  9.72680e-01  9.91060e-01
2.76460e+01  9.49075e-01  9.84427e-01  -6.31464e-03  9.71797e-01  9.90741e-01
2.77507e+01  9.47362e-01  9.84051e-01  -6.44394e-03  9.71163e-01  9.90495e-01
2.78555e+01  9.46218e-01  9.83900e-01  -6.49276e-03  9.70914e-01  9.90393e-01
2.79602e+01  9.45645e-01  9.83879e-01  -6.48373e-03  9.70912e-01  9.90363e-01
2.80649e+01  9.45638e-01  9.84079e-01  -6.39627e-03  9.71286e-01  9.90475e-01
2.81696e+01  9.46190e-01  9.84402e-01  -6.25361e-03  9.71895e-01  9.90656e-01
2.82743e+01  9.47289e-01  9.84935e-01  -6.03642e-03  9.72862e-01  9.90971e-01
2.83791e+01  9.48920e-01  9.85578e-01  -5.76859e-03  9.74041e-01  9.91347e-01
2.84838e+01  9.51064e-01  9.86415e-01  -5.43194e-03  9.75551e-01  9.91847e-01
2.85885e+01  9.53696e-01  9.87344e-01  -5.05115e-03  9.77242e-01  9.92395e-01
2.86932e+01  9.56792e-01  9.88445e-01  -4.60911e-03  9.79226e-01  9.93054e-01
2.87979e+01  9.60318e-01  9.89615e-01  -4.13140e-03  9.81352e-01  9.93747e-01
2.89027e+01  9.64241e-01  9.90930e-01  -3.60191e-03  9.83726e-01  9.94532e-01
2.90074e+01  9.68522e-01  9.92288e-01  -3.04717e-03  9.86193e-01  9.95335e-01
2.91121e+01  9.73118e-01  9.93759e-01  -2.45197e-03  9.88855e-01  9.96211e-01
2.92168e+01  9.77983e-01  9.95242e-01  -1.84376e-03  9.91554e-01  9.97086e-01
2.93215e+01  9.83065e-01  9.96805e-01  -1.20809e-03  9.94389e-01  9.98013e-01
2.94263e+01  9.88313e-01  9.98345e-01  -5.73193e-04  9.97198e-01  9.98918e-01
2.95310e+01  9.93669e-01  9.99929e-01  7.48572e-05  1.00008e+00  9.99854e-01
2.96357e+01  9.99074e-01  1.00146e+00  7.07277e-04  1.00287e+00  1.00075e+00
2.97404e+01  1.00447e+00  1.00299e+00  1.33780e-03  1.00567e+00  1.00165e+00
2.98451e+01  1.00979e+00  1.00443e+00  1.93749e-03  1.00831e+00  1.00249e+00
2.99498e+01  1.01497e+00  1.00585e+00  2.52027e-03  1.01089e+00  1.00333e+00
3.00546e+01  1.01995e+00  1.00714e+00  3.05752e-03  1.01325e+00  1.00408e+00
3.01593e+01  1.02467e+00  1.00837e+00  3.56385e-03  1.01549e+00  1.00480e+00
3.02640e+01  1.02906e+00  1.00944e+00  4.01149e-03  1.01747e+00  1.00543e+00
3.03687e+01  1.03308e+00  1.01043e+00  4.41616e-03  1.01927e+00  1.00602e+00
3.04734e+01  1.03668e+00  1.01125e+00  4.75153e-03  1.02075e+00  1.00650e+00
3.05782e+01  1.03980e+00  1.01196e+00  5.03485e-03  1.02202e+00  1.00692e+00
3.06829e+01  1.04241e+00  1.01247e+00  5.24165e-03  1.02295e+00  1.00723e+00
3.07876e+01  1.04447e+00  1.01287e+00  5.39098e-03  1.02365e+00  1.00748e+00
3.08923e+01  1.04597e+00  1.01307e+00  5.46063e-03  1.02399e+00  1.00761e+00
3.09970e+01  1.04689e+00  1.01315e+00  5.47150e-03  1.02409e+00  1.00767e+00
3.11018e+01  1.04722e+00  1.01303e+00  5.40375e-03  1.02383e+00  1.00762e+00
3.12065e+01  1.04696e+00  1.01279e+00  5.28007e-03  1.02335e+00  1.00751e+00
3.13112e+01  1.04613e+00  1.01237e+00  5.08293e-03  1.02253e+00  1.00728e+00
3.14159e+01  1.04476e+00  1.01184e+00  4.83647e-03  1.02152e+00  1.00701e+00
3.15206e+01  1.04285e+00  1.01115e+00  4.52522e-03  1.02020e+00  1.00662e+00
3.16254e+01  1.04046e+00  1.01037e+00  4.17434e-03  1.01872e+00  1.00620e+00
3.17301e+01  1.03762e+00  1.00945e+00  3.77003e-03  1.01699e+00  1.00568e+00
3.18348e+01  1.03438e+00  1.00847e+00  3.33794e-03  1.01515e+00  1.00514e+00
3.19395e+01  1.03079e+00  1.00738e+00  2.86545e-03  1.01311e+00  1.00451e+00
3.20442e+01  1.02690e+00  1.00626e+00  2.37819e-03  1.01101e+00  1.00388e+00
3.21490e+01  1.02278e+00  1.00505e+00  1.86425e-03  1.00878e+00  1.00318e+00
3.22537e+01  1.01847e+00  1.00384e+00  1.34875e-03  1.00654e+00  1.00249e+00
3.23584e+01  1.01403e+00  1.00257e+00  8.20087e-04  1.00421e+00  1.00175e+00
3.24631e+01  1.00952e+00  1.00134e+00  3.02450e-04  1.00195e+00  1.00104e+00
3.25678e+01  1.00499e+00  1.00008e+00  -2.15761e-04  9.99652e-01  1.00030e+00
3.26726e+01  1.00050e+00  9.98884e-01  -7.11555e-04  9.97461e-01  9.99595e-01
3.27773e+01  9.96090e-01  9.97687e-01  -1.19679e-03  9.95293e-01  9.98883e-01
3.28820e+01  9.91814e-01  9.96572e-01  -1.64982e-03  9.93273e-01  9.98222e-01
3.29867e+01  9.87712e-01  9.95485e-01  -2.08292e-03  9.91319e-01  9.97568e-01
3.30914e+01  9.83824e-01  9.94502e-01  -2.47583e-03  9.89550e-01  9.96977e-01
3.31962e+01  9.80186e-01  9.93565e-01  -2.84134e-03  9.87883e-01  9.96407e-01
3.33009e+01  9.76828e-01  9.92750e-01  -3.16055e-03  9.86429e-01  9.95911e-01
3.34056e+01  9.73780e-01  9.91998e-01  -3.44681e-03  9.85105e-01  9.95445e-01
3.35103e+01  9.71065e-01  9.91379e-01  -3.68253e-03  9.84014e-01  9.95062e-01
3.36150e+01  9.68704e-01  9.90835e-01  -3.88161e-03  9.83072e-01  9.94717e-01
3.37198e+01  9.66713e-01  9.90432e-01  -4.02769e-03  9.82377e-01  9.94460e-01
3.38245e+01  9.65106e-01  9.90110e-01  -4.13523e-03  9.81839e-01  9.94245e-01
3.39292e+01  9.63891e-01  9.89932e-01  -4.18899e-03  9.81554e-01  9.94121e-01
3.40339e+01  9.63074e-01  9.89838e-01  -4.20401e-03  9.81430e-01  9.94042e-01
3.41386e+01  9.62659e-01  9.89886e-01  -4.16608e-03  9.81554e-01  9.94052e-01
3.42434e+01  9.62643e-01  9.90016e-01  -4.09081e-03  9.81834e-01  9.94106e-01
3.43481e+01  9.63023e-01  9.90283e-01  -3.96495e-03  9.82353e-01  9.94248e-01
3.44528e+01  9.63790e-01  9.90624e-01  -3.80470e-03  9.83014e-01  9.94428e-01
3.45575e+01  9.64935e-01  9.91093e-01  -3.59768e-03  9.83898e-01  9.94691e-01
3.46622e+01  9.66442e-01  9.91626e-01  -3.36068e-03  9.84904e-01  9.94986e-01
3.47670e+01  9.68295e-01  9.92274e-01  -3.08214e-03  9.86109e-01  9.95356e-01
3.48717e+01  9.70473e-01  9.92970e-01  -2.77944e-03  9.87411e-01  9.95750e-01
3.49764e+01  9.72954e-01  9.93766e-01  -2.44171e-03  9.88882e-01  9.96207e-01
3.50811e+01  9.75710e-01  9.94593e-01  -2.08690e-03  9.90419e-01  9.96679e-01
3.51858e+01  9.78713e-01  9.95499e-01  -1.70475e-03  9.92090e-01  9.97204e-01
3.52906e+01  9.81931e-01  9.96417e-01  -1.31370e-03  9.93790e-01  9.97731e-01
3.53953e+01  9.85330e-01  9.97394e-01  -9.03957e-04  9.95586e-01  9.98298e-01
3.55000e+01  9.88874e-01  9.98361e-01  -4.94308e-04  9.97372e-01  9.98855e-01
3.56047e+01  9.92523e-01  9.99364e-01  -7.52902e-05  9.99213e-01  9.99439e-01
3.57094e+01  9.96237e-01  1.00033e+00  3.34141e-04  1.00100e+00  1.00000e+00
3.58142e+01  9.99976e-01  1.00132e+00  7.43346e-04  1.00280e+00  1.00057e+00
3.59189e+01  1.00370e+00  1.00225e+00  1.13341e-03  1.00451e+00  1.00111e+00
3.60236e+01  1.00736e+00  1.00317e+00  1.51384e-03  1.00619e+00  1.00165e+00
3.61283e+01  1.01091e+00  1.00401e+00  1.86603e-03  1.00774e+00  1.00215e+00
3.62330e+01  1.01432e+00  1.00483e+00  2.19986e-03  1.00923e+00  1.00263e+00
3.63378e+01  1.01754e+00  1.00555e+00  2.49733e-03  1.01055e+00  1.00305e+00
3.64425e+01  1.02054e+00  1.00623e+00  2.76897e-03  1.01176e+00  1.00346e+00
3.65472e+01  1.02328e+00  1.00679e+00  2.99762e-03  1.01279e+00  1.00380e+00
3.66519e+01  1.02572e+00  1.00730e+00  3.19467e-03  1.01369e+00  1.00411e+00
3.67566e+01  1.02784e+00  1.00769e+00  3.34406e-03  1.01438e+00  1.00435e+00
3.68614e+01  1.02961e+00  1.00801e+00  3.45819e-03  1.01493e+00  1.00455e+00
3.69661e+01  1.03102e+00  1.00820e+00  3.52225e-03  1.01525e+00  1.00468e+00
3.70708e+01  1.03204e+00  1.00832e+00  3.54971e-03  1.01542e+00  1.00477e+00
3.71755e+01  1.03267e+00  1.00832e+00  3.52713e-03  1.01537e+00  1.00479e+00
3.72802e+01  1.03290e+00  1.00824e+00  3.46898e-03  1.01518e+00  1.00477e+00
3.73850e+01  1.03274e+00  1.00804e+00  3.36318e-03  1.01477e+00  1.00468e+00
3.74897e+01  1.03219e+00  1.00778e+00  3.22513e-03  1.01423e+00  1.00456e+00
3.75944e+01  1.03126e+00  1.00740e+00  3.04395e-03  1.01349e+00  1.00436e+00
3.76991e+01  1.02997e+00  1.00697e+00  2.83575e-03  1.01265e+00  1.00414e+00
3.78038e+01  1.02835e+00  1.00644e+00  2.59074e-03  1.01162e+00  1.00385e+00
3.79086e+01  1.02642e+00  1.00587e+00  2.32546e-03  1.01052e+00  1.00355e+00
3.80133e+01  1.02420e+00  1.00522e+00  2.03094e-03  1.00928e+00  1.00319e+00
3.81180e+01  1.02173e+00  1.00454e+00  1.72392e-03  1.00798e+00  1.00281e+00
3.82227e+01  1.01905e+00  1.00379e+00  1.39598e-03  1.00658e+00  1.00240e+00
3.83274e+01  1.01618e+00  1.00304e+00  1.06378e-03  1.00517e+00  1.00198e+00
3.84322e+01  1.01318e+00  1.00224e+00  7.19235e-04  1.00368e+00  1.00152e+00
3.85369e+01  1.01007e+00  1.00146e+00  3.78662e-04  1.00222e+00  1.00108e+00
3.86416e+01  1.00690e+00  1.00065e+00  3.40612e-05  1.00071e+00  1.00061e+00
3.87463e+01  1.00369e+00  9.99865e-01  -2.98764e-04  9.99268e-01  1.00016e+00
3.88510e+01  1.00050e+00  9.99076e-01  -6.27904e-04  9.97820e-01  9.99704e-01
3.89557e+01  9.97355e-01  9.98334e-01  -9.38234e-04  9.96457e-01  9.99272e-01
3.90605e+01  9.94287e-01  9.97600e-01  -1.23807e-03  9.95124e-01  9.98838e-01
3.91652e+01  9.91330e-01  9.96929e-01  -1.51307e-03  9.93903e-01  9.98442e-01
3.92699e+01  9.88514e-01  9.96281e-01  -1.77188e-03  9.92737e-01  9.98053e-01
3.93746e+01  9.85867e-01  9.95708e-01  -2.00097e-03  9.91706e-01  9.97709e-01
3.94793e+01  9.83412e-01  9.95170e-01  -2.20940e-03  9.90751e-01  9.97379e-01
3.95841e+01  9.81174e-01  9.94717e-01  -2.38449e-03  9.89948e-01  9.97101e-01
3.96888e+01  9.79171e-01  9.94308e-01  -2.53572e-03  9.89236e-01  9.96843e-01
3.97935e+01  9.77420e-01  9.93990e-01  -2.65126e-03  9.88688e-01  9.96642e-01
3.98982e+01  9.75936e-01  9.93723e-01  -2.74104e-03  9.88241e-01  9.96464e-01
4.00029e+01  9.74730e-01  9.93551e-01  -2.79404e-03  9.87963e-01  9.96345e-01
4.01077e+01  9.73810e-01  9.93432e-01  -2.82068e-03  9.87791e-01  9.96253e-01
4.02124e+01  9.73182e-01  9.93409e-01  -2.81067e-03  9.87787e-01  9.96219e-01
4.03171e+01  9.72850e-01  9.93438e-01  -2.77492e-03  9.87888e-01  9.96213e-01
4.04218e+01  9.72812e-01  9.93561e-01  -2.70386e-03  9.88153e-01  9.96265e-01
4.05265e+01  9.73068e-01  9.93733e-01  -2.60886e-03  9.88515e-01  9.96342e-01
4.06313e+01  9.73611e-01  9.93993e-01  -2.48103e-03  9.89031e-01  9.96474e-01
4.07360e+01  9.74435e-01  9.94296e-01  -2.33215e-03  9.89632e-01  9.96628e-01
4.08407e+01  9.75527e-01  9.94679e-01  -2.15394e-03  9.90372e-01  9.96833e-01
4.09454e+01  9.76877e-01  9.95097e-01  -1.95860e-03  9.91180e-01  9.97056e-01
4.10501e+01  9.78468e-01  9.95585e-01  -1.73838e-03  9.92108e-01  9.97323e-01
4.11549e+01  9.80282e-01  9.96095e-01  -1.50585e-03  9.93084e-01  9.97601e-01
4.12596e+01  9.82301e-01  9.96664e-01  -1.25367e-03  9.94157e-01  9.97918e-01
4.13643e+01  9.84501e-01  9.97243e-01  -9.94700e-04  9.95254e-01  9.98238e-01
4.14690e+01  9.86859e-01  9.97867e-01  -7.21954e-04  9.96423e-01  9.98589e-01
4.15737e+01  9.89349e-01  9.98487e-01  -4.48483e-04  9.97590e-01  9.98936e-01
4.16785e+01  9.91944e-01  9.99137e-01  -1.67498e-04  9.98802e-01  9.99304e-01
4.17832e+01  9.94615e-01  9.99769e-01  1.07872e-04  9.99985e-01  9.99661e-01
4.18879e+01  9.97333e-01  1.00042e+00  3.84348e-04  1.00118e+00  1.00003e+00
4.19926e+01  1.00007e+00  1.00103e+00  6.48873e-04  1.00233e+00  1.00038e+00
4.20973e+01  1.00279e+00  1.00165e+00  9.08248e-04  1.00346e+00  1.00074e+00
4.22021e+01  1.00546e+00  1.00221e+00  1.14965e-03  1.00451e+00  1.00106e+00
4.23068e+01  1.00805e+00  1.00277e+00  1.38012e-03  1.00553e+00  1.00139e+00
4.24115e+01  1.01054e+00  1.00327e+00  1.58722e-03  1.00644e+00  1.00168e+00
4.25162e+01  1.01290e+00  1.00374e+00  1.77838e-03  1.00730e+00  1.00196e+00
4.26209e+01  1.01509e+00  1.00415e+00  1.94172e-03  1.00803e+00  1.00220e+00
4.27257e+01  1.01709e+00  1.00452e+00  2.08518e-03  1.00869e+00  1.00243e+00
4.28304e+01  1.01888e+00  1.00481e+00  2.19755e-03  1.00920e+00  1.00261e+00
4.29351e+01  1.02043e+00  1.00506e+00  2.28738e-03  1.00964e+00  1.00277e+00
4.30398e+01  1.02174e+00  1.00523e+00  2.34425e-03  1.00992e+00  1.00289e+00
4.31445e+01  1.02278e+00  1.00536e+00  2.37735e-03  1.01012e+00  1.00298e+00
4.32493e+01  1.02355e+00  1.00541e+00  2.37711e-03  1.01016e+00  1.00303e+00
4.33540e+01  1.02404e+00  1.00541e+00  2.35335e-03  1.01011e+00  1.00305e+00
4.34587e+01  1.02423e+00  1.00532e+00  2.29735e-03  1.00992e+00  1.00303e+00
4.35634e+01  1.02415e+00  1.00520e+00  2.21953e-03  1.00964e+00  1.00298e+00
4.36681e+01  1.02378e+00  1.00500e+00  2.11195e-03  1.00922e+00  1.00289e+00
4.37729e+01  1.02313e+00  1.00476e+00  1.98554e-03  1.00873e+00  1.00278e+00
4.38776e+01  1.02223e+00  1.00446e+00  1.83305e-03  1.00812e+00  1.00262e+00
4.39823e+01  1.02107e+00  1.00412e+00  1.66577e-03  1.00745e+00  1.00245e+00
4.40870e+01  1.01968e+00  1.00372e+00  1.47704e-03  1.00668e+00  1.00225e+00
4.41917e+01  1.01808e+00  1.00331e+00  1.27835e-03  1.00587e+00  1.00203e+00
4.42965e+01  1.01630e+00  1.00285e+00  1.06348e-03  1.00497e+00  1.00178e+00
4.44012e+01  1.01434e+00  1.00237e+00  8.43973e-04  1.00406e+00  1.00153e+00
4.45059e+01  1.01225e+00  1.00187e+00  6.13867e-04  1.00309e+00  1.00125e+00
4.46106e+01  1.01004e+00  1.00136e+00  3.84617e-04  1.00213e+00  1.00098e+00
4.47153e+01  1.00775e+00  1.00083e+00  1.50386e-04  1.00113e+00  1.00068e+00
4.48201e+01  1.00540e+00  1.00032e+00  -7.76119e-05  1.00017e+00  1.00040e+00
4.49248e+01  1.00301e+00  9.99797e-01  -3.05217e-04  9.99187e-01  1.00010e+00
4.50295e+01  1.00063e+00  9.99300e-01  -5.21575e-04  9.98257e-01  9.99822e-01
4.51342e+01  9.98269e-01  9.98803e-01  -7.32640e-04  9.97338e-01  9.99536e-01
4.52389e+01  9.95958e-01  9.98344e-01  -9.28006e-04  9.96488e-01  9.99272e-01
4.53437e+01  9.93722e-01  9.97894e-01  -1.11383e-03  9.95667e-01  9.99008e-01
4.54484e+01  9.91583e-01  9.97492e-01  -1.28022e-03  9.94931e-01  9.98772e-01
4.55531e+01  9.89564e-01  9.97108e-01  -1.43361e-03  9.94240e-01  9.98541e-01
4.56578e+01  9.87684e-01  9.96778e-01  -1.56465e-03  9.93649e-01  9.98343e-01
4.57625e+01  9.85962e-01  9.96474e-01  -1.68009e-03  9.93114e-01  9.98154e-01
4.58673e+01  9.84414e-01  9.96230e-01  -1.77116e-03  9.92688e-01  9.98001e-01
4.59720e+01  9.83053e-01  9.96016e-01  -1.84494e-03  9.92326e-01  9.97861e-01
4.60767e+01  9.81891e-01  9.95866e-01  -1.89325e-03  9.92079e-01  9.97759e-01
4.61814e+01  9.80940e-01  9.95749e-01  -1.92352e-03  9.91902e-01  9.97672e-01
4.62861e+01  9.80205e-01  9.95696e-01  -1.92813e-03  9.91840e-01  9.97624e-01
4.63909e+01  9.79692e-01  9.95677e-01  -1.91487e-03  9.91847e-01  9.97592e-01
4.64956e+01  9.79405e-01  9.95722e-01  -1.87663e-03  9.91968e-01  9.97598e-01
4.66003e+01  9.79343e-01  9.95799e-01  -1.82159e-03  9.92155e-01  9.97620e-01
4.67050e+01  9.79507e-01  9.95937e-01  -1.74311e-03  9.92450e-01  9.97680e-01
4.68097e+01  9.79893e-01  9.96103e-01  -1.64970e-03  9.92804e-01  9.97753e-01
4.69145e+01  9.80494e-01  9.96326e-01  -1.53517e-03  9.93256e-01  9.97861e-01
4.70192e+01  9.81304e-01  9.96573e-01  -1.40833e-03  9.93756e-01  9.97981e-01
4.71239e+01  9.82312e-01  9.96869e-01  -1.26339e-03  9.94342e-01  9.98132e-01
4.72286e+01  9.83506e-01  9.97182e-01  -1.10938e-03  9.94963e-01  9.98292e-01
4.73333e+01  9.84874e-01  9.97537e-01  -9.40860e-04  9.95656e-01  9.98478e-01
4.74380e+01  9.86400e-01  9.97901e-01  -7.67055e-04  9.96367e-01  9.98668e-01
4.75428e+01  9.88067e-01  9.98299e-01  -5.82746e-04  9.97133e-01  9.98881e-01
4.76475e+01  9.89857e-01  9.98696e-01  -3.97292e-04  9.97901e-01  9.99093e-01
4.77522e+01  9.91749e-01  9.99117e-01  -2.05627e-04  9.98706e-01  9.99322e-01
4.78569e+01  9.93723e-01  9.99528e-01  -1.71443e-05  9.99494e-01  9.99545e-01
4.79616e+01  9.95757e-01  9.99954e-01  1.73164e-04  1.00030e+00  9.99781e-01
4.80664e+01  9.97828e-01  1.00036e+00  3.55968e-04  1.00107e+00  1.00000e+00
4.81711e+01  9.99913e-01  1.00077e+00  5.36316e-04  1.00184e+00  1.00024e+00
4.82758e+01  1.00199e+00  1.00115e+00  7.05046e-04  1.00256e+00  1.00045e+00
4.83805e+01  1.00403e+00  1.00153e+00  8.67345e-04  1.00327e+00  1.00067e+00
4.84852e+01  1.00602e+00  1.00187e+00  1.01432e-03  1.00390e+00  1.00086e+00
4.85900e+01  1.00792e+00  1.00220e+00  1.15139e-03  1.00451e+00  1.00105e+00
4.86947e+01  1.00973e+00  1.00249e+00  1.27004e-03  1.00503e+00  1.00122e+00
4.87994e+01  1.01141e+00  1.00276e+00  1.37600e-03  1.00551e+00  1.00138e+00
4.89041e+01  1.01295e+00  1.00298e+00  1.46118e-03  1.00590e+00  1.00152e+00
4.90088e+01  1.01434e+00  1.00317e+00  1.53172e-03  1.00623e+00  1.00164e+00
4.91136e+01  1.01555e+00  1.00331e+00  1.58002e-03  1.00647e+00  1.00173e+00
4.92183e+01  1.01657e+00  1.00343e+00  1.61263e-03  1.00665e+00  1.00181e+00
4.93230e+01  1.01739e+00  1.00349e+00  1.62250e-03  1.00673e+00  1.00187e+00
4.94277e+01  1.01801e+00  1.00352e+00  1.61660e-03  1.00675e+00  1.00190e+00
4.95324e+01  1.01841e+00  1.00350e+00  1.58844e-03  1.00667e+00  1.00191e+00
4.96372e+01  1.01860e+00  1.00345e+00  1.54536e-03  1.00654e+00  1.00190e+00
4.97419e+01  1.01857e+00  1.00335e+00  1.48141e-03  1.00631e+00  1.00187e+00
4.98466e+01  1.01833e+00  1.00322e+00  1.40429e-03  1.00603e+00  1.00182e+00
4.99513e+01  1.01787e+00  1.00305e+00  1.30852e-03  1.00567e+00  1.00174e+00
5.00560e+01  1.01722e+00  1.00286e+00  1.20206e-03  1.00526e+00  1.00166e+00
5.01608e+01  1.01637e+00  1.00262e+00  1.07984e-03  1.00478e+00  1.00154e+00
5.02655e+01  1.01534e+00  1.00237e+00  9.50011e-04  1.00427e+00  1.00142e+00
5.03702e+01  1.01414e+00  1.00209e+00  8.07821e-04  1.00370e+00  1.00128e+00
5.04749e+01  1.01280e+00  1.00180e+00  6.61512e-04  1.00312e+00  1.00114e+00
5.05796e+01  1.01132e+00  1.00148e+00  5.06542e-04  1.00249e+00  1.00097e+00
5.06844e+01  1.00973e+00  1.00116e+00  3.51142e-04  1.00186e+00  1.00081e+00
5.07891e+01  1.00804e+00  1.00082e+00  1.90897e-04  1.00120e+00  1.00063e+00
5.08938e+01  1.00629e+00  1.00049e+00  3.39285e-05  1.00056e+00  1.00045e+00
5.09985e+01  1.00448e+00  1.00014e+00  -1.24148e-04  9.99896e-01  1.00027e+00
5.11032e+01  1.00264e+00  9.99817e-01  -2.75403e-04  9.99266e-01  1.00009e+00
5.12080e+01  1.00079e+00  9.99485e-01  -4.24273e-04  9.98637e-01  9.99910e-01
5.13127e+01  9.98951e-01  9.99177e-01  -5.63095e-04  9.98051e-01  9.99740e-01
5.14174e+01  9.97145e-01  9.98871e-01  -6.96424e-04  9.97478e-01  9.99567e-01
5.15221e+01  9.95390e-01  9.98594e-01  -8.16922e-04  9.96960e-01  9.99411e-01
5.16268e+01  9.93705e-01  9.98326e-01  -9.29321e-04  9.96468e-01  9.99256e-01
5.17316e+01  9.92107e-01  9.98093e-01  -1.02664e-03  9.96040e-01  9.99120e-01
5.18363e+01  9.90613e-01  9.97874e-01  -1.11385e-03  9.95646e-01  9.98988e-01
5.19410e+01  9.89238e-01  9.97694e-01  -1.18433e-03  9.95325e-01  9.98878e-01
5.20457e+01  9.87995e-01  9.97531e-01  -1.24331e-03  9.95044e-01  9.98774e-01
5.21504e+01  9.86896e-01  9.97410e-01  -1.28459e-03  9.94841e-01  9.98694e-01
5.22552e+01  9.85950e-01  9.97308e-01  -1.31363e-03  9.94681e-01  9.98622e-01
5.23599e+01  9.85167e-01  9.97250e-01  -1.32464e-03  9.94601e-01  9.98575e-01
5.24646e+01  9.84554e-01  9.97212e-01  -1.32335e-03  9.94565e-01  9.98536e-01
5.25693e+01  9.84114e-01  9.97218e-01  -1.30436e-03  9.94609e-01  9.98522e-01
5.26740e+01  9.83852e-01  9.97243e-01  -1.27366e-03  9.94696e-01  9.98517e-01
5.27788e+01  9.83769e-01  9.97310e-01  -1.22620e-03  9.94858e-01  9.98536e-01
5.28835e+01  9.83863e-01  9.97395e-01  -1.16821e-03  9.95059e-01  9.98564e-01
5.29882e+01  9.84133e-01  9.97520e-01  -1.09498e-03  9.95330e-01  9.98615e-01
5.30929e+01  9.84575e-01  9.97659e-01  -1.01297e-03  9.95633e-01  9.98672e-01
5.31976e+01  9.85184e-01  9.97834e-01  -9.17731e-04  9.95999e-01  9.98752e-01
5.33024e+01  9.85950e-01  9.98020e-01  -8.15903e-04  9.96388e-01  9.98836e-01
5.34071e+01  9.86867e-01  9.98236e-01  -7.03296e-04  9.96830e-01  9.98939e-01
5.35118e+01  9.87922e-01  9.98458e-01  -5.86667e-04  9.97285e-01  9.99045e-01
5.36165e+01  9.89105e-01  9.98705e-01  -4.62013e-04  9.97781e-01  9.99168e-01
5.37212e+01  9.90402e-01  9.98953e-01  -3.36169e-04  9.98281e-01  9.99289e-01
5.38260e+01  9.91798e-01  9.99219e-01  -2.05251e-04  9.98809e-01  9.99425e-01
5.39307e+01  9.93277e-01  9.99480e-01  -7.61100e-05  9.99328e-01  9.99556e-01
5.40354e+01  9.94825e-01  9.99754e-01  5.50844e-05  9.99864e-01  9.99699e-01
5.41401e+01  9.96422e-01  1.00002e+00  1.81530e-04  1.00038e+00  9.99834e-01
5.42448e+01  9.98051e-01  1.00028e+00  3.07074e-04  1.00090e+00  9.99976e-01
5.43496e+01  9.99694e-01  1.00053e+00  4.25031e-04  1.00138e+00  1.00011e+00
5.44543e+01  1.00133e+00  1.00079e+00  5.39332e-04  1.00186e+00  1.00025e+00
5.45590e+01  1.00295e+00  1.00101e+00  6.43477e-04  1.00230e+00  1.00037e+00
5.46637e+01  1.00452e+00  1.00124e+00  7.41540e-04  1.00272e+00  1.00049e+00
5.47684e+01  1.00604e+00  1.00143e+00  8.27269e-04  1.00309e+00  1.00060e+00
5.48732e+01  1.00748e+00  1.00162e+00  9.04937e-04  1.00343e+00  1.00071e+00
5.49779e+01  1.00882e+00  1.00177e+00  9.68590e-04  1.00371e+00  1.00080e+00
5.50826e+01  1.01006e+00  1.00192e+00  1.02274e-03  1.00396e+00  1.00089e+00
5.51873e+01  1.01118e+00  1.00202e+00  1.06178e-03  1.00415e+00  1.00096e+00
5.52920e+01  1.01216e+00  1.00212e+00  1.09047e-03  1.00430e+00  1.00103e+00
5.53968e+01  1.01300e+00  1.00217e+00  1.10358e-03  1.00438e+00  1.00107e+00
5.55015e+01  1.01368e+00  1.00221e+00  1.10614e-03  1.00443e+00  1.00111e+00
5.56062e+01  1.01420e+00  1.00222e+00  1.09328e-03  1.00441e+00  1.00113e+00
5.57109e+01  1.01456e+00  1.00221e+00  1.07032e-03  1.00435e+00  1.00114e+00
5.58156e+01  1.01474e+00  1.00216e+00  1.03272e-03  1.00423e+00  1.00113e+00
5.59203e+01  1.01476e+00  1.00210e+00  9.86033e-04  1.00408e+00  1.00112e+00
5.60251e+01  1.01460e+00  1.00201e+00  9.26065e-04  1.00386e+00  1.00108e+00
5.61298e+01  1.01428e+00  1.00191e+00  8.58568e-04  1.00362e+00  1.00105e+00
5.62345e+01  1.01380e+00  1.00177e+00  7.79618e-04  1.00333e+00  1.00099e+00
5.63392e+01  1.01316e+00  1.00163e+00  6.95116e-04  1.00302e+00  1.00093e+00
5.64439e+01  1.01238e+00  1.00146e+00  6.01368e-04  1.00266e+00  1.00086e+00
5.65487e+01  1.01146e+00  1.00129e+00  5.04355e-04  1.00230e+00  1.00078e+00
5.66534e+01  1.01043e+00  1.00109e+00  4.00553e-04  1.00190e+00  1.00069e+00
5.67581e+01  1.00928e+00  1.00090e+00  2.95959e-04  1.00149e+00  1.00060e+00
5.68628e+01  1.00803e+00  1.00069e+00  1.87152e-04  1.00107e+00  1.00050e+00
5.69675e+01  1.00671e+00  1.00049e+00  8.00850e-05  1.00065e+00  1.00041e+00
5.70723e+01  1.00533e+00  1.00027e+00  -2.86227e-05  1.00021e+00  1.00030e+00
5.71770e+01  1.00389e+00  1.00006e+00  -1.33127e-04  9.99798e-01  1.00020e+00
5.72817e+01  1.00243e+00  9.99853e-01  -2.36825e-04  9.99379e-01  1.00009e+00
5.73864e+01  1.00095e+00  9.99655e-01  -3.34034e-04  9.98987e-01  9.99989e-01
5.74911e+01  9.99477e-01  9.99456e-01  -4.28219e-04  9.98600e-01  9.99884e-01
5.75959e+01  9.98023e-01  9.99276e-01  -5.13904e-04  9.98248e-01  9.99790e-01
5.77006e+01  9.96604e-01  9.99098e-01  -5.94666e-04  9.97909e-01  9.99693e-01
5.78053e+01  9.95236e-01  9.98943e-01  -6.65269e-04  9.97612e-01  9.99608e-01
5.79100e+01  9.93933e-01  9.98793e-01  -7.29436e-04  9.97334e-01  9.99523e-01
5.80147e+01  9.92709e-01  9.98669e-01  -7.82195e-04  9.97104e-01  9.99451e-01
5.81195e+01  9.91577e-01  9.98553e-01  -8.27440e-04  9.96898e-01  9.99380e-01
5.82242e+01  9.90547e-01  9.98464e-01  -8.60475e-04  9.96743e-01  9.99325e-01
5.83289e+01  9.89630e-01  9.98386e-01  -8.85377e-04  9.96615e-01  9.99271e-01
5.84336e+01  9.88835e-01  9.98336e-01  -8.97734e-04  9.96540e-01  9.99233e-01
5.85383e+01  9.88168e-01  9.98297e-01  -9.01811e-04  9.96493e-01  9.99198e-01
5.86431e+01  9.87637e-01  9.98286e-01  -8.93471e-04  9.96499e-01  9.99179e-01
5.87478e+01  9.87246e-01  9.98286e-01  -8.77163e-04  9.96532e-01  9.99164e-01
5.88525e+01  9.86998e-01  9.98315e-01  -8.49010e-04  9.96617e-01  9.99164e-01
5.89572e+01  9.86894e-01  9.98353e-01  -8.13635e-04  9.96726e-01  9.99167e-01
5.90619e+01  9.86934e-01  9.98418e-01  -7.67399e-04  9.96883e-01  9.99185e-01
5.91667e+01  9.87118e-01  9.98491e-01  -7.15076e-04  9.97060e-01  9.99206e-01
5.92714e+01  9.87442e-01  9.98588e-01  -6.53237e-04  9.97281e-01  9.99241e-01
5.93761e+01  9.87902e-01  9.98691e-01  -5.86780e-04  9.97517e-01  9.99278e-01
5.94808e+01  9.88492e-01  9.98815e-01  -5.12450e-04  9.97790e-01  9.99328e-01
5.95855e+01  9.89206e-01  9.98943e-01  -4.35234e-04  9.98072e-01  9.99378e-01
5.96903e+01  9.90035e-01  9.99088e-01  -3.52013e-04  9.98384e-01  9.99440e-01
5.97950e+01  9.90970e-01  9.99233e-01  -2.67824e-04  9.98697e-01  9.99501e-01
5.98997e+01  9.91999e-01  9.99392e-01  -1.79638e-04  9.99033e-01  9.99572e-01
6.00044e+01  9.93113e-01  9.99547e-01  -9.24991e-05  9.99362e-01  9.99640e-01
6.01091e+01  9.94297e-01  9.99713e-01  -3.42259e-06  9.99706e-01  9.99716e-01
6.02139e+01  9.95539e-01  9.99871e-01  8.25854e-05  1.00004e+00  9.99788e-01
6.03186e+01  9.96825e-01  1.00004e+00  1.68512e-04  1.00037e+00  9.99867e-01
6.04233e+01  9.98141e-01  1.00019e+00  2.49437e-04  1.00069e+00  9.99939e-01
6.05280e+01  9.99471e-01  1.00034e+00  3.28394e-04  1.00100e+00  1.00002e+00
6.06327e+01  1.00080e+00  1.00049e+00  4.00590e-04  1.00129e+00  1.00009e+00
6.07375e+01  1.00212e+00  1.00063e+00  4.69150e-04  1.00157e+00  1.00016e+00
6.08422e+01  1.00340e+00  1.00075e+00  5.29450e-04  1.00181e+00  1.00022e+00
6.09469e+01  1.00464e+00  1.00087e+00  5.84738e-04  1.00204e+00  1.00029e+00
6.10516e+01  1.00583e+00  1.00097e+00  6.30593e-04  1.00223e+00  1.00034e+00
6.11563e+01  1.00694e+00  1.00107e+00  6.70416e-04  1.00241e+00  1.00040e+00
6.12611e+01  1.00796e+00  1.00114e+00  7.00012e-04  1.00254e+00  1.00044e+00
6.13658e+01  1.00889e+00  1.00121e+00  7.22954e-04  1.00265e+00  1.00049e+00
6.14705e+01  1.00972e+00  1.00125e+00  7.35287e-04  1.00272e+00  1.00052e+00
6.15752e+01  1.01043e+00  1.00129e+00  7.40763e-04  1.00277e+00  1.00055e+00
6.16799e+01  1.01102e+00  1.00130e+00  7.35674e-04  1.00277e+00  1.00057e+00
6.17847e+01  1.01148e+00  1.00131e+00  7.23943e-04  1.00276e+00  1.00058e+00
6.18894e+01  1.01180e+00  1.00129e+00  7.02103e-04  1.00269e+00  1.00059e+00
6.19941e+01  1.01199e+00  1.00127e+00  6.74237e-04  1.00261e+00  1.00059e+00
6.20988e+01  1.01204e+00  1.00122e+00  6.37098e-04  1.00249e+00  1.00058e+00
6.22035e+01  1.01195e+00  1.00117e+00  5.94901e-04  1.00236e+00  1.00057e+00
6.23083e+01  1.01173e+00  1.00110e+00  5.44598e-04  1.00219e+00  1.00055e+00
6.24130e+01  1.01137e+00  1.00102e+00  4.90503e-04  1.00200e+00  1.00053e+00
6.25177e+01  1.01089e+00  1.00093e+00  4.29728e-04  1.00179e+00  1.00050e+00
6.26224e+01  1.01029e+00  1.00084e+00  3.66650e-04  1.00157e+00  1.00047e+00
6.27271e+01  1.00957e+00  1.00073e+00  2.98505e-04  1.00133e+00  1.00043e+00
6.28319e+01  1.00875e+00  1.00062e+00  2.29688e-04  1.00108e+00  1.00039e+00
6.29366e+01  1.00784e+00  1.00050e+00  1.57516e-04  1.00082e+00  1.00035e+00
6.30413e+01  1.00685e+00  1.00039e+00  8.63612e-05  1.00056e+00  1.00030e+00
6.31460e+01  1.00579e+00  1.00026e+00  1.35786e-05  1.00029e+00  1.00025e+00
6.32507e+01  1.00467e+00  1.00015e+00  -5.65213e-05  1.00003e+00  1.00020e+00
6.33555e+01  1.00351e+00  1.00002e+00  -1.26587e-04  9.99769e-01  1.00015e+00
6.34602e+01  1.00231e+00  9.99908e-01  -1.92408e-04  9.99523e-01  1.00010e+00
6.35649e+01  1.00111e+00  9.99791e-01  -2.56672e-04  9.99277e-01  1.00005e+00
6.36696e+01  9.99895e-01  9.99685e-01  -3.15301e-04  9.99054e-01  1.00000e+00
6.37743e+01  9.98695e-01  9.99579e-01  -3.71052e-04  9.98837e-01  9.99950e-01
6.38791e+01  9.97519e-01  9.99486e-01  -4.20006e-04  9.98646e-01  9.99906e-01
6.39838e+01  9.96380e-01  9.99395e-01  -4.65014e-04  9.98465e-01  9.99860e-01
6.40885e+01  9.95290e-01  9.99319e-01  -5.02335e-04  9.98315e-01  9.99822e-01
6.41932e+01  9.94261e-01  9.99247e-01  -5.34933e-04  9.98177e-01  9.99782e-01
6.42979e+01  9.93304e-01  9.99191e-01  -5.59257e-04  9.98072e-01  9.99750e-01
6.44026e+01  9.92428e-01  9.99139e-01  -5.78392e-04  9.97982e-01  9.99717e-01
6.45074e+01  9.91642e-01  9.99104e-01  -5.88983e-04  9.97926e-01  9.99693e-01
6.46121e+01  9.90954e-01  9.99074e-01  -5.94242e-04  9.97886e-01  9.99669e-01
6.47168e+01  9.90370e-01  9.99062e-01  -5.91006e-04  9.97880e-01  9.99653e-01
6.48215e+01  9.89897e-01  9.99054e-01  -5.82609e-04  9.97889e-01  9.99637e-01
6.49262e+01  9.89538e-01  9.99064e-01  -5.66072e-04  9.97932e-01  9.99630e-01
6.50310e+01  9.89296e-01  9.99077e-01  -5.44846e-04  9.97988e-01  9.99622e-01
6.51357e+01  9.89173e-01  9.99107e-01  -5.16117e-04  9.98075e-01  9.99623e-01
6.52404e+01  9.89171e-01  9.99140e-01  -4.83436e-04  9.98174e-01  9.99624e-01
6.53451e+01  9.89287e-01  9.99189e-01  -4.44137e-04  9.98301e-01  9.99633e-01
6.54498e+01  9.89521e-01  9.99239e-01  -4.01852e-04  9.98435e-01  9.99641e-01
6.55546e+01  9.89869e-01  9.99303e-01  -3.54038e-04  9.98595e-01  9.99657e-01
6.56593e+01  9.90327e-01  9.99367e-01  -3.04382e-04  9.98758e-01  9.99671e-01
6.57640e+01  9.90889e-01  9.99443e-01  -2.50436e-04  9.98942e-01  9.99693e-01
6.58687e+01  9.91548e-01  9.99517e-01  -1.95915e-04  9.99125e-01  9.99713e-01
6.59734e+01  9.92298e-01  9.99601e-01  -1.38437e-04  9.99324e-01  9.99740e-01
6.60782e+01  9.93130e-01  9.99682e-01  -8.17150e-05  9.99518e-01  9.99763e-01
6.61829e+01  9.94034e-01  9.99770e-01  -2.33995e-05  9.99723e-01  9.99793e-01
6.62876e+01  9.95000e-01  9.99852e-01  3.28280e-05  9.99918e-01  9.99819e-01
6.63923e+01  9.96017e-01  9.99940e-01  8.93147e-05  1.00012e+00  9.99851e-01
6.64970e+01  9.97074e-01  1.00002e+00  1.42442e-04  1.00031e+00  9.99879e-01
6.66018e+01  9.98160e-01  1.00011e+00  1.94584e-04  1.00049e+00  9.99911e-01
6.67065e+01  9.99261e-01  1.00018e+00  2.42214e-04  1.00066e+00  9.99938e-01
6.68112e+01  1.00037e+00  1.00026e+00  2.87760e-04  1.00083e+00  9.99969e-01
6.69159e+01  1.00146e+00  1.00032e+00  3.27812e-04  1.00098e+00  9.99995e-01
6.70206e+01  1.00254e+00  1.00039e+00  3.64876e-04  1.00112e+00  1.00002e+00
6.71254e+01  1.00358e+00  1.00044e+00  3.95678e-04  1.00123e+00  1.00005e+00
6.72301e+01  1.00458e+00  1.00050e+00  4.22818e-04  1.00134e+00  1.00007e+00
6.73348e+01  1.00552e+00  1.00054e+00  4.43175e-04  1.00142e+00  1.00009e+00
6.74395e+01  1.00639e+00  1.00058e+00  4.59456e-04  1.00149e+00  1.00012e+00
6.75442e+01  1.00719e+00  1.00060e+00  4.68700e-04  1.00154e+00  1.00013e+00
6.76490e+01  1.00791e+00  1.00062e+00  4.73724e-04  1.00157e+00  1.00015e+00
6.77537e+01  1.00853e+00  1.00063e+00  4.71731e-04  1.00158e+00  1.00016e+00
6.78584e+01  1.00905e+00  1.00064e+00  4.65644e-04  1.00157e+00  1.00018e+00
6.79631e+01  1.00946e+00  1.00064e+00  4.52825e-04  1.00154e+00  1.00018e+00
6.80678e+01  1.00977e+00  1.00063e+00  4.36295e-04  1.00150e+00  1.00019e+00
6.81726e+01  1.00996e+00  1.00061e+00  4.13563e-04  1.00144e+00  1.00020e+00
6.82773e+01  1.01004e+00  1.00059e+00  3.87733e-04  1.00137e+00  1.00020e+00
6.83820e+01  1.01001e+00  1.00056e+00  3.56442e-04  1.00127e+00  1.00020e+00
6.84867e+01  1.00986e+00  1.00053e+00  3.22856e-04  1.00117e+00  1.00020e+00
6.85914e+01  1.00960e+00  1.00048e+00  2.84722e-04  1.00105e+00  1.00020e+00
6.86962e+01  1.00923e+00  1.00044e+00  2.45242e-04  1.00093e+00  1.00020e+00
6.88009e+01  1.00876e+00  1.00039e+00  2.02246e-04  1.00080e+00  1.00019e+00
6.89056e+01  1.00820e+00  1.00034e+00  1.58948e-04  1.00066e+00  1.00018e+00
6.90103e+01  1.00754e+00  1.00029e+00  1.13233e-04  1.00051e+00  1.00017e+00
6.91150e+01  1.00681e+00  1.00023e+00  6.82979e-05  1.00037e+00  1.00017e+00
6.92198e+01  1.00600e+00  1.00018e+00  2.20571e-05  1.00022e+00  1.00015e+00
6.93245e+01  1.00513e+00  1.00012e+00  -2.23342e-05  1.00008e+00  1.00015e+00
6.94292e+01  1.00421e+00  1.00007e+00  -6.69606e-05  9.99932e-01  1.00013e+00
6.95339e+01  1.00325e+00  1.00001e+00  -1.08734e-04  9.99797e-01  1.00012e+00
6.96386e+01  1.00226e+00  9.99959e-01  -1.49760e-04  9.99660e-01  1.00011e+00
6.97434e+01  1.00125e+00  9.99912e-01  -1.87040e-04  9.99538e-01  1.00010e+00
6.98481e+01  1.00024e+00  9.99863e-01  -2.22722e-04  9.99417e-01  1.00009e+00
6.99528e+01  9.99224e-01  9.99822e-01  -2.53912e-04  9.99314e-01  1.00008e+00
7.00575e+01  9.98229e-01  9.99779e-01  -2.82818e-04  9.99214e-01  1.00006e+00
7.01622e+01  9.97260e-01  9.99746e-01  -3.06665e-04  9.99133e-01  1.00005e+00
7.02670e+01  9.96328e-01  9.99712e-01  -3.27730e-04  9.99057e-01  1.00004e+00
7.03717e+01  9.95444e-01  9.99688e-01  -3.43366e-04  9.99001e-01  1.00003e+00
7.04764e+01  9.94616e-01  9.99663e-01  -3.55928e-04  9.98952e-01  1.00002e+00
7.05811e+01  9.93853e-01  9.99649e-01  -3.62899e-04  9.98923e-01  1.00001e+00
7.06858e+01  9.93163e-01  9.99634e-01  -3.66711e-04  9.98900e-01  1.00000e+00
7.07906e+01  9.92553e-01  9.99628e-01  -3.64977e-04  9.98898e-01  9.99993e-01
7.08953e+01  9.92029e-01  9.99623e-01  -3.60206e-04  9.98903e-01  9.99983e-01
7.10000e+01  9.91596e-01  9.99627e-01  -3.50132e-04  9.98927e-01  9.99977e-01
7.11047e+01  9.91259e-01  9.99630e-01  -3.37334e-04  9.98956e-01  9.99968e-01
7.12094e+01  9.91019e-01  9.99642e-01  -3.19656e-04  9.99003e-01  9.99962e-01
7.13142e+01  9.90880e-01  9.99654e-01  -2.99737e-04  9.99054e-01  9.99953e-01
7.14189e+01  9.90843e-01  9.99673e-01  -2.75517e-04  9.99122e-01  9.99949e-01
7.15236e+01  9.90906e-01  9.99691e-01  -2.49680e-04  9.99192e-01  9.99941e-01
7.16283e+01  9.91069e-01  9.99716e-01  -2.20247e-04  9.99276e-01  9.99936e-01
7.17330e+01  9.91329e-01  9.99739e-01  -1.89928e-04  9.99359e-01  9.99929e-01
7.18378e+01  9.91685e-01  9.99768e-01  -1.56806e-04  9.99454e-01  9.99925e-01
7.19425e+01  9.92130e-01  9.99794e-01  -1.23599e-04  9.99547e-01  9.99918e-01
7.20472e+01  9.92660e-01  9.99825e-01  -8.84341e-05  9.99649e-01  9.99914e-01
7.21519e+01  9.93268e-01  9.99853e-01  -5.40163e-05  9.99745e-01  9.99907e-01
7.22566e+01  9.93949e-01  9.99885e-01  -1.84928e-05  9.99848e-01  9.99904e-01
7.23614e+01  9.94694e-01  9.99913e-01  1.54605e-05  9.99944e-01  9.99897e-01
7.24661e+01  9.95494e-01  9.99944e-01  4.96954e-05  1.00004e+00  9.99894e-01
7.25708e+01  9.96342e-01  9.99970e-01  8.15861e-05  1.00013e+00  9.99888e-01
7.26755e+01  9.97226e-01  9.99999e-01  1.13001e-04  1.00023e+00  9.99886e-01
7.27802e+01  9.98139e-01  1.00002e+00  1.41382e-04  1.00030e+00  9.99881e-01
7.28849e+01  9.99068e-01  1.00005e+00  1.68630e-04  1.00038e+00  9.99879e-01
7.29897e+01  1.00000e+00  1.00007e+00  1.92268e-04  1.00045e+00  9.99875e-01
7.30944e+01  1.00094e+00  1.00009e+00  2.14244e-04  1.00052e+00  9.99874e-01
7.31991e+01  1.00186e+00  1.00010e+00  2.32175e-04  1.00057e+00  9.99870e-01
7.33038e+01  1.00275e+00  1.00012e+00  2.48063e-04  1.00062e+00  9.99871e-01
7.34085e+01  1.00361e+00  1.00013e+00  2.59626e-04  1.00065e+00  9.99869e-01
7.35133e+01  1.00443e+00  1.00014e+00  2.68928e-04  1.00068e+00  9.99871e-01
7.36180e+01  1.00519e+00  1.00014e+00  2.73791e-04  1.00069e+00  9.99871e-01
7.37227e+01  1.00589e+00  1.00015e+00  2.76343e-04  1.00070e+00  9.99874e-01
7.38274e+01  1.00652e+00  1.00015e+00  2.74509e-04  1.00070e+00  9.99876e-01
7.39321e+01  1.00708e+00  1.00015e+00  2.70476e-04  1.00069e+00  9.99882e-01
7.40369e+01  1.00755e+00  1.00015e+00  2.62269e-04  1.00067e+00  9.99885e-01
7.41416e+01  1.00794e+00  1.00015e+00  2.52127e-04  1.00065e+00  9.99893e-01
7.42463e+01  1.00823e+00  1.00014e+00  2.38168e-04  1.00061e+00  9.99900e-01
7.43510e+01  1.00843e+00  1.00013e+00  2.22671e-04  1.00058e+00  9.99910e-01
7.44557e+01  1.00854e+00  1.00012e+00  2.03833e-04  1.00053e+00  9.99918e-01
7.45605e+01  1.00854e+00  1.00011e+00  1.83964e-04  1.00048e+00  9.99931e-01
7.46652e+01  1.00845e+00  1.00010e+00  1.61325e-04  1.00043e+00  9.99941e-01
7.47699e+01  1.00827e+00  1.00009e+00  1.38240e-04  1.00037e+00  9.99956e-01
7.48746e+01  1.00799e+00  1.00008e+00  1.13020e-04  1.00031e+00  9.99969e-01
7.49793e+01  1.00763e+00  1.00007e+00  8.79850e-05  1.00025e+00  9.99985e-01
7.50841e+01  1.00717e+00  1.00006e+00  6.14779e-05  1.00018e+00  1.00000e+00
7.51888e+01  1.00665e+00  1.00005e+00  3.58001e-05  1.00013e+00  1.00002e+00
7.52935e+01  1.00605e+00  1.00004e+00  9.31031e-06  1.00006e+00  1.00003e+00
7.53982e+01  1.00538e+00  1.00004e+00  -1.57257e-05  1.00001e+00  1.00005e+00
7.55029e+01  1.00466e+00  1.00003e+00  -4.09496e-05  9.99946e-01  1.00007e+00
7.56077e+01  1.00389e+00  1.00002e+00  -6.41455e-05  9.99896e-01  1.00009e+00
7.57124e+01  1.00308e+00  1.00002e+00  -8.69694e-05  9.99843e-01  1.00010e+00
7.58171e+01  1.00225e+00  1.00002e+00  -1.07268e-04  9.99801e-01  1.00012e+00
7.59218e+01  1.00139e+00  1.00001e+00  -1.26723e-04  9.99758e-01  1.00014e+00
7.60265e+01  1.00052e+00  1.00001e+00  -1.43255e-04  9.99726e-01  1.00016e+00
7.61313e+01  9.99653e-01  1.00001e+00  -1.58579e-04  9.99694e-01  1.00017e+00
7.62360e+01  9.98794e-01  1.00001e+00  -1.70694e-04  9.99673e-01  1.00018e+00
7.63407e+01  9.97954e-01  1.00001e+00  -1.81359e-04  9.99652e-01  1.00020e+00
7.64454e+01  9.97142e-01  1.00002e+00  -1.88654e-04  9.99642e-01  1.00021e+00
7.65501e+01  9.96366e-01  1.00002e+00  -1.94382e-04  9.99633e-01  1.00022e+00
7.66549e+01  9.95636e-01  1.00003e+00  -1.96705e-04  9.99635e-01  1.00022e+00
7.67596e+01  9.94958e-01  1.00003e+00  -1.97469e-04  9.99636e-01  1.00023e+00
7.68643e+01  9.94340e-01  1.00004e+00  -1.94918e-04  9.99649e-01  1.00023e+00
7.69690e+01  9.93787e-01  1.00004e+00  -1.90937e-04  9.99660e-01  1.00023e+00
7.70737e+01  9.93307e-01  1.00005e+00  -1.83845e-04  9.99681e-01  1.00023e+00
7.71785e+01  9.92903e-01  1.00005e+00  -1.75558e-04  9.99700e-01  1.00023e+00
7.72832e+01  9.92579e-01  1.00006e+00  -1.64463e-04  9.99729e-01  1.00022e+00
7.73879e+01  9.92339e-01  1.00006e+00  -1.52502e-04  9.99754e-01  1.00021e+00
7.74926e+01  9.92185e-01  1.00006e+00  -1.38117e-04  9.99787e-01  1.00020e+00
7.75973e+01  9.92117e-01  1.00006e+00  -1.23264e-04  9.99816e-01  1.00019e+00
7.77021e+01  9.92137e-01  1.00006e+00  -1.06430e-04  9.99852e-01  1.00017e+00
7.78068e+01  9.92243e-01  1.00006e+00  -8.95747e-05  9.99882e-01  1.00015e+00
7.79115e+01  9.92434e-01  1.00006e+00  -7.12181e-05  9.99918e-01  1.00013e+00
7.80162e+01  9.92708e-01  1.00005e+00  -5.33094e-05  9.99948e-01  1.00011e+00
7.81209e+01  9.93061e-01  1.00005e+00  -3.43890e-05  9.99981e-01  1.00008e+00
7.82257e+01  9.93490e-01  1.00004e+00  -1.63846e-05  1.00001e+00  1.00006e+00
7.83304e+01  9.93988e-01  1.00003e+00  2.15520e-06  1.00004e+00  1.00003e+00
7.84351e+01  9.94551e-01  1.00002e+00  1.93359e-05  1.00006e+00  1.00000e+00
7.85398e+01  9.95173e-01  1.00001e+00  3.66124e-05  1.00008e+00  9.99974e-01
7.86445e+01  9.95845e-01  9.99996e-01  5.21336e-05  1.00010e+00  9.99944e-01
7.87493e+01  9.96562e-01  9.99983e-01  6.73671e-05  1.00012e+00  9.99915e-01
7.88540e+01  9.97313e-01  9.99966e-01  8.05144e-05  1.00013e+00  9.99885e-01
7.89587e+01  9.98093e-01  9.99951e-01  9.30640e-05  1.00014e+00  9.99858e-01
7.90634e+01  9.98890e-01  9.99932e-01  1.03276e-04  1.00014e+00  9.99829e-01
7.91681e+01  9.99698e-01  9.99916e-01  1.12666e-04  1.00014e+00  9.99803e-01
7.92729e+01  1.00051e+00  9.99897e-01  1.19557e-04  1.00014e+00  9.99777e-01
7.93776e+01  1.00131e+00  9.99881e-01  1.25495e-04  1.00013e+00  9.99755e-01
7.94823e+01  1.00209e+00  9.99862e-01  1.28867e-04  1.00012e+00  9.99733e-01
7.95870e+01  1.00284e+00  9.99847e-01  1.31250e-04  1.00011e+00  9.99716e-01
7.96917e+01  1.00357e+00  9.99830e-01  1.31097e-04  1.00009e+00  9.99699e-01
7.97965e+01  1.00425e+00  9.99818e-01  1.30012e-04  1.00008e+00  9.99688e-01
7.99012e+01  1.00487e+00  9.99804e-01  1.26510e-04  1.00006e+00  9.99677e-01
8.00059e+01  1.00545e+00  9.99794e-01  1.22220e-04  1.00004e+00  9.99672e-01
8.01106e+01  1.00596e+00  9.99784e-01  1.15713e-04  1.00002e+00  9.99668e-01
8.02153e+01  1.00639e+00  9.99779e-01  1.08635e-04  9.99996e-01  9.99670e-01
8.03201e+01  1.00676e+00  9.99773e-01  9.96071e-05  9.99972e-01  9.99673e-01
8.04248e+01  1.00705e+00  9.99773e-01  9.02868e-05  9.99953e-01  9.99683e-01
8.05295e+01  1.00726e+00  9.99773e-01  7.93349e-05  9.99931e-01  9.99693e-01
8.06342e+01  1.00738e+00  9.99778e-01  6.84099e-05  9.99915e-01  9.99710e-01
8.07389e+01  1.00742e+00  9.99784e-01  5.62038e-05  9.99896e-01  9.99727e-01
8.08437e+01  1.00738e+00  9.99795e-01  4.43667e-05  9.99884e-01  9.99751e-01
8.09484e+01  1.00726e+00  9.99806e-01  3.16116e-05  9.99870e-01  9.99775e-01
8.10531e+01  1.00705e+00  9.99824e-01  1.95705e-05  9.99863e-01  9.99804e-01
8.11578e+01  1.00676e+00  9.99841e-01  6.96745e-06  9.99855e-01  9.99834e-01
8.12625e+01  1.00640e+00  9.99863e-01  -4.59320e-06  9.99854e-01  9.99868e-01
8.13672e+01  1.00597e+00  9.99886e-01  -1.63856e-05  9.99853e-01  9.99902e-01
8.14720e+01  1.00548e+00  9.99913e-01  -2.68413e-05  9.99860e-01  9.99940e-01
8.15767e+01  1.00493e+00  9.99940e-01  -3.72410e-05  9.99866e-01  9.99977e-01
8.16814e+01  1.00432e+00  9.99971e-01  -4.60589e-05  9.99879e-01  1.00002e+00
8.17861e+01  1.00367e+00  1.00000e+00  -5.45890e-05  9.99892e-01  1.00006e+00
8.18908e+01  1.00298e+00  1.00003e+00  -6.13537e-05  9.99912e-01  1.00010e+00
8.19956e+01  1.00226e+00  1.00007e+00  -6.76647e-05  9.99931e-01  1.00013e+00
8.21003e+01  1.00152e+00  1.00010e+00  -7.20962e-05  9.99957e-01  1.00017e+00
8.22050e+01  1.00077e+00  1.00013e+00  -7.59804e-05  9.99981e-01  1.00021e+00
8.23097e+01  1.00001e+00  1.00017e+00  -7.79443e-05  1.00001e+00  1.00025e+00
8.24144e+01  9.99256e-01  1.00020e+00  -7.93412e-05  1.00004e+00  1.00028e+00
8.25192e+01  9.98515e-01  1.00023e+00  -7.88502e-05  1.00007e+00  1.00031e+00
8.26239e+01  9.97794e-01  1.00026e+00  -7.78442e-05  1.00010e+00  1.00033e+00
8.27286e+01  9.97102e-01  1.00028e+00  -7.50516e-05  1.00013e+00  1.00036e+00
8.28333e+01  9.96445e-01  1.00031e+00  -7.18613e-05  1.00016e+00  1.00038e+00
8.29380e+01  9.95831e-01  1.00033e+00  -6.70464e-05  1.00019e+00  1.00040e+00
8.30428e+01  9.95267e-01  1.00034e+00  -6.20068e-05  1.00022e+00  1.00041e+00
8.31475e+01  9.94757e-01  1.00036e+00  -5.55542e-05  1.00025e+00  1.00042e+00
8.32522e+01  9.94308e-01  1.00037e+00  -4.90930e-05  1.00027e+00  1.00042e+00
8.33569e+01  9.93925e-01  1.00038e+00  -4.14663e-05  1.00029e+00  1.00042e+00
8.34616e+01  9.93609e-01  1.00038e+00  -3.40758e-05  1.00031e+00  1.00041e+00
8.35664e+01  9.93366e-01  1.00037e+00  -2.57879e-05  1.00032e+00  1.00040e+00
8.36711e+01  9.93197e-01  1.00037e+00  -1.79936e-05  1.00033e+00  1.00038e+00
8.37758e+01  9.93104e-01  1.00036e+00  -9.57513e-06  1.00034e+00  1.00037e+00
8.38805e+01  9.93087e-01  1.00034e+00  -1.90473e-06  1.00033e+00  1.00034e+00
8.39852e+01  9.93147e-01  1.00032e+00  6.12781e-06  1.00033e+00  1.00031e+00
8.40900e+01  9.93282e-01  1.00029e+00  1.31761e-05  1.00032e+00  1.00028e+00
8.41947e+01  9.93490e-01  1.00027e+00  2.03498e-05  1.00031e+00  1.00024e+00
8.42994e+01  9.93769e-01  1.00023e+00  2.63351e-05  1.00028e+00  1.00020e+00
8.44041e+01  9.94117e-01  1.00020e+00  3.22475e-05  1.00026e+00  1.00016e+00
8.45088e+01  9.94528e-01  1.00016e+00  3.68108e-05  1.00023e+00  1.00012e+00
8.46136e+01  9.94998e-01  1.00012e+00  4.11511e-05  1.00020e+00  1.00007e+00
8.47183e+01  9.95522e-01  1.00007e+00  4.40341e-05  1.00016e+00  1.00003e+00
8.48230e+01  9.96093e-01  1.00003e+00  4.65993e-05  1.00012e+00  9.99979e-01
8.49277e+01  9.96707e-01  9.99978e-01  4.76568e-05  1.00007e+00  9.99930e-01
8.50324e+01  9.97354e-01  9.99931e-01  4.83610e-05  1.00003e+00  9.99883e-01
8.51372e+01  9.98030e-01  9.99882e-01  4.75669e-05  9.99978e-01  9.99835e-01
8.52419e+01  9.98725e-01  9.99836e-01  4.64435e-05  9.99929e-01  9.99790e-01
8.53466e+01  9.99432e-01  9.99789e-01  4.38893e-05  9.99877e-01  9.99745e-01
8.54513e+01  1.00014e+00  9.99745e-01  4.10865e-05  9.99827e-01  9.99704e-01
8.55560e+01  1.00085e+00  9.99701e-01  3.69740e-05  9.99775e-01  9.99664e-01
8.56608e+01  1.00155e+00  9.99663e-01  3.27433e-05  9.99728e-01  9.99630e-01
8.57655e+01  1.00222e+00  9.99625e-01  2.73698e-05  9.99679e-01  9.99597e-01
8.58702e+01  1.00287e+00  9.99593e-01  2.20497e-05  9.99637e-01  9.99571e-01
8.59749e+01  1.00349e+00  9.99563e-01  1.57891e-05  9.99594e-01  9.99547e-01
8.60796e+01  1.00407e+00  9.99539e-01  9.78302e-06  9.99559e-01  9.99530e-01
8.61844e+01  1.00459e+00  9.99519e-01  3.06188e-06  9.99525e-01  9.99516e-01
8.62891e+01  1.00507e+00  9.99506e-01  -3.18696e-06  9.99499e-01  9.99509e-01
8.63938e+01  1.00548e+00  9.99496e-01  -9.91561e-06  9.99476e-01  9.99506e-01
8.64985e+01  1.00584e+00  9.99494e-01  -1.59512e-05  9.99462e-01  9.99510e-01
8.66032e+01  1.00612e+00  9.99496e-01  -2.22357e-05  9.99451e-01  9.99518e-01
8.67080e+01  1.00634e+00  9.99506e-01  -2.76173e-05  9.99450e-01  9.99533e-01
8.68127e+01  1.00648e+00  9.99519e-01  -3.30346e-05  9.99453e-01  9.99552e-01
8.69174e+01  1.00655e+00  9.99540e-01  -3.73635e-05  9.99466e-01  9.99578e-01
8.70221e+01  1.00655e+00  9.99565e-01  -4.15453e-05  9.99482e-01  9.99607e-01
8.71268e+01  1.00647e+00  9.99598e-01  -4.44890e-05  9.99509e-01  9.99642e-01
8.72316e+01  1.00633e+00  9.99633e-01  -4.71441e-05  9.99539e-01  9.99680e-01
8.73363e+01  1.00611e+00  9.99676e-01  -4.84570e-05  9.99579e-01  9.99724e-01
8.74410e+01  1.00582e+00  9.99720e-01  -4.93894e-05  9.99622e-01  9.99770e-01
8.75457e+01  1.00547e+00  9.99771e-01  -4.89284e-05  9.99673e-01  9.99820e-01
8.76504e+01  1.00506e+00  9.99823e-01  -4.80502e-05  9.99727e-01  9.99871e-01
8.77552e+01  1.00459e+00  9.99880e-01  -4.57840e-05  9.99788e-01  9.99925e-01
8.78599e+01  1.00407e+00  9.99937e-01  -4.31217e-05  9.99850e-01  9.99980e-01
8.79646e+01  1.00352e+00  9.99997e-01  -3.91341e-05  9.99919e-01  1.00004e+00
8.80693e+01  1.00292e+00  1.00006e+00  -3.48281e-05  9.99987e-01  1.00009e+00
8.81740e+01  1.00230e+00  1.00012e+00  -2.93143e-05  1.00006e+00  1.00015e+00
8.82788e+01  1.00165e+00  1.00018e+00  -2.36121e-05  1.00013e+00  1.00020e+00
8.83835e+01  1.00098e+00  1.00024e+00  -1.68684e-05  1.00020e+00  1.00025e+00
8.84882e+01  1.00031e+00  1.00029e+00  -1.01111e-05  1.00027e+00  1.00030e+00
8.85929e+01  9.99641e-01  1.00035e+00  -2.51842e-06  1.00034e+00  1.00035e+00
8.86976e+01  9.98977e-01  1.00040e+00  4.87864e-06  1.00041e+00  1.00039e+00
8.88024e+01  9.98327e-01  1.00045e+00  1.28764e-05  1.00047e+00  1.00043e+00
8.89071e+01  9.97698e-01  1.00049e+00  2.04473e-05  1.00053e+00  1.00047e+00
8.90118e+01  9.97099e-01  1.00053e+00  2.83690e-05  1.00058e+00  1.00050e+00
8.91165e+01  9.96533e-01  1.00056e+00  3.56245e-05  1.00063e+00  1.00052e+00
8.92212e+01  9.96009e-01  1.00058e+00  4.29802e-05  1.00067e+00  1.00054e+00
8.93260e+01  9.95531e-01  1.00060e+00  4.94366e-05  1.00070e+00  1.00055e+00
8.94307e+01  9.95105e-01  1.00061e+00  5.57564e-05  1.00073e+00  1.00056e+00
8.95354e+01  9.94735e-01  1.00062e+00  6.09650e-05  1.00074e+00  1.00056e+00
8.96401e+01  9.94424e-01  1.00062e+00  6.58280e-05  1.00075e+00  1.00055e+00
8.97448e+01  9.94176e-01  1.00061e+00  6.94020e-05  1.00075e+00  1.00054e+00
8.98495e+01  9.93993e-01  1.00059e+00  7.24618e-05  1.00074e+00  1.00052e+00
8.99543e+01  9.93877e-01  1.00057e+00  7.41008e-05  1.00072e+00  1.00050e+00
9.00590e+01  9.93829e-01  1.00054e+00  7.51078e-05  1.00069e+00  1.00047e+00
9.01637e+01  9.93849e-01  1.00051e+00  7.46173e-05  1.00065e+00  1.00043e+00
9.02684e+01  9.93937e-01  1.00046e+00  7.34353e-05  1.00061e+00  1.00039e+00
9.03731e+01  9.94091e-01  1.00041e+00  7.07400e-05  1.00056e+00  1.00034e+00
9.04779e+01  9.94311e-01  1.00036e+00  6.73563e-05  1.00050e+00  1.00029e+00
9.05826e+01  9.94592e-01  1.00030e+00  6.25071e-05  1.00043e+00  1.00024e+00
9.06873e+01  9.94932e-01  1.00024e+00  5.70363e-05  1.00036e+00  1.00018e+00
9.07920e+01  9.95327e-01  1.00017e+00  5.02102e-05  1.00028e+00  1.00012e+00
9.08967e+01  9.95773e-01  1.00011e+00  4.28900e-05  1.00019e+00  1.00006e+00
9.10015e+01  9.96264e-01  1.00004e+00  3.43827e-05  1.00010e+00  1.00000e+00
9.11062e+01  9.96795e-01  9.99965e-01  2.55633e-05  1.00002e+00  9.99940e-01
9.12109e+01  9.97361e-01  9.99893e-01  1.57752e-05  9.99924e-01  9.99877e-01
9.13156e+01  9.97954e-01  9.99822e-01  5.90213e-06  9.99834e-01  9.99816e-01
9.14203e+01  9.98568e-01  9.99751e-01  -4.68174e-06  9.99742e-01  9.99756e-01
9.15251e+01  9.99197e-01  9.99684e-01  -1.50901e-05  9.99654e-01  9.99700e-01
9.16298e+01  9.99833e-01  9.99619e-01  -2.59249e-05  9.99567e-01  9.99645e-01
9.17345e+01  1.00047e+00  9.99559e-01  -3.63042e-05  9.99486e-01  9.99595e-01
9.18392e+01  1.00110e+00  9.99502e-01  -4.68137e-05  9.99408e-01  9.99548e-01
9.19439e+01  1.00172e+00  9.99451e-01  -5.65836e-05  9.99338e-01  9.99508e-01
9.20487e+01  1.00231e+00  9.99405e-01  -6.61909e-05  9.99272e-01  9.99471e-01
9.21534e+01  1.00288e+00  9.99366e-01  -7.47855e-05  9.99217e-01  9.99441e-01
9.22581e+01  1.00341e+00  9.99334e-01  -8.29439e-05  9.99168e-01  9.99417e-01
9.23628e+01  1.00391e+00  9.99309e-01  -8.98430e-05  9.99130e-01  9.99399e-01
9.24675e+01  1.00436e+00  9.99292e-01  -9.60660e-05  9.99100e-01  9.99388e-01
9.25723e+01  1.00476e+00  9.99283e-01  -1.00824e-04  9.99082e-01  9.99384e-01
9.26770e+01  1.00510e+00  9.99282e-01  -1.04713e-04  9.99072e-01  9.99386e-01
9.27817e+01  1.00539e+00  9.99290e-01  -1.06983e-04  9.99076e-01  9.99397e-01
9.28864e+01  1.00562e+00  9.99304e-01  -1.08251e-04  9.99088e-01  9.99413e-01
9.29911e+01  1.00578e+00  9.99329e-01  -1.07809e-04  9.99113e-01  9.99436e-01
9.30959e+01  1.00587e+00  9.99360e-01  -1.06297e-04  9.99147e-01  9.99466e-01
9.32006e+01  1.00590e+00  9.99399e-01  -1.03055e-04  9.99193e-01  9.99502e-01
9.33053e+01  1.00587e+00  9.99445e-01  -9.87457e-05  9.99247e-01  9.99544e-01
9.34100e+01  1.00577e+00  9.99499e-01  -9.27587e-05  9.99313e-01  9.99591e-01
9.35147e+01  1.00560e+00  9.99557e-01  -8.57822e-05  9.99386e-01  9.99643e-01
9.36195e+01  1.00537e+00  9.99623e-01  -7.72525e-05  9.99468e-01  9.99700e-01
9.37242e+01  1.00509e+00  9.99692e-01  -6.78818e-05  9.99556e-01  9.99760e-01
9.38289e+01  1.00474e+00  9.99766e-01  -5.71511e-05  9.99652e-01  9.99823e-01
9.39336e+01  1.00435e+00  9.99843e-01  -4.57933e-05  9.99751e-01  9.99888e-01
9.40383e+01  1.00390e+00  9.99923e-01  -3.33296e-05  9.99856e-01  9.99956e-01
9.41431e+01  1.00342e+00  1.00000e+00  -2.05084e-05  9.99962e-01  1.00002e+00
9.42478e+01  1.00290e+00  1.00009e+00  -6.88513e-06  1.00007e+00  1.00009e+00
9.43525e+01  1.00235e+00  1.00017e+00  6.78284e-06  1.00018e+00  1.00016e+00
9.44572e+01  1.00177e+00  1.00025e+00  2.09134e-05  1.00029e+00  1.00023e+00
9.45619e+01  1.00118e+00  1.00032e+00  3.47480e-05  1.00039e+00  1.00029e+00
9.46667e+01  1.00058e+00  1.00040e+00  4.86864e-05  1.00050e+00  1.00035e+00
9.47714e+01  9.99970e-01  1.00047e+00  6.19778e-05  1.00059e+00  1.00041e+00
9.48761e+01  9.99365e-01  1.00054e+00  7.50127e-05  1.00069e+00  1.00046e+00
9.49808e+01  9.98770e-01  1.00059e+00  8.70573e-05  1.00077e+00  1.00051e+00
9.50855e+01  9.98191e-01  1.00065e+00  9.85021e-05  1.00085e+00  1.00055e+00
9.51903e+01  9.97634e-01  1.00070e+00  1.08639e-04  1.00091e+00  1.00059e+00
9.52950e+01  9.97106e-01  1.00073e+00  1.17869e-04  1.00097e+00  1.00062e+00
9.53997e+01  9.96612e-01  1.00076e+00  1.25518e-04  1.00102e+00  1.00064e+00
9.55044e+01  9.96157e-01  1.00079e+00  1.32003e-04  1.00105e+00  1.00066e+00
9.56091e+01  9.95746e-01  1.00080e+00  1.36693e-04  1.00107e+00  1.00066e+00
9.57139e+01  9.95384e-01  1.00081e+00  1.40029e-04  1.00109e+00  1.00067e+00
9.58186e+01  9.95073e-01  1.00080e+00  1.41428e-04  1.00108e+00  1.00066e+00
9.59233e+01  9.94819e-01  1.00079e+00  1.41361e-04  1.00107e+00  1.00064e+00
9.60280e+01  9.94622e-01  1.00076e+00  1.39298e-04  1.00104e+00  1.00062e+00
9.61327e+01  9.94485e-01  1.00073e+00  1.35741e-04  1.00100e+00  1.00060e+00
9.62375e+01  9.94410e-01  1.00069e+00  1.30214e-04  1.00095e+00  1.00056e+00
9.63422e+01  9.94396e-01  1.00064e+00  1.23253e-04  1.00089e+00  1.00052e+00
9.64469e+01  9.94445e-01  1.00058e+00  1.14437e-04  1.00081e+00  1.00047e+00
9.65516e+01  9.94554e-01  1.00052e+00  1.04334e-04  1.00073e+00  1.00042e+00
9.66563e+01  9.94723e-01  1.00045e+00  9.25740e-05  1.00064e+00  1.00036e+00
9.67611e+01  9.94950e-01  1.00038e+00  7.97536e-05  1.00053e+00  1.00030e+00
9.68658e+01  9.95232e-01  1.00029e+00  6.55507e-05  1.00043e+00  1.00023e+00
9.69705e+01  9.95566e-01  1.00021e+00  5.05840e-05  1.00031e+00  1.00016e+00
9.70752e+01  9.95949e-01  1.00012e+00  3.45724e-05  1.00019e+00  1.00009e+00
9.71799e+01  9.96375e-01  1.00003e+00  1.81501e-05  1.00007e+00  1.00002e+00
9.72847e+01  9.96840e-01  9.99944e-01  1.06830e-06  9.99946e-01  9.99943e-01
9.73894e+01  9.97340e-01  9.99854e-01  -1.60322e-05  9.99822e-01  9.99870e-01
9.74941e+01  9.97867e-01  9.99765e-01  -3.33768e-05  9.99698e-01  9.99798e-01
9.75988e+01  9.98418e-01  9.99679e-01  -5.03280e-05  9.99578e-01  9.99729e-01
9.77035e+01  9.98985e-01  9.99595e-01  -6.70982e-05  9.99461e-01  9.99662e-01
9.78083e+01  9.99562e-01  9.99516e-01  -8.30628e-05  9.99350e-01  9.99599e-01
9.79130e+01  1.00014e+00  9.99442e-01  -9.84317e-05  9.99245e-01  9.99540e-01
9.80177e+01  1.00072e+00  9.99374e-01  -1.12604e-04  9.99149e-01  9.99486e-01
9.81224e+01  1.00129e+00  9.99312e-01  -1.25796e-04  9.99060e-01  9.99438e-01
9.82271e+01  1.00184e+00  9.99259e-01  -1.37441e-04  9.98984e-01  9.99396e-01
9.83319e+01  1.00237e+00  9.99212e-01  -1.47772e-04  9.98917e-01  9.99360e-01
9.84366e+01  1.00288e+00  9.99176e-01  -1.56262e-04  9.98863e-01  9.99332e-01
9.85413e+01  1.00335e+00  9.99148e-01  -1.63170e-04  9.98822e-01  9.99311e-01
9.86460e+01  1.00378e+00  9.99130e-01  -1.68019e-04  9.98794e-01  9.99298e-01
9.87507e+01  1.00417e+00  9.99122e-01  -1.71099e-04  9.98779e-01  9.99293e-01
9.88554e+01  1.00451e+00  9.99124e-01  -1.71986e-04  9.98780e-01  9.99296e-01
9.89602e+01  1.00480e+00  9.99135e-01  -1.71008e-04  9.98793e-01  9.99306e-01
9.90649e+01  1.00504e+00  9.99157e-01  -1.67797e-04  9.98822e-01  9.99325e-01
9.91696e+01  1.00522e+00  9.99188e-01  -1.62721e-04  9.98863e-01  9.99351e-01
9.92743e+01  1.00534e+00  9.99230e-01  -1.55473e-04  9.98919e-01  9.99385e-01
9.93790e+01  1.00540e+00  9.99279e-01  -1.46457e-04  9.98986e-01  9.99426e-01
9.94838e+01  1.00540e+00  9.99338e-01  -1.35425e-04  9.99067e-01  9.99474e-01
9.95885e+01  1.00534e+00  9.99404e-01  -1.22820e-04  9.99158e-01  9.99527e-01
9.96932e+01  1.00522e+00  9.99478e-01  -1.08449e-04  9.99261e-01  9.99586e-01
9.97979e+01  1.00504e+00  9.99557e-01  -9.27861e-05  9.99372e-01  9.99650e-01
9.99026e+01  1.00480e+00  9.99643e-01  -7.56884e-05  9.99492e-01  9.99719e-01
1.00007e+02  1.00451e+00  9.99733e-01  -5.76585e-05  9.99617e-01  9.99790e-01
1.00112e+02  1.00418e+00  9.99826e-01  -3.85937e-05  9.99749e-01  9.99865e-01
1.00217e+02  1.00379e+00  9.99922e-01  -1.90157e-05  9.99884e-01  9.99941e-01
1.00322e+02  1.00337e+00  1.00002e+00  1.14575e-06  1.00002e+00  1.00002e+00
1.00426e+02  1.00291e+00  1.00012e+00  2.13602e-05  1.00016e+00  1.00010e+00
1.00531e+02  1.00242e+00  1.00021e+00  4.16759e-05  1.00030e+00  1.00017e+00
1.00636e+02  1.00190e+00  1.00031e+00  6.15649e-05  1.00043e+00  1.00025e+00
1.00740e+02  1.00136e+00  1.00040e+00  8.10650e-05  1.00056e+00  1.00032e+00
1.00845e+02  1.00081e+00  1.00049e+00  9.96624e-05  1.00069e+00  1.00039e+00
1.00950e+02  1.00026e+00  1.00057e+00  1.17396e-04  1.00080e+00  1.00045e+00
1.01055e+02  9.99699e-01  1.00065e+00  1.33778e-04  1.00091e+00  1.00051e+00
1.01159e+02  9.99146e-01  1.00071e+00  1.48861e-04  1.00101e+00  1.00057e+00
1.01264e+02  9.98605e-01  1.00078e+00  1.62194e-04  1.00110e+00  1.00061e+00
1.01369e+02  9.98081e-01  1.00083e+00  1.73853e-04  1.00118e+00  1.00065e+00
1.01473e+02  9.97579e-01  1.00087e+00  1.83434e-04  1.00124e+00  1.00069e+00
1.01578e+02  9.97107e-01  1.00091e+00  1.91046e-04  1.00129e+00  1.00071e+00
1.01683e+02  9.96667e-01  1.00093e+00  1.96342e-04  1.00132e+00  1.00073e+00
1.01788e+02  9.96266e-01  1.00094e+00  1.99470e-04  1.00134e+00  1.00074e+00
1.01892e+02  9.95908e-01  1.00094e+00  2.00146e-04  1.00134e+00  1.00074e+00
1.01997e+02  9.95595e-01  1.00093e+00  1.98564e-04  1.00133e+00  1.00074e+00
1.02102e+02  9.95333e-01  1.00092e+00  1.94504e-04  1.00130e+00  1.00072e+00
1.02206e+02  9.95122e-01  1.00089e+00  1.88208e-04  1.00126e+00  1.00070e+00
1.02311e+02  9.94966e-01  1.00084e+00  1.79523e-04  1.00120e+00  1.00067e+00
1.02416e+02  9.94866e-01  1.00079e+00  1.68739e-04  1.00113e+00  1.00063e+00
1.02521e+02  9.94822e-01  1.00074e+00  1.55767e-04  1.00105e+00  1.00058e+00
1.02625e+02  9.94836e-01  1.00067e+00  1.40940e-04  1.00095e+00  1.00053e+00
1.02730e+02  9.94907e-01  1.00059e+00  1.24229e-04  1.00084e+00  1.00047e+00
1.02835e+02  9.95034e-01  1.00051e+00  1.06006e-04  1.00072e+00  1.00040e+00
1.02940e+02  9.95215e-01  1.00042e+00  8.62931e-05  1.00059e+00  1.00033e+00
1.03044e+02  9.95449e-01  1.00032e+00  6.54922e-05  1.00046e+00  1.00026e+00
1.03149e+02  9.95733e-01  1.00023e+00  4.36689e-05  1.00031e+00  1.00018e+00
1.03254e+02  9.96063e-01  1.00012e+00  2.12434e-05  1.00017e+00  1.00010e+00
1.03358e+02  9.96436e-01  1.00002e+00  -1.68705e-06  1.00002e+00  1.00002e+00
1.03463e+02  9.96848e-01  9.99917e-01  -2.46948e-05  9.99868e-01  9.99942e-01
1.03568e+02  9.97294e-01  9.99814e-01  -4.76632e-05  9.99718e-01  9.99861e-01
1.03673e+02  9.97769e-01  9.99712e-01  -7.01701e-05  9.99572e-01  9.99782e-01
1.03777e+02  9.98269e-01  9.99613e-01  -9.20924e-05  9.99429e-01  9.99706e-01
1.03882e+02  9.98787e-01  9.99519e-01  -1.13026e-04  9.99293e-01  9.99632e-01
1.03987e+02  9.99317e-01  9.99429e-01  -1.32854e-04  9.99164e-01  9.99562e-01
1.04091e+02  9.99855e-01  9.99346e-01  -1.51204e-04  9.99044e-01  9.99498e-01
1.04196e+02  1.00039e+00  9.99270e-01  -1.67976e-04  9.98934e-01  9.99438e-01
1.04301e+02  1.00093e+00  9.99202e-01  -1.82840e-04  9.98837e-01  9.99385e-01
1.04406e+02  1.00145e+00  9.99143e-01  -1.95727e-04  9.98752e-01  9.99339e-01
1.04510e+02  1.00195e+00  9.99094e-01  -2.06357e-04  9.98681e-01  9.99300e-01
1.04615e+02  1.00244e+00  9.99054e-01  -2.14701e-04  9.98625e-01  9.99269e-01
1.04720e+02  1.00289e+00  9.99026e-01  -2.20538e-04  9.98585e-01  9.99246e-01
1.04824e+02  1.00331e+00  9.99008e-01  -2.23884e-04  9.98560e-01  9.99232e-01
1.04929e+02  1.00370e+00  9.99002e-01  -2.24587e-04  9.98553e-01  9.99227e-01
1.05034e+02  1.00404e+00  9.99007e-01  -2.22711e-04  9.98561e-01  9.99230e-01
1.05139e+02  1.00433e+00  9.99023e-01  -2.18173e-04  9.98587e-01  9.99242e-01
1.05243e+02  1.00458e+00  9.99051e-01  -2.11091e-04  9.98629e-01  9.99262e-01
1.05348e+02  1.00478e+00  9.99089e-01  -2.01449e-04  9.98687e-01  9.99291e-01
1.05453e+02  1.00492e+00  9.99138e-01  -1.89420e-04  9.98760e-01  9.99328e-01
1.05558e+02  1.00501e+00  9.99198e-01  -1.75054e-04  9.98848e-01  9.99373e-01
1.05662e+02  1.00504e+00  9.99266e-01  -1.58571e-04  9.98949e-01  9.99425e-01
1.05767e+02  1.00501e+00  9.99343e-01  -1.40087e-04  9.99063e-01  9.99483e-01
1.05872e+02  1.00493e+00  9.99428e-01  -1.19861e-04  9.99188e-01  9.99548e-01
1.05976e+02  1.00479e+00  9.99520e-01  -9.80641e-05  9.99324e-01  9.99618e-01
1.06081e+02  1.00460e+00  9.99617e-01  -7.49910e-05  9.99467e-01  9.99692e-01
1.06186e+02  1.00436e+00  9.99720e-01  -5.08573e-05  9.99618e-01  9.99770e-01
1.06291e+02  1.00407e+00  9.99825e-01  -2.59802e-05  9.99773e-01  9.99851e-01
1.06395e+02  1.00374e+00  9.99933e-01  -6.09366e-07  9.99932e-01  9.99934e-01
1.06500e+02  1.00336e+00  1.00004e+00  2.49277e-05  1.00009e+00  1.00002e+00
1.06605e+02  1.00295e+00  1.00015e+00  5.03608e-05  1.00025e+00  1.00010e+00
1.06709e+02  1.00251e+00  1.00026e+00  7.53654e-05  1.00041e+00  1.00018e+00
1.06814e+02  1.00204e+00  1.00036e+00  9.96650e-05  1.00056e+00  1.00027e+00
1.06919e+02  1.00155e+00  1.00047e+00  1.22952e-04  1.00071e+00  1.00034e+00
1.07024e+02  1.00104e+00  1.00056e+00  1.44958e-04  1.00085e+00  1.00042e+00
1.07128e+02  1.00052e+00  1.00065e+00  1.65407e-04  1.00098e+00  1.00049e+00
1.07233e+02  1.00000e+00  1.00074e+00  1.84052e-04  1.00110e+00  1.00055e+00
