# k S000 S110 S112 S10 S11
1.04720e-01  3.54901e-02  3.51057e-01  -1.02527e-01  1.46002e-01  4.53584e-01
2.09440e-01  3.55656e-02  3.08317e-01  -8.74565e-02  1.33404e-01  3.95774e-01
3.14159e-01  3.56925e-02  2.65355e-01  -7.28692e-02  1.19616e-01  3.38224e-01
4.18879e-01  3.58723e-02  2.77970e-01  -7.71355e-02  1.23699e-01  3.55106e-01
5.23599e-01  3.61068e-02  2.69903e-01  -7.44576e-02  1.20988e-01  3.44361e-01
6.28319e-01  3.63981e-02  2.77002e-01  -7.68789e-02  1.23244e-01  3.53881e-01
7.33038e-01  3.67487e-02  2.74819e-01  -7.61660e-02  1.22487e-01  3.50985e-01
8.37758e-01  3.71617e-02  2.80353e-01  -7.80451e-02  1.24262e-01  3.58398e-01
9.42478e-01  3.76401e-02  2.80661e-01  -7.81364e-02  1.24389e-01  3.58798e-01
1.04720e+00  3.81877e-02  2.85881e-01  -7.98680e-02  1.26145e-01  3.65749e-01
1.15192e+00  3.88085e-02  2.87752e-01  -8.04282e-02  1.26896e-01  3.68180e-01
1.25664e+00  3.95070e-02  2.93172e-01  -8.21592e-02  1.28854e-01  3.75331e-01
1.36136e+00  4.02882e-02  2.96265e-01  -8.30494e-02  1.30166e-01  3.79314e-01
1.46608e+00  4.11577e-02  3.02150e-01  -8.48429e-02  1.32465e-01  3.86993e-01
1.57080e+00  4.21218e-02  3.06328e-01  -8.59924e-02  1.34343e-01  3.92321e-01
1.67552e+00  4.31874e-02  3.12848e-01  -8.78784e-02  1.37091e-01  4.00726e-01
1.78024e+00  4.43624e-02  3.18068e-01  -8.92457e-02  1.39577e-01  4.07314e-01
1.88496e+00  4.56556e-02  3.25350e-01  -9.12383e-02  1.42874e-01  4.16589e-01
1.98968e+00  4.70769e-02  3.31620e-01  -9.27958e-02  1.46028e-01  4.24416e-01
2.09440e+00  4.86373e-02  3.39776e-01  -9.49001e-02  1.49976e-01  4.34677e-01
2.19911e+00  5.03494e-02  3.47134e-01  -9.66260e-02  1.53882e-01  4.43760e-01
2.30383e+00  5.22274e-02  3.56275e-01  -9.88400e-02  1.58595e-01  4.55115e-01
2.40855e+00  5.42872e-02  3.64783e-01  -1.00713e-01  1.63358e-01  4.65496e-01
2.51327e+00  5.65471e-02  3.75021e-01  -1.03026e-01  1.68969e-01  4.78048e-01
2.61799e+00  5.90275e-02  3.84761e-01  -1.05020e-01  1.74721e-01  4.89781e-01
2.72271e+00  6.17520e-02  3.96217e-01  -1.07413e-01  1.81391e-01  5.03630e-01
2.82743e+00  6.47472e-02  4.07286e-01  -1.09494e-01  1.88297e-01  5.16781e-01
2.93215e+00  6.80436e-02  4.20087e-01  -1.11933e-01  1.96221e-01  5.32019e-01
3.03687e+00  7.16762e-02  4.32598e-01  -1.14054e-01  2.04490e-01  5.46652e-01
3.14159e+00  7.56852e-02  4.46881e-01  -1.16486e-01  2.13910e-01  5.63367e-01
3.24631e+00  8.01167e-02  4.60960e-01  -1.18579e-01  2.23802e-01  5.79539e-01
3.35103e+00  8.50243e-02  4.76872e-01  -1.20927e-01  2.35017e-01  5.97799e-01
3.45575e+00  9.04699e-02  4.92655e-01  -1.22899e-01  2.46858e-01  6.15553e-01
3.56047e+00  9.65255e-02  5.10352e-01  -1.25053e-01  2.60246e-01  6.35404e-01
3.66519e+00  1.03275e-01  5.27984e-01  -1.26770e-01  2.74444e-01  6.54754e-01
3.76991e+00  1.10817e-01  5.47629e-01  -1.28575e-01  2.90478e-01  6.76204e-01
3.87463e+00  1.19266e-01  5.67265e-01  -1.29858e-01  3.07548e-01  6.97123e-01
3.97935e+00  1.28760e-01  5.89025e-01  -1.31103e-01  3.26818e-01  7.20128e-01
4.08407e+00  1.39460e-01  6.10820e-01  -1.31708e-01  3.47404e-01  7.42528e-01
4.18879e+00  1.51556e-01  6.34865e-01  -1.32106e-01  3.70653e-01  7.66972e-01
4.29351e+00  1.65279e-01  6.58976e-01  -1.31710e-01  3.95556e-01  7.90686e-01
4.39823e+00  1.80902e-01  6.85473e-01  -1.30886e-01  4.23701e-01  8.16359e-01
4.50295e+00  1.98757e-01  7.12047e-01  -1.29070e-01  4.53906e-01  8.41117e-01
4.60767e+00  2.19240e-01  7.41148e-01  -1.26543e-01  4.88061e-01  8.67692e-01
4.71239e+00  2.42836e-01  7.70308e-01  -1.22786e-01  5.24737e-01  8.93093e-01
4.81711e+00  2.70132e-01  8.02135e-01  -1.17965e-01  5.66204e-01  9.20100e-01
4.92183e+00  3.01841e-01  8.33953e-01  -1.11647e-01  6.10660e-01  9.45599e-01
5.02655e+00  3.38836e-01  8.68551e-01  -1.03858e-01  6.60834e-01  9.72409e-01
5.13127e+00  3.82177e-01  9.02983e-01  -9.43135e-02  7.14356e-01  9.97297e-01
5.23599e+00  4.33151e-01  9.40234e-01  -8.28801e-02  7.74474e-01  1.02311e+00
5.34071e+00  4.93306e-01  9.76997e-01  -6.95296e-02  8.37937e-01  1.04653e+00
5.44543e+00  5.64480e-01  1.01644e+00  -5.39644e-02  9.08511e-01  1.07040e+00
5.55015e+00  6.48799e-01  1.05476e+00  -3.65810e-02  9.81601e-01  1.09134e+00
5.65487e+00  7.48620e-01  1.09528e+00  -1.69440e-02  1.06140e+00  1.11223e+00
5.75959e+00  8.66359e-01  1.13354e+00  3.90689e-03  1.14135e+00  1.12963e+00
5.86431e+00  1.00412e+00  1.17293e+00  2.64911e-02  1.22591e+00  1.14644e+00
5.96903e+00  1.16303e+00  1.20820e+00  4.89265e-02  1.30605e+00  1.15927e+00
6.07375e+00  1.34210e+00  1.24282e+00  7.18034e-02  1.38642e+00  1.17101e+00
6.17847e+00  1.53680e+00  1.27083e+00  9.23998e-02  1.45563e+00  1.17843e+00
6.28319e+00  1.73743e+00  1.29593e+00  1.11538e-01  1.51900e+00  1.18439e+00
6.38791e+00  1.92847e+00  1.31198e+00  1.26074e-01  1.56413e+00  1.18590e+00
6.49262e+00  2.09001e+00  1.32328e+00  1.37436e-01  1.59815e+00  1.18584e+00
6.59734e+00  2.20220e+00  1.32435e+00  1.42806e-01  1.60996e+00  1.18154e+00
6.70206e+00  2.25148e+00  1.32035e+00  1.44487e-01  1.60932e+00  1.17586e+00
6.80678e+00  2.23542e+00  1.30702e+00  1.40518e-01  1.58806e+00  1.16650e+00
6.91150e+00  2.16291e+00  1.29006e+00  1.33803e-01  1.55766e+00  1.15625e+00
7.01622e+00  2.04996e+00  1.26629e+00  1.23144e-01  1.51258e+00  1.14315e+00
7.12094e+00  1.91414e+00  1.24116e+00  1.11367e-01  1.46389e+00  1.12979e+00
7.22566e+00  1.77032e+00  1.21209e+00  9.76257e-02  1.40735e+00  1.11447e+00
7.33038e+00  1.62908e+00  1.18369e+00  8.41599e-02  1.35201e+00  1.09953e+00
7.43510e+00  1.49680e+00  1.15362e+00  7.02011e-02  1.29402e+00  1.08342e+00
7.53982e+00  1.37663e+00  1.12550e+00  5.73050e-02  1.24011e+00  1.06820e+00
7.64454e+00  1.26961e+00  1.09715e+00  4.47293e-02  1.18661e+00  1.05242e+00
7.74926e+00  1.17551e+00  1.07135e+00  3.34843e-02  1.13832e+00  1.03787e+00
7.85398e+00  1.09344e+00  1.04609e+00  2.28905e-02  1.09187e+00  1.02320e+00
7.95870e+00  1.02225e+00  1.02355e+00  1.35941e-02  1.05074e+00  1.00995e+00
8.06342e+00  9.60703e-01  1.00189e+00  5.01094e-03  1.01191e+00  9.96875e-01
8.16814e+00  9.07645e-01  9.82872e-01  -2.43622e-03  9.77999e-01  9.85308e-01
8.27286e+00  8.62019e-01  9.64854e-01  -9.22805e-03  9.46398e-01  9.74082e-01
8.37758e+00  8.22897e-01  9.49307e-01  -1.50749e-02  9.19157e-01  9.64382e-01
8.48230e+00  7.89478e-01  9.34755e-01  -2.03629e-02  8.94029e-01  9.55118e-01
8.58702e+00  7.61079e-01  9.22470e-01  -2.48814e-02  8.72707e-01  9.47351e-01
8.69174e+00  7.37125e-01  9.11127e-01  -2.89378e-02  8.53251e-01  9.40064e-01
8.79646e+00  7.17130e-01  9.01851e-01  -3.23687e-02  8.37114e-01  9.34220e-01
8.90118e+00  7.00689e-01  8.93448e-01  -3.54193e-02  8.22609e-01  9.28868e-01
9.00590e+00  6.87466e-01  8.86936e-01  -3.79548e-02  8.11026e-01  9.24890e-01
9.11062e+00  6.77182e-01  8.81222e-01  -4.01728e-02  8.00877e-01  9.21395e-01
9.21534e+00  6.69608e-01  8.77248e-01  -4.19551e-02  7.93338e-01  9.19203e-01
9.32006e+00  6.64557e-01  8.74005e-01  -4.34638e-02  7.87077e-01  9.17468e-01
9.42478e+00  6.61879e-01  8.72374e-01  -4.45899e-02  7.83194e-01  9.16963e-01
9.52950e+00  6.61455e-01  8.71412e-01  -4.54692e-02  7.80473e-01  9.16881e-01
9.63422e+00  6.63192e-01  8.71956e-01  -4.59967e-02  7.79963e-01  9.17953e-01
9.73894e+00  6.67021e-01  8.73113e-01  -4.62897e-02  7.80534e-01  9.19403e-01
9.84366e+00  6.72890e-01  8.75687e-01  -4.62427e-02  7.83201e-01  9.21929e-01
9.94838e+00  6.80767e-01  8.78819e-01  -4.59610e-02  7.86897e-01  9.24780e-01
1.00531e+01  6.90631e-01  8.83289e-01  -4.53357e-02  7.92618e-01  9.28625e-01
1.01578e+01  7.02471e-01  8.88261e-01  -4.44655e-02  7.99330e-01  9.32727e-01
1.02625e+01  7.16286e-01  8.94498e-01  -4.32355e-02  8.08027e-01  9.37734e-01
1.03673e+01  7.32077e-01  9.01174e-01  -4.17436e-02  8.17687e-01  9.42918e-01
1.04720e+01  7.49847e-01  9.09038e-01  -3.98670e-02  8.29304e-01  9.48905e-01
1.05767e+01  7.69593e-01  9.17264e-01  -3.77090e-02  8.41846e-01  9.54973e-01
1.06814e+01  7.91305e-01  9.26591e-01  -3.51381e-02  8.56315e-01  9.61729e-01
1.07861e+01  8.14960e-01  9.36181e-01  -3.22700e-02  8.71641e-01  9.68451e-01
1.08909e+01  8.40512e-01  9.46762e-01  -2.89656e-02  8.88831e-01  9.75728e-01
1.09956e+01  8.67887e-01  9.57476e-01  -2.53614e-02  9.06753e-01  9.82838e-01
1.11003e+01  8.96976e-01  9.69041e-01  -2.13132e-02  9.26414e-01  9.90354e-01
1.12050e+01  9.27624e-01  9.80562e-01  -1.69888e-02  9.46585e-01  9.97551e-01
1.13097e+01  9.59621e-01  9.92749e-01  -1.22428e-02  9.68263e-01  1.00499e+00
1.14145e+01  9.92695e-01  1.00466e+00  -7.28615e-03  9.90091e-01  1.01195e+00
1.15192e+01  1.02650e+00  1.01700e+00  -1.97769e-03  1.01304e+00  1.01898e+00
1.16239e+01  1.06063e+00  1.02877e+00  3.41880e-03  1.03561e+00  1.02536e+00
1.17286e+01  1.09458e+00  1.04067e+00  9.03570e-03  1.05874e+00  1.03163e+00
1.18333e+01  1.12779e+00  1.05165e+00  1.45513e-02  1.08075e+00  1.03710e+00
1.19381e+01  1.15962e+00  1.06240e+00  2.00900e-02  1.10258e+00  1.04231e+00
1.20428e+01  1.18942e+00  1.07184e+00  2.52780e-02  1.12240e+00  1.04657e+00
1.21475e+01  1.21648e+00  1.08068e+00  3.02417e-02  1.14116e+00  1.05044e+00
1.22522e+01  1.24013e+00  1.08784e+00  3.45770e-02  1.15700e+00  1.05327e+00
1.23569e+01  1.25975e+00  1.09405e+00  3.84327e-02  1.17092e+00  1.05562e+00
1.24617e+01  1.27481e+00  1.09830e+00  4.14108e-02  1.18112e+00  1.05688e+00
1.25664e+01  1.28489e+00  1.10135e+00  4.37086e-02  1.18877e+00  1.05764e+00
1.26711e+01  1.28977e+00  1.10230e+00  4.49754e-02  1.19225e+00  1.05732e+00
1.27758e+01  1.28937e+00  1.10200e+00  4.54758e-02  1.19295e+00  1.05652e+00
1.28805e+01  1.28382e+00  1.09965e+00  4.49350e-02  1.18952e+00  1.05472e+00
1.29852e+01  1.27344e+00  1.09619e+00  4.36825e-02  1.18356e+00  1.05251e+00
1.30900e+01  1.25869e+00  1.09095e+00  4.15237e-02  1.17399e+00  1.04942e+00
1.31947e+01  1.24017e+00  1.08487e+00  3.88273e-02  1.16253e+00  1.04605e+00
1.32994e+01  1.21856e+00  1.07741e+00  3.54588e-02  1.14832e+00  1.04195e+00
1.34041e+01  1.19458e+00  1.06949e+00  3.17875e-02  1.13307e+00  1.03771e+00
1.35088e+01  1.16895e+00  1.06062e+00  2.77099e-02  1.11604e+00  1.03291e+00
1.36136e+01  1.14235e+00  1.05169e+00  2.35613e-02  1.09881e+00  1.02813e+00
1.37183e+01  1.11539e+00  1.04220e+00  1.92446e-02  1.08069e+00  1.02296e+00
1.38230e+01  1.08860e+00  1.03298e+00  1.50422e-02  1.06306e+00  1.01794e+00
1.39277e+01  1.06242e+00  1.02355e+00  1.08508e-02  1.04525e+00  1.01269e+00
1.40324e+01  1.03719e+00  1.01462e+00  6.89658e-03  1.02841e+00  1.00772e+00
1.41372e+01  1.01319e+00  1.00573e+00  3.06851e-03  1.01187e+00  1.00266e+00
1.42419e+01  9.90601e-01  9.97518e-01  -4.56392e-04  9.96606e-01  9.97975e-01
1.43466e+01  9.69568e-01  9.89512e-01  -3.79327e-03  9.81926e-01  9.93305e-01
1.44513e+01  9.50173e-01  9.82282e-01  -6.80293e-03  9.68676e-01  9.89085e-01
1.45560e+01  9.32464e-01  9.75366e-01  -9.59971e-03  9.56167e-01  9.84966e-01
1.46608e+01  9.16458e-01  9.69278e-01  -1.20713e-02  9.45135e-01  9.81349e-01
1.47655e+01  9.02152e-01  9.63565e-01  -1.43272e-02  9.34911e-01  9.77893e-01
1.48702e+01  8.89527e-01  9.58699e-01  -1.62733e-02  9.26152e-01  9.74972e-01
1.49749e+01  8.78556e-01  9.54239e-01  -1.80123e-02  9.18214e-01  9.72251e-01
1.50796e+01  8.69202e-01  9.50621e-01  -1.94614e-02  9.11698e-01  9.70082e-01
1.51844e+01  8.61428e-01  9.47420e-01  -2.07158e-02  9.05988e-01  9.68135e-01
1.52891e+01  8.55192e-01  9.45044e-01  -2.16999e-02  9.01644e-01  9.66744e-01
1.53938e+01  8.50455e-01  9.43081e-01  -2.25018e-02  8.98077e-01  9.65583e-01
1.54985e+01  8.47178e-01  9.41918e-01  -2.30501e-02  8.95818e-01  9.64968e-01
1.56032e+01  8.45320e-01  9.41154e-01  -2.34268e-02  8.94301e-01  9.64581e-01
1.57080e+01  8.44845e-01  9.41159e-01  -2.35626e-02  8.94034e-01  9.64722e-01
1.58127e+01  8.45716e-01  9.41540e-01  -2.35352e-02  8.94470e-01  9.65076e-01
1.59174e+01  8.47899e-01  9.42655e-01  -2.32761e-02  8.96103e-01  9.65931e-01
1.60221e+01  8.51357e-01  9.44115e-01  -2.28601e-02  8.98395e-01  9.66975e-01
1.61268e+01  8.56055e-01  9.46266e-01  -2.22194e-02  9.01827e-01  9.68485e-01
1.62316e+01  8.61956e-01  9.48725e-01  -2.14276e-02  9.05869e-01  9.70152e-01
1.63363e+01  8.69021e-01  9.51825e-01  -2.04169e-02  9.10991e-01  9.72242e-01
1.64410e+01  8.77207e-01  9.55184e-01  -1.92622e-02  9.16660e-01  9.74446e-01
1.65457e+01  8.86466e-01  9.59127e-01  -1.78959e-02  9.23335e-01  9.77023e-01
1.66504e+01  8.96744e-01  9.63267e-01  -1.63963e-02  9.30475e-01  9.79664e-01
1.67552e+01  9.07980e-01  9.67922e-01  -1.46964e-02  9.38529e-01  9.82618e-01
1.68599e+01  9.20102e-01  9.72699e-01  -1.28801e-02  9.46939e-01  9.85579e-01
1.69646e+01  9.33029e-01  9.77906e-01  -1.08819e-02  9.56143e-01  9.88788e-01
1.70693e+01  9.46666e-01  9.83146e-01  -8.79359e-03  9.65558e-01  9.91939e-01
1.71740e+01  9.60904e-01  9.88716e-01  -6.55189e-03  9.75612e-01  9.95268e-01
1.72788e+01  9.75620e-01  9.94210e-01  -4.25827e-03  9.85693e-01  9.98468e-01
1.73835e+01  9.90673e-01  9.99920e-01  -1.85228e-03  9.96215e-01  1.00177e+00
1.74882e+01  1.00591e+00  1.00543e+00  5.53850e-04  1.00654e+00  1.00488e+00
1.75929e+01  1.02115e+00  1.01103e+00  3.01777e-03  1.01706e+00  1.00801e+00
1.76976e+01  1.03622e+00  1.01629e+00  5.41679e-03  1.02712e+00  1.01087e+00
1.78024e+01  1.05090e+00  1.02150e+00  7.80691e-03  1.03711e+00  1.01369e+00
1.79071e+01  1.06499e+00  1.02623e+00  1.00572e-02  1.04635e+00  1.01617e+00
1.80118e+01  1.07828e+00  1.03078e+00  1.22244e-02  1.05522e+00  1.01855e+00
1.81165e+01  1.09054e+00  1.03471e+00  1.41736e-02  1.06306e+00  1.02054e+00
1.82212e+01  1.10157e+00  1.03833e+00  1.59663e-02  1.07027e+00  1.02237e+00
1.83260e+01  1.11118e+00  1.04124e+00  1.74696e-02  1.07618e+00  1.02377e+00
1.84307e+01  1.11918e+00  1.04373e+00  1.87540e-02  1.08123e+00  1.02497e+00
1.85354e+01  1.12543e+00  1.04542e+00  1.96953e-02  1.08481e+00  1.02572e+00
1.86401e+01  1.12983e+00  1.04664e+00  2.03770e-02  1.08740e+00  1.02626e+00
1.87448e+01  1.13231e+00  1.04704e+00  2.06892e-02  1.08842e+00  1.02635e+00
1.88496e+01  1.13283e+00  1.04696e+00  2.07301e-02  1.08842e+00  1.02623e+00
1.89543e+01  1.13143e+00  1.04607e+00  2.04074e-02  1.08689e+00  1.02567e+00
1.90590e+01  1.12817e+00  1.04475e+00  1.98327e-02  1.08442e+00  1.02492e+00
1.91637e+01  1.12315e+00  1.04270e+00  1.89313e-02  1.08056e+00  1.02377e+00
1.92684e+01  1.11653e+00  1.04029e+00  1.78239e-02  1.07594e+00  1.02247e+00
1.93732e+01  1.10847e+00  1.03727e+00  1.64502e-02  1.07017e+00  1.02082e+00
1.94779e+01  1.09917e+00  1.03400e+00  1.49342e-02  1.06387e+00  1.01907e+00
1.95826e+01  1.08884e+00  1.03025e+00  1.32253e-02  1.05671e+00  1.01703e+00
1.96873e+01  1.07771e+00  1.02639e+00  1.14443e-02  1.04928e+00  1.01495e+00
1.97920e+01  1.06597e+00  1.02219e+00  9.54544e-03  1.04128e+00  1.01264e+00
1.98968e+01  1.05385e+00  1.01799e+00  7.64138e-03  1.03328e+00  1.01035e+00
2.00015e+01  1.04153e+00  1.01359e+00  5.68753e-03  1.02497e+00  1.00791e+00
2.01062e+01  1.02919e+00  1.00932e+00  3.78537e-03  1.01689e+00  1.00554e+00
2.02109e+01  1.01701e+00  1.00496e+00  1.88926e-03  1.00874e+00  1.00307e+00
2.03156e+01  1.00512e+00  1.00083e+00  8.85841e-05  1.00101e+00  1.00074e+00
2.04204e+01  9.93644e-01  9.96708e-01  -1.66411e-03  9.93380e-01  9.98372e-01
2.05251e+01  9.82693e-01  9.92889e-01  -3.29085e-03  9.86308e-01  9.96180e-01
2.06298e+01  9.72355e-01  9.89159e-01  -4.84067e-03  9.79478e-01  9.94000e-01
2.07345e+01  9.62704e-01  9.85792e-01  -6.24547e-03  9.73301e-01  9.92037e-01
2.08392e+01  9.53799e-01  9.82570e-01  -7.55514e-03  9.67460e-01  9.90126e-01
2.09440e+01  9.45687e-01  9.79752e-01  -8.70951e-03  9.62333e-01  9.88461e-01
2.10487e+01  9.38404e-01  9.77121e-01  -9.75862e-03  9.57604e-01  9.86879e-01
2.11534e+01  9.31977e-01  9.74918e-01  -1.06483e-02  9.53621e-01  9.85566e-01
2.12581e+01  9.26424e-01  9.72929e-01  -1.14283e-02  9.50072e-01  9.84357e-01
2.13628e+01  9.21758e-01  9.71381e-01  -1.20487e-02  9.47284e-01  9.83430e-01
2.14675e+01  9.17984e-01  9.70062e-01  -1.25585e-02  9.44945e-01  9.82620e-01
2.15723e+01  9.15103e-01  9.69187e-01  -1.29112e-02  9.43364e-01  9.82098e-01
2.16770e+01  9.13112e-01  9.68543e-01  -1.31548e-02  9.42234e-01  9.81698e-01
2.17817e+01  9.12003e-01  9.68338e-01  -1.32452e-02  9.41848e-01  9.81583e-01
2.18864e+01  9.11764e-01  9.68360e-01  -1.32297e-02  9.41900e-01  9.81589e-01
2.19911e+01  9.12381e-01  9.68805e-01  -1.30661e-02  9.42673e-01  9.81871e-01
2.20959e+01  9.13836e-01  9.69464e-01  -1.28016e-02  9.43861e-01  9.82265e-01
2.22006e+01  9.16107e-01  9.70525e-01  -1.23952e-02  9.45735e-01  9.82920e-01
2.23053e+01  9.19168e-01  9.71776e-01  -1.18945e-02  9.47987e-01  9.83671e-01
2.24100e+01  9.22990e-01  9.73402e-01  -1.12599e-02  9.50882e-01  9.84661e-01
2.25147e+01  9.27540e-01  9.75187e-01  -1.05402e-02  9.54106e-01  9.85727e-01
2.26195e+01  9.32779e-01  9.77308e-01  -9.69694e-03  9.57914e-01  9.87005e-01
2.27242e+01  9.38663e-01  9.79551e-01  -8.78072e-03  9.61989e-01  9.88332e-01
2.28289e+01  9.45143e-01  9.82085e-01  -7.75461e-03  9.66576e-01  9.89840e-01
2.29336e+01  9.52165e-01  9.84693e-01  -6.67164e-03  9.71349e-01  9.91364e-01
2.30383e+01  9.59667e-01  9.87539e-01  -5.49644e-03  9.76546e-01  9.93035e-01
2.31431e+01  9.67581e-01  9.90402e-01  -4.28505e-03  9.81832e-01  9.94687e-01
2.32478e+01  9.75834e-01  9.93444e-01  -3.00367e-03  9.87437e-01  9.96448e-01
2.33525e+01  9.84342e-01  9.96441e-01  -1.71161e-03  9.93017e-01  9.98152e-01
2.34572e+01  9.93018e-01  9.99548e-01  -3.76492e-04  9.98795e-01  9.99925e-01
2.35619e+01  1.00177e+00  1.00254e+00  9.39265e-04  1.00442e+00  1.00160e+00
2.36667e+01  1.01049e+00  1.00558e+00  2.26707e-03  1.01011e+00  1.00331e+00
2.37714e+01  1.01909e+00  1.00843e+00  3.54205e-03  1.01551e+00  1.00488e+00
2.38761e+01  1.02744e+00  1.01124e+00  4.79548e-03  1.02084e+00  1.00645e+00
2.39808e+01  1.03545e+00  1.01381e+00  5.96120e-03  1.02573e+00  1.00785e+00
2.40855e+01  1.04301e+00  1.01627e+00  7.07157e-03  1.03042e+00  1.00920e+00
2.41903e+01  1.05000e+00  1.01842e+00  8.06080e-03  1.03454e+00  1.01036e+00
2.42950e+01  1.05634e+00  1.02041e+00  8.96372e-03  1.03834e+00  1.01145e+00
2.43997e+01  1.06192e+00  1.02203e+00  9.71689e-03  1.04147e+00  1.01231e+00
2.45044e+01  1.06668e+00  1.02345e+00  1.03590e-02  1.04417e+00  1.01309e+00
2.46091e+01  1.07053e+00  1.02446e+00  1.08308e-02  1.04612e+00  1.01363e+00
2.47139e+01  1.07342e+00  1.02524e+00  1.11760e-02  1.04759e+00  1.01406e+00
2.48186e+01  1.07533e+00  1.02560e+00  1.13410e-02  1.04828e+00  1.01426e+00
2.49233e+01  1.07622e+00  1.02572e+00  1.13749e-02  1.04847e+00  1.01435e+00
2.50280e+01  1.07610e+00  1.02543e+00  1.12306e-02  1.04789e+00  1.01420e+00
2.51327e+01  1.07500e+00  1.02491e+00  1.09622e-02  1.04684e+00  1.01395e+00
2.52375e+01  1.07293e+00  1.02400e+00  1.05293e-02  1.04506e+00  1.01348e+00
2.53422e+01  1.06996e+00  1.02290e+00  9.98962e-03  1.04288e+00  1.01291e+00
2.54469e+01  1.06615e+00  1.02146e+00  9.30847e-03  1.04008e+00  1.01215e+00
2.55516e+01  1.06157e+00  1.01987e+00  8.54576e-03  1.03696e+00  1.01132e+00
2.56563e+01  1.05633e+00  1.01799e+00  7.67120e-03  1.03333e+00  1.01031e+00
2.57611e+01  1.05051e+00  1.01602e+00  6.74492e-03  1.02950e+00  1.00927e+00
2.58658e+01  1.04421e+00  1.01382e+00  5.73945e-03  1.02530e+00  1.00808e+00
2.59705e+01  1.03754e+00  1.01160e+00  4.71338e-03  1.02102e+00  1.00688e+00
2.60752e+01  1.03059e+00  1.00921e+00  3.64067e-03  1.01650e+00  1.00557e+00
2.61799e+01  1.02347e+00  1.00686e+00  2.57697e-03  1.01202e+00  1.00429e+00
2.62847e+01  1.01627e+00  1.00442e+00  1.49657e-03  1.00741e+00  1.00292e+00
2.63894e+01  1.00909e+00  1.00206e+00  4.51309e-04  1.00297e+00  1.00161e+00
2.64941e+01  1.00200e+00  9.99671e-01  -5.84910e-04  9.98501e-01  1.00026e+00
2.65988e+01  9.95084e-01  9.97417e-01  -1.56439e-03  9.94288e-01  9.98981e-01
2.67035e+01  9.88413e-01  9.95179e-01  -2.51398e-03  9.90151e-01  9.97693e-01
2.68083e+01  9.82049e-01  9.93121e-01  -3.39007e-03  9.86341e-01  9.96511e-01
2.69130e+01  9.76048e-01  9.91121e-01  -4.22032e-03  9.82680e-01  9.95341e-01
2.70177e+01  9.70460e-01  9.89335e-01  -4.96491e-03  9.79405e-01  9.94300e-01
2.71224e+01  9.65325e-01  9.87640e-01  -5.65220e-03  9.76336e-01  9.93292e-01
2.72271e+01  9.60679e-01  9.86185e-01  -6.24567e-03  9.73693e-01  9.92430e-01
2.73319e+01  9.56553e-01  9.84844e-01  -6.77427e-03  9.71296e-01  9.91619e-01
2.74366e+01  9.52969e-01  9.83761e-01  -7.20426e-03  9.69352e-01  9.90965e-01
2.75413e+01  9.49946e-01  9.82809e-01  -7.56507e-03  9.67679e-01  9.90374e-01
2.76460e+01  9.47499e-01  9.82123e-01  -7.82526e-03  9.66473e-01  9.89949e-01
2.77507e+01  9.45635e-01  9.81578e-01  -8.01466e-03  9.65548e-01  9.89592e-01
2.78555e+01  9.44359e-01  9.81301e-01  -8.10375e-03  9.65093e-01  9.89405e-01
2.79602e+01  9.43673e-01  9.81165e-01  -8.12278e-03  9.64919e-01  9.89288e-01
2.80649e+01  9.43572e-01  9.81294e-01  -8.04385e-03  9.65206e-01  9.89338e-01
2.81696e+01  9.44049e-01  9.81558e-01  -7.89773e-03  9.65763e-01  9.89456e-01
2.82743e+01  9.45093e-01  9.82077e-01  -7.65794e-03  9.66761e-01  9.89735e-01
2.83791e+01  9.46689e-01  9.82719e-01  -7.35592e-03  9.68007e-01  9.90075e-01
2.84838e+01  9.48819e-01  9.83598e-01  -6.96648e-03  9.69665e-01  9.90564e-01
2.85885e+01  9.51459e-01  9.84582e-01  -6.52196e-03  9.71538e-01  9.91104e-01
2.86932e+01  9.54583e-01  9.85781e-01  -5.99836e-03  9.73784e-01  9.91779e-01
2.87979e+01  9.58160e-01  9.87060e-01  -5.42912e-03  9.76202e-01  9.92489e-01
2.89027e+01  9.62157e-01  9.88526e-01  -4.79138e-03  9.78943e-01  9.93318e-01
2.90074e+01  9.66533e-01  9.90043e-01  -4.11985e-03  9.81804e-01  9.94163e-01
2.91121e+01  9.71248e-01  9.91714e-01  -3.39277e-03  9.84928e-01  9.95107e-01
2.92168e+01  9.76252e-01  9.93401e-01  -2.64614e-03  9.88109e-01  9.96047e-01
2.93215e+01  9.81497e-01  9.95204e-01  -1.85917e-03  9.91485e-01  9.97063e-01
2.94263e+01  9.86927e-01  9.96985e-01  -1.06915e-03  9.94847e-01  9.98054e-01
2.95310e+01  9.92485e-01  9.98841e-01  -2.56003e-04  9.98329e-01  9.99097e-01
2.96357e+01  9.98110e-01  1.00063e+00  5.41929e-04  1.00172e+00  1.00009e+00
2.97404e+01  1.00374e+00  1.00246e+00  1.34434e-03  1.00515e+00  1.00112e+00
2.98451e+01  1.00930e+00  1.00418e+00  2.11227e-03  1.00841e+00  1.00207e+00
2.99498e+01  1.01474e+00  1.00590e+00  2.86551e-03  1.01163e+00  1.00303e+00
3.00546e+01  1.01998e+00  1.00747e+00  3.56508e-03  1.01460e+00  1.00390e+00
3.01593e+01  1.02497e+00  1.00899e+00  4.23146e-03  1.01745e+00  1.00476e+00
3.02640e+01  1.02963e+00  1.01033e+00  4.82638e-03  1.01998e+00  1.00550e+00
3.03687e+01  1.03391e+00  1.01159e+00  5.37163e-03  1.02233e+00  1.00622e+00
3.04734e+01  1.03775e+00  1.01264e+00  5.83046e-03  1.02430e+00  1.00681e+00
3.05782e+01  1.04110e+00  1.01358e+00  6.22656e-03  1.02603e+00  1.00735e+00
3.06829e+01  1.04392e+00  1.01429e+00  6.52544e-03  1.02734e+00  1.00776e+00
3.07876e+01  1.04617e+00  1.01487e+00  6.75312e-03  1.02837e+00  1.00811e+00
3.08923e+01  1.04783e+00  1.01520e+00  6.87794e-03  1.02896e+00  1.00833e+00
3.09970e+01  1.04888e+00  1.01541e+00  6.92846e-03  1.02927e+00  1.00848e+00
3.11018e+01  1.04931e+00  1.01537e+00  6.87617e-03  1.02912e+00  1.00849e+00
3.12065e+01  1.04912e+00  1.01520e+00  6.75207e-03  1.02870e+00  1.00845e+00
3.13112e+01  1.04833e+00  1.01479e+00  6.53081e-03  1.02785e+00  1.00826e+00
3.14159e+01  1.04695e+00  1.01427e+00  6.24545e-03  1.02676e+00  1.00803e+00
3.15206e+01  1.04502e+00  1.01353e+00  5.87355e-03  1.02528e+00  1.00766e+00
3.16254e+01  1.04257e+00  1.01270e+00  5.44960e-03  1.02360e+00  1.00725e+00
3.17301e+01  1.03964e+00  1.01168e+00  4.95353e-03  1.02159e+00  1.00673e+00
3.18348e+01  1.03628e+00  1.01060e+00  4.42053e-03  1.01944e+00  1.00618e+00
3.19395e+01  1.03255e+00  1.00936e+00  3.83230e-03  1.01702e+00  1.00553e+00
3.20442e+01  1.02850e+00  1.00809e+00  3.22392e-03  1.01453e+00  1.00486e+00
3.21490e+01  1.02420e+00  1.00670e+00  2.57822e-03  1.01185e+00  1.00412e+00
3.22537e+01  1.01970e+00  1.00531e+00  1.92948e-03  1.00916e+00  1.00338e+00
3.23584e+01  1.01506e+00  1.00384e+00  1.26106e-03  1.00636e+00  1.00257e+00
3.24631e+01  1.01035e+00  1.00240e+00  6.05903e-04  1.00361e+00  1.00179e+00
3.25678e+01  1.00561e+00  1.00092e+00  -5.25795e-05  1.00082e+00  1.00097e+00
3.26726e+01  1.00091e+00  9.99509e-01  -6.83157e-04  9.98143e-01  1.00019e+00
3.27773e+01  9.96302e-01  9.98086e-01  -1.30267e-03  9.95481e-01  9.99389e-01
3.28820e+01  9.91825e-01  9.96760e-01  -1.88181e-03  9.92996e-01  9.98642e-01
3.29867e+01  9.87529e-01  9.95452e-01  -2.43788e-03  9.90576e-01  9.97890e-01
3.30914e+01  9.83456e-01  9.94266e-01  -2.94350e-03  9.88379e-01  9.97209e-01
3.31962e+01  9.79641e-01  9.93122e-01  -3.41655e-03  9.86289e-01  9.96538e-01
3.33009e+01  9.76119e-01  9.92120e-01  -3.83153e-03  9.84457e-01  9.95952e-01
3.34056e+01  9.72918e-01  9.91180e-01  -4.20693e-03  9.82766e-01  9.95387e-01
3.35103e+01  9.70064e-01  9.90398e-01  -4.51899e-03  9.81360e-01  9.94917e-01
3.36150e+01  9.67577e-01  9.89691e-01  -4.78679e-03  9.80117e-01  9.94478e-01
3.37198e+01  9.65475e-01  9.89152e-01  -4.98817e-03  9.79175e-01  9.94140e-01
3.38245e+01  9.63770e-01  9.88697e-01  -5.14279e-03  9.78412e-01  9.93840e-01
3.39292e+01  9.62473e-01  9.88416e-01  -5.22993e-03  9.77956e-01  9.93645e-01
3.40339e+01  9.61590e-01  9.88222e-01  -5.26985e-03  9.77683e-01  9.93492e-01
3.41386e+01  9.61123e-01  9.88201e-01  -5.24309e-03  9.77715e-01  9.93444e-01
3.42434e+01  9.61071e-01  9.88268e-01  -5.17053e-03  9.77927e-01  9.93438e-01
3.43481e+01  9.61430e-01  9.88502e-01  -5.03388e-03  9.78434e-01  9.93536e-01
3.44528e+01  9.62194e-01  9.88817e-01  -4.85466e-03  9.79108e-01  9.93672e-01
3.45575e+01  9.63350e-01  9.89291e-01  -4.61562e-03  9.80060e-01  9.93907e-01
3.46622e+01  9.64884e-01  9.89835e-01  -4.33899e-03  9.81157e-01  9.94174e-01
3.47670e+01  9.66780e-01  9.90525e-01  -4.00847e-03  9.82508e-01  9.94533e-01
3.48717e+01  9.69018e-01  9.91270e-01  -3.64702e-03  9.83976e-01  9.94917e-01
3.49764e+01  9.71572e-01  9.92142e-01  -3.23922e-03  9.85664e-01  9.95381e-01
3.50811e+01  9.74417e-01  9.93052e-01  -2.80873e-03  9.87435e-01  9.95861e-01
3.51858e+01  9.77524e-01  9.94068e-01  -2.34091e-03  9.89387e-01  9.96409e-01
3.52906e+01  9.80859e-01  9.95100e-01  -1.86010e-03  9.91380e-01  9.96961e-01
3.53953e+01  9.84387e-01  9.96215e-01  -1.35230e-03  9.93511e-01  9.97567e-01
3.55000e+01  9.88072e-01  9.97322e-01  -8.42425e-04  9.95637e-01  9.98164e-01
3.56047e+01  9.91872e-01  9.98485e-01  -3.16894e-04  9.97851e-01  9.98802e-01
3.57094e+01  9.95747e-01  9.99615e-01  1.98966e-04  1.00001e+00  9.99416e-01
3.58142e+01  9.99652e-01  1.00078e+00  7.18539e-04  1.00221e+00  1.00006e+00
3.59189e+01  1.00354e+00  1.00188e+00  1.21636e-03  1.00431e+00  1.00066e+00
3.60236e+01  1.00738e+00  1.00298e+00  1.70592e-03  1.00639e+00  1.00127e+00
3.61283e+01  1.01111e+00  1.00400e+00  2.16193e-03  1.00832e+00  1.00184e+00
3.62330e+01  1.01469e+00  1.00500e+00  2.59829e-03  1.01020e+00  1.00240e+00
3.63378e+01  1.01808e+00  1.00589e+00  2.99031e-03  1.01187e+00  1.00290e+00
3.64425e+01  1.02125e+00  1.00674e+00  3.35262e-03  1.01345e+00  1.00339e+00
3.65472e+01  1.02414e+00  1.00747e+00  3.66150e-03  1.01479e+00  1.00381e+00
3.66519e+01  1.02672e+00  1.00813e+00  3.93262e-03  1.01600e+00  1.00420e+00
3.67566e+01  1.02897e+00  1.00865e+00  4.14357e-03  1.01694e+00  1.00451e+00
3.68614e+01  1.03085e+00  1.00910e+00  4.31130e-03  1.01773e+00  1.00479e+00
3.69661e+01  1.03235e+00  1.00940e+00  4.41500e-03  1.01823e+00  1.00499e+00
3.70708e+01  1.03345e+00  1.00962e+00  4.47299e-03  1.01857e+00  1.00515e+00
3.71755e+01  1.03414e+00  1.00969e+00  4.46623e-03  1.01863e+00  1.00523e+00
3.72802e+01  1.03440e+00  1.00968e+00  4.41444e-03  1.01851e+00  1.00527e+00
3.73850e+01  1.03425e+00  1.00952e+00  4.30033e-03  1.01812e+00  1.00522e+00
3.74897e+01  1.03370e+00  1.00929e+00  4.14486e-03  1.01758e+00  1.00514e+00
3.75944e+01  1.03274e+00  1.00891e+00  3.93243e-03  1.01677e+00  1.00498e+00
3.76991e+01  1.03141e+00  1.00847e+00  3.68498e-03  1.01584e+00  1.00479e+00
3.78038e+01  1.02972e+00  1.00791e+00  3.38835e-03  1.01468e+00  1.00452e+00
3.79086e+01  1.02770e+00  1.00729e+00  3.06511e-03  1.01342e+00  1.00423e+00
3.80133e+01  1.02538e+00  1.00657e+00  2.70228e-03  1.01198e+00  1.00387e+00
3.81180e+01  1.02280e+00  1.00582e+00  2.32265e-03  1.01047e+00  1.00350e+00
3.82227e+01  1.01999e+00  1.00498e+00  1.91408e-03  1.00881e+00  1.00307e+00
3.83274e+01  1.01700e+00  1.00414e+00  1.49920e-03  1.00713e+00  1.00264e+00
3.84322e+01  1.01386e+00  1.00322e+00  1.06638e-03  1.00536e+00  1.00216e+00
3.85369e+01  1.01060e+00  1.00233e+00  6.37789e-04  1.00360e+00  1.00169e+00
3.86416e+01  1.00728e+00  1.00138e+00  2.01963e-04  1.00179e+00  1.00118e+00
3.87463e+01  1.00393e+00  1.00048e+00  -2.19666e-04  1.00004e+00  1.00070e+00
3.88510e+01  1.00060e+00  9.99549e-01  -6.38611e-04  9.98272e-01  1.00019e+00
3.89557e+01  9.97305e-01  9.98675e-01  -1.03438e-03  9.96606e-01  9.99710e-01
3.90605e+01  9.94098e-01  9.97800e-01  -1.41873e-03  9.94963e-01  9.99219e-01
3.91652e+01  9.91007e-01  9.96997e-01  -1.77224e-03  9.93453e-01  9.98769e-01
3.92699e+01  9.88065e-01  9.96211e-01  -2.10700e-03  9.91997e-01  9.98318e-01
3.93746e+01  9.85298e-01  9.95511e-01  -2.40472e-03  9.90702e-01  9.97916e-01
3.94793e+01  9.82735e-01  9.94843e-01  -2.67796e-03  9.89487e-01  9.97521e-01
3.95841e+01  9.80396e-01  9.94273e-01  -2.90952e-03  9.88454e-01  9.97183e-01
3.96888e+01  9.78304e-01  9.93746e-01  -3.11245e-03  9.87521e-01  9.96859e-01
3.97935e+01  9.76475e-01  9.93327e-01  -3.27064e-03  9.86786e-01  9.96598e-01
3.98982e+01  9.74924e-01  9.92958e-01  -3.39766e-03  9.86163e-01  9.96356e-01
4.00029e+01  9.73662e-01  9.92702e-01  -3.47844e-03  9.85745e-01  9.96181e-01
4.01077e+01  9.72699e-01  9.92501e-01  -3.52707e-03  9.85447e-01  9.96028e-01
4.02124e+01  9.72040e-01  9.92415e-01  -3.52943e-03  9.85356e-01  9.95944e-01
4.03171e+01  9.71688e-01  9.92384e-01  -3.50017e-03  9.85384e-01  9.95884e-01
4.04218e+01  9.71644e-01  9.92467e-01  -3.42604e-03  9.85615e-01  9.95893e-01
4.05265e+01  9.71905e-01  9.92602e-01  -3.32223e-03  9.85958e-01  9.95924e-01
4.06313e+01  9.72465e-01  9.92846e-01  -3.17631e-03  9.86493e-01  9.96022e-01
4.07360e+01  9.73318e-01  9.93137e-01  -3.00400e-03  9.87129e-01  9.96141e-01
4.08407e+01  9.74451e-01  9.93529e-01  -2.79362e-03  9.87941e-01  9.96322e-01
4.09454e+01  9.75853e-01  9.93959e-01  -2.56138e-03  9.88836e-01  9.96520e-01
4.10501e+01  9.77506e-01  9.94478e-01  -2.29626e-03  9.89886e-01  9.96775e-01
4.11549e+01  9.79393e-01  9.95025e-01  -2.01494e-03  9.90995e-01  9.97040e-01
4.12596e+01  9.81494e-01  9.95649e-01  -1.70697e-03  9.92235e-01  9.97355e-01
4.13643e+01  9.83786e-01  9.96286e-01  -1.38943e-03  9.93507e-01  9.97675e-01
4.14690e+01  9.86244e-01  9.96984e-01  -1.05229e-03  9.94879e-01  9.98036e-01
4.15737e+01  9.88840e-01  9.97681e-01  -7.12958e-04  9.96255e-01  9.98394e-01
4.16785e+01  9.91548e-01  9.98423e-01  -3.61697e-04  9.97699e-01  9.98784e-01
4.17832e+01  9.94336e-01  9.99147e-01  -1.60799e-05  9.99115e-01  9.99163e-01
4.18879e+01  9.97175e-01  9.99899e-01  3.33489e-04  1.00057e+00  9.99565e-01
4.19926e+01  1.00003e+00  1.00062e+00  6.69441e-04  1.00196e+00  9.99947e-01
4.20973e+01  1.00287e+00  1.00134e+00  1.00142e-03  1.00335e+00  1.00034e+00
4.22021e+01  1.00567e+00  1.00202e+00  1.31205e-03  1.00465e+00  1.00071e+00
4.23068e+01  1.00839e+00  1.00270e+00  1.61123e-03  1.00592e+00  1.00108e+00
4.24115e+01  1.01099e+00  1.00330e+00  1.88200e-03  1.00707e+00  1.00142e+00
4.25162e+01  1.01345e+00  1.00389e+00  2.13470e-03  1.00816e+00  1.00175e+00
4.26209e+01  1.01575e+00  1.00440e+00  2.35298e-03  1.00910e+00  1.00205e+00
4.27257e+01  1.01785e+00  1.00488e+00  2.54780e-03  1.00997e+00  1.00233e+00
4.28304e+01  1.01972e+00  1.00526e+00  2.70364e-03  1.01067e+00  1.00256e+00
4.29351e+01  1.02135e+00  1.00561e+00  2.83221e-03  1.01128e+00  1.00278e+00
4.30398e+01  1.02272e+00  1.00586e+00  2.91897e-03  1.01170e+00  1.00295e+00
4.31445e+01  1.02381e+00  1.00607e+00  2.97644e-03  1.01202e+00  1.00309e+00
4.32493e+01  1.02461e+00  1.00618e+00  2.99115e-03  1.01216e+00  1.00319e+00
4.33540e+01  1.02512e+00  1.00624e+00  2.97646e-03  1.01219e+00  1.00326e+00
4.34587e+01  1.02532e+00  1.00620e+00  2.92002e-03  1.01204e+00  1.00328e+00
4.35634e+01  1.02522e+00  1.00611e+00  2.83594e-03  1.01178e+00  1.00328e+00
4.36681e+01  1.02483e+00  1.00593e+00  2.71294e-03  1.01136e+00  1.00322e+00
4.37729e+01  1.02415e+00  1.00571e+00  2.56579e-03  1.01084e+00  1.00314e+00
4.38776e+01  1.02320e+00  1.00540e+00  2.38415e-03  1.01017e+00  1.00302e+00
4.39823e+01  1.02198e+00  1.00506e+00  2.18329e-03  1.00943e+00  1.00288e+00
4.40870e+01  1.02052e+00  1.00464e+00  1.95365e-03  1.00855e+00  1.00269e+00
4.41917e+01  1.01884e+00  1.00420e+00  1.71079e-03  1.00762e+00  1.00249e+00
4.42965e+01  1.01697e+00  1.00370e+00  1.44574e-03  1.00659e+00  1.00225e+00
4.44012e+01  1.01492e+00  1.00318e+00  1.17415e-03  1.00553e+00  1.00201e+00
4.45059e+01  1.01272e+00  1.00261e+00  8.87448e-04  1.00439e+00  1.00173e+00
4.46106e+01  1.01041e+00  1.00205e+00  6.01131e-04  1.00325e+00  1.00145e+00
4.47153e+01  1.00801e+00  1.00145e+00  3.06843e-04  1.00207e+00  1.00115e+00
4.48201e+01  1.00555e+00  1.00087e+00  1.97605e-05  1.00091e+00  1.00085e+00
4.49248e+01  1.00306e+00  1.00026e+00  -2.68438e-04  9.99727e-01  1.00053e+00
4.50295e+01  1.00057e+00  9.99689e-01  -5.43054e-04  9.98603e-01  1.00023e+00
4.51342e+01  9.98110e-01  9.99105e-01  -8.12517e-04  9.97480e-01  9.99917e-01
4.52389e+01  9.95701e-01  9.98563e-01  -1.06273e-03  9.96437e-01  9.99626e-01
4.53437e+01  9.93371e-01  9.98024e-01  -1.30233e-03  9.95420e-01  9.99327e-01
4.54484e+01  9.91145e-01  9.97539e-01  -1.51790e-03  9.94503e-01  9.99057e-01
4.55531e+01  9.89044e-01  9.97067e-01  -1.71838e-03  9.93630e-01  9.98786e-01
4.56578e+01  9.87091e-01  9.96658e-01  -1.89108e-03  9.92876e-01  9.98549e-01
4.57625e+01  9.85303e-01  9.96271e-01  -2.04530e-03  9.92180e-01  9.98316e-01
4.58673e+01  9.83696e-01  9.95953e-01  -2.16907e-03  9.91615e-01  9.98122e-01
4.59720e+01  9.82287e-01  9.95663e-01  -2.27209e-03  9.91119e-01  9.97935e-01
4.60767e+01  9.81085e-01  9.95448e-01  -2.34314e-03  9.90762e-01  9.97791e-01
4.61814e+01  9.80103e-01  9.95265e-01  -2.39232e-03  9.90480e-01  9.97657e-01
4.62861e+01  9.79347e-01  9.95159e-01  -2.40910e-03  9.90340e-01  9.97568e-01
4.63909e+01  9.78822e-01  9.95086e-01  -2.40402e-03  9.90278e-01  9.97490e-01
4.64956e+01  9.78533e-01  9.95091e-01  -2.36721e-03  9.90356e-01  9.97458e-01
4.66003e+01  9.78479e-01  9.95128e-01  -2.30964e-03  9.90509e-01  9.97438e-01
4.67050e+01  9.78659e-01  9.95240e-01  -2.22203e-03  9.90796e-01  9.97462e-01
4.68097e+01  9.79069e-01  9.95383e-01  -2.11577e-03  9.91151e-01  9.97498e-01
4.69145e+01  9.79704e-01  9.95595e-01  -1.98213e-03  9.91631e-01  9.97577e-01
4.70192e+01  9.80556e-01  9.95833e-01  -1.83286e-03  9.92167e-01  9.97666e-01
4.71239e+01  9.81614e-01  9.96134e-01  -1.65975e-03  9.92814e-01  9.97794e-01
4.72286e+01  9.82866e-01  9.96454e-01  -1.47485e-03  9.93504e-01  9.97929e-01
4.73333e+01  9.84298e-01  9.96830e-01  -1.27038e-03  9.94289e-01  9.98100e-01
4.74380e+01  9.85895e-01  9.97216e-01  -1.05863e-03  9.95098e-01  9.98274e-01
4.75428e+01  9.87637e-01  9.97648e-01  -8.32158e-04  9.95983e-01  9.98480e-01
4.76475e+01  9.89507e-01  9.98081e-01  -6.03448e-04  9.96874e-01  9.98684e-01
4.77522e+01  9.91484e-01  9.98549e-01  -3.65252e-04  9.97819e-01  9.98914e-01
4.78569e+01  9.93545e-01  9.99008e-01  -1.30154e-04  9.98748e-01  9.99138e-01
4.79616e+01  9.95668e-01  9.99492e-01  1.08990e-04  9.99710e-01  9.99383e-01
4.80664e+01  9.97829e-01  9.99955e-01  3.39631e-04  1.00063e+00  9.99616e-01
4.81711e+01  1.00000e+00  1.00043e+00  5.68927e-04  1.00157e+00  9.99864e-01
4.82758e+01  1.00217e+00  1.00088e+00  7.84490e-04  1.00245e+00  1.00010e+00
4.83805e+01  1.00430e+00  1.00133e+00  9.93622e-04  1.00332e+00  1.00034e+00
4.84852e+01  1.00637e+00  1.00174e+00  1.18422e-03  1.00411e+00  1.00055e+00
4.85900e+01  1.00835e+00  1.00214e+00  1.36386e-03  1.00487e+00  1.00078e+00
4.86947e+01  1.01023e+00  1.00250e+00  1.52086e-03  1.00554e+00  1.00098e+00
4.87994e+01  1.01198e+00  1.00284e+00  1.66315e-03  1.00616e+00  1.00117e+00
4.89041e+01  1.01358e+00  1.00312e+00  1.77960e-03  1.00668e+00  1.00134e+00
4.90088e+01  1.01502e+00  1.00338e+00  1.87861e-03  1.00714e+00  1.00150e+00
4.91136e+01  1.01627e+00  1.00358e+00  1.94965e-03  1.00748e+00  1.00163e+00
4.92183e+01  1.01733e+00  1.00376e+00  2.00163e-03  1.00776e+00  1.00175e+00
4.93230e+01  1.01818e+00  1.00387e+00  2.02473e-03  1.00792e+00  1.00184e+00
4.94277e+01  1.01881e+00  1.00395e+00  2.02838e-03  1.00801e+00  1.00192e+00
4.95324e+01  1.01921e+00  1.00397e+00  2.00345e-03  1.00797e+00  1.00196e+00
4.96372e+01  1.01939e+00  1.00396e+00  1.95990e-03  1.00788e+00  1.00200e+00
4.97419e+01  1.01935e+00  1.00388e+00  1.88929e-03  1.00766e+00  1.00200e+00
4.98466e+01  1.01908e+00  1.00379e+00  1.80202e-03  1.00739e+00  1.00198e+00
4.99513e+01  1.01859e+00  1.00363e+00  1.69027e-03  1.00701e+00  1.00194e+00
5.00560e+01  1.01789e+00  1.00345e+00  1.56482e-03  1.00658e+00  1.00188e+00
5.01608e+01  1.01699e+00  1.00321e+00  1.41838e-03  1.00605e+00  1.00180e+00
5.02655e+01  1.01590e+00  1.00297e+00  1.26199e-03  1.00549e+00  1.00170e+00
5.03702e+01  1.01464e+00  1.00267e+00  1.08879e-03  1.00485e+00  1.00158e+00
5.04749e+01  1.01322e+00  1.00237e+00  9.09926e-04  1.00419e+00  1.00146e+00
5.05796e+01  1.01167e+00  1.00202e+00  7.18874e-04  1.00346e+00  1.00131e+00
5.06844e+01  1.01000e+00  1.00168e+00  5.26750e-04  1.00274e+00  1.00115e+00
5.07891e+01  1.00824e+00  1.00131e+00  3.27226e-04  1.00196e+00  1.00098e+00
5.08938e+01  1.00640e+00  1.00095e+00  1.31279e-04  1.00121e+00  1.00081e+00
5.09985e+01  1.00451e+00  1.00056e+00  -6.73444e-05  1.00043e+00  1.00063e+00
5.11032e+01  1.00260e+00  1.00019e+00  -2.57921e-04  9.99677e-01  1.00045e+00
5.12080e+01  1.00067e+00  9.99812e-01  -4.46736e-04  9.98919e-01  1.00026e+00
5.13127e+01  9.98757e-01  9.99458e-01  -6.23408e-04  9.98211e-01  1.00008e+00
5.14174e+01  9.96880e-01  9.99099e-01  -7.94347e-04  9.97510e-01  9.99893e-01
5.15221e+01  9.95058e-01  9.98772e-01  -9.49586e-04  9.96873e-01  9.99722e-01
5.16268e+01  9.93312e-01  9.98449e-01  -1.09573e-03  9.96258e-01  9.99545e-01
5.17316e+01  9.91658e-01  9.98165e-01  -1.22328e-03  9.95719e-01  9.99389e-01
5.18363e+01  9.90114e-01  9.97891e-01  -1.33908e-03  9.95212e-01  9.99230e-01
5.19410e+01  9.88695e-01  9.97660e-01  -1.43413e-03  9.94792e-01  9.99094e-01
5.20457e+01  9.87414e-01  9.97443e-01  -1.51557e-03  9.94412e-01  9.98959e-01
5.21504e+01  9.86285e-01  9.97275e-01  -1.57489e-03  9.94125e-01  9.98850e-01
5.22552e+01  9.85316e-01  9.97124e-01  -1.61955e-03  9.93884e-01  9.98743e-01
5.23599e+01  9.84518e-01  9.97022e-01  -1.64153e-03  9.93739e-01  9.98664e-01
5.24646e+01  9.83895e-01  9.96940e-01  -1.64862e-03  9.93643e-01  9.98589e-01
5.25693e+01  9.83455e-01  9.96909e-01  -1.63328e-03  9.93643e-01  9.98543e-01
5.26740e+01  9.83199e-01  9.96897e-01  -1.60359e-03  9.93690e-01  9.98501e-01
5.27788e+01  9.83128e-01  9.96936e-01  -1.55249e-03  9.93831e-01  9.98488e-01
5.28835e+01  9.83242e-01  9.96992e-01  -1.48835e-03  9.94015e-01  9.98480e-01
5.29882e+01  9.83539e-01  9.97096e-01  -1.40452e-03  9.94287e-01  9.98501e-01
5.30929e+01  9.84014e-01  9.97216e-01  -1.30962e-03  9.94597e-01  9.98525e-01
5.31976e+01  9.84661e-01  9.97380e-01  -1.19740e-03  9.94985e-01  9.98577e-01
5.33024e+01  9.85472e-01  9.97555e-01  -1.07670e-03  9.95402e-01  9.98632e-01
5.34071e+01  9.86438e-01  9.97770e-01  -9.41548e-04  9.95887e-01  9.98712e-01
5.35118e+01  9.87547e-01  9.97992e-01  -8.00983e-04  9.96390e-01  9.98793e-01
5.36165e+01  9.88788e-01  9.98247e-01  -6.49283e-04  9.96949e-01  9.98897e-01
5.37212e+01  9.90145e-01  9.98504e-01  -4.95588e-04  9.97513e-01  9.98999e-01
5.38260e+01  9.91605e-01  9.98788e-01  -3.34347e-04  9.98119e-01  9.99122e-01
5.39307e+01  9.93151e-01  9.99066e-01  -1.74745e-04  9.98717e-01  9.99241e-01
5.40354e+01  9.94765e-01  9.99366e-01  -1.13187e-05  9.99343e-01  9.99377e-01
5.41401e+01  9.96429e-01  9.99653e-01  1.46784e-04  9.99947e-01  9.99506e-01
5.42448e+01  9.98126e-01  9.99954e-01  3.05020e-04  1.00056e+00  9.99649e-01
5.43496e+01  9.99835e-01  1.00024e+00  4.54363e-04  1.00115e+00  9.99783e-01
5.44543e+01  1.00154e+00  1.00053e+00  6.00348e-04  1.00173e+00  9.99927e-01
5.45590e+01  1.00322e+00  1.00079e+00  7.34154e-04  1.00226e+00  1.00006e+00
5.46637e+01  1.00485e+00  1.00106e+00  8.61475e-04  1.00278e+00  1.00020e+00
5.47684e+01  1.00642e+00  1.00129e+00  9.73774e-04  1.00324e+00  1.00032e+00
5.48732e+01  1.00791e+00  1.00153e+00  1.07698e-03  1.00368e+00  1.00045e+00
5.49779e+01  1.00930e+00  1.00172e+00  1.16290e-03  1.00405e+00  1.00056e+00
5.50826e+01  1.01057e+00  1.00191e+00  1.23775e-03  1.00438e+00  1.00067e+00
5.51873e+01  1.01172e+00  1.00206e+00  1.29376e-03  1.00464e+00  1.00076e+00
5.52920e+01  1.01273e+00  1.00219e+00  1.33747e-03  1.00487e+00  1.00086e+00
5.53968e+01  1.01358e+00  1.00229e+00  1.36155e-03  1.00501e+00  1.00093e+00
5.55015e+01  1.01428e+00  1.00237e+00  1.37287e-03  1.00512e+00  1.00100e+00
5.56062e+01  1.01480e+00  1.00241e+00  1.36459e-03  1.00514e+00  1.00104e+00
5.57109e+01  1.01515e+00  1.00243e+00  1.34390e-03  1.00512e+00  1.00109e+00
5.58156e+01  1.01532e+00  1.00242e+00  1.30440e-03  1.00503e+00  1.00111e+00
5.59203e+01  1.01532e+00  1.00239e+00  1.25360e-03  1.00489e+00  1.00113e+00
5.60251e+01  1.01514e+00  1.00232e+00  1.18553e-03  1.00469e+00  1.00113e+00
5.61298e+01  1.01479e+00  1.00223e+00  1.10795e-03  1.00445e+00  1.00113e+00
5.62345e+01  1.01427e+00  1.00211e+00  1.01525e-03  1.00415e+00  1.00110e+00
5.63392e+01  1.01359e+00  1.00199e+00  9.15388e-04  1.00382e+00  1.00107e+00
5.64439e+01  1.01276e+00  1.00183e+00  8.03073e-04  1.00343e+00  1.00102e+00
5.65487e+01  1.01179e+00  1.00166e+00  6.86361e-04  1.00303e+00  1.00097e+00
5.66534e+01  1.01070e+00  1.00147e+00  5.60199e-04  1.00259e+00  1.00091e+00
5.67581e+01  1.00949e+00  1.00127e+00  4.32669e-04  1.00214e+00  1.00084e+00
5.68628e+01  1.00819e+00  1.00105e+00  2.98875e-04  1.00165e+00  1.00076e+00
5.69675e+01  1.00681e+00  1.00084e+00  1.66844e-04  1.00118e+00  1.00068e+00
5.70723e+01  1.00536e+00  1.00061e+00  3.17548e-05  1.00068e+00  1.00058e+00
5.71770e+01  1.00387e+00  1.00039e+00  -9.84983e-05  1.00020e+00  1.00049e+00
5.72817e+01  1.00234e+00  1.00016e+00  -2.28733e-04  9.99703e-01  1.00039e+00
5.73864e+01  1.00081e+00  9.99943e-01  -3.51258e-04  9.99240e-01  1.00029e+00
5.74911e+01  9.99282e-01  9.99718e-01  -4.70954e-04  9.98776e-01  1.00019e+00
5.75959e+01  9.97776e-01  9.99513e-01  -5.80387e-04  9.98352e-01  1.00009e+00
5.77006e+01  9.96310e-01  9.99306e-01  -6.84557e-04  9.97937e-01  9.99990e-01
5.78053e+01  9.94898e-01  9.99122e-01  -7.76332e-04  9.97569e-01  9.99898e-01
5.79100e+01  9.93556e-01  9.98940e-01  -8.60874e-04  9.97218e-01  9.99801e-01
5.80147e+01  9.92298e-01  9.98785e-01  -9.31382e-04  9.96922e-01  9.99716e-01
5.81195e+01  9.91137e-01  9.98635e-01  -9.93213e-04  9.96648e-01  9.99628e-01
5.82242e+01  9.90083e-01  9.98515e-01  -1.03991e-03  9.96435e-01  9.99555e-01
5.83289e+01  9.89148e-01  9.98401e-01  -1.07705e-03  9.96247e-01  9.99478e-01
5.84336e+01  9.88340e-01  9.98320e-01  -1.09853e-03  9.96123e-01  9.99418e-01
5.85383e+01  9.87666e-01  9.98247e-01  -1.11014e-03  9.96026e-01  9.99357e-01
5.86431e+01  9.87134e-01  9.98206e-01  -1.10612e-03  9.95994e-01  9.99312e-01
5.87478e+01  9.86747e-01  9.98175e-01  -1.09249e-03  9.95990e-01  9.99267e-01
5.88525e+01  9.86508e-01  9.98175e-01  -1.06381e-03  9.96048e-01  9.99239e-01
5.89572e+01  9.86419e-01  9.98185e-01  -1.02631e-03  9.96132e-01  9.99211e-01
5.90619e+01  9.86480e-01  9.98226e-01  -9.74865e-04  9.96276e-01  9.99200e-01
5.91667e+01  9.86688e-01  9.98274e-01  -9.15868e-04  9.96442e-01  9.99190e-01
5.92714e+01  9.87042e-01  9.98352e-01  -8.44467e-04  9.96663e-01  9.99196e-01
5.93761e+01  9.87535e-01  9.98435e-01  -7.67216e-04  9.96900e-01  9.99202e-01
5.94808e+01  9.88163e-01  9.98545e-01  -6.79487e-04  9.97186e-01  9.99225e-01
5.95855e+01  9.88918e-01  9.98658e-01  -5.87950e-04  9.97482e-01  9.99246e-01
5.96903e+01  9.89791e-01  9.98795e-01  -4.88156e-04  9.97819e-01  9.99283e-01
5.97950e+01  9.90772e-01  9.98931e-01  -3.86846e-04  9.98158e-01  9.99318e-01
5.98997e+01  9.91850e-01  9.99088e-01  -2.79697e-04  9.98529e-01  9.99368e-01
6.00044e+01  9.93013e-01  9.99241e-01  -1.73471e-04  9.98894e-01  9.99414e-01
6.01091e+01  9.94248e-01  9.99410e-01  -6.39181e-05  9.99282e-01  9.99474e-01
6.02139e+01  9.95542e-01  9.99572e-01  4.22341e-05  9.99656e-01  9.99530e-01
6.03186e+01  9.96878e-01  9.99746e-01  1.49223e-04  1.00004e+00  9.99597e-01
6.04233e+01  9.98244e-01  9.99908e-01  2.50408e-04  1.00041e+00  9.99658e-01
6.05280e+01  9.99623e-01  1.00008e+00  3.50069e-04  1.00078e+00  9.99729e-01
6.06327e+01  1.00100e+00  1.00024e+00  4.41710e-04  1.00112e+00  9.99794e-01
6.07375e+01  1.00236e+00  1.00040e+00  5.29704e-04  1.00146e+00  9.99866e-01
6.08422e+01  1.00369e+00  1.00054e+00  6.07749e-04  1.00175e+00  9.99931e-01
6.09469e+01  1.00496e+00  1.00068e+00  6.80359e-04  1.00204e+00  1.00000e+00
6.10516e+01  1.00618e+00  1.00081e+00  7.41473e-04  1.00229e+00  1.00006e+00
6.11563e+01  1.00732e+00  1.00093e+00  7.95777e-04  1.00252e+00  1.00013e+00
6.12611e+01  1.00837e+00  1.00103e+00  8.37487e-04  1.00270e+00  1.00019e+00
6.13658e+01  1.00932e+00  1.00112e+00  8.71490e-04  1.00286e+00  1.00025e+00
6.14705e+01  1.01016e+00  1.00119e+00  8.92298e-04  1.00298e+00  1.00030e+00
6.15752e+01  1.01088e+00  1.00126e+00  9.05012e-04  1.00307e+00  1.00035e+00
6.16799e+01  1.01147e+00  1.00130e+00  9.04452e-04  1.00310e+00  1.00039e+00
6.17847e+01  1.01193e+00  1.00133e+00  8.95929e-04  1.00312e+00  1.00043e+00
6.18894e+01  1.01224e+00  1.00134e+00  8.74565e-04  1.00309e+00  1.00046e+00
6.19941e+01  1.01242e+00  1.00134e+00  8.45868e-04  1.00303e+00  1.00050e+00
6.20988e+01  1.01245e+00  1.00132e+00  8.05245e-04  1.00293e+00  1.00052e+00
6.22035e+01  1.01234e+00  1.00129e+00  7.58369e-04  1.00281e+00  1.00054e+00
6.23083e+01  1.01209e+00  1.00125e+00  7.00902e-04  1.00265e+00  1.00054e+00
6.24130e+01  1.01170e+00  1.00119e+00  6.38647e-04  1.00247e+00  1.00055e+00
6.25177e+01  1.01118e+00  1.00112e+00  5.67481e-04  1.00225e+00  1.00055e+00
6.26224e+01  1.01054e+00  1.00104e+00  4.93286e-04  1.00203e+00  1.00055e+00
6.27271e+01  1.00979e+00  1.00095e+00  4.12108e-04  1.00177e+00  1.00054e+00
6.28319e+01  1.00893e+00  1.00086e+00  3.29858e-04  1.00151e+00  1.00053e+00
6.29366e+01  1.00797e+00  1.00075e+00  2.42699e-04  1.00123e+00  1.00050e+00
6.30413e+01  1.00693e+00  1.00064e+00  1.56521e-04  1.00095e+00  1.00048e+00
6.31460e+01  1.00582e+00  1.00052e+00  6.75495e-05  1.00065e+00  1.00045e+00
6.32507e+01  1.00466e+00  1.00041e+00  -1.84009e-05  1.00037e+00  1.00043e+00
6.33555e+01  1.00345e+00  1.00028e+00  -1.05087e-04  1.00007e+00  1.00039e+00
6.34602e+01  1.00222e+00  1.00017e+00  -1.86818e-04  9.99795e-01  1.00035e+00
6.35649e+01  1.00097e+00  1.00005e+00  -2.67380e-04  9.99511e-01  1.00031e+00
6.36696e+01  9.99715e-01  9.99935e-01  -3.41244e-04  9.99252e-01  1.00028e+00
6.37743e+01  9.98478e-01  9.99819e-01  -4.12268e-04  9.98994e-01  1.00023e+00
6.38791e+01  9.97268e-01  9.99717e-01  -4.75116e-04  9.98766e-01  1.00019e+00
6.39838e+01  9.96098e-01  9.99611e-01  -5.33748e-04  9.98544e-01  1.00014e+00
6.40885e+01  9.94982e-01  9.99522e-01  -5.83049e-04  9.98356e-01  1.00010e+00
6.41932e+01  9.93930e-01  9.99431e-01  -6.27102e-04  9.98177e-01  1.00006e+00
6.42979e+01  9.92953e-01  9.99358e-01  -6.61026e-04  9.98036e-01  1.00002e+00
6.44026e+01  9.92062e-01  9.99285e-01  -6.89046e-04  9.97907e-01  9.99974e-01
6.45074e+01  9.91265e-01  9.99231e-01  -7.06520e-04  9.97818e-01  9.99937e-01
6.46121e+01  9.90571e-01  9.99178e-01  -7.17819e-04  9.97742e-01  9.99895e-01
6.47168e+01  9.89985e-01  9.99143e-01  -7.18542e-04  9.97706e-01  9.99862e-01
6.48215e+01  9.89514e-01  9.99111e-01  -7.13204e-04  9.97684e-01  9.99824e-01
6.49262e+01  9.89162e-01  9.99097e-01  -6.97630e-04  9.97702e-01  9.99795e-01
6.50310e+01  9.88931e-01  9.99085e-01  -6.76471e-04  9.97732e-01  9.99762e-01
6.51357e+01  9.88823e-01  9.99092e-01  -6.45766e-04  9.97800e-01  9.99738e-01
6.52404e+01  9.88839e-01  9.99100e-01  -6.10285e-04  9.97879e-01  9.99710e-01
6.53451e+01  9.88977e-01  9.99125e-01  -5.66252e-04  9.97993e-01  9.99692e-01
6.54498e+01  9.89236e-01  9.99151e-01  -5.18536e-04  9.98114e-01  9.99670e-01
6.55546e+01  9.89612e-01  9.99194e-01  -4.63521e-04  9.98267e-01  9.99658e-01
6.56593e+01  9.90101e-01  9.99236e-01  -4.06144e-04  9.98424e-01  9.99642e-01
6.57640e+01  9.90696e-01  9.99293e-01  -3.42918e-04  9.98608e-01  9.99636e-01
6.58687e+01  9.91391e-01  9.99348e-01  -2.78816e-04  9.98791e-01  9.99627e-01
6.59734e+01  9.92177e-01  9.99417e-01  -2.10443e-04  9.98996e-01  9.99627e-01
6.60782e+01  9.93046e-01  9.99481e-01  -1.42776e-04  9.99196e-01  9.99624e-01
6.61829e+01  9.93989e-01  9.99558e-01  -7.24717e-05  9.99413e-01  9.99630e-01
6.62876e+01  9.94994e-01  9.99628e-01  -4.47635e-06  9.99619e-01  9.99633e-01
6.63923e+01  9.96050e-01  9.99709e-01  6.45380e-05  9.99838e-01  9.99644e-01
6.64970e+01  9.97145e-01  9.99782e-01  1.29694e-04  1.00004e+00  9.99652e-01
6.66018e+01  9.98267e-01  9.99863e-01  1.94340e-04  1.00025e+00  9.99669e-01
6.67065e+01  9.99404e-01  9.99935e-01  2.53701e-04  1.00044e+00  9.99682e-01
6.68112e+01  1.00054e+00  1.00001e+00  3.11180e-04  1.00064e+00  9.99703e-01
6.69159e+01  1.00167e+00  1.00008e+00  3.62138e-04  1.00081e+00  9.99719e-01
6.70206e+01  1.00278e+00  1.00015e+00  4.10058e-04  1.00097e+00  9.99744e-01
6.71254e+01  1.00384e+00  1.00021e+00  4.50463e-04  1.00112e+00  9.99764e-01
6.72301e+01  1.00486e+00  1.00028e+00  4.86941e-04  1.00125e+00  9.99792e-01
6.73348e+01  1.00582e+00  1.00033e+00  5.15197e-04  1.00136e+00  9.99815e-01
6.74395e+01  1.00671e+00  1.00038e+00  5.38939e-04  1.00146e+00  9.99845e-01
6.75442e+01  1.00752e+00  1.00042e+00  5.54068e-04  1.00153e+00  9.99870e-01
6.76490e+01  1.00825e+00  1.00047e+00  5.64417e-04  1.00159e+00  9.99901e-01
6.77537e+01  1.00887e+00  1.00049e+00  5.66089e-04  1.00163e+00  9.99927e-01
6.78584e+01  1.00939e+00  1.00052e+00  5.63041e-04  1.00165e+00  9.99959e-01
6.79631e+01  1.00980e+00  1.00054e+00  5.51574e-04  1.00164e+00  9.99985e-01
6.80678e+01  1.01010e+00  1.00055e+00  5.35761e-04  1.00162e+00  1.00002e+00
6.81726e+01  1.01028e+00  1.00056e+00  5.12086e-04  1.00158e+00  1.00004e+00
6.82773e+01  1.01034e+00  1.00056e+00  4.84725e-04  1.00153e+00  1.00007e+00
6.83820e+01  1.01029e+00  1.00055e+00  4.50326e-04  1.00145e+00  1.00010e+00
6.84867e+01  1.01011e+00  1.00054e+00  4.13140e-04  1.00137e+00  1.00013e+00
6.85914e+01  1.00983e+00  1.00052e+00  3.69957e-04  1.00126e+00  1.00015e+00
6.86962e+01  1.00943e+00  1.00050e+00  3.25076e-04  1.00116e+00  1.00018e+00
6.88009e+01  1.00893e+00  1.00048e+00  2.75398e-04  1.00103e+00  1.00020e+00
6.89056e+01  1.00834e+00  1.00045e+00  2.25237e-04  1.00090e+00  1.00023e+00
6.90103e+01  1.00765e+00  1.00041e+00  1.71576e-04  1.00076e+00  1.00024e+00
6.91150e+01  1.00688e+00  1.00038e+00  1.18711e-04  1.00062e+00  1.00026e+00
6.92198e+01  1.00604e+00  1.00034e+00  6.36719e-05  1.00047e+00  1.00028e+00
6.93245e+01  1.00514e+00  1.00031e+00  1.07059e-05  1.00033e+00  1.00030e+00
6.94292e+01  1.00418e+00  1.00026e+00  -4.31425e-05  1.00018e+00  1.00031e+00
6.95339e+01  1.00319e+00  1.00023e+00  -9.37047e-05  1.00004e+00  1.00032e+00
6.96386e+01  1.00216e+00  1.00018e+00  -1.43950e-04  9.99893e-01  1.00032e+00
6.97434e+01  1.00112e+00  1.00014e+00  -1.89816e-04  9.99764e-01  1.00033e+00
6.98481e+01  1.00008e+00  1.00010e+00  -2.34312e-04  9.99631e-01  1.00033e+00
6.99528e+01  9.99042e-01  1.00006e+00  -2.73501e-04  9.99517e-01  1.00034e+00
7.00575e+01  9.98022e-01  1.00002e+00  -3.10453e-04  9.99402e-01  1.00033e+00
7.01622e+01  9.97032e-01  9.99990e-01  -3.41375e-04  9.99307e-01  1.00033e+00
7.02670e+01  9.96081e-01  9.99952e-01  -3.69412e-04  9.99213e-01  1.00032e+00
7.03717e+01  9.95181e-01  9.99924e-01  -3.90924e-04  9.99142e-01  1.00031e+00
7.04764e+01  9.94341e-01  9.99891e-01  -4.09141e-04  9.99072e-01  1.00030e+00
7.05811e+01  9.93569e-01  9.99867e-01  -4.20582e-04  9.99026e-01  1.00029e+00
7.06858e+01  9.92873e-01  9.99839e-01  -4.28563e-04  9.98982e-01  1.00027e+00
7.07906e+01  9.92260e-01  9.99821e-01  -4.29761e-04  9.98961e-01  1.00025e+00
7.08953e+01  9.91737e-01  9.99798e-01  -4.27579e-04  9.98943e-01  1.00023e+00
7.10000e+01  9.91308e-01  9.99785e-01  -4.18841e-04  9.98948e-01  1.00020e+00
7.11047e+01  9.90978e-01  9.99768e-01  -4.07030e-04  9.98954e-01  1.00018e+00
7.12094e+01  9.90749e-01  9.99761e-01  -3.89110e-04  9.98982e-01  1.00015e+00
7.13142e+01  9.90623e-01  9.99749e-01  -3.68628e-04  9.99012e-01  1.00012e+00
7.14189e+01  9.90601e-01  9.99746e-01  -3.42670e-04  9.99061e-01  1.00009e+00
7.15236e+01  9.90682e-01  9.99739e-01  -3.14836e-04  9.99109e-01  1.00005e+00
7.16283e+01  9.90866e-01  9.99740e-01  -2.82315e-04  9.99176e-01  1.00002e+00
7.17330e+01  9.91150e-01  9.99737e-01  -2.48736e-04  9.99240e-01  9.99986e-01
7.18378e+01  9.91529e-01  9.99743e-01  -2.11372e-04  9.99320e-01  9.99954e-01
7.19425e+01  9.92001e-01  9.99743e-01  -1.73862e-04  9.99395e-01  9.99917e-01
7.20472e+01  9.92558e-01  9.99751e-01  -1.33537e-04  9.99484e-01  9.99885e-01
7.21519e+01  9.93195e-01  9.99754e-01  -9.40235e-05  9.99566e-01  9.99848e-01
7.22566e+01  9.93905e-01  9.99764e-01  -5.26873e-05  9.99659e-01  9.99817e-01
7.23614e+01  9.94679e-01  9.99769e-01  -1.31209e-05  9.99743e-01  9.99783e-01
7.24661e+01  9.95509e-01  9.99781e-01  2.72995e-05  9.99836e-01  9.99754e-01
7.25708e+01  9.96385e-01  9.99788e-01  6.50379e-05  9.99918e-01  9.99723e-01
7.26755e+01  9.97298e-01  9.99801e-01  1.02728e-04  1.00001e+00  9.99698e-01
7.27802e+01  9.98238e-01  9.99808e-01  1.36912e-04  1.00008e+00  9.99671e-01
7.28849e+01  9.99193e-01  9.99822e-01  1.70253e-04  1.00016e+00  9.99651e-01
7.29897e+01  1.00015e+00  9.99829e-01  1.99388e-04  1.00023e+00  9.99630e-01
7.30944e+01  1.00111e+00  9.99843e-01  2.27025e-04  1.00030e+00  9.99616e-01
7.31991e+01  1.00205e+00  9.99851e-01  2.49909e-04  1.00035e+00  9.99601e-01
7.33038e+01  1.00296e+00  9.99865e-01  2.70808e-04  1.00041e+00  9.99594e-01
7.34085e+01  1.00384e+00  9.99873e-01  2.86585e-04  1.00045e+00  9.99586e-01
7.35133e+01  1.00466e+00  9.99887e-01  3.00071e-04  1.00049e+00  9.99587e-01
7.36180e+01  1.00544e+00  9.99895e-01  3.08256e-04  1.00051e+00  9.99587e-01
7.37227e+01  1.00614e+00  9.99909e-01  3.14038e-04  1.00054e+00  9.99595e-01
7.38274e+01  1.00678e+00  9.99918e-01  3.14530e-04  1.00055e+00  9.99603e-01
7.39321e+01  1.00734e+00  9.99932e-01  3.12696e-04  1.00056e+00  9.99620e-01
7.40369e+01  1.00781e+00  9.99942e-01  3.05769e-04  1.00055e+00  9.99636e-01
7.41416e+01  1.00819e+00  9.99957e-01  2.96772e-04  1.00055e+00  9.99660e-01
7.42463e+01  1.00848e+00  9.99966e-01  2.83049e-04  1.00053e+00  9.99683e-01
7.43510e+01  1.00866e+00  9.99982e-01  2.67669e-04  1.00052e+00  9.99714e-01
7.44557e+01  1.00875e+00  9.99993e-01  2.48077e-04  1.00049e+00  9.99745e-01
7.45605e+01  1.00874e+00  1.00001e+00  2.27373e-04  1.00046e+00  9.99782e-01
7.46652e+01  1.00864e+00  1.00002e+00  2.03084e-04  1.00043e+00  9.99818e-01
7.47699e+01  1.00843e+00  1.00004e+00  1.78325e-04  1.00040e+00  9.99861e-01
7.48746e+01  1.00813e+00  1.00005e+00  1.50690e-04  1.00035e+00  9.99901e-01
7.49793e+01  1.00774e+00  1.00007e+00  1.23289e-04  1.00032e+00  9.99947e-01
7.50841e+01  1.00727e+00  1.00008e+00  9.37613e-05  1.00027e+00  9.99991e-01
7.51888e+01  1.00671e+00  1.00010e+00  6.51936e-05  1.00023e+00  1.00004e+00
7.52935e+01  1.00609e+00  1.00012e+00  3.52525e-05  1.00019e+00  1.00008e+00
7.53982e+01  1.00540e+00  1.00014e+00  6.98255e-06  1.00015e+00  1.00013e+00
7.55029e+01  1.00465e+00  1.00015e+00  -2.19416e-05  1.00011e+00  1.00018e+00
7.56077e+01  1.00386e+00  1.00017e+00  -4.85343e-05  1.00008e+00  1.00022e+00
7.57124e+01  1.00302e+00  1.00019e+00  -7.51293e-05  1.00004e+00  1.00026e+00
7.58171e+01  1.00216e+00  1.00021e+00  -9.88144e-05  1.00001e+00  1.00031e+00
7.59218e+01  1.00128e+00  1.00022e+00  -1.21946e-04  9.99977e-01  1.00034e+00
7.60265e+01  1.00039e+00  1.00024e+00  -1.41697e-04  9.99956e-01  1.00038e+00
7.61313e+01  9.99506e-01  1.00025e+00  -1.60457e-04  9.99930e-01  1.00041e+00
7.62360e+01  9.98630e-01  1.00027e+00  -1.75491e-04  9.99915e-01  1.00044e+00
7.63407e+01  9.97775e-01  1.00027e+00  -1.89231e-04  9.99897e-01  1.00046e+00
7.64454e+01  9.96950e-01  1.00029e+00  -1.99039e-04  9.99889e-01  1.00049e+00
7.65501e+01  9.96164e-01  1.00029e+00  -2.07389e-04  9.99877e-01  1.00050e+00
7.66549e+01  9.95425e-01  1.00030e+00  -2.11744e-04  9.99876e-01  1.00051e+00
7.67596e+01  9.94741e-01  1.00030e+00  -2.14621e-04  9.99871e-01  1.00051e+00
7.68643e+01  9.94120e-01  1.00030e+00  -2.13576e-04  9.99876e-01  1.00052e+00
7.69690e+01  9.93567e-01  1.00030e+00  -2.11168e-04  9.99876e-01  1.00051e+00
7.70737e+01  9.93089e-01  1.00030e+00  -2.05041e-04  9.99885e-01  1.00050e+00
7.71785e+01  9.92689e-01  1.00028e+00  -1.97788e-04  9.99889e-01  1.00048e+00
7.72832e+01  9.92372e-01  1.00028e+00  -1.87133e-04  9.99901e-01  1.00046e+00
7.73879e+01  9.92141e-01  1.00026e+00  -1.75691e-04  9.99907e-01  1.00043e+00
7.74926e+01  9.91997e-01  1.00024e+00  -1.61257e-04  9.99920e-01  1.00040e+00
7.75973e+01  9.91943e-01  1.00022e+00  -1.46456e-04  9.99927e-01  1.00037e+00
7.77021e+01  9.91977e-01  1.00020e+00  -1.29140e-04  9.99940e-01  1.00033e+00
7.78068e+01  9.92100e-01  1.00017e+00  -1.11933e-04  9.99945e-01  1.00028e+00
7.79115e+01  9.92309e-01  1.00014e+00  -9.27305e-05  9.99956e-01  1.00023e+00
7.80162e+01  9.92602e-01  1.00011e+00  -7.41414e-05  9.99959e-01  1.00018e+00
7.81209e+01  9.92975e-01  1.00008e+00  -5.40888e-05  9.99967e-01  1.00013e+00
7.82257e+01  9.93424e-01  1.00004e+00  -3.51547e-05  9.99967e-01  1.00007e+00
7.83304e+01  9.93945e-01  1.00000e+00  -1.52772e-05  9.99971e-01  1.00002e+00
7.84351e+01  9.94529e-01  9.99960e-01  3.00218e-06  9.99966e-01  9.99957e-01
7.85398e+01  9.95173e-01  9.99922e-01  2.17428e-05  9.99965e-01  9.99900e-01
7.86445e+01  9.95867e-01  9.99879e-01  3.84551e-05  9.99956e-01  9.99841e-01
7.87493e+01  9.96604e-01  9.99841e-01  5.52065e-05  9.99951e-01  9.99785e-01
7.88540e+01  9.97377e-01  9.99798e-01  6.95688e-05  9.99937e-01  9.99728e-01
7.89587e+01  9.98176e-01  9.99761e-01  8.36263e-05  9.99928e-01  9.99677e-01
7.90634e+01  9.98992e-01  9.99720e-01  9.50197e-05  9.99910e-01  9.99625e-01
7.91681e+01  9.99817e-01  9.99686e-01  1.05856e-04  9.99898e-01  9.99580e-01
7.92729e+01  1.00064e+00  9.99650e-01  1.13850e-04  9.99877e-01  9.99536e-01
7.93776e+01  1.00145e+00  9.99620e-01  1.21135e-04  9.99862e-01  9.99499e-01
7.94823e+01  1.00225e+00  9.99590e-01  1.25501e-04  9.99841e-01  9.99464e-01
7.95870e+01  1.00302e+00  9.99567e-01  1.29108e-04  9.99825e-01  9.99438e-01
7.96917e+01  1.00375e+00  9.99544e-01  1.29822e-04  9.99803e-01  9.99414e-01
7.97965e+01  1.00443e+00  9.99529e-01  1.29829e-04  9.99789e-01  9.99399e-01
7.99012e+01  1.00506e+00  9.99515e-01  1.27065e-04  9.99769e-01  9.99388e-01
8.00059e+01  1.00564e+00  9.99510e-01  1.23738e-04  9.99757e-01  9.99386e-01
8.01106e+01  1.00615e+00  9.99505e-01  1.17847e-04  9.99741e-01  9.99388e-01
8.02153e+01  1.00658e+00  9.99511e-01  1.11616e-04  9.99734e-01  9.99399e-01
8.03201e+01  1.00694e+00  9.99517e-01  1.03103e-04  9.99723e-01  9.99414e-01
8.04248e+01  1.00723e+00  9.99533e-01  9.45347e-05  9.99722e-01  9.99438e-01
8.05295e+01  1.00742e+00  9.99550e-01  8.40186e-05  9.99718e-01  9.99466e-01
8.06342e+01  1.00754e+00  9.99576e-01  7.37774e-05  9.99724e-01  9.99503e-01
8.07389e+01  1.00757e+00  9.99604e-01  6.19556e-05  9.99728e-01  9.99542e-01
8.08437e+01  1.00751e+00  9.99641e-01  5.07614e-05  9.99742e-01  9.99590e-01
8.09484e+01  1.00737e+00  9.99678e-01  3.83655e-05  9.99755e-01  9.99640e-01
8.10531e+01  1.00715e+00  9.99724e-01  2.69511e-05  9.99778e-01  9.99697e-01
8.11578e+01  1.00684e+00  9.99769e-01  1.47045e-05  9.99799e-01  9.99755e-01
8.12625e+01  1.00647e+00  9.99823e-01  3.77333e-06  9.99830e-01  9.99819e-01
8.13672e+01  1.00602e+00  9.99875e-01  -7.65042e-06  9.99860e-01  9.99883e-01
8.14720e+01  1.00550e+00  9.99934e-01  -1.74634e-05  9.99899e-01  9.99951e-01
8.15767e+01  1.00493e+00  9.99991e-01  -2.74769e-05  9.99936e-01  1.00002e+00
8.16814e+01  1.00430e+00  1.00005e+00  -3.56393e-05  9.99982e-01  1.00009e+00
8.17861e+01  1.00363e+00  1.00011e+00  -4.37719e-05  1.00002e+00  1.00016e+00
8.18908e+01  1.00293e+00  1.00017e+00  -4.98803e-05  1.00008e+00  1.00022e+00
8.19956e+01  1.00219e+00  1.00023e+00  -5.58007e-05  1.00012e+00  1.00029e+00
8.21003e+01  1.00144e+00  1.00029e+00  -5.95991e-05  1.00017e+00  1.00035e+00
8.22050e+01  1.00067e+00  1.00035e+00  -6.31291e-05  1.00022e+00  1.00041e+00
8.23097e+01  9.99897e-01  1.00040e+00  -6.45176e-05  1.00028e+00  1.00047e+00
8.24144e+01  9.99131e-01  1.00045e+00  -6.56358e-05  1.00032e+00  1.00052e+00
8.25192e+01  9.98380e-01  1.00050e+00  -6.46702e-05  1.00037e+00  1.00057e+00
8.26239e+01  9.97650e-01  1.00054e+00  -6.35071e-05  1.00041e+00  1.00060e+00
8.27286e+01  9.96951e-01  1.00058e+00  -6.03888e-05  1.00046e+00  1.00064e+00
8.28333e+01  9.96289e-01  1.00061e+00  -5.72122e-05  1.00049e+00  1.00067e+00
8.29380e+01  9.95672e-01  1.00064e+00  -5.22696e-05  1.00053e+00  1.00069e+00
8.30428e+01  9.95105e-01  1.00065e+00  -4.74626e-05  1.00056e+00  1.00070e+00
8.31475e+01  9.94596e-01  1.00066e+00  -4.11263e-05  1.00058e+00  1.00071e+00
8.32522e+01  9.94149e-01  1.00067e+00  -3.51591e-05  1.00060e+00  1.00070e+00
8.33569e+01  9.93769e-01  1.00066e+00  -2.79307e-05  1.00061e+00  1.00069e+00
8.34616e+01  9.93459e-01  1.00065e+00  -2.13279e-05  1.00061e+00  1.00067e+00
8.35664e+01  9.93223e-01  1.00064e+00  -1.37463e-05  1.00061e+00  1.00065e+00
8.36711e+01  9.93063e-01  1.00061e+00  -7.05220e-06  1.00059e+00  1.00061e+00
8.37758e+01  9.92980e-01  1.00058e+00  3.41871e-07  1.00058e+00  1.00058e+00
8.38805e+01  9.92974e-01  1.00053e+00  6.59855e-06  1.00055e+00  1.00053e+00
8.39852e+01  9.93046e-01  1.00049e+00  1.32966e-05  1.00052e+00  1.00048e+00
8.40900e+01  9.93194e-01  1.00044e+00  1.86355e-05  1.00047e+00  1.00042e+00
8.41947e+01  9.93416e-01  1.00038e+00  2.41928e-05  1.00043e+00  1.00035e+00
8.42994e+01  9.93711e-01  1.00031e+00  2.82113e-05  1.00037e+00  1.00029e+00
8.44041e+01  9.94073e-01  1.00025e+00  3.22732e-05  1.00031e+00  1.00022e+00
8.45088e+01  9.94500e-01  1.00017e+00  3.46699e-05  1.00024e+00  1.00014e+00
8.46136e+01  9.94986e-01  1.00010e+00  3.69927e-05  1.00018e+00  1.00006e+00
8.47183e+01  9.95525e-01  1.00002e+00  3.75849e-05  1.00010e+00  9.99986e-01
8.48230e+01  9.96113e-01  9.99947e-01  3.80490e-05  1.00002e+00  9.99909e-01
8.49277e+01  9.96741e-01  9.99867e-01  3.67817e-05  9.99940e-01  9.99830e-01
8.50324e+01  9.97404e-01  9.99790e-01  3.53974e-05  9.99861e-01  9.99755e-01
8.51372e+01  9.98093e-01  9.99712e-01  3.23454e-05  9.99776e-01  9.99679e-01
8.52419e+01  9.98801e-01  9.99639e-01  2.92506e-05  9.99697e-01  9.99609e-01
8.53466e+01  9.99521e-01  9.99565e-01  2.46122e-05  9.99615e-01  9.99541e-01
8.54513e+01  1.00024e+00  9.99499e-01  2.00625e-05  9.99539e-01  9.99479e-01
8.55560e+01  1.00096e+00  9.99435e-01  1.41463e-05  9.99463e-01  9.99421e-01
8.56608e+01  1.00167e+00  9.99379e-01  8.49831e-06  9.99396e-01  9.99370e-01
8.57655e+01  1.00235e+00  9.99326e-01  1.70329e-06  9.99330e-01  9.99324e-01
8.58702e+01  1.00301e+00  9.99283e-01  -4.60782e-06  9.99274e-01  9.99288e-01
8.59749e+01  1.00363e+00  9.99245e-01  -1.18174e-05  9.99221e-01  9.99257e-01
8.60796e+01  1.00420e+00  9.99218e-01  -1.83053e-05  9.99181e-01  9.99236e-01
8.61844e+01  1.00473e+00  9.99196e-01  -2.54289e-05  9.99145e-01  9.99221e-01
8.62891e+01  1.00520e+00  9.99186e-01  -3.15862e-05  9.99123e-01  9.99217e-01
8.63938e+01  1.00562e+00  9.99182e-01  -3.81179e-05  9.99105e-01  9.99220e-01
8.64985e+01  1.00597e+00  9.99189e-01  -4.34481e-05  9.99103e-01  9.99233e-01
8.66032e+01  1.00625e+00  9.99204e-01  -4.89084e-05  9.99106e-01  9.99253e-01
8.67080e+01  1.00646e+00  9.99230e-01  -5.29567e-05  9.99124e-01  9.99283e-01
8.68127e+01  1.00659e+00  9.99262e-01  -5.69233e-05  9.99148e-01  9.99319e-01
8.69174e+01  1.00666e+00  9.99306e-01  -5.93061e-05  9.99187e-01  9.99365e-01
8.70221e+01  1.00664e+00  9.99355e-01  -6.14411e-05  9.99232e-01  9.99417e-01
8.71268e+01  1.00656e+00  9.99415e-01  -6.18717e-05  9.99291e-01  9.99477e-01
8.72316e+01  1.00639e+00  9.99479e-01  -6.19447e-05  9.99355e-01  9.99541e-01
8.73363e+01  1.00616e+00  9.99553e-01  -6.02532e-05  9.99432e-01  9.99613e-01
8.74410e+01  1.00586e+00  9.99629e-01  -5.81586e-05  9.99513e-01  9.99688e-01
8.75457e+01  1.00550e+00  9.99714e-01  -5.43059e-05  9.99605e-01  9.99768e-01
8.76504e+01  1.00507e+00  9.99800e-01  -5.00729e-05  9.99699e-01  9.99850e-01
8.77552e+01  1.00459e+00  9.99891e-01  -4.41570e-05  9.99803e-01  9.99935e-01
8.78599e+01  1.00406e+00  9.99982e-01  -3.79522e-05  9.99907e-01  1.00002e+00
8.79646e+01  1.00349e+00  1.00008e+00  -3.02065e-05  1.00002e+00  1.00011e+00
8.80693e+01  1.00288e+00  1.00017e+00  -2.23278e-05  1.00013e+00  1.00019e+00
8.81740e+01  1.00225e+00  1.00026e+00  -1.31114e-05  1.00024e+00  1.00028e+00
8.82788e+01  1.00159e+00  1.00035e+00  -3.97454e-06  1.00035e+00  1.00036e+00
8.83835e+01  1.00091e+00  1.00044e+00  6.24560e-06  1.00046e+00  1.00044e+00
8.84882e+01  1.00023e+00  1.00052e+00  1.61283e-05  1.00056e+00  1.00051e+00
8.85929e+01  9.99553e-01  1.00060e+00  2.68017e-05  1.00066e+00  1.00058e+00
8.86976e+01  9.98881e-01  1.00068e+00  3.68492e-05  1.00075e+00  1.00064e+00
8.88024e+01  9.98225e-01  1.00074e+00  4.73726e-05  1.00084e+00  1.00070e+00
8.89071e+01  9.97592e-01  1.00080e+00  5.69676e-05  1.00091e+00  1.00074e+00
8.90118e+01  9.96988e-01  1.00085e+00  6.67188e-05  1.00098e+00  1.00078e+00
8.91165e+01  9.96421e-01  1.00089e+00  7.52437e-05  1.00104e+00  1.00081e+00
8.92212e+01  9.95896e-01  1.00092e+00  8.36185e-05  1.00109e+00  1.00084e+00
8.93260e+01  9.95418e-01  1.00094e+00  9.04918e-05  1.00112e+00  1.00085e+00
8.94307e+01  9.94993e-01  1.00095e+00  9.69406e-05  1.00114e+00  1.00085e+00
8.95354e+01  9.94625e-01  1.00095e+00  1.01653e-04  1.00115e+00  1.00085e+00
8.96401e+01  9.94318e-01  1.00094e+00  1.05714e-04  1.00115e+00  1.00083e+00
8.97448e+01  9.94075e-01  1.00092e+00  1.07859e-04  1.00113e+00  1.00081e+00
8.98495e+01  9.93898e-01  1.00088e+00  1.09190e-04  1.00110e+00  1.00077e+00
8.99543e+01  9.93789e-01  1.00084e+00  1.08495e-04  1.00106e+00  1.00073e+00
9.00590e+01  9.93749e-01  1.00079e+00  1.06894e-04  1.00100e+00  1.00068e+00
9.01637e+01  9.93777e-01  1.00072e+00  1.03233e-04  1.00093e+00  1.00062e+00
9.02684e+01  9.93874e-01  1.00065e+00  9.86570e-05  1.00085e+00  1.00056e+00
9.03731e+01  9.94039e-01  1.00057e+00  9.20699e-05  1.00076e+00  1.00048e+00
9.04779e+01  9.94268e-01  1.00049e+00  8.46401e-05  1.00066e+00  1.00041e+00
9.05826e+01  9.94560e-01  1.00040e+00  7.53301e-05  1.00055e+00  1.00032e+00
9.06873e+01  9.94911e-01  1.00030e+00  6.53306e-05  1.00043e+00  1.00023e+00
9.07920e+01  9.95317e-01  1.00020e+00  5.36594e-05  1.00030e+00  1.00014e+00
9.08967e+01  9.95774e-01  1.00009e+00  4.15257e-05  1.00018e+00  1.00005e+00
9.10015e+01  9.96276e-01  9.99986e-01  2.79979e-05  1.00004e+00  9.99958e-01
9.11062e+01  9.96817e-01  9.99880e-01  1.42973e-05  9.99909e-01  9.99866e-01
9.12109e+01  9.97393e-01  9.99773e-01  -4.63694e-07  9.99772e-01  9.99773e-01
9.13156e+01  9.97996e-01  9.99669e-01  -1.50590e-05  9.99639e-01  9.99684e-01
9.14203e+01  9.98619e-01  9.99566e-01  -3.03410e-05  9.99505e-01  9.99596e-01
9.15251e+01  9.99256e-01  9.99469e-01  -4.50875e-05  9.99379e-01  9.99514e-01
9.16298e+01  9.99900e-01  9.99376e-01  -6.01252e-05  9.99256e-01  9.99436e-01
9.17345e+01  1.00054e+00  9.99291e-01  -7.42454e-05  9.99142e-01  9.99365e-01
9.18392e+01  1.00118e+00  9.99211e-01  -8.82591e-05  9.99035e-01  9.99299e-01
9.19439e+01  1.00180e+00  9.99142e-01  -1.00981e-04  9.98940e-01  9.99243e-01
9.20487e+01  1.00240e+00  9.99080e-01  -1.13218e-04  9.98853e-01  9.99193e-01
9.21534e+01  1.00297e+00  9.99030e-01  -1.23816e-04  9.98782e-01  9.99153e-01
9.22581e+01  1.00351e+00  9.98988e-01  -1.33587e-04  9.98721e-01  9.99122e-01
9.23628e+01  1.00400e+00  9.98960e-01  -1.41421e-04  9.98677e-01  9.99101e-01
9.24675e+01  1.00445e+00  9.98941e-01  -1.48142e-04  9.98645e-01  9.99089e-01
9.25723e+01  1.00485e+00  9.98936e-01  -1.52690e-04  9.98630e-01  9.99089e-01
9.26770e+01  1.00519e+00  9.98941e-01  -1.55912e-04  9.98629e-01  9.99097e-01
9.27817e+01  1.00548e+00  9.98960e-01  -1.56805e-04  9.98646e-01  9.99117e-01
9.28864e+01  1.00570e+00  9.98989e-01  -1.56241e-04  9.98676e-01  9.99145e-01
9.29911e+01  1.00585e+00  9.99031e-01  -1.53280e-04  9.98725e-01  9.99184e-01
9.30959e+01  1.00595e+00  9.99083e-01  -1.48827e-04  9.98785e-01  9.99232e-01
9.32006e+01  1.00597e+00  9.99147e-01  -1.42004e-04  9.98863e-01  9.99289e-01
9.33053e+01  1.00593e+00  9.99220e-01  -1.33751e-04  9.98952e-01  9.99354e-01
9.34100e+01  1.00582e+00  9.99304e-01  -1.23253e-04  9.99057e-01  9.99427e-01
9.35147e+01  1.00564e+00  9.99394e-01  -1.11484e-04  9.99171e-01  9.99505e-01
9.36195e+01  1.00541e+00  9.99493e-01  -9.76911e-05  9.99298e-01  9.99591e-01
9.37242e+01  1.00511e+00  9.99598e-01  -8.28768e-05  9.99432e-01  9.99681e-01
9.38289e+01  1.00476e+00  9.99709e-01  -6.63480e-05  9.99576e-01  9.99775e-01
9.39336e+01  1.00435e+00  9.99822e-01  -4.91304e-05  9.99724e-01  9.99871e-01
9.40383e+01  1.00390e+00  9.99940e-01  -3.05818e-05  9.99879e-01  9.99971e-01
9.41431e+01  1.00341e+00  1.00006e+00  -1.17447e-05  1.00003e+00  1.00007e+00
9.42478e+01  1.00288e+00  1.00018e+00  7.98106e-06  1.00019e+00  1.00017e+00
9.43525e+01  1.00232e+00  1.00029e+00  2.75456e-05  1.00035e+00  1.00027e+00
9.44572e+01  1.00174e+00  1.00041e+00  4.75182e-05  1.00050e+00  1.00036e+00
9.45619e+01  1.00114e+00  1.00052e+00  6.68525e-05  1.00065e+00  1.00045e+00
9.46667e+01  1.00053e+00  1.00063e+00  8.60983e-05  1.00080e+00  1.00054e+00
9.47714e+01  9.99915e-01  1.00072e+00  1.04225e-04  1.00093e+00  1.00062e+00
9.48761e+01  9.99305e-01  1.00082e+00  1.21776e-04  1.00106e+00  1.00069e+00
9.49808e+01  9.98706e-01  1.00090e+00  1.37749e-04  1.00117e+00  1.00076e+00
9.50855e+01  9.98123e-01  1.00097e+00  1.52692e-04  1.00128e+00  1.00082e+00
9.51903e+01  9.97563e-01  1.00103e+00  1.65643e-04  1.00136e+00  1.00087e+00
9.52950e+01  9.97033e-01  1.00108e+00  1.77169e-04  1.00144e+00  1.00091e+00
9.53997e+01  9.96537e-01  1.00112e+00  1.86358e-04  1.00150e+00  1.00094e+00
9.55044e+01  9.96082e-01  1.00115e+00  1.93805e-04  1.00154e+00  1.00096e+00
9.56091e+01  9.95671e-01  1.00116e+00  1.98659e-04  1.00156e+00  1.00096e+00
9.57139e+01  9.95310e-01  1.00116e+00  2.01551e-04  1.00157e+00  1.00096e+00
9.58186e+01  9.95002e-01  1.00115e+00  2.01701e-04  1.00155e+00  1.00095e+00
9.59233e+01  9.94750e-01  1.00113e+00  1.99778e-04  1.00153e+00  1.00093e+00
9.60280e+01  9.94557e-01  1.00109e+00  1.95077e-04  1.00148e+00  1.00089e+00
9.61327e+01  9.94424e-01  1.00104e+00  1.88313e-04  1.00141e+00  1.00085e+00
9.62375e+01  9.94353e-01  1.00097e+00  1.78854e-04  1.00133e+00  1.00079e+00
9.63422e+01  9.94344e-01  1.00090e+00  1.67462e-04  1.00123e+00  1.00073e+00
9.64469e+01  9.94398e-01  1.00081e+00  1.53578e-04  1.00112e+00  1.00066e+00
9.65516e+01  9.94513e-01  1.00072e+00  1.38005e-04  1.00099e+00  1.00058e+00
9.66563e+01  9.94689e-01  1.00061e+00  1.20253e-04  1.00085e+00  1.00049e+00
9.67611e+01  9.94922e-01  1.00050e+00  1.01162e-04  1.00070e+00  1.00040e+00
9.68658e+01  9.95211e-01  1.00038e+00  8.03043e-05  1.00054e+00  1.00030e+00
9.69705e+01  9.95552e-01  1.00026e+00  5.85453e-05  1.00038e+00  1.00020e+00
9.70752e+01  9.95941e-01  1.00014e+00  3.55102e-05  1.00021e+00  1.00010e+00
9.71799e+01  9.96374e-01  1.00001e+00  1.20807e-05  1.00003e+00  9.99997e-01
9.72847e+01  9.96846e-01  9.99880e-01  -1.20778e-05  9.99856e-01  9.99892e-01
9.73894e+01  9.97352e-01  9.99753e-01  -3.60795e-05  9.99680e-01  9.99789e-01
9.74941e+01  9.97887e-01  9.99626e-01  -6.02322e-05  9.99506e-01  9.99687e-01
9.75988e+01  9.98443e-01  9.99505e-01  -8.36594e-05  9.99338e-01  9.99589e-01
9.77035e+01  9.99016e-01  9.99388e-01  -1.06656e-04  9.99174e-01  9.99494e-01
9.78083e+01  9.99598e-01  9.99278e-01  -1.28367e-04  9.99021e-01  9.99406e-01
9.79130e+01  1.00018e+00  9.99175e-01  -1.49090e-04  9.98876e-01  9.99324e-01
9.80177e+01  1.00077e+00  9.99081e-01  -1.68007e-04  9.98745e-01  9.99249e-01
9.81224e+01  1.00134e+00  9.98997e-01  -1.85427e-04  9.98626e-01  9.99182e-01
9.82271e+01  1.00190e+00  9.98925e-01  -2.00582e-04  9.98523e-01  9.99125e-01
9.83319e+01  1.00243e+00  9.98863e-01  -2.13808e-04  9.98435e-01  9.99077e-01
9.84366e+01  1.00294e+00  9.98815e-01  -2.24396e-04  9.98366e-01  9.99040e-01
9.85413e+01  1.00341e+00  9.98779e-01  -2.32718e-04  9.98314e-01  9.99012e-01
9.86460e+01  1.00384e+00  9.98758e-01  -2.38135e-04  9.98282e-01  9.98997e-01
9.87507e+01  1.00423e+00  9.98750e-01  -2.41063e-04  9.98268e-01  9.98992e-01
9.88554e+01  1.00457e+00  9.98758e-01  -2.40937e-04  9.98276e-01  9.98998e-01
9.89602e+01  1.00486e+00  9.98778e-01  -2.38225e-04  9.98301e-01  9.99016e-01
9.90649e+01  1.00510e+00  9.98813e-01  -2.32442e-04  9.98348e-01  9.99045e-01
9.91696e+01  1.00527e+00  9.98861e-01  -2.24106e-04  9.98412e-01  9.99085e-01
9.92743e+01  1.00539e+00  9.98922e-01  -2.12814e-04  9.98497e-01  9.99135e-01
9.93790e+01  1.00545e+00  9.98996e-01  -1.99137e-04  9.98597e-01  9.99195e-01
9.94838e+01  1.00544e+00  9.99082e-01  -1.82748e-04  9.98716e-01  9.99264e-01
9.95885e+01  1.00538e+00  9.99178e-01  -1.64271e-04  9.98849e-01  9.99342e-01
9.96932e+01  1.00525e+00  9.99284e-01  -1.43449e-04  9.98997e-01  9.99427e-01
9.97979e+01  1.00507e+00  9.99398e-01  -1.20950e-04  9.99156e-01  9.99519e-01
9.99026e+01  1.00483e+00  9.99520e-01  -9.65841e-05  9.99327e-01  9.99617e-01
1.00007e+02  1.00453e+00  9.99648e-01  -7.10502e-05  9.99506e-01  9.99719e-01
1.00112e+02  1.00419e+00  9.99781e-01  -4.42141e-05  9.99692e-01  9.99825e-01
1.00217e+02  1.00380e+00  9.99916e-01  -1.67978e-05  9.99882e-01  9.99932e-01
1.00322e+02  1.00337e+00  1.00005e+00  1.12918e-05  1.00008e+00  1.00004e+00
1.00426e+02  1.00291e+00  1.00019e+00  3.93240e-05  1.00027e+00  1.00015e+00
1.00531e+02  1.00241e+00  1.00033e+00  6.73649e-05  1.00046e+00  1.00026e+00
1.00636e+02  1.00189e+00  1.00046e+00  9.46899e-05  1.00065e+00  1.00036e+00
1.00740e+02  1.00135e+00  1.00058e+00  1.21354e-04  1.00083e+00  1.00046e+00
1.00845e+02  1.00079e+00  1.00071e+00  1.46655e-04  1.00100e+00  1.00056e+00
1.00950e+02  1.00023e+00  1.00082e+00  1.70653e-04  1.00116e+00  1.00065e+00
1.01055e+02  9.99670e-01  1.00092e+00  1.92684e-04  1.00131e+00  1.00073e+00
1.01159e+02  9.99114e-01  1.00102e+00  2.12828e-04  1.00145e+00  1.00081e+00
1.01264e+02  9.98570e-01  1.00110e+00  2.30474e-04  1.00156e+00  1.00087e+00
1.01369e+02  9.98043e-01  1.00117e+00  2.45738e-04  1.00167e+00  1.00093e+00
1.01473e+02  9.97539e-01  1.00123e+00  2.58076e-04  1.00175e+00  1.00097e+00
1.01578e+02  9.97064e-01  1.00128e+00  2.67651e-04  1.00181e+00  1.00101e+00
1.01683e+02  9.96624e-01  1.00131e+00  2.73997e-04  1.00185e+00  1.00103e+00
1.01788e+02  9.96221e-01  1.00132e+00  2.77333e-04  1.00188e+00  1.00105e+00
1.01892e+02  9.95862e-01  1.00132e+00  2.77279e-04  1.00188e+00  1.00105e+00
1.01997e+02  9.95550e-01  1.00131e+00  2.74117e-04  1.00186e+00  1.00103e+00
1.02102e+02  9.95287e-01  1.00128e+00  2.67558e-04  1.00181e+00  1.00101e+00
1.02206e+02  9.95077e-01  1.00123e+00  2.57949e-04  1.00175e+00  1.00098e+00
1.02311e+02  9.94922e-01  1.00118e+00  2.45092e-04  1.00167e+00  1.00093e+00
1.02416e+02  9.94824e-01  1.00110e+00  2.29397e-04  1.00156e+00  1.00087e+00
1.02521e+02  9.94782e-01  1.00102e+00  2.10753e-04  1.00144e+00  1.00081e+00
1.02625e+02  9.94798e-01  1.00092e+00  1.89630e-04  1.00130e+00  1.00073e+00
1.02730e+02  9.94872e-01  1.00081e+00  1.65997e-04  1.00115e+00  1.00065e+00
1.02835e+02  9.95001e-01  1.00070e+00  1.40373e-04  1.00098e+00  1.00056e+00
1.02940e+02  9.95186e-01  1.00057e+00  1.12795e-04  1.00080e+00  1.00046e+00
1.03044e+02  9.95423e-01  1.00044e+00  8.38203e-05  1.00061e+00  1.00036e+00
1.03149e+02  9.95710e-01  1.00030e+00  5.35428e-05  1.00041e+00  1.00025e+00
1.03254e+02  9.96044e-01  1.00016e+00  2.25420e-05  1.00020e+00  1.00014e+00
1.03358e+02  9.96421e-01  1.00002e+00  -9.04818e-06  9.99998e-01  1.00002e+00
1.03463e+02  9.96837e-01  9.99872e-01  -4.06415e-05  9.99790e-01  9.99912e-01
1.03568e+02  9.97287e-01  9.99728e-01  -7.20807e-05  9.99584e-01  9.99800e-01
1.03673e+02  9.97766e-01  9.99588e-01  -1.02790e-04  9.99382e-01  9.99690e-01
1.03777e+02  9.98269e-01  9.99451e-01  -1.32606e-04  9.99186e-01  9.99584e-01
1.03882e+02  9.98791e-01  9.99321e-01  -1.60982e-04  9.98999e-01  9.99482e-01
1.03987e+02  9.99325e-01  9.99197e-01  -1.87764e-04  9.98822e-01  9.99385e-01
1.04091e+02  9.99866e-01  9.99083e-01  -2.12450e-04  9.98658e-01  9.99295e-01
1.04196e+02  1.00041e+00  9.98979e-01  -2.34915e-04  9.98509e-01  9.99213e-01
1.04301e+02  1.00094e+00  9.98886e-01  -2.54714e-04  9.98376e-01  9.99140e-01
1.04406e+02  1.00147e+00  9.98805e-01  -2.71764e-04  9.98261e-01  9.99077e-01
1.04510e+02  1.00198e+00  9.98738e-01  -2.85692e-04  9.98166e-01  9.99023e-01
1.04615e+02  1.00246e+00  9.98684e-01  -2.96469e-04  9.98091e-01  9.98981e-01
1.04720e+02  1.00292e+00  9.98646e-01  -3.03805e-04  9.98038e-01  9.98950e-01
1.04824e+02  1.00334e+00  9.98623e-01  -3.07731e-04  9.98007e-01  9.98931e-01
1.04929e+02  1.00373e+00  9.98615e-01  -3.08047e-04  9.97999e-01  9.98923e-01
1.05034e+02  1.00407e+00  9.98623e-01  -3.04854e-04  9.98014e-01  9.98928e-01
1.05139e+02  1.00437e+00  9.98647e-01  -2.98045e-04  9.98051e-01  9.98945e-01
1.05243e+02  1.00462e+00  9.98686e-01  -2.87789e-04  9.98111e-01  9.98974e-01
1.05348e+02  1.00481e+00  9.98740e-01  -2.74074e-04  9.98192e-01  9.99014e-01
1.05453e+02  1.00496e+00  9.98809e-01  -2.57139e-04  9.98295e-01  9.99066e-01
1.05558e+02  1.00504e+00  9.98891e-01  -2.37061e-04  9.98417e-01  9.99128e-01
1.05662e+02  1.00507e+00  9.98986e-01  -2.14143e-04  9.98558e-01  9.99200e-01
1.05767e+02  1.00505e+00  9.99093e-01  -1.88547e-04  9.98716e-01  9.99282e-01
1.05872e+02  1.00496e+00  9.99211e-01  -1.60631e-04  9.98889e-01  9.99371e-01
1.05976e+02  1.00482e+00  9.99338e-01  -1.30630e-04  9.99076e-01  9.99468e-01
1.06081e+02  1.00463e+00  9.99472e-01  -9.89458e-05  9.99274e-01  9.99571e-01
1.06186e+02  1.00439e+00  9.99613e-01  -6.58736e-05  9.99482e-01  9.99679e-01
1.06291e+02  1.00410e+00  9.99759e-01  -3.18459e-05  9.99696e-01  9.99791e-01
1.06395e+02  1.00376e+00  9.99908e-01  2.79861e-06  9.99914e-01  9.99906e-01
1.06500e+02  1.00338e+00  1.00006e+00  3.76145e-05  1.00013e+00  1.00002e+00
1.06605e+02  1.00297e+00  1.00021e+00  7.22363e-05  1.00035e+00  1.00014e+00
1.06709e+02  1.00252e+00  1.00036e+00  1.06224e-04  1.00057e+00  1.00025e+00
1.06814e+02  1.00205e+00  1.00050e+00  1.39204e-04  1.00078e+00  1.00036e+00
1.06919e+02  1.00155e+00  1.00064e+00  1.70762e-04  1.00098e+00  1.00047e+00
1.07024e+02  1.00104e+00  1.00077e+00  2.00535e-04  1.00117e+00  1.00057e+00
1.07128e+02  1.00052e+00  1.00090e+00  2.28152e-04  1.00135e+00  1.00067e+00
1.07233e+02  1.00000e+00  1.00101e+00  2.53280e-04  1.00152e+00  1.00076e+00
