# k S000 S110 S112 S10 S11
1.04720e-01  5.67604e-02  2.49508e+01  -1.29213e+01  1.08246e-01  3.88721e+01
2.09440e-01  5.64283e-02  1.95350e+01  -1.02134e+01  1.08269e-01  3.07483e+01
3.14159e-01  5.60870e-02  1.42960e+01  -7.59385e+00  1.08315e-01  2.28899e+01
4.18879e-01  5.57985e-02  1.03378e+01  -5.61469e+00  1.08396e-01  1.69525e+01
5.23599e-01  5.55933e-02  7.57011e+00  -4.23079e+00  1.08526e-01  1.28009e+01
6.28319e-01  5.54844e-02  5.65530e+00  -3.27329e+00  1.08721e-01  9.92859e+00
7.33038e-01  5.54804e-02  4.31104e+00  -2.60102e+00  1.09000e-01  7.91206e+00
8.37758e-01  5.55856e-02  3.34553e+00  -2.11808e+00  1.09379e-01  6.46361e+00
9.42478e-01  5.58041e-02  2.63501e+00  -1.76257e+00  1.09876e-01  5.39758e+00
1.04720e+00  5.61387e-02  2.09989e+00  -1.49469e+00  1.10506e-01  4.59459e+00
1.15192e+00  5.65930e-02  1.68827e+00  -1.28849e+00  1.11285e-01  3.97676e+00
1.25664e+00  5.71702e-02  1.36557e+00  -1.12667e+00  1.12226e-01  3.49224e+00
1.36136e+00  5.78748e-02  1.10828e+00  -9.97469e-01  1.13341e-01  3.10575e+00
1.46608e+00  5.87113e-02  9.00038e-01  -8.92697e-01  1.14643e-01  2.79273e+00
1.57080e+00  5.96857e-02  7.29231e-01  -8.06544e-01  1.16143e-01  2.53577e+00
1.67552e+00  6.08044e-02  5.87458e-01  -7.34802e-01  1.17853e-01  2.32226e+00
1.78024e+00  6.20751e-02  4.68535e-01  -6.74376e-01  1.19783e-01  2.14291e+00
1.88496e+00  6.35064e-02  3.67837e-01  -6.22946e-01  1.21945e-01  1.99078e+00
1.98968e+00  6.51085e-02  2.81855e-01  -5.78751e-01  1.24352e-01  1.86061e+00
2.09440e+00  6.68927e-02  2.07889e-01  -5.40436e-01  1.27017e-01  1.74833e+00
2.19911e+00  6.88722e-02  1.43842e-01  -5.06944e-01  1.29953e-01  1.65079e+00
2.30383e+00  7.10619e-02  8.80612e-02  -4.77442e-01  1.33178e-01  1.56550e+00
2.40855e+00  7.34786e-02  3.92348e-02  -4.51264e-01  1.36706e-01  1.49050e+00
2.51327e+00  7.61414e-02  -3.68834e-03  -4.27876e-01  1.40559e-01  1.42419e+00
2.61799e+00  7.90722e-02  -4.15572e-02  -4.06843e-01  1.44756e-01  1.36529e+00
2.72271e+00  8.22956e-02  -7.50624e-02  -3.87808e-01  1.49321e-01  1.31275e+00
2.82743e+00  8.58396e-02  -1.04769e-01  -3.70476e-01  1.54279e-01  1.26571e+00
2.93215e+00  8.97359e-02  -1.31141e-01  -3.54600e-01  1.59660e-01  1.22346e+00
3.03687e+00  9.40207e-02  -1.54561e-01  -3.39972e-01  1.65494e-01  1.18541e+00
3.14159e+00  9.87350e-02  -1.75348e-01  -3.26417e-01  1.71818e-01  1.15107e+00
3.24631e+00  1.03926e-01  -1.93763e-01  -3.13783e-01  1.78672e-01  1.12002e+00
3.35103e+00  1.09646e-01  -2.10023e-01  -3.01939e-01  1.86099e-01  1.09192e+00
3.45575e+00  1.15958e-01  -2.24308e-01  -2.90771e-01  1.94151e-01  1.06646e+00
3.56047e+00  1.22931e-01  -2.36764e-01  -2.80177e-01  2.02882e-01  1.04341e+00
3.66519e+00  1.30645e-01  -2.47509e-01  -2.70067e-01  2.12357e-01  1.02256e+00
3.76991e+00  1.39194e-01  -2.56639e-01  -2.60356e-01  2.22648e-01  1.00372e+00
3.87463e+00  1.48684e-01  -2.64226e-01  -2.50970e-01  2.33835e-01  9.86744e-01
3.97935e+00  1.59239e-01  -2.70322e-01  -2.41833e-01  2.46012e-01  9.71510e-01
4.08407e+00  1.71002e-01  -2.74964e-01  -2.32876e-01  2.59285e-01  9.57912e-01
4.18879e+00  1.84142e-01  -2.78167e-01  -2.24029e-01  2.73775e-01  9.45861e-01
4.29351e+00  1.98852e-01  -2.79935e-01  -2.15220e-01  2.89625e-01  9.35285e-01
4.39823e+00  2.15361e-01  -2.80251e-01  -2.06376e-01  3.06997e-01  9.26125e-01
4.50295e+00  2.33938e-01  -2.79084e-01  -1.97418e-01  3.26080e-01  9.18334e-01
4.60767e+00  2.54896e-01  -2.76384e-01  -1.88260e-01  3.47096e-01  9.11876e-01
4.71239e+00  2.78609e-01  -2.72083e-01  -1.78806e-01  3.70305e-01  9.06723e-01
4.81711e+00  3.05516e-01  -2.66093e-01  -1.68948e-01  3.96010e-01  9.02855e-01
4.92183e+00  3.36136e-01  -2.58303e-01  -1.58562e-01  4.24572e-01  9.00259e-01
5.02655e+00  3.71086e-01  -2.48579e-01  -1.47504e-01  4.56414e-01  8.98925e-01
5.13127e+00  4.11094e-01  -2.36756e-01  -1.35602e-01  4.92039e-01  8.98847e-01
5.23599e+00  4.57022e-01  -2.22641e-01  -1.22659e-01  5.32041e-01  9.00018e-01
5.34071e+00  5.09881e-01  -2.06007e-01  -1.08437e-01  5.77118e-01  9.02431e-01
5.44543e+00  5.70844e-01  -1.86587e-01  -9.26594e-02  6.28094e-01  9.06072e-01
5.55015e+00  6.41260e-01  -1.64081e-01  -7.49993e-02  6.85920e-01  9.10918e-01
5.65487e+00  7.22628e-01  -1.38150e-01  -5.50825e-02  7.51685e-01  9.16932e-01
5.75959e+00  8.16551e-01  -1.08434e-01  -3.24898e-02  8.26586e-01  9.24055e-01
5.86431e+00  9.24595e-01  -7.45732e-02  -6.77649e-03  9.11874e-01  9.32203e-01
5.96903e+00  1.04805e+00  -3.62578e-02  2.24836e-02  1.00871e+00  9.41259e-01
6.07375e+00  1.18748e+00  6.67784e-03  5.56119e-02  1.11790e+00  9.51066e-01
6.17847e+00  1.34203e+00  5.41039e-02  9.26736e-02  1.23945e+00  9.61430e-01
6.28319e+00  1.50844e+00  1.05363e-01  1.33244e-01  1.37185e+00  9.72119e-01
6.38791e+00  1.67993e+00  1.58971e-01  1.76102e-01  1.51117e+00  9.82869e-01
6.49262e+00  1.84537e+00  2.12330e-01  2.18928e-01  1.65019e+00  9.93402e-01
6.59734e+00  1.98972e+00  2.61653e-01  2.58213e-01  1.77808e+00  1.00344e+00
6.70206e+00  2.09641e+00  3.02363e-01  2.89642e-01  1.88165e+00  1.01272e+00
6.80678e+00  2.15192e+00  3.30131e-01  3.09119e-01  1.94837e+00  1.02101e+00
6.91150e+00  2.15048e+00  3.42236e-01  3.14114e-01  1.97046e+00  1.02812e+00
7.01622e+00  2.09622e+00  3.38526e-01  3.04613e-01  1.94775e+00  1.03391e+00
7.12094e+00  2.00119e+00  3.21332e-01  2.83022e-01  1.88738e+00  1.03831e+00
7.22566e+00  1.88081e+00  2.94454e-01  2.53142e-01  1.80074e+00  1.04131e+00
7.33038e+00  1.74945e+00  2.61906e-01  2.18920e-01  1.69975e+00  1.04299e+00
7.43510e+00  1.61800e+00  2.27050e-01  1.83587e-01  1.59422e+00  1.04346e+00
7.53982e+00  1.49339e+00  1.92276e-01  1.49365e-01  1.49100e+00  1.04291e+00
7.64454e+00  1.37931e+00  1.59060e-01  1.17541e-01  1.39414e+00  1.04152e+00
7.74926e+00  1.27716e+00  1.28188e-01  8.87150e-02  1.30562e+00  1.03947e+00
7.85398e+00  1.18697e+00  9.99845e-02  6.30392e-02  1.22606e+00  1.03695e+00
7.95870e+00  1.10805e+00  7.44958e-02  4.04092e-02  1.15531e+00  1.03409e+00
8.06342e+00  1.03935e+00  5.16143e-02  2.05927e-02  1.09280e+00  1.03102e+00
8.16814e+00  9.79749e-01  3.11581e-02  3.30741e-03  1.03777e+00  1.02785e+00
8.27286e+00  9.28167e-01  1.29172e-02  -1.17340e-02  9.89449e-01  1.02465e+00
8.37758e+00  8.83607e-01  -3.32023e-03  -2.48017e-02  9.47076e-01  1.02148e+00
8.48230e+00  8.45192e-01  -1.77547e-02  -3.61389e-02  9.09968e-01  1.01838e+00
8.58702e+00  8.12163e-01  -3.05694e-02  -4.59583e-02  8.77514e-01  1.01539e+00
8.69174e+00  7.83875e-01  -4.19276e-02  -5.44436e-02  8.49185e-01  1.01252e+00
8.79646e+00  7.59777e-01  -5.19732e-02  -6.17512e-02  8.24524e-01  1.00978e+00
8.90118e+00  7.39409e-01  -6.08314e-02  -6.80138e-02  8.03141e-01  1.00718e+00
9.00590e+00  7.22382e-01  -6.86106e-02  -7.33431e-02  7.84703e-01  1.00473e+00
9.11062e+00  7.08372e-01  -7.54037e-02  -7.78332e-02  7.68930e-01  1.00243e+00
9.21534e+00  6.97110e-01  -8.12900e-02  -8.15628e-02  7.55584e-01  1.00027e+00
9.32006e+00  6.88371e-01  -8.63363e-02  -8.45974e-02  7.44469e-01  9.98261e-01
9.42478e+00  6.81970e-01  -9.05988e-02  -8.69917e-02  7.35418e-01  9.96393e-01
9.52950e+00  6.77758e-01  -9.41235e-02  -8.87904e-02  7.28296e-01  9.94667e-01
9.63422e+00  6.75613e-01  -9.69479e-02  -9.00300e-02  7.22992e-01  9.93082e-01
9.73894e+00  6.75438e-01  -9.91013e-02  -9.07400e-02  7.19419e-01  9.91639e-01
9.84366e+00  6.77159e-01  -1.00606e-01  -9.09431e-02  7.17508e-01  9.90337e-01
9.94838e+00  6.80722e-01  -1.01477e-01  -9.06566e-02  7.17210e-01  9.89179e-01
1.00531e+01  6.86088e-01  -1.01725e-01  -8.98924e-02  7.18490e-01  9.88168e-01
1.01578e+01  6.93234e-01  -1.01353e-01  -8.86578e-02  7.21332e-01  9.87305e-01
1.02625e+01  7.02151e-01  -1.00359e-01  -8.69557e-02  7.25729e-01  9.86596e-01
1.03673e+01  7.12840e-01  -9.87399e-02  -8.47847e-02  7.31691e-01  9.86045e-01
1.04720e+01  7.25311e-01  -9.64840e-02  -8.21401e-02  7.39236e-01  9.85656e-01
1.05767e+01  7.39584e-01  -9.35786e-02  -7.90130e-02  7.48395e-01  9.85434e-01
1.06814e+01  7.55682e-01  -9.00073e-02  -7.53918e-02  7.59209e-01  9.85384e-01
1.07861e+01  7.73634e-01  -8.57516e-02  -7.12617e-02  7.71725e-01  9.85510e-01
1.08909e+01  7.93466e-01  -8.07915e-02  -6.66056e-02  7.85997e-01  9.85814e-01
1.09956e+01  8.15201e-01  -7.51068e-02  -6.14047e-02  8.02084e-01  9.86298e-01
1.11003e+01  8.38854e-01  -6.86785e-02  -5.56395e-02  8.20042e-01  9.86961e-01
1.12050e+01  8.64424e-01  -6.14903e-02  -4.92911e-02  8.39927e-01  9.87801e-01
1.13097e+01  8.91888e-01  -5.35312e-02  -4.23429e-02  8.61783e-01  9.88812e-01
1.14145e+01  9.21192e-01  -4.47980e-02  -3.47831e-02  8.85636e-01  9.89985e-01
1.15192e+01  9.52236e-01  -3.52991e-02  -2.66076e-02  9.11486e-01  9.91309e-01
1.16239e+01  9.84869e-01  -2.50583e-02  -1.78243e-02  9.39293e-01  9.92766e-01
1.17286e+01  1.01887e+00  -1.41201e-02  -8.45753e-03  9.68965e-01  9.94337e-01
1.18333e+01  1.05392e+00  -2.55553e-03  1.44617e-03  1.00034e+00  9.95998e-01
1.19381e+01  1.08961e+00  9.53215e-03  1.18116e-02  1.03316e+00  9.97721e-01
1.20428e+01  1.12543e+00  2.20008e-02  2.25284e-02  1.06706e+00  9.99472e-01
1.21475e+01  1.16072e+00  3.46640e-02  3.34449e-02  1.10155e+00  1.00122e+00
1.22522e+01  1.19473e+00  4.72880e-02  4.43638e-02  1.13602e+00  1.00292e+00
1.23569e+01  1.22658e+00  5.95911e-02  5.50408e-02  1.16967e+00  1.00455e+00
1.24617e+01  1.25534e+00  7.12494e-02  6.51889e-02  1.20163e+00  1.00606e+00
1.25664e+01  1.28004e+00  8.19084e-02  7.44882e-02  1.23088e+00  1.00742e+00
1.26711e+01  1.29977e+00  9.12029e-02  8.26046e-02  1.25641e+00  1.00860e+00
1.27758e+01  1.31372e+00  9.87836e-02  8.92147e-02  1.27721e+00  1.00957e+00
1.28805e+01  1.32132e+00  1.04348e-01  9.40362e-02  1.29242e+00  1.01031e+00
1.29852e+01  1.32225e+00  1.07674e-01  9.68582e-02  1.30139e+00  1.01082e+00
1.30900e+01  1.31651e+00  1.08643e-01  9.75674e-02  1.30378e+00  1.01108e+00
1.31947e+01  1.30445e+00  1.07257e-01  9.61629e-02  1.29958e+00  1.01109e+00
1.32994e+01  1.28670e+00  1.03641e-01  9.27577e-02  1.28916e+00  1.01088e+00
1.34041e+01  1.26414e+00  9.80254e-02  8.75652e-02  1.27316e+00  1.01046e+00
1.35088e+01  1.23777e+00  9.07220e-02  8.08740e-02  1.25247e+00  1.00985e+00
1.36136e+01  1.20867e+00  8.20913e-02  7.30168e-02  1.22813e+00  1.00907e+00
1.37183e+01  1.17788e+00  7.25079e-02  6.43380e-02  1.20118e+00  1.00817e+00
1.38230e+01  1.14635e+00  6.23316e-02  5.51661e-02  1.17266e+00  1.00717e+00
1.39277e+01  1.11490e+00  5.18860e-02  4.57934e-02  1.14347e+00  1.00609e+00
1.40324e+01  1.08418e+00  4.14455e-02  3.64648e-02  1.11438e+00  1.00498e+00
1.41372e+01  1.05470e+00  3.12303e-02  2.73737e-02  1.08598e+00  1.00386e+00
1.42419e+01  1.02681e+00  2.14078e-02  1.86633e-02  1.05873e+00  1.00274e+00
1.43466e+01  1.00076e+00  1.20976e-02  1.04330e-02  1.03296e+00  1.00166e+00
1.44513e+01  9.76689e-01  3.37886e-03  2.74519e-03  1.00887e+00  1.00063e+00
1.45560e+01  9.54662e-01  -4.70185e-03  -4.36666e-03  9.86565e-01  9.99665e-01
1.46608e+01  9.34689e-01  -1.21228e-02  -1.08906e-02  9.66096e-01  9.98768e-01
1.47655e+01  9.16741e-01  -1.88804e-02  -1.68299e-02  9.47460e-01  9.97950e-01
1.48702e+01  9.00765e-01  -2.49840e-02  -2.21980e-02  9.30620e-01  9.97214e-01
1.49749e+01  8.86692e-01  -3.04511e-02  -2.70144e-02  9.15520e-01  9.96563e-01
1.50796e+01  8.74447e-01  -3.53041e-02  -3.13018e-02  9.02092e-01  9.95998e-01
1.51844e+01  8.63953e-01  -3.95679e-02  -3.50838e-02  8.90265e-01  9.95516e-01
1.52891e+01  8.55134e-01  -4.32680e-02  -3.83837e-02  8.79965e-01  9.95116e-01
1.53938e+01  8.47919e-01  -4.64292e-02  -4.12233e-02  8.71124e-01  9.94794e-01
1.54985e+01  8.42242e-01  -4.90749e-02  -4.36227e-02  8.63680e-01  9.94548e-01
1.56032e+01  8.38042e-01  -5.12265e-02  -4.55995e-02  8.57575e-01  9.94373e-01
1.57080e+01  8.35267e-01  -5.29030e-02  -4.71690e-02  8.52759e-01  9.94266e-01
1.58127e+01  8.33868e-01  -5.41210e-02  -4.83443e-02  8.49190e-01  9.94223e-01
1.59174e+01  8.33803e-01  -5.48948e-02  -4.91361e-02  8.46833e-01  9.94241e-01
1.60221e+01  8.35035e-01  -5.52362e-02  -4.95528e-02  8.45658e-01  9.94317e-01
1.61268e+01  8.37531e-01  -5.51547e-02  -4.96013e-02  8.45643e-01  9.94447e-01
1.62316e+01  8.41263e-01  -5.46579e-02  -4.92864e-02  8.46769e-01  9.94628e-01
1.63363e+01  8.46204e-01  -5.37517e-02  -4.86115e-02  8.49025e-01  9.94860e-01
1.64410e+01  8.52329e-01  -5.24405e-02  -4.75789e-02  8.52402e-01  9.95138e-01
1.65457e+01  8.59613e-01  -5.07276e-02  -4.61900e-02  8.56892e-01  9.95462e-01
1.66504e+01  8.68031e-01  -4.86158e-02  -4.44456e-02  8.62493e-01  9.95830e-01
1.67552e+01  8.77555e-01  -4.61078e-02  -4.23462e-02  8.69200e-01  9.96238e-01
1.68599e+01  8.88153e-01  -4.32066e-02  -3.98929e-02  8.77008e-01  9.96686e-01
1.69646e+01  8.99787e-01  -3.99165e-02  -3.70875e-02  8.85908e-01  9.97171e-01
1.70693e+01  9.12412e-01  -3.62437e-02  -3.39333e-02  8.95890e-01  9.97690e-01
1.71740e+01  9.25971e-01  -3.21969e-02  -3.04358e-02  9.06932e-01  9.98239e-01
1.72788e+01  9.40395e-01  -2.77890e-02  -2.66035e-02  9.19004e-01  9.98815e-01
1.73835e+01  9.55599e-01  -2.30372e-02  -2.24493e-02  9.32064e-01  9.99412e-01
1.74882e+01  9.71481e-01  -1.79648e-02  -1.79907e-02  9.46054e-01  1.00003e+00
1.75929e+01  9.87915e-01  -1.26024e-02  -1.32517e-02  9.60894e-01  1.00065e+00
1.76976e+01  1.00476e+00  -6.98863e-03  -8.26379e-03  9.76484e-01  1.00128e+00
1.78024e+01  1.02183e+00  -1.17168e-03  -3.06680e-03  9.92695e-01  1.00190e+00
1.79071e+01  1.03894e+00  4.78989e-03  2.28968e-03  1.00937e+00  1.00250e+00
1.80118e+01  1.05586e+00  1.08266e-02  7.74575e-03  1.02632e+00  1.00308e+00
1.81165e+01  1.07234e+00  1.68576e-02  1.32307e-02  1.04332e+00  1.00363e+00
1.82212e+01  1.08812e+00  2.27915e-02  1.86633e-02  1.06012e+00  1.00413e+00
1.83260e+01  1.10290e+00  2.85272e-02  2.39525e-02  1.07643e+00  1.00457e+00
1.84307e+01  1.11640e+00  3.39564e-02  2.89999e-02  1.09196e+00  1.00496e+00
1.85354e+01  1.12833e+00  3.89668e-02  3.37017e-02  1.10637e+00  1.00527e+00
1.86401e+01  1.13841e+00  4.34459e-02  3.79532e-02  1.11935e+00  1.00549e+00
1.87448e+01  1.14642e+00  4.72866e-02  4.16535e-02  1.13059e+00  1.00563e+00
1.88496e+01  1.15216e+00  5.03923e-02  4.47104e-02  1.13981e+00  1.00568e+00
1.89543e+01  1.15547e+00  5.26830e-02  4.70459e-02  1.14677e+00  1.00564e+00
1.90590e+01  1.15630e+00  5.40999e-02  4.86017e-02  1.15130e+00  1.00550e+00
1.91637e+01  1.15463e+00  5.46101e-02  4.93423e-02  1.15329e+00  1.00527e+00
1.92684e+01  1.15054e+00  5.42087e-02  4.92586e-02  1.15273e+00  1.00495e+00
1.93732e+01  1.14416e+00  5.29193e-02  4.83676e-02  1.14965e+00  1.00455e+00
1.94779e+01  1.13571e+00  5.07932e-02  4.67118e-02  1.14422e+00  1.00408e+00
1.95826e+01  1.12543e+00  4.79052e-02  4.43562e-02  1.13662e+00  1.00355e+00
1.96873e+01  1.11361e+00  4.43493e-02  4.13832e-02  1.12712e+00  1.00297e+00
1.97920e+01  1.10056e+00  4.02330e-02  3.78883e-02  1.11601e+00  1.00234e+00
1.98968e+01  1.08660e+00  3.56713e-02  3.39735e-02  1.10362e+00  1.00170e+00
2.00015e+01  1.07203e+00  3.07805e-02  2.97426e-02  1.09027e+00  1.00104e+00
2.01062e+01  1.05714e+00  2.56739e-02  2.52963e-02  1.07627e+00  1.00038e+00
2.02109e+01  1.04220e+00  2.04571e-02  2.07287e-02  1.06191e+00  9.99728e-01
2.03156e+01  1.02743e+00  1.52258e-02  1.61245e-02  1.04747e+00  9.99101e-01
2.04204e+01  1.01305e+00  1.00634e-02  1.15575e-02  1.03318e+00  9.98506e-01
2.05251e+01  9.99208e-01  5.04070e-03  7.09037e-03  1.01922e+00  9.97950e-01
2.06298e+01  9.86048e-01  2.16065e-04  2.77431e-03  1.00576e+00  9.97442e-01
2.07345e+01  9.73673e-01  -4.36420e-03  -1.34984e-03  9.92936e-01  9.96986e-01
2.08392e+01  9.62163e-01  -8.66452e-03  -5.25068e-03  9.80834e-01  9.96586e-01
2.09440e+01  9.51576e-01  -1.26588e-02  -8.90492e-03  9.69531e-01  9.96246e-01
2.10487e+01  9.41952e-01  -1.63288e-02  -1.22961e-02  9.59079e-01  9.95967e-01
2.11534e+01  9.33314e-01  -1.96631e-02  -1.54131e-02  9.49511e-01  9.95750e-01
2.12581e+01  9.25674e-01  -2.26554e-02  -1.82495e-02  9.40846e-01  9.95594e-01
2.13628e+01  9.19037e-01  -2.53036e-02  -2.08016e-02  9.33093e-01  9.95498e-01
2.14675e+01  9.13399e-01  -2.76084e-02  -2.30686e-02  9.26254e-01  9.95460e-01
2.15723e+01  9.08751e-01  -2.95731e-02  -2.50510e-02  9.20325e-01  9.95478e-01
2.16770e+01  9.05081e-01  -3.12022e-02  -2.67505e-02  9.15297e-01  9.95548e-01
2.17817e+01  9.02374e-01  -3.25012e-02  -2.81695e-02  9.11160e-01  9.95668e-01
2.18864e+01  9.00613e-01  -3.34763e-02  -2.93104e-02  9.07903e-01  9.95834e-01
2.19911e+01  8.99781e-01  -3.41336e-02  -3.01760e-02  9.05514e-01  9.96042e-01
2.20959e+01  8.99860e-01  -3.44796e-02  -3.07688e-02  9.03983e-01  9.96289e-01
2.22006e+01  9.00829e-01  -3.45202e-02  -3.10914e-02  9.03297e-01  9.96571e-01
2.23053e+01  9.02668e-01  -3.42618e-02  -3.11461e-02  9.03446e-01  9.96884e-01
2.24100e+01  9.05355e-01  -3.37101e-02  -3.09352e-02  9.04419e-01  9.97225e-01
2.25147e+01  9.08868e-01  -3.28712e-02  -3.04611e-02  9.06207e-01  9.97590e-01
2.26195e+01  9.13180e-01  -3.17513e-02  -2.97263e-02  9.08796e-01  9.97975e-01
2.27242e+01  9.18264e-01  -3.03567e-02  -2.87338e-02  9.12176e-01  9.98377e-01
2.28289e+01  9.24089e-01  -2.86947e-02  -2.74871e-02  9.16331e-01  9.98792e-01
2.29336e+01  9.30619e-01  -2.67732e-02  -2.59908e-02  9.21245e-01  9.99218e-01
2.30383e+01  9.37814e-01  -2.46015e-02  -2.42507e-02  9.26897e-01  9.99649e-01
2.31431e+01  9.45627e-01  -2.21905e-02  -2.22739e-02  9.33262e-01  1.00008e+00
2.32478e+01  9.54006e-01  -1.95532e-02  -2.00698e-02  9.40307e-01  1.00052e+00
2.33525e+01  9.62891e-01  -1.67048e-02  -1.76500e-02  9.47995e-01  1.00095e+00
2.34572e+01  9.72212e-01  -1.36636e-02  -1.50287e-02  9.56279e-01  1.00137e+00
2.35619e+01  9.81891e-01  -1.04513e-02  -1.22234e-02  9.65102e-01  1.00177e+00
2.36667e+01  9.91840e-01  -7.09284e-03  -9.25525e-03  9.74397e-01  1.00216e+00
2.37714e+01  1.00196e+00  -3.61763e-03  -6.14905e-03  9.84084e-01  1.00253e+00
2.38761e+01  1.01215e+00  -5.90585e-05  -2.93391e-03  9.94073e-01  1.00287e+00
2.39808e+01  1.02228e+00  3.54509e-03  3.56819e-04  1.00426e+00  1.00319e+00
2.40855e+01  1.03223e+00  7.15280e-03  3.68547e-03  1.01452e+00  1.00347e+00
2.41903e+01  1.04186e+00  1.07181e-02  7.01031e-03  1.02474e+00  1.00371e+00
2.42950e+01  1.05104e+00  1.41915e-02  1.02860e-02  1.03476e+00  1.00391e+00
2.43997e+01  1.05963e+00  1.75210e-02  1.34641e-02  1.04445e+00  1.00406e+00
2.45044e+01  1.06748e+00  2.06532e-02  1.64944e-02  1.05364e+00  1.00416e+00
2.46091e+01  1.07447e+00  2.35344e-02  1.93261e-02  1.06219e+00  1.00421e+00
2.47139e+01  1.08047e+00  2.61125e-02  2.19089e-02  1.06993e+00  1.00420e+00
2.48186e+01  1.08537e+00  2.83389e-02  2.41954e-02  1.07673e+00  1.00414e+00
2.49233e+01  1.08908e+00  3.01701e-02  2.61423e-02  1.08245e+00  1.00403e+00
2.50280e+01  1.09152e+00  3.15696e-02  2.77125e-02  1.08699e+00  1.00386e+00
2.51327e+01  1.09267e+00  3.25098e-02  2.88767e-02  1.09026e+00  1.00363e+00
2.52375e+01  1.09251e+00  3.29732e-02  2.96145e-02  1.09220e+00  1.00336e+00
2.53422e+01  1.09105e+00  3.29531e-02  2.99159e-02  1.09278e+00  1.00304e+00
2.54469e+01  1.08833e+00  3.24545e-02  2.97809e-02  1.09202e+00  1.00267e+00
2.55516e+01  1.08443e+00  3.14934e-02  2.92203e-02  1.08993e+00  1.00227e+00
2.56563e+01  1.07944e+00  3.00964e-02  2.82543e-02  1.08661e+00  1.00184e+00
2.57611e+01  1.07348e+00  2.82995e-02  2.69123e-02  1.08212e+00  1.00139e+00
2.58658e+01  1.06667e+00  2.61461e-02  2.52305e-02  1.07661e+00  1.00092e+00
2.59705e+01  1.05915e+00  2.36857e-02  2.32510e-02  1.07019e+00  1.00043e+00
2.60752e+01  1.05108e+00  2.09713e-02  2.10195e-02  1.06301e+00  9.99952e-01
2.61799e+01  1.04259e+00  1.80581e-02  1.85837e-02  1.05523e+00  9.99474e-01
2.62847e+01  1.03384e+00  1.50011e-02  1.59914e-02  1.04698e+00  9.99010e-01
2.63894e+01  1.02495e+00  1.18536e-02  1.32896e-02  1.03843e+00  9.98564e-01
2.64941e+01  1.01606e+00  8.66640e-03  1.05227e-02  1.02971e+00  9.98144e-01
2.65988e+01  1.00728e+00  5.48610e-03  7.73202e-03  1.02095e+00  9.97754e-01
2.67035e+01  9.98711e-01  2.35495e-03  4.95492e-03  1.01226e+00  9.97400e-01
2.68083e+01  9.90452e-01  -6.89714e-04  2.22477e-03  1.00376e+00  9.97086e-01
2.69130e+01  9.82579e-01  -3.61558e-03  -4.29335e-04  9.95526e-01  9.96814e-01
2.70177e+01  9.75159e-01  -6.39524e-03  -2.98242e-03  9.87640e-01  9.96587e-01
2.71224e+01  9.68248e-01  -9.00596e-03  -5.41341e-03  9.80167e-01  9.96407e-01
2.72271e+01  9.61890e-01  -1.14293e-02  -7.70481e-03  9.73161e-01  9.96275e-01
2.73319e+01  9.56121e-01  -1.36508e-02  -9.84230e-03  9.66665e-01  9.96192e-01
2.74366e+01  9.50969e-01  -1.56592e-02  -1.18144e-02  9.60712e-01  9.96155e-01
2.75413e+01  9.46454e-01  -1.74466e-02  -1.36119e-02  9.55330e-01  9.96165e-01
2.76460e+01  9.42591e-01  -1.90072e-02  -1.52277e-02  9.50538e-01  9.96220e-01
2.77507e+01  9.39388e-01  -2.03375e-02  -1.66563e-02  9.46350e-01  9.96319e-01
2.78555e+01  9.36851e-01  -2.14358e-02  -1.78937e-02  9.42777e-01  9.96458e-01
2.79602e+01  9.34979e-01  -2.23019e-02  -1.89369e-02  9.39824e-01  9.96635e-01
2.80649e+01  9.33770e-01  -2.29365e-02  -1.97838e-02  9.37496e-01  9.96847e-01
2.81696e+01  9.33219e-01  -2.33415e-02  -2.04330e-02  9.35792e-01  9.97091e-01
2.82743e+01  9.33316e-01  -2.35196e-02  -2.08840e-02  9.34712e-01  9.97364e-01
2.83791e+01  9.34050e-01  -2.34741e-02  -2.11366e-02  9.34253e-01  9.97662e-01
2.84838e+01  9.35408e-01  -2.32091e-02  -2.11913e-02  9.34408e-01  9.97982e-01
2.85885e+01  9.37374e-01  -2.27291e-02  -2.10493e-02  9.35172e-01  9.98320e-01
2.86932e+01  9.39928e-01  -2.20396e-02  -2.07121e-02  9.36536e-01  9.98673e-01
2.87979e+01  9.43049e-01  -2.11464e-02  -2.01823e-02  9.38489e-01  9.99036e-01
2.89027e+01  9.46711e-01  -2.00566e-02  -1.94631e-02  9.41017e-01  9.99406e-01
2.90074e+01  9.50886e-01  -1.87779e-02  -1.85587e-02  9.44105e-01  9.99781e-01
2.91121e+01  9.55542e-01  -1.73192e-02  -1.74743e-02  9.47732e-01  1.00016e+00
2.92168e+01  9.60642e-01  -1.56907e-02  -1.62166e-02  9.51876e-01  1.00053e+00
2.93215e+01  9.66146e-01  -1.39039e-02  -1.47935e-02  9.56509e-01  1.00089e+00
2.94263e+01  9.72006e-01  -1.19719e-02  -1.32149e-02  9.61598e-01  1.00124e+00
2.95310e+01  9.78173e-01  -9.90974e-03  -1.14921e-02  9.67106e-01  1.00158e+00
2.96357e+01  9.84590e-01  -7.73422e-03  -9.63873e-03  9.72988e-01  1.00190e+00
2.97404e+01  9.91197e-01  -5.46425e-03  -7.67030e-03  9.79195e-01  1.00221e+00
2.98451e+01  9.97925e-01  -3.12084e-03  -5.60465e-03  9.85670e-01  1.00248e+00
2.99498e+01  1.00470e+00  -7.27171e-04  -3.46191e-03  9.92349e-01  1.00273e+00
3.00546e+01  1.01146e+00  1.69147e-03  -1.26444e-03  9.99163e-01  1.00296e+00
3.01593e+01  1.01810e+00  4.10784e-03  9.63220e-04  1.00603e+00  1.00314e+00
3.02640e+01  1.02456e+00  6.49293e-03  3.19454e-03  1.01288e+00  1.00330e+00
3.03687e+01  1.03075e+00  8.81637e-03  5.40134e-03  1.01962e+00  1.00342e+00
3.04734e+01  1.03658e+00  1.10468e-02  7.55415e-03  1.02616e+00  1.00349e+00
3.05782e+01  1.04197e+00  1.31527e-02  9.62275e-03  1.03240e+00  1.00353e+00
3.06829e+01  1.04683e+00  1.51026e-02  1.15768e-02  1.03826e+00  1.00353e+00
3.07876e+01  1.05111e+00  1.68662e-02  1.33867e-02  1.04364e+00  1.00348e+00
3.08923e+01  1.05472e+00  1.84153e-02  1.50240e-02  1.04846e+00  1.00339e+00
3.09970e+01  1.05762e+00  1.97244e-02  1.64626e-02  1.05265e+00  1.00326e+00
3.11018e+01  1.05976e+00  2.07715e-02  1.76794e-02  1.05613e+00  1.00309e+00
3.12065e+01  1.06110e+00  2.15390e-02  1.86551e-02  1.05885e+00  1.00288e+00
3.13112e+01  1.06164e+00  2.20146e-02  1.93749e-02  1.06076e+00  1.00264e+00
3.14159e+01  1.06135e+00  2.21911e-02  1.98288e-02  1.06185e+00  1.00236e+00
3.15206e+01  1.06027e+00  2.20673e-02  2.00120e-02  1.06209e+00  1.00206e+00
3.16254e+01  1.05841e+00  2.16480e-02  1.99253e-02  1.06150e+00  1.00172e+00
3.17301e+01  1.05582e+00  2.09435e-02  1.95747e-02  1.06009e+00  1.00137e+00
3.18348e+01  1.05255e+00  1.99696e-02  1.89711e-02  1.05791e+00  1.00100e+00
3.19395e+01  1.04865e+00  1.87468e-02  1.81300e-02  1.05501e+00  1.00062e+00
3.20442e+01  1.04422e+00  1.72997e-02  1.70709e-02  1.05144e+00  1.00023e+00
3.21490e+01  1.03931e+00  1.56563e-02  1.58164e-02  1.04729e+00  9.99840e-01
3.22537e+01  1.03403e+00  1.38466e-02  1.43914e-02  1.04263e+00  9.99455e-01
3.23584e+01  1.02845e+00  1.19025e-02  1.28225e-02  1.03755e+00  9.99080e-01
3.24631e+01  1.02265e+00  9.85605e-03  1.11371e-02  1.03213e+00  9.98719e-01
3.25678e+01  1.01672e+00  7.73944e-03  9.36253e-03  1.02646e+00  9.98377e-01
3.26726e+01  1.01075e+00  5.58379e-03  7.52581e-03  1.02064e+00  9.98058e-01
3.27773e+01  1.00480e+00  3.41881e-03  5.65277e-03  1.01472e+00  9.97766e-01
3.28820e+01  9.98953e-01  1.27225e-03  3.76783e-03  1.00881e+00  9.97504e-01
3.29867e+01  9.93265e-01  -8.30364e-04  1.89368e-03  1.00296e+00  9.97276e-01
3.30914e+01  9.87797e-01  -2.86596e-03  5.10875e-05  9.97236e-01  9.97083e-01
3.31962e+01  9.82601e-01  -4.81403e-03  -1.74121e-03  9.91704e-01  9.96927e-01
3.33009e+01  9.77722e-01  -6.65662e-03  -3.46649e-03  9.86410e-01  9.96810e-01
3.34056e+01  9.73198e-01  -8.37829e-03  -5.11001e-03  9.81402e-01  9.96732e-01
3.35103e+01  9.69064e-01  -9.96600e-03  -6.65891e-03  9.76716e-01  9.96693e-01
3.36150e+01  9.65346e-01  -1.14089e-02  -8.10207e-03  9.72387e-01  9.96693e-01
3.37198e+01  9.62067e-01  -1.26984e-02  -9.43002e-03  9.68442e-01  9.96732e-01
3.38245e+01  9.59245e-01  -1.38275e-02  -1.06347e-02  9.64903e-01  9.96807e-01
3.39292e+01  9.56892e-01  -1.47911e-02  -1.17094e-02  9.61790e-01  9.96918e-01
3.40339e+01  9.55019e-01  -1.55855e-02  -1.26486e-02  9.59117e-01  9.97063e-01
3.41386e+01  9.53630e-01  -1.62084e-02  -1.34478e-02  9.56896e-01  9.97239e-01
3.42434e+01  9.52729e-01  -1.66589e-02  -1.41034e-02  9.55134e-01  9.97445e-01
3.43481e+01  9.52314e-01  -1.69368e-02  -1.46128e-02  9.53838e-01  9.97676e-01
3.44528e+01  9.52381e-01  -1.70432e-02  -1.49740e-02  9.53009e-01  9.97931e-01
3.45575e+01  9.52924e-01  -1.69800e-02  -1.51860e-02  9.52648e-01  9.98206e-01
3.46622e+01  9.53934e-01  -1.67500e-02  -1.52485e-02  9.52753e-01  9.98498e-01
3.47670e+01  9.55397e-01  -1.63569e-02  -1.51617e-02  9.53320e-01  9.98805e-01
3.48717e+01  9.57299e-01  -1.58052e-02  -1.49269e-02  9.54341e-01  9.99122e-01
3.49764e+01  9.59622e-01  -1.51001e-02  -1.45461e-02  9.55808e-01  9.99446e-01
3.50811e+01  9.62344e-01  -1.42481e-02  -1.40223e-02  9.57707e-01  9.99774e-01
3.51858e+01  9.65442e-01  -1.32562e-02  -1.33591e-02  9.60025e-01  1.00010e+00
3.52906e+01  9.68889e-01  -1.21328e-02  -1.25617e-02  9.62744e-01  1.00043e+00
3.53953e+01  9.72654e-01  -1.08871e-02  -1.16358e-02  9.65841e-01  1.00075e+00
3.55000e+01  9.76702e-01  -9.52954e-03  -1.05888e-02  9.69293e-01  1.00106e+00
3.56047e+01  9.80997e-01  -8.07177e-03  -9.42914e-03  9.73070e-01  1.00136e+00
3.57094e+01  9.85498e-01  -6.52665e-03  -8.16665e-03  9.77140e-01  1.00164e+00
3.58142e+01  9.90161e-01  -4.90837e-03  -6.81259e-03  9.81466e-01  1.00190e+00
3.59189e+01  9.94938e-01  -3.23238e-03  -5.37965e-03  9.86008e-01  1.00215e+00
3.60236e+01  9.99778e-01  -1.51541e-03  -3.88194e-03  9.90721e-01  1.00237e+00
3.61283e+01  1.00463e+00  2.24637e-04  -2.33497e-03  9.95555e-01  1.00256e+00
3.62330e+01  1.00944e+00  1.96873e-03  -7.55584e-04  1.00046e+00  1.00272e+00
3.63378e+01  1.01414e+00  3.69693e-03  8.38216e-04  1.00537e+00  1.00286e+00
3.64425e+01  1.01869e+00  5.38858e-03  2.42742e-03  1.01024e+00  1.00296e+00
3.65472e+01  1.02302e+00  7.02258e-03  3.99229e-03  1.01501e+00  1.00303e+00
3.66519e+01  1.02707e+00  8.57771e-03  5.51260e-03  1.01960e+00  1.00307e+00
3.67566e+01  1.03080e+00  1.00330e-02  6.96805e-03  1.02397e+00  1.00306e+00
3.68614e+01  1.03416e+00  1.13683e-02  8.33864e-03  1.02805e+00  1.00303e+00
3.69661e+01  1.03708e+00  1.25644e-02  9.60508e-03  1.03177e+00  1.00296e+00
3.70708e+01  1.03954e+00  1.36037e-02  1.07493e-02  1.03510e+00  1.00285e+00
3.71755e+01  1.04150e+00  1.44709e-02  1.17547e-02  1.03798e+00  1.00272e+00
3.72802e+01  1.04293e+00  1.51529e-02  1.26069e-02  1.04037e+00  1.00255e+00
3.73850e+01  1.04381e+00  1.56397e-02  1.32939e-02  1.04223e+00  1.00235e+00
3.74897e+01  1.04414e+00  1.59242e-02  1.38064e-02  1.04354e+00  1.00212e+00
3.75944e+01  1.04391e+00  1.60030e-02  1.41382e-02  1.04428e+00  1.00186e+00
3.76991e+01  1.04312e+00  1.58760e-02  1.42861e-02  1.04445e+00  1.00159e+00
3.78038e+01  1.04181e+00  1.55468e-02  1.42504e-02  1.04405e+00  1.00130e+00
3.79086e+01  1.03999e+00  1.50222e-02  1.40342e-02  1.04309e+00  1.00099e+00
3.80133e+01  1.03769e+00  1.43125e-02  1.36439e-02  1.04160e+00  1.00067e+00
3.81180e+01  1.03496e+00  1.34307e-02  1.30886e-02  1.03961e+00  1.00034e+00
3.82227e+01  1.03184e+00  1.23926e-02  1.23798e-02  1.03715e+00  1.00001e+00
3.83274e+01  1.02839e+00  1.12158e-02  1.15311e-02  1.03428e+00  9.99685e-01
3.84322e+01  1.02465e+00  9.91986e-03  1.05579e-02  1.03104e+00  9.99362e-01
3.85369e+01  1.02068e+00  8.52527e-03  9.47666e-03  1.02748e+00  9.99049e-01
3.86416e+01  1.01654e+00  7.05325e-03  8.30483e-03  1.02366e+00  9.98748e-01
3.87463e+01  1.01229e+00  5.52525e-03  7.06020e-03  1.01965e+00  9.98465e-01
3.88510e+01  1.00798e+00  3.96246e-03  5.76066e-03  1.01548e+00  9.98202e-01
3.89557e+01  1.00366e+00  2.38551e-03  4.42381e-03  1.01123e+00  9.97962e-01
3.90605e+01  9.99385e-01  8.14127e-04  3.06668e-03  1.00695e+00  9.97747e-01
3.91652e+01  9.95205e-01  -7.33106e-04  1.70559e-03  1.00268e+00  9.97561e-01
3.92699e+01  9.91162e-01  -2.23895e-03  3.55857e-04  9.98473e-01  9.97405e-01
3.93746e+01  9.87297e-01  -3.68762e-03  -9.68204e-04  9.94376e-01  9.97281e-01
3.94793e+01  9.83645e-01  -5.06489e-03  -2.25343e-03  9.90428e-01  9.97189e-01
3.95841e+01  9.80240e-01  -6.35810e-03  -3.48782e-03  9.86666e-01  9.97130e-01
3.96888e+01  9.77110e-01  -7.55618e-03  -4.66053e-03  9.83123e-01  9.97104e-01
3.97935e+01  9.74279e-01  -8.64960e-03  -5.76188e-03  9.79827e-01  9.97112e-01
3.98982e+01  9.71769e-01  -9.63030e-03  -6.78327e-03  9.76803e-01  9.97153e-01
4.00029e+01  9.69595e-01  -1.04917e-02  -7.71718e-03  9.74074e-01  9.97226e-01
4.01077e+01  9.67773e-01  -1.12284e-02  -8.55707e-03  9.71657e-01  9.97329e-01
4.02124e+01  9.66311e-01  -1.18364e-02  -9.29736e-03  9.69569e-01  9.97461e-01
4.03171e+01  9.65219e-01  -1.23128e-02  -9.93335e-03  9.67820e-01  9.97621e-01
4.04218e+01  9.64498e-01  -1.26559e-02  -1.04612e-02  9.66422e-01  9.97805e-01
4.05265e+01  9.64152e-01  -1.28649e-02  -1.08778e-02  9.65380e-01  9.98013e-01
4.06313e+01  9.64178e-01  -1.29399e-02  -1.11809e-02  9.64698e-01  9.98241e-01
4.07360e+01  9.64573e-01  -1.28822e-02  -1.13690e-02  9.64380e-01  9.98487e-01
4.08407e+01  9.65329e-01  -1.26937e-02  -1.14413e-02  9.64424e-01  9.98748e-01
4.09454e+01  9.66438e-01  -1.23774e-02  -1.13978e-02  9.64827e-01  9.99020e-01
4.10501e+01  9.67886e-01  -1.19369e-02  -1.12392e-02  9.65585e-01  9.99302e-01
4.11549e+01  9.69660e-01  -1.13768e-02  -1.09671e-02  9.66689e-01  9.99590e-01
4.12596e+01  9.71743e-01  -1.07025e-02  -1.05839e-02  9.68130e-01  9.99881e-01
4.13643e+01  9.74114e-01  -9.92031e-03  -1.00926e-02  9.69894e-01  1.00017e+00
4.14690e+01  9.76751e-01  -9.03743e-03  -9.49760e-03  9.71967e-01  1.00046e+00
4.15737e+01  9.79629e-01  -8.06188e-03  -8.80378e-03  9.74331e-01  1.00074e+00
4.16785e+01  9.82720e-01  -7.00264e-03  -8.01722e-03  9.76963e-01  1.00101e+00
4.17832e+01  9.85994e-01  -5.86958e-03  -7.14494e-03  9.79841e-01  1.00128e+00
4.18879e+01  9.89419e-01  -4.67347e-03  -6.19501e-03  9.82937e-01  1.00152e+00
4.19926e+01  9.92959e-01  -3.42601e-03  -5.17649e-03  9.86221e-01  1.00175e+00
4.20973e+01  9.96577e-01  -2.13972e-03  -4.09949e-03  9.89661e-01  1.00196e+00
4.22021e+01  1.00023e+00  -8.27933e-04  -2.97508e-03  9.93222e-01  1.00215e+00
4.23068e+01  1.00389e+00  4.95312e-04  -1.81525e-03  9.96865e-01  1.00231e+00
4.24115e+01  1.00750e+00  1.81537e-03  -6.32829e-04  1.00055e+00  1.00245e+00
4.25162e+01  1.01103e+00  3.11715e-03  5.58656e-04  1.00423e+00  1.00256e+00
4.26209e+01  1.01443e+00  4.38527e-03  1.74512e-03  1.00788e+00  1.00264e+00
4.27257e+01  1.01766e+00  5.60427e-03  2.91209e-03  1.01143e+00  1.00269e+00
4.28304e+01  1.02068e+00  6.75884e-03  4.04496e-03  1.01485e+00  1.00271e+00
4.29351e+01  1.02345e+00  7.83411e-03  5.12919e-03  1.01809e+00  1.00270e+00
4.30398e+01  1.02594e+00  8.81586e-03  6.15058e-03  1.02112e+00  1.00267e+00
4.31445e+01  1.02811e+00  9.69087e-03  7.09555e-03  1.02388e+00  1.00260e+00
4.32493e+01  1.02993e+00  1.04471e-02  7.95143e-03  1.02635e+00  1.00250e+00
4.33540e+01  1.03138e+00  1.10743e-02  8.70668e-03  1.02849e+00  1.00237e+00
4.34587e+01  1.03244e+00  1.15635e-02  9.35124e-03  1.03027e+00  1.00221e+00
4.35634e+01  1.03310e+00  1.19083e-02  9.87665e-03  1.03166e+00  1.00203e+00
4.36681e+01  1.03335e+00  1.21040e-02  1.02763e-02  1.03266e+00  1.00183e+00
4.37729e+01  1.03319e+00  1.21485e-02  1.05457e-02  1.03324e+00  1.00160e+00
4.38776e+01  1.03263e+00  1.20420e-02  1.06822e-02  1.03341e+00  1.00136e+00
4.39823e+01  1.03167e+00  1.17870e-02  1.06855e-02  1.03316e+00  1.00110e+00
4.40870e+01  1.03034e+00  1.13882e-02  1.05573e-02  1.03250e+00  1.00083e+00
4.41917e+01  1.02865e+00  1.08527e-02  1.03013e-02  1.03146e+00  1.00055e+00
4.42965e+01  1.02664e+00  1.01895e-02  9.92318e-03  1.03004e+00  1.00027e+00
4.44012e+01  1.02433e+00  9.40930e-03  9.43019e-03  1.02827e+00  9.99979e-01
4.45059e+01  1.02176e+00  8.52451e-03  8.83121e-03  1.02619e+00  9.99693e-01
4.46106e+01  1.01897e+00  7.54860e-03  8.13634e-03  1.02382e+00  9.99412e-01
4.47153e+01  1.01600e+00  6.49604e-03  7.35668e-03  1.02121e+00  9.99139e-01
4.48201e+01  1.01288e+00  5.38190e-03  6.50411e-03  1.01839e+00  9.98878e-01
4.49248e+01  1.00966e+00  4.22161e-03  5.59099e-03  1.01540e+00  9.98631e-01
4.50295e+01  1.00639e+00  3.03061e-03  4.62996e-03  1.01229e+00  9.98401e-01
4.51342e+01  1.00309e+00  1.82417e-03  3.63368e-03  1.00909e+00  9.98190e-01
4.52389e+01  9.99811e-01  6.17129e-04  2.61467e-03  1.00585e+00  9.98002e-01
4.53437e+01  9.96588e-01  -5.76319e-04  1.58513e-03  1.00259e+00  9.97839e-01
4.54484e+01  9.93456e-01  -1.74274e-03  5.56795e-04  9.99371e-01  9.97700e-01
4.55531e+01  9.90446e-01  -2.86963e-03  -4.59177e-04  9.96212e-01  9.97590e-01
4.56578e+01  9.87589e-01  -3.94544e-03  -1.45228e-03  9.93150e-01  9.97507e-01
4.57625e+01  9.84911e-01  -4.95973e-03  -2.41273e-03  9.90215e-01  9.97453e-01
4.58673e+01  9.82438e-01  -5.90313e-03  -3.33148e-03  9.87434e-01  9.97428e-01
4.59720e+01  9.80189e-01  -6.76740e-03  -4.20027e-03  9.84832e-01  9.97433e-01
4.60767e+01  9.78184e-01  -7.54538e-03  -5.01163e-03  9.82431e-01  9.97466e-01
4.61814e+01  9.76438e-01  -8.23104e-03  -5.75885e-03  9.80251e-01  9.97528e-01
4.62861e+01  9.74965e-01  -8.81939e-03  -6.43599e-03  9.78309e-01  9.97617e-01
4.63909e+01  9.73773e-01  -9.30647e-03  -7.03785e-03  9.76618e-01  9.97731e-01
4.64956e+01  9.72872e-01  -9.68932e-03  -7.55997e-03  9.75191e-01  9.97871e-01
4.66003e+01  9.72265e-01  -9.96594e-03  -7.99859e-03  9.74037e-01  9.98033e-01
4.67050e+01  9.71955e-01  -1.01352e-02  -8.35068e-03  9.73163e-01  9.98215e-01
4.68097e+01  9.71941e-01  -1.01970e-02  -8.61386e-03  9.72575e-01  9.98417e-01
4.69145e+01  9.72222e-01  -1.01518e-02  -8.78646e-03  9.72275e-01  9.98635e-01
4.70192e+01  9.72793e-01  -1.00012e-02  -8.86748e-03  9.72264e-01  9.98866e-01
4.71239e+01  9.73645e-01  -9.74744e-03  -8.85662e-03  9.72539e-01  9.99109e-01
4.72286e+01  9.74771e-01  -9.39356e-03  -8.75427e-03  9.73098e-01  9.99361e-01
4.73333e+01  9.76157e-01  -8.94340e-03  -8.56153e-03  9.73934e-01  9.99618e-01
4.74380e+01  9.77790e-01  -8.40157e-03  -8.28023e-03  9.75038e-01  9.99879e-01
4.75428e+01  9.79653e-01  -7.77343e-03  -7.91295e-03  9.76401e-01  1.00014e+00
4.76475e+01  9.81728e-01  -7.06510e-03  -7.46303e-03  9.78009e-01  1.00040e+00
4.77522e+01  9.83995e-01  -6.28344e-03  -6.93459e-03  9.79847e-01  1.00065e+00
4.78569e+01  9.86430e-01  -5.43607e-03  -6.33254e-03  9.81899e-01  1.00090e+00
4.79616e+01  9.89010e-01  -4.53129e-03  -5.66259e-03  9.84144e-01  1.00113e+00
4.80664e+01  9.91706e-01  -3.57811e-03  -4.93126e-03  9.86559e-01  1.00135e+00
4.81711e+01  9.94492e-01  -2.58621e-03  -4.14583e-03  9.89122e-01  1.00156e+00
4.82758e+01  9.97337e-01  -1.56582e-03  -3.31435e-03  9.91805e-01  1.00175e+00
4.83805e+01  1.00021e+00  -5.27772e-04  -2.44557e-03  9.94581e-01  1.00192e+00
4.84852e+01  1.00308e+00  5.16701e-04  -1.54890e-03  9.97419e-01  1.00207e+00
4.85900e+01  1.00591e+00  1.55599e-03  -6.34304e-04  1.00029e+00  1.00219e+00
4.86947e+01  1.00868e+00  2.57826e-03  2.87763e-04  1.00315e+00  1.00229e+00
4.87994e+01  1.01134e+00  3.57157e-03  1.20651e-03  1.00598e+00  1.00237e+00
4.89041e+01  1.01387e+00  4.52406e-03  2.11093e-03  1.00875e+00  1.00241e+00
4.90088e+01  1.01624e+00  5.42408e-03  2.98997e-03  1.01140e+00  1.00243e+00
4.91136e+01  1.01841e+00  6.26042e-03  3.83267e-03  1.01393e+00  1.00243e+00
4.92183e+01  1.02036e+00  7.02244e-03  4.62840e-03  1.01628e+00  1.00239e+00
4.93230e+01  1.02206e+00  7.70034e-03  5.36700e-03  1.01843e+00  1.00233e+00
4.94277e+01  1.02349e+00  8.28528e-03  6.03898e-03  1.02036e+00  1.00225e+00
4.95324e+01  1.02464e+00  8.76960e-03  6.63571e-03  1.02204e+00  1.00213e+00
4.96372e+01  1.02549e+00  9.14695e-03  7.14960e-03  1.02345e+00  1.00200e+00
4.97419e+01  1.02603e+00  9.41249e-03  7.57423e-03  1.02456e+00  1.00184e+00
4.98466e+01  1.02625e+00  9.56293e-03  7.90448e-03  1.02537e+00  1.00166e+00
4.99513e+01  1.02616e+00  9.59666e-03  8.13665e-03  1.02587e+00  1.00146e+00
5.00560e+01  1.02575e+00  9.51377e-03  8.26849e-03  1.02605e+00  1.00125e+00
5.01608e+01  1.02504e+00  9.31604e-03  8.29929e-03  1.02591e+00  1.00102e+00
5.02655e+01  1.02404e+00  9.00694e-03  8.22979e-03  1.02547e+00  1.00078e+00
5.03702e+01  1.02275e+00  8.59150e-03  8.06222e-03  1.02472e+00  1.00053e+00
5.04749e+01  1.02121e+00  8.07625e-03  7.80016e-03  1.02368e+00  1.00028e+00
5.05796e+01  1.01943e+00  7.46903e-03  7.44849e-03  1.02237e+00  1.00002e+00
5.06844e+01  1.01745e+00  6.77886e-03  7.01320e-03  1.02081e+00  9.99766e-01
5.07891e+01  1.01528e+00  6.01573e-03  6.50131e-03  1.01902e+00  9.99514e-01
5.08938e+01  1.01296e+00  5.19039e-03  5.92064e-03  1.01703e+00  9.99270e-01
5.09985e+01  1.01052e+00  4.31418e-03  5.27972e-03  1.01487e+00  9.99034e-01
5.11032e+01  1.00799e+00  3.39877e-03  4.58752e-03  1.01257e+00  9.98811e-01
5.12080e+01  1.00540e+00  2.45602e-03  3.85339e-03  1.01016e+00  9.98603e-01
5.13127e+01  1.00279e+00  1.49775e-03  3.08682e-03  1.00767e+00  9.98411e-01
5.14174e+01  1.00018e+00  5.35606e-04  2.29734e-03  1.00513e+00  9.98238e-01
5.15221e+01  9.97599e-01  -4.19141e-04  1.49439e-03  1.00257e+00  9.98086e-01
5.16268e+01  9.95083e-01  -1.35568e-03  6.87188e-04  1.00002e+00  9.97957e-01
5.17316e+01  9.92654e-01  -2.26379e-03  -1.15365e-04  9.97505e-01  9.97852e-01
5.18363e+01  9.90338e-01  -3.13394e-03  -9.04747e-04  9.95057e-01  9.97771e-01
5.19410e+01  9.88159e-01  -3.95734e-03  -1.67290e-03  9.92697e-01  9.97716e-01
5.20457e+01  9.86136e-01  -4.72601e-03  -2.41225e-03  9.90449e-01  9.97686e-01
5.21504e+01  9.84288e-01  -5.43278e-03  -3.11578e-03  9.88336e-01  9.97683e-01
5.22552e+01  9.82631e-01  -6.07137e-03  -3.77704e-03  9.86375e-01  9.97706e-01
5.23599e+01  9.81181e-01  -6.63634e-03  -4.39013e-03  9.84583e-01  9.97754e-01
5.24646e+01  9.79948e-01  -7.12314e-03  -4.94978e-03  9.82977e-01  9.97827e-01
5.25693e+01  9.78941e-01  -7.52803e-03  -5.45128e-03  9.81569e-01  9.97923e-01
5.26740e+01  9.78169e-01  -7.84816e-03  -5.89053e-03  9.80371e-01  9.98042e-01
5.27788e+01  9.77637e-01  -8.08148e-03  -6.26404e-03  9.79390e-01  9.98183e-01
5.28835e+01  9.77346e-01  -8.22674e-03  -6.56888e-03  9.78635e-01  9.98342e-01
5.29882e+01  9.77299e-01  -8.28349e-03  -6.80276e-03  9.78111e-01  9.98519e-01
5.30929e+01  9.77493e-01  -8.25204e-03  -6.96395e-03  9.77820e-01  9.98712e-01
5.31976e+01  9.77925e-01  -8.13345e-03  -7.05134e-03  9.77764e-01  9.98918e-01
5.33024e+01  9.78589e-01  -7.92951e-03  -7.06444e-03  9.77942e-01  9.99135e-01
5.34071e+01  9.79478e-01  -7.64271e-03  -7.00334e-03  9.78351e-01  9.99361e-01
5.35118e+01  9.80583e-01  -7.27627e-03  -6.86879e-03  9.78986e-01  9.99593e-01
5.36165e+01  9.81891e-01  -6.83406e-03  -6.66215e-03  9.79842e-01  9.99828e-01
5.37212e+01  9.83389e-01  -6.32065e-03  -6.38544e-03  9.80908e-01  1.00006e+00
5.38260e+01  9.85062e-01  -5.74124e-03  -6.04131e-03  9.82176e-01  1.00030e+00
5.39307e+01  9.86893e-01  -5.10167e-03  -5.63307e-03  9.83632e-01  1.00053e+00
5.40354e+01  9.88863e-01  -4.40841e-03  -5.16470e-03  9.85262e-01  1.00076e+00
5.41401e+01  9.90951e-01  -3.66848e-03  -4.64082e-03  9.87050e-01  1.00097e+00
5.42448e+01  9.93136e-01  -2.88947e-03  -4.06668e-03  9.88977e-01  1.00118e+00
5.43496e+01  9.95394e-01  -2.07947e-03  -3.44817e-03  9.91024e-01  1.00137e+00
5.44543e+01  9.97702e-01  -1.24701e-03  -2.79175e-03  9.93169e-01  1.00154e+00
5.45590e+01  1.00003e+00  -4.01025e-04  -2.10443e-03  9.95390e-01  1.00170e+00
5.46637e+01  1.00236e+00  4.49262e-04  -1.39371e-03  9.97662e-01  1.00184e+00
5.47684e+01  1.00466e+00  1.29439e-03  -6.67523e-04  9.99959e-01  1.00196e+00
5.48732e+01  1.00691e+00  2.12478e-03  6.58745e-05  1.00226e+00  1.00206e+00
5.49779e+01  1.00907e+00  2.93083e-03  7.97971e-04  1.00453e+00  1.00213e+00
5.50826e+01  1.01113e+00  3.70307e-03  1.52012e-03  1.00674e+00  1.00218e+00
5.51873e+01  1.01305e+00  4.43225e-03  2.22364e-03  1.00888e+00  1.00221e+00
5.52920e+01  1.01482e+00  5.10950e-03  2.89998e-03  1.01091e+00  1.00221e+00
5.53968e+01  1.01641e+00  5.72647e-03  3.54081e-03  1.01281e+00  1.00219e+00
5.55015e+01  1.01781e+00  6.27546e-03  4.13818e-03  1.01455e+00  1.00214e+00
5.56062e+01  1.01899e+00  6.74958e-03  4.68465e-03  1.01612e+00  1.00206e+00
5.57109e+01  1.01995e+00  7.14284e-03  5.17344e-03  1.01749e+00  1.00197e+00
5.58156e+01  1.02066e+00  7.45029e-03  5.59850e-03  1.01865e+00  1.00185e+00
5.59203e+01  1.02113e+00  7.66813e-03  5.95468e-03  1.01958e+00  1.00171e+00
5.60251e+01  1.02134e+00  7.79374e-03  6.23779e-03  1.02027e+00  1.00156e+00
5.61298e+01  1.02131e+00  7.82581e-03  6.44467e-03  1.02072e+00  1.00138e+00
5.62345e+01  1.02101e+00  7.76429e-03  6.57327e-03  1.02091e+00  1.00119e+00
5.63392e+01  1.02048e+00  7.61045e-03  6.62263e-03  1.02086e+00  1.00099e+00
5.64439e+01  1.01970e+00  7.36682e-03  6.59293e-03  1.02055e+00  1.00077e+00
5.65487e+01  1.01870e+00  7.03718e-03  6.48544e-03  1.02001e+00  1.00055e+00
5.66534e+01  1.01748e+00  6.62644e-03  6.30250e-03  1.01923e+00  1.00032e+00
5.67581e+01  1.01608e+00  6.14056e-03  6.04743e-03  1.01824e+00  1.00009e+00
5.68628e+01  1.01449e+00  5.58643e-03  5.72443e-03  1.01704e+00  9.99862e-01
5.69675e+01  1.01276e+00  4.97175e-03  5.33855e-03  1.01565e+00  9.99633e-01
5.70723e+01  1.01089e+00  4.30488e-03  4.89551e-03  1.01410e+00  9.99409e-01
5.71770e+01  1.00892e+00  3.59468e-03  4.40162e-03  1.01240e+00  9.99193e-01
5.72817e+01  1.00687e+00  2.85036e-03  3.86367e-03  1.01058e+00  9.98987e-01
5.73864e+01  1.00476e+00  2.08136e-03  3.28875e-03  1.00866e+00  9.98793e-01
5.74911e+01  1.00262e+00  1.29718e-03  2.68423e-03  1.00667e+00  9.98613e-01
5.75959e+01  1.00048e+00  5.07242e-04  2.05756e-03  1.00462e+00  9.98450e-01
5.77006e+01  9.98355e-01  -2.79207e-04  1.41623e-03  1.00255e+00  9.98305e-01
5.78053e+01  9.96273e-01  -1.05323e-03  7.67625e-04  1.00048e+00  9.98179e-01
5.79100e+01  9.94257e-01  -1.80629e-03  1.18997e-04  9.98432e-01  9.98075e-01
5.80147e+01  9.92326e-01  -2.53033e-03  -5.22643e-04  9.96424e-01  9.97992e-01
5.81195e+01  9.90501e-01  -3.21784e-03  -1.15057e-03  9.94481e-01  9.97933e-01
5.82242e+01  9.88799e-01  -3.86190e-03  -1.75841e-03  9.92621e-01  9.97897e-01
5.83289e+01  9.87238e-01  -4.45628e-03  -2.34016e-03  9.90863e-01  9.97884e-01
5.84336e+01  9.85831e-01  -4.99538e-03  -2.89024e-03  9.89224e-01  9.97895e-01
5.85383e+01  9.84592e-01  -5.47433e-03  -3.40351e-03  9.87719e-01  9.97929e-01
5.86431e+01  9.83530e-01  -5.88897e-03  -3.87527e-03  9.86360e-01  9.97986e-01
5.87478e+01  9.82656e-01  -6.23585e-03  -4.30133e-03  9.85161e-01  9.98065e-01
5.88525e+01  9.81975e-01  -6.51225e-03  -4.67797e-03  9.84132e-01  9.98166e-01
5.89572e+01  9.81493e-01  -6.71614e-03  -5.00195e-03  9.83280e-01  9.98286e-01
5.90619e+01  9.81214e-01  -6.84623e-03  -5.27057e-03  9.82613e-01  9.98424e-01
5.91667e+01  9.81138e-01  -6.90191e-03  -5.48161e-03  9.82135e-01  9.98580e-01
5.92714e+01  9.81265e-01  -6.88325e-03  -5.63337e-03  9.81850e-01  9.98750e-01
5.93761e+01  9.81592e-01  -6.79100e-03  -5.72469e-03  9.81760e-01  9.98934e-01
5.94808e+01  9.82115e-01  -6.62656e-03  -5.75493e-03  9.81864e-01  9.99128e-01
5.95855e+01  9.82828e-01  -6.39198e-03  -5.72398e-03  9.82160e-01  9.99332e-01
5.96903e+01  9.83723e-01  -6.08994e-03  -5.63228e-03  9.82645e-01  9.99542e-01
5.97950e+01  9.84790e-01  -5.72371e-03  -5.48083e-03  9.83315e-01  9.99757e-01
5.98997e+01  9.86019e-01  -5.29718e-03  -5.27116e-03  9.84161e-01  9.99974e-01
6.00044e+01  9.87396e-01  -4.81480e-03  -5.00536e-03  9.85174e-01  1.00019e+00
6.01091e+01  9.88907e-01  -4.28156e-03  -4.68610e-03  9.86346e-01  1.00040e+00
6.02139e+01  9.90537e-01  -3.70299e-03  -4.31657e-03  9.87664e-01  1.00061e+00
6.03186e+01  9.92267e-01  -3.08508e-03  -3.90052e-03  9.89114e-01  1.00082e+00
6.04233e+01  9.94080e-01  -2.43430e-03  -3.44223e-03  9.90681e-01  1.00101e+00
6.05280e+01  9.95957e-01  -1.75752e-03  -2.94646e-03  9.92350e-01  1.00119e+00
6.06327e+01  9.97876e-01  -1.06195e-03  -2.41848e-03  9.94101e-01  1.00136e+00
6.07375e+01  9.99817e-01  -3.55119e-04  -1.86398e-03  9.95917e-01  1.00151e+00
6.08422e+01  1.00176e+00  3.55229e-04  -1.28903e-03  9.97777e-01  1.00164e+00
6.09469e+01  1.00368e+00  1.06119e-03  -7.00064e-04  9.99661e-01  1.00176e+00
6.10516e+01  1.00555e+00  1.75480e-03  -1.03748e-04  1.00155e+00  1.00186e+00
6.11563e+01  1.00736e+00  2.42810e-03  4.93044e-04  1.00341e+00  1.00194e+00
6.12611e+01  1.00909e+00  3.07328e-03  1.08333e-03  1.00524e+00  1.00199e+00
6.13658e+01  1.01070e+00  3.68271e-03  1.66013e-03  1.00700e+00  1.00202e+00
6.14705e+01  1.01219e+00  4.24913e-03  2.21653e-03  1.00868e+00  1.00203e+00
6.15752e+01  1.01354e+00  4.76571e-03  2.74582e-03  1.01026e+00  1.00202e+00
6.16799e+01  1.01472e+00  5.22614e-03  3.24155e-03  1.01171e+00  1.00198e+00
6.17847e+01  1.01573e+00  5.62480e-03  3.69769e-03  1.01302e+00  1.00193e+00
6.18894e+01  1.01655e+00  5.95678e-03  4.10870e-03  1.01417e+00  1.00185e+00
6.19941e+01  1.01718e+00  6.21801e-03  4.46960e-03  1.01516e+00  1.00175e+00
6.20988e+01  1.01760e+00  6.40535e-03  4.77609e-03  1.01596e+00  1.00163e+00
6.22035e+01  1.01782e+00  6.51660e-03  5.02462e-03  1.01657e+00  1.00149e+00
6.23083e+01  1.01782e+00  6.55057e-03  5.21242e-03  1.01698e+00  1.00134e+00
6.24130e+01  1.01762e+00  6.50710e-03  5.33757e-03  1.01718e+00  1.00117e+00
6.25177e+01  1.01720e+00  6.38709e-03  5.39898e-03  1.01719e+00  1.00099e+00
6.26224e+01  1.01659e+00  6.19242e-03  5.39649e-03  1.01699e+00  1.00080e+00
6.27271e+01  1.01580e+00  5.92599e-03  5.33074e-03  1.01659e+00  1.00060e+00
6.28319e+01  1.01482e+00  5.59162e-03  5.20325e-03  1.01600e+00  1.00039e+00
6.29366e+01  1.01367e+00  5.19397e-03  5.01631e-03  1.01523e+00  1.00018e+00
6.30413e+01  1.01238e+00  4.73851e-03  4.77297e-03  1.01428e+00  9.99966e-01
6.31460e+01  1.01096e+00  4.23136e-03  4.47692e-03  1.01319e+00  9.99754e-01
6.32507e+01  1.00942e+00  3.67922e-03  4.13246e-03  1.01194e+00  9.99547e-01
6.33555e+01  1.00779e+00  3.08926e-03  3.74441e-03  1.01058e+00  9.99345e-01
6.34602e+01  1.00608e+00  2.46899e-03  3.31800e-03  1.00910e+00  9.99151e-01
6.35649e+01  1.00432e+00  1.82612e-03  2.85879e-03  1.00754e+00  9.98967e-01
6.36696e+01  1.00253e+00  1.16851e-03  2.37261e-03  1.00591e+00  9.98796e-01
6.37743e+01  1.00073e+00  5.04009e-04  1.86541e-03  1.00423e+00  9.98639e-01
6.38791e+01  9.98933e-01  -1.59631e-04  1.34325e-03  1.00253e+00  9.98497e-01
6.39838e+01  9.97169e-01  -8.14846e-04  8.12174e-04  1.00081e+00  9.98373e-01
6.40885e+01  9.95453e-01  -1.45435e-03  2.78174e-04  9.99102e-01  9.98267e-01
6.41932e+01  9.93805e-01  -2.07120e-03  -2.52901e-04  9.97423e-01  9.98182e-01
6.42979e+01  9.92241e-01  -2.65888e-03  -7.75385e-04  9.95790e-01  9.98117e-01
6.44026e+01  9.90776e-01  -3.21134e-03  -1.28384e-03  9.94221e-01  9.98073e-01
6.45074e+01  9.89426e-01  -3.72304e-03  -1.77312e-03  9.92731e-01  9.98050e-01
6.46121e+01  9.88203e-01  -4.18898e-03  -2.23837e-03  9.91334e-01  9.98049e-01
6.47168e+01  9.87119e-01  -4.60477e-03  -2.67507e-03  9.90045e-01  9.98070e-01
6.48215e+01  9.86184e-01  -4.96660e-03  -3.07909e-03  9.88875e-01  9.98112e-01
6.49262e+01  9.85406e-01  -5.27126e-03  -3.44666e-03  9.87835e-01  9.98175e-01
6.50310e+01  9.84792e-01  -5.51618e-03  -3.77441e-03  9.86935e-01  9.98258e-01
6.51357e+01  9.84347e-01  -5.69940e-03  -4.05940e-03  9.86182e-01  9.98360e-01
6.52404e+01  9.84074e-01  -5.81959e-03  -4.29911e-03  9.85582e-01  9.98480e-01
6.53451e+01  9.83974e-01  -5.87605e-03  -4.49143e-03  9.85141e-01  9.98615e-01
6.54498e+01  9.84048e-01  -5.86866e-03  -4.63474e-03  9.84862e-01  9.98766e-01
6.55546e+01  9.84294e-01  -5.79793e-03  -4.72784e-03  9.84746e-01  9.98930e-01
6.56593e+01  9.84709e-01  -5.66497e-03  -4.77000e-03  9.84795e-01  9.99105e-01
6.57640e+01  9.85287e-01  -5.47143e-03  -4.76096e-03  9.85007e-01  9.99290e-01
6.58687e+01  9.86023e-01  -5.21956e-03  -4.70093e-03  9.85379e-01  9.99481e-01
6.59734e+01  9.86908e-01  -4.91215e-03  -4.59058e-03  9.85907e-01  9.99678e-01
6.60782e+01  9.87933e-01  -4.55252e-03  -4.43110e-03  9.86585e-01  9.99879e-01
6.61829e+01  9.89087e-01  -4.14449e-03  -4.22411e-03  9.87407e-01  1.00008e+00
6.62876e+01  9.90358e-01  -3.69236e-03  -3.97175e-03  9.88364e-01  1.00028e+00
6.63923e+01  9.91732e-01  -3.20091e-03  -3.67660e-03  9.89446e-01  1.00048e+00
6.64970e+01  9.93195e-01  -2.67532e-03  -3.34171e-03  9.90641e-01  1.00067e+00
6.66018e+01  9.94730e-01  -2.12115e-03  -2.97058e-03  9.91938e-01  1.00085e+00
6.67065e+01  9.96323e-01  -1.54433e-03  -2.56713e-03  9.93321e-01  1.00102e+00
6.68112e+01  9.97954e-01  -9.51065e-04  -2.13568e-03  9.94778e-01  1.00118e+00
6.69159e+01  9.99606e-01  -3.47801e-04  -1.68090e-03  9.96290e-01  1.00133e+00
6.70206e+01  1.00126e+00  2.58828e-04  -1.20781e-03  9.97843e-01  1.00147e+00
6.71254e+01  1.00290e+00  8.62075e-04  -7.21686e-04  9.99419e-01  1.00158e+00
6.72301e+01  1.00450e+00  1.45515e-03  -2.28022e-04  1.00100e+00  1.00168e+00
6.73348e+01  1.00606e+00  2.03130e-03  2.67523e-04  1.00257e+00  1.00176e+00
6.74395e+01  1.00754e+00  2.58388e-03  7.59200e-04  1.00410e+00  1.00182e+00
6.75442e+01  1.00893e+00  3.10645e-03  1.24125e-03  1.00559e+00  1.00187e+00
6.76490e+01  1.01021e+00  3.59286e-03  1.70796e-03  1.00701e+00  1.00188e+00
6.77537e+01  1.01138e+00  4.03733e-03  2.15379e-03  1.00834e+00  1.00188e+00
6.78584e+01  1.01241e+00  4.43455e-03  2.57338e-03  1.00958e+00  1.00186e+00
6.79631e+01  1.01330e+00  4.77973e-03  2.96170e-03  1.01070e+00  1.00182e+00
6.80678e+01  1.01403e+00  5.06872e-03  3.31411e-03  1.01170e+00  1.00175e+00
6.81726e+01  1.01459e+00  5.29804e-03  3.62641e-03  1.01255e+00  1.00167e+00
6.82773e+01  1.01499e+00  5.46497e-03  3.89491e-03  1.01325e+00  1.00157e+00
6.83820e+01  1.01520e+00  5.56758e-03  4.11653e-03  1.01380e+00  1.00145e+00
6.84867e+01  1.01524e+00  5.60476e-03  4.28878e-03  1.01418e+00  1.00132e+00
6.85914e+01  1.01510e+00  5.57625e-03  4.40987e-03  1.01440e+00  1.00117e+00
6.86962e+01  1.01479e+00  5.48265e-03  4.47867e-03  1.01444e+00  1.00100e+00
6.88009e+01  1.01430e+00  5.32539e-03  4.49475e-03  1.01431e+00  1.00083e+00
6.89056e+01  1.01365e+00  5.10675e-03  4.45838e-03  1.01402e+00  1.00065e+00
6.90103e+01  1.01285e+00  4.82975e-03  4.37053e-03  1.01357e+00  1.00046e+00
6.91150e+01  1.01190e+00  4.49815e-03  4.23277e-03  1.01296e+00  1.00027e+00
6.92198e+01  1.01083e+00  4.11639e-03  4.04734e-03  1.01221e+00  1.00007e+00
6.93245e+01  1.00963e+00  3.68947e-03  3.81701e-03  1.01132e+00  9.99872e-01
6.94292e+01  1.00834e+00  3.22292e-03  3.54508e-03  1.01031e+00  9.99678e-01
6.95339e+01  1.00696e+00  2.72268e-03  3.23529e-03  1.00919e+00  9.99487e-01
6.96386e+01  1.00551e+00  2.19499e-03  2.89177e-03  1.00798e+00  9.99303e-01
6.97434e+01  1.00401e+00  1.64637e-03  2.51895e-03  1.00668e+00  9.99127e-01
6.98481e+01  1.00248e+00  1.08343e-03  2.12153e-03  1.00533e+00  9.98962e-01
6.99528e+01  1.00093e+00  5.12864e-04  1.70437e-03  1.00392e+00  9.98808e-01
7.00575e+01  9.99383e-01  -5.86898e-05  1.27243e-03  1.00249e+00  9.98669e-01
7.01622e+01  9.97858e-01  -6.24704e-04  8.30752e-04  1.00104e+00  9.98545e-01
7.02670e+01  9.96370e-01  -1.17885e-03  3.84334e-04  9.99590e-01  9.98437e-01
7.03717e+01  9.94934e-01  -1.71505e-03  -6.18773e-05  9.98161e-01  9.98347e-01
7.04764e+01  9.93566e-01  -2.22756e-03  -5.03054e-04  9.96766e-01  9.98275e-01
7.05811e+01  9.92280e-01  -2.71099e-03  -9.34528e-04  9.95420e-01  9.98224e-01
7.06858e+01  9.91090e-01  -3.16040e-03  -1.35183e-03  9.94136e-01  9.98191e-01
7.07906e+01  9.90006e-01  -3.57127e-03  -1.75073e-03  9.92927e-01  9.98179e-01
7.08953e+01  9.89039e-01  -3.93958e-03  -2.12724e-03  9.91806e-01  9.98188e-01
7.10000e+01  9.88199e-01  -4.26183e-03  -2.47770e-03  9.90783e-01  9.98216e-01
7.11047e+01  9.87494e-01  -4.53503e-03  -2.79871e-03  9.89868e-01  9.98264e-01
7.12094e+01  9.86929e-01  -4.75675e-03  -3.08726e-03  9.89069e-01  9.98331e-01
7.13142e+01  9.86510e-01  -4.92508e-03  -3.34063e-03  9.88394e-01  9.98416e-01
7.14189e+01  9.86240e-01  -5.03869e-03  -3.55650e-03  9.87848e-01  9.98518e-01
7.15236e+01  9.86121e-01  -5.09679e-03  -3.73290e-03  9.87437e-01  9.98636e-01
7.16283e+01  9.86153e-01  -5.09914e-03  -3.86826e-03  9.87164e-01  9.98769e-01
7.17330e+01  9.86335e-01  -5.04605e-03  -3.96139e-03  9.87031e-01  9.98915e-01
7.18378e+01  9.86665e-01  -4.93837e-03  -4.01150e-03  9.87039e-01  9.99073e-01
7.19425e+01  9.87139e-01  -4.77747e-03  -4.01822e-03  9.87186e-01  9.99241e-01
7.20472e+01  9.87752e-01  -4.56521e-03  -3.98158e-03  9.87472e-01  9.99416e-01
7.21519e+01  9.88496e-01  -4.30400e-03  -3.90203e-03  9.87892e-01  9.99598e-01
7.22566e+01  9.89363e-01  -3.99667e-03  -3.78043e-03  9.88442e-01  9.99784e-01
7.23614e+01  9.90346e-01  -3.64655e-03  -3.61808e-03  9.89117e-01  9.99972e-01
7.24661e+01  9.91432e-01  -3.25737e-03  -3.41667e-03  9.89909e-01  1.00016e+00
7.25708e+01  9.92610e-01  -2.83331e-03  -3.17829e-03  9.90810e-01  1.00034e+00
7.26755e+01  9.93868e-01  -2.37888e-03  -2.90547e-03  9.91810e-01  1.00053e+00
7.27802e+01  9.95192e-01  -1.89895e-03  -2.60107e-03  9.92899e-01  1.00070e+00
7.28849e+01  9.96568e-01  -1.39868e-03  -2.26834e-03  9.94065e-01  1.00087e+00
7.29897e+01  9.97981e-01  -8.83503e-04  -1.91088e-03  9.95295e-01  1.00103e+00
7.30944e+01  9.99414e-01  -3.59037e-04  -1.53258e-03  9.96576e-01  1.00117e+00
7.31991e+01  1.00085e+00  1.68938e-04  -1.13761e-03  9.97894e-01  1.00131e+00
7.33038e+01  1.00228e+00  6.94549e-04  -7.30392e-04  9.99234e-01  1.00142e+00
7.34085e+01  1.00368e+00  1.21189e-03  -3.15510e-04  1.00058e+00  1.00153e+00
7.35133e+01  1.00504e+00  1.71510e-03  1.02296e-04  1.00192e+00  1.00161e+00
7.36180e+01  1.00634e+00  2.19842e-03  5.18208e-04  1.00323e+00  1.00168e+00
7.37227e+01  1.00756e+00  2.65625e-03  9.27387e-04  1.00451e+00  1.00173e+00
7.38274e+01  1.00870e+00  3.08327e-03  1.32504e-03  1.00573e+00  1.00176e+00
7.39321e+01  1.00973e+00  3.47445e-03  1.70647e-03  1.00689e+00  1.00177e+00
7.40369e+01  1.01065e+00  3.82518e-03  2.06716e-03  1.00796e+00  1.00176e+00
7.41416e+01  1.01145e+00  4.13129e-03  2.40283e-03  1.00894e+00  1.00173e+00
7.42463e+01  1.01211e+00  4.38915e-03  2.70951e-03  1.00981e+00  1.00168e+00
7.43510e+01  1.01263e+00  4.59571e-03  2.98357e-03  1.01056e+00  1.00161e+00
7.44557e+01  1.01300e+00  4.74853e-03  3.22182e-03  1.01119e+00  1.00153e+00
7.45605e+01  1.01322e+00  4.84585e-03  3.42151e-03  1.01169e+00  1.00142e+00
7.46652e+01  1.01328e+00  4.88662e-03  3.58042e-03  1.01205e+00  1.00131e+00
7.47699e+01  1.01320e+00  4.87048e-03  3.69686e-03  1.01226e+00  1.00117e+00
7.48746e+01  1.01295e+00  4.79783e-03  3.76966e-03  1.01234e+00  1.00103e+00
7.49793e+01  1.01256e+00  4.66974e-03  3.79829e-03  1.01227e+00  1.00087e+00
7.50841e+01  1.01203e+00  4.48803e-03  3.78272e-03  1.01205e+00  1.00071e+00
7.51888e+01  1.01136e+00  4.25514e-03  3.72354e-03  1.01170e+00  1.00053e+00
7.52935e+01  1.01057e+00  3.97418e-03  3.62185e-03  1.01122e+00  1.00035e+00
7.53982e+01  1.00965e+00  3.64880e-03  3.47930e-03  1.01061e+00  1.00017e+00
7.55029e+01  1.00864e+00  3.28321e-03  3.29799e-03  1.00988e+00  9.99985e-01
7.56077e+01  1.00753e+00  2.88205e-03  3.08050e-03  1.00904e+00  9.99802e-01
7.57124e+01  1.00634e+00  2.45033e-03  2.82978e-03  1.00811e+00  9.99621e-01
7.58171e+01  1.00509e+00  1.99340e-03  2.54915e-03  1.00709e+00  9.99444e-01
7.59218e+01  1.00378e+00  1.51682e-03  2.24221e-03  1.00600e+00  9.99275e-01
7.60265e+01  1.00245e+00  1.02631e-03  1.91279e-03  1.00485e+00  9.99114e-01
7.61313e+01  1.00110e+00  5.27654e-04  1.56491e-03  1.00366e+00  9.98963e-01
7.62360e+01  9.99743e-01  2.66516e-05  1.20272e-03  1.00243e+00  9.98824e-01
7.63407e+01  9.98400e-01  -4.70973e-04  8.30444e-04  1.00119e+00  9.98699e-01
7.64454e+01  9.97086e-01  -9.59629e-04  4.52328e-04  9.99945e-01  9.98588e-01
7.65501e+01  9.95814e-01  -1.43392e-03  7.25920e-05  9.98711e-01  9.98493e-01
7.66549e+01  9.94597e-01  -1.88871e-03  -3.04611e-04  9.97502e-01  9.98416e-01
7.67596e+01  9.93449e-01  -2.31916e-03  -6.75234e-04  9.96330e-01  9.98356e-01
7.68643e+01  9.92381e-01  -2.72076e-03  -1.03538e-03  9.95208e-01  9.98315e-01
7.69690e+01  9.91403e-01  -3.08941e-03  -1.38132e-03  9.94148e-01  9.98292e-01
7.70737e+01  9.90527e-01  -3.42140e-03  -1.70953e-03  9.93160e-01  9.98288e-01
7.71785e+01  9.89760e-01  -3.71348e-03  -2.01674e-03  9.92253e-01  9.98303e-01
7.72832e+01  9.89110e-01  -3.96284e-03  -2.29992e-03  9.91437e-01  9.98337e-01
7.73879e+01  9.88582e-01  -4.16716e-03  -2.55630e-03  9.90720e-01  9.98389e-01
7.74926e+01  9.88182e-01  -4.32460e-03  -2.78342e-03  9.90109e-01  9.98459e-01
7.75973e+01  9.87914e-01  -4.43382e-03  -2.97913e-03  9.89608e-01  9.98545e-01
7.77021e+01  9.87778e-01  -4.49398e-03  -3.14159e-03  9.89223e-01  9.98648e-01
7.78068e+01  9.87776e-01  -4.50472e-03  -3.26929e-03  9.88957e-01  9.98765e-01
7.79115e+01  9.87907e-01  -4.46621e-03  -3.36107e-03  9.88812e-01  9.98895e-01
7.80162e+01  9.88170e-01  -4.37906e-03  -3.41612e-03  9.88789e-01  9.99037e-01
7.81209e+01  9.88561e-01  -4.24440e-03  -3.43397e-03  9.88888e-01  9.99190e-01
7.82257e+01  9.89076e-01  -4.06383e-03  -3.41453e-03  9.89107e-01  9.99351e-01
7.83304e+01  9.89709e-01  -3.83936e-03  -3.35808e-03  9.89444e-01  9.99519e-01
7.84351e+01  9.90454e-01  -3.57350e-03  -3.26524e-03  9.89896e-01  9.99692e-01
7.85398e+01  9.91301e-01  -3.26913e-03  -3.13702e-03  9.90457e-01  9.99868e-01
7.86445e+01  9.92243e-01  -2.92954e-03  -2.97477e-03  9.91121e-01  1.00005e+00
7.87493e+01  9.93269e-01  -2.55839e-03  -2.78023e-03  9.91881e-01  1.00022e+00
7.88540e+01  9.94367e-01  -2.15968e-03  -2.55545e-03  9.92729e-01  1.00040e+00
7.89587e+01  9.95527e-01  -1.73772e-03  -2.30283e-03  9.93657e-01  1.00057e+00
7.90634e+01  9.96735e-01  -1.29707e-03  -2.02509e-03  9.94653e-01  1.00073e+00
7.91681e+01  9.97978e-01  -8.42535e-04  -1.72525e-03  9.95707e-01  1.00088e+00
7.92729e+01  9.99243e-01  -3.79096e-04  -1.40658e-03  9.96808e-01  1.00103e+00
7.93776e+01  1.00051e+00  8.81323e-05  -1.07262e-03  9.97943e-01  1.00116e+00
7.94823e+01  1.00178e+00  5.53951e-04  -7.27080e-04  9.99100e-01  1.00128e+00
7.95870e+01  1.00302e+00  1.01314e-03  -3.73869e-04  1.00027e+00  1.00139e+00
7.96917e+01  1.00423e+00  1.46049e-03  -1.70036e-05  1.00143e+00  1.00148e+00
7.97965e+01  1.00539e+00  1.89093e-03  3.39419e-04  1.00257e+00  1.00155e+00
7.99012e+01  1.00649e+00  2.29950e-03  6.91274e-04  1.00368e+00  1.00161e+00
8.00059e+01  1.00751e+00  2.68147e-03  1.03446e-03  1.00475e+00  1.00165e+00
8.01106e+01  1.00844e+00  3.03240e-03  1.36497e-03  1.00576e+00  1.00167e+00
8.02153e+01  1.00928e+00  3.34818e-03  1.67891e-03  1.00671e+00  1.00167e+00
8.03201e+01  1.01000e+00  3.62510e-03  1.97258e-03  1.00757e+00  1.00165e+00
8.04248e+01  1.01061e+00  3.85991e-03  2.24254e-03  1.00834e+00  1.00162e+00
8.05295e+01  1.01110e+00  4.04985e-03  2.48562e-03  1.00902e+00  1.00156e+00
8.06342e+01  1.01146e+00  4.19270e-03  2.69900e-03  1.00959e+00  1.00149e+00
8.07389e+01  1.01168e+00  4.28683e-03  2.88024e-03  1.01005e+00  1.00141e+00
8.08437e+01  1.01177e+00  4.33119e-03  3.02729e-03  1.01039e+00  1.00130e+00
8.09484e+01  1.01172e+00  4.32538e-03  3.13857e-03  1.01060e+00  1.00119e+00
8.10531e+01  1.01154e+00  4.26960e-03  3.21296e-03  1.01070e+00  1.00106e+00
8.11578e+01  1.01123e+00  4.16468e-03  3.24979e-03  1.01066e+00  1.00091e+00
8.12625e+01  1.01078e+00  4.01206e-03  3.24889e-03  1.01051e+00  1.00076e+00
8.13672e+01  1.01022e+00  3.81377e-03  3.21057e-03  1.01023e+00  1.00060e+00
8.14720e+01  1.00954e+00  3.57239e-03  3.13560e-03  1.00984e+00  1.00044e+00
8.15767e+01  1.00875e+00  3.29102e-03  3.02518e-03  1.00934e+00  1.00027e+00
8.16814e+01  1.00787e+00  2.97323e-03  2.88094e-03  1.00874e+00  1.00009e+00
8.17861e+01  1.00691e+00  2.62299e-03  2.70492e-03  1.00803e+00  9.99918e-01
8.18908e+01  1.00587e+00  2.24463e-03  2.49949e-03  1.00724e+00  9.99745e-01
8.19956e+01  1.00477e+00  1.84279e-03  2.26734e-03  1.00638e+00  9.99575e-01
8.21003e+01  1.00362e+00  1.42230e-03  2.01143e-03  1.00545e+00  9.99411e-01
8.22050e+01  1.00244e+00  9.88180e-04  1.73495e-03  1.00446e+00  9.99253e-01
8.23097e+01  1.00124e+00  5.45534e-04  1.44126e-03  1.00343e+00  9.99104e-01
8.24144e+01  1.00004e+00  9.94941e-05  1.13387e-03  1.00237e+00  9.98966e-01
8.25192e+01  9.98836e-01  -3.44841e-04  8.16364e-04  1.00129e+00  9.98839e-01
8.26239e+01  9.97658e-01  -7.82465e-04  4.92379e-04  1.00020e+00  9.98725e-01
8.27286e+01  9.96513e-01  -1.20852e-03  1.65557e-04  9.99123e-01  9.98626e-01
8.28333e+01  9.95414e-01  -1.61835e-03  -1.60496e-04  9.98061e-01  9.98542e-01
8.29380e+01  9.94373e-01  -2.00754e-03  -4.82244e-04  9.97028e-01  9.98475e-01
8.30428e+01  9.93400e-01  -2.37197e-03  -7.96257e-04  9.96036e-01  9.98424e-01
8.31475e+01  9.92506e-01  -2.70785e-03  -1.09924e-03  9.95094e-01  9.98391e-01
8.32522e+01  9.91700e-01  -3.01173e-03  -1.38806e-03  9.94212e-01  9.98376e-01
8.33569e+01  9.90989e-01  -3.28055e-03  -1.65977e-03  9.93400e-01  9.98379e-01
8.34616e+01  9.90381e-01  -3.51166e-03  -1.91164e-03  9.92665e-01  9.98400e-01
8.35664e+01  9.89882e-01  -3.70285e-03  -2.14116e-03  9.92015e-01  9.98438e-01
8.36711e+01  9.89495e-01  -3.85230e-03  -2.34607e-03  9.91456e-01  9.98494e-01
8.37758e+01  9.89226e-01  -3.95869e-03  -2.52438e-03  9.90993e-01  9.98566e-01
8.38805e+01  9.89076e-01  -4.02111e-03  -2.67438e-03  9.90630e-01  9.98653e-01
8.39852e+01  9.89046e-01  -4.03914e-03  -2.79463e-03  9.90372e-01  9.98755e-01
8.40900e+01  9.89135e-01  -4.01277e-03  -2.88401e-03  9.90219e-01  9.98871e-01
8.41947e+01  9.89344e-01  -3.94249e-03  -2.94169e-03  9.90174e-01  9.98999e-01
8.42994e+01  9.89668e-01  -3.82920e-03  -2.96715e-03  9.90236e-01  9.99138e-01
8.44041e+01  9.90105e-01  -3.67424e-03  -2.96022e-03  9.90405e-01  9.99286e-01
8.45088e+01  9.90650e-01  -3.47937e-03  -2.92103e-03  9.90679e-01  9.99442e-01
8.46136e+01  9.91296e-01  -3.24676e-03  -2.85002e-03  9.91053e-01  9.99603e-01
8.47183e+01  9.92037e-01  -2.97896e-03  -2.74798e-03  9.91525e-01  9.99769e-01
8.48230e+01  9.92864e-01  -2.67889e-03  -2.61602e-03  9.92089e-01  9.99937e-01
8.49277e+01  9.93769e-01  -2.34981e-03  -2.45555e-03  9.92739e-01  1.00011e+00
8.50324e+01  9.94742e-01  -1.99528e-03  -2.26828e-03  9.93468e-01  1.00027e+00
8.51372e+01  9.95772e-01  -1.61916e-03  -2.05624e-03  9.94268e-01  1.00044e+00
8.52419e+01  9.96848e-01  -1.22553e-03  -1.82172e-03  9.95131e-01  1.00060e+00
8.53466e+01  9.97958e-01  -8.18721e-04  -1.56728e-03  9.96047e-01  1.00075e+00
8.54513e+01  9.99090e-01  -4.03188e-04  -1.29572e-03  9.97005e-01  1.00089e+00
8.55560e+01  1.00023e+00  1.64692e-05  -1.01005e-03  9.97996e-01  1.00103e+00
8.56608e+01  1.00137e+00  4.35579e-04  -7.13448e-04  9.99009e-01  1.00115e+00
8.57655e+01  1.00249e+00  8.49445e-04  -4.09272e-04  1.00003e+00  1.00126e+00
8.58702e+01  1.00358e+00  1.25340e-03  -1.00972e-04  1.00105e+00  1.00135e+00
8.59749e+01  1.00463e+00  1.64285e-03  2.07924e-04  1.00206e+00  1.00143e+00
8.60796e+01  1.00563e+00  2.01334e-03  5.13855e-04  1.00304e+00  1.00150e+00
8.61844e+01  1.00656e+00  2.36062e-03  8.13276e-04  1.00399e+00  1.00155e+00
8.62891e+01  1.00742e+00  2.68067e-03  1.10270e-03  1.00489e+00  1.00158e+00
8.63938e+01  1.00819e+00  2.96976e-03  1.37875e-03  1.00573e+00  1.00159e+00
8.64985e+01  1.00886e+00  3.22453e-03  1.63819e-03  1.00650e+00  1.00159e+00
8.66032e+01  1.00944e+00  3.44201e-03  1.87799e-03  1.00720e+00  1.00156e+00
8.67080e+01  1.00990e+00  3.61965e-03  2.09537e-03  1.00781e+00  1.00152e+00
8.68127e+01  1.01025e+00  3.75541e-03  2.28779e-03  1.00833e+00  1.00147e+00
8.69174e+01  1.01047e+00  3.84773e-03  2.45307e-03  1.00875e+00  1.00139e+00
8.70221e+01  1.01058e+00  3.89558e-03  2.58934e-03  1.00907e+00  1.00131e+00
8.71268e+01  1.01057e+00  3.89849e-03  2.69511e-03  1.00929e+00  1.00120e+00
8.72316e+01  1.01043e+00  3.85652e-03  2.76929e-03  1.00940e+00  1.00109e+00
8.73363e+01  1.01018e+00  3.77031e-03  2.81117e-03  1.00939e+00  1.00096e+00
8.74410e+01  1.00981e+00  3.64101e-03  2.82047e-03  1.00928e+00  1.00082e+00
8.75457e+01  1.00933e+00  3.47031e-03  2.79731e-03  1.00906e+00  1.00067e+00
8.76504e+01  1.00874e+00  3.26041e-03  2.74219e-03  1.00874e+00  1.00052e+00
8.77552e+01  1.00806e+00  3.01395e-03  2.65602e-03  1.00833e+00  1.00036e+00
8.78599e+01  1.00728e+00  2.73402e-03  2.54008e-03  1.00781e+00  1.00019e+00
8.79646e+01  1.00643e+00  2.42407e-03  2.39597e-03  1.00722e+00  1.00003e+00
8.80693e+01  1.00551e+00  2.08790e-03  2.22564e-03  1.00654e+00  9.99862e-01
8.81740e+01  1.00453e+00  1.72957e-03  2.03129e-03  1.00579e+00  9.99698e-01
8.82788e+01  1.00351e+00  1.35337e-03  1.81539e-03  1.00498e+00  9.99538e-01
8.83835e+01  1.00245e+00  9.63769e-04  1.58062e-03  1.00412e+00  9.99383e-01
8.84882e+01  1.00137e+00  5.65315e-04  1.32983e-03  1.00322e+00  9.99235e-01
8.85929e+01  1.00028e+00  1.62622e-04  1.06600e-03  1.00229e+00  9.99097e-01
8.86976e+01  9.99194e-01  -2.39708e-04  7.92240e-04  1.00134e+00  9.98968e-01
8.88024e+01  9.98122e-01  -6.37132e-04  5.11676e-04  1.00039e+00  9.98851e-01
8.89071e+01  9.97078e-01  -1.02522e-03  2.27484e-04  9.99430e-01  9.98747e-01
8.90118e+01  9.96072e-01  -1.39970e-03  -5.71778e-05  9.98486e-01  9.98657e-01
8.91165e+01  9.95115e-01  -1.75652e-03  -3.39194e-04  9.97565e-01  9.98583e-01
8.92212e+01  9.94217e-01  -2.09183e-03  -6.15526e-04  9.96677e-01  9.98524e-01
8.93260e+01  9.93388e-01  -2.40211e-03  -8.83234e-04  9.95831e-01  9.98481e-01
8.94307e+01  9.92636e-01  -2.68412e-03  -1.13951e-03  9.95037e-01  9.98455e-01
8.95354e+01  9.91969e-01  -2.93496e-03  -1.38171e-03  9.94302e-01  9.98447e-01
8.96401e+01  9.91393e-01  -3.15210e-03  -1.60733e-03  9.93633e-01  9.98455e-01
8.97448e+01  9.90915e-01  -3.33339e-03  -1.81411e-03  9.93038e-01  9.98481e-01
8.98495e+01  9.90538e-01  -3.47707e-03  -1.99996e-03  9.92523e-01  9.98523e-01
8.99543e+01  9.90267e-01  -3.58180e-03  -2.16304e-03  9.92092e-01  9.98581e-01
9.00590e+01  9.90104e-01  -3.64663e-03  -2.30175e-03  9.91750e-01  9.98655e-01
9.01637e+01  9.90049e-01  -3.67105e-03  -2.41472e-03  9.91500e-01  9.98744e-01
9.02684e+01  9.90105e-01  -3.65496e-03  -2.50088e-03  9.91343e-01  9.98846e-01
9.03731e+01  9.90269e-01  -3.59868e-03  -2.55940e-03  9.91283e-01  9.98961e-01
9.04779e+01  9.90539e-01  -3.50295e-03  -2.58976e-03  9.91318e-01  9.99087e-01
9.05826e+01  9.90913e-01  -3.36890e-03  -2.59168e-03  9.91448e-01  9.99223e-01
9.06873e+01  9.91385e-01  -3.19807e-03  -2.56521e-03  9.91672e-01  9.99367e-01
9.07920e+01  9.91952e-01  -2.99236e-03  -2.51068e-03  9.91986e-01  9.99518e-01
9.08967e+01  9.92607e-01  -2.75405e-03  -2.42868e-03  9.92389e-01  9.99675e-01
9.10015e+01  9.93343e-01  -2.48574e-03  -2.32013e-03  9.92874e-01  9.99834e-01
9.11062e+01  9.94151e-01  -2.19036e-03  -2.18619e-03  9.93437e-01  9.99996e-01
9.12109e+01  9.95023e-01  -1.87115e-03  -2.02833e-03  9.94072e-01  1.00016e+00
9.13156e+01  9.95950e-01  -1.53159e-03  -1.84826e-03  9.94772e-01  1.00032e+00
9.14203e+01  9.96920e-01  -1.17539e-03  -1.64793e-03  9.95529e-01  1.00047e+00
9.15251e+01  9.97925e-01  -8.06465e-04  -1.42955e-03  9.96334e-01  1.00062e+00
9.16298e+01  9.98952e-01  -4.28883e-04  -1.19553e-03  9.97180e-01  1.00077e+00
9.17345e+01  9.99990e-01  -4.68285e-05  -9.48470e-04  9.98056e-01  1.00090e+00
9.18392e+01  1.00103e+00  3.35442e-04  -6.91128e-04  9.98953e-01  1.00103e+00
9.19439e+01  1.00205e+00  7.13646e-04  -4.26407e-04  9.99861e-01  1.00114e+00
9.20487e+01  1.00305e+00  1.08352e-03  -1.57312e-04  1.00077e+00  1.00124e+00
9.21534e+01  1.00402e+00  1.44088e-03  1.13086e-04  1.00167e+00  1.00133e+00
9.22581e+01  1.00494e+00  1.78165e-03  3.81681e-04  1.00255e+00  1.00140e+00
9.23628e+01  1.00580e+00  2.10193e-03  6.45373e-04  1.00339e+00  1.00146e+00
9.24675e+01  1.00660e+00  2.39802e-03  9.01106e-04  1.00420e+00  1.00150e+00
9.25723e+01  1.00732e+00  2.66653e-03  1.14591e-03  1.00496e+00  1.00152e+00
9.26770e+01  1.00795e+00  2.90433e-03  1.37694e-03  1.00566e+00  1.00153e+00
9.27817e+01  1.00850e+00  3.10866e-03  1.59150e-03  1.00629e+00  1.00152e+00
9.28864e+01  1.00894e+00  3.27718e-03  1.78711e-03  1.00685e+00  1.00149e+00
9.29911e+01  1.00928e+00  3.40792e-03  1.96151e-03  1.00733e+00  1.00145e+00
9.30959e+01  1.00952e+00  3.49940e-03  2.11272e-03  1.00772e+00  1.00139e+00
9.32006e+01  1.00964e+00  3.55060e-03  2.23902e-03  1.00803e+00  1.00131e+00
9.33053e+01  1.00966e+00  3.56099e-03  2.33904e-03  1.00824e+00  1.00122e+00
9.34100e+01  1.00956e+00  3.53052e-03  2.41171e-03  1.00835e+00  1.00112e+00
9.35147e+01  1.00935e+00  3.45966e-03  2.45631e-03  1.00837e+00  1.00100e+00
9.36195e+01  1.00904e+00  3.34935e-03  2.47249e-03  1.00829e+00  1.00088e+00
9.37242e+01  1.00863e+00  3.20100e-03  2.46022e-03  1.00812e+00  1.00074e+00
9.38289e+01  1.00811e+00  3.01650e-03  2.41984e-03  1.00786e+00  1.00060e+00
9.39336e+01  1.00751e+00  2.79813e-03  2.35203e-03  1.00750e+00  1.00045e+00
9.40383e+01  1.00683e+00  2.54860e-03  2.25777e-03  1.00706e+00  1.00029e+00
9.41431e+01  1.00607e+00  2.27095e-03  2.13838e-03  1.00655e+00  1.00013e+00
9.42478e+01  1.00524e+00  1.96853e-03  1.99543e-03  1.00596e+00  9.99973e-01
9.43525e+01  1.00436e+00  1.64498e-03  1.83078e-03  1.00531e+00  9.99814e-01
9.44572e+01  1.00343e+00  1.30413e-03  1.64649e-03  1.00460e+00  9.99658e-01
9.45619e+01  1.00247e+00  9.50007e-04  1.44485e-03  1.00384e+00  9.99505e-01
9.46667e+01  1.00149e+00  5.86724e-04  1.22829e-03  1.00304e+00  9.99358e-01
9.47714e+01  1.00049e+00  2.18476e-04  9.99397e-04  1.00222e+00  9.99219e-01
9.48761e+01  9.99493e-01  -1.50531e-04  7.60841e-04  1.00137e+00  9.99089e-01
9.49808e+01  9.98507e-01  -5.16126e-04  5.15375e-04  1.00051e+00  9.98968e-01
9.50855e+01  9.97542e-01  -8.74221e-04  2.65786e-04  9.99657e-01  9.98860e-01
9.51903e+01  9.96609e-01  -1.22085e-03  1.48663e-05  9.98809e-01  9.98764e-01
9.52950e+01  9.95718e-01  -1.55223e-03  -2.34615e-04  9.97979e-01  9.98682e-01
9.53997e+01  9.94879e-01  -1.86477e-03  -4.79940e-04  9.97175e-01  9.98615e-01
9.55044e+01  9.94100e-01  -2.15511e-03  -7.18468e-04  9.96408e-01  9.98563e-01
9.56091e+01  9.93390e-01  -2.42020e-03  -9.47664e-04  9.95684e-01  9.98527e-01
9.57139e+01  9.92757e-01  -2.65726e-03  -1.16512e-03  9.95013e-01  9.98508e-01
9.58186e+01  9.92205e-01  -2.86385e-03  -1.36856e-03  9.94399e-01  9.98505e-01
9.59233e+01  9.91742e-01  -3.03786e-03  -1.55591e-03  9.93850e-01  9.98518e-01
9.60280e+01  9.91371e-01  -3.17755e-03  -1.72523e-03  9.93372e-01  9.98548e-01
9.61327e+01  9.91097e-01  -3.28157e-03  -1.87482e-03  9.92969e-01  9.98593e-01
9.62375e+01  9.90921e-01  -3.34894e-03  -2.00317e-03  9.92645e-01  9.98654e-01
9.63422e+01  9.90847e-01  -3.37906e-03  -2.10901e-03  9.92403e-01  9.98730e-01
9.64469e+01  9.90873e-01  -3.37174e-03  -2.19130e-03  9.92246e-01  9.98820e-01
9.65516e+01  9.90999e-01  -3.32717e-03  -2.24924e-03  9.92174e-01  9.98922e-01
9.66563e+01  9.91225e-01  -3.24596e-03  -2.28227e-03  9.92190e-01  9.99036e-01
9.67611e+01  9.91547e-01  -3.12905e-03  -2.29011e-03  9.92291e-01  9.99161e-01
9.68658e+01  9.91961e-01  -2.97780e-03  -2.27273e-03  9.92477e-01  9.99295e-01
9.69705e+01  9.92464e-01  -2.79390e-03  -2.23036e-03  9.92745e-01  9.99436e-01
9.70752e+01  9.93049e-01  -2.57940e-03  -2.16349e-03  9.93094e-01  9.99584e-01
9.71799e+01  9.93710e-01  -2.33667e-03  -2.07286e-03  9.93518e-01  9.99736e-01
9.72847e+01  9.94441e-01  -2.06837e-03  -1.95947e-03  9.94013e-01  9.99891e-01
9.73894e+01  9.95232e-01  -1.77745e-03  -1.82457e-03  9.94573e-01  1.00005e+00
9.74941e+01  9.96076e-01  -1.46711e-03  -1.66965e-03  9.95194e-01  1.00020e+00
9.75988e+01  9.96963e-01  -1.14077e-03  -1.49640e-03  9.95866e-01  1.00036e+00
9.77035e+01  9.97883e-01  -8.02017e-04  -1.30675e-03  9.96584e-01  1.00050e+00
9.78083e+01  9.98827e-01  -4.54612e-04  -1.10279e-03  9.97340e-01  1.00065e+00
9.79130e+01  9.99783e-01  -1.02409e-04  -8.86795e-04  9.98124e-01  1.00078e+00
9.80177e+01  1.00074e+00  2.50663e-04  -6.61191e-04  9.98928e-01  1.00091e+00
9.81224e+01  1.00169e+00  6.00647e-04  -4.28519e-04  9.99744e-01  1.00103e+00
9.82271e+01  1.00262e+00  9.43607e-04  -1.91416e-04  1.00056e+00  1.00114e+00
9.83319e+01  1.00352e+00  1.27566e-03  4.74179e-05  1.00137e+00  1.00123e+00
9.84366e+01  1.00438e+00  1.59305e-03  2.85251e-04  1.00216e+00  1.00131e+00
9.85413e+01  1.00519e+00  1.89214e-03  5.19350e-04  1.00293e+00  1.00137e+00
9.86460e+01  1.00593e+00  2.16953e-03  7.47018e-04  1.00366e+00  1.00142e+00
9.87507e+01  1.00662e+00  2.42202e-03  9.65627e-04  1.00435e+00  1.00146e+00
9.88554e+01  1.00722e+00  2.64672e-03  1.17265e-03  1.00499e+00  1.00147e+00
9.89602e+01  1.00774e+00  2.84104e-03  1.36569e-03  1.00557e+00  1.00148e+00
9.90649e+01  1.00817e+00  3.00274e-03  1.54254e-03  1.00609e+00  1.00146e+00
9.91696e+01  1.00851e+00  3.12999e-03  1.70115e-03  1.00653e+00  1.00143e+00
9.92743e+01  1.00875e+00  3.22132e-03  1.83972e-03  1.00690e+00  1.00138e+00
9.93790e+01  1.00889e+00  3.27574e-03  1.95670e-03  1.00719e+00  1.00132e+00
9.94838e+01  1.00893e+00  3.29265e-03  2.05080e-03  1.00739e+00  1.00124e+00
9.95885e+01  1.00886e+00  3.27192e-03  2.12100e-03  1.00751e+00  1.00115e+00
9.96932e+01  1.00870e+00  3.21388e-03  2.16660e-03  1.00755e+00  1.00105e+00
9.97979e+01  1.00844e+00  3.11930e-03  2.18717e-03  1.00749e+00  1.00093e+00
9.99026e+01  1.00808e+00  2.98935e-03  2.18263e-03  1.00735e+00  1.00081e+00
1.00007e+02  1.00763e+00  2.82568e-03  2.15316e-03  1.00713e+00  1.00067e+00
1.00112e+02  1.00709e+00  2.63026e-03  2.09926e-03  1.00683e+00  1.00053e+00
1.00217e+02  1.00647e+00  2.40549e-03  2.02171e-03  1.00645e+00  1.00038e+00
1.00322e+02  1.00579e+00  2.15407e-03  1.92156e-03  1.00600e+00  1.00023e+00
1.00426e+02  1.00504e+00  1.87899e-03  1.80012e-03  1.00548e+00  1.00008e+00
1.00531e+02  1.00424e+00  1.58352e-03  1.65895e-03  1.00490e+00  9.99925e-01
1.00636e+02  1.00339e+00  1.27113e-03  1.49979e-03  1.00427e+00  9.99771e-01
1.00740e+02  1.00251e+00  9.45461e-04  1.32459e-03  1.00359e+00  9.99621e-01
1.00845e+02  1.00160e+00  6.10286e-04  1.13546e-03  1.00288e+00  9.99475e-01
1.00950e+02  1.00068e+00  2.69454e-04  9.34640e-04  1.00214e+00  9.99335e-01
1.01055e+02  9.99751e-01  -7.31526e-05  7.24481e-04  1.00138e+00  9.99202e-01
1.01159e+02  9.98832e-01  -4.13659e-04  5.07408e-04  1.00060e+00  9.99079e-01
1.01264e+02  9.97930e-01  -7.48247e-04  2.85898e-04  9.99824e-01  9.98966e-01
1.01369e+02  9.97054e-01  -1.07319e-03  6.24492e-05  9.99052e-01  9.98864e-01
1.01473e+02  9.96214e-01  -1.38491e-03  -1.60445e-04  9.98294e-01  9.98776e-01
1.01578e+02  9.95420e-01  -1.67998e-03  -3.80323e-04  9.97559e-01  9.98700e-01
1.01683e+02  9.94679e-01  -1.95521e-03  -5.94781e-04  9.96855e-01  9.98640e-01
1.01788e+02  9.94001e-01  -2.20762e-03  -8.01499e-04  9.96189e-01  9.98594e-01
1.01892e+02  9.93391e-01  -2.43453e-03  -9.98258e-04  9.95569e-01  9.98564e-01
1.01997e+02  9.92856e-01  -2.63354e-03  -1.18297e-03  9.95001e-01  9.98549e-01
1.02102e+02  9.92403e-01  -2.80256e-03  -1.35368e-03  9.94490e-01  9.98551e-01
1.02206e+02  9.92035e-01  -2.93986e-03  -1.50861e-03  9.94043e-01  9.98569e-01
1.02311e+02  9.91756e-01  -3.04403e-03  -1.64615e-03  9.93664e-01  9.98602e-01
1.02416e+02  9.91569e-01  -3.11406e-03  -1.76490e-03  9.93356e-01  9.98651e-01
1.02521e+02  9.91475e-01  -3.14927e-03  -1.86365e-03  9.93123e-01  9.98714e-01
1.02625e+02  9.91477e-01  -3.14939e-03  -1.94140e-03  9.92968e-01  9.98792e-01
1.02730e+02  9.91572e-01  -3.11451e-03  -1.99740e-03  9.92891e-01  9.98883e-01
1.02835e+02  9.91761e-01  -3.04510e-03  -2.03110e-03  9.92893e-01  9.98986e-01
1.02940e+02  9.92040e-01  -2.94200e-03  -2.04221e-03  9.92974e-01  9.99100e-01
1.03044e+02  9.92408e-01  -2.80640e-03  -2.03068e-03  9.93132e-01  9.99224e-01
1.03149e+02  9.92859e-01  -2.63984e-03  -1.99668e-03  9.93367e-01  9.99357e-01
1.03254e+02  9.93388e-01  -2.44421e-03  -1.94064e-03  9.93675e-01  9.99496e-01
1.03358e+02  9.93991e-01  -2.22170e-03  -1.86320e-03  9.94052e-01  9.99642e-01
1.03463e+02  9.94660e-01  -1.97477e-03  -1.76525e-03  9.94495e-01  9.99790e-01
1.03568e+02  9.95387e-01  -1.70618e-03  -1.64790e-03  9.94998e-01  9.99942e-01
1.03673e+02  9.96165e-01  -1.41890e-03  -1.51246e-03  9.95556e-01  1.00009e+00
1.03777e+02  9.96986e-01  -1.11613e-03  -1.36045e-03  9.96163e-01  1.00024e+00
1.03882e+02  9.97839e-01  -8.01238e-04  -1.19357e-03  9.96812e-01  1.00039e+00
1.03987e+02  9.98716e-01  -4.77721e-04  -1.01368e-03  9.97495e-01  1.00054e+00
1.04091e+02  9.99607e-01  -1.49190e-04  -8.22808e-04  9.98205e-01  1.00067e+00
1.04196e+02  1.00050e+00  1.80684e-04  -6.23089e-04  9.98935e-01  1.00080e+00
1.04301e+02  1.00139e+00  5.08206e-04  -4.16776e-04  9.99675e-01  1.00092e+00
1.04406e+02  1.00226e+00  8.29698e-04  -2.06199e-04  1.00042e+00  1.00104e+00
1.04510e+02  1.00311e+00  1.14154e-03  6.25834e-06  1.00115e+00  1.00114e+00
1.04615e+02  1.00392e+00  1.44021e-03  2.18183e-04  1.00188e+00  1.00122e+00
1.04720e+02  1.00468e+00  1.72234e-03  4.27163e-04  1.00258e+00  1.00130e+00
1.04824e+02  1.00539e+00  1.98473e-03  6.30818e-04  1.00325e+00  1.00135e+00
1.04929e+02  1.00604e+00  2.22439e-03  8.26823e-04  1.00388e+00  1.00140e+00
1.05034e+02  1.00662e+00  2.43862e-03  1.01294e-03  1.00446e+00  1.00143e+00
1.05139e+02  1.00713e+00  2.62498e-03  1.18705e-03  1.00500e+00  1.00144e+00
1.05243e+02  1.00755e+00  2.78135e-03  1.34717e-03  1.00548e+00  1.00143e+00
1.05348e+02  1.00789e+00  2.90598e-03  1.49148e-03  1.00589e+00  1.00141e+00
1.05453e+02  1.00813e+00  2.99747e-03  1.61836e-03  1.00623e+00  1.00138e+00
1.05558e+02  1.00829e+00  3.05480e-03  1.72639e-03  1.00651e+00  1.00133e+00
1.05662e+02  1.00835e+00  3.07738e-03  1.81438e-03  1.00671e+00  1.00126e+00
1.05767e+02  1.00831e+00  3.06499e-03  1.88138e-03  1.00683e+00  1.00118e+00
1.05872e+02  1.00818e+00  3.01784e-03  1.92669e-03  1.00687e+00  1.00109e+00
1.05976e+02  1.00796e+00  2.93655e-03  1.94988e-03  1.00684e+00  1.00099e+00
1.06081e+02  1.00764e+00  2.82213e-03  1.95079e-03  1.00672e+00  1.00087e+00
1.06186e+02  1.00724e+00  2.67597e-03  1.92949e-03  1.00653e+00  1.00075e+00
1.06291e+02  1.00676e+00  2.49983e-03  1.88636e-03  1.00627e+00  1.00061e+00
1.06395e+02  1.00621e+00  2.29582e-03  1.82199e-03  1.00594e+00  1.00047e+00
1.06500e+02  1.00559e+00  2.06635e-03  1.73726e-03  1.00554e+00  1.00033e+00
1.06605e+02  1.00490e+00  1.81414e-03  1.63324e-03  1.00508e+00  1.00018e+00
1.06709e+02  1.00417e+00  1.54212e-03  1.51124e-03  1.00456e+00  1.00003e+00
1.06814e+02  1.00338e+00  1.25347e-03  1.37276e-03  1.00400e+00  9.99881e-01
1.06919e+02  1.00257e+00  9.51515e-04  1.21948e-03  1.00339e+00  9.99732e-01
1.07024e+02  1.00172e+00  6.39731e-04  1.05323e-03  1.00275e+00  9.99586e-01
1.07128e+02  1.00087e+00  3.21673e-04  8.75974e-04  1.00207e+00  9.99446e-01
1.07233e+02  1.00000e+00  9.50921e-07  6.89775e-04  1.00138e+00  9.99311e-01
