# k S000 S110 S112 S10 S11
1.04720e-01  2.97274e-02  2.76105e-01  -7.84294e-02  1.19247e-01  3.54535e-01
2.09440e-01  2.98020e-02  2.76664e-01  -7.85607e-02  1.19542e-01  3.55225e-01
3.14159e-01  2.99268e-02  2.77597e-01  -7.87798e-02  1.20037e-01  3.56377e-01
4.18879e-01  3.01026e-02  2.78908e-01  -7.90870e-02  1.20734e-01  3.57995e-01
5.23599e-01  3.03303e-02  2.80602e-01  -7.94829e-02  1.21636e-01  3.60085e-01
6.28319e-01  3.06114e-02  2.82686e-01  -7.99679e-02  1.22750e-01  3.62654e-01
7.33038e-01  3.09476e-02  2.85166e-01  -8.05428e-02  1.24081e-01  3.65709e-01
8.37758e-01  3.13409e-02  2.88053e-01  -8.12084e-02  1.25636e-01  3.69262e-01
9.42478e-01  3.17938e-02  2.91357e-01  -8.19655e-02  1.27426e-01  3.73323e-01
1.04720e+00  3.23090e-02  2.95091e-01  -8.28150e-02  1.29461e-01  3.77905e-01
1.15192e+00  3.28900e-02  2.99267e-01  -8.37577e-02  1.31752e-01  3.83025e-01
1.25664e+00  3.35405e-02  3.03902e-01  -8.47943e-02  1.34314e-01  3.88697e-01
1.36136e+00  3.42648e-02  3.09014e-01  -8.59256e-02  1.37162e-01  3.94939e-01
1.46608e+00  3.50679e-02  3.14619e-01  -8.71521e-02  1.40315e-01  4.01771e-01
1.57080e+00  3.59552e-02  3.20740e-01  -8.84738e-02  1.43793e-01  4.09214e-01
1.67552e+00  3.69331e-02  3.27398e-01  -8.98905e-02  1.47617e-01  4.17289e-01
1.78024e+00  3.80088e-02  3.34618e-01  -9.14017e-02  1.51814e-01  4.26019e-01
1.88496e+00  3.91903e-02  3.42424e-01  -9.30060e-02  1.56412e-01  4.35430e-01
1.98968e+00  4.04868e-02  3.50844e-01  -9.47011e-02  1.61442e-01  4.45545e-01
2.09440e+00  4.19086e-02  3.59908e-01  -9.64839e-02  1.66940e-01  4.56392e-01
2.19911e+00  4.34673e-02  3.69646e-01  -9.83499e-02  1.72946e-01  4.67996e-01
2.30383e+00  4.51764e-02  3.80090e-01  -1.00293e-01  1.79504e-01  4.80383e-01
2.40855e+00  4.70507e-02  3.91274e-01  -1.02306e-01  1.86662e-01  4.93580e-01
2.51327e+00  4.91074e-02  4.03232e-01  -1.04378e-01  1.94477e-01  5.07610e-01
2.61799e+00  5.13662e-02  4.16002e-01  -1.06496e-01  2.03009e-01  5.22498e-01
2.72271e+00  5.38492e-02  4.29618e-01  -1.08645e-01  2.12328e-01  5.38263e-01
2.82743e+00  5.65820e-02  4.44119e-01  -1.10805e-01  2.22509e-01  5.54923e-01
2.93215e+00  5.95938e-02  4.59541e-01  -1.12951e-01  2.33639e-01  5.72492e-01
3.03687e+00  6.29185e-02  4.75920e-01  -1.15055e-01  2.45810e-01  5.90975e-01
3.14159e+00  6.65948e-02  4.93292e-01  -1.17081e-01  2.59130e-01  6.10373e-01
3.24631e+00  7.06678e-02  5.11690e-01  -1.18988e-01  2.73714e-01  6.30678e-01
3.35103e+00  7.51898e-02  5.31146e-01  -1.20727e-01  2.89692e-01  6.51873e-01
3.45575e+00  8.02217e-02  5.51686e-01  -1.22240e-01  3.07206e-01  6.73926e-01
3.56047e+00  8.58348e-02  5.73334e-01  -1.23460e-01  3.26413e-01  6.96795e-01
3.66519e+00  9.21127e-02  5.96108e-01  -1.24312e-01  3.47483e-01  7.20420e-01
3.76991e+00  9.91539e-02  6.20019e-01  -1.24709e-01  3.70601e-01  7.44727e-01
3.87463e+00  1.07075e-01  6.45070e-01  -1.24552e-01  3.95965e-01  7.69622e-01
3.97935e+00  1.16014e-01  6.71256e-01  -1.23736e-01  4.23784e-01  7.94992e-01
4.08407e+00  1.26137e-01  6.98560e-01  -1.22143e-01  4.54275e-01  8.20703e-01
4.18879e+00  1.37641e-01  7.26955e-01  -1.19648e-01  4.87658e-01  8.46603e-01
4.29351e+00  1.50764e-01  7.56396e-01  -1.16124e-01  5.24148e-01  8.72519e-01
4.39823e+00  1.65794e-01  7.86822e-01  -1.11440e-01  5.63943e-01  8.98262e-01
4.50295e+00  1.83081e-01  8.18153e-01  -1.05473e-01  6.07207e-01  9.23626e-01
4.60767e+00  2.03050e-01  8.50281e-01  -9.81135e-02  6.54054e-01  9.48394e-01
4.71239e+00  2.26224e-01  8.83069e-01  -8.92751e-02  7.04519e-01  9.72344e-01
4.81711e+00  2.53242e-01  9.16341e-01  -7.89078e-02  7.58525e-01  9.95249e-01
4.92183e+00  2.84893e-01  9.49877e-01  -6.70116e-02  8.15854e-01  1.01689e+00
5.02655e+00  3.22153e-01  9.83403e-01  -5.36514e-02  8.76101e-01  1.03705e+00
5.13127e+00  3.66223e-01  1.01658e+00  -3.89711e-02  9.38642e-01  1.05556e+00
5.23599e+00  4.18582e-01  1.04902e+00  -2.32050e-02  1.00261e+00  1.07222e+00
5.34071e+00  4.81038e-01  1.08024e+00  -6.68349e-03  1.06687e+00  1.08692e+00
5.44543e+00  5.55769e-01  1.10972e+00  1.01701e-02  1.13006e+00  1.09955e+00
5.55015e+00  6.45341e-01  1.13690e+00  2.68546e-02  1.19061e+00  1.11004e+00
5.65487e+00  7.52646e-01  1.16119e+00  4.28187e-02  1.24683e+00  1.11837e+00
5.75959e+00  8.80699e-01  1.18206e+00  5.75008e-02  1.29706e+00  1.12455e+00
5.86431e+00  1.03216e+00  1.19902e+00  7.03770e-02  1.33977e+00  1.12864e+00
5.96903e+00  1.20842e+00  1.21172e+00  8.10091e-02  1.37374e+00  1.13071e+00
6.07375e+00  1.40808e+00  1.21998e+00  8.90862e-02  1.39815e+00  1.13089e+00
6.17847e+00  1.62488e+00  1.22377e+00  9.44502e-02  1.41267e+00  1.12932e+00
6.28319e+00  1.84568e+00  1.22325e+00  9.71031e-02  1.41746e+00  1.12615e+00
6.38791e+00  2.04988e+00  1.21875e+00  9.71930e-02  1.41314e+00  1.12156e+00
6.49262e+00  2.21240e+00  1.21072e+00  9.49861e-02  1.40069e+00  1.11573e+00
6.59734e+00  2.31073e+00  1.19968e+00  9.08284e-02  1.38133e+00  1.10885e+00
6.70206e+00  2.33322e+00  1.18620e+00  8.51064e-02  1.35642e+00  1.10110e+00
6.80678e+00  2.28339e+00  1.17087e+00  7.82123e-02  1.32729e+00  1.09265e+00
6.91150e+00  2.17723e+00  1.15421e+00  7.05156e-02  1.29524e+00  1.08369e+00
7.01622e+00  2.03603e+00  1.13671e+00  6.23456e-02  1.26140e+00  1.07436e+00
7.12094e+00  1.87961e+00  1.11880e+00  5.39812e-02  1.22676e+00  1.06482e+00
7.22566e+00  1.72267e+00  1.10085e+00  4.56484e-02  1.19214e+00  1.05520e+00
7.33038e+00  1.57439e+00  1.08313e+00  3.75221e-02  1.15818e+00  1.04561e+00
7.43510e+00  1.43943e+00  1.06590e+00  2.97314e-02  1.12536e+00  1.03617e+00
7.53982e+00  1.31947e+00  1.04933e+00  2.23664e-02  1.09406e+00  1.02697e+00
7.64454e+00  1.21442e+00  1.03356e+00  1.54851e-02  1.06453e+00  1.01808e+00
7.74926e+00  1.12324e+00  1.01870e+00  9.12018e-03  1.03694e+00  1.00958e+00
7.85398e+00  1.04457e+00  1.00481e+00  3.28511e-03  1.01138e+00  1.00152e+00
7.95870e+00  9.76904e-01  9.91938e-01  -2.02092e-03  9.87896e-01  9.93958e-01
8.06342e+00  9.18859e-01  9.80113e-01  -6.80866e-03  9.66496e-01  9.86922e-01
8.16814e+00  8.69169e-01  9.69349e-01  -1.10956e-02  9.47158e-01  9.80444e-01
8.27286e+00  8.26734e-01  9.59644e-01  -1.49031e-02  9.29838e-01  9.74547e-01
8.37758e+00  7.90613e-01  9.50991e-01  -1.82550e-02  9.14481e-01  9.69246e-01
8.48230e+00  7.60012e-01  9.43376e-01  -2.11755e-02  9.01025e-01  9.64552e-01
8.58702e+00  7.34264e-01  9.36778e-01  -2.36887e-02  8.89401e-01  9.60467e-01
8.69174e+00  7.12814e-01  9.31175e-01  -2.58175e-02  8.79540e-01  9.56993e-01
8.79646e+00  6.95202e-01  9.26541e-01  -2.75835e-02  8.71374e-01  9.54124e-01
8.90118e+00  6.81046e-01  9.22846e-01  -2.90065e-02  8.64833e-01  9.51852e-01
9.00590e+00  6.70035e-01  9.20062e-01  -3.01045e-02  8.59852e-01  9.50166e-01
9.11062e+00  6.61914e-01  9.18157e-01  -3.08939e-02  8.56369e-01  9.49050e-01
9.21534e+00  6.56475e-01  9.17099e-01  -3.13891e-02  8.54320e-01  9.48488e-01
9.32006e+00  6.53552e-01  9.16854e-01  -3.16030e-02  8.53648e-01  9.48457e-01
9.42478e+00  6.53017e-01  9.17389e-01  -3.15473e-02  8.54294e-01  9.48936e-01
9.52950e+00  6.54767e-01  9.18666e-01  -3.12327e-02  8.56201e-01  9.49899e-01
9.63422e+00  6.58728e-01  9.20650e-01  -3.06686e-02  8.59313e-01  9.51319e-01
9.73894e+00  6.64845e-01  9.23301e-01  -2.98645e-02  8.63572e-01  9.53165e-01
9.84366e+00  6.73083e-01  9.26578e-01  -2.88293e-02  8.68919e-01  9.55407e-01
9.94838e+00  6.83418e-01  9.30438e-01  -2.75722e-02  8.75294e-01  9.58011e-01
1.00531e+01  6.95838e-01  9.34838e-01  -2.61028e-02  8.82632e-01  9.60941e-01
1.01578e+01  7.10340e-01  9.39728e-01  -2.44316e-02  8.90865e-01  9.64160e-01
1.02625e+01  7.26919e-01  9.45060e-01  -2.25703e-02  8.99919e-01  9.67630e-01
1.03673e+01  7.45572e-01  9.50780e-01  -2.05321e-02  9.09716e-01  9.71312e-01
1.04720e+01  7.66289e-01  9.56832e-01  -1.83321e-02  9.20168e-01  9.75164e-01
1.05767e+01  7.89044e-01  9.63158e-01  -1.59873e-02  9.31184e-01  9.79146e-01
1.06814e+01  8.13795e-01  9.69697e-01  -1.35171e-02  9.42662e-01  9.83214e-01
1.07861e+01  8.40471e-01  9.76383e-01  -1.09433e-02  9.54496e-01  9.87326e-01
1.08909e+01  8.68966e-01  9.83151e-01  -8.29019e-03  9.66570e-01  9.91441e-01
1.09956e+01  8.99129e-01  9.89932e-01  -5.58448e-03  9.78763e-01  9.95516e-01
1.11003e+01  9.30757e-01  9.96656e-01  -2.85509e-03  9.90946e-01  9.99511e-01
1.12050e+01  9.63584e-01  1.00325e+00  -1.32892e-04  1.00299e+00  1.00339e+00
1.13097e+01  9.97276e-01  1.00965e+00  2.54972e-03  1.01475e+00  1.00710e+00
1.14145e+01  1.03143e+00  1.01579e+00  5.15942e-03  1.02611e+00  1.01063e+00
1.15192e+01  1.06555e+00  1.02159e+00  7.66260e-03  1.03692e+00  1.01393e+00
1.16239e+01  1.09910e+00  1.02700e+00  1.00261e-02  1.04705e+00  1.01698e+00
1.17286e+01  1.13147e+00  1.03196e+00  1.22183e-02  1.05639e+00  1.01974e+00
1.18333e+01  1.16201e+00  1.03641e+00  1.42094e-02  1.06483e+00  1.02220e+00
1.19381e+01  1.19006e+00  1.04031e+00  1.59730e-02  1.07225e+00  1.02433e+00
1.20428e+01  1.21498e+00  1.04362e+00  1.74864e-02  1.07859e+00  1.02613e+00
1.21475e+01  1.23618e+00  1.04632e+00  1.87313e-02  1.08378e+00  1.02759e+00
1.22522e+01  1.25317e+00  1.04838e+00  1.96946e-02  1.08777e+00  1.02868e+00
1.23569e+01  1.26556e+00  1.04980e+00  2.03686e-02  1.09053e+00  1.02943e+00
1.24617e+01  1.27313e+00  1.05057e+00  2.07512e-02  1.09207e+00  1.02982e+00
1.25664e+01  1.27583e+00  1.05071e+00  2.08457e-02  1.09240e+00  1.02986e+00
1.26711e+01  1.27374e+00  1.05024e+00  2.06608e-02  1.09156e+00  1.02958e+00
1.27758e+01  1.26712e+00  1.04918e+00  2.02100e-02  1.08960e+00  1.02897e+00
1.28805e+01  1.25636e+00  1.04757e+00  1.95112e-02  1.08659e+00  1.02806e+00
1.29852e+01  1.24194e+00  1.04546e+00  1.85857e-02  1.08263e+00  1.02687e+00
1.30900e+01  1.22442e+00  1.04288e+00  1.74580e-02  1.07780e+00  1.02542e+00
1.31947e+01  1.20439e+00  1.03990e+00  1.61542e-02  1.07221e+00  1.02375e+00
1.32994e+01  1.18243e+00  1.03656e+00  1.47020e-02  1.06597e+00  1.02186e+00
1.34041e+01  1.15912e+00  1.03293e+00  1.31294e-02  1.05919e+00  1.01980e+00
1.35088e+01  1.13499e+00  1.02906e+00  1.14646e-02  1.05199e+00  1.01759e+00
1.36136e+01  1.11051e+00  1.02500e+00  9.73473e-03  1.04447e+00  1.01527e+00
1.37183e+01  1.08611e+00  1.02082e+00  7.96588e-03  1.03675e+00  1.01286e+00
1.38230e+01  1.06215e+00  1.01657e+00  6.18254e-03  1.02893e+00  1.01038e+00
1.39277e+01  1.03890e+00  1.01229e+00  4.40735e-03  1.02110e+00  1.00788e+00
1.40324e+01  1.01661e+00  1.00804e+00  2.66091e-03  1.01336e+00  1.00538e+00
1.41372e+01  9.95477e-01  1.00386e+00  9.61694e-04  1.00578e+00  1.00290e+00
1.42419e+01  9.75629e-01  9.99791e-01  -6.74003e-04  9.98443e-01  1.00047e+00
1.43466e+01  9.57174e-01  9.95875e-01  -2.23200e-03  9.91411e-01  9.98107e-01
1.44513e+01  9.40185e-01  9.92144e-01  -3.70017e-03  9.84744e-01  9.95844e-01
1.45560e+01  9.24708e-01  9.88628e-01  -5.06833e-03  9.78491e-01  9.93696e-01
1.46608e+01  9.10771e-01  9.85352e-01  -6.32808e-03  9.72696e-01  9.91680e-01
1.47655e+01  8.98382e-01  9.82341e-01  -7.47271e-03  9.67395e-01  9.89813e-01
1.48702e+01  8.87541e-01  9.79612e-01  -8.49699e-03  9.62618e-01  9.88109e-01
1.49749e+01  8.78234e-01  9.77182e-01  -9.39707e-03  9.58388e-01  9.86580e-01
1.50796e+01  8.70445e-01  9.75064e-01  -1.01703e-02  9.54723e-01  9.85234e-01
1.51844e+01  8.64151e-01  9.73266e-01  -1.08152e-02  9.51635e-01  9.84081e-01
1.52891e+01  8.59324e-01  9.71794e-01  -1.13311e-02  9.49132e-01  9.83125e-01
1.53938e+01  8.55936e-01  9.70653e-01  -1.17185e-02  9.47215e-01  9.82371e-01
1.54985e+01  8.53955e-01  9.69841e-01  -1.19784e-02  9.45885e-01  9.81820e-01
1.56032e+01  8.53351e-01  9.69359e-01  -1.21128e-02  9.45133e-01  9.81472e-01
1.57080e+01  8.54089e-01  9.69200e-01  -1.21241e-02  9.44952e-01  9.81324e-01
1.58127e+01  8.56134e-01  9.69358e-01  -1.20157e-02  9.45327e-01  9.81374e-01
1.59174e+01  8.59449e-01  9.69824e-01  -1.17914e-02  9.46241e-01  9.81615e-01
1.60221e+01  8.63994e-01  9.70585e-01  -1.14556e-02  9.47674e-01  9.82041e-01
1.61268e+01  8.69725e-01  9.71629e-01  -1.10135e-02  9.49602e-01  9.82642e-01
1.62316e+01  8.76597e-01  9.72938e-01  -1.04708e-02  9.51997e-01  9.83409e-01
1.63363e+01  8.84555e-01  9.74497e-01  -9.83381e-03  9.54829e-01  9.84331e-01
1.64410e+01  8.93540e-01  9.76284e-01  -9.10962e-03  9.58065e-01  9.85394e-01
1.65457e+01  9.03487e-01  9.78279e-01  -8.30584e-03  9.61667e-01  9.86585e-01
1.66504e+01  9.14319e-01  9.80458e-01  -7.43076e-03  9.65597e-01  9.87889e-01
1.67552e+01  9.25951e-01  9.82798e-01  -6.49332e-03  9.69811e-01  9.89291e-01
1.68599e+01  9.38287e-01  9.85272e-01  -5.50307e-03  9.74266e-01  9.90775e-01
1.69646e+01  9.51220e-01  9.87853e-01  -4.47013e-03  9.78913e-01  9.92323e-01
1.70693e+01  9.64629e-01  9.90514e-01  -3.40519e-03  9.83704e-01  9.93919e-01
1.71740e+01  9.78382e-01  9.93226e-01  -2.31938e-03  9.88588e-01  9.95546e-01
1.72788e+01  9.92334e-01  9.95961e-01  -1.22423e-03  9.93512e-01  9.97185e-01
1.73835e+01  1.00633e+00  9.98688e-01  -1.31518e-04  9.98425e-01  9.98819e-01
1.74882e+01  1.02020e+00  1.00138e+00  9.46810e-04  1.00327e+00  1.00043e+00
1.75929e+01  1.03378e+00  1.00401e+00  1.99882e-03  1.00800e+00  1.00201e+00
1.76976e+01  1.04688e+00  1.00654e+00  3.01272e-03  1.01257e+00  1.00353e+00
1.78024e+01  1.05933e+00  1.00896e+00  3.97708e-03  1.01691e+00  1.00498e+00
1.79071e+01  1.07094e+00  1.01123e+00  4.88096e-03  1.02099e+00  1.00635e+00
1.80118e+01  1.08155e+00  1.01333e+00  5.71412e-03  1.02476e+00  1.00762e+00
1.81165e+01  1.09101e+00  1.01525e+00  6.46722e-03  1.02818e+00  1.00878e+00
1.82212e+01  1.09916e+00  1.01696e+00  7.13194e-03  1.03122e+00  1.00982e+00
1.83260e+01  1.10589e+00  1.01844e+00  7.70119e-03  1.03384e+00  1.01074e+00
1.84307e+01  1.11112e+00  1.01969e+00  8.16921e-03  1.03603e+00  1.01152e+00
1.85354e+01  1.11476e+00  1.02069e+00  8.53168e-03  1.03775e+00  1.01216e+00
1.86401e+01  1.11680e+00  1.02144e+00  8.78583e-03  1.03901e+00  1.01265e+00
1.87448e+01  1.11722e+00  1.02193e+00  8.93044e-03  1.03979e+00  1.01300e+00
1.88496e+01  1.11606e+00  1.02216e+00  8.96586e-03  1.04009e+00  1.01319e+00
1.89543e+01  1.11338e+00  1.02214e+00  8.89399e-03  1.03993e+00  1.01324e+00
1.90590e+01  1.10927e+00  1.02187e+00  8.71823e-03  1.03930e+00  1.01315e+00
1.91637e+01  1.10382e+00  1.02136e+00  8.44335e-03  1.03824e+00  1.01291e+00
1.92684e+01  1.09719e+00  1.02062e+00  8.07537e-03  1.03677e+00  1.01254e+00
1.93732e+01  1.08950e+00  1.01966e+00  7.62145e-03  1.03491e+00  1.01204e+00
1.94779e+01  1.08093e+00  1.01851e+00  7.08967e-03  1.03269e+00  1.01142e+00
1.95826e+01  1.07161e+00  1.01718e+00  6.48892e-03  1.03016e+00  1.01069e+00
1.96873e+01  1.06173e+00  1.01569e+00  5.82866e-03  1.02735e+00  1.00986e+00
1.97920e+01  1.05144e+00  1.01407e+00  5.11875e-03  1.02430e+00  1.00895e+00
1.98968e+01  1.04089e+00  1.01232e+00  4.36930e-03  1.02106e+00  1.00795e+00
2.00015e+01  1.03023e+00  1.01048e+00  3.59047e-03  1.01767e+00  1.00689e+00
2.01062e+01  1.01960e+00  1.00858e+00  2.79235e-03  1.01416e+00  1.00578e+00
2.02109e+01  1.00912e+00  1.00662e+00  1.98479e-03  1.01059e+00  1.00464e+00
2.03156e+01  9.98910e-01  1.00464e+00  1.17729e-03  1.00700e+00  1.00346e+00
2.04204e+01  9.89066e-01  1.00266e+00  3.78893e-04  1.00342e+00  1.00228e+00
2.05251e+01  9.79678e-01  1.00070e+00  -4.01876e-04  9.99892e-01  1.00110e+00
2.06298e+01  9.70825e-01  9.98770e-01  -1.15710e-03  9.96456e-01  9.99928e-01
2.07345e+01  9.62572e-01  9.96904e-01  -1.87953e-03  9.93145e-01  9.98783e-01
2.08392e+01  9.54976e-01  9.95113e-01  -2.56256e-03  9.89988e-01  9.97676e-01
2.09440e+01  9.48083e-01  9.93416e-01  -3.20034e-03  9.87015e-01  9.96616e-01
2.10487e+01  9.41929e-01  9.91827e-01  -3.78769e-03  9.84251e-01  9.95615e-01
2.11534e+01  9.36545e-01  9.90359e-01  -4.32017e-03  9.81719e-01  9.94679e-01
2.12581e+01  9.31951e-01  9.89025e-01  -4.79404e-03  9.79437e-01  9.93820e-01
2.13628e+01  9.28163e-01  9.87836e-01  -5.20624e-03  9.77423e-01  9.93042e-01
2.14675e+01  9.25189e-01  9.86799e-01  -5.55439e-03  9.75690e-01  9.92353e-01
2.15723e+01  9.23032e-01  9.85922e-01  -5.83677e-03  9.74248e-01  9.91758e-01
2.16770e+01  9.21692e-01  9.85209e-01  -6.05227e-03  9.73105e-01  9.91262e-01
2.17817e+01  9.21160e-01  9.84666e-01  -6.20041e-03  9.72265e-01  9.90866e-01
2.18864e+01  9.21426e-01  9.84293e-01  -6.28127e-03  9.71731e-01  9.90575e-01
2.19911e+01  9.22472e-01  9.84092e-01  -6.29551e-03  9.71501e-01  9.90387e-01
2.20959e+01  9.24279e-01  9.84060e-01  -6.24433e-03  9.71571e-01  9.90304e-01
2.22006e+01  9.26821e-01  9.84195e-01  -6.12944e-03  9.71936e-01  9.90325e-01
2.23053e+01  9.30068e-01  9.84493e-01  -5.95307e-03  9.72587e-01  9.90446e-01
2.24100e+01  9.33986e-01  9.84948e-01  -5.71793e-03  9.73513e-01  9.90666e-01
2.25147e+01  9.38536e-01  9.85553e-01  -5.42717e-03  9.74699e-01  9.90981e-01
2.26195e+01  9.43673e-01  9.86300e-01  -5.08442e-03  9.76131e-01  9.91384e-01
2.27242e+01  9.49348e-01  9.87178e-01  -4.69371e-03  9.77791e-01  9.91872e-01
2.28289e+01  9.55506e-01  9.88178e-01  -4.25949e-03  9.79659e-01  9.92437e-01
2.29336e+01  9.62088e-01  9.89287e-01  -3.78658e-03  9.81713e-01  9.93073e-01
2.30383e+01  9.69028e-01  9.90491e-01  -3.28015e-03  9.83931e-01  9.93772e-01
2.31431e+01  9.76257e-01  9.91779e-01  -2.74566e-03  9.86288e-01  9.94524e-01
2.32478e+01  9.83698e-01  9.93134e-01  -2.18888e-03  9.88757e-01  9.95323e-01
2.33525e+01  9.91274e-01  9.94543e-01  -1.61577e-03  9.91312e-01  9.96159e-01
2.34572e+01  9.98901e-01  9.95990e-01  -1.03251e-03  9.93925e-01  9.97022e-01
2.35619e+01  1.00649e+00  9.97459e-01  -4.45372e-04  9.96568e-01  9.97904e-01
2.36667e+01  1.01396e+00  9.98933e-01  1.39303e-04  9.99212e-01  9.98794e-01
2.37714e+01  1.02122e+00  1.00040e+00  7.15176e-04  1.00183e+00  9.99683e-01
2.38761e+01  1.02818e+00  1.00184e+00  1.27599e-03  1.00439e+00  1.00056e+00
2.39808e+01  1.03475e+00  1.00324e+00  1.81564e-03  1.00687e+00  1.00142e+00
2.40855e+01  1.04086e+00  1.00458e+00  2.32824e-03  1.00924e+00  1.00225e+00
2.41903e+01  1.04642e+00  1.00585e+00  2.80823e-03  1.01147e+00  1.00305e+00
2.42950e+01  1.05136e+00  1.00705e+00  3.25042e-03  1.01355e+00  1.00380e+00
2.43997e+01  1.05562e+00  1.00814e+00  3.65009e-03  1.01544e+00  1.00449e+00
2.45044e+01  1.05915e+00  1.00913e+00  4.00303e-03  1.01714e+00  1.00513e+00
2.46091e+01  1.06191e+00  1.01001e+00  4.30563e-03  1.01862e+00  1.00570e+00
2.47139e+01  1.06387e+00  1.01076e+00  4.55493e-03  1.01987e+00  1.00621e+00
2.48186e+01  1.06501e+00  1.01138e+00  4.74864e-03  1.02088e+00  1.00664e+00
2.49233e+01  1.06533e+00  1.01187e+00  4.88520e-03  1.02164e+00  1.00699e+00
2.50280e+01  1.06483e+00  1.01222e+00  4.96379e-03  1.02215e+00  1.00726e+00
2.51327e+01  1.06354e+00  1.01243e+00  4.98434e-03  1.02240e+00  1.00744e+00
2.52375e+01  1.06149e+00  1.01249e+00  4.94751e-03  1.02239e+00  1.00755e+00
2.53422e+01  1.05873e+00  1.01242e+00  4.85470e-03  1.02213e+00  1.00757e+00
2.54469e+01  1.05530e+00  1.01221e+00  4.70797e-03  1.02163e+00  1.00751e+00
2.55516e+01  1.05128e+00  1.01187e+00  4.51006e-03  1.02089e+00  1.00736e+00
2.56563e+01  1.04673e+00  1.01141e+00  4.26427e-03  1.01994e+00  1.00715e+00
2.57611e+01  1.04172e+00  1.01083e+00  3.97445e-03  1.01878e+00  1.00685e+00
2.58658e+01  1.03633e+00  1.01014e+00  3.64491e-03  1.01743e+00  1.00649e+00
2.59705e+01  1.03064e+00  1.00935e+00  3.28031e-03  1.01591e+00  1.00607e+00
2.60752e+01  1.02473e+00  1.00847e+00  2.88567e-03  1.01424e+00  1.00558e+00
2.61799e+01  1.01868e+00  1.00751e+00  2.46619e-03  1.01245e+00  1.00505e+00
2.62847e+01  1.01256e+00  1.00649e+00  2.02725e-03  1.01055e+00  1.00446e+00
2.63894e+01  1.00644e+00  1.00542e+00  1.57428e-03  1.00857e+00  1.00384e+00
2.64941e+01  1.00041e+00  1.00430e+00  1.11273e-03  1.00653e+00  1.00319e+00
2.65988e+01  9.94508e-01  1.00316e+00  6.47968e-04  1.00446e+00  1.00252e+00
2.67035e+01  9.88812e-01  1.00201e+00  1.85226e-04  1.00238e+00  1.00182e+00
2.68083e+01  9.83372e-01  1.00085e+00  -2.70444e-04  1.00031e+00  1.00112e+00
2.69130e+01  9.78238e-01  9.99705e-01  -7.14227e-04  9.98277e-01  1.00042e+00
2.70177e+01  9.73455e-01  9.98583e-01  -1.14159e-03  9.96299e-01  9.99724e-01
2.71224e+01  9.69061e-01  9.97494e-01  -1.54833e-03  9.94397e-01  9.99042e-01
2.72271e+01  9.65091e-01  9.96451e-01  -1.93057e-03  9.92590e-01  9.98381e-01
2.73319e+01  9.61573e-01  9.95463e-01  -2.28482e-03  9.90893e-01  9.97748e-01
2.74366e+01  9.58529e-01  9.94540e-01  -2.60797e-03  9.89324e-01  9.97148e-01
2.75413e+01  9.55979e-01  9.93690e-01  -2.89732e-03  9.87895e-01  9.96587e-01
2.76460e+01  9.53936e-01  9.92920e-01  -3.15057e-03  9.86619e-01  9.96071e-01
2.77507e+01  9.52410e-01  9.92239e-01  -3.36584e-03  9.85507e-01  9.95604e-01
2.78555e+01  9.51406e-01  9.91650e-01  -3.54167e-03  9.84566e-01  9.95191e-01
2.79602e+01  9.50923e-01  9.91158e-01  -3.67700e-03  9.83804e-01  9.94835e-01
2.80649e+01  9.50958e-01  9.90768e-01  -3.77120e-03  9.83225e-01  9.94539e-01
2.81696e+01  9.51504e-01  9.90480e-01  -3.82401e-03  9.82832e-01  9.94304e-01
2.82743e+01  9.52549e-01  9.90298e-01  -3.83559e-03  9.82627e-01  9.94134e-01
2.83791e+01  9.54077e-01  9.90221e-01  -3.80648e-03  9.82608e-01  9.94028e-01
2.84838e+01  9.56070e-01  9.90249e-01  -3.73757e-03  9.82773e-01  9.93986e-01
2.85885e+01  9.58504e-01  9.90379e-01  -3.63014e-03  9.83118e-01  9.94009e-01
2.86932e+01  9.61352e-01  9.90609e-01  -3.48578e-03  9.83637e-01  9.94095e-01
2.87979e+01  9.64584e-01  9.90936e-01  -3.30645e-03  9.84323e-01  9.94242e-01
2.89027e+01  9.68167e-01  9.91354e-01  -3.09437e-03  9.85165e-01  9.94448e-01
2.90074e+01  9.72061e-01  9.91859e-01  -2.85209e-03  9.86154e-01  9.94711e-01
2.91121e+01  9.76228e-01  9.92443e-01  -2.58243e-03  9.87278e-01  9.95026e-01
2.92168e+01  9.80623e-01  9.93101e-01  -2.28844e-03  9.88524e-01  9.95389e-01
2.93215e+01  9.85199e-01  9.93824e-01  -1.97341e-03  9.89877e-01  9.95797e-01
2.94263e+01  9.89907e-01  9.94604e-01  -1.64081e-03  9.91323e-01  9.96245e-01
2.95310e+01  9.94696e-01  9.95433e-01  -1.29429e-03  9.92844e-01  9.96727e-01
2.96357e+01  9.99514e-01  9.96300e-01  -9.37631e-04  9.94425e-01  9.97238e-01
2.97404e+01  1.00431e+00  9.97197e-01  -5.74702e-04  9.96047e-01  9.97771e-01
2.98451e+01  1.00902e+00  9.98113e-01  -2.09442e-04  9.97694e-01  9.98322e-01
2.99498e+01  1.01359e+00  9.99039e-01  1.54190e-04  9.99347e-01  9.98885e-01
3.00546e+01  1.01798e+00  9.99964e-01  5.12261e-04  1.00099e+00  9.99452e-01
3.01593e+01  1.02213e+00  1.00088e+00  8.60898e-04  1.00260e+00  1.00002e+00
3.02640e+01  1.02599e+00  1.00177e+00  1.19634e-03  1.00417e+00  1.00058e+00
3.03687e+01  1.02951e+00  1.00264e+00  1.51497e-03  1.00567e+00  1.00112e+00
3.04734e+01  1.03266e+00  1.00347e+00  1.81337e-03  1.00709e+00  1.00165e+00
3.05782e+01  1.03539e+00  1.00424e+00  2.08837e-03  1.00842e+00  1.00216e+00
3.06829e+01  1.03767e+00  1.00497e+00  2.33708e-03  1.00964e+00  1.00263e+00
3.07876e+01  1.03949e+00  1.00563e+00  2.55690e-03  1.01074e+00  1.00307e+00
3.08923e+01  1.04081e+00  1.00622e+00  2.74562e-03  1.01171e+00  1.00347e+00
3.09970e+01  1.04164e+00  1.00674e+00  2.90138e-03  1.01254e+00  1.00383e+00
3.11018e+01  1.04195e+00  1.00717e+00  3.02273e-03  1.01322e+00  1.00415e+00
3.12065e+01  1.04176e+00  1.00752e+00  3.10866e-03  1.01374e+00  1.00442e+00
3.13112e+01  1.04108e+00  1.00779e+00  3.15857e-03  1.01411e+00  1.00463e+00
3.14159e+01  1.03991e+00  1.00797e+00  3.17232e-03  1.01431e+00  1.00479e+00
3.15206e+01  1.03829e+00  1.00805e+00  3.15019e-03  1.01436e+00  1.00490e+00
3.16254e+01  1.03624e+00  1.00805e+00  3.09290e-03  1.01424e+00  1.00496e+00
3.17301e+01  1.03380e+00  1.00796e+00  3.00160e-03  1.01397e+00  1.00496e+00
3.18348e+01  1.03100e+00  1.00779e+00  2.87781e-03  1.01354e+00  1.00491e+00
3.19395e+01  1.02788e+00  1.00753e+00  2.72343e-03  1.01298e+00  1.00481e+00
3.20442e+01  1.02450e+00  1.00719e+00  2.54070e-03  1.01227e+00  1.00465e+00
3.21490e+01  1.02089e+00  1.00678e+00  2.33214e-03  1.01144e+00  1.00445e+00
3.22537e+01  1.01710e+00  1.00630e+00  2.10055e-03  1.01050e+00  1.00420e+00
3.23584e+01  1.01319e+00  1.00576e+00  1.84895e-03  1.00946e+00  1.00391e+00
3.24631e+01  1.00919e+00  1.00516e+00  1.58052e-03  1.00832e+00  1.00358e+00
3.25678e+01  1.00517e+00  1.00452e+00  1.29858e-03  1.00711e+00  1.00322e+00
3.26726e+01  1.00116e+00  1.00383e+00  1.00653e-03  1.00584e+00  1.00282e+00
3.27773e+01  9.97210e-01  1.00311e+00  7.07813e-04  1.00453e+00  1.00241e+00
3.28820e+01  9.93362e-01  1.00237e+00  4.05867e-04  1.00318e+00  1.00197e+00
3.29867e+01  9.89657e-01  1.00161e+00  1.04090e-04  1.00182e+00  1.00151e+00
3.30914e+01  9.86130e-01  1.00085e+00  -1.94201e-04  1.00046e+00  1.00104e+00
3.31962e+01  9.82815e-01  1.00009e+00  -4.85806e-04  9.99116e-01  1.00057e+00
3.33009e+01  9.79743e-01  9.99334e-01  -7.67670e-04  9.97799e-01  1.00010e+00
3.34056e+01  9.76941e-01  9.98598e-01  -1.03692e-03  9.96525e-01  9.99635e-01
3.35103e+01  9.74433e-01  9.97887e-01  -1.29087e-03  9.95305e-01  9.99178e-01
3.36150e+01  9.72238e-01  9.97208e-01  -1.52707e-03  9.94154e-01  9.98735e-01
3.37198e+01  9.70374e-01  9.96567e-01  -1.74330e-03  9.93081e-01  9.98311e-01
3.38245e+01  9.68853e-01  9.95972e-01  -1.93761e-03  9.92097e-01  9.97909e-01
3.39292e+01  9.67686e-01  9.95427e-01  -2.10829e-03  9.91210e-01  9.97535e-01
3.40339e+01  9.66879e-01  9.94938e-01  -2.25394e-03  9.90430e-01  9.97192e-01
3.41386e+01  9.66434e-01  9.94509e-01  -2.37341e-03  9.89762e-01  9.96882e-01
3.42434e+01  9.66353e-01  9.94143e-01  -2.46584e-03  9.89212e-01  9.96609e-01
3.43481e+01  9.66630e-01  9.93845e-01  -2.53067e-03  9.88784e-01  9.96376e-01
3.44528e+01  9.67261e-01  9.93616e-01  -2.56762e-03  9.88480e-01  9.96183e-01
3.45575e+01  9.68234e-01  9.93457e-01  -2.57666e-03  9.88304e-01  9.96034e-01
3.46622e+01  9.69537e-01  9.93370e-01  -2.55807e-03  9.88254e-01  9.95928e-01
3.47670e+01  9.71154e-01  9.93354e-01  -2.51240e-03  9.88329e-01  9.95866e-01
3.48717e+01  9.73068e-01  9.93409e-01  -2.44043e-03  9.88528e-01  9.95850e-01
3.49764e+01  9.75256e-01  9.93534e-01  -2.34321e-03  9.88848e-01  9.95877e-01
3.50811e+01  9.77695e-01  9.93726e-01  -2.22204e-03  9.89282e-01  9.95948e-01
3.51858e+01  9.80357e-01  9.93984e-01  -2.07842e-03  9.89827e-01  9.96062e-01
3.52906e+01  9.83216e-01  9.94302e-01  -1.91407e-03  9.90474e-01  9.96216e-01
3.53953e+01  9.86238e-01  9.94678e-01  -1.73091e-03  9.91216e-01  9.96409e-01
3.55000e+01  9.89392e-01  9.95107e-01  -1.53103e-03  9.92045e-01  9.96638e-01
3.56047e+01  9.92644e-01  9.95584e-01  -1.31669e-03  9.92951e-01  9.96901e-01
3.57094e+01  9.95956e-01  9.96103e-01  -1.09027e-03  9.93923e-01  9.97194e-01
3.58142e+01  9.99294e-01  9.96659e-01  -8.54268e-04  9.94951e-01  9.97513e-01
3.59189e+01  1.00262e+00  9.97245e-01  -6.11280e-04  9.96023e-01  9.97857e-01
3.60236e+01  1.00589e+00  9.97855e-01  -3.63960e-04  9.97127e-01  9.98219e-01
3.61283e+01  1.00908e+00  9.98482e-01  -1.15000e-04  9.98252e-01  9.98597e-01
3.62330e+01  1.01214e+00  9.99119e-01  1.32898e-04  9.99385e-01  9.98987e-01
3.63378e+01  1.01505e+00  9.99760e-01  3.77048e-04  1.00051e+00  9.99383e-01
3.64425e+01  1.01776e+00  1.00040e+00  6.14813e-04  1.00163e+00  9.99782e-01
3.65472e+01  1.02025e+00  1.00102e+00  8.43633e-04  1.00271e+00  1.00018e+00
3.66519e+01  1.02248e+00  1.00163e+00  1.06105e-03  1.00375e+00  1.00057e+00
3.67566e+01  1.02444e+00  1.00222e+00  1.26476e-03  1.00475e+00  1.00095e+00
3.68614e+01  1.02609e+00  1.00277e+00  1.45258e-03  1.00568e+00  1.00132e+00
3.69661e+01  1.02743e+00  1.00329e+00  1.62255e-03  1.00654e+00  1.00167e+00
3.70708e+01  1.02843e+00  1.00377e+00  1.77291e-03  1.00732e+00  1.00200e+00
3.71755e+01  1.02910e+00  1.00421e+00  1.90214e-03  1.00801e+00  1.00230e+00
3.72802e+01  1.02941e+00  1.00459e+00  2.00895e-03  1.00861e+00  1.00258e+00
3.73850e+01  1.02938e+00  1.00492e+00  2.09234e-03  1.00910e+00  1.00283e+00
3.74897e+01  1.02900e+00  1.00519e+00  2.15159e-03  1.00950e+00  1.00304e+00
3.75944e+01  1.02829e+00  1.00541e+00  2.18625e-03  1.00978e+00  1.00322e+00
3.76991e+01  1.02726e+00  1.00556e+00  2.19616e-03  1.00995e+00  1.00336e+00
3.78038e+01  1.02593e+00  1.00565e+00  2.18148e-03  1.01001e+00  1.00347e+00
3.79086e+01  1.02431e+00  1.00567e+00  2.14263e-03  1.00996e+00  1.00353e+00
3.80133e+01  1.02243e+00  1.00564e+00  2.08031e-03  1.00980e+00  1.00356e+00
3.81180e+01  1.02031e+00  1.00554e+00  1.99551e-03  1.00954e+00  1.00355e+00
3.82227e+01  1.01799e+00  1.00539e+00  1.88945e-03  1.00917e+00  1.00350e+00
3.83274e+01  1.01550e+00  1.00518e+00  1.76360e-03  1.00870e+00  1.00341e+00
3.84322e+01  1.01286e+00  1.00491e+00  1.61961e-03  1.00815e+00  1.00329e+00
3.85369e+01  1.01011e+00  1.00459e+00  1.45935e-03  1.00751e+00  1.00313e+00
3.86416e+01  1.00729e+00  1.00423e+00  1.28483e-03  1.00680e+00  1.00295e+00
3.87463e+01  1.00443e+00  1.00383e+00  1.09821e-03  1.00602e+00  1.00273e+00
3.88510e+01  1.00156e+00  1.00338e+00  9.01742e-04  1.00519e+00  1.00248e+00
3.89557e+01  9.98713e-01  1.00291e+00  6.97748e-04  1.00431e+00  1.00221e+00
3.90605e+01  9.95922e-01  1.00241e+00  4.88604e-04  1.00339e+00  1.00192e+00
3.91652e+01  9.93214e-01  1.00189e+00  2.76700e-04  1.00244e+00  1.00161e+00
3.92699e+01  9.90620e-01  1.00135e+00  6.44125e-05  1.00148e+00  1.00129e+00
3.93746e+01  9.88165e-01  1.00081e+00  -1.45919e-04  1.00052e+00  1.00096e+00
3.94793e+01  9.85873e-01  1.00026e+00  -3.52019e-04  9.99560e-01  1.00062e+00
3.95841e+01  9.83766e-01  9.99721e-01  -5.51702e-04  9.98617e-01  1.00027e+00
3.96888e+01  9.81863e-01  9.99186e-01  -7.42889e-04  9.97701e-01  9.99929e-01
3.97935e+01  9.80181e-01  9.98666e-01  -9.23632e-04  9.96819e-01  9.99590e-01
3.98982e+01  9.78734e-01  9.98166e-01  -1.09213e-03  9.95982e-01  9.99259e-01
4.00029e+01  9.77535e-01  9.97692e-01  -1.24674e-03  9.95198e-01  9.98938e-01
4.01077e+01  9.76593e-01  9.97246e-01  -1.38599e-03  9.94474e-01  9.98632e-01
4.02124e+01  9.75914e-01  9.96836e-01  -1.50861e-03  9.93818e-01  9.98344e-01
4.03171e+01  9.75501e-01  9.96463e-01  -1.61351e-03  9.93236e-01  9.98076e-01
4.04218e+01  9.75357e-01  9.96132e-01  -1.69980e-03  9.92732e-01  9.97832e-01
4.05265e+01  9.75480e-01  9.95846e-01  -1.76681e-03  9.92312e-01  9.97612e-01
4.06313e+01  9.75867e-01  9.95607e-01  -1.81405e-03  9.91978e-01  9.97421e-01
4.07360e+01  9.76511e-01  9.95417e-01  -1.84126e-03  9.91734e-01  9.97258e-01
4.08407e+01  9.77403e-01  9.95278e-01  -1.84838e-03  9.91581e-01  9.97127e-01
4.09454e+01  9.78533e-01  9.95191e-01  -1.83557e-03  9.91520e-01  9.97027e-01
4.10501e+01  9.79887e-01  9.95156e-01  -1.80317e-03  9.91550e-01  9.96960e-01
4.11549e+01  9.81450e-01  9.95174e-01  -1.75171e-03  9.91670e-01  9.96926e-01
4.12596e+01  9.83205e-01  9.95243e-01  -1.68194e-03  9.91879e-01  9.96925e-01
4.13643e+01  9.85131e-01  9.95362e-01  -1.59475e-03  9.92172e-01  9.96956e-01
4.14690e+01  9.87208e-01  9.95529e-01  -1.49124e-03  9.92547e-01  9.97020e-01
4.15737e+01  9.89413e-01  9.95743e-01  -1.37263e-03  9.92998e-01  9.97116e-01
4.16785e+01  9.91722e-01  9.96001e-01  -1.24031e-03  9.93520e-01  9.97241e-01
4.17832e+01  9.94109e-01  9.96299e-01  -1.09580e-03  9.94107e-01  9.97394e-01
4.18879e+01  9.96548e-01  9.96634e-01  -9.40718e-04  9.94752e-01  9.97575e-01
4.19926e+01  9.99011e-01  9.97002e-01  -7.76809e-04  9.95449e-01  9.97779e-01
4.20973e+01  1.00147e+00  9.97400e-01  -6.05886e-04  9.96188e-01  9.98006e-01
4.22021e+01  1.00390e+00  9.97822e-01  -4.29831e-04  9.96962e-01  9.98252e-01
4.23068e+01  1.00627e+00  9.98264e-01  -2.50574e-04  9.97763e-01  9.98514e-01
4.24115e+01  1.00856e+00  9.98721e-01  -7.00709e-05  9.98581e-01  9.98791e-01
4.25162e+01  1.01074e+00  9.99188e-01  1.09715e-04  9.99407e-01  9.99078e-01
4.26209e+01  1.01278e+00  9.99659e-01  2.86835e-04  1.00023e+00  9.99373e-01
4.27257e+01  1.01466e+00  1.00013e+00  4.59377e-04  1.00105e+00  9.99672e-01
4.28304e+01  1.01636e+00  1.00060e+00  6.25482e-04  1.00185e+00  9.99972e-01
4.29351e+01  1.01787e+00  1.00105e+00  7.83370e-04  1.00262e+00  1.00027e+00
4.30398e+01  1.01915e+00  1.00149e+00  9.31358e-04  1.00336e+00  1.00056e+00
4.31445e+01  1.02021e+00  1.00191e+00  1.06788e-03  1.00405e+00  1.00085e+00
4.32493e+01  1.02102e+00  1.00231e+00  1.19150e-03  1.00469e+00  1.00112e+00
4.33540e+01  1.02159e+00  1.00268e+00  1.30093e-03  1.00528e+00  1.00138e+00
4.34587e+01  1.02190e+00  1.00302e+00  1.39507e-03  1.00581e+00  1.00162e+00
4.35634e+01  1.02195e+00  1.00332e+00  1.47297e-03  1.00626e+00  1.00184e+00
4.36681e+01  1.02175e+00  1.00358e+00  1.53390e-03  1.00665e+00  1.00204e+00
4.37729e+01  1.02131e+00  1.00380e+00  1.57729e-03  1.00695e+00  1.00222e+00
4.38776e+01  1.02061e+00  1.00398e+00  1.60282e-03  1.00718e+00  1.00237e+00
4.39823e+01  1.01969e+00  1.00411e+00  1.61033e-03  1.00733e+00  1.00250e+00
4.40870e+01  1.01856e+00  1.00420e+00  1.59992e-03  1.00740e+00  1.00260e+00
4.41917e+01  1.01722e+00  1.00424e+00  1.57185e-03  1.00738e+00  1.00266e+00
4.42965e+01  1.01569e+00  1.00423e+00  1.52660e-03  1.00728e+00  1.00270e+00
4.44012e+01  1.01401e+00  1.00418e+00  1.46486e-03  1.00711e+00  1.00271e+00
4.45059e+01  1.01218e+00  1.00408e+00  1.38748e-03  1.00686e+00  1.00269e+00
4.46106e+01  1.01024e+00  1.00394e+00  1.29548e-03  1.00653e+00  1.00265e+00
4.47153e+01  1.00820e+00  1.00376e+00  1.19006e-03  1.00614e+00  1.00257e+00
4.48201e+01  1.00610e+00  1.00354e+00  1.07253e-03  1.00568e+00  1.00247e+00
4.49248e+01  1.00395e+00  1.00328e+00  9.44344e-04  1.00517e+00  1.00234e+00
4.50295e+01  1.00178e+00  1.00299e+00  8.07048e-04  1.00461e+00  1.00218e+00
4.51342e+01  9.99617e-01  1.00267e+00  6.62274e-04  1.00400e+00  1.00201e+00
4.52389e+01  9.97484e-01  1.00232e+00  5.11717e-04  1.00335e+00  1.00181e+00
4.53437e+01  9.95404e-01  1.00196e+00  3.57113e-04  1.00267e+00  1.00160e+00
4.54484e+01  9.93398e-01  1.00157e+00  2.00217e-04  1.00197e+00  1.00137e+00
4.55531e+01  9.91489e-01  1.00117e+00  4.27842e-05  1.00126e+00  1.00113e+00
4.56578e+01  9.89695e-01  1.00076e+00  -1.13448e-04  1.00054e+00  1.00088e+00
4.57625e+01  9.88034e-01  1.00035e+00  -2.66784e-04  9.99817e-01  1.00062e+00
4.58673e+01  9.86522e-01  9.99937e-01  -4.15582e-04  9.99106e-01  1.00035e+00
4.59720e+01  9.85174e-01  9.99529e-01  -5.58278e-04  9.98413e-01  1.00009e+00
4.60767e+01  9.84001e-01  9.99130e-01  -6.93393e-04  9.97743e-01  9.99823e-01
4.61814e+01  9.83015e-01  9.98743e-01  -8.19555e-04  9.97104e-01  9.99563e-01
4.62861e+01  9.82223e-01  9.98374e-01  -9.35504e-04  9.96503e-01  9.99309e-01
4.63909e+01  9.81632e-01  9.98025e-01  -1.04011e-03  9.95945e-01  9.99065e-01
4.64956e+01  9.81247e-01  9.97701e-01  -1.13238e-03  9.95436e-01  9.98833e-01
4.66003e+01  9.81068e-01  9.97404e-01  -1.21146e-03  9.94981e-01  9.98616e-01
4.67050e+01  9.81097e-01  9.97138e-01  -1.27664e-03  9.94584e-01  9.98414e-01
4.68097e+01  9.81332e-01  9.96904e-01  -1.32739e-03  9.94250e-01  9.98232e-01
4.69145e+01  9.81768e-01  9.96706e-01  -1.36331e-03  9.93980e-01  9.98069e-01
4.70192e+01  9.82399e-01  9.96545e-01  -1.38416e-03  9.93777e-01  9.97929e-01
4.71239e+01  9.83217e-01  9.96422e-01  -1.38988e-03  9.93642e-01  9.97812e-01
4.72286e+01  9.84213e-01  9.96339e-01  -1.38055e-03  9.93577e-01  9.97719e-01
4.73333e+01  9.85376e-01  9.96295e-01  -1.35641e-03  9.93582e-01  9.97651e-01
4.74380e+01  9.86692e-01  9.96291e-01  -1.31785e-03  9.93656e-01  9.97609e-01
4.75428e+01  9.88145e-01  9.96328e-01  -1.26540e-03  9.93797e-01  9.97593e-01
4.76475e+01  9.89721e-01  9.96403e-01  -1.19974e-03  9.94004e-01  9.97603e-01
4.77522e+01  9.91402e-01  9.96516e-01  -1.12168e-03  9.94273e-01  9.97638e-01
4.78569e+01  9.93169e-01  9.96666e-01  -1.03214e-03  9.94602e-01  9.97698e-01
4.79616e+01  9.95002e-01  9.96851e-01  -9.32164e-04  9.94986e-01  9.97783e-01
4.80664e+01  9.96881e-01  9.97068e-01  -8.22897e-04  9.95422e-01  9.97890e-01
4.81711e+01  9.98786e-01  9.97314e-01  -7.05575e-04  9.95903e-01  9.98020e-01
4.82758e+01  1.00069e+00  9.97588e-01  -5.81510e-04  9.96425e-01  9.98170e-01
4.83805e+01  1.00258e+00  9.97886e-01  -4.52078e-04  9.96982e-01  9.98338e-01
4.84852e+01  1.00444e+00  9.98204e-01  -3.18709e-04  9.97567e-01  9.98523e-01
4.85900e+01  1.00623e+00  9.98539e-01  -1.82866e-04  9.98174e-01  9.98722e-01
4.86947e+01  1.00794e+00  9.98888e-01  -4.60328e-05  9.98796e-01  9.98934e-01
4.87994e+01  1.00955e+00  9.99246e-01  9.02996e-05  9.99427e-01  9.99156e-01
4.89041e+01  1.01105e+00  9.99610e-01  2.24653e-04  1.00006e+00  9.99385e-01
4.90088e+01  1.01241e+00  9.99975e-01  3.55574e-04  1.00069e+00  9.99619e-01
4.91136e+01  1.01362e+00  1.00034e+00  4.81654e-04  1.00130e+00  9.99856e-01
4.92183e+01  1.01467e+00  1.00069e+00  6.01540e-04  1.00190e+00  1.00009e+00
4.93230e+01  1.01555e+00  1.00104e+00  7.13953e-04  1.00247e+00  1.00033e+00
4.94277e+01  1.01624e+00  1.00137e+00  8.17702e-04  1.00301e+00  1.00056e+00
4.95324e+01  1.01674e+00  1.00169e+00  9.11697e-04  1.00351e+00  1.00078e+00
4.96372e+01  1.01704e+00  1.00198e+00  9.94959e-04  1.00397e+00  1.00099e+00
4.97419e+01  1.01715e+00  1.00226e+00  1.06664e-03  1.00439e+00  1.00119e+00
4.98466e+01  1.01705e+00  1.00250e+00  1.12601e-03  1.00475e+00  1.00137e+00
4.99513e+01  1.01677e+00  1.00272e+00  1.17250e-03  1.00506e+00  1.00154e+00
5.00560e+01  1.01629e+00  1.00290e+00  1.20569e-03  1.00531e+00  1.00170e+00
5.01608e+01  1.01563e+00  1.00305e+00  1.22530e-03  1.00550e+00  1.00183e+00
5.02655e+01  1.01480e+00  1.00317e+00  1.23121e-03  1.00563e+00  1.00194e+00
5.03702e+01  1.01381e+00  1.00325e+00  1.22346e-03  1.00570e+00  1.00203e+00
5.04749e+01  1.01266e+00  1.00330e+00  1.20224e-03  1.00571e+00  1.00210e+00
5.05796e+01  1.01139e+00  1.00331e+00  1.16790e-03  1.00565e+00  1.00214e+00
5.06844e+01  1.00999e+00  1.00329e+00  1.12094e-03  1.00553e+00  1.00216e+00
5.07891e+01  1.00850e+00  1.00322e+00  1.06198e-03  1.00535e+00  1.00216e+00
5.08938e+01  1.00693e+00  1.00313e+00  9.91795e-04  1.00511e+00  1.00214e+00
5.09985e+01  1.00529e+00  1.00300e+00  9.11260e-04  1.00482e+00  1.00209e+00
5.11032e+01  1.00361e+00  1.00284e+00  8.21372e-04  1.00448e+00  1.00202e+00
5.12080e+01  1.00190e+00  1.00265e+00  7.23216e-04  1.00410e+00  1.00193e+00
5.13127e+01  1.00019e+00  1.00243e+00  6.17964e-04  1.00367e+00  1.00181e+00
5.14174e+01  9.98498e-01  1.00219e+00  5.06852e-04  1.00320e+00  1.00168e+00
5.15221e+01  9.96837e-01  1.00193e+00  3.91169e-04  1.00271e+00  1.00153e+00
5.16268e+01  9.95227e-01  1.00164e+00  2.72237e-04  1.00219e+00  1.00137e+00
5.17316e+01  9.93685e-01  1.00135e+00  1.51403e-04  1.00165e+00  1.00119e+00
5.18363e+01  9.92228e-01  1.00104e+00  3.00151e-05  1.00110e+00  1.00101e+00
5.19410e+01  9.90871e-01  1.00072e+00  -9.05877e-05  1.00054e+00  1.00081e+00
5.20457e+01  9.89626e-01  1.00039e+00  -2.09092e-04  9.99974e-01  1.00060e+00
5.21504e+01  9.88507e-01  1.00007e+00  -3.24224e-04  9.99418e-01  1.00039e+00
5.22552e+01  9.87524e-01  9.99743e-01  -4.34762e-04  9.98873e-01  1.00018e+00
5.23599e+01  9.86686e-01  9.99424e-01  -5.39550e-04  9.98345e-01  9.99964e-01
5.24646e+01  9.86001e-01  9.99114e-01  -6.37509e-04  9.97839e-01  9.99752e-01
5.25693e+01  9.85475e-01  9.98816e-01  -7.27647e-04  9.97361e-01  9.99544e-01
5.26740e+01  9.85112e-01  9.98533e-01  -8.09066e-04  9.96915e-01  9.99342e-01
5.27788e+01  9.84914e-01  9.98268e-01  -8.80973e-04  9.96506e-01  9.99149e-01
5.28835e+01  9.84883e-01  9.98023e-01  -9.42687e-04  9.96138e-01  9.98966e-01
5.29882e+01  9.85017e-01  9.97802e-01  -9.93641e-04  9.95815e-01  9.98796e-01
5.30929e+01  9.85314e-01  9.97606e-01  -1.03339e-03  9.95539e-01  9.98639e-01
5.31976e+01  9.85770e-01  9.97437e-01  -1.06160e-03  9.95314e-01  9.98499e-01
5.33024e+01  9.86379e-01  9.97297e-01  -1.07809e-03  9.95141e-01  9.98375e-01
5.34071e+01  9.87134e-01  9.97187e-01  -1.08277e-03  9.95021e-01  9.98269e-01
5.35118e+01  9.88026e-01  9.97107e-01  -1.07570e-03  9.94956e-01  9.98183e-01
5.36165e+01  9.89044e-01  9.97060e-01  -1.05704e-03  9.94946e-01  9.98117e-01
5.37212e+01  9.90178e-01  9.97044e-01  -1.02710e-03  9.94990e-01  9.98071e-01
5.38260e+01  9.91414e-01  9.97060e-01  -9.86271e-04  9.95088e-01  9.98047e-01
5.39307e+01  9.92739e-01  9.97108e-01  -9.35083e-04  9.95238e-01  9.98043e-01
5.40354e+01  9.94139e-01  9.97186e-01  -8.74156e-04  9.95438e-01  9.98061e-01
5.41401e+01  9.95596e-01  9.97294e-01  -8.04211e-04  9.95686e-01  9.98099e-01
5.42448e+01  9.97096e-01  9.97431e-01  -7.26060e-04  9.95979e-01  9.98157e-01
5.43496e+01  9.98621e-01  9.97594e-01  -6.40595e-04  9.96313e-01  9.98235e-01
5.44543e+01  1.00015e+00  9.97782e-01  -5.48783e-04  9.96685e-01  9.98331e-01
5.45590e+01  1.00168e+00  9.97993e-01  -4.51650e-04  9.97090e-01  9.98444e-01
5.46637e+01  1.00318e+00  9.98224e-01  -3.50276e-04  9.97523e-01  9.98574e-01
5.47684e+01  1.00464e+00  9.98472e-01  -2.45780e-04  9.97981e-01  9.98718e-01
5.48732e+01  1.00603e+00  9.98736e-01  -1.39310e-04  9.98457e-01  9.98875e-01
5.49779e+01  1.00736e+00  9.99011e-01  -3.20310e-05  9.98947e-01  9.99043e-01
5.50826e+01  1.00859e+00  9.99296e-01  7.48882e-05  9.99445e-01  9.99221e-01
5.51873e+01  1.00972e+00  9.99586e-01  1.80287e-04  9.99946e-01  9.99406e-01
5.52920e+01  1.01073e+00  9.99879e-01  2.83024e-04  1.00044e+00  9.99596e-01
5.53968e+01  1.01162e+00  1.00017e+00  3.81994e-04  1.00094e+00  9.99789e-01
5.55015e+01  1.01237e+00  1.00046e+00  4.76133e-04  1.00141e+00  9.99984e-01
5.56062e+01  1.01297e+00  1.00074e+00  5.64436e-04  1.00187e+00  1.00018e+00
5.57109e+01  1.01342e+00  1.00101e+00  6.45967e-04  1.00231e+00  1.00037e+00
5.58156e+01  1.01372e+00  1.00127e+00  7.19866e-04  1.00271e+00  1.00055e+00
5.59203e+01  1.01385e+00  1.00152e+00  7.85362e-04  1.00309e+00  1.00073e+00
5.60251e+01  1.01383e+00  1.00174e+00  8.41782e-04  1.00343e+00  1.00090e+00
5.61298e+01  1.01365e+00  1.00195e+00  8.88556e-04  1.00373e+00  1.00106e+00
5.62345e+01  1.01332e+00  1.00213e+00  9.25225e-04  1.00398e+00  1.00121e+00
5.63392e+01  1.01283e+00  1.00229e+00  9.51446e-04  1.00419e+00  1.00134e+00
5.64439e+01  1.01221e+00  1.00242e+00  9.66996e-04  1.00436e+00  1.00146e+00
5.65487e+01  1.01145e+00  1.00253e+00  9.71771e-04  1.00447e+00  1.00156e+00
5.66534e+01  1.01056e+00  1.00261e+00  9.65793e-04  1.00454e+00  1.00164e+00
5.67581e+01  1.00957e+00  1.00266e+00  9.49203e-04  1.00456e+00  1.00171e+00
5.68628e+01  1.00847e+00  1.00268e+00  9.22260e-04  1.00452e+00  1.00176e+00
5.69675e+01  1.00728e+00  1.00267e+00  8.85341e-04  1.00444e+00  1.00178e+00
5.70723e+01  1.00602e+00  1.00263e+00  8.38932e-04  1.00431e+00  1.00179e+00
5.71770e+01  1.00471e+00  1.00256e+00  7.83622e-04  1.00413e+00  1.00178e+00
5.72817e+01  1.00335e+00  1.00247e+00  7.20094e-04  1.00391e+00  1.00175e+00
5.73864e+01  1.00197e+00  1.00235e+00  6.49122e-04  1.00365e+00  1.00170e+00
5.74911e+01  1.00058e+00  1.00220e+00  5.71553e-04  1.00335e+00  1.00163e+00
5.75959e+01  9.99188e-01  1.00204e+00  4.88301e-04  1.00301e+00  1.00155e+00
5.77006e+01  9.97821e-01  1.00185e+00  4.00337e-04  1.00265e+00  1.00145e+00
5.78053e+01  9.96489e-01  1.00164e+00  3.08674e-04  1.00226e+00  1.00133e+00
5.79100e+01  9.95207e-01  1.00142e+00  2.14354e-04  1.00185e+00  1.00120e+00
5.80147e+01  9.93989e-01  1.00118e+00  1.18441e-04  1.00142e+00  1.00106e+00
5.81195e+01  9.92847e-01  1.00093e+00  2.20040e-05  1.00098e+00  1.00091e+00
5.82242e+01  9.91794e-01  1.00067e+00  -7.38941e-05  1.00053e+00  1.00075e+00
5.83289e+01  9.90839e-01  1.00041e+00  -1.68207e-04  1.00008e+00  1.00058e+00
5.84336e+01  9.89992e-01  1.00015e+00  -2.59917e-04  9.99628e-01  1.00041e+00
5.85383e+01  9.89262e-01  9.99882e-01  -3.48046e-04  9.99186e-01  1.00023e+00
5.86431e+01  9.88655e-01  9.99621e-01  -4.31666e-04  9.98757e-01  1.00005e+00
5.87478e+01  9.88177e-01  9.99364e-01  -5.09907e-04  9.98345e-01  9.99874e-01
5.88525e+01  9.87833e-01  9.99117e-01  -5.81967e-04  9.97953e-01  9.99699e-01
5.89572e+01  9.87624e-01  9.98881e-01  -6.47120e-04  9.97586e-01  9.99528e-01
5.90619e+01  9.87552e-01  9.98658e-01  -7.04720e-04  9.97249e-01  9.99363e-01
5.91667e+01  9.87617e-01  9.98451e-01  -7.54208e-04  9.96943e-01  9.99205e-01
5.92714e+01  9.87818e-01  9.98262e-01  -7.95120e-04  9.96672e-01  9.99058e-01
5.93761e+01  9.88152e-01  9.98094e-01  -8.27086e-04  9.96439e-01  9.98921e-01
5.94808e+01  9.88614e-01  9.97946e-01  -8.49833e-04  9.96247e-01  9.98796e-01
5.95855e+01  9.89199e-01  9.97822e-01  -8.63191e-04  9.96096e-01  9.98685e-01
5.96903e+01  9.89900e-01  9.97722e-01  -8.67090e-04  9.95988e-01  9.98589e-01
5.97950e+01  9.90709e-01  9.97647e-01  -8.61559e-04  9.95924e-01  9.98509e-01
5.98997e+01  9.91616e-01  9.97598e-01  -8.46728e-04  9.95905e-01  9.98445e-01
6.00044e+01  9.92612e-01  9.97575e-01  -8.22823e-04  9.95929e-01  9.98398e-01
6.01091e+01  9.93685e-01  9.97578e-01  -7.90165e-04  9.95998e-01  9.98368e-01
6.02139e+01  9.94824e-01  9.97607e-01  -7.49165e-04  9.96109e-01  9.98357e-01
6.03186e+01  9.96016e-01  9.97662e-01  -7.00317e-04  9.96262e-01  9.98363e-01
6.04233e+01  9.97246e-01  9.97742e-01  -6.44199e-04  9.96453e-01  9.98386e-01
6.05280e+01  9.98503e-01  9.97845e-01  -5.81458e-04  9.96682e-01  9.98427e-01
6.06327e+01  9.99771e-01  9.97971e-01  -5.12812e-04  9.96946e-01  9.98484e-01
6.07375e+01  1.00104e+00  9.98119e-01  -4.39033e-04  9.97241e-01  9.98558e-01
6.08422e+01  1.00229e+00  9.98285e-01  -3.60948e-04  9.97563e-01  9.98646e-01
6.09469e+01  1.00350e+00  9.98469e-01  -2.79425e-04  9.97911e-01  9.98749e-01
6.10516e+01  1.00468e+00  9.98669e-01  -1.95363e-04  9.98278e-01  9.98864e-01
6.11563e+01  1.00579e+00  9.98882e-01  -1.09688e-04  9.98663e-01  9.98992e-01
6.12611e+01  1.00684e+00  9.99106e-01  -2.33360e-05  9.99059e-01  9.99129e-01
6.13658e+01  1.00780e+00  9.99338e-01  6.27505e-05  9.99464e-01  9.99275e-01
6.14705e+01  1.00867e+00  9.99576e-01  1.47636e-04  9.99871e-01  9.99428e-01
6.15752e+01  1.00944e+00  9.99817e-01  2.30402e-04  1.00028e+00  9.99587e-01
6.16799e+01  1.01010e+00  1.00006e+00  3.10156e-04  1.00068e+00  9.99749e-01
6.17847e+01  1.01064e+00  1.00030e+00  3.86041e-04  1.00107e+00  9.99913e-01
6.18894e+01  1.01106e+00  1.00054e+00  4.57245e-04  1.00145e+00  1.00008e+00
6.19941e+01  1.01134e+00  1.00076e+00  5.23012e-04  1.00181e+00  1.00024e+00
6.20988e+01  1.01150e+00  1.00098e+00  5.82647e-04  1.00215e+00  1.00040e+00
6.22035e+01  1.01153e+00  1.00119e+00  6.35527e-04  1.00246e+00  1.00055e+00
6.23083e+01  1.01142e+00  1.00138e+00  6.81104e-04  1.00274e+00  1.00070e+00
6.24130e+01  1.01119e+00  1.00156e+00  7.18917e-04  1.00300e+00  1.00084e+00
6.25177e+01  1.01083e+00  1.00172e+00  7.48590e-04  1.00322e+00  1.00097e+00
6.26224e+01  1.01035e+00  1.00186e+00  7.69841e-04  1.00340e+00  1.00109e+00
6.27271e+01  1.00975e+00  1.00198e+00  7.82486e-04  1.00354e+00  1.00119e+00
6.28319e+01  1.00905e+00  1.00207e+00  7.86434e-04  1.00365e+00  1.00129e+00
6.29366e+01  1.00825e+00  1.00215e+00  7.81695e-04  1.00371e+00  1.00137e+00
6.30413e+01  1.00736e+00  1.00220e+00  7.68376e-04  1.00373e+00  1.00143e+00
6.31460e+01  1.00640e+00  1.00222e+00  7.46680e-04  1.00372e+00  1.00148e+00
6.32507e+01  1.00537e+00  1.00222e+00  7.16902e-04  1.00366e+00  1.00151e+00
6.33555e+01  1.00428e+00  1.00220e+00  6.79426e-04  1.00356e+00  1.00152e+00
6.34602e+01  1.00316e+00  1.00215e+00  6.34722e-04  1.00342e+00  1.00152e+00
6.35649e+01  1.00201e+00  1.00209e+00  5.83335e-04  1.00325e+00  1.00150e+00
6.36696e+01  1.00084e+00  1.00199e+00  5.25881e-04  1.00305e+00  1.00147e+00
6.37743e+01  9.99677e-01  1.00188e+00  4.63042e-04  1.00281e+00  1.00142e+00
6.38791e+01  9.98524e-01  1.00175e+00  3.95553e-04  1.00254e+00  1.00135e+00
6.39838e+01  9.97395e-01  1.00160e+00  3.24192e-04  1.00225e+00  1.00127e+00
6.40885e+01  9.96303e-01  1.00143e+00  2.49779e-04  1.00193e+00  1.00118e+00
6.41932e+01  9.95260e-01  1.00125e+00  1.73157e-04  1.00160e+00  1.00108e+00
6.42979e+01  9.94277e-01  1.00105e+00  9.51861e-05  1.00125e+00  1.00096e+00
6.44026e+01  9.93364e-01  1.00085e+00  1.67345e-05  1.00088e+00  1.00083e+00
6.45074e+01  9.92531e-01  1.00064e+00  -6.13328e-05  1.00052e+00  1.00070e+00
6.46121e+01  9.91785e-01  1.00042e+00  -1.38163e-04  1.00014e+00  1.00056e+00
6.47168e+01  9.91136e-01  1.00020e+00  -2.12926e-04  9.99773e-01  1.00041e+00
6.48215e+01  9.90588e-01  9.99977e-01  -2.84820e-04  9.99408e-01  1.00026e+00
6.49262e+01  9.90147e-01  9.99757e-01  -3.53084e-04  9.99051e-01  1.00011e+00
6.50310e+01  9.89818e-01  9.99540e-01  -4.17004e-04  9.98706e-01  9.99957e-01
6.51357e+01  9.89602e-01  9.99330e-01  -4.75918e-04  9.98378e-01  9.99806e-01
6.52404e+01  9.89503e-01  9.99128e-01  -5.29226e-04  9.98070e-01  9.99657e-01
6.53451e+01  9.89519e-01  9.98937e-01  -5.76392e-04  9.97784e-01  9.99513e-01
6.54498e+01  9.89651e-01  9.98758e-01  -6.16954e-04  9.97524e-01  9.99375e-01
6.55546e+01  9.89896e-01  9.98594e-01  -6.50522e-04  9.97293e-01  9.99244e-01
6.56593e+01  9.90251e-01  9.98445e-01  -6.76785e-04  9.97092e-01  9.99122e-01
6.57640e+01  9.90712e-01  9.98315e-01  -6.95514e-04  9.96924e-01  9.99010e-01
6.58687e+01  9.91273e-01  9.98203e-01  -7.06560e-04  9.96790e-01  9.98910e-01
6.59734e+01  9.91929e-01  9.98111e-01  -7.09859e-04  9.96691e-01  9.98821e-01
6.60782e+01  9.92671e-01  9.98040e-01  -7.05428e-04  9.96629e-01  9.98746e-01
6.61829e+01  9.93491e-01  9.97991e-01  -6.93368e-04  9.96604e-01  9.98684e-01
6.62876e+01  9.94379e-01  9.97963e-01  -6.73858e-04  9.96615e-01  9.98637e-01
6.63923e+01  9.95327e-01  9.97958e-01  -6.47156e-04  9.96663e-01  9.98605e-01
6.64970e+01  9.96323e-01  9.97974e-01  -6.13596e-04  9.96747e-01  9.98588e-01
6.66018e+01  9.97357e-01  9.98012e-01  -5.73579e-04  9.96865e-01  9.98586e-01
6.67065e+01  9.98416e-01  9.98072e-01  -5.27577e-04  9.97017e-01  9.98599e-01
6.68112e+01  9.99489e-01  9.98152e-01  -4.76119e-04  9.97199e-01  9.98628e-01
6.69159e+01  1.00056e+00  9.98251e-01  -4.19791e-04  9.97412e-01  9.98671e-01
6.70206e+01  1.00163e+00  9.98369e-01  -3.59228e-04  9.97650e-01  9.98728e-01
6.71254e+01  1.00267e+00  9.98504e-01  -2.95108e-04  9.97914e-01  9.98799e-01
6.72301e+01  1.00368e+00  9.98654e-01  -2.28143e-04  9.98198e-01  9.98882e-01
6.73348e+01  1.00464e+00  9.98818e-01  -1.59072e-04  9.98500e-01  9.98977e-01
6.74395e+01  1.00555e+00  9.98994e-01  -8.86544e-05  9.98817e-01  9.99083e-01
6.75442e+01  1.00639e+00  9.99180e-01  -1.76625e-05  9.99145e-01  9.99198e-01
6.76490e+01  1.00716e+00  9.99374e-01  5.31299e-05  9.99480e-01  9.99321e-01
6.77537e+01  1.00784e+00  9.99574e-01  1.22953e-04  9.99820e-01  9.99451e-01
6.78584e+01  1.00843e+00  9.99777e-01  1.91051e-04  1.00016e+00  9.99586e-01
6.79631e+01  1.00892e+00  9.99982e-01  2.56687e-04  1.00050e+00  9.99725e-01
6.80678e+01  1.00931e+00  1.00019e+00  3.19158e-04  1.00082e+00  9.99867e-01
6.81726e+01  1.00959e+00  1.00039e+00  3.77793e-04  1.00114e+00  1.00001e+00
6.82773e+01  1.00977e+00  1.00058e+00  4.31968e-04  1.00145e+00  1.00015e+00
6.83820e+01  1.00982e+00  1.00077e+00  4.81111e-04  1.00173e+00  1.00029e+00
6.84867e+01  1.00977e+00  1.00095e+00  5.24705e-04  1.00200e+00  1.00043e+00
6.85914e+01  1.00961e+00  1.00112e+00  5.62299e-04  1.00224e+00  1.00056e+00
6.86962e+01  1.00934e+00  1.00127e+00  5.93508e-04  1.00246e+00  1.00068e+00
6.88009e+01  1.00896e+00  1.00142e+00  6.18021e-04  1.00265e+00  1.00080e+00
6.89056e+01  1.00849e+00  1.00154e+00  6.35603e-04  1.00281e+00  1.00090e+00
6.90103e+01  1.00792e+00  1.00165e+00  6.46095e-04  1.00294e+00  1.00100e+00
6.91150e+01  1.00727e+00  1.00174e+00  6.49421e-04  1.00304e+00  1.00109e+00
6.92198e+01  1.00653e+00  1.00181e+00  6.45583e-04  1.00310e+00  1.00116e+00
6.93245e+01  1.00573e+00  1.00186e+00  6.34664e-04  1.00313e+00  1.00122e+00
6.94292e+01  1.00487e+00  1.00189e+00  6.16827e-04  1.00312e+00  1.00127e+00
6.95339e+01  1.00396e+00  1.00189e+00  5.92309e-04  1.00308e+00  1.00130e+00
6.96386e+01  1.00301e+00  1.00188e+00  5.61422e-04  1.00301e+00  1.00132e+00
6.97434e+01  1.00203e+00  1.00185e+00  5.24548e-04  1.00290e+00  1.00133e+00
6.98481e+01  1.00104e+00  1.00180e+00  4.82132e-04  1.00276e+00  1.00132e+00
6.99528e+01  1.00004e+00  1.00173e+00  4.34679e-04  1.00260e+00  1.00129e+00
7.00575e+01  9.99043e-01  1.00164e+00  3.82746e-04  1.00240e+00  1.00125e+00
7.01622e+01  9.98066e-01  1.00153e+00  3.26937e-04  1.00218e+00  1.00120e+00
7.02670e+01  9.97117e-01  1.00141e+00  2.67893e-04  1.00194e+00  1.00114e+00
7.03717e+01  9.96206e-01  1.00127e+00  2.06289e-04  1.00168e+00  1.00106e+00
7.04764e+01  9.95343e-01  1.00112e+00  1.42819e-04  1.00140e+00  1.00098e+00
7.05811e+01  9.94537e-01  1.00096e+00  7.81954e-05  1.00111e+00  1.00088e+00
7.06858e+01  9.93796e-01  1.00079e+00  1.31368e-05  1.00081e+00  1.00077e+00
7.07906e+01  9.93128e-01  1.00061e+00  -5.16400e-05  1.00050e+00  1.00066e+00
7.08953e+01  9.92539e-01  1.00042e+00  -1.15427e-04  1.00019e+00  1.00054e+00
7.10000e+01  9.92037e-01  1.00023e+00  -1.77533e-04  9.99879e-01  1.00041e+00
7.11047e+01  9.91625e-01  1.00004e+00  -2.37290e-04  9.99569e-01  1.00028e+00
7.12094e+01  9.91308e-01  9.99855e-01  -2.94064e-04  9.99266e-01  1.00015e+00
7.13142e+01  9.91089e-01  9.99668e-01  -3.47257e-04  9.98973e-01  1.00001e+00
7.14189e+01  9.90969e-01  9.99486e-01  -3.96314e-04  9.98693e-01  9.99882e-01
7.15236e+01  9.90949e-01  9.99310e-01  -4.40732e-04  9.98428e-01  9.99750e-01
7.16283e+01  9.91029e-01  9.99142e-01  -4.80060e-04  9.98182e-01  9.99622e-01
7.17330e+01  9.91208e-01  9.98985e-01  -5.13907e-04  9.97957e-01  9.99499e-01
7.18378e+01  9.91483e-01  9.98839e-01  -5.41944e-04  9.97756e-01  9.99381e-01
7.19425e+01  9.91851e-01  9.98707e-01  -5.63907e-04  9.97579e-01  9.99271e-01
7.20472e+01  9.92308e-01  9.98589e-01  -5.79597e-04  9.97430e-01  9.99169e-01
7.21519e+01  9.92848e-01  9.98487e-01  -5.88888e-04  9.97310e-01  9.99076e-01
7.22566e+01  9.93465e-01  9.98402e-01  -5.91719e-04  9.97219e-01  9.98994e-01
7.23614e+01  9.94152e-01  9.98335e-01  -5.88100e-04  9.97159e-01  9.98923e-01
7.24661e+01  9.94902e-01  9.98286e-01  -5.78112e-04  9.97129e-01  9.98864e-01
7.25708e+01  9.95706e-01  9.98255e-01  -5.61899e-04  9.97131e-01  9.98817e-01
7.26755e+01  9.96555e-01  9.98243e-01  -5.39674e-04  9.97164e-01  9.98783e-01
7.27802e+01  9.97439e-01  9.98251e-01  -5.11712e-04  9.97227e-01  9.98763e-01
7.28849e+01  9.98349e-01  9.98277e-01  -4.78346e-04  9.97320e-01  9.98755e-01
7.29897e+01  9.99275e-01  9.98322e-01  -4.39966e-04  9.97442e-01  9.98762e-01
7.30944e+01  1.00021e+00  9.98384e-01  -3.97015e-04  9.97590e-01  9.98781e-01
7.31991e+01  1.00113e+00  9.98464e-01  -3.49979e-04  9.97764e-01  9.98814e-01
7.33038e+01  1.00204e+00  9.98560e-01  -2.99390e-04  9.97961e-01  9.98860e-01
7.34085e+01  1.00293e+00  9.98671e-01  -2.45811e-04  9.98180e-01  9.98917e-01
7.35133e+01  1.00377e+00  9.98796e-01  -1.89838e-04  9.98416e-01  9.98986e-01
7.36180e+01  1.00458e+00  9.98934e-01  -1.32089e-04  9.98669e-01  9.99066e-01
7.37227e+01  1.00533e+00  9.99082e-01  -7.31994e-05  9.98935e-01  9.99155e-01
7.38274e+01  1.00601e+00  9.99239e-01  -1.38141e-05  9.99212e-01  9.99253e-01
7.39321e+01  1.00663e+00  9.99405e-01  4.54186e-05  9.99495e-01  9.99359e-01
7.40369e+01  1.00717e+00  9.99576e-01  1.03855e-04  9.99783e-01  9.99472e-01
7.41416e+01  1.00762e+00  9.99750e-01  1.60861e-04  1.00007e+00  9.99589e-01
7.42463e+01  1.00799e+00  9.99927e-01  2.15820e-04  1.00036e+00  9.99711e-01
7.43510e+01  1.00827e+00  1.00010e+00  2.68142e-04  1.00064e+00  9.99836e-01
7.44557e+01  1.00845e+00  1.00028e+00  3.17266e-04  1.00091e+00  9.99961e-01
7.45605e+01  1.00853e+00  1.00045e+00  3.62668e-04  1.00117e+00  1.00009e+00
7.46652e+01  1.00852e+00  1.00062e+00  4.03866e-04  1.00142e+00  1.00021e+00
7.47699e+01  1.00841e+00  1.00077e+00  4.40428e-04  1.00165e+00  1.00033e+00
7.48746e+01  1.00821e+00  1.00092e+00  4.71972e-04  1.00187e+00  1.00045e+00
7.49793e+01  1.00791e+00  1.00106e+00  4.98175e-04  1.00206e+00  1.00056e+00
7.50841e+01  1.00753e+00  1.00119e+00  5.18773e-04  1.00222e+00  1.00067e+00
7.51888e+01  1.00706e+00  1.00130e+00  5.33567e-04  1.00237e+00  1.00077e+00
7.52935e+01  1.00652e+00  1.00140e+00  5.42421e-04  1.00248e+00  1.00086e+00
7.53982e+01  1.00590e+00  1.00148e+00  5.45267e-04  1.00257e+00  1.00094e+00
7.55029e+01  1.00522e+00  1.00155e+00  5.42105e-04  1.00263e+00  1.00101e+00
7.56077e+01  1.00449e+00  1.00160e+00  5.33001e-04  1.00266e+00  1.00106e+00
7.57124e+01  1.00371e+00  1.00163e+00  5.18085e-04  1.00266e+00  1.00111e+00
7.58171e+01  1.00289e+00  1.00164e+00  4.97556e-04  1.00264e+00  1.00115e+00
7.59218e+01  1.00205e+00  1.00164e+00  4.71670e-04  1.00258e+00  1.00117e+00
7.60265e+01  1.00118e+00  1.00162e+00  4.40743e-04  1.00250e+00  1.00118e+00
7.61313e+01  1.00031e+00  1.00158e+00  4.05147e-04  1.00239e+00  1.00117e+00
7.62360e+01  9.99439e-01  1.00152e+00  3.65301e-04  1.00225e+00  1.00116e+00
7.63407e+01  9.98579e-01  1.00145e+00  3.21671e-04  1.00209e+00  1.00113e+00
7.64454e+01  9.97740e-01  1.00136e+00  2.74761e-04  1.00191e+00  1.00109e+00
7.65501e+01  9.96930e-01  1.00126e+00  2.25107e-04  1.00171e+00  1.00103e+00
7.66549e+01  9.96159e-01  1.00114e+00  1.73275e-04  1.00149e+00  1.00097e+00
7.67596e+01  9.95435e-01  1.00102e+00  1.19848e-04  1.00126e+00  1.00090e+00
7.68643e+01  9.94765e-01  1.00088e+00  6.54245e-05  1.00101e+00  1.00081e+00
7.69690e+01  9.94157e-01  1.00073e+00  1.06078e-05  1.00075e+00  1.00072e+00
7.70737e+01  9.93617e-01  1.00058e+00  -4.39974e-05  1.00049e+00  1.00062e+00
7.71785e+01  9.93149e-01  1.00042e+00  -9.77940e-05  1.00022e+00  1.00052e+00
7.72832e+01  9.92760e-01  1.00026e+00  -1.50198e-04  9.99957e-01  1.00041e+00
7.73879e+01  9.92453e-01  1.00009e+00  -2.00646e-04  9.99691e-01  1.00029e+00
7.74926e+01  9.92231e-01  9.99926e-01  -2.48599e-04  9.99429e-01  1.00018e+00
7.75973e+01  9.92096e-01  9.99763e-01  -2.93549e-04  9.99176e-01  1.00006e+00
7.77021e+01  9.92048e-01  9.99602e-01  -3.35028e-04  9.98932e-01  9.99937e-01
7.78068e+01  9.92089e-01  9.99447e-01  -3.72605e-04  9.98701e-01  9.99819e-01
7.79115e+01  9.92217e-01  9.99298e-01  -4.05896e-04  9.98486e-01  9.99704e-01
7.80162e+01  9.92430e-01  9.99157e-01  -4.34567e-04  9.98288e-01  9.99592e-01
7.81209e+01  9.92727e-01  9.99026e-01  -4.58337e-04  9.98110e-01  9.99485e-01
7.82257e+01  9.93103e-01  9.98906e-01  -4.76976e-04  9.97952e-01  9.99383e-01
7.83304e+01  9.93554e-01  9.98799e-01  -4.90316e-04  9.97818e-01  9.99289e-01
7.84351e+01  9.94075e-01  9.98705e-01  -4.98243e-04  9.97708e-01  9.99203e-01
7.85398e+01  9.94660e-01  9.98625e-01  -5.00704e-04  9.97624e-01  9.99126e-01
7.86445e+01  9.95302e-01  9.98561e-01  -4.97703e-04  9.97565e-01  9.99058e-01
7.87493e+01  9.95995e-01  9.98512e-01  -4.89305e-04  9.97533e-01  9.99001e-01
7.88540e+01  9.96730e-01  9.98480e-01  -4.75630e-04  9.97528e-01  9.98955e-01
7.89587e+01  9.97500e-01  9.98464e-01  -4.56855e-04  9.97550e-01  9.98921e-01
7.90634e+01  9.98295e-01  9.98465e-01  -4.33211e-04  9.97598e-01  9.98898e-01
7.91681e+01  9.99107e-01  9.98482e-01  -4.04978e-04  9.97672e-01  9.98887e-01
7.92729e+01  9.99927e-01  9.98516e-01  -3.72486e-04  9.97771e-01  9.98888e-01
7.93776e+01  1.00075e+00  9.98565e-01  -3.36107e-04  9.97893e-01  9.98901e-01
7.94823e+01  1.00155e+00  9.98630e-01  -2.96254e-04  9.98037e-01  9.98926e-01
7.95870e+01  1.00234e+00  9.98709e-01  -2.53375e-04  9.98203e-01  9.98963e-01
7.96917e+01  1.00310e+00  9.98802e-01  -2.07949e-04  9.98386e-01  9.99010e-01
7.97965e+01  1.00382e+00  9.98908e-01  -1.60480e-04  9.98587e-01  9.99068e-01
7.99012e+01  1.00450e+00  9.99025e-01  -1.11492e-04  9.98802e-01  9.99136e-01
8.00059e+01  1.00513e+00  9.99152e-01  -6.15242e-05  9.99029e-01  9.99213e-01
8.01106e+01  1.00569e+00  9.99288e-01  -1.11239e-05  9.99265e-01  9.99299e-01
8.02153e+01  1.00619e+00  9.99431e-01  3.91586e-05  9.99509e-01  9.99391e-01
8.03201e+01  1.00662e+00  9.99579e-01  8.87762e-05  9.99757e-01  9.99490e-01
8.04248e+01  1.00697e+00  9.99732e-01  1.37191e-04  1.00001e+00  9.99594e-01
8.05295e+01  1.00724e+00  9.99887e-01  1.83879e-04  1.00025e+00  9.99703e-01
8.06342e+01  1.00743e+00  1.00004e+00  2.28337e-04  1.00050e+00  9.99814e-01
8.07389e+01  1.00753e+00  1.00020e+00  2.70090e-04  1.00074e+00  9.99926e-01
8.08437e+01  1.00755e+00  1.00035e+00  3.08689e-04  1.00097e+00  1.00004e+00
8.09484e+01  1.00748e+00  1.00050e+00  3.43727e-04  1.00118e+00  1.00015e+00
8.10531e+01  1.00733e+00  1.00064e+00  3.74833e-04  1.00139e+00  1.00026e+00
8.11578e+01  1.00710e+00  1.00077e+00  4.01683e-04  1.00157e+00  1.00037e+00
8.12625e+01  1.00678e+00  1.00090e+00  4.24000e-04  1.00174e+00  1.00047e+00
8.13672e+01  1.00640e+00  1.00101e+00  4.41557e-04  1.00189e+00  1.00057e+00
8.14720e+01  1.00594e+00  1.00112e+00  4.54184e-04  1.00202e+00  1.00066e+00
8.15767e+01  1.00541e+00  1.00121e+00  4.61763e-04  1.00213e+00  1.00074e+00
8.16814e+01  1.00483e+00  1.00128e+00  4.64233e-04  1.00221e+00  1.00082e+00
8.17861e+01  1.00420e+00  1.00135e+00  4.61592e-04  1.00227e+00  1.00089e+00
8.18908e+01  1.00352e+00  1.00140e+00  4.53893e-04  1.00230e+00  1.00094e+00
8.19956e+01  1.00280e+00  1.00143e+00  4.41246e-04  1.00231e+00  1.00099e+00
8.21003e+01  1.00206e+00  1.00145e+00  4.23814e-04  1.00229e+00  1.00102e+00
8.22050e+01  1.00130e+00  1.00145e+00  4.01815e-04  1.00225e+00  1.00105e+00
8.23097e+01  1.00052e+00  1.00144e+00  3.75514e-04  1.00219e+00  1.00106e+00
8.24144e+01  9.99750e-01  1.00141e+00  3.45225e-04  1.00210e+00  1.00106e+00
8.25192e+01  9.98981e-01  1.00136e+00  3.11303e-04  1.00198e+00  1.00105e+00
8.26239e+01  9.98227e-01  1.00130e+00  2.74141e-04  1.00185e+00  1.00103e+00
8.27286e+01  9.97497e-01  1.00123e+00  2.34168e-04  1.00170e+00  1.00099e+00
8.28333e+01  9.96798e-01  1.00114e+00  1.91840e-04  1.00153e+00  1.00095e+00
8.29380e+01  9.96138e-01  1.00105e+00  1.47635e-04  1.00134e+00  1.00090e+00
8.30428e+01  9.95524e-01  1.00094e+00  1.02052e-04  1.00114e+00  1.00083e+00
8.31475e+01  9.94963e-01  1.00082e+00  5.55985e-05  1.00093e+00  1.00076e+00
8.32522e+01  9.94460e-01  1.00069e+00  8.79053e-06  1.00071e+00  1.00068e+00
8.33569e+01  9.94020e-01  1.00056e+00  -3.78562e-05  1.00048e+00  1.00059e+00
8.34616e+01  9.93649e-01  1.00042e+00  -8.38314e-05  1.00025e+00  1.00050e+00
8.35664e+01  9.93349e-01  1.00027e+00  -1.28635e-04  1.00002e+00  1.00040e+00
8.36711e+01  9.93125e-01  1.00013e+00  -1.71785e-04  9.99784e-01  1.00030e+00
8.37758e+01  9.92977e-01  9.99981e-01  -2.12819e-04  9.99555e-01  1.00019e+00
8.38805e+01  9.92908e-01  9.99835e-01  -2.51301e-04  9.99332e-01  1.00009e+00
8.39852e+01  9.92917e-01  9.99691e-01  -2.86827e-04  9.99118e-01  9.99978e-01
8.40900e+01  9.93005e-01  9.99552e-01  -3.19028e-04  9.98914e-01  9.99871e-01
8.41947e+01  9.93170e-01  9.99418e-01  -3.47572e-04  9.98723e-01  9.99765e-01
8.42994e+01  9.93410e-01  9.99290e-01  -3.72171e-04  9.98546e-01  9.99662e-01
8.44041e+01  9.93722e-01  9.99171e-01  -3.92579e-04  9.98386e-01  9.99564e-01
8.45088e+01  9.94103e-01  9.99061e-01  -4.08600e-04  9.98244e-01  9.99470e-01
8.46136e+01  9.94549e-01  9.98962e-01  -4.20084e-04  9.98122e-01  9.99382e-01
8.47183e+01  9.95053e-01  9.98874e-01  -4.26932e-04  9.98021e-01  9.99301e-01
8.48230e+01  9.95611e-01  9.98799e-01  -4.29096e-04  9.97941e-01  9.99228e-01
8.49277e+01  9.96217e-01  9.98737e-01  -4.26577e-04  9.97884e-01  9.99164e-01
8.50324e+01  9.96863e-01  9.98689e-01  -4.19427e-04  9.97851e-01  9.99109e-01
8.51372e+01  9.97542e-01  9.98656e-01  -4.07748e-04  9.97840e-01  9.99063e-01
8.52419e+01  9.98247e-01  9.98637e-01  -3.91689e-04  9.97853e-01  9.99028e-01
8.53466e+01  9.98970e-01  9.98632e-01  -3.71446e-04  9.97890e-01  9.99004e-01
8.54513e+01  9.99703e-01  9.98643e-01  -3.47260e-04  9.97948e-01  9.98990e-01
8.55560e+01  1.00044e+00  9.98668e-01  -3.19410e-04  9.98029e-01  9.98988e-01
8.56608e+01  1.00117e+00  9.98708e-01  -2.88215e-04  9.98131e-01  9.98996e-01
8.57655e+01  1.00188e+00  9.98761e-01  -2.54029e-04  9.98253e-01  9.99015e-01
8.58702e+01  1.00257e+00  9.98827e-01  -2.17236e-04  9.98393e-01  9.99045e-01
8.59749e+01  1.00323e+00  9.98906e-01  -1.78245e-04  9.98550e-01  9.99085e-01
8.60796e+01  1.00385e+00  9.98997e-01  -1.37491e-04  9.98722e-01  9.99134e-01
8.61844e+01  1.00443e+00  9.99098e-01  -9.54222e-05  9.98907e-01  9.99193e-01
8.62891e+01  1.00495e+00  9.99208e-01  -5.25018e-05  9.99103e-01  9.99261e-01
8.63938e+01  1.00542e+00  9.99327e-01  -9.20012e-06  9.99308e-01  9.99336e-01
8.64985e+01  1.00583e+00  9.99452e-01  3.40101e-05  9.99520e-01  9.99418e-01
8.66032e+01  1.00616e+00  9.99583e-01  7.66584e-05  9.99737e-01  9.99507e-01
8.67080e+01  1.00643e+00  9.99718e-01  1.18282e-04  9.99955e-01  9.99600e-01
8.68127e+01  1.00663e+00  9.99856e-01  1.58431e-04  1.00017e+00  9.99698e-01
8.69174e+01  1.00675e+00  9.99995e-01  1.96672e-04  1.00039e+00  9.99798e-01
8.70221e+01  1.00679e+00  1.00013e+00  2.32594e-04  1.00060e+00  9.99901e-01
8.71268e+01  1.00676e+00  1.00027e+00  2.65814e-04  1.00080e+00  1.00000e+00
8.72316e+01  1.00664e+00  1.00040e+00  2.95977e-04  1.00099e+00  1.00011e+00
8.73363e+01  1.00646e+00  1.00053e+00  3.22767e-04  1.00118e+00  1.00021e+00
8.74410e+01  1.00620e+00  1.00065e+00  3.45900e-04  1.00135e+00  1.00031e+00
8.75457e+01  1.00588e+00  1.00077e+00  3.65140e-04  1.00150e+00  1.00040e+00
8.76504e+01  1.00548e+00  1.00087e+00  3.80289e-04  1.00163e+00  1.00049e+00
8.77552e+01  1.00503e+00  1.00097e+00  3.91198e-04  1.00175e+00  1.00058e+00
8.78599e+01  1.00453e+00  1.00106e+00  3.97766e-04  1.00185e+00  1.00066e+00
8.79646e+01  1.00397e+00  1.00113e+00  3.99937e-04  1.00193e+00  1.00073e+00
8.80693e+01  1.00337e+00  1.00119e+00  3.97707e-04  1.00199e+00  1.00079e+00
8.81740e+01  1.00274e+00  1.00124e+00  3.91121e-04  1.00202e+00  1.00085e+00
8.82788e+01  1.00208e+00  1.00127e+00  3.80270e-04  1.00203e+00  1.00089e+00
8.83835e+01  1.00139e+00  1.00129e+00  3.65294e-04  1.00202e+00  1.00093e+00
8.84882e+01  1.00070e+00  1.00130e+00  3.46378e-04  1.00199e+00  1.00095e+00
8.85929e+01  1.00000e+00  1.00129e+00  3.23747e-04  1.00194e+00  1.00097e+00
8.86976e+01  9.99304e-01  1.00127e+00  2.97671e-04  1.00186e+00  1.00097e+00
8.88024e+01  9.98618e-01  1.00123e+00  2.68454e-04  1.00177e+00  1.00097e+00
8.89071e+01  9.97950e-01  1.00118e+00  2.36432e-04  1.00166e+00  1.00095e+00
8.90118e+01  9.97308e-01  1.00112e+00  2.01974e-04  1.00153e+00  1.00092e+00
8.91165e+01  9.96699e-01  1.00105e+00  1.65471e-04  1.00138e+00  1.00088e+00
8.92212e+01  9.96129e-01  1.00097e+00  1.27336e-04  1.00122e+00  1.00084e+00
8.93260e+01  9.95604e-01  1.00087e+00  8.79961e-05  1.00105e+00  1.00078e+00
8.94307e+01  9.95130e-01  1.00077e+00  4.78909e-05  1.00086e+00  1.00072e+00
8.95354e+01  9.94712e-01  1.00066e+00  7.46472e-06  1.00067e+00  1.00065e+00
8.96401e+01  9.94355e-01  1.00054e+00  -3.28371e-05  1.00047e+00  1.00057e+00
8.97448e+01  9.94061e-01  1.00041e+00  -7.25735e-05  1.00027e+00  1.00049e+00
8.98495e+01  9.93834e-01  1.00028e+00  -1.11312e-04  1.00006e+00  1.00040e+00
8.99543e+01  9.93676e-01  1.00015e+00  -1.48635e-04  9.99857e-01  1.00030e+00
9.00590e+01  9.93589e-01  1.00002e+00  -1.84141e-04  9.99654e-01  1.00021e+00
9.01637e+01  9.93573e-01  9.99891e-01  -2.17454e-04  9.99456e-01  1.00011e+00
9.02684e+01  9.93628e-01  9.99761e-01  -2.48220e-04  9.99265e-01  1.00001e+00
9.03731e+01  9.93754e-01  9.99634e-01  -2.76120e-04  9.99082e-01  9.99911e-01
9.04779e+01  9.93949e-01  9.99512e-01  -3.00864e-04  9.98910e-01  9.99813e-01
9.05826e+01  9.94210e-01  9.99395e-01  -3.22201e-04  9.98751e-01  9.99717e-01
9.06873e+01  9.94535e-01  9.99285e-01  -3.39916e-04  9.98606e-01  9.99625e-01
9.07920e+01  9.94920e-01  9.99184e-01  -3.53837e-04  9.98476e-01  9.99538e-01
9.08967e+01  9.95360e-01  9.99091e-01  -3.63832e-04  9.98363e-01  9.99455e-01
9.10015e+01  9.95851e-01  9.99009e-01  -3.69814e-04  9.98269e-01  9.99379e-01
9.11062e+01  9.96386e-01  9.98937e-01  -3.71736e-04  9.98194e-01  9.99309e-01
9.12109e+01  9.96961e-01  9.98878e-01  -3.69601e-04  9.98138e-01  9.99247e-01
9.13156e+01  9.97569e-01  9.98830e-01  -3.63450e-04  9.98103e-01  9.99194e-01
9.14203e+01  9.98202e-01  9.98796e-01  -3.53370e-04  9.98089e-01  9.99149e-01
9.15251e+01  9.98854e-01  9.98774e-01  -3.39489e-04  9.98095e-01  9.99114e-01
9.16298e+01  9.99518e-01  9.98766e-01  -3.21975e-04  9.98122e-01  9.99088e-01
9.17345e+01  1.00019e+00  9.98771e-01  -3.01035e-04  9.98169e-01  9.99072e-01
9.18392e+01  1.00085e+00  9.98790e-01  -2.76911e-04  9.98236e-01  9.99067e-01
9.19439e+01  1.00150e+00  9.98821e-01  -2.49879e-04  9.98322e-01  9.99071e-01
9.20487e+01  1.00214e+00  9.98866e-01  -2.20244e-04  9.98425e-01  9.99086e-01
9.21534e+01  1.00275e+00  9.98922e-01  -1.88339e-04  9.98545e-01  9.99110e-01
9.22581e+01  1.00333e+00  9.98990e-01  -1.54520e-04  9.98681e-01  9.99144e-01
9.23628e+01  1.00387e+00  9.99068e-01  -1.19161e-04  9.98830e-01  9.99187e-01
9.24675e+01  1.00436e+00  9.99157e-01  -8.26535e-05  9.98991e-01  9.99239e-01
9.25723e+01  1.00480e+00  9.99254e-01  -4.53980e-05  9.99163e-01  9.99299e-01
9.26770e+01  1.00519e+00  9.99359e-01  -7.80309e-06  9.99343e-01  9.99367e-01
9.27817e+01  1.00552e+00  9.99471e-01  2.97207e-05  9.99530e-01  9.99441e-01
9.28864e+01  1.00579e+00  9.99588e-01  6.67646e-05  9.99721e-01  9.99521e-01
9.29911e+01  1.00599e+00  9.99709e-01  1.02927e-04  9.99915e-01  9.99606e-01
9.30959e+01  1.00612e+00  9.99833e-01  1.37815e-04  1.00011e+00  9.99695e-01
9.32006e+01  1.00618e+00  9.99958e-01  1.71054e-04  1.00030e+00  9.99787e-01
9.33053e+01  1.00618e+00  1.00008e+00  2.02286e-04  1.00049e+00  9.99881e-01
9.34100e+01  1.00610e+00  1.00021e+00  2.31176e-04  1.00067e+00  9.99977e-01
9.35147e+01  1.00595e+00  1.00033e+00  2.57418e-04  1.00084e+00  1.00007e+00
9.36195e+01  1.00574e+00  1.00045e+00  2.80732e-04  1.00101e+00  1.00017e+00
9.37242e+01  1.00546e+00  1.00056e+00  3.00874e-04  1.00116e+00  1.00026e+00
9.38289e+01  1.00513e+00  1.00067e+00  3.17636e-04  1.00130e+00  1.00035e+00
9.39336e+01  1.00473e+00  1.00076e+00  3.30846e-04  1.00143e+00  1.00043e+00
9.40383e+01  1.00429e+00  1.00085e+00  3.40372e-04  1.00154e+00  1.00051e+00
9.41431e+01  1.00380e+00  1.00094e+00  3.46124e-04  1.00163e+00  1.00059e+00
9.42478e+01  1.00326e+00  1.00101e+00  3.48054e-04  1.00170e+00  1.00066e+00
9.43525e+01  1.00269e+00  1.00106e+00  3.46156e-04  1.00176e+00  1.00072e+00
9.44572e+01  1.00210e+00  1.00111e+00  3.40468e-04  1.00179e+00  1.00077e+00
9.45619e+01  1.00148e+00  1.00115e+00  3.31066e-04  1.00181e+00  1.00082e+00
9.46667e+01  1.00085e+00  1.00117e+00  3.18072e-04  1.00181e+00  1.00085e+00
9.47714e+01  1.00021e+00  1.00118e+00  3.01643e-04  1.00178e+00  1.00088e+00
9.48761e+01  9.99569e-01  1.00118e+00  2.81976e-04  1.00174e+00  1.00089e+00
9.49808e+01  9.98937e-01  1.00116e+00  2.59302e-04  1.00168e+00  1.00090e+00
9.50855e+01  9.98320e-01  1.00113e+00  2.33884e-04  1.00160e+00  1.00090e+00
9.51903e+01  9.97723e-01  1.00109e+00  2.06017e-04  1.00150e+00  1.00088e+00
9.52950e+01  9.97154e-01  1.00104e+00  1.76017e-04  1.00139e+00  1.00086e+00
9.53997e+01  9.96619e-01  1.00098e+00  1.44225e-04  1.00126e+00  1.00083e+00
9.55044e+01  9.96123e-01  1.00090e+00  1.10999e-04  1.00112e+00  1.00079e+00
9.56091e+01  9.95672e-01  1.00082e+00  7.67131e-05  1.00097e+00  1.00074e+00
9.57139e+01  9.95270e-01  1.00073e+00  4.17476e-05  1.00081e+00  1.00068e+00
9.58186e+01  9.94922e-01  1.00063e+00  6.49025e-06  1.00064e+00  1.00062e+00
9.59233e+01  9.94632e-01  1.00052e+00  -2.86706e-05  1.00046e+00  1.00055e+00
9.60280e+01  9.94403e-01  1.00041e+00  -6.33499e-05  1.00028e+00  1.00047e+00
9.61327e+01  9.94236e-01  1.00029e+00  -9.71703e-05  1.00010e+00  1.00039e+00
9.62375e+01  9.94133e-01  1.00018e+00  -1.29766e-04  9.99916e-01  1.00031e+00
9.63422e+01  9.94096e-01  1.00006e+00  -1.60787e-04  9.99734e-01  1.00022e+00
9.64469e+01  9.94125e-01  9.99936e-01  -1.89902e-04  9.99556e-01  1.00013e+00
9.65516e+01  9.94218e-01  9.99817e-01  -2.16803e-04  9.99383e-01  1.00003e+00
9.66563e+01  9.94376e-01  9.99700e-01  -2.41209e-04  9.99218e-01  9.99941e-01
9.67611e+01  9.94595e-01  9.99587e-01  -2.62865e-04  9.99061e-01  9.99850e-01
9.68658e+01  9.94874e-01  9.99479e-01  -2.81549e-04  9.98916e-01  9.99761e-01
9.69705e+01  9.95210e-01  9.99377e-01  -2.97074e-04  9.98783e-01  9.99674e-01
9.70752e+01  9.95598e-01  9.99282e-01  -3.09287e-04  9.98663e-01  9.99591e-01
9.71799e+01  9.96034e-01  9.99194e-01  -3.18070e-04  9.98558e-01  9.99513e-01
9.72847e+01  9.96513e-01  9.99116e-01  -3.23345e-04  9.98470e-01  9.99440e-01
9.73894e+01  9.97030e-01  9.99048e-01  -3.25071e-04  9.98398e-01  9.99373e-01
9.74941e+01  9.97580e-01  9.98990e-01  -3.23248e-04  9.98344e-01  9.99313e-01
9.75988e+01  9.98156e-01  9.98943e-01  -3.17910e-04  9.98307e-01  9.99261e-01
9.77035e+01  9.98751e-01  9.98908e-01  -3.09132e-04  9.98290e-01  9.99217e-01
9.78083e+01  9.99359e-01  9.98885e-01  -2.97026e-04  9.98291e-01  9.99182e-01
9.79130e+01  9.99973e-01  9.98874e-01  -2.81736e-04  9.98310e-01  9.99155e-01
9.80177e+01  1.00059e+00  9.98875e-01  -2.63442e-04  9.98348e-01  9.99138e-01
9.81224e+01  1.00119e+00  9.98888e-01  -2.42356e-04  9.98403e-01  9.99130e-01
9.82271e+01  1.00178e+00  9.98913e-01  -2.18718e-04  9.98476e-01  9.99132e-01
9.83319e+01  1.00236e+00  9.98950e-01  -1.92795e-04  9.98564e-01  9.99143e-01
9.84366e+01  1.00290e+00  9.98998e-01  -1.64878e-04  9.98668e-01  9.99163e-01
9.85413e+01  1.00341e+00  9.99057e-01  -1.35277e-04  9.98787e-01  9.99192e-01
9.86460e+01  1.00388e+00  9.99126e-01  -1.04321e-04  9.98917e-01  9.99230e-01
9.87507e+01  1.00430e+00  9.99204e-01  -7.23506e-05  9.99060e-01  9.99277e-01
9.88554e+01  1.00468e+00  9.99291e-01  -3.97181e-05  9.99211e-01  9.99331e-01
9.89602e+01  1.00500e+00  9.99385e-01  -6.78090e-06  9.99371e-01  9.99392e-01
9.90649e+01  1.00527e+00  9.99485e-01  2.61013e-05  9.99538e-01  9.99459e-01
9.91696e+01  1.00548e+00  9.99591e-01  5.85703e-05  9.99708e-01  9.99533e-01
9.92743e+01  1.00562e+00  9.99701e-01  9.02735e-05  9.99882e-01  9.99611e-01
9.93790e+01  1.00570e+00  9.99814e-01  1.20868e-04  1.00006e+00  9.99693e-01
9.94838e+01  1.00571e+00  9.99929e-01  1.50022e-04  1.00023e+00  9.99779e-01
9.95885e+01  1.00567e+00  1.00004e+00  1.77424e-04  1.00040e+00  9.99867e-01
9.96932e+01  1.00555e+00  1.00016e+00  2.02779e-04  1.00056e+00  9.99956e-01
9.97979e+01  1.00538e+00  1.00027e+00  2.25816e-04  1.00072e+00  1.00005e+00
9.99026e+01  1.00514e+00  1.00038e+00  2.46292e-04  1.00087e+00  1.00013e+00
1.00007e+02  1.00485e+00  1.00048e+00  2.63991e-04  1.00101e+00  1.00022e+00
1.00112e+02  1.00450e+00  1.00058e+00  2.78729e-04  1.00114e+00  1.00031e+00
1.00217e+02  1.00411e+00  1.00068e+00  2.90355e-04  1.00126e+00  1.00039e+00
1.00322e+02  1.00367e+00  1.00076e+00  2.98751e-04  1.00136e+00  1.00046e+00
1.00426e+02  1.00318e+00  1.00084e+00  3.03839e-04  1.00145e+00  1.00053e+00
1.00531e+02  1.00267e+00  1.00091e+00  3.05573e-04  1.00152e+00  1.00060e+00
1.00636e+02  1.00213e+00  1.00096e+00  3.03948e-04  1.00157e+00  1.00066e+00
1.00740e+02  1.00156e+00  1.00101e+00  2.98995e-04  1.00161e+00  1.00071e+00
1.00845e+02  1.00098e+00  1.00105e+00  2.90782e-04  1.00163e+00  1.00075e+00
1.00950e+02  1.00039e+00  1.00107e+00  2.79411e-04  1.00163e+00  1.00079e+00
1.01055e+02  9.99794e-01  1.00108e+00  2.65020e-04  1.00161e+00  1.00082e+00
1.01159e+02  9.99205e-01  1.00108e+00  2.47782e-04  1.00158e+00  1.00083e+00
1.01264e+02  9.98627e-01  1.00107e+00  2.27897e-04  1.00153e+00  1.00084e+00
1.01369e+02  9.98067e-01  1.00105e+00  2.05595e-04  1.00146e+00  1.00084e+00
1.01473e+02  9.97529e-01  1.00101e+00  1.81134e-04  1.00138e+00  1.00083e+00
1.01578e+02  9.97021e-01  1.00097e+00  1.54791e-04  1.00128e+00  1.00082e+00
1.01683e+02  9.96547e-01  1.00091e+00  1.26864e-04  1.00117e+00  1.00079e+00
1.01788e+02  9.96113e-01  1.00085e+00  9.76684e-05  1.00104e+00  1.00075e+00
1.01892e+02  9.95724e-01  1.00078e+00  6.75303e-05  1.00091e+00  1.00071e+00
1.01997e+02  9.95384e-01  1.00069e+00  3.67853e-05  1.00077e+00  1.00066e+00
1.02102e+02  9.95095e-01  1.00060e+00  5.77363e-06  1.00061e+00  1.00060e+00
1.02206e+02  9.94862e-01  1.00051e+00  -2.51632e-05  1.00046e+00  1.00053e+00
1.02311e+02  9.94687e-01  1.00041e+00  -5.56863e-05  1.00029e+00  1.00046e+00
1.02416e+02  9.94571e-01  1.00030e+00  -8.54633e-05  1.00013e+00  1.00039e+00
1.02521e+02  9.94515e-01  1.00019e+00  -1.14172e-04  9.99964e-01  1.00031e+00
1.02625e+02  9.94520e-01  1.00008e+00  -1.41503e-04  9.99799e-01  1.00022e+00
1.02730e+02  9.94587e-01  9.99972e-01  -1.67165e-04  9.99637e-01  1.00014e+00
1.02835e+02  9.94713e-01  9.99862e-01  -1.90885e-04  9.99480e-01  1.00005e+00
1.02940e+02  9.94898e-01  9.99753e-01  -2.12414e-04  9.99328e-01  9.99966e-01
1.03044e+02  9.95139e-01  9.99648e-01  -2.31527e-04  9.99185e-01  9.99879e-01
1.03149e+02  9.95433e-01  9.99547e-01  -2.48028e-04  9.99051e-01  9.99795e-01
1.03254e+02  9.95778e-01  9.99451e-01  -2.61749e-04  9.98927e-01  9.99712e-01
1.03358e+02  9.96169e-01  9.99361e-01  -2.72554e-04  9.98816e-01  9.99633e-01
1.03463e+02  9.96603e-01  9.99278e-01  -2.80338e-04  9.98717e-01  9.99558e-01
1.03568e+02  9.97073e-01  9.99203e-01  -2.85032e-04  9.98633e-01  9.99488e-01
1.03673e+02  9.97575e-01  9.99137e-01  -2.86598e-04  9.98564e-01  9.99424e-01
1.03777e+02  9.98104e-01  9.99081e-01  -2.85033e-04  9.98511e-01  9.99366e-01
1.03882e+02  9.98653e-01  9.99035e-01  -2.80368e-04  9.98474e-01  9.99315e-01
1.03987e+02  9.99217e-01  9.98999e-01  -2.72667e-04  9.98454e-01  9.99272e-01
1.04091e+02  9.99788e-01  9.98974e-01  -2.62026e-04  9.98450e-01  9.99236e-01
1.04196e+02  1.00036e+00  9.98961e-01  -2.48573e-04  9.98463e-01  9.99209e-01
1.04301e+02  1.00093e+00  9.98958e-01  -2.32465e-04  9.98493e-01  9.99191e-01
1.04406e+02  1.00149e+00  9.98967e-01  -2.13889e-04  9.98539e-01  9.99181e-01
1.04510e+02  1.00203e+00  9.98987e-01  -1.93055e-04  9.98601e-01  9.99180e-01
1.04615e+02  1.00254e+00  9.99018e-01  -1.70199e-04  9.98678e-01  9.99188e-01
1.04720e+02  1.00303e+00  9.99060e-01  -1.45576e-04  9.98769e-01  9.99205e-01
1.04824e+02  1.00348e+00  9.99111e-01  -1.19460e-04  9.98873e-01  9.99231e-01
1.04929e+02  1.00389e+00  9.99173e-01  -9.21405e-05  9.98988e-01  9.99265e-01
1.05034e+02  1.00426e+00  9.99243e-01  -6.39189e-05  9.99115e-01  9.99307e-01
1.05139e+02  1.00458e+00  9.99321e-01  -3.51053e-05  9.99250e-01  9.99356e-01
1.05243e+02  1.00485e+00  9.99406e-01  -6.01534e-06  9.99394e-01  9.99412e-01
1.05348e+02  1.00506e+00  9.99497e-01  2.30333e-05  9.99543e-01  9.99474e-01
1.05453e+02  1.00522e+00  9.99594e-01  5.17243e-05  9.99698e-01  9.99542e-01
1.05558e+02  1.00531e+00  9.99695e-01  7.97459e-05  9.99855e-01  9.99615e-01
1.05662e+02  1.00535e+00  9.99799e-01  1.06795e-04  1.00001e+00  9.99692e-01
1.05767e+02  1.00532e+00  9.99905e-01  1.32579e-04  1.00017e+00  9.99772e-01
1.05872e+02  1.00524e+00  1.00001e+00  1.56820e-04  1.00033e+00  9.99855e-01
1.05976e+02  1.00509e+00  1.00012e+00  1.79259e-04  1.00048e+00  9.99939e-01
1.06081e+02  1.00489e+00  1.00022e+00  1.99656e-04  1.00062e+00  1.00002e+00
1.06186e+02  1.00464e+00  1.00033e+00  2.17795e-04  1.00076e+00  1.00011e+00
1.06291e+02  1.00433e+00  1.00042e+00  2.33484e-04  1.00089e+00  1.00019e+00
1.06395e+02  1.00398e+00  1.00052e+00  2.46560e-04  1.00101e+00  1.00027e+00
1.06500e+02  1.00358e+00  1.00061e+00  2.56888e-04  1.00112e+00  1.00035e+00
1.06605e+02  1.00314e+00  1.00069e+00  2.64364e-04  1.00122e+00  1.00042e+00
1.06709e+02  1.00267e+00  1.00076e+00  2.68916e-04  1.00130e+00  1.00049e+00
1.06814e+02  1.00217e+00  1.00083e+00  2.70505e-04  1.00137e+00  1.00055e+00
1.06919e+02  1.00165e+00  1.00088e+00  2.69124e-04  1.00142e+00  1.00061e+00
1.07024e+02  1.00111e+00  1.00093e+00  2.64798e-04  1.00146e+00  1.00066e+00
1.07128e+02  1.00056e+00  1.00096e+00  2.57587e-04  1.00148e+00  1.00071e+00
1.07233e+02  1.00000e+00  1.00099e+00  2.47581e-04  1.00148e+00  1.00074e+00
