# k S000 S110 S112 S10 S11
1.04720e-01  4.62653e-02  3.19457e-01  -7.89452e-02  1.61567e-01  3.98402e-01
2.09440e-01  4.63390e-02  3.19891e-01  -7.91057e-02  1.61679e-01  3.98996e-01
3.14159e-01  4.64631e-02  3.20614e-01  -7.93715e-02  1.61871e-01  3.99986e-01
4.18879e-01  4.66398e-02  3.21631e-01  -7.97398e-02  1.62152e-01  4.01371e-01
5.23599e-01  4.68719e-02  3.22945e-01  -8.02070e-02  1.62531e-01  4.03152e-01
6.28319e-01  4.71627e-02  3.24559e-01  -8.07690e-02  1.63021e-01  4.05328e-01
7.33038e-01  4.75163e-02  3.26480e-01  -8.14211e-02  1.63638e-01  4.07901e-01
8.37758e-01  4.79371e-02  3.28714e-01  -8.21581e-02  1.64397e-01  4.10872e-01
9.42478e-01  4.84300e-02  3.31266e-01  -8.29750e-02  1.65316e-01  4.14241e-01
1.04720e+00  4.90001e-02  3.34144e-01  -8.38666e-02  1.66411e-01  4.18011e-01
1.15192e+00  4.96530e-02  3.37357e-01  -8.48281e-02  1.67701e-01  4.22185e-01
1.25664e+00  5.03948e-02  3.40913e-01  -8.58546e-02  1.69204e-01  4.26768e-01
1.36136e+00  5.12319e-02  3.44821e-01  -8.69417e-02  1.70938e-01  4.31763e-01
1.46608e+00  5.21712e-02  3.49093e-01  -8.80854e-02  1.72922e-01  4.37178e-01
1.57080e+00  5.32201e-02  3.53737e-01  -8.92816e-02  1.75174e-01  4.43019e-01
1.67552e+00  5.43869e-02  3.58768e-01  -9.05268e-02  1.77714e-01  4.49294e-01
1.78024e+00  5.56804e-02  3.64196e-01  -9.18175e-02  1.80561e-01  4.56014e-01
1.88496e+00  5.71107e-02  3.70036e-01  -9.31504e-02  1.83735e-01  4.63186e-01
1.98968e+00  5.86886e-02  3.76303e-01  -9.45219e-02  1.87259e-01  4.70824e-01
2.09440e+00  6.04264e-02  3.83011e-01  -9.59287e-02  1.91154e-01  4.78940e-01
2.19911e+00  6.23376e-02  3.90178e-01  -9.73669e-02  1.95444e-01  4.87545e-01
2.30383e+00  6.44376e-02  3.97822e-01  -9.88325e-02  2.00157e-01  4.96655e-01
2.40855e+00  6.67435e-02  4.05962e-01  -1.00321e-01  2.05320e-01  5.06282e-01
2.51327e+00  6.92746e-02  4.14617e-01  -1.01827e-01  2.10963e-01  5.16444e-01
2.61799e+00  7.20528e-02  4.23810e-01  -1.03344e-01  2.17122e-01  5.27155e-01
2.72271e+00  7.51027e-02  4.33564e-01  -1.04866e-01  2.23831e-01  5.38430e-01
2.82743e+00  7.84525e-02  4.43902e-01  -1.06385e-01  2.31133e-01  5.50286e-01
2.93215e+00  8.21340e-02  4.54850e-01  -1.07890e-01  2.39071e-01  5.62740e-01
3.03687e+00  8.61836e-02  4.66436e-01  -1.09370e-01  2.47695e-01  5.75806e-01
3.14159e+00  9.06427e-02  4.78687e-01  -1.10814e-01  2.57060e-01  5.89500e-01
3.24631e+00  9.55589e-02  4.91633e-01  -1.12204e-01  2.67225e-01  6.03837e-01
3.35103e+00  1.00987e-01  5.05306e-01  -1.13524e-01  2.78257e-01  6.18830e-01
3.45575e+00  1.06989e-01  5.19738e-01  -1.14753e-01  2.90232e-01  6.34491e-01
3.56047e+00  1.13639e-01  5.34963e-01  -1.15867e-01  3.03229e-01  6.50830e-01
3.66519e+00  1.21021e-01  5.51016e-01  -1.16838e-01  3.17341e-01  6.67854e-01
3.76991e+00  1.29231e-01  5.67935e-01  -1.17633e-01  3.32669e-01  6.85568e-01
3.87463e+00  1.38385e-01  5.85755e-01  -1.18216e-01  3.49324e-01  7.03971e-01
3.97935e+00  1.48615e-01  6.04516e-01  -1.18543e-01  3.67430e-01  7.23060e-01
4.08407e+00  1.60079e-01  6.24257e-01  -1.18566e-01  3.87124e-01  7.42823e-01
4.18879e+00  1.72959e-01  6.45015e-01  -1.18229e-01  4.08558e-01  7.63244e-01
4.29351e+00  1.87475e-01  6.66830e-01  -1.17467e-01  4.31897e-01  7.84297e-01
4.39823e+00  2.03882e-01  6.89739e-01  -1.16208e-01  4.57324e-01  8.05947e-01
4.50295e+00  2.22489e-01  7.13777e-01  -1.14371e-01  4.85036e-01  8.28147e-01
4.60767e+00  2.43658e-01  7.38975e-01  -1.11865e-01  5.15246e-01  8.50840e-01
4.71239e+00  2.67826e-01  7.65361e-01  -1.08591e-01  5.48180e-01  8.73951e-01
4.81711e+00  2.95513e-01  7.92953e-01  -1.04440e-01  5.84073e-01  8.97392e-01
4.92183e+00  3.27341e-01  8.21760e-01  -9.92965e-02  6.23167e-01  9.21056e-01
5.02655e+00  3.64053e-01  8.51777e-01  -9.30414e-02  6.65694e-01  9.44818e-01
5.13127e+00  4.06534e-01  8.82977e-01  -8.55542e-02  7.11869e-01  9.68531e-01
5.23599e+00  4.55831e-01  9.15308e-01  -7.67214e-02  7.61865e-01  9.92029e-01
5.34071e+00  5.13167e-01  9.48680e-01  -6.64447e-02  8.15790e-01  1.01512e+00
5.44543e+00  5.79949e-01  9.82955e-01  -5.46540e-02  8.73647e-01  1.03761e+00
5.55015e+00  6.57744e-01  1.01793e+00  -4.13232e-02  9.35285e-01  1.05925e+00
5.65487e+00  7.48217e-01  1.05333e+00  -2.64902e-02  1.00035e+00  1.07982e+00
5.75959e+00  8.52982e-01  1.08877e+00  -1.02787e-02  1.06821e+00  1.09905e+00
5.86431e+00  9.73333e-01  1.12376e+00  7.07843e-03  1.13792e+00  1.11668e+00
5.96903e+00  1.10980e+00  1.15769e+00  2.52202e-02  1.20813e+00  1.13247e+00
6.07375e+00  1.26147e+00  1.18979e+00  4.36472e-02  1.27709e+00  1.14615e+00
6.17847e+00  1.42513e+00  1.21923e+00  6.17287e-02  1.34269e+00  1.15750e+00
6.28319e+00  1.59441e+00  1.24508e+00  7.87322e-02  1.40254e+00  1.16635e+00
6.38791e+00  1.75929e+00  1.26642e+00  9.38815e-02  1.45418e+00  1.17253e+00
6.49262e+00  1.90667e+00  1.28243e+00  1.06439e-01  1.49530e+00  1.17599e+00
6.59734e+00  2.02241e+00  1.29249e+00  1.15797e-01  1.52409e+00  1.17670e+00
6.70206e+00  2.09470e+00  1.29630e+00  1.21568e-01  1.53943e+00  1.17473e+00
6.80678e+00  2.11739e+00  1.29386e+00  1.23634e-01  1.54113e+00  1.17023e+00
6.91150e+00  2.09170e+00  1.28556e+00  1.22156e-01  1.52988e+00  1.16341e+00
7.01622e+00  2.02536e+00  1.27207e+00  1.17536e-01  1.50715e+00  1.15454e+00
7.12094e+00  1.92975e+00  1.25427e+00  1.10338e-01  1.47494e+00  1.14393e+00
7.22566e+00  1.81688e+00  1.23312e+00  1.01204e-01  1.43553e+00  1.13191e+00
7.33038e+00  1.69705e+00  1.20959e+00  9.07746e-02  1.39114e+00  1.11882e+00
7.43510e+00  1.57790e+00  1.18460e+00  7.96274e-02  1.34385e+00  1.10497e+00
7.53982e+00  1.46442e+00  1.15890e+00  6.82455e-02  1.29540e+00  1.09066e+00
7.64454e+00  1.35945e+00  1.13316e+00  5.70053e-02  1.24717e+00  1.07615e+00
7.74926e+00  1.26424e+00  1.10786e+00  4.61796e-02  1.20022e+00  1.06168e+00
7.85398e+00  1.17903e+00  1.08339e+00  3.59518e-02  1.15529e+00  1.04743e+00
7.95870e+00  1.10347e+00  1.06002e+00  2.64320e-02  1.11288e+00  1.03359e+00
8.06342e+00  1.03691e+00  1.03794e+00  1.76742e-02  1.07329e+00  1.02027e+00
8.16814e+00  9.78528e-01  1.01727e+00  9.69175e-03  1.03665e+00  1.00758e+00
8.27286e+00  9.27515e-01  9.98073e-01  2.46996e-03  1.00301e+00  9.95604e-01
8.37758e+00  8.83078e-01  9.80382e-01  -4.02394e-03  9.72334e-01  9.84406e-01
8.48230e+00  8.44496e-01  9.64197e-01  -9.83329e-03  9.44530e-01  9.74030e-01
8.58702e+00  8.11122e-01  9.49500e-01  -1.50066e-02  9.19486e-01  9.64506e-01
8.69174e+00  7.82391e-01  9.36260e-01  -1.95937e-02  8.97073e-01  9.55854e-01
8.79646e+00  7.57815e-01  9.24441e-01  -2.36433e-02  8.77154e-01  9.48084e-01
8.90118e+00  7.36972e-01  9.13998e-01  -2.72014e-02  8.59595e-01  9.41199e-01
9.00590e+00  7.19505e-01  9.04887e-01  -3.03100e-02  8.44267e-01  9.35197e-01
9.11062e+00  7.05112e-01  8.97064e-01  -3.30069e-02  8.31050e-01  9.30071e-01
9.21534e+00  6.93538e-01  8.90484e-01  -3.53254e-02  8.19833e-01  9.25809e-01
9.32006e+00  6.84571e-01  8.85105e-01  -3.72942e-02  8.10517e-01  9.22400e-01
9.42478e+00  6.78036e-01  8.80888e-01  -3.89376e-02  8.03013e-01  9.19826e-01
9.52950e+00  6.73791e-01  8.77796e-01  -4.02754e-02  7.97245e-01  9.18071e-01
9.63422e+00  6.71722e-01  8.75792e-01  -4.13237e-02  7.93144e-01  9.17116e-01
9.73894e+00  6.71739e-01  8.74845e-01  -4.20944e-02  7.90656e-01  9.16939e-01
9.84366e+00  6.73774e-01  8.74924e-01  -4.25960e-02  7.89732e-01  9.17520e-01
9.94838e+00  6.77781e-01  8.76001e-01  -4.28334e-02  7.90334e-01  9.18834e-01
1.00531e+01  6.83727e-01  8.78048e-01  -4.28086e-02  7.92431e-01  9.20856e-01
1.01578e+01  6.91595e-01  8.81039e-01  -4.25205e-02  7.95998e-01  9.23560e-01
1.02625e+01  7.01384e-01  8.84949e-01  -4.19656e-02  8.01018e-01  9.26915e-01
1.03673e+01  7.13097e-01  8.89751e-01  -4.11379e-02  8.07475e-01  9.30889e-01
1.04720e+01  7.26751e-01  8.95417e-01  -4.00296e-02  8.15358e-01  9.35447e-01
1.05767e+01  7.42364e-01  9.01918e-01  -3.86312e-02  8.24656e-01  9.40550e-01
1.06814e+01  7.59959e-01  9.09223e-01  -3.69324e-02  8.35358e-01  9.46155e-01
1.07861e+01  7.79555e-01  9.17295e-01  -3.49224e-02  8.47450e-01  9.52217e-01
1.08909e+01  8.01166e-01  9.26092e-01  -3.25908e-02  8.60910e-01  9.58683e-01
1.09956e+01  8.24794e-01  9.35567e-01  -2.99289e-02  8.75710e-01  9.65496e-01
1.11003e+01  8.50420e-01  9.45666e-01  -2.69301e-02  8.91806e-01  9.72596e-01
1.12050e+01  8.78002e-01  9.56323e-01  -2.35921e-02  9.09139e-01  9.79915e-01
1.13097e+01  9.07457e-01  9.67463e-01  -1.99177e-02  9.27628e-01  9.87381e-01
1.14145e+01  9.38657e-01  9.78999e-01  -1.59169e-02  9.47165e-01  9.94916e-01
1.15192e+01  9.71414e-01  9.90831e-01  -1.16089e-02  9.67613e-01  1.00244e+00
1.16239e+01  1.00547e+00  1.00284e+00  -7.02353e-03  9.88796e-01  1.00987e+00
1.17286e+01  1.04048e+00  1.01490e+00  -2.20301e-03  1.01050e+00  1.01711e+00
1.18333e+01  1.07600e+00  1.02687e+00  2.79641e-03  1.03246e+00  1.02407e+00
1.19381e+01  1.11150e+00  1.03858e+00  7.90384e-03  1.05438e+00  1.03067e+00
1.20428e+01  1.14634e+00  1.04985e+00  1.30337e-02  1.07592e+00  1.03682e+00
1.21475e+01  1.17978e+00  1.06052e+00  1.80870e-02  1.09669e+00  1.04243e+00
1.22522e+01  1.21103e+00  1.07038e+00  2.29538e-02  1.11629e+00  1.04743e+00
1.23569e+01  1.23924e+00  1.07926e+00  2.75169e-02  1.13429e+00  1.05174e+00
1.24617e+01  1.26357e+00  1.08697e+00  3.16577e-02  1.15029e+00  1.05532e+00
1.25664e+01  1.28326e+00  1.09337e+00  3.52626e-02  1.16389e+00  1.05810e+00
1.26711e+01  1.29766e+00  1.09830e+00  3.82295e-02  1.17476e+00  1.06007e+00
1.27758e+01  1.30630e+00  1.10168e+00  4.04756e-02  1.18263e+00  1.06121e+00
1.28805e+01  1.30895e+00  1.10345e+00  4.19430e-02  1.18734e+00  1.06151e+00
1.29852e+01  1.30561e+00  1.10359e+00  4.26030e-02  1.18880e+00  1.06099e+00
1.30900e+01  1.29656e+00  1.10214e+00  4.24578e-02  1.18705e+00  1.05968e+00
1.31947e+01  1.28231e+00  1.09917e+00  4.15403e-02  1.18225e+00  1.05763e+00
1.32994e+01  1.26353e+00  1.09479e+00  3.99103e-02  1.17461e+00  1.05488e+00
1.34041e+01  1.24103e+00  1.08917e+00  3.76498e-02  1.16447e+00  1.05152e+00
1.35088e+01  1.21568e+00  1.08246e+00  3.48559e-02  1.15217e+00  1.04761e+00
1.36136e+01  1.18834e+00  1.07486e+00  3.16346e-02  1.13813e+00  1.04323e+00
1.37183e+01  1.15981e+00  1.06655e+00  2.80936e-02  1.12274e+00  1.03846e+00
1.38230e+01  1.13081e+00  1.05773e+00  2.43368e-02  1.10640e+00  1.03339e+00
1.39277e+01  1.10197e+00  1.04856e+00  2.04602e-02  1.08948e+00  1.02810e+00
1.40324e+01  1.07378e+00  1.03923e+00  1.65486e-02  1.07232e+00  1.02268e+00
1.41372e+01  1.04662e+00  1.02986e+00  1.26746e-02  1.05521e+00  1.01718e+00
1.42419e+01  1.02080e+00  1.02060e+00  8.89748e-03  1.03839e+00  1.01170e+00
1.43466e+01  9.96518e-01  1.01155e+00  5.26420e-03  1.02208e+00  1.00628e+00
1.44513e+01  9.73910e-01  1.00281e+00  1.81024e-03  1.00643e+00  1.00100e+00
1.45560e+01  9.53056e-01  9.94453e-01  -1.43891e-03  9.91575e-01  9.95892e-01
1.46608e+01  9.33995e-01  9.86549e-01  -4.46618e-03  9.77617e-01  9.91015e-01
1.47655e+01  9.16733e-01  9.79146e-01  -7.26137e-03  9.64624e-01  9.86408e-01
1.48702e+01  9.01256e-01  9.72284e-01  -9.81965e-03  9.52645e-01  9.82104e-01
1.49749e+01  8.87532e-01  9.65992e-01  -1.21402e-02  9.41712e-01  9.78132e-01
1.50796e+01  8.75523e-01  9.60293e-01  -1.42252e-02  9.31843e-01  9.74518e-01
1.51844e+01  8.65184e-01  9.55203e-01  -1.60788e-02  9.23045e-01  9.71282e-01
1.52891e+01  8.56469e-01  9.50732e-01  -1.77061e-02  9.15320e-01  9.68438e-01
1.53938e+01  8.49332e-01  9.46886e-01  -1.91130e-02  9.08660e-01  9.65999e-01
1.54985e+01  8.43728e-01  9.43667e-01  -2.03056e-02  9.03056e-01  9.63973e-01
1.56032e+01  8.39615e-01  9.41076e-01  -2.12896e-02  8.98497e-01  9.62365e-01
1.57080e+01  8.36956e-01  9.39108e-01  -2.20702e-02  8.94967e-01  9.61178e-01
1.58127e+01  8.35714e-01  9.37758e-01  -2.26521e-02  8.92454e-01  9.60410e-01
1.59174e+01  8.35855e-01  9.37019e-01  -2.30394e-02  8.90940e-01  9.60059e-01
1.60221e+01  8.37351e-01  9.36882e-01  -2.32352e-02  8.90412e-01  9.60117e-01
1.61268e+01  8.40172e-01  9.37335e-01  -2.32420e-02  8.90851e-01  9.60577e-01
1.62316e+01  8.44292e-01  9.38367e-01  -2.30619e-02  8.92243e-01  9.61429e-01
1.63363e+01  8.49683e-01  9.39962e-01  -2.26962e-02  8.94569e-01  9.62658e-01
1.64410e+01  8.56318e-01  9.42102e-01  -2.21460e-02  8.97810e-01  9.64248e-01
1.65457e+01  8.64166e-01  9.44770e-01  -2.14122e-02  9.01946e-01  9.66183e-01
1.66504e+01  8.73194e-01  9.47943e-01  -2.04961e-02  9.06951e-01  9.68439e-01
1.67552e+01  8.83363e-01  9.51597e-01  -1.93990e-02  9.12799e-01  9.70996e-01
1.68599e+01  8.94627e-01  9.55702e-01  -1.81231e-02  9.19456e-01  9.73825e-01
1.69646e+01  9.06929e-01  9.60228e-01  -1.66716e-02  9.26885e-01  9.76899e-01
1.70693e+01  9.20202e-01  9.65138e-01  -1.50495e-02  9.35039e-01  9.80188e-01
1.71740e+01  9.34366e-01  9.70393e-01  -1.32632e-02  9.43866e-01  9.83656e-01
1.72788e+01  9.49324e-01  9.75947e-01  -1.13218e-02  9.53303e-01  9.87268e-01
1.73835e+01  9.64960e-01  9.81750e-01  -9.23697e-03  9.63276e-01  9.90987e-01
1.74882e+01  9.81139e-01  9.87748e-01  -7.02370e-03  9.73700e-01  9.94771e-01
1.75929e+01  9.97704e-01  9.93880e-01  -4.70038e-03  9.84479e-01  9.98580e-01
1.76976e+01  1.01448e+00  1.00008e+00  -2.28923e-03  9.95503e-01  1.00237e+00
1.78024e+01  1.03125e+00  1.00628e+00  1.83610e-04  1.00665e+00  1.00610e+00
1.79071e+01  1.04781e+00  1.01241e+00  2.68810e-03  1.01778e+00  1.00972e+00
1.80118e+01  1.06391e+00  1.01838e+00  5.19050e-03  1.02876e+00  1.01319e+00
1.81165e+01  1.07930e+00  1.02412e+00  7.65390e-03  1.03943e+00  1.01647e+00
1.82212e+01  1.09372e+00  1.02956e+00  1.00389e-02  1.04964e+00  1.01952e+00
1.83260e+01  1.10690e+00  1.03460e+00  1.23045e-02  1.05921e+00  1.02230e+00
1.84307e+01  1.11859e+00  1.03918e+00  1.44094e-02  1.06800e+00  1.02477e+00
1.85354e+01  1.12857e+00  1.04322e+00  1.63137e-02  1.07585e+00  1.02691e+00
1.86401e+01  1.13663e+00  1.04667e+00  1.79798e-02  1.08263e+00  1.02869e+00
1.87448e+01  1.14261e+00  1.04947e+00  1.93745e-02  1.08822e+00  1.03009e+00
1.88496e+01  1.14640e+00  1.05157e+00  2.04704e-02  1.09252e+00  1.03110e+00
1.89543e+01  1.14794e+00  1.05296e+00  2.12468e-02  1.09545e+00  1.03171e+00
1.90590e+01  1.14723e+00  1.05361e+00  2.16914e-02  1.09699e+00  1.03192e+00
1.91637e+01  1.14433e+00  1.05353e+00  2.17999e-02  1.09713e+00  1.03173e+00
1.92684e+01  1.13935e+00  1.05273e+00  2.15771e-02  1.09588e+00  1.03115e+00
1.93732e+01  1.13245e+00  1.05124e+00  2.10358e-02  1.09331e+00  1.03020e+00
1.94779e+01  1.12385e+00  1.04910e+00  2.01964e-02  1.08949e+00  1.02890e+00
1.95826e+01  1.11375e+00  1.04637e+00  1.90858e-02  1.08454e+00  1.02728e+00
1.96873e+01  1.10243e+00  1.04310e+00  1.77359e-02  1.07857e+00  1.02537e+00
1.97920e+01  1.09013e+00  1.03937e+00  1.61820e-02  1.07174e+00  1.02319e+00
1.98968e+01  1.07711e+00  1.03525e+00  1.44616e-02  1.06418e+00  1.02079e+00
2.00015e+01  1.06361e+00  1.03082e+00  1.26126e-02  1.05605e+00  1.01821e+00
2.01062e+01  1.04988e+00  1.02615e+00  1.06721e-02  1.04749e+00  1.01547e+00
2.02109e+01  1.03611e+00  1.02130e+00  8.67573e-03  1.03865e+00  1.01263e+00
2.03156e+01  1.02250e+00  1.01637e+00  6.65626e-03  1.02968e+00  1.00971e+00
2.04204e+01  1.00922e+00  1.01140e+00  4.64342e-03  1.02068e+00  1.00675e+00
2.05251e+01  9.96396e-01  1.00646e+00  2.66347e-03  1.01179e+00  1.00380e+00
2.06298e+01  9.84157e-01  1.00161e+00  7.39094e-04  1.00309e+00  1.00087e+00
2.07345e+01  9.72595e-01  9.96905e-01  -1.11054e-03  9.94684e-01  9.98016e-01
2.08392e+01  9.61791e-01  9.92381e-01  -2.86959e-03  9.86641e-01  9.95250e-01
2.09440e+01  9.51804e-01  9.88079e-01  -4.52527e-03  9.79029e-01  9.92605e-01
2.10487e+01  9.42683e-01  9.84036e-01  -6.06752e-03  9.71901e-01  9.90104e-01
2.11534e+01  9.34462e-01  9.80280e-01  -7.48863e-03  9.65303e-01  9.87769e-01
2.12581e+01  9.27167e-01  9.76837e-01  -8.78289e-03  9.59271e-01  9.85620e-01
2.13628e+01  9.20814e-01  9.73726e-01  -9.94628e-03  9.53833e-01  9.83672e-01
2.14675e+01  9.15413e-01  9.70965e-01  -1.09761e-02  9.49012e-01  9.81941e-01
2.15723e+01  9.10967e-01  9.68566e-01  -1.18707e-02  9.44825e-01  9.80437e-01
2.16770e+01  9.07477e-01  9.66541e-01  -1.26292e-02  9.41283e-01  9.79170e-01
2.17817e+01  9.04938e-01  9.64896e-01  -1.32515e-02  9.38393e-01  9.78148e-01
2.18864e+01  9.03342e-01  9.63636e-01  -1.37379e-02  9.36160e-01  9.77374e-01
2.19911e+01  9.02680e-01  9.62763e-01  -1.40888e-02  9.34585e-01  9.76852e-01
2.20959e+01  9.02937e-01  9.62276e-01  -1.43053e-02  9.33666e-01  9.76581e-01
2.22006e+01  9.04098e-01  9.62173e-01  -1.43883e-02  9.33397e-01  9.76562e-01
2.23053e+01  9.06144e-01  9.62449e-01  -1.43393e-02  9.33771e-01  9.76789e-01
2.24100e+01  9.09054e-01  9.63097e-01  -1.41596e-02  9.34778e-01  9.77257e-01
2.25147e+01  9.12803e-01  9.64108e-01  -1.38512e-02  9.36406e-01  9.77959e-01
2.26195e+01  9.17361e-01  9.65470e-01  -1.34161e-02  9.38638e-01  9.78886e-01
2.27242e+01  9.22696e-01  9.67169e-01  -1.28571e-02  9.41455e-01  9.80026e-01
2.28289e+01  9.28769e-01  9.69189e-01  -1.21772e-02  9.44834e-01  9.81366e-01
2.29336e+01  9.35536e-01  9.71510e-01  -1.13804e-02  9.48750e-01  9.82891e-01
2.30383e+01  9.42947e-01  9.74113e-01  -1.04714e-02  9.53170e-01  9.84584e-01
2.31431e+01  9.50944e-01  9.76972e-01  -9.45587e-03  9.58060e-01  9.86428e-01
2.32478e+01  9.59462e-01  9.80061e-01  -8.34073e-03  9.63379e-01  9.88402e-01
2.33525e+01  9.68428e-01  9.83350e-01  -7.13413e-03  9.69082e-01  9.90484e-01
2.34572e+01  9.77759e-01  9.86807e-01  -5.84566e-03  9.75116e-01  9.92653e-01
2.35619e+01  9.87364e-01  9.90398e-01  -4.48645e-03  9.81425e-01  9.94884e-01
2.36667e+01  9.97144e-01  9.94084e-01  -3.06922e-03  9.87945e-01  9.97153e-01
2.37714e+01  1.00699e+00  9.97825e-01  -1.60832e-03  9.94609e-01  9.99434e-01
2.38761e+01  1.01679e+00  1.00158e+00  -1.19689e-04  1.00134e+00  1.00170e+00
2.39808e+01  1.02641e+00  1.00531e+00  1.37926e-03  1.00807e+00  1.00393e+00
2.40855e+01  1.03574e+00  1.00896e+00  2.86980e-03  1.01470e+00  1.00609e+00
2.41903e+01  1.04464e+00  1.01249e+00  4.33218e-03  1.02116e+00  1.00816e+00
2.42950e+01  1.05299e+00  1.01586e+00  5.74593e-03  1.02736e+00  1.01012e+00
2.43997e+01  1.06065e+00  1.01903e+00  7.09034e-03  1.03321e+00  1.01194e+00
2.45044e+01  1.06752e+00  1.02194e+00  8.34491e-03  1.03863e+00  1.01360e+00
2.46091e+01  1.07348e+00  1.02457e+00  9.48989e-03  1.04355e+00  1.01508e+00
2.47139e+01  1.07844e+00  1.02687e+00  1.05069e-02  1.04788e+00  1.01636e+00
2.48186e+01  1.08232e+00  1.02882e+00  1.13794e-02  1.05158e+00  1.01744e+00
2.49233e+01  1.08507e+00  1.03039e+00  1.20934e-02  1.05458e+00  1.01830e+00
2.50280e+01  1.08665e+00  1.03156e+00  1.26377e-02  1.05684e+00  1.01892e+00
2.51327e+01  1.08703e+00  1.03232e+00  1.30044e-02  1.05833e+00  1.01932e+00
2.52375e+01  1.08625e+00  1.03266e+00  1.31893e-02  1.05904e+00  1.01947e+00
2.53422e+01  1.08432e+00  1.03259e+00  1.31918e-02  1.05897e+00  1.01940e+00
2.54469e+01  1.08130e+00  1.03211e+00  1.30149e-02  1.05814e+00  1.01909e+00
2.55516e+01  1.07727e+00  1.03123e+00  1.26652e-02  1.05656e+00  1.01856e+00
2.56563e+01  1.07232e+00  1.02998e+00  1.21525e-02  1.05428e+00  1.01783e+00
2.57611e+01  1.06655e+00  1.02838e+00  1.14894e-02  1.05136e+00  1.01689e+00
2.58658e+01  1.06007e+00  1.02646e+00  1.06909e-02  1.04785e+00  1.01577e+00
2.59705e+01  1.05300e+00  1.02427e+00  9.77363e-03  1.04381e+00  1.01449e+00
2.60752e+01  1.04547e+00  1.02182e+00  8.75566e-03  1.03933e+00  1.01307e+00
2.61799e+01  1.03759e+00  1.01917e+00  7.65567e-03  1.03448e+00  1.01151e+00
2.62847e+01  1.02949e+00  1.01635e+00  6.49256e-03  1.02934e+00  1.00986e+00
2.63894e+01  1.02128e+00  1.01341e+00  5.28494e-03  1.02398e+00  1.00812e+00
2.64941e+01  1.01307e+00  1.01038e+00  4.05078e-03  1.01848e+00  1.00633e+00
2.65988e+01  1.00495e+00  1.00730e+00  2.80706e-03  1.01292e+00  1.00450e+00
2.67035e+01  9.97021e-01  1.00422e+00  1.56958e-03  1.00736e+00  1.00265e+00
2.68083e+01  9.89357e-01  1.00116e+00  3.52759e-04  1.00187e+00  1.00081e+00
2.69130e+01  9.82032e-01  9.98162e-01  -8.30408e-04  9.96501e-01  9.98993e-01
2.70177e+01  9.75109e-01  9.95254e-01  -1.96842e-03  9.91318e-01  9.97223e-01
2.71224e+01  9.68642e-01  9.92466e-01  -3.05122e-03  9.86363e-01  9.95517e-01
2.72271e+01  9.62678e-01  9.89821e-01  -4.07017e-03  9.81681e-01  9.93891e-01
2.73319e+01  9.57255e-01  9.87344e-01  -5.01790e-03  9.77308e-01  9.92362e-01
2.74366e+01  9.52404e-01  9.85054e-01  -5.88828e-03  9.73278e-01  9.90943e-01
2.75413e+01  9.48152e-01  9.82970e-01  -6.67626e-03  9.69617e-01  9.89646e-01
2.76460e+01  9.44519e-01  9.81105e-01  -7.37777e-03  9.66350e-01  9.88483e-01
2.77507e+01  9.41518e-01  9.79474e-01  -7.98957e-03  9.63495e-01  9.87463e-01
2.78555e+01  9.39160e-01  9.78085e-01  -8.50923e-03  9.61067e-01  9.86594e-01
2.79602e+01  9.37451e-01  9.76948e-01  -8.93495e-03  9.59078e-01  9.85883e-01
2.80649e+01  9.36391e-01  9.76067e-01  -9.26554e-03  9.57536e-01  9.85333e-01
2.81696e+01  9.35979e-01  9.75448e-01  -9.50034e-03  9.56447e-01  9.84948e-01
2.82743e+01  9.36209e-01  9.75090e-01  -9.63916e-03  9.55812e-01  9.84730e-01
2.83791e+01  9.37072e-01  9.74995e-01  -9.68229e-03  9.55631e-01  9.84678e-01
2.84838e+01  9.38554e-01  9.75160e-01  -9.63045e-03  9.55900e-01  9.84791e-01
2.85885e+01  9.40638e-01  9.75581e-01  -9.48483e-03  9.56612e-01  9.85066e-01
2.86932e+01  9.43304e-01  9.76252e-01  -9.24708e-03  9.57758e-01  9.85499e-01
2.87979e+01  9.46528e-01  9.77164e-01  -8.91934e-03  9.59325e-01  9.86083e-01
2.89027e+01  9.50281e-01  9.78307e-01  -8.50430e-03  9.61299e-01  9.86812e-01
2.90074e+01  9.54531e-01  9.79671e-01  -8.00524e-03  9.63660e-01  9.87676e-01
2.91121e+01  9.59239e-01  9.81240e-01  -7.42607e-03  9.66388e-01  9.88666e-01
2.92168e+01  9.64363e-01  9.82999e-01  -6.77141e-03  9.69456e-01  9.89770e-01
2.93215e+01  9.69858e-01  9.84930e-01  -6.04662e-03  9.72837e-01  9.90976e-01
2.94263e+01  9.75670e-01  9.87014e-01  -5.25787e-03  9.76498e-01  9.92271e-01
2.95310e+01  9.81744e-01  9.89229e-01  -4.41216e-03  9.80404e-01  9.93641e-01
2.96357e+01  9.88018e-01  9.91552e-01  -3.51736e-03  9.84517e-01  9.95069e-01
2.97404e+01  9.94425e-01  9.93958e-01  -2.58220e-03  9.88794e-01  9.96540e-01
2.98451e+01  1.00090e+00  9.96422e-01  -1.61627e-03  9.93190e-01  9.98038e-01
2.99498e+01  1.00736e+00  9.98916e-01  -6.29962e-04  9.97656e-01  9.99546e-01
3.00546e+01  1.01373e+00  1.00141e+00  3.65609e-04  1.00214e+00  1.00105e+00
3.01593e+01  1.01994e+00  1.00388e+00  1.35871e-03  1.00660e+00  1.00252e+00
3.02640e+01  1.02591e+00  1.00629e+00  2.33715e-03  1.01097e+00  1.00396e+00
3.03687e+01  1.03156e+00  1.00862e+00  3.28843e-03  1.01520e+00  1.00533e+00
3.04734e+01  1.03681e+00  1.01084e+00  4.20000e-03  1.01924e+00  1.00664e+00
3.05782e+01  1.04160e+00  1.01291e+00  5.05947e-03  1.02303e+00  1.00785e+00
3.06829e+01  1.04585e+00  1.01482e+00  5.85487e-03  1.02653e+00  1.00897e+00
3.07876e+01  1.04951e+00  1.01654e+00  6.57495e-03  1.02969e+00  1.00996e+00
3.08923e+01  1.05252e+00  1.01805e+00  7.20940e-03  1.03247e+00  1.01084e+00
3.09970e+01  1.05485e+00  1.01932e+00  7.74918e-03  1.03482e+00  1.01157e+00
3.11018e+01  1.05647e+00  1.02036e+00  8.18670e-03  1.03673e+00  1.01217e+00
3.12065e+01  1.05735e+00  1.02113e+00  8.51606e-03  1.03816e+00  1.01262e+00
3.13112e+01  1.05750e+00  1.02164e+00  8.73317e-03  1.03911e+00  1.01291e+00
3.14159e+01  1.05692e+00  1.02189e+00  8.83591e-03  1.03956e+00  1.01305e+00
3.15206e+01  1.05563e+00  1.02186e+00  8.82412e-03  1.03951e+00  1.01304e+00
3.16254e+01  1.05366e+00  1.02157e+00  8.69960e-03  1.03897e+00  1.01287e+00
3.17301e+01  1.05105e+00  1.02103e+00  8.46606e-03  1.03796e+00  1.01256e+00
3.18348e+01  1.04785e+00  1.02024e+00  8.12894e-03  1.03649e+00  1.01211e+00
3.19395e+01  1.04411e+00  1.01921e+00  7.69527e-03  1.03461e+00  1.01152e+00
3.20442e+01  1.03991e+00  1.01798e+00  7.17344e-03  1.03233e+00  1.01081e+00
3.21490e+01  1.03531e+00  1.01655e+00  6.57295e-03  1.02970e+00  1.00998e+00
3.22537e+01  1.03038e+00  1.01496e+00  5.90413e-03  1.02677e+00  1.00905e+00
3.23584e+01  1.02519e+00  1.01321e+00  5.17792e-03  1.02357e+00  1.00804e+00
3.24631e+01  1.01982e+00  1.01135e+00  4.40560e-03  1.02016e+00  1.00694e+00
3.25678e+01  1.01434e+00  1.00938e+00  3.59851e-03  1.01658e+00  1.00579e+00
3.26726e+01  1.00881e+00  1.00735e+00  2.76790e-03  1.01289e+00  1.00458e+00
3.27773e+01  1.00331e+00  1.00527e+00  1.92469e-03  1.00912e+00  1.00334e+00
3.28820e+01  9.97893e-01  1.00317e+00  1.07934e-03  1.00533e+00  1.00209e+00
3.29867e+01  9.92620e-01  1.00107e+00  2.41725e-04  1.00156e+00  1.00083e+00
3.30914e+01  9.87543e-01  9.99002e-01  -5.78971e-04  9.97844e-01  9.99581e-01
3.31962e+01  9.82710e-01  9.96980e-01  -1.37430e-03  9.94232e-01  9.98355e-01
3.33009e+01  9.78165e-01  9.95029e-01  -2.13658e-03  9.90756e-01  9.97165e-01
3.34056e+01  9.73947e-01  9.93166e-01  -2.85892e-03  9.87448e-01  9.96025e-01
3.35103e+01  9.70087e-01  9.91409e-01  -3.53524e-03  9.84339e-01  9.94944e-01
3.36150e+01  9.66616e-01  9.89775e-01  -4.16018e-03  9.81454e-01  9.93935e-01
3.37198e+01  9.63557e-01  9.88276e-01  -4.72914e-03  9.78818e-01  9.93006e-01
3.38245e+01  9.60930e-01  9.86927e-01  -5.23819e-03  9.76451e-01  9.92165e-01
3.39292e+01  9.58751e-01  9.85737e-01  -5.68407e-03  9.74369e-01  9.91421e-01
3.40339e+01  9.57031e-01  9.84716e-01  -6.06414e-03  9.72588e-01  9.90780e-01
3.41386e+01  9.55779e-01  9.83871e-01  -6.37631e-03  9.71118e-01  9.90247e-01
3.42434e+01  9.54999e-01  9.83207e-01  -6.61905e-03  9.69969e-01  9.89826e-01
3.43481e+01  9.54692e-01  9.82729e-01  -6.79134e-03  9.69146e-01  9.89520e-01
3.44528e+01  9.54855e-01  9.82439e-01  -6.89265e-03  9.68654e-01  9.89332e-01
3.45575e+01  9.55481e-01  9.82338e-01  -6.92292e-03  9.68492e-01  9.89261e-01
3.46622e+01  9.56563e-01  9.82424e-01  -6.88256e-03  9.68659e-01  9.89307e-01
3.47670e+01  9.58086e-01  9.82696e-01  -6.77245e-03  9.69151e-01  9.89469e-01
3.48717e+01  9.60034e-01  9.83150e-01  -6.59395e-03  9.69962e-01  9.89743e-01
3.49764e+01  9.62389e-01  9.83778e-01  -6.34887e-03  9.71081e-01  9.90127e-01
3.50811e+01  9.65127e-01  9.84575e-01  -6.03955e-03  9.72496e-01  9.90615e-01
3.51858e+01  9.68221e-01  9.85532e-01  -5.66881e-03  9.74194e-01  9.91201e-01
3.52906e+01  9.71642e-01  9.86638e-01  -5.24003e-03  9.76158e-01  9.91878e-01
3.53953e+01  9.75357e-01  9.87882e-01  -4.75712e-03  9.78367e-01  9.92639e-01
3.55000e+01  9.79328e-01  9.89250e-01  -4.22454e-03  9.80801e-01  9.93474e-01
3.56047e+01  9.83515e-01  9.90728e-01  -3.64733e-03  9.83433e-01  9.94375e-01
3.57094e+01  9.87877e-01  9.92300e-01  -3.03109e-03  9.86238e-01  9.95331e-01
3.58142e+01  9.92365e-01  9.93950e-01  -2.38198e-03  9.89186e-01  9.96332e-01
3.59189e+01  9.96933e-01  9.95659e-01  -1.70669e-03  9.92245e-01  9.97365e-01
3.60236e+01  1.00153e+00  9.97408e-01  -1.01240e-03  9.95383e-01  9.98421e-01
3.61283e+01  1.00610e+00  9.99179e-01  -3.06738e-04  9.98565e-01  9.99486e-01
3.62330e+01  1.01059e+00  1.00095e+00  4.02295e-04  1.00176e+00  1.00055e+00
3.63378e+01  1.01496e+00  1.00270e+00  1.10642e-03  1.00492e+00  1.00160e+00
3.64425e+01  1.01913e+00  1.00442e+00  1.79717e-03  1.00801e+00  1.00262e+00
3.65472e+01  1.02307e+00  1.00607e+00  2.46604e-03  1.01100e+00  1.00360e+00
3.66519e+01  1.02672e+00  1.00764e+00  3.10459e-03  1.01385e+00  1.00454e+00
3.67566e+01  1.03004e+00  1.00912e+00  3.70461e-03  1.01653e+00  1.00541e+00
3.68614e+01  1.03299e+00  1.01048e+00  4.25826e-03  1.01899e+00  1.00622e+00
3.69661e+01  1.03551e+00  1.01171e+00  4.75827e-03  1.02122e+00  1.00695e+00
3.70708e+01  1.03760e+00  1.01279e+00  5.19801e-03  1.02318e+00  1.00759e+00
3.71755e+01  1.03920e+00  1.01371e+00  5.57171e-03  1.02485e+00  1.00814e+00
3.72802e+01  1.04032e+00  1.01446e+00  5.87454e-03  1.02621e+00  1.00859e+00
3.73850e+01  1.04094e+00  1.01504e+00  6.10274e-03  1.02724e+00  1.00894e+00
3.74897e+01  1.04104e+00  1.01543e+00  6.25371e-03  1.02794e+00  1.00918e+00
3.75944e+01  1.04065e+00  1.01564e+00  6.32603e-03  1.02829e+00  1.00931e+00
3.76991e+01  1.03976e+00  1.01565e+00  6.31952e-03  1.02829e+00  1.00934e+00
3.78038e+01  1.03840e+00  1.01549e+00  6.23521e-03  1.02796e+00  1.00925e+00
3.79086e+01  1.03659e+00  1.01514e+00  6.07532e-03  1.02729e+00  1.00906e+00
3.80133e+01  1.03437e+00  1.01462e+00  5.84315e-03  1.02630e+00  1.00877e+00
3.81180e+01  1.03176e+00  1.01393e+00  5.54305e-03  1.02502e+00  1.00839e+00
3.82227e+01  1.02882e+00  1.01309e+00  5.18026e-03  1.02345e+00  1.00791e+00
3.83274e+01  1.02558e+00  1.01211e+00  4.76078e-03  1.02163e+00  1.00735e+00
3.84322e+01  1.02209e+00  1.01100e+00  4.29125e-03  1.01958e+00  1.00671e+00
3.85369e+01  1.01840e+00  1.00978e+00  3.77876e-03  1.01734e+00  1.00600e+00
3.86416e+01  1.01457e+00  1.00847e+00  3.23077e-03  1.01493e+00  1.00523e+00
3.87463e+01  1.01063e+00  1.00707e+00  2.65491e-03  1.01238e+00  1.00442e+00
3.88510e+01  1.00663e+00  1.00562e+00  2.05884e-03  1.00974e+00  1.00356e+00
3.89557e+01  1.00264e+00  1.00413e+00  1.45019e-03  1.00703e+00  1.00268e+00
3.90605e+01  9.98680e-01  1.00261e+00  8.36377e-04  1.00429e+00  1.00178e+00
3.91652e+01  9.94806e-01  1.00109e+00  2.24580e-04  1.00154e+00  1.00087e+00
3.92699e+01  9.91057e-01  9.99579e-01  -3.78389e-04  9.98822e-01  9.99957e-01
3.93746e+01  9.87469e-01  9.98094e-01  -9.66115e-04  9.96161e-01  9.99060e-01
3.94793e+01  9.84077e-01  9.96651e-01  -1.53264e-03  9.93586e-01  9.98184e-01
3.95841e+01  9.80913e-01  9.95267e-01  -2.07248e-03  9.91122e-01  9.97339e-01
3.96888e+01  9.78003e-01  9.93953e-01  -2.58065e-03  9.88792e-01  9.96534e-01
3.97935e+01  9.75373e-01  9.92723e-01  -3.05270e-03  9.86618e-01  9.95776e-01
3.98982e+01  9.73044e-01  9.91589e-01  -3.48465e-03  9.84619e-01  9.95073e-01
4.00029e+01  9.71032e-01  9.90560e-01  -3.87307e-03  9.82814e-01  9.94433e-01
4.01077e+01  9.69354e-01  9.89645e-01  -4.21500e-03  9.81215e-01  9.93860e-01
4.02124e+01  9.68021e-01  9.88853e-01  -4.50797e-03  9.79838e-01  9.93361e-01
4.03171e+01  9.67040e-01  9.88190e-01  -4.74999e-03  9.78690e-01  9.92940e-01
4.04218e+01  9.66416e-01  9.87661e-01  -4.93952e-03  9.77782e-01  9.92600e-01
4.05265e+01  9.66152e-01  9.87269e-01  -5.07547e-03  9.77118e-01  9.92345e-01
4.06313e+01  9.66247e-01  9.87018e-01  -5.15719e-03  9.76704e-01  9.92175e-01
4.07360e+01  9.66697e-01  9.86908e-01  -5.18447e-03  9.76539e-01  9.92093e-01
4.08407e+01  9.67494e-01  9.86939e-01  -5.15750e-03  9.76624e-01  9.92097e-01
4.09454e+01  9.68630e-01  9.87111e-01  -5.07692e-03  9.76957e-01  9.92188e-01
4.10501e+01  9.70092e-01  9.87419e-01  -4.94376e-03  9.77532e-01  9.92363e-01
4.11549e+01  9.71863e-01  9.87861e-01  -4.75951e-03  9.78342e-01  9.92620e-01
4.12596e+01  9.73927e-01  9.88430e-01  -4.52605e-03  9.79378e-01  9.92957e-01
4.13643e+01  9.76261e-01  9.89122e-01  -4.24572e-03  9.80630e-01  9.93367e-01
4.14690e+01  9.78843e-01  9.89926e-01  -3.92127e-03  9.82084e-01  9.93848e-01
4.15737e+01  9.81645e-01  9.90836e-01  -3.55589e-03  9.83725e-01  9.94392e-01
4.16785e+01  9.84639e-01  9.91842e-01  -3.15318e-03  9.85535e-01  9.94995e-01
4.17832e+01  9.87794e-01  9.92931e-01  -2.71718e-03  9.87497e-01  9.95648e-01
4.18879e+01  9.91076e-01  9.94093e-01  -2.25234e-03  9.89588e-01  9.96345e-01
4.19926e+01  9.94450e-01  9.95314e-01  -1.76346e-03  9.91787e-01  9.97078e-01
4.20973e+01  9.97879e-01  9.96582e-01  -1.25572e-03  9.94070e-01  9.97838e-01
4.22021e+01  1.00132e+00  9.97882e-01  -7.34634e-04  9.96412e-01  9.98616e-01
4.23068e+01  1.00475e+00  9.99199e-01  -2.05954e-04  9.98787e-01  9.99405e-01
4.24115e+01  1.00811e+00  1.00052e+00  3.24333e-04  1.00117e+00  1.00019e+00
4.25162e+01  1.01137e+00  1.00183e+00  8.50101e-04  1.00353e+00  1.00098e+00
4.26209e+01  1.01449e+00  1.00311e+00  1.36515e-03  1.00584e+00  1.00174e+00
4.27257e+01  1.01743e+00  1.00435e+00  1.86330e-03  1.00807e+00  1.00248e+00
4.28304e+01  1.02015e+00  1.00553e+00  2.33847e-03  1.01020e+00  1.00319e+00
4.29351e+01  1.02263e+00  1.00664e+00  2.78478e-03  1.01221e+00  1.00385e+00
4.30398e+01  1.02483e+00  1.00767e+00  3.19668e-03  1.01406e+00  1.00447e+00
4.31445e+01  1.02672e+00  1.00860e+00  3.56897e-03  1.01574e+00  1.00503e+00
4.32493e+01  1.02829e+00  1.00943e+00  3.89699e-03  1.01722e+00  1.00553e+00
4.33540e+01  1.02950e+00  1.01014e+00  4.17665e-03  1.01849e+00  1.00596e+00
4.34587e+01  1.03036e+00  1.01073e+00  4.40451e-03  1.01954e+00  1.00632e+00
4.35634e+01  1.03085e+00  1.01119e+00  4.57788e-03  1.02034e+00  1.00661e+00
4.36681e+01  1.03096e+00  1.01151e+00  4.69484e-03  1.02090e+00  1.00682e+00
4.37729e+01  1.03070e+00  1.01170e+00  4.75429e-03  1.02121e+00  1.00694e+00
4.38776e+01  1.03008e+00  1.01175e+00  4.75595e-03  1.02126e+00  1.00699e+00
4.39823e+01  1.02911e+00  1.01166e+00  4.70039e-03  1.02106e+00  1.00696e+00
4.40870e+01  1.02780e+00  1.01144e+00  4.58897e-03  1.02062e+00  1.00685e+00
4.41917e+01  1.02617e+00  1.01108e+00  4.42385e-03  1.01993e+00  1.00666e+00
4.42965e+01  1.02426e+00  1.01061e+00  4.20788e-03  1.01902e+00  1.00640e+00
4.44012e+01  1.02208e+00  1.01001e+00  3.94457e-03  1.01790e+00  1.00607e+00
4.45059e+01  1.01968e+00  1.00931e+00  3.63801e-03  1.01658e+00  1.00567e+00
4.46106e+01  1.01707e+00  1.00851e+00  3.29277e-03  1.01509e+00  1.00521e+00
4.47153e+01  1.01431e+00  1.00762e+00  2.91380e-03  1.01344e+00  1.00470e+00
4.48201e+01  1.01142e+00  1.00665e+00  2.50636e-03  1.01166e+00  1.00414e+00
4.49248e+01  1.00844e+00  1.00562e+00  2.07593e-03  1.00977e+00  1.00354e+00
4.50295e+01  1.00540e+00  1.00454e+00  1.62807e-03  1.00780e+00  1.00291e+00
4.51342e+01  1.00235e+00  1.00342e+00  1.16840e-03  1.00576e+00  1.00225e+00
4.52389e+01  9.99313e-01  1.00228e+00  7.02472e-04  1.00368e+00  1.00158e+00
4.53437e+01  9.96328e-01  1.00113e+00  2.35719e-04  1.00160e+00  1.00089e+00
4.54484e+01  9.93425e-01  9.99975e-01  -2.26601e-04  9.99522e-01  1.00020e+00
4.55531e+01  9.90635e-01  9.98838e-01  -6.79469e-04  9.97479e-01  9.99518e-01
4.56578e+01  9.87986e-01  9.97728e-01  -1.11814e-03  9.95492e-01  9.98846e-01
4.57625e+01  9.85503e-01  9.96657e-01  -1.53819e-03  9.93580e-01  9.98195e-01
4.58673e+01  9.83209e-01  9.95635e-01  -1.93552e-03  9.91764e-01  9.97570e-01
4.59720e+01  9.81126e-01  9.94672e-01  -2.30640e-03  9.90059e-01  9.96979e-01
4.60767e+01  9.79271e-01  9.93779e-01  -2.64748e-03  9.88484e-01  9.96426e-01
4.61814e+01  9.77661e-01  9.92963e-01  -2.95576e-03  9.87051e-01  9.95919e-01
4.62861e+01  9.76308e-01  9.92232e-01  -3.22867e-03  9.85775e-01  9.95461e-01
4.63909e+01  9.75222e-01  9.91593e-01  -3.46398e-03  9.84665e-01  9.95057e-01
4.64956e+01  9.74412e-01  9.91051e-01  -3.65988e-03  9.83732e-01  9.94711e-01
4.66003e+01  9.73883e-01  9.90612e-01  -3.81493e-03  9.82982e-01  9.94427e-01
4.67050e+01  9.73636e-01  9.90278e-01  -3.92806e-03  9.82422e-01  9.94206e-01
4.68097e+01  9.73674e-01  9.90051e-01  -3.99859e-03  9.82054e-01  9.94050e-01
4.69145e+01  9.73992e-01  9.89935e-01  -4.02621e-03  9.81882e-01  9.93961e-01
4.70192e+01  9.74586e-01  9.89928e-01  -4.01097e-03  9.81906e-01  9.93939e-01
4.71239e+01  9.75449e-01  9.90030e-01  -3.95330e-03  9.82123e-01  9.93983e-01
4.72286e+01  9.76570e-01  9.90239e-01  -3.85398e-03  9.82531e-01  9.94093e-01
4.73333e+01  9.77938e-01  9.90553e-01  -3.71419e-03  9.83125e-01  9.94267e-01
4.74380e+01  9.79538e-01  9.90968e-01  -3.53542e-03  9.83897e-01  9.94503e-01
4.75428e+01  9.81353e-01  9.91479e-01  -3.31956e-03  9.84839e-01  9.94798e-01
4.76475e+01  9.83364e-01  9.92079e-01  -3.06883e-03  9.85942e-01  9.95148e-01
4.77522e+01  9.85549e-01  9.92763e-01  -2.78581e-03  9.87192e-01  9.95549e-01
4.78569e+01  9.87887e-01  9.93523e-01  -2.47341e-03  9.88576e-01  9.95997e-01
4.79616e+01  9.90352e-01  9.94351e-01  -2.13486e-03  9.90081e-01  9.96485e-01
4.80664e+01  9.92917e-01  9.95236e-01  -1.77371e-03  9.91689e-01  9.97010e-01
4.81711e+01  9.95554e-01  9.96171e-01  -1.39379e-03  9.93383e-01  9.97564e-01
4.82758e+01  9.98235e-01  9.97143e-01  -9.99180e-04  9.95145e-01  9.98142e-01
4.83805e+01  1.00093e+00  9.98143e-01  -5.94196e-04  9.96955e-01  9.98737e-01
4.84852e+01  1.00361e+00  9.99159e-01  -1.83331e-04  9.98792e-01  9.99342e-01
4.85900e+01  1.00624e+00  1.00018e+00  2.28783e-04  1.00064e+00  9.99951e-01
4.86947e+01  1.00879e+00  1.00119e+00  6.37425e-04  1.00247e+00  1.00056e+00
4.87994e+01  1.01123e+00  1.00219e+00  1.03785e-03  1.00426e+00  1.00115e+00
4.89041e+01  1.01354e+00  1.00315e+00  1.42533e-03  1.00601e+00  1.00173e+00
4.90088e+01  1.01568e+00  1.00408e+00  1.79526e-03  1.00767e+00  1.00228e+00
4.91136e+01  1.01763e+00  1.00495e+00  2.14319e-03  1.00924e+00  1.00281e+00
4.92183e+01  1.01936e+00  1.00576e+00  2.46489e-03  1.01069e+00  1.00330e+00
4.93230e+01  1.02086e+00  1.00650e+00  2.75647e-03  1.01202e+00  1.00375e+00
4.94277e+01  1.02211e+00  1.00717e+00  3.01437e-03  1.01319e+00  1.00415e+00
4.95324e+01  1.02310e+00  1.00774e+00  3.23549e-03  1.01421e+00  1.00450e+00
4.96372e+01  1.02380e+00  1.00822e+00  3.41719e-03  1.01506e+00  1.00480e+00
4.97419e+01  1.02422e+00  1.00860e+00  3.55738e-03  1.01572e+00  1.00505e+00
4.98466e+01  1.02435e+00  1.00889e+00  3.65453e-03  1.01619e+00  1.00523e+00
4.99513e+01  1.02419e+00  1.00906e+00  3.70768e-03  1.01648e+00  1.00535e+00
5.00560e+01  1.02375e+00  1.00913e+00  3.71651e-03  1.01657e+00  1.00542e+00
5.01608e+01  1.02303e+00  1.00910e+00  3.68127e-03  1.01646e+00  1.00542e+00
5.02655e+01  1.02205e+00  1.00896e+00  3.60285e-03  1.01616e+00  1.00535e+00
5.03702e+01  1.02082e+00  1.00871e+00  3.48266e-03  1.01568e+00  1.00523e+00
5.04749e+01  1.01936e+00  1.00837e+00  3.32269e-03  1.01502e+00  1.00505e+00
5.05796e+01  1.01769e+00  1.00794e+00  3.12540e-03  1.01419e+00  1.00482e+00
5.06844e+01  1.01583e+00  1.00742e+00  2.89373e-03  1.01321e+00  1.00453e+00
5.07891e+01  1.01381e+00  1.00682e+00  2.63099e-03  1.01209e+00  1.00419e+00
5.08938e+01  1.01165e+00  1.00615e+00  2.34080e-03  1.01084e+00  1.00381e+00
5.09985e+01  1.00939e+00  1.00542e+00  2.02707e-03  1.00948e+00  1.00339e+00
5.11032e+01  1.00704e+00  1.00463e+00  1.69390e-03  1.00802e+00  1.00294e+00
5.12080e+01  1.00465e+00  1.00380e+00  1.34553e-03  1.00649e+00  1.00246e+00
5.13127e+01  1.00222e+00  1.00294e+00  9.86243e-04  1.00491e+00  1.00195e+00
5.14174e+01  9.99806e-01  1.00205e+00  6.20366e-04  1.00329e+00  1.00143e+00
5.15221e+01  9.97419e-01  1.00115e+00  2.52163e-04  1.00165e+00  1.00090e+00
5.16268e+01  9.95088e-01  1.00025e+00  -1.14192e-04  1.00002e+00  1.00036e+00
5.17316e+01  9.92839e-01  9.99348e-01  -4.74663e-04  9.98398e-01  9.99822e-01
5.18363e+01  9.90694e-01  9.98467e-01  -8.25394e-04  9.96816e-01  9.99292e-01
5.19410e+01  9.88675e-01  9.97612e-01  -1.16274e-03  9.95286e-01  9.98774e-01
5.20457e+01  9.86802e-01  9.96792e-01  -1.48329e-03  9.93825e-01  9.98275e-01
5.21504e+01  9.85093e-01  9.96015e-01  -1.78390e-03  9.92448e-01  9.97799e-01
5.22552e+01  9.83563e-01  9.95290e-01  -2.06171e-03  9.91167e-01  9.97352e-01
5.23599e+01  9.82226e-01  9.94624e-01  -2.31413e-03  9.89995e-01  9.96938e-01
5.24646e+01  9.81095e-01  9.94022e-01  -2.53890e-03  9.88944e-01  9.96561e-01
5.25693e+01  9.80177e-01  9.93491e-01  -2.73406e-03  9.88023e-01  9.96225e-01
5.26740e+01  9.79481e-01  9.93035e-01  -2.89797e-03  9.87239e-01  9.95933e-01
5.27788e+01  9.79012e-01  9.92659e-01  -3.02929e-03  9.86601e-01  9.95689e-01
5.28835e+01  9.78773e-01  9.92366e-01  -3.12702e-03  9.86112e-01  9.95493e-01
5.29882e+01  9.78764e-01  9.92159e-01  -3.19048e-03  9.85778e-01  9.95349e-01
5.30929e+01  9.78984e-01  9.92038e-01  -3.21929e-03  9.85599e-01  9.95257e-01
5.31976e+01  9.79429e-01  9.92005e-01  -3.21341e-03  9.85578e-01  9.95218e-01
5.33024e+01  9.80095e-01  9.92059e-01  -3.17311e-03  9.85712e-01  9.95232e-01
5.34071e+01  9.80972e-01  9.92199e-01  -3.09897e-03  9.86001e-01  9.95298e-01
5.35118e+01  9.82052e-01  9.92423e-01  -2.99189e-03  9.86440e-01  9.95415e-01
5.36165e+01  9.83322e-01  9.92729e-01  -2.85307e-03  9.87023e-01  9.95582e-01
5.37212e+01  9.84769e-01  9.93113e-01  -2.68401e-03  9.87745e-01  9.95797e-01
5.38260e+01  9.86378e-01  9.93570e-01  -2.48651e-03  9.88597e-01  9.96057e-01
5.39307e+01  9.88131e-01  9.94096e-01  -2.26268e-03  9.89571e-01  9.96359e-01
5.40354e+01  9.90009e-01  9.94684e-01  -2.01485e-03  9.90654e-01  9.96699e-01
5.41401e+01  9.91992e-01  9.95328e-01  -1.74567e-03  9.91836e-01  9.97073e-01
5.42448e+01  9.94059e-01  9.96020e-01  -1.45800e-03  9.93104e-01  9.97478e-01
5.43496e+01  9.96187e-01  9.96754e-01  -1.15494e-03  9.94444e-01  9.97909e-01
5.44543e+01  9.98353e-01  9.97520e-01  -8.39762e-04  9.95840e-01  9.98360e-01
5.45590e+01  1.00053e+00  9.98310e-01  -5.15944e-04  9.97279e-01  9.98826e-01
5.46637e+01  1.00270e+00  9.99116e-01  -1.87080e-04  9.98742e-01  9.99303e-01
5.47684e+01  1.00483e+00  9.99928e-01  1.43134e-04  1.00021e+00  9.99785e-01
5.48732e+01  1.00690e+00  1.00074e+00  4.70942e-04  1.00168e+00  1.00027e+00
5.49779e+01  1.00889e+00  1.00153e+00  7.92572e-04  1.00312e+00  1.00074e+00
5.50826e+01  1.01077e+00  1.00231e+00  1.10429e-03  1.00452e+00  1.00121e+00
5.51873e+01  1.01251e+00  1.00306e+00  1.40244e-03  1.00586e+00  1.00165e+00
5.52920e+01  1.01411e+00  1.00376e+00  1.68350e-03  1.00713e+00  1.00208e+00
5.53968e+01  1.01554e+00  1.00443e+00  1.94413e-03  1.00831e+00  1.00248e+00
5.55015e+01  1.01678e+00  1.00503e+00  2.18124e-03  1.00939e+00  1.00285e+00
5.56062e+01  1.01782e+00  1.00558e+00  2.39201e-03  1.01036e+00  1.00319e+00
5.57109e+01  1.01865e+00  1.00606e+00  2.57394e-03  1.01121e+00  1.00348e+00
5.58156e+01  1.01926e+00  1.00646e+00  2.72492e-03  1.01191e+00  1.00374e+00
5.59203e+01  1.01964e+00  1.00679e+00  2.84322e-03  1.01248e+00  1.00395e+00
5.60251e+01  1.01979e+00  1.00704e+00  2.92756e-03  1.01290e+00  1.00412e+00
5.61298e+01  1.01970e+00  1.00721e+00  2.97708e-03  1.01317e+00  1.00423e+00
5.62345e+01  1.01939e+00  1.00730e+00  2.99140e-03  1.01328e+00  1.00430e+00
5.63392e+01  1.01885e+00  1.00730e+00  2.97061e-03  1.01324e+00  1.00432e+00
5.64439e+01  1.01810e+00  1.00721e+00  2.91525e-03  1.01304e+00  1.00430e+00
5.65487e+01  1.01714e+00  1.00705e+00  2.82630e-03  1.01270e+00  1.00422e+00
5.66534e+01  1.01599e+00  1.00680e+00  2.70518e-03  1.01221e+00  1.00409e+00
5.67581e+01  1.01467e+00  1.00648e+00  2.55368e-03  1.01159e+00  1.00393e+00
5.68628e+01  1.01319e+00  1.00609e+00  2.37398e-03  1.01084e+00  1.00371e+00
5.69675e+01  1.01157e+00  1.00563e+00  2.16857e-03  1.00997e+00  1.00346e+00
5.70723e+01  1.00984e+00  1.00511e+00  1.94021e-03  1.00899e+00  1.00317e+00
5.71770e+01  1.00801e+00  1.00454e+00  1.69190e-03  1.00793e+00  1.00285e+00
5.72817e+01  1.00611e+00  1.00393e+00  1.42684e-03  1.00678e+00  1.00250e+00
5.73864e+01  1.00415e+00  1.00327e+00  1.14833e-03  1.00557e+00  1.00212e+00
5.74911e+01  1.00217e+00  1.00259e+00  8.59775e-04  1.00431e+00  1.00173e+00
5.75959e+01  1.00019e+00  1.00188e+00  5.64631e-04  1.00301e+00  1.00131e+00
5.77006e+01  9.98222e-01  1.00116e+00  2.66336e-04  1.00169e+00  1.00089e+00
5.78053e+01  9.96295e-01  1.00043e+00  -3.17128e-05  1.00036e+00  1.00046e+00
5.79100e+01  9.94428e-01  9.99701e-01  -3.26199e-04  9.99049e-01  1.00003e+00
5.80147e+01  9.92641e-01  9.98985e-01  -6.13923e-04  9.97757e-01  9.99599e-01
5.81195e+01  9.90952e-01  9.98286e-01  -8.91833e-04  9.96502e-01  9.99178e-01
5.82242e+01  9.89378e-01  9.97612e-01  -1.15705e-03  9.95298e-01  9.98769e-01
5.83289e+01  9.87935e-01  9.96971e-01  -1.40689e-03  9.94157e-01  9.98378e-01
5.84336e+01  9.86636e-01  9.96368e-01  -1.63887e-03  9.93091e-01  9.98007e-01
5.85383e+01  9.85494e-01  9.95811e-01  -1.85077e-03  9.92109e-01  9.97662e-01
5.86431e+01  9.84520e-01  9.95304e-01  -2.04059e-03  9.91223e-01  9.97344e-01
5.87478e+01  9.83721e-01  9.94852e-01  -2.20657e-03  9.90439e-01  9.97059e-01
5.88525e+01  9.83105e-01  9.94461e-01  -2.34724e-03  9.89766e-01  9.96808e-01
5.89572e+01  9.82677e-01  9.94133e-01  -2.46139e-03  9.89210e-01  9.96594e-01
5.90619e+01  9.82439e-01  9.93871e-01  -2.54805e-03  9.88775e-01  9.96419e-01
5.91667e+01  9.82394e-01  9.93678e-01  -2.60657e-03  9.88465e-01  9.96285e-01
5.92714e+01  9.82539e-01  9.93556e-01  -2.63654e-03  9.88283e-01  9.96192e-01
5.93761e+01  9.82874e-01  9.93505e-01  -2.63783e-03  9.88229e-01  9.96143e-01
5.94808e+01  9.83393e-01  9.93525e-01  -2.61060e-03  9.88304e-01  9.96136e-01
5.95855e+01  9.84091e-01  9.93616e-01  -2.55527e-03  9.88506e-01  9.96172e-01
5.96903e+01  9.84959e-01  9.93777e-01  -2.47252e-03  9.88832e-01  9.96249e-01
5.97950e+01  9.85988e-01  9.94005e-01  -2.36331e-03  9.89278e-01  9.96368e-01
5.98997e+01  9.87167e-01  9.94297e-01  -2.22886e-03  9.89840e-01  9.96526e-01
6.00044e+01  9.88483e-01  9.94651e-01  -2.07062e-03  9.90510e-01  9.96722e-01
6.01091e+01  9.89921e-01  9.95062e-01  -1.89031e-03  9.91282e-01  9.96952e-01
6.02139e+01  9.91467e-01  9.95526e-01  -1.68986e-03  9.92146e-01  9.97216e-01
6.03186e+01  9.93103e-01  9.96037e-01  -1.47142e-03  9.93094e-01  9.97508e-01
6.04233e+01  9.94812e-01  9.96589e-01  -1.23736e-03  9.94115e-01  9.97827e-01
6.05280e+01  9.96574e-01  9.97177e-01  -9.90208e-04  9.95197e-01  9.98168e-01
6.06327e+01  9.98371e-01  9.97794e-01  -7.32675e-04  9.96329e-01  9.98527e-01
6.07375e+01  1.00018e+00  9.98433e-01  -4.67597e-04  9.97498e-01  9.98901e-01
6.08422e+01  1.00199e+00  9.99087e-01  -1.97919e-04  9.98691e-01  9.99285e-01
6.09469e+01  1.00376e+00  9.99748e-01  7.33327e-05  9.99895e-01  9.99675e-01
6.10516e+01  1.00549e+00  1.00041e+00  3.43087e-04  1.00110e+00  1.00007e+00
6.11563e+01  1.00716e+00  1.00106e+00  6.08264e-04  1.00228e+00  1.00045e+00
6.12611e+01  1.00873e+00  1.00170e+00  8.65812e-04  1.00343e+00  1.00084e+00
6.13658e+01  1.01021e+00  1.00232e+00  1.11275e-03  1.00454e+00  1.00121e+00
6.14705e+01  1.01156e+00  1.00291e+00  1.34619e-03  1.00560e+00  1.00156e+00
6.15752e+01  1.01277e+00  1.00346e+00  1.56340e-03  1.00658e+00  1.00189e+00
6.16799e+01  1.01383e+00  1.00397e+00  1.76185e-03  1.00749e+00  1.00221e+00
6.17847e+01  1.01473e+00  1.00443e+00  1.93921e-03  1.00831e+00  1.00249e+00
6.18894e+01  1.01545e+00  1.00484e+00  2.09340e-03  1.00902e+00  1.00274e+00
6.19941e+01  1.01600e+00  1.00519e+00  2.22265e-03  1.00963e+00  1.00297e+00
6.20988e+01  1.01635e+00  1.00548e+00  2.32550e-03  1.01013e+00  1.00315e+00
6.22035e+01  1.01651e+00  1.00571e+00  2.40082e-03  1.01051e+00  1.00330e+00
6.23083e+01  1.01648e+00  1.00587e+00  2.44784e-03  1.01076e+00  1.00342e+00
6.24130e+01  1.01626e+00  1.00596e+00  2.46615e-03  1.01089e+00  1.00349e+00
6.25177e+01  1.01585e+00  1.00598e+00  2.45570e-03  1.01089e+00  1.00352e+00
6.26224e+01  1.01526e+00  1.00593e+00  2.41683e-03  1.01077e+00  1.00352e+00
6.27271e+01  1.01450e+00  1.00582e+00  2.35023e-03  1.01052e+00  1.00347e+00
6.28319e+01  1.01358e+00  1.00564e+00  2.25691e-03  1.01016e+00  1.00339e+00
6.29366e+01  1.01251e+00  1.00540e+00  2.13824e-03  1.00968e+00  1.00327e+00
6.30413e+01  1.01130e+00  1.00510e+00  1.99587e-03  1.00909e+00  1.00311e+00
6.31460e+01  1.00997e+00  1.00475e+00  1.83173e-03  1.00841e+00  1.00292e+00
6.32507e+01  1.00854e+00  1.00434e+00  1.64798e-03  1.00764e+00  1.00269e+00
6.33555e+01  1.00703e+00  1.00389e+00  1.44700e-03  1.00678e+00  1.00244e+00
6.34602e+01  1.00545e+00  1.00340e+00  1.23132e-03  1.00586e+00  1.00216e+00
6.35649e+01  1.00382e+00  1.00287e+00  1.00363e-03  1.00488e+00  1.00186e+00
6.36696e+01  1.00216e+00  1.00231e+00  7.66667e-04  1.00385e+00  1.00155e+00
6.37743e+01  1.00049e+00  1.00174e+00  5.23267e-04  1.00278e+00  1.00121e+00
6.38791e+01  9.98829e-01  1.00115e+00  2.76262e-04  1.00170e+00  1.00087e+00
6.39838e+01  9.97196e-01  1.00055e+00  2.84779e-05  1.00061e+00  1.00052e+00
6.40885e+01  9.95609e-01  9.99948e-01  -2.17310e-04  9.99514e-01  1.00017e+00
6.41932e+01  9.94084e-01  9.99354e-01  -4.58403e-04  9.98437e-01  9.99812e-01
6.42979e+01  9.92637e-01  9.98771e-01  -6.92202e-04  9.97387e-01  9.99464e-01
6.44026e+01  9.91282e-01  9.98207e-01  -9.16241e-04  9.96375e-01  9.99123e-01
6.45074e+01  9.90034e-01  9.97667e-01  -1.12820e-03  9.95411e-01  9.98795e-01
6.46121e+01  9.88906e-01  9.97157e-01  -1.32593e-03  9.94505e-01  9.98483e-01
6.47168e+01  9.87907e-01  9.96682e-01  -1.50745e-03  9.93667e-01  9.98190e-01
6.48215e+01  9.87047e-01  9.96247e-01  -1.67101e-03  9.92905e-01  9.97918e-01
6.49262e+01  9.86335e-01  9.95857e-01  -1.81504e-03  9.92227e-01  9.97672e-01
6.50310e+01  9.85777e-01  9.95514e-01  -1.93820e-03  9.91638e-01  9.97453e-01
6.51357e+01  9.85377e-01  9.95224e-01  -2.03937e-03  9.91145e-01  9.97263e-01
6.52404e+01  9.85140e-01  9.94987e-01  -2.11765e-03  9.90752e-01  9.97105e-01
6.53451e+01  9.85065e-01  9.94807e-01  -2.17240e-03  9.90463e-01  9.96980e-01
6.54498e+01  9.85154e-01  9.94686e-01  -2.20320e-03  9.90279e-01  9.96889e-01
6.55546e+01  9.85404e-01  9.94623e-01  -2.20987e-03  9.90203e-01  9.96833e-01
6.56593e+01  9.85813e-01  9.94620e-01  -2.19246e-03  9.90235e-01  9.96812e-01
6.57640e+01  9.86375e-01  9.94675e-01  -2.15128e-03  9.90373e-01  9.96827e-01
6.58687e+01  9.87084e-01  9.94789e-01  -2.08685e-03  9.90616e-01  9.96876e-01
6.59734e+01  9.87932e-01  9.94960e-01  -1.99992e-03  9.90960e-01  9.96960e-01
6.60782e+01  9.88910e-01  9.95186e-01  -1.89149e-03  9.91403e-01  9.97077e-01
6.61829e+01  9.90007e-01  9.95463e-01  -1.76274e-03  9.91938e-01  9.97226e-01
6.62876e+01  9.91211e-01  9.95789e-01  -1.61509e-03  9.92559e-01  9.97405e-01
6.63923e+01  9.92509e-01  9.96161e-01  -1.45015e-03  9.93261e-01  9.97611e-01
6.64970e+01  9.93887e-01  9.96573e-01  -1.26971e-03  9.94034e-01  9.97843e-01
6.66018e+01  9.95330e-01  9.97022e-01  -1.07573e-03  9.94870e-01  9.98098e-01
6.67065e+01  9.96822e-01  9.97502e-01  -8.70326e-04  9.95761e-01  9.98372e-01
6.68112e+01  9.98346e-01  9.98008e-01  -6.55766e-04  9.96696e-01  9.98663e-01
6.69159e+01  9.99885e-01  9.98534e-01  -4.34416e-04  9.97665e-01  9.98968e-01
6.70206e+01  1.00142e+00  9.99074e-01  -2.08738e-04  9.98656e-01  9.99283e-01
6.71254e+01  1.00294e+00  9.99622e-01  1.87390e-05  9.99660e-01  9.99604e-01
6.72301e+01  1.00442e+00  1.00017e+00  2.45448e-04  1.00066e+00  9.99927e-01
6.73348e+01  1.00585e+00  1.00072e+00  4.68815e-04  1.00166e+00  1.00025e+00
6.74395e+01  1.00721e+00  1.00125e+00  6.86284e-04  1.00263e+00  1.00057e+00
6.75442e+01  1.00848e+00  1.00177e+00  8.95356e-04  1.00356e+00  1.00088e+00
6.76490e+01  1.00965e+00  1.00227e+00  1.09362e-03  1.00446e+00  1.00118e+00
6.77537e+01  1.01071e+00  1.00274e+00  1.27877e-03  1.00530e+00  1.00146e+00
6.78584e+01  1.01164e+00  1.00318e+00  1.44866e-03  1.00607e+00  1.00173e+00
6.79631e+01  1.01243e+00  1.00357e+00  1.60132e-03  1.00678e+00  1.00197e+00
6.80678e+01  1.01308e+00  1.00393e+00  1.73499e-03  1.00740e+00  1.00219e+00
6.81726e+01  1.01357e+00  1.00424e+00  1.84814e-03  1.00794e+00  1.00239e+00
6.82773e+01  1.01391e+00  1.00450e+00  1.93949e-03  1.00838e+00  1.00256e+00
6.83820e+01  1.01408e+00  1.00470e+00  2.00804e-03  1.00872e+00  1.00270e+00
6.84867e+01  1.01410e+00  1.00486e+00  2.05306e-03  1.00896e+00  1.00280e+00
6.85914e+01  1.01394e+00  1.00495e+00  2.07414e-03  1.00910e+00  1.00288e+00
6.86962e+01  1.01363e+00  1.00499e+00  2.07115e-03  1.00913e+00  1.00292e+00
6.88009e+01  1.01317e+00  1.00497e+00  2.04428e-03  1.00906e+00  1.00293e+00
6.89056e+01  1.01255e+00  1.00490e+00  1.99401e-03  1.00889e+00  1.00290e+00
6.90103e+01  1.01179e+00  1.00477e+00  1.92109e-03  1.00861e+00  1.00285e+00
6.91150e+01  1.01091e+00  1.00459e+00  1.82657e-03  1.00824e+00  1.00276e+00
6.92198e+01  1.00990e+00  1.00435e+00  1.71174e-03  1.00778e+00  1.00264e+00
6.93245e+01  1.00879e+00  1.00407e+00  1.57813e-03  1.00723e+00  1.00249e+00
6.94292e+01  1.00759e+00  1.00375e+00  1.42747e-03  1.00660e+00  1.00232e+00
6.95339e+01  1.00631e+00  1.00338e+00  1.26167e-03  1.00590e+00  1.00212e+00
6.96386e+01  1.00497e+00  1.00298e+00  1.08282e-03  1.00515e+00  1.00190e+00
6.97434e+01  1.00358e+00  1.00255e+00  8.93109e-04  1.00434e+00  1.00166e+00
6.98481e+01  1.00216e+00  1.00209e+00  6.94820e-04  1.00348e+00  1.00140e+00
6.99528e+01  1.00073e+00  1.00162e+00  4.90307e-04  1.00260e+00  1.00113e+00
7.00575e+01  9.99298e-01  1.00112e+00  2.81954e-04  1.00169e+00  1.00084e+00
7.01622e+01  9.97886e-01  1.00062e+00  7.21482e-05  1.00077e+00  1.00055e+00
7.02670e+01  9.96509e-01  1.00012e+00  -1.36746e-04  9.99848e-01  1.00026e+00
7.03717e+01  9.95181e-01  9.99620e-01  -3.42416e-04  9.98935e-01  9.99962e-01
7.04764e+01  9.93916e-01  9.99127e-01  -5.42621e-04  9.98041e-01  9.99669e-01
7.05811e+01  9.92726e-01  9.98646e-01  -7.35218e-04  9.97176e-01  9.99382e-01
7.06858e+01  9.91626e-01  9.98184e-01  -9.18178e-04  9.96348e-01  9.99103e-01
7.07906e+01  9.90625e-01  9.97746e-01  -1.08961e-03  9.95567e-01  9.98836e-01
7.08953e+01  9.89734e-01  9.97335e-01  -1.24776e-03  9.94840e-01  9.98583e-01
7.10000e+01  9.88961e-01  9.96957e-01  -1.39106e-03  9.94175e-01  9.98348e-01
7.11047e+01  9.88313e-01  9.96614e-01  -1.51809e-03  9.93578e-01  9.98132e-01
7.12094e+01  9.87798e-01  9.96311e-01  -1.62764e-03  9.93056e-01  9.97939e-01
7.13142e+01  9.87419e-01  9.96051e-01  -1.71866e-03  9.92613e-01  9.97769e-01
7.14189e+01  9.87180e-01  9.95835e-01  -1.79033e-03  9.92255e-01  9.97626e-01
7.15236e+01  9.87082e-01  9.95667e-01  -1.84200e-03  9.91983e-01  9.97509e-01
7.16283e+01  9.87126e-01  9.95547e-01  -1.87327e-03  9.91801e-01  9.97420e-01
7.17330e+01  9.87311e-01  9.95477e-01  -1.88389e-03  9.91709e-01  9.97361e-01
7.18378e+01  9.87634e-01  9.95457e-01  -1.87388e-03  9.91709e-01  9.97331e-01
7.19425e+01  9.88091e-01  9.95487e-01  -1.84342e-03  9.91801e-01  9.97331e-01
7.20472e+01  9.88678e-01  9.95567e-01  -1.79292e-03  9.91981e-01  9.97360e-01
7.21519e+01  9.89387e-01  9.95696e-01  -1.72297e-03  9.92250e-01  9.97419e-01
7.22566e+01  9.90211e-01  9.95871e-01  -1.63438e-03  9.92602e-01  9.97505e-01
7.23614e+01  9.91141e-01  9.96091e-01  -1.52815e-03  9.93035e-01  9.97619e-01
7.24661e+01  9.92166e-01  9.96354e-01  -1.40544e-03  9.93543e-01  9.97759e-01
7.25708e+01  9.93276e-01  9.96655e-01  -1.26761e-03  9.94120e-01  9.97923e-01
7.26755e+01  9.94458e-01  9.96993e-01  -1.11616e-03  9.94761e-01  9.98109e-01
7.27802e+01  9.95699e-01  9.97363e-01  -9.52757e-04  9.95457e-01  9.98316e-01
7.28849e+01  9.96985e-01  9.97761e-01  -7.79194e-04  9.96202e-01  9.98540e-01
7.29897e+01  9.98302e-01  9.98182e-01  -5.97385e-04  9.96987e-01  9.98779e-01
7.30944e+01  9.99636e-01  9.98621e-01  -4.09344e-04  9.97803e-01  9.99031e-01
7.31991e+01  1.00097e+00  9.99075e-01  -2.17164e-04  9.98641e-01  9.99292e-01
7.33038e+01  1.00229e+00  9.99537e-01  -2.29971e-05  9.99491e-01  9.99560e-01
7.34085e+01  1.00359e+00  1.00000e+00  1.70971e-04  1.00034e+00  9.99832e-01
7.35133e+01  1.00484e+00  1.00047e+00  3.62543e-04  1.00119e+00  1.00010e+00
7.36180e+01  1.00603e+00  1.00092e+00  5.49540e-04  1.00202e+00  1.00037e+00
7.37227e+01  1.00715e+00  1.00137e+00  7.29823e-04  1.00283e+00  1.00064e+00
7.38274e+01  1.00819e+00  1.00180e+00  9.01323e-04  1.00360e+00  1.00089e+00
7.39321e+01  1.00913e+00  1.00220e+00  1.06207e-03  1.00432e+00  1.00114e+00
7.40369e+01  1.00996e+00  1.00258e+00  1.21020e-03  1.00500e+00  1.00137e+00
7.41416e+01  1.01068e+00  1.00293e+00  1.34401e-03  1.00561e+00  1.00158e+00
7.42463e+01  1.01127e+00  1.00324e+00  1.46198e-03  1.00616e+00  1.00178e+00
7.43510e+01  1.01173e+00  1.00351e+00  1.56275e-03  1.00664e+00  1.00195e+00
7.44557e+01  1.01206e+00  1.00375e+00  1.64518e-03  1.00704e+00  1.00210e+00
7.45605e+01  1.01224e+00  1.00394e+00  1.70837e-03  1.00736e+00  1.00223e+00
7.46652e+01  1.01229e+00  1.00408e+00  1.75164e-03  1.00759e+00  1.00233e+00
7.47699e+01  1.01219e+00  1.00418e+00  1.77457e-03  1.00773e+00  1.00241e+00
7.48746e+01  1.01195e+00  1.00423e+00  1.77698e-03  1.00778e+00  1.00245e+00
7.49793e+01  1.01158e+00  1.00423e+00  1.75895e-03  1.00775e+00  1.00247e+00
7.50841e+01  1.01107e+00  1.00418e+00  1.72082e-03  1.00763e+00  1.00246e+00
7.51888e+01  1.01045e+00  1.00409e+00  1.66316e-03  1.00742e+00  1.00243e+00
7.52935e+01  1.00970e+00  1.00395e+00  1.58677e-03  1.00712e+00  1.00236e+00
7.53982e+01  1.00885e+00  1.00377e+00  1.49269e-03  1.00675e+00  1.00227e+00
7.55029e+01  1.00790e+00  1.00354e+00  1.38214e-03  1.00631e+00  1.00216e+00
7.56077e+01  1.00687e+00  1.00328e+00  1.25655e-03  1.00579e+00  1.00202e+00
7.57124e+01  1.00577e+00  1.00298e+00  1.11749e-03  1.00521e+00  1.00186e+00
7.58171e+01  1.00461e+00  1.00265e+00  9.66692e-04  1.00458e+00  1.00168e+00
7.59218e+01  1.00341e+00  1.00229e+00  8.05990e-04  1.00390e+00  1.00148e+00
7.60265e+01  1.00217e+00  1.00191e+00  6.37313e-04  1.00318e+00  1.00127e+00
7.61313e+01  1.00092e+00  1.00151e+00  4.62655e-04  1.00243e+00  1.00105e+00
7.62360e+01  9.99668e-01  1.00109e+00  2.84051e-04  1.00166e+00  1.00081e+00
7.63407e+01  9.98427e-01  1.00067e+00  1.03551e-04  1.00088e+00  1.00057e+00
7.64454e+01  9.97211e-01  1.00024e+00  -7.68029e-05  1.00009e+00  1.00032e+00
7.65501e+01  9.96034e-01  9.99812e-01  -2.55001e-04  9.99302e-01  1.00007e+00
7.66549e+01  9.94908e-01  9.99388e-01  -4.29086e-04  9.98530e-01  9.99818e-01
7.67596e+01  9.93846e-01  9.98974e-01  -5.97174e-04  9.97780e-01  9.99571e-01
7.68643e+01  9.92858e-01  9.98574e-01  -7.57471e-04  9.97059e-01  9.99332e-01
7.69690e+01  9.91955e-01  9.98192e-01  -9.08292e-04  9.96376e-01  9.99100e-01
7.70737e+01  9.91146e-01  9.97833e-01  -1.04807e-03  9.95737e-01  9.98881e-01
7.71785e+01  9.90439e-01  9.97499e-01  -1.17539e-03  9.95149e-01  9.98675e-01
7.72832e+01  9.89841e-01  9.97196e-01  -1.28897e-03  9.94618e-01  9.98485e-01
7.73879e+01  9.89358e-01  9.96925e-01  -1.38767e-03  9.94149e-01  9.98312e-01
7.74926e+01  9.88994e-01  9.96689e-01  -1.47055e-03  9.93748e-01  9.98160e-01
7.75973e+01  9.88752e-01  9.96491e-01  -1.53682e-03  9.93418e-01  9.98028e-01
7.77021e+01  9.88635e-01  9.96334e-01  -1.58587e-03  9.93162e-01  9.97919e-01
7.78068e+01  9.88643e-01  9.96217e-01  -1.61727e-03  9.92982e-01  9.97834e-01
7.79115e+01  9.88776e-01  9.96143e-01  -1.63077e-03  9.92881e-01  9.97773e-01
7.80162e+01  9.89032e-01  9.96111e-01  -1.62632e-03  9.92859e-01  9.97738e-01
7.81209e+01  9.89408e-01  9.96123e-01  -1.60403e-03  9.92915e-01  9.97727e-01
7.82257e+01  9.89898e-01  9.96178e-01  -1.56421e-03  9.93049e-01  9.97742e-01
7.83304e+01  9.90499e-01  9.96274e-01  -1.50734e-03  9.93260e-01  9.97782e-01
7.84351e+01  9.91203e-01  9.96412e-01  -1.43408e-03  9.93544e-01  9.97846e-01
7.85398e+01  9.92003e-01  9.96588e-01  -1.34525e-03  9.93898e-01  9.97934e-01
7.86445e+01  9.92889e-01  9.96802e-01  -1.24185e-03  9.94318e-01  9.98044e-01
7.87493e+01  9.93852e-01  9.97050e-01  -1.12502e-03  9.94800e-01  9.98176e-01
7.88540e+01  9.94881e-01  9.97331e-01  -9.96043e-04  9.95339e-01  9.98327e-01
7.89587e+01  9.95966e-01  9.97640e-01  -8.56350e-04  9.95927e-01  9.98496e-01
7.90634e+01  9.97093e-01  9.97974e-01  -7.07477e-04  9.96559e-01  9.98681e-01
7.91681e+01  9.98251e-01  9.98329e-01  -5.51072e-04  9.97227e-01  9.98880e-01
7.92729e+01  9.99427e-01  9.98702e-01  -3.88870e-04  9.97924e-01  9.99091e-01
7.93776e+01  1.00061e+00  9.99088e-01  -2.22679e-04  9.98643e-01  9.99311e-01
7.94823e+01  1.00178e+00  9.99483e-01  -5.43590e-05  9.99374e-01  9.99537e-01
7.95870e+01  1.00293e+00  9.99882e-01  1.14197e-04  1.00011e+00  9.99768e-01
7.96917e+01  1.00404e+00  1.00028e+00  2.81084e-04  1.00084e+00  1.00000e+00
7.97965e+01  1.00511e+00  1.00068e+00  4.44410e-04  1.00156e+00  1.00023e+00
7.99012e+01  1.00611e+00  1.00106e+00  6.02313e-04  1.00227e+00  1.00046e+00
8.00059e+01  1.00705e+00  1.00143e+00  7.52989e-04  1.00294e+00  1.00068e+00
8.01106e+01  1.00790e+00  1.00179e+00  8.94711e-04  1.00358e+00  1.00089e+00
8.02153e+01  1.00866e+00  1.00212e+00  1.02585e-03  1.00417e+00  1.00109e+00
8.03201e+01  1.00932e+00  1.00243e+00  1.14492e-03  1.00472e+00  1.00128e+00
8.04248e+01  1.00987e+00  1.00271e+00  1.25053e-03  1.00521e+00  1.00146e+00
8.05295e+01  1.01031e+00  1.00295e+00  1.34150e-03  1.00564e+00  1.00161e+00
8.06342e+01  1.01062e+00  1.00317e+00  1.41680e-03  1.00600e+00  1.00175e+00
8.07389e+01  1.01082e+00  1.00334e+00  1.47560e-03  1.00629e+00  1.00187e+00
8.08437e+01  1.01089e+00  1.00348e+00  1.51725e-03  1.00651e+00  1.00196e+00
8.09484e+01  1.01083e+00  1.00358e+00  1.54134e-03  1.00666e+00  1.00203e+00
8.10531e+01  1.01065e+00  1.00363e+00  1.54766e-03  1.00673e+00  1.00208e+00
8.11578e+01  1.01035e+00  1.00365e+00  1.53621e-03  1.00672e+00  1.00211e+00
8.12625e+01  1.00993e+00  1.00362e+00  1.50722e-03  1.00663e+00  1.00211e+00
8.13672e+01  1.00941e+00  1.00355e+00  1.46112e-03  1.00647e+00  1.00209e+00
8.14720e+01  1.00877e+00  1.00344e+00  1.39855e-03  1.00624e+00  1.00205e+00
8.15767e+01  1.00804e+00  1.00330e+00  1.32035e-03  1.00594e+00  1.00198e+00
8.16814e+01  1.00722e+00  1.00312e+00  1.22752e-03  1.00557e+00  1.00189e+00
8.17861e+01  1.00633e+00  1.00290e+00  1.12124e-03  1.00514e+00  1.00178e+00
8.18908e+01  1.00537e+00  1.00265e+00  1.00285e-03  1.00466e+00  1.00165e+00
8.19956e+01  1.00435e+00  1.00237e+00  8.73784e-04  1.00412e+00  1.00150e+00
8.21003e+01  1.00329e+00  1.00207e+00  7.35618e-04  1.00354e+00  1.00134e+00
8.22050e+01  1.00219e+00  1.00175e+00  5.90000e-04  1.00293e+00  1.00116e+00
8.23097e+01  1.00108e+00  1.00141e+00  4.38648e-04  1.00229e+00  1.00097e+00
8.24144e+01  9.99968e-01  1.00106e+00  2.83323e-04  1.00162e+00  1.00077e+00
8.25192e+01  9.98859e-01  1.00069e+00  1.25810e-04  1.00094e+00  1.00057e+00
8.26239e+01  9.97769e-01  1.00032e+00  -3.21031e-05  1.00026e+00  1.00035e+00
8.27286e+01  9.96709e-01  9.99951e-01  -1.88649e-04  9.99573e-01  1.00014e+00
8.28333e+01  9.95693e-01  9.99582e-01  -3.42096e-04  9.98898e-01  9.99925e-01
8.29380e+01  9.94729e-01  9.99221e-01  -4.90770e-04  9.98239e-01  9.99712e-01
8.30428e+01  9.93830e-01  9.98870e-01  -6.33067e-04  9.97604e-01  9.99503e-01
8.31475e+01  9.93003e-01  9.98534e-01  -7.67472e-04  9.96999e-01  9.99301e-01
8.32522e+01  9.92258e-01  9.98216e-01  -8.92575e-04  9.96431e-01  9.99108e-01
8.33569e+01  9.91602e-01  9.97919e-01  -1.00708e-03  9.95905e-01  9.98926e-01
8.34616e+01  9.91041e-01  9.97648e-01  -1.10980e-03  9.95428e-01  9.98757e-01
8.35664e+01  9.90582e-01  9.97403e-01  -1.19972e-03  9.95004e-01  9.98603e-01
8.36711e+01  9.90229e-01  9.97189e-01  -1.27594e-03  9.94637e-01  9.98465e-01
8.37758e+01  9.89984e-01  9.97007e-01  -1.33770e-03  9.94331e-01  9.98344e-01
8.38805e+01  9.89851e-01  9.96858e-01  -1.38444e-03  9.94090e-01  9.98243e-01
8.39852e+01  9.89830e-01  9.96746e-01  -1.41572e-03  9.93914e-01  9.98161e-01
8.40900e+01  9.89921e-01  9.96670e-01  -1.43127e-03  9.93807e-01  9.98101e-01
8.41947e+01  9.90122e-01  9.96631e-01  -1.43099e-03  9.93769e-01  9.98062e-01
8.42994e+01  9.90432e-01  9.96629e-01  -1.41495e-03  9.93799e-01  9.98044e-01
8.44041e+01  9.90847e-01  9.96665e-01  -1.38337e-03  9.93898e-01  9.98048e-01
8.45088e+01  9.91361e-01  9.96738e-01  -1.33665e-03  9.94064e-01  9.98074e-01
8.46136e+01  9.91970e-01  9.96846e-01  -1.27532e-03  9.94296e-01  9.98122e-01
8.47183e+01  9.92666e-01  9.96989e-01  -1.20008e-03  9.94589e-01  9.98189e-01
8.48230e+01  9.93442e-01  9.97165e-01  -1.11179e-03  9.94942e-01  9.98277e-01
8.49277e+01  9.94289e-01  9.97372e-01  -1.01141e-03  9.95350e-01  9.98384e-01
8.50324e+01  9.95199e-01  9.97608e-01  -9.00060e-04  9.95808e-01  9.98508e-01
8.51372e+01  9.96160e-01  9.97869e-01  -7.78978e-04  9.96311e-01  9.98648e-01
8.52419e+01  9.97163e-01  9.98153e-01  -6.49501e-04  9.96854e-01  9.98803e-01
8.53466e+01  9.98196e-01  9.98457e-01  -5.13065e-04  9.97431e-01  9.98970e-01
8.54513e+01  9.99247e-01  9.98777e-01  -3.71189e-04  9.98035e-01  9.99148e-01
8.55560e+01  1.00031e+00  9.99110e-01  -2.25454e-04  9.98659e-01  9.99335e-01
8.56608e+01  1.00136e+00  9.99451e-01  -7.74917e-05  9.99296e-01  9.99529e-01
8.57655e+01  1.00240e+00  9.99798e-01  7.10337e-05  9.99940e-01  9.99727e-01
8.58702e+01  1.00340e+00  1.00015e+00  2.18447e-04  1.00058e+00  9.99927e-01
8.59749e+01  1.00437e+00  1.00049e+00  3.63079e-04  1.00122e+00  1.00013e+00
8.60796e+01  1.00529e+00  1.00083e+00  5.03285e-04  1.00184e+00  1.00033e+00
8.61844e+01  1.00614e+00  1.00116e+00  6.37469e-04  1.00243e+00  1.00052e+00
8.62891e+01  1.00693e+00  1.00147e+00  7.64098e-04  1.00300e+00  1.00071e+00
8.63938e+01  1.00763e+00  1.00177e+00  8.81725e-04  1.00353e+00  1.00088e+00
8.64985e+01  1.00825e+00  1.00204e+00  9.89005e-04  1.00402e+00  1.00105e+00
8.66032e+01  1.00877e+00  1.00229e+00  1.08471e-03  1.00446e+00  1.00121e+00
8.67080e+01  1.00918e+00  1.00251e+00  1.16777e-03  1.00485e+00  1.00135e+00
8.68127e+01  1.00950e+00  1.00271e+00  1.23722e-03  1.00518e+00  1.00147e+00
8.69174e+01  1.00970e+00  1.00287e+00  1.29232e-03  1.00546e+00  1.00158e+00
8.70221e+01  1.00979e+00  1.00300e+00  1.33244e-03  1.00567e+00  1.00167e+00
8.71268e+01  1.00977e+00  1.00310e+00  1.35718e-03  1.00581e+00  1.00174e+00
8.72316e+01  1.00964e+00  1.00316e+00  1.36630e-03  1.00589e+00  1.00179e+00
8.73363e+01  1.00939e+00  1.00318e+00  1.35977e-03  1.00590e+00  1.00182e+00
8.74410e+01  1.00905e+00  1.00317e+00  1.33771e-03  1.00584e+00  1.00183e+00
8.75457e+01  1.00860e+00  1.00312e+00  1.30048e-03  1.00572e+00  1.00182e+00
8.76504e+01  1.00805e+00  1.00304e+00  1.24857e-03  1.00553e+00  1.00179e+00
8.77552e+01  1.00741e+00  1.00292e+00  1.18266e-03  1.00528e+00  1.00174e+00
8.78599e+01  1.00670e+00  1.00277e+00  1.10362e-03  1.00498e+00  1.00167e+00
8.79646e+01  1.00591e+00  1.00259e+00  1.01241e-03  1.00461e+00  1.00158e+00
8.80693e+01  1.00506e+00  1.00238e+00  9.10184e-04  1.00420e+00  1.00147e+00
8.81740e+01  1.00415e+00  1.00215e+00  7.98176e-04  1.00374e+00  1.00135e+00
8.82788e+01  1.00320e+00  1.00189e+00  6.77738e-04  1.00325e+00  1.00121e+00
8.83835e+01  1.00222e+00  1.00161e+00  5.50305e-04  1.00271e+00  1.00106e+00
8.84882e+01  1.00122e+00  1.00132e+00  4.17374e-04  1.00215e+00  1.00090e+00
8.85929e+01  1.00022e+00  1.00101e+00  2.80491e-04  1.00157e+00  1.00073e+00
8.86976e+01  9.99212e-01  1.00070e+00  1.41231e-04  1.00098e+00  1.00056e+00
8.88024e+01  9.98221e-01  1.00037e+00  1.17526e-06  1.00038e+00  1.00037e+00
8.89071e+01  9.97255e-01  1.00005e+00  -1.38101e-04  9.99773e-01  1.00019e+00
8.90118e+01  9.96324e-01  9.99726e-01  -2.75049e-04  9.99176e-01  1.00000e+00
8.91165e+01  9.95438e-01  9.99407e-01  -4.08164e-04  9.98591e-01  9.99815e-01
8.92212e+01  9.94607e-01  9.99096e-01  -5.35999e-04  9.98024e-01  9.99632e-01
8.93260e+01  9.93840e-01  9.98797e-01  -6.57179e-04  9.97483e-01  9.99455e-01
8.94307e+01  9.93144e-01  9.98513e-01  -7.70415e-04  9.96973e-01  9.99284e-01
8.95354e+01  9.92528e-01  9.98247e-01  -8.74516e-04  9.96498e-01  9.99122e-01
8.96401e+01  9.91996e-01  9.98002e-01  -9.68401e-04  9.96065e-01  9.98970e-01
8.97448e+01  9.91555e-01  9.97780e-01  -1.05110e-03  9.95678e-01  9.98831e-01
8.98495e+01  9.91209e-01  9.97584e-01  -1.12179e-03  9.95340e-01  9.98706e-01
8.99543e+01  9.90961e-01  9.97415e-01  -1.17975e-03  9.95056e-01  9.98595e-01
9.00590e+01  9.90813e-01  9.97276e-01  -1.22442e-03  9.94827e-01  9.98501e-01
9.01637e+01  9.90767e-01  9.97168e-01  -1.25538e-03  9.94657e-01  9.98423e-01
9.02684e+01  9.90824e-01  9.97091e-01  -1.27234e-03  9.94547e-01  9.98364e-01
9.03731e+01  9.90981e-01  9.97048e-01  -1.27518e-03  9.94497e-01  9.98323e-01
9.04779e+01  9.91237e-01  9.97037e-01  -1.26392e-03  9.94509e-01  9.98301e-01
9.05826e+01  9.91590e-01  9.97059e-01  -1.23872e-03  9.94581e-01  9.98298e-01
9.06873e+01  9.92035e-01  9.97113e-01  -1.19990e-03  9.94714e-01  9.98313e-01
9.07920e+01  9.92567e-01  9.97200e-01  -1.14791e-03  9.94904e-01  9.98348e-01
9.08967e+01  9.93180e-01  9.97317e-01  -1.08335e-03  9.95151e-01  9.98401e-01
9.10015e+01  9.93868e-01  9.97464e-01  -1.00694e-03  9.95450e-01  9.98471e-01
9.11062e+01  9.94623e-01  9.97639e-01  -9.19537e-04  9.95800e-01  9.98558e-01
9.12109e+01  9.95436e-01  9.97839e-01  -8.22117e-04  9.96195e-01  9.98661e-01
9.13156e+01  9.96300e-01  9.98063e-01  -7.15760e-04  9.96631e-01  9.98779e-01
9.14203e+01  9.97203e-01  9.98308e-01  -6.01650e-04  9.97104e-01  9.98909e-01
9.15251e+01  9.98137e-01  9.98570e-01  -4.81055e-04  9.97608e-01  9.99051e-01
9.16298e+01  9.99090e-01  9.98848e-01  -3.55319e-04  9.98138e-01  9.99204e-01
9.17345e+01  1.00005e+00  9.99138e-01  -2.25847e-04  9.98687e-01  9.99364e-01
9.18392e+01  1.00101e+00  9.99437e-01  -9.40900e-05  9.99249e-01  9.99531e-01
9.19439e+01  1.00196e+00  9.99742e-01  3.84711e-05  9.99819e-01  9.99703e-01
9.20487e+01  1.00289e+00  1.00005e+00  1.70342e-04  1.00039e+00  9.99877e-01
9.21534e+01  1.00378e+00  1.00035e+00  3.00030e-04  1.00095e+00  1.00005e+00
9.22581e+01  1.00462e+00  1.00065e+00  4.26065e-04  1.00150e+00  1.00023e+00
9.23628e+01  1.00542e+00  1.00094e+00  5.47013e-04  1.00204e+00  1.00040e+00
9.24675e+01  1.00615e+00  1.00122e+00  6.61498e-04  1.00255e+00  1.00056e+00
9.25723e+01  1.00681e+00  1.00149e+00  7.68214e-04  1.00303e+00  1.00072e+00
9.26770e+01  1.00739e+00  1.00174e+00  8.65944e-04  1.00347e+00  1.00087e+00
9.27817e+01  1.00789e+00  1.00196e+00  9.53576e-04  1.00387e+00  1.00101e+00
9.28864e+01  1.00829e+00  1.00217e+00  1.03012e-03  1.00423e+00  1.00114e+00
9.29911e+01  1.00860e+00  1.00235e+00  1.09470e-03  1.00454e+00  1.00125e+00
9.30959e+01  1.00881e+00  1.00250e+00  1.14661e-03  1.00479e+00  1.00135e+00
9.32006e+01  1.00892e+00  1.00262e+00  1.18528e-03  1.00499e+00  1.00143e+00
9.33053e+01  1.00893e+00  1.00271e+00  1.21029e-03  1.00513e+00  1.00150e+00
9.34100e+01  1.00883e+00  1.00277e+00  1.22141e-03  1.00522e+00  1.00155e+00
9.35147e+01  1.00864e+00  1.00280e+00  1.21854e-03  1.00524e+00  1.00158e+00
9.36195e+01  1.00835e+00  1.00280e+00  1.20178e-03  1.00520e+00  1.00160e+00
9.37242e+01  1.00796e+00  1.00277e+00  1.17138e-03  1.00511e+00  1.00160e+00
9.38289e+01  1.00748e+00  1.00270e+00  1.12775e-03  1.00496e+00  1.00157e+00
9.39336e+01  1.00692e+00  1.00261e+00  1.07146e-03  1.00475e+00  1.00154e+00
9.40383e+01  1.00629e+00  1.00248e+00  1.00322e-03  1.00449e+00  1.00148e+00
9.41431e+01  1.00559e+00  1.00233e+00  9.23886e-04  1.00418e+00  1.00141e+00
9.42478e+01  1.00482e+00  1.00215e+00  8.34426e-04  1.00382e+00  1.00132e+00
9.43525e+01  1.00401e+00  1.00195e+00  7.35923e-04  1.00343e+00  1.00122e+00
9.44572e+01  1.00315e+00  1.00173e+00  6.29557e-04  1.00299e+00  1.00110e+00
9.45619e+01  1.00226e+00  1.00149e+00  5.16588e-04  1.00252e+00  1.00097e+00
9.46667e+01  1.00135e+00  1.00124e+00  3.98341e-04  1.00203e+00  1.00084e+00
9.47714e+01  1.00043e+00  1.00097e+00  2.76189e-04  1.00152e+00  1.00069e+00
9.48761e+01  9.99507e-01  1.00069e+00  1.51534e-04  1.00099e+00  1.00054e+00
9.49808e+01  9.98595e-01  1.00041e+00  2.57966e-05  1.00046e+00  1.00038e+00
9.50855e+01  9.97702e-01  1.00012e+00  -9.96069e-05  9.99919e-01  1.00022e+00
9.51903e+01  9.96839e-01  9.99831e-01  -2.23276e-04  9.99384e-01  1.00005e+00
9.52950e+01  9.96014e-01  9.99546e-01  -3.43843e-04  9.98859e-01  9.99890e-01
9.53997e+01  9.95237e-01  9.99269e-01  -4.59988e-04  9.98349e-01  9.99729e-01
9.55044e+01  9.94517e-01  9.99001e-01  -5.70449e-04  9.97860e-01  9.99571e-01
9.56091e+01  9.93860e-01  9.98745e-01  -6.74039e-04  9.97397e-01  9.99419e-01
9.57139e+01  9.93273e-01  9.98504e-01  -7.69655e-04  9.96965e-01  9.99274e-01
9.58186e+01  9.92763e-01  9.98281e-01  -8.56289e-04  9.96569e-01  9.99137e-01
9.59233e+01  9.92335e-01  9.98078e-01  -9.33036e-04  9.96212e-01  9.99011e-01
9.60280e+01  9.91993e-01  9.97898e-01  -9.99104e-04  9.95900e-01  9.98897e-01
9.61327e+01  9.91740e-01  9.97741e-01  -1.05382e-03  9.95634e-01  9.98795e-01
9.62375e+01  9.91580e-01  9.97611e-01  -1.09664e-03  9.95417e-01  9.98707e-01
9.63422e+01  9.91513e-01  9.97507e-01  -1.12713e-03  9.95253e-01  9.98634e-01
9.64469e+01  9.91539e-01  9.97432e-01  -1.14502e-03  9.95142e-01  9.98577e-01
9.65516e+01  9.91660e-01  9.97385e-01  -1.15016e-03  9.95085e-01  9.98535e-01
9.66563e+01  9.91872e-01  9.97368e-01  -1.14252e-03  9.95083e-01  9.98510e-01
9.67611e+01  9.92174e-01  9.97380e-01  -1.12223e-03  9.95135e-01  9.98502e-01
9.68658e+01  9.92562e-01  9.97421e-01  -1.08954e-03  9.95242e-01  9.98511e-01
9.69705e+01  9.93031e-01  9.97491e-01  -1.04484e-03  9.95401e-01  9.98536e-01
9.70752e+01  9.93578e-01  9.97588e-01  -9.88646e-04  9.95611e-01  9.98577e-01
9.71799e+01  9.94194e-01  9.97713e-01  -9.21589e-04  9.95869e-01  9.98634e-01
9.72847e+01  9.94875e-01  9.97862e-01  -8.44426e-04  9.96173e-01  9.98706e-01
9.73894e+01  9.95611e-01  9.98035e-01  -7.58021e-04  9.96519e-01  9.98793e-01
9.74941e+01  9.96396e-01  9.98229e-01  -6.63338e-04  9.96902e-01  9.98892e-01
9.75988e+01  9.97220e-01  9.98442e-01  -5.61435e-04  9.97319e-01  9.99004e-01
9.77035e+01  9.98075e-01  9.98672e-01  -4.53450e-04  9.97765e-01  9.99126e-01
9.78083e+01  9.98950e-01  9.98917e-01  -3.40589e-04  9.98236e-01  9.99257e-01
9.79130e+01  9.99836e-01  9.99173e-01  -2.24116e-04  9.98724e-01  9.99397e-01
9.80177e+01  1.00072e+00  9.99437e-01  -1.05338e-04  9.99226e-01  9.99542e-01
9.81224e+01  1.00160e+00  9.99707e-01  1.44087e-05  9.99736e-01  9.99693e-01
9.82271e+01  1.00246e+00  9.99979e-01  1.33774e-04  1.00025e+00  9.99846e-01
9.83319e+01  1.00329e+00  1.00025e+00  2.51410e-04  1.00075e+00  1.00000e+00
9.84366e+01  1.00408e+00  1.00052e+00  3.65984e-04  1.00125e+00  1.00015e+00
9.85413e+01  1.00483e+00  1.00078e+00  4.76195e-04  1.00173e+00  1.00031e+00
9.86460e+01  1.00552e+00  1.00103e+00  5.80794e-04  1.00219e+00  1.00045e+00
9.87507e+01  1.00614e+00  1.00127e+00  6.78589e-04  1.00263e+00  1.00059e+00
9.88554e+01  1.00670e+00  1.00150e+00  7.68471e-04  1.00303e+00  1.00073e+00
9.89602e+01  1.00718e+00  1.00170e+00  8.49419e-04  1.00340e+00  1.00085e+00
9.90649e+01  1.00757e+00  1.00189e+00  9.20519e-04  1.00373e+00  1.00097e+00
9.91696e+01  1.00788e+00  1.00206e+00  9.80970e-04  1.00402e+00  1.00107e+00
9.92743e+01  1.00810e+00  1.00220e+00  1.03010e-03  1.00426e+00  1.00117e+00
9.93790e+01  1.00823e+00  1.00231e+00  1.06736e-03  1.00445e+00  1.00125e+00
9.94838e+01  1.00826e+00  1.00240e+00  1.09236e-03  1.00459e+00  1.00131e+00
9.95885e+01  1.00819e+00  1.00246e+00  1.10485e-03  1.00467e+00  1.00136e+00
9.96932e+01  1.00804e+00  1.00250e+00  1.10471e-03  1.00471e+00  1.00139e+00
9.97979e+01  1.00779e+00  1.00250e+00  1.09200e-03  1.00469e+00  1.00141e+00
9.99026e+01  1.00746e+00  1.00248e+00  1.06690e-03  1.00461e+00  1.00141e+00
1.00007e+02  1.00704e+00  1.00243e+00  1.02975e-03  1.00449e+00  1.00140e+00
1.00112e+02  1.00654e+00  1.00235e+00  9.81024e-04  1.00431e+00  1.00137e+00
1.00217e+02  1.00598e+00  1.00224e+00  9.21337e-04  1.00409e+00  1.00132e+00
1.00322e+02  1.00534e+00  1.00212e+00  8.51418e-04  1.00382e+00  1.00126e+00
1.00426e+02  1.00465e+00  1.00196e+00  7.72117e-04  1.00351e+00  1.00119e+00
1.00531e+02  1.00391e+00  1.00179e+00  6.84383e-04  1.00316e+00  1.00110e+00
1.00636e+02  1.00312e+00  1.00159e+00  5.89257e-04  1.00277e+00  1.00101e+00
1.00740e+02  1.00231e+00  1.00138e+00  4.87860e-04  1.00236e+00  1.00090e+00
1.00845e+02  1.00147e+00  1.00116e+00  3.81372e-04  1.00192e+00  1.00078e+00
1.00950e+02  1.00062e+00  1.00092e+00  2.71026e-04  1.00146e+00  1.00065e+00
1.01055e+02  9.99760e-01  1.00067e+00  1.58087e-04  1.00099e+00  1.00052e+00
1.01159e+02  9.98910e-01  1.00042e+00  4.38403e-05  1.00051e+00  1.00038e+00
1.01264e+02  9.98075e-01  1.00016e+00  -7.04233e-05  1.00002e+00  1.00023e+00
1.01369e+02  9.97265e-01  9.99905e-01  -1.83423e-04  9.99539e-01  1.00009e+00
1.01473e+02  9.96488e-01  9.99650e-01  -2.93901e-04  9.99062e-01  9.99944e-01
1.01578e+02  9.95753e-01  9.99399e-01  -4.00637e-04  9.98598e-01  9.99800e-01
1.01683e+02  9.95068e-01  9.99156e-01  -5.02460e-04  9.98151e-01  9.99659e-01
1.01788e+02  9.94439e-01  9.98924e-01  -5.98261e-04  9.97727e-01  9.99522e-01
1.01892e+02  9.93875e-01  9.98704e-01  -6.87006e-04  9.97330e-01  9.99391e-01
1.01997e+02  9.93380e-01  9.98500e-01  -7.67740e-04  9.96965e-01  9.99268e-01
1.02102e+02  9.92960e-01  9.98314e-01  -8.39607e-04  9.96635e-01  9.99153e-01
1.02206e+02  9.92619e-01  9.98147e-01  -9.01847e-04  9.96343e-01  9.99049e-01
1.02311e+02  9.92361e-01  9.98001e-01  -9.53812e-04  9.96094e-01  9.98955e-01
1.02416e+02  9.92188e-01  9.97878e-01  -9.94966e-04  9.95889e-01  9.98873e-01
1.02521e+02  9.92102e-01  9.97780e-01  -1.02489e-03  9.95730e-01  9.98805e-01
1.02625e+02  9.92104e-01  9.97706e-01  -1.04330e-03  9.95620e-01  9.98750e-01
1.02730e+02  9.92193e-01  9.97659e-01  -1.05002e-03  9.95559e-01  9.98709e-01
1.02835e+02  9.92369e-01  9.97638e-01  -1.04502e-03  9.95548e-01  9.98683e-01
1.02940e+02  9.92629e-01  9.97643e-01  -1.02838e-03  9.95586e-01  9.98671e-01
1.03044e+02  9.92971e-01  9.97674e-01  -1.00031e-03  9.95674e-01  9.98675e-01
1.03149e+02  9.93390e-01  9.97732e-01  -9.61147e-04  9.95809e-01  9.98693e-01
1.03254e+02  9.93882e-01  9.97814e-01  -9.11354e-04  9.95992e-01  9.98726e-01
1.03358e+02  9.94442e-01  9.97921e-01  -8.51501e-04  9.96218e-01  9.98773e-01
1.03463e+02  9.95063e-01  9.98051e-01  -7.82267e-04  9.96486e-01  9.98833e-01
1.03568e+02  9.95738e-01  9.98202e-01  -7.04437e-04  9.96793e-01  9.98907e-01
1.03673e+02  9.96460e-01  9.98373e-01  -6.18889e-04  9.97135e-01  9.98992e-01
1.03777e+02  9.97221e-01  9.98562e-01  -5.26586e-04  9.97509e-01  9.99088e-01
1.03882e+02  9.98012e-01  9.98766e-01  -4.28567e-04  9.97909e-01  9.99195e-01
1.03987e+02  9.98825e-01  9.98984e-01  -3.25933e-04  9.98332e-01  9.99310e-01
1.04091e+02  9.99651e-01  9.99212e-01  -2.19839e-04  9.98772e-01  9.99432e-01
1.04196e+02  1.00048e+00  9.99448e-01  -1.11479e-04  9.99225e-01  9.99560e-01
1.04301e+02  1.00130e+00  9.99690e-01  -2.07354e-06  9.99686e-01  9.99693e-01
1.04406e+02  1.00211e+00  9.99935e-01  1.07144e-04  1.00015e+00  9.99828e-01
1.04510e+02  1.00289e+00  1.00018e+00  2.14942e-04  1.00061e+00  9.99965e-01
1.04615e+02  1.00364e+00  1.00042e+00  3.20104e-04  1.00106e+00  1.00010e+00
1.04720e+02  1.00435e+00  1.00066e+00  4.21441e-04  1.00150e+00  1.00024e+00
1.04824e+02  1.00500e+00  1.00089e+00  5.17809e-04  1.00192e+00  1.00037e+00
1.04929e+02  1.00560e+00  1.00111e+00  6.08120e-04  1.00232e+00  1.00050e+00
1.05034e+02  1.00614e+00  1.00131e+00  6.91355e-04  1.00269e+00  1.00062e+00
1.05139e+02  1.00660e+00  1.00150e+00  7.66578e-04  1.00303e+00  1.00073e+00
1.05243e+02  1.00699e+00  1.00167e+00  8.32946e-04  1.00334e+00  1.00084e+00
1.05348e+02  1.00730e+00  1.00182e+00  8.89716e-04  1.00360e+00  1.00093e+00
1.05453e+02  1.00753e+00  1.00196e+00  9.36261e-04  1.00383e+00  1.00102e+00
1.05558e+02  1.00767e+00  1.00206e+00  9.72071e-04  1.00401e+00  1.00109e+00
1.05662e+02  1.00772e+00  1.00215e+00  9.96763e-04  1.00414e+00  1.00115e+00
1.05767e+02  1.00769e+00  1.00221e+00  1.01008e-03  1.00423e+00  1.00120e+00
1.05872e+02  1.00756e+00  1.00225e+00  1.01191e-03  1.00427e+00  1.00123e+00
1.05976e+02  1.00736e+00  1.00226e+00  1.00226e-03  1.00426e+00  1.00125e+00
1.06081e+02  1.00707e+00  1.00224e+00  9.81276e-04  1.00420e+00  1.00126e+00
1.06186e+02  1.00670e+00  1.00220e+00  9.49237e-04  1.00410e+00  1.00125e+00
1.06291e+02  1.00625e+00  1.00213e+00  9.06547e-04  1.00395e+00  1.00123e+00
1.06395e+02  1.00574e+00  1.00204e+00  8.53733e-04  1.00375e+00  1.00119e+00
1.06500e+02  1.00516e+00  1.00193e+00  7.91435e-04  1.00352e+00  1.00114e+00
1.06605e+02  1.00453e+00  1.00180e+00  7.20399e-04  1.00324e+00  1.00108e+00
1.06709e+02  1.00385e+00  1.00165e+00  6.41470e-04  1.00293e+00  1.00100e+00
1.06814e+02  1.00313e+00  1.00147e+00  5.55576e-04  1.00259e+00  1.00092e+00
1.06919e+02  1.00237e+00  1.00129e+00  4.63722e-04  1.00221e+00  1.00082e+00
1.07024e+02  1.00159e+00  1.00109e+00  3.66973e-04  1.00182e+00  1.00072e+00
1.07128e+02  1.00080e+00  1.00087e+00  2.66445e-04  1.00141e+00  1.00061e+00
1.07233e+02  1.00000e+00  1.00065e+00  1.63289e-04  1.00098e+00  1.00049e+00
