# r h000 h110 h112 c000 c110 c112
2.92969e-02 -1.00001e+00 -1.61581e-05 5.22674e-06 -2.65747e+01 -5.70070e+00 2.71953e-01
5.85938e-02 -1.00000e+00 -7.77348e-06 8.25549e-06 -2.43107e+01 -4.92941e+00 5.23630e-01
8.78906e-02 -1.00000e+00 -4.72789e-06 7.53249e-06 -2.27970e+01 -4.41218e+00 6.00038e-01
1.17188e-01 -9.99999e-01 -2.80979e-06 7.49223e-06 -2.14100e+01 -3.98173e+00 6.77042e-01
1.46484e-01 -1.00000e+00 -2.26534e-06 6.57645e-06 -2.02611e+01 -3.64894e+00 7.06252e-01
1.75781e-01 -1.00000e+00 -1.93327e-06 6.14559e-06 -1.91960e+01 -3.36372e+00 7.34361e-01
2.05078e-01 -1.00000e+00 -1.90638e-06 5.63062e-06 -1.82528e+01 -3.12793e+00 7.44328e-01
2.34375e-01 -1.00000e+00 -1.82658e-06 5.43992e-06 -1.73596e+01 -2.91816e+00 7.56742e-01
2.63672e-01 -1.00000e+00 -1.86232e-06 5.17164e-06 -1.65370e+01 -2.73592e+00 7.61779e-01
2.92969e-01 -1.00000e+00 -1.83876e-06 5.06414e-06 -1.57445e+01 -2.56838e+00 7.70511e-01
3.22266e-01 -1.00000e+00 -1.86111e-06 4.89553e-06 -1.49962e+01 -2.41723e+00 7.76218e-01
3.51562e-01 -1.00000e+00 -1.81550e-06 4.83550e-06 -1.42670e+01 -2.27470e+00 7.85647e-01
3.80859e-01 -1.00000e+00 -1.77789e-06 4.73628e-06 -1.35679e+01 -2.14253e+00 7.93832e-01
4.10156e-01 -1.00000e+00 -1.67341e-06 4.71705e-06 -1.28824e+01 -2.01568e+00 8.05262e-01
4.39453e-01 -1.00000e+00 -1.56387e-06 4.66723e-06 -1.22195e+01 -1.89581e+00 8.16093e-01
4.68750e-01 -1.00000e+00 -1.39935e-06 4.67283e-06 -1.15679e+01 -1.77947e+00 8.29514e-01
4.98047e-01 -1.00000e+00 -1.23301e-06 4.64586e-06 -1.09353e+01 -1.66824e+00 8.42447e-01
5.27344e-01 -1.00000e+00 -1.03128e-06 4.65021e-06 -1.03135e+01 -1.55965e+00 8.57269e-01
5.56641e-01 -1.00000e+00 -8.41146e-07 4.61313e-06 -9.70953e+00 -1.45514e+00 8.71450e-01
5.85938e-01 -1.00000e+00 -6.39555e-07 4.58380e-06 -9.11716e+00 -1.35292e+00 8.86830e-01
6.15234e-01 -1.00000e+00 -4.67885e-07 4.50121e-06 -8.54256e+00 -1.25431e+00 9.01284e-01
6.44531e-01 -1.00000e+00 -3.08817e-07 4.40554e-06 -7.98107e+00 -1.15795e+00 9.16282e-01
6.73828e-01 -1.00000e+00 -1.97263e-07 4.24646e-06 -7.43817e+00 -1.06506e+00 9.30005e-01
7.03125e-01 -1.00000e+00 -1.17228e-07 4.06010e-06 -6.91018e+00 -9.74598e-01 9.43657e-01
7.32422e-01 -1.00000e+00 -9.53619e-08 3.80723e-06 -6.40202e+00 -8.87681e-01 9.55660e-01
7.61719e-01 -1.00000e+00 -1.12992e-07 3.52419e-06 -5.91070e+00 -8.03482e-01 9.67027e-01
7.91016e-01 -1.00000e+00 -1.86721e-07 3.18369e-06 -5.44061e+00 -7.23038e-01 9.76371e-01
8.20312e-01 -1.00000e+00 -2.92367e-07 2.82551e-06 -4.98924e+00 -6.45674e-01 9.84565e-01
8.49609e-01 -1.00000e+00 -4.35734e-07 2.43462e-06 -4.56055e+00 -5.72345e-01 9.90385e-01
8.78906e-01 -1.00000e+00 -5.85879e-07 2.05626e-06 -4.15234e+00 -5.02482e-01 9.94606e-01
9.08203e-01 -1.00000e+00 -7.38527e-07 1.68719e-06 -3.76817e+00 -4.36951e-01 9.96154e-01
9.37500e-01 -1.00001e+00 -8.58866e-07 1.37607e-06 -3.40608e+00 -3.75241e-01 9.95750e-01
9.66797e-01 -1.00001e+00 -9.42883e-07 1.12169e-06 -3.06927e+00 -3.18106e-01 9.92481e-01
9.96094e-01 -1.00001e+00 -9.69279e-07 9.60915e-07 -2.75596e+00 -2.65022e-01 9.87089e-01
1.02539e+00 3.93518e+00 1.06873e+00 4.32411e+00 2.46610e+00 8.52174e-01 5.30301e+00
1.05469e+00 2.66152e+00 6.29611e-01 2.69435e+00 1.45456e+00 4.57658e-01 3.66324e+00
1.08398e+00 1.81571e+00 3.70511e-01 1.72790e+00 8.44081e-01 2.38924e-01 2.68446e+00
1.11328e+00 1.23394e+00 2.11954e-01 1.13237e+00 4.73542e-01 1.17075e-01 2.07497e+00
1.14258e+00 8.27824e-01 1.13765e-01 7.57489e-01 2.53548e-01 5.15246e-02 1.68389e+00
1.17188e+00 5.35198e-01 5.07558e-02 5.12864e-01 1.25148e-01 1.76947e-02 1.42155e+00
1.20117e+00 3.22851e-01 1.00947e-02 3.50612e-01 5.47120e-02 2.46380e-03 1.23959e+00
1.23047e+00 1.64367e-01 -1.71255e-02 2.39286e-01 1.92397e-02 -2.41753e-03 1.10732e+00
1.25977e+00 4.64579e-02 -3.52894e-02 1.62124e-01 5.22789e-03 -1.56678e-03 1.00757e+00
1.28906e+00 -4.34259e-02 -4.78852e-02 1.06914e-01 3.46736e-03 2.17376e-03 9.28849e-01
1.31836e+00 -1.10753e-01 -5.64588e-02 6.73327e-02 8.25300e-03 7.03169e-03 8.64442e-01
1.34766e+00 -1.62203e-01 -6.25243e-02 3.81114e-02 1.60487e-02 1.21052e-02 8.09755e-01
1.37695e+00 -1.99920e-01 -6.65974e-02 1.67620e-02 2.43505e-02 1.66411e-02 7.61890e-01
1.40625e+00 -2.27899e-01 -6.94090e-02 7.67591e-04 3.20871e-02 2.04875e-02 7.18962e-01
1.43555e+00 -2.46749e-01 -7.10699e-02 -1.08250e-02 3.81248e-02 2.32812e-02 6.79596e-01
1.46484e+00 -2.59161e-01 -7.19756e-02 -1.93459e-02 4.24966e-02 2.51788e-02 6.43060e-01
1.49414e+00 -2.64967e-01 -7.20604e-02 -2.50780e-02 4.46675e-02 2.59769e-02 6.08633e-01
1.52344e+00 -2.66203e-01 -7.15698e-02 -2.88048e-02 4.51608e-02 2.59640e-02 5.76112e-01
1.55273e+00 -2.62256e-01 -7.03471e-02 -3.04835e-02 4.37011e-02 2.50076e-02 5.45080e-01
1.58203e+00 -2.54843e-01 -6.85719e-02 -3.06369e-02 4.10092e-02 2.34517e-02 5.15588e-01
1.61133e+00 -2.43045e-01 -6.60266e-02 -2.90376e-02 3.69191e-02 2.12003e-02 4.87380e-01
1.64062e+00 -2.28457e-01 -6.28704e-02 -2.60898e-02 3.22026e-02 1.86164e-02 4.60626e-01
1.66992e+00 -2.09900e-01 -5.88290e-02 -2.14335e-02 2.67421e-02 1.56288e-02 4.35173e-01
1.69922e+00 -1.88979e-01 -5.40715e-02 -1.54372e-02 2.12835e-02 1.25996e-02 4.11243e-01
1.72852e+00 -1.64236e-01 -4.82564e-02 -7.61502e-03 1.57424e-02 9.48295e-03 3.88764e-01
1.75781e+00 -1.37410e-01 -4.15917e-02 1.63883e-03 1.07939e-02 6.62560e-03 3.67964e-01
1.78711e+00 -1.06681e-01 -3.36421e-02 1.29624e-02 6.40206e-03 4.01762e-03 3.48862e-01
1.81641e+00 -7.40772e-02 -2.46917e-02 2.58716e-02 3.13587e-03 1.97545e-03 3.31657e-01
1.84570e+00 -3.72423e-02 -1.41609e-02 4.12233e-02 1.05277e-03 5.47795e-04 3.16491e-01
1.87500e+00 1.25715e-03 -2.47319e-03 5.83471e-02 5.67600e-04 -3.10518e-06 3.03481e-01
1.90430e+00 4.46816e-02 1.11990e-02 7.84625e-02 1.92828e-03 4.78989e-04 2.92974e-01
1.93359e+00 8.93696e-02 2.61564e-02 1.00517e-01 5.28432e-03 2.14583e-03 2.84899e-01
1.96289e+00 1.40470e-01 4.37243e-02 1.26438e-01 1.13205e-02 5.38550e-03 2.80022e-01
1.99219e+00 1.91361e-01 6.25347e-02 1.54253e-01 1.95127e-02 1.00446e-02 2.77730e-01
2.02148e+00 2.53735e-01 8.43484e-02 1.85807e-01 3.20134e-02 1.70708e-02 2.79718e-01
2.05078e+00 2.81645e-01 8.81748e-02 1.88695e-01 3.78925e-02 1.93767e-02 2.73351e-01
2.08008e+00 2.52145e-01 7.20487e-02 1.61279e-01 3.05982e-02 1.45085e-02 2.54701e-01
2.10938e+00 2.07039e-01 5.35548e-02 1.30199e-01 2.11336e-02 9.18609e-03 2.35425e-01
2.13867e+00 1.54504e-01 3.58823e-02 1.00580e-01 1.22582e-02 4.80205e-03 2.17915e-01
2.16797e+00 1.06515e-01 2.20005e-02 7.68903e-02 6.16991e-03 2.11782e-03 2.03679e-01
2.19727e+00 6.27657e-02 1.09615e-02 5.78206e-02 2.40202e-03 6.47383e-04 1.91946e-01
2.22656e+00 2.65972e-02 2.90207e-03 4.35171e-02 6.48340e-04 7.51897e-05 1.82314e-01
2.25586e+00 -4.03886e-03 -3.26632e-03 3.23748e-02 1.86052e-04 1.32418e-05 1.74087e-01
2.28516e+00 -2.80944e-02 -7.66685e-03 2.41357e-02 5.15324e-04 2.21616e-04 1.66906e-01
2.31445e+00 -4.74940e-02 -1.10069e-02 1.77403e-02 1.24491e-03 5.48820e-04 1.60434e-01
2.34375e+00 -6.17824e-02 -1.33245e-02 1.30640e-02 2.05688e-03 8.77426e-04 1.54484e-01
2.37305e+00 -7.24722e-02 -1.50467e-02 9.46173e-03 2.82151e-03 1.17567e-03 1.48923e-01
2.40234e+00 -7.92624e-02 -1.61381e-02 6.92879e-03 3.37843e-03 1.38927e-03 1.43657e-01
2.43164e+00 -8.33125e-02 -1.68625e-02 5.06421e-03 3.73764e-03 1.53255e-03 1.38641e-01
2.46094e+00 -8.43691e-02 -1.71482e-02 3.92647e-03 3.83438e-03 1.58009e-03 1.33831e-01
2.49023e+00 -8.33395e-02 -1.71675e-02 3.25245e-03 3.73918e-03 1.56082e-03 1.29216e-01
2.51953e+00 -7.99991e-02 -1.68357e-02 3.12667e-03 3.43929e-03 1.46397e-03 1.24774e-01
2.54883e+00 -7.50859e-02 -1.62743e-02 3.36373e-03 3.02234e-03 1.32119e-03 1.20511e-01
2.57812e+00 -6.84070e-02 -1.53988e-02 4.05321e-03 2.50097e-03 1.13075e-03 1.16415e-01
2.60742e+00 -6.05912e-02 -1.43033e-02 5.05227e-03 1.95682e-03 9.22566e-04 1.12497e-01
2.63672e+00 -5.14846e-02 -1.29122e-02 6.44278e-03 1.41125e-03 7.00872e-04 1.08754e-01
2.66602e+00 -4.16502e-02 -1.13085e-02 8.10172e-03 9.27361e-04 4.91480e-04 1.05194e-01
2.69531e+00 -3.09808e-02 -9.43224e-03 1.00936e-02 5.23934e-04 3.01566e-04 1.01819e-01
2.72461e+00 -2.00043e-02 -7.36806e-03 1.22986e-02 2.38469e-04 1.50405e-04 9.86310e-02
2.75391e+00 -8.66779e-03 -5.07889e-03 1.47549e-02 7.90797e-05 4.44090e-05 9.56307e-02
2.78320e+00 2.51304e-03 -2.66220e-03 1.73319e-02 5.41386e-05 -6.67302e-06 9.28109e-02
2.81250e+00 1.35309e-02 -1.11870e-04 2.00326e-02 1.55831e-04 -1.49331e-06 9.01660e-02
2.84180e+00 2.38655e-02 2.45157e-03 2.27035e-02 3.63227e-04 5.71446e-05 8.76759e-02
2.87109e+00 3.34443e-02 4.99517e-03 2.53039e-02 6.50901e-04 1.61655e-04 8.53250e-02
2.90039e+00 4.17312e-02 7.36661e-03 2.76477e-02 9.72978e-04 2.95106e-04 8.30786e-02
2.92969e+00 4.85858e-02 9.48704e-03 2.96437e-02 1.29023e-03 4.39582e-04 8.09100e-02
2.95898e+00 5.34510e-02 1.11672e-02 3.10682e-02 1.54324e-03 5.66619e-04 7.87737e-02
2.98828e+00 5.61185e-02 1.22791e-02 3.17767e-02 1.69151e-03 6.52477e-04 7.66375e-02
3.01758e+00 5.60169e-02 1.25995e-02 3.15122e-02 1.68484e-03 6.68351e-04 7.44587e-02
3.04688e+00 5.28665e-02 1.19640e-02 3.00953e-02 1.50775e-03 6.00743e-04 7.22188e-02
3.07617e+00 4.62555e-02 1.03295e-02 2.74946e-02 1.16924e-03 4.56676e-04 6.99221e-02
3.10547e+00 3.71738e-02 8.12872e-03 2.42447e-02 7.75593e-04 2.91348e-04 6.76493e-02
3.13477e+00 2.67411e-02 5.76455e-03 2.08369e-02 4.25192e-04 1.50137e-04 6.54681e-02
3.16406e+00 1.61661e-02 3.55540e-03 1.76579e-02 1.81649e-04 5.65637e-05 6.34195e-02
3.19336e+00 6.11342e-03 1.62048e-03 1.48535e-02 5.53687e-05 9.84690e-06 6.15070e-02
3.22266e+00 -2.81887e-03 3.13326e-05 1.25090e-02 3.02055e-05 -8.87478e-08 5.97216e-02
3.25195e+00 -1.04763e-02 -1.24455e-03 1.05846e-02 7.45926e-05 1.31757e-05 5.80443e-02
3.28125e+00 -1.66556e-02 -2.21862e-03 9.06289e-03 1.55266e-04 3.75777e-05 5.64590e-02
3.31055e+00 -2.14518e-02 -2.95294e-03 7.86661e-03 2.45720e-04 6.47343e-05 5.49503e-02
3.33984e+00 -2.48348e-02 -3.46708e-03 6.96715e-03 3.24198e-04 8.82968e-05 5.35074e-02
3.36914e+00 -2.69882e-02 -3.81405e-03 6.29735e-03 3.80411e-04 1.05790e-04 5.21219e-02
3.39844e+00 -2.79440e-02 -4.00392e-03 5.83958e-03 4.06707e-04 1.15103e-04 5.07878e-02
3.42773e+00 -2.79056e-02 -4.07592e-03 5.54333e-03 4.05112e-04 1.17007e-04 4.95011e-02
3.45703e+00 -2.69230e-02 -4.03112e-03 5.40188e-03 3.77062e-04 1.11534e-04 4.82589e-02
3.48633e+00 -2.51955e-02 -3.89869e-03 5.37723e-03 3.30581e-04 1.00770e-04 4.70592e-02
3.51562e+00 -2.27771e-02 -3.67474e-03 5.46902e-03 2.70986e-04 8.56521e-05 4.59006e-02
3.54492e+00 -1.98578e-02 -3.38293e-03 5.64656e-03 2.07336e-04 6.85397e-05 4.47819e-02
3.57422e+00 -1.64925e-02 -3.01812e-03 5.91157e-03 1.45108e-04 5.06118e-05 4.37021e-02
3.60352e+00 -1.28618e-02 -2.60209e-03 6.23648e-03 9.12410e-05 3.39043e-05 4.26604e-02
3.63281e+00 -9.02114e-03 -2.13129e-03 6.62199e-03 4.91506e-05 1.94021e-05 4.16556e-02
3.66211e+00 -5.14257e-03 -1.62815e-03 7.04079e-03 2.20628e-05 8.41643e-06 4.06863e-02
3.69141e+00 -1.28054e-03 -1.09250e-03 7.49063e-03 1.03953e-05 1.40089e-06 3.97512e-02
3.72070e+00 2.40304e-03 -5.48910e-04 7.94294e-03 1.33967e-05 -1.31587e-06 3.88479e-02
3.75000e+00 5.85825e-03 -1.24954e-06 8.39186e-03 2.86928e-05 -7.27607e-09 3.79748e-02
3.77930e+00 8.93783e-03 5.23564e-04 8.80744e-03 5.24504e-05 4.63810e-06 3.71288e-02
3.80859e+00 1.16029e-02 1.01828e-03 9.18113e-03 8.06944e-05 1.16797e-05 3.63076e-02
3.83789e+00 1.37286e-02 1.45502e-03 9.48311e-03 1.08311e-04 1.97050e-05 3.55080e-02
3.86719e+00 1.52964e-02 1.82548e-03 9.70470e-03 1.31576e-04 2.75028e-05 3.47278e-02
3.89648e+00 1.62139e-02 2.10394e-03 9.81966e-03 1.46318e-04 3.35690e-05 3.39640e-02
3.92578e+00 1.64949e-02 2.28518e-03 9.82355e-03 1.50971e-04 3.70824e-05 3.32155e-02
3.95508e+00 1.60914e-02 2.35060e-03 9.69881e-03 1.44172e-04 3.72260e-05 3.24806e-02
3.98438e+00 1.50625e-02 2.30382e-03 9.45120e-03 1.27621e-04 3.41866e-05 3.17593e-02
4.01367e+00 1.34172e-02 2.13964e-03 9.07820e-03 1.03332e-04 2.83282e-05 3.10519e-02
4.04297e+00 1.12723e-02 1.87722e-03 8.60250e-03 7.56938e-05 2.09249e-05 3.03601e-02
4.07227e+00 8.70547e-03 1.53150e-03 8.04325e-03 4.86557e-05 1.32176e-05 2.96851e-02
4.10156e+00 5.90146e-03 1.14174e-03 7.44424e-03 2.66884e-05 6.69852e-06 2.90293e-02
4.13086e+00 3.00006e-03 7.37010e-04 6.83904e-03 1.23300e-05 2.20453e-06 2.83937e-02
4.16016e+00 2.01169e-04 3.54120e-04 6.26765e-03 6.58548e-06 7.12419e-08 2.77793e-02
4.18945e+00 -2.38476e-03 8.09990e-06 5.74735e-03 8.37937e-06 -1.93839e-08 2.71856e-02
4.21875e+00 -4.62287e-03 -2.83529e-04 5.29627e-03 1.54501e-05 1.31676e-06 2.66120e-02
4.24805e+00 -6.47439e-03 -5.22118e-04 4.91319e-03 2.51711e-05 3.40238e-06 2.60573e-02
4.27734e+00 -7.87695e-03 -7.03019e-04 4.60168e-03 3.48558e-05 5.58158e-06 2.55203e-02
4.30664e+00 -8.85004e-03 -8.35024e-04 4.35211e-03 4.27256e-05 7.45599e-06 2.50000e-02
4.33594e+00 -9.38058e-03 -9.18123e-04 4.16272e-03 4.73607e-05 8.69412e-06 2.44953e-02
4.36523e+00 -9.52186e-03 -9.62503e-04 4.02227e-03 4.85287e-05 9.25299e-06 2.40054e-02
4.39453e+00 -9.28765e-03 -9.68789e-04 3.92825e-03 4.61790e-05 9.08222e-06 2.35295e-02
4.42383e+00 -8.74691e-03 -9.46355e-04 3.87032e-03 4.11717e-05 8.35083e-06 2.30671e-02
4.45312e+00 -7.92578e-03 -8.95370e-04 3.84652e-03 3.42175e-05 7.15331e-06 2.26176e-02
4.48242e+00 -6.89821e-03 -8.24130e-04 3.84781e-03 2.65196e-05 5.72461e-06 2.21804e-02
4.51172e+00 -5.69458e-03 -7.32441e-04 3.87275e-03 1.88950e-05 4.19491e-06 2.17551e-02
4.54102e+00 -4.38795e-03 -6.27880e-04 3.91325e-03 1.22965e-05 2.76731e-06 2.13413e-02
4.57031e+00 -3.00823e-03 -5.10256e-04 3.96804e-03 7.21759e-06 1.53964e-06 2.09384e-02
4.59961e+00 -1.62395e-03 -3.86820e-04 4.02961e-03 4.06013e-06 6.29222e-07 2.05461e-02
4.62891e+00 -2.61255e-04 -2.57650e-04 4.09661e-03 2.84360e-06 6.73399e-08 2.01638e-02
4.65820e+00 1.01866e-03 -1.29859e-04 4.16191e-03 3.40217e-06 -1.32147e-07 1.97910e-02
4.68750e+00 2.19632e-03 -3.82354e-06 4.22407e-03 5.36897e-06 -8.38200e-09 1.94273e-02
4.71680e+00 3.22057e-03 1.13562e-04 4.27645e-03 8.20533e-06 3.64557e-07 1.90722e-02
4.74609e+00 4.08138e-03 2.21871e-04 4.31778e-03 1.13962e-05 9.01864e-07 1.87253e-02
4.77539e+00 4.74025e-03 3.14773e-04 4.34226e-03 1.43288e-05 1.48507e-06 1.83860e-02
4.80469e+00 5.19913e-03 3.92276e-04 4.34928e-03 1.66143e-05 2.02896e-06 1.80541e-02
4.83398e+00 5.43428e-03 4.49154e-04 4.33442e-03 1.78431e-05 2.42766e-06 1.77292e-02
4.86328e+00 5.46144e-03 4.86465e-04 4.29833e-03 1.79445e-05 2.64239e-06 1.74110e-02
4.89258e+00 5.27275e-03 5.00688e-04 4.23851e-03 1.68565e-05 2.62619e-06 1.70994e-02
4.92188e+00 4.89815e-03 4.94496e-04 4.15741e-03 1.48500e-05 2.41034e-06 1.67943e-02
4.95117e+00 4.34512e-03 4.66515e-04 4.05483e-03 1.21654e-05 2.01832e-06 1.64956e-02
4.98047e+00 3.65625e-03 4.21319e-04 3.93521e-03 9.25946e-06 1.53486e-06 1.62033e-02
5.00977e+00 2.85157e-03 3.59713e-04 3.80058e-03 6.47321e-06 1.02285e-06 1.59174e-02
5.03906e+00 1.98240e-03 2.87924e-04 3.65702e-03 4.19626e-06 5.69663e-07 1.56380e-02
5.06836e+00 1.07591e-03 2.08309e-04 3.50807e-03 2.63225e-06 2.23889e-07 1.53651e-02
5.09766e+00 1.85530e-04 1.27740e-04 3.36033e-03 1.90113e-06 2.36982e-08 1.50986e-02
5.12695e+00 -6.62425e-04 4.86866e-05 3.21728e-03 1.94724e-06 -3.22732e-08 1.48385e-02
5.15625e+00 -1.42156e-03 -2.30555e-05 3.08422e-03 2.60129e-06 3.28186e-08 1.45847e-02
5.18555e+00 -2.07592e-03 -8.65797e-05 2.96285e-03 3.62804e-06 1.80103e-07 1.43371e-02
5.21484e+00 -2.59413e-03 -1.38282e-04 2.85605e-03 4.74027e-06 3.59652e-07 1.40954e-02
5.24414e+00 -2.97569e-03 -1.79177e-04 2.76338e-03 5.72179e-06 5.34767e-07 1.38595e-02
5.27344e+00 -3.20581e-03 -2.07520e-04 2.68569e-03 6.36669e-06 6.67410e-07 1.36293e-02
5.30273e+00 -3.29814e-03 -2.25541e-04 2.62122e-03 6.61208e-06 7.46333e-07 1.34045e-02
5.33203e+00 -3.25098e-03 -2.32519e-04 2.56972e-03 6.41275e-06 7.58386e-07 1.31849e-02
5.36133e+00 -3.08766e-03 -2.31149e-04 2.52892e-03 5.85813e-06 7.15929e-07 1.29703e-02
5.39062e+00 -2.81469e-03 -2.21116e-04 2.49813e-03 5.02288e-06 6.24138e-07 1.27607e-02
5.41992e+00 -2.46039e-03 -2.05153e-04 2.47507e-03 4.06483e-06 5.06011e-07 1.25557e-02
5.44922e+00 -2.03520e-03 -1.83058e-04 2.45896e-03 3.09131e-06 3.73328e-07 1.23552e-02
5.47852e+00 -1.56872e-03 -1.57440e-04 2.44766e-03 2.23753e-06 2.47375e-07 1.21592e-02
5.50781e+00 -1.07208e-03 -1.28112e-04 2.44045e-03 1.57258e-06 1.37498e-07 1.19673e-02
5.53711e+00 -5.73479e-04 -9.75202e-05 2.43538e-03 1.15571e-06 5.59604e-08 1.17796e-02
5.56641e+00 -8.23976e-05 -6.54661e-05 2.43179e-03 9.89835e-07 5.39573e-09 1.15957e-02
5.59570e+00 3.76257e-04 -3.42207e-05 2.42798e-03 1.05269e-06 -1.28709e-08 1.14157e-02
5.62500e+00 7.96308e-04 -3.54652e-06 2.42338e-03 1.29408e-06 -2.82240e-09 1.12392e-02
5.65430e+00 1.15751e-03 2.44926e-05 2.41656e-03 1.64049e-06 2.83170e-08 1.10663e-02
5.68359e+00 1.45813e-03 5.02286e-05 2.40711e-03 2.02529e-06 7.31328e-08 1.08968e-02
5.71289e+00 1.68345e-03 7.18654e-05 2.39391e-03 2.36816e-06 1.20779e-07 1.07306e-02
5.74219e+00 1.83686e-03 8.99082e-05 2.37678e-03 2.62433e-06 1.64847e-07 1.05676e-02
5.77148e+00 1.90953e-03 1.02905e-04 2.35500e-03 2.74339e-06 1.96127e-07 1.04077e-02
5.80078e+00 1.91008e-03 1.11614e-04 2.32870e-03 2.72430e-06 2.12788e-07 1.02508e-02
5.83008e+00 1.83538e-03 1.14993e-04 2.29760e-03 2.56104e-06 2.10672e-07 1.00969e-02
5.85938e+00 1.69878e-03 1.14109e-04 2.26215e-03 2.29344e-06 1.93520e-07 9.94589e-03
5.88867e+00 1.50201e-03 1.08349e-04 2.22253e-03 1.94963e-06 1.62499e-07 9.79774e-03
5.91797e+00 1.26202e-03 9.90841e-05 2.17952e-03 1.58703e-06 1.24891e-07 9.65241e-03
5.94727e+00 9.83970e-04 8.60843e-05 2.13367e-03 1.24227e-06 8.46229e-08 9.50986e-03
5.97656e+00 6.86746e-04 7.09462e-05 2.08599e-03 9.60757e-07 4.86899e-08 9.37005e-03
6.00586e+00 3.76987e-04 5.36973e-05 2.03727e-03 7.62724e-07 2.02364e-08 9.23296e-03
6.03516e+00 7.34893e-05 3.60046e-05 1.98856e-03 6.61858e-07 2.64613e-09 9.09854e-03
6.06445e+00 -2.17751e-04 1.79665e-05 1.94068e-03 6.51723e-07 -3.91307e-09 8.96674e-03
6.09375e+00 -4.80120e-04 1.12351e-06 1.89456e-03 7.14067e-07 -5.39916e-10 8.83754e-03
6.12305e+00 -7.10246e-04 -1.45563e-05 1.85082e-03 8.24085e-07 1.03456e-08 8.71088e-03
6.15234e+00 -8.95416e-04 -2.78341e-05 1.81004e-03 9.48250e-07 2.49451e-08 8.58670e-03
6.18164e+00 -1.03627e-03 -3.90112e-05 1.77257e-03 1.06229e-06 4.04679e-08 8.46495e-03
6.21094e+00 -1.12489e-03 -4.72236e-05 1.73858e-03 1.13843e-06 5.31814e-08 8.34559e-03
6.24023e+00 -1.16632e-03 -5.30538e-05 1.70808e-03 1.16853e-06 6.19502e-08 8.22853e-03
6.26953e+00 -1.15722e-03 -5.59607e-05 1.68093e-03 1.14262e-06 6.48343e-08 8.11373e-03
6.29883e+00 -1.10635e-03 -5.67203e-05 1.65692e-03 1.07156e-06 6.28227e-08 8.00113e-03
6.32812e+00 -1.01391e-03 -5.50026e-05 1.63567e-03 9.61661e-07 5.58251e-08 7.89067e-03
6.35742e+00 -8.91079e-04 -5.16695e-05 1.61692e-03 8.34197e-07 4.60834e-08 7.78228e-03
6.38672e+00 -7.40140e-04 -4.65009e-05 1.60016e-03 7.01776e-07 3.44434e-08 7.67591e-03
6.41602e+00 -5.73275e-04 -4.03643e-05 1.58512e-03 5.83894e-07 2.31537e-08 7.57150e-03
6.44531e+00 -3.93466e-04 -3.30832e-05 1.57128e-03 4.89410e-07 1.30227e-08 7.46900e-03
6.47461e+00 -2.12636e-04 -2.54833e-05 1.55840e-03 4.27645e-07 5.42008e-09 7.36834e-03
6.50391e+00 -3.33290e-05 -1.73935e-05 1.54598e-03 3.98960e-07 5.79842e-10 7.26950e-03
6.53320e+00 1.33758e-04 -9.57259e-06 1.53385e-03 4.00956e-07 -1.28024e-09 7.17239e-03
6.56250e+00 2.87346e-04 -1.83159e-06 1.52156e-03 4.26895e-07 -5.26223e-10 7.07700e-03
6.59180e+00 4.18619e-04 5.15389e-06 1.50902e-03 4.66790e-07 2.15651e-09 6.98326e-03
6.62109e+00 5.28085e-04 1.16077e-05 1.49583e-03 5.11920e-07 6.12654e-09 6.89113e-03
6.65039e+00 6.09171e-04 1.69501e-05 1.48202e-03 5.51121e-07 1.03192e-08 6.80059e-03
6.67969e+00 6.64399e-04 2.14541e-05 1.46725e-03 5.79006e-07 1.42447e-08 6.71158e-03
6.70898e+00 6.89517e-04 2.46455e-05 1.45166e-03 5.88431e-07 1.69819e-08 6.62408e-03
6.73828e+00 6.89020e-04 2.68565e-05 1.43498e-03 5.80098e-07 1.84921e-08 6.53805e-03
6.76758e+00 6.60794e-04 2.77224e-05 1.41747e-03 5.52774e-07 1.83069e-08 6.45347e-03
6.79688e+00 6.11011e-04 2.76370e-05 1.39894e-03 5.12482e-07 1.68764e-08 6.37031e-03
6.82617e+00 5.39279e-04 2.63400e-05 1.37973e-03 4.62399e-07 1.41972e-08 6.28854e-03
6.85547e+00 4.52949e-04 2.42779e-05 1.35973e-03 4.10504e-07 1.09919e-08 6.20814e-03
6.88477e+00 3.52752e-04 2.12775e-05 1.33936e-03 3.61038e-07 7.50321e-09 6.12909e-03
6.91406e+00 2.46570e-04 1.78178e-05 1.31853e-03 3.20050e-07 4.39239e-09 6.05137e-03
6.94336e+00 1.35562e-04 1.37847e-05 1.29774e-03 2.89821e-07 1.86851e-09 5.97495e-03
6.97266e+00 2.74394e-05 9.65879e-06 1.27688e-03 2.72107e-07 2.65064e-10 5.89981e-03
7.00195e+00 -7.69139e-05 5.34977e-06 1.25646e-03 2.66110e-07 -4.11500e-10 5.82593e-03
7.03125e+00 -1.70610e-04 1.30592e-06 1.23636e-03 2.69398e-07 -2.22863e-10 5.75329e-03
7.06055e+00 -2.53639e-04 -2.57470e-06 1.21704e-03 2.79153e-07 6.53177e-10 5.68187e-03
7.08984e+00 -3.20437e-04 -5.90618e-06 1.19832e-03 2.90831e-07 1.89313e-09 5.61165e-03
7.11914e+00 -3.72267e-04 -8.82873e-06 1.18062e-03 3.01798e-07 3.28785e-09 5.54259e-03
7.14844e+00 -4.05156e-04 -1.10365e-05 1.16368e-03 3.07986e-07 4.47330e-09 5.47469e-03
7.17773e+00 -4.21780e-04 -1.27192e-05 1.14785e-03 3.08772e-07 5.36697e-09 5.40791e-03
7.20703e+00 -4.19745e-04 -1.36517e-05 1.13279e-03 3.02190e-07 5.73269e-09 5.34223e-03
7.23633e+00 -4.03007e-04 -1.40678e-05 1.11880e-03 2.90042e-07 5.67177e-09 5.27762e-03
7.26562e+00 -3.70488e-04 -1.38091e-05 1.10548e-03 2.72504e-07 5.11806e-09 5.21407e-03
7.29492e+00 -3.27071e-04 -1.31360e-05 1.09308e-03 2.52790e-07 4.29788e-09 5.15155e-03
7.32422e+00 -2.72558e-04 -1.19359e-05 1.08118e-03 2.32099e-07 3.25419e-09 5.09004e-03
7.35352e+00 -2.12286e-04 -1.04766e-05 1.07001e-03 2.13451e-07 2.22456e-09 5.02951e-03
7.38281e+00 -1.46445e-04 -8.67079e-06 1.05914e-03 1.97747e-07 1.27003e-09 4.96994e-03
7.41211e+00 -8.03485e-05 -6.77678e-06 1.04879e-03 1.86586e-07 5.44578e-10 4.91131e-03
7.44141e+00 -1.41143e-05 -4.71763e-06 1.03853e-03 1.79859e-07 6.66003e-11 4.85360e-03
7.47070e+00 4.73736e-05 -2.73054e-06 1.02862e-03 1.77442e-07 -1.29350e-10 4.79678e-03
7.50000e+00 1.04426e-04 -7.38230e-07 1.01861e-03 1.78337e-07 -7.70920e-11 4.74085e-03
7.52930e+00 1.52878e-04 1.05019e-06 1.00880e-03 1.81240e-07 1.60511e-10 4.68577e-03
7.55859e+00 1.93701e-04 2.71898e-06 9.98765e-04 1.84944e-07 5.26551e-10 4.63154e-03
7.58789e+00 2.23610e-04 4.09108e-06 9.88824e-04 1.87883e-07 9.14588e-10 4.57813e-03
7.61719e+00 2.44335e-04 5.26161e-06 9.78571e-04 1.89366e-07 1.28527e-09 4.52553e-03
7.64648e+00 2.53500e-04 6.08704e-06 9.68359e-04 1.88334e-07 1.54267e-09 4.47372e-03
7.67578e+00 2.53574e-04 6.67477e-06 9.57802e-04 1.84967e-07 1.69213e-09 4.42269e-03
7.70508e+00 2.43008e-04 6.91406e-06 9.47281e-04 1.79009e-07 1.67978e-09 4.37242e-03
7.73438e+00 2.24881e-04 6.92373e-06 9.36430e-04 1.71370e-07 1.55668e-09 4.32290e-03
7.76367e+00 1.98298e-04 6.62269e-06 9.25655e-04 1.62411e-07 1.31303e-09 4.27413e-03
7.79297e+00 1.66747e-04 6.13791e-06 9.14603e-04 1.53272e-07 1.02332e-09 4.22607e-03
7.82227e+00 1.29748e-04 5.41262e-06 9.03700e-04 1.44494e-07 7.02200e-10 4.17873e-03
7.85156e+00 9.09499e-05 4.57650e-06 8.92601e-04 1.36900e-07 4.16207e-10 4.13210e-03
7.88086e+00 5.00300e-05 3.58994e-06 8.81743e-04 1.30815e-07 1.79604e-10 4.08615e-03
7.91016e+00 1.05389e-05 2.57853e-06 8.70782e-04 1.26426e-07 2.71787e-11 4.04088e-03
7.93945e+00 -2.79418e-05 1.51174e-06 8.60156e-04 1.23705e-07 -4.22412e-11 3.99628e-03
7.96875e+00 -6.21867e-05 5.03932e-07 8.49513e-04 1.22223e-07 -3.13417e-11 3.95233e-03
7.99805e+00 -9.29166e-05 -4.73923e-07 8.39288e-04 1.21735e-07 4.40365e-11 3.90904e-03
8.02734e+00 -1.17400e-04 -1.32477e-06 8.29115e-04 1.21487e-07 1.55543e-10 3.86637e-03
8.05664e+00 -1.36794e-04 -2.08201e-06 8.19415e-04 1.21291e-07 2.84844e-10 3.82433e-03
8.08594e+00 -1.48947e-04 -2.66968e-06 8.09808e-04 1.20422e-07 3.97701e-10 3.78290e-03
8.11523e+00 -1.55501e-04 -3.12864e-06 8.00700e-04 1.18976e-07 4.86584e-10 3.74208e-03
8.14453e+00 -1.54882e-04 -3.40480e-06 7.91693e-04 1.16489e-07 5.27428e-10 3.70184e-03
8.17383e+00 -1.49172e-04 -3.54649e-06 7.83178e-04 1.13385e-07 5.29125e-10 3.66218e-03
8.20312e+00 -1.37294e-04 -3.51941e-06 7.74744e-04 1.09490e-07 4.83269e-10 3.62309e-03
8.23242e+00 -1.21659e-04 -3.37674e-06 7.66771e-04 1.05413e-07 4.10869e-10 3.58456e-03
8.26172e+00 -1.01537e-04 -3.09983e-06 7.58836e-04 1.01145e-07 3.14788e-10 3.54658e-03
8.29102e+00 -7.95096e-05 -2.74270e-06 7.51315e-04 9.72531e-08 2.18096e-10 3.50913e-03
8.32031e+00 -5.50247e-05 -2.29742e-06 7.43779e-04 9.37229e-08 1.26427e-10 3.47221e-03
8.34961e+00 -3.06601e-05 -1.81460e-06 7.36602e-04 9.09035e-08 5.56414e-11 3.43581e-03
8.37891e+00 -5.87000e-06 -1.29249e-06 7.29356e-04 8.86755e-08 7.58858e-12 3.39991e-03
8.40820e+00 1.69265e-05 -7.74759e-07 7.22418e-04 8.71186e-08 -1.31138e-11 3.36451e-03
8.43750e+00 3.84105e-05 -2.62253e-07 7.15360e-04 8.60182e-08 -1.00744e-11 3.32960e-03
8.46680e+00 5.64386e-05 2.10711e-07 7.08568e-04 8.52583e-08 1.18891e-11 3.29517e-03
8.49609e+00 7.19237e-05 6.43125e-07 7.01619e-04 8.46165e-08 4.62498e-11 3.26121e-03
8.52539e+00 8.30650e-05 1.01138e-06 6.94903e-04 8.39153e-08 8.40002e-11 3.22771e-03
8.55469e+00 9.10513e-05 1.31563e-06 6.88006e-04 8.30202e-08 1.19777e-10 3.19467e-03
8.58398e+00 9.44403e-05 1.54336e-06 6.81326e-04 8.18097e-08 1.45739e-10 3.16208e-03
8.61328e+00 9.46901e-05 1.69632e-06 6.74454e-04 8.02811e-08 1.60609e-10 3.12992e-03
8.64258e+00 9.06855e-05 1.77264e-06 6.67795e-04 7.84212e-08 1.60738e-10 3.09819e-03
8.67188e+00 8.41060e-05 1.77536e-06 6.60948e-04 7.63312e-08 1.49306e-10 3.06690e-03
8.70117e+00 7.40956e-05 1.71210e-06 6.54321e-04 7.40884e-08 1.26850e-10 3.03601e-03
8.73047e+00 6.24758e-05 1.58624e-06 6.47519e-04 7.18209e-08 9.90964e-11 3.00555e-03
8.75977e+00 4.85587e-05 1.41328e-06 6.40953e-04 6.96404e-08 6.86247e-11 2.97548e-03
8.78906e+00 3.42131e-05 1.19550e-06 6.34232e-04 6.76203e-08 4.09011e-11 2.94582e-03
8.81836e+00 1.88189e-05 9.54298e-07 6.27769e-04 6.58548e-08 1.79591e-11 2.91654e-03
8.84766e+00 4.19603e-06 6.89198e-07 6.21173e-04 6.43154e-08 2.89221e-12 2.88766e-03
8.87695e+00 -1.03022e-05 4.25453e-07 6.14856e-04 6.30602e-08 -4.38301e-12 2.85915e-03
8.90625e+00 -2.29889e-05 1.58197e-07 6.08429e-04 6.19625e-08 -3.63687e-12 2.83102e-03
8.93555e+00 -3.46131e-05 -8.53689e-08 6.02299e-04 6.10618e-08 2.95501e-12 2.80326e-03
8.96484e+00 -4.36817e-05 -3.15822e-07 5.96076e-04 6.01748e-08 1.37963e-11 2.77586e-03
8.99414e+00 -5.10945e-05 -5.05470e-07 5.90162e-04 5.93579e-08 2.58284e-11 2.74882e-03
9.02344e+00 -5.55833e-05 -6.71421e-07 5.84166e-04 5.84241e-08 3.73224e-11 2.72213e-03
9.05273e+00 -5.82150e-05 -7.86333e-07 5.78484e-04 5.74732e-08 4.57800e-11 2.69579e-03
9.08203e+00 -5.79450e-05 -8.74023e-07 5.72722e-04 5.63519e-08 5.06493e-11 2.66978e-03
9.11133e+00 -5.59933e-05 -9.07679e-07 5.67273e-04 5.52051e-08 5.08282e-11 2.64411e-03
9.14062e+00 -5.15084e-05 -9.17368e-07 5.61738e-04 5.39220e-08 4.72560e-11 2.61877e-03
9.16992e+00 -4.58233e-05 -8.76391e-07 5.56507e-04 5.26697e-08 4.01625e-11 2.59376e-03
9.19922e+00 -3.82282e-05 -8.20120e-07 5.51181e-04 5.13663e-08 3.13542e-11 2.56906e-03
9.22852e+00 -3.01121e-05 -7.21152e-07 5.46144e-04 5.01670e-08 2.17173e-11 2.54467e-03
9.25781e+00 -2.08441e-05 -6.18947e-07 5.40998e-04 4.89975e-08 1.29026e-11 2.52060e-03
9.28711e+00 -1.18067e-05 -4.84420e-07 5.36127e-04 4.79746e-08 5.72006e-12 2.49682e-03
9.31641e+00 -2.38395e-06 -3.59881e-07 5.31132e-04 4.70183e-08 8.58207e-13 2.47334e-03
9.34570e+00 6.10631e-06 -2.13654e-07 5.26396e-04 4.61985e-08 -1.30468e-12 2.45016e-03
9.37500e+00 1.43188e-05 -8.98241e-08 5.21522e-04 4.54306e-08 -1.28646e-12 2.42727e-03
9.40430e+00 2.10458e-05 4.65642e-08 5.16894e-04 4.47480e-08 9.79428e-13 2.40466e-03
9.43359e+00 2.70192e-05 1.50447e-07 5.12119e-04 4.40721e-08 4.06421e-12 2.38233e-03
9.46289e+00 3.11683e-05 2.60453e-07 5.07578e-04 4.34207e-08 8.11687e-12 2.36027e-03
9.49219e+00 3.43204e-05 3.31027e-07 5.02883e-04 4.27331e-08 1.13599e-11 2.33848e-03
9.52148e+00 3.55492e-05 4.04572e-07 4.98415e-04 4.20305e-08 1.43810e-11 2.31697e-03
9.55078e+00 3.57769e-05 4.35235e-07 4.93791e-04 4.12740e-08 1.55702e-11 2.29571e-03
9.58008e+00 3.42098e-05 4.69041e-07 4.89391e-04 4.04984e-08 1.60447e-11 2.27471e-03
9.60938e+00 3.18471e-05 4.59789e-07 4.84836e-04 3.96809e-08 1.46420e-11 2.25397e-03
9.63867e+00 2.80021e-05 4.56762e-07 4.80505e-04 3.88694e-08 1.27896e-11 2.23348e-03
9.66797e+00 2.37212e-05 4.13179e-07 4.76021e-04 3.80442e-08 9.80065e-12 2.21323e-03
9.69727e+00 1.83897e-05 3.81080e-07 4.71764e-04 3.72600e-08 7.00762e-12 2.19323e-03
9.72656e+00 1.30648e-05 3.12753e-07 4.67360e-04 3.64874e-08 4.08588e-12 2.17347e-03
9.75586e+00 7.16511e-06 2.62413e-07 4.63187e-04 3.57810e-08 1.88014e-12 2.15394e-03
9.78516e+00 1.72241e-06 1.81017e-07 4.58873e-04 3.50942e-08 3.11766e-13 2.13465e-03
9.81445e+00 -3.84734e-06 1.24373e-07 4.54793e-04 3.44793e-08 -4.78471e-13 2.11559e-03
9.84375e+00 -8.56977e-06 4.17269e-08 4.50578e-04 3.38730e-08 -3.57515e-13 2.09675e-03
9.87305e+00 -1.30603e-05 -1.00443e-08 4.46602e-04 3.33272e-08 1.31333e-13 2.07814e-03
9.90234e+00 -1.64247e-05 -8.37038e-08 4.42494e-04 3.27683e-08 1.37502e-12 2.05975e-03
9.93164e+00 -1.93282e-05 -1.21710e-07 4.38626e-04 3.22524e-08 2.35275e-12 2.04158e-03
9.96094e+00 -2.09679e-05 -1.79004e-07 4.34631e-04 3.17040e-08 3.75372e-12 2.02361e-03
9.99023e+00 -2.20652e-05 -1.97633e-07 4.30875e-04 3.11859e-08 4.36130e-12 2.00586e-03
1.00195e+01 -2.19082e-05 -2.34730e-07 4.26992e-04 3.06273e-08 5.14300e-12 1.98832e-03
1.00488e+01 -2.12693e-05 -2.32020e-07 4.23347e-04 3.00969e-08 4.93544e-12 1.97098e-03
1.00781e+01 -1.95159e-05 -2.48692e-07 4.19575e-04 2.95311e-08 4.85393e-12 1.95384e-03
1.01074e+01 -1.74568e-05 -2.26096e-07 4.16036e-04 2.90000e-08 3.94740e-12 1.93690e-03
1.01367e+01 -1.45198e-05 -2.25218e-07 4.12367e-04 2.84464e-08 3.27051e-12 1.92016e-03
1.01660e+01 -1.15291e-05 -1.86874e-07 4.08927e-04 2.79364e-08 2.15481e-12 1.90360e-03
1.01953e+01 -7.94890e-06 -1.73513e-07 4.05354e-04 2.74164e-08 1.37947e-12 1.88724e-03
1.02246e+01 -4.59582e-06 -1.25206e-07 4.02004e-04 2.69444e-08 5.75577e-13 1.87107e-03
1.02539e+01 -9.46635e-07 -1.05520e-07 3.98518e-04 2.64690e-08 9.99526e-14 1.85508e-03
1.02832e+01 2.21167e-06 -5.35644e-08 3.95248e-04 2.60383e-08 -1.18483e-13 1.83927e-03
1.03125e+01 5.41046e-06 -3.37044e-08 3.91840e-04 2.56032e-08 -1.82441e-13 1.82364e-03
1.03418e+01 7.90959e-06 1.60768e-08 3.88643e-04 2.52039e-08 1.27006e-13 1.80819e-03
1.03711e+01 1.02635e-05 3.08692e-08 3.85304e-04 2.47945e-08 3.16627e-13 1.79291e-03
1.04004e+01 1.17893e-05 7.39123e-08 3.82173e-04 2.44107e-08 8.71126e-13 1.77780e-03
1.04297e+01 1.30722e-05 7.99231e-08 3.78898e-04 2.40112e-08 1.04451e-12 1.76286e-03
1.04590e+01 1.34897e-05 1.13380e-07 3.75827e-04 2.36305e-08 1.52917e-12 1.74809e-03
1.04883e+01 1.36577e-05 1.08713e-07 3.72612e-04 2.32318e-08 1.48450e-12 1.73348e-03
1.05176e+01 1.30100e-05 1.31582e-07 3.69599e-04 2.28505e-08 1.71161e-12 1.71903e-03
1.05469e+01 1.21868e-05 1.16146e-07 3.66443e-04 2.24530e-08 1.41521e-12 1.70475e-03
1.05762e+01 1.06682e-05 1.29125e-07 3.63487e-04 2.20761e-08 1.37732e-12 1.69062e-03
1.06055e+01 9.10790e-06 1.04365e-07 3.60389e-04 2.16871e-08 9.50377e-13 1.67665e-03
1.06348e+01 7.01868e-06 1.09488e-07 3.57491e-04 2.13235e-08 7.68324e-13 1.66283e-03
1.06641e+01 5.05364e-06 7.79519e-08 3.54452e-04 2.09512e-08 3.93846e-13 1.64916e-03
1.06934e+01 2.74367e-06 7.81005e-08 3.51612e-04 2.06081e-08 2.14223e-13 1.63564e-03
1.07227e+01 7.27392e-07 4.29143e-08 3.48635e-04 2.02572e-08 3.11901e-14 1.62227e-03
1.07520e+01 -1.46026e-06 4.12800e-08 3.45856e-04 1.99365e-08 -6.02672e-14 1.60904e-03
1.07812e+01 -3.20716e-06 5.61758e-09 3.42941e-04 1.96060e-08 -1.79780e-14 1.59596e-03
1.08105e+01 -4.98553e-06 5.19800e-09 3.40224e-04 1.93041e-08 -2.58403e-14 1.58302e-03
1.08398e+01 -6.21837e-06 -2.81803e-08 3.37374e-04 1.89891e-08 1.75330e-13 1.57022e-03
1.08691e+01 -7.39223e-06 -2.49881e-08 3.34720e-04 1.86999e-08 1.84842e-13 1.55756e-03
1.08984e+01 -7.96949e-06 -5.40748e-08 3.31934e-04 1.83948e-08 4.31084e-13 1.54503e-03
1.09277e+01 -8.45358e-06 -4.57381e-08 3.29343e-04 1.81132e-08 3.86807e-13 1.53264e-03
1.09570e+01 -8.34600e-06 -6.94624e-08 3.26621e-04 1.78147e-08 5.79890e-13 1.52037e-03
1.09863e+01 -8.16528e-06 -5.54147e-08 3.24092e-04 1.75390e-08 4.52639e-13 1.50824e-03
1.10156e+01 -7.44763e-06 -7.36632e-08 3.21432e-04 1.72472e-08 5.48767e-13 1.49624e-03
1.10449e+01 -6.72126e-06 -5.42483e-08 3.18964e-04 1.69785e-08 3.64760e-13 1.48437e-03
1.10742e+01 -5.54972e-06 -6.77407e-08 3.16364e-04 1.66960e-08 3.76063e-13 1.47262e-03
1.11035e+01 -4.46309e-06 -4.40296e-08 3.13953e-04 1.64372e-08 1.96610e-13 1.46099e-03
1.11328e+01 -3.04324e-06 -5.40873e-08 3.11410e-04 1.61668e-08 1.64675e-13 1.44949e-03
1.11621e+01 -1.81336e-06 -2.76121e-08 3.09053e-04 1.59201e-08 5.01198e-14 1.43811e-03
1.11914e+01 -3.64419e-07 -3.58714e-08 3.06563e-04 1.56630e-08 1.30932e-14 1.42684e-03
1.12207e+01 7.95487e-07 -8.33021e-09 3.04257e-04 1.54285e-08 -6.63202e-15 1.41570e-03
1.12500e+01 2.07435e-06 -1.64511e-08 3.01819e-04 1.51840e-08 -3.41547e-14 1.40467e-03
1.12793e+01 2.98572e-06 1.05669e-08 2.99561e-04 1.49600e-08 3.14972e-14 1.39375e-03
1.13086e+01 3.94240e-06 1.14995e-09 2.97170e-04 1.47255e-08 4.46434e-15 1.38294e-03
1.13379e+01 4.48360e-06 2.63805e-08 2.94957e-04 1.45094e-08 1.18194e-13 1.37225e-03
1.13672e+01 5.03005e-06 1.46348e-08 2.92612e-04 1.42823e-08 7.35202e-14 1.36167e-03
1.13965e+01 5.14778e-06 3.72719e-08 2.90443e-04 1.40721e-08 1.91766e-13 1.35119e-03
1.14258e+01 5.26568e-06 2.26563e-08 2.88142e-04 1.38508e-08 1.19200e-13 1.34083e-03
1.14551e+01 4.97504e-06 4.23979e-08 2.86014e-04 1.36458e-08 2.10832e-13 1.33057e-03
1.14844e+01 4.71061e-06 2.48662e-08 2.83755e-04 1.34300e-08 1.17043e-13 1.32041e-03
1.15137e+01 4.08511e-06 4.18797e-08 2.81669e-04 1.32307e-08 1.71000e-13 1.31036e-03
1.15430e+01 3.53500e-06 2.18126e-08 2.79452e-04 1.30213e-08 7.70368e-14 1.30040e-03
1.15723e+01 2.68923e-06 3.66381e-08 2.77407e-04 1.28288e-08 9.84714e-14 1.29055e-03
1.16016e+01 1.98073e-06 1.47247e-08 2.75231e-04 1.26269e-08 2.91226e-14 1.28080e-03
1.16309e+01 1.04888e-06 2.81407e-08 2.73226e-04 1.24422e-08 2.94901e-14 1.27114e-03
1.16602e+01 3.17835e-07 5.23370e-09 2.71092e-04 1.22481e-08 1.65056e-15 1.26159e-03
1.16895e+01 -5.68064e-07 1.81084e-08 2.69127e-04 1.20714e-08 -1.02823e-14 1.25212e-03
1.17188e+01 -1.19807e-06 -4.92207e-09 2.67035e-04 1.18850e-08 5.91251e-15 1.24276e-03
1.17480e+01 -1.92726e-06 8.23030e-09 2.65110e-04 1.17154e-08 -1.58307e-14 1.23348e-03
1.17773e+01 -2.36157e-06 -1.41637e-08 2.63059e-04 1.15358e-08 3.34874e-14 1.22430e-03
1.18066e+01 -2.85838e-06 -7.59918e-11 2.61174e-04 1.13724e-08 2.68236e-16 1.21521e-03
1.18359e+01 -3.04187e-06 -2.12770e-08 2.59164e-04 1.11986e-08 6.47764e-14 1.20621e-03
1.18652e+01 -3.27284e-06 -5.83039e-09 2.57318e-04 1.10405e-08 1.91437e-14 1.19729e-03
1.18945e+01 -3.19356e-06 -2.55362e-08 2.55348e-04 1.08719e-08 8.16120e-14 1.18847e-03
1.19238e+01 -3.16763e-06 -8.56946e-09 2.53541e-04 1.07185e-08 2.72075e-14 1.17973e-03
1.19531e+01 -2.85371e-06 -2.67386e-08 2.51610e-04 1.05550e-08 7.63615e-14 1.17108e-03
1.19824e+01 -2.61620e-06 -8.33914e-09 2.49840e-04 1.04065e-08 2.18711e-14 1.16251e-03
1.20117e+01 -2.12727e-06 -2.51585e-08 2.47948e-04 1.02483e-08 5.35644e-14 1.15402e-03
1.20410e+01 -1.74918e-06 -5.61377e-09 2.46214e-04 1.01048e-08 9.85813e-15 1.14562e-03
1.20703e+01 -1.16408e-06 -2.14373e-08 2.44358e-04 9.95216e-09 2.49827e-14 1.13730e-03
1.20996e+01 -7.28825e-07 -1.16377e-09 2.42660e-04 9.81388e-09 8.67084e-16 1.12906e-03
1.21289e+01 -1.31944e-07 -1.64351e-08 2.40839e-04 9.66691e-09 2.17647e-15 1.12090e-03
1.21582e+01 2.78245e-07 4.10135e-09 2.39174e-04 9.53374e-09 1.13966e-15 1.11281e-03
1.21875e+01 8.10002e-07 -1.10721e-08 2.37388e-04 9.39213e-09 -8.97957e-15 1.10481e-03
1.22168e+01 1.12601e-06 9.28730e-09 2.35755e-04 9.26370e-09 1.04382e-14 1.09688e-03
1.22461e+01 1.53365e-06 -6.18447e-09 2.34001e-04 9.12693e-09 -9.51138e-15 1.08902e-03
1.22754e+01 1.70812e-06 1.36442e-08 2.32400e-04 9.00274e-09 2.32737e-14 1.08125e-03
1.23047e+01 1.95723e-06 -2.41398e-09 2.30678e-04 8.87030e-09 -4.76105e-15 1.07354e-03
1.23340e+01 1.96909e-06 1.66550e-08 2.29107e-04 8.74994e-09 3.27565e-14 1.06591e-03
1.23633e+01 2.05210e-06 -1.43154e-10 2.27416e-04 8.62144e-09 -3.33447e-16 1.05835e-03
1.23926e+01 1.90669e-06 1.80761e-08 2.25874e-04 8.50469e-09 3.44269e-14 1.05086e-03
1.24219e+01 1.84102e-06 5.21715e-10 2.24213e-04 8.37998e-09 9.23601e-16 1.04344e-03
1.24512e+01 1.56633e-06 1.79322e-08 2.22700e-04 8.26682e-09 2.80549e-14 1.03610e-03
1.24805e+01 1.38902e-06 -2.75357e-10 2.21069e-04 8.14592e-09 -4.11613e-16 1.02882e-03
1.25098e+01 1.02906e-06 1.64721e-08 2.19584e-04 8.03644e-09 1.69280e-14 1.02160e-03
1.25391e+01 7.89157e-07 -2.19840e-09 2.17982e-04 7.91939e-09 -1.75303e-15 1.01446e-03
1.25684e+01 3.95722e-07 1.40996e-08 2.16525e-04 7.81365e-09 5.56885e-15 1.00738e-03
1.25977e+01 1.45748e-07 -4.79686e-09 2.14952e-04 7.70043e-09 -7.04980e-16 1.00037e-03
1.26270e+01 -2.30062e-07 1.12916e-08 2.13522e-04 7.59837e-09 -2.59602e-15 9.93424e-04
1.26562e+01 -4.42165e-07 -7.58796e-09 2.11977e-04 7.48886e-09 3.36100e-15 9.86541e-04
1.26855e+01 -7.57339e-07 8.51808e-09 2.10574e-04 7.39028e-09 -6.43843e-15 9.79721e-04
1.27148e+01 -8.94723e-07 -1.01315e-08 2.09057e-04 7.28427e-09 9.08033e-15 9.72964e-04
1.27441e+01 -1.11974e-06 6.17503e-09 2.07681e-04 7.18893e-09 -6.89382e-15 9.66270e-04
1.27734e+01 -1.16080e-06 -1.20878e-08 2.06191e-04 7.08621e-09 1.40531e-14 9.59636e-04
1.28027e+01 -1.28245e-06 4.53758e-09 2.04841e-04 6.99388e-09 -5.79438e-15 9.53063e-04
1.28320e+01 -1.22227e-06 -1.32521e-08 2.03378e-04 6.89426e-09 1.62217e-14 9.46551e-04
1.28613e+01 -1.24378e-06 3.73747e-09 2.02053e-04 6.80480e-09 -4.62352e-15 9.40097e-04
1.28906e+01 -1.09302e-06 -1.35654e-08 2.00616e-04 6.70820e-09 1.48498e-14 9.33702e-04
1.29199e+01 -1.03173e-06 3.76468e-09 1.99317e-04 6.62152e-09 -3.86249e-15 9.27364e-04
1.29492e+01 -8.13298e-07 -1.31015e-08 1.97906e-04 6.52789e-09 1.06733e-14 9.21084e-04
1.29785e+01 -6.96607e-07 4.48946e-09 1.96630e-04 6.44395e-09 -3.11190e-15 9.14861e-04
1.30078e+01 -4.40948e-07 -1.20370e-08 1.95244e-04 6.35327e-09 5.31861e-15 9.08693e-04
1.30371e+01 -3.01134e-07 5.69868e-09 1.93993e-04 6.27203e-09 -1.70831e-15 9.02581e-04
1.30664e+01 -4.09341e-08 -1.06106e-08 1.92631e-04 6.18423e-09 4.37413e-16 8.96524e-04
1.30957e+01 9.00860e-08 7.13922e-09 1.91402e-04 6.10559e-09 6.42908e-16 8.90520e-04
1.31250e+01 3.24948e-07 -9.07933e-09 1.90064e-04 6.02056e-09 -2.95478e-15 8.84570e-04
1.31543e+01 4.20259e-07 8.56094e-09 1.88858e-04 5.94441e-09 3.59055e-15 8.78673e-04
1.31836e+01 6.06782e-07 -7.67756e-09 1.87542e-04 5.86200e-09 -4.66920e-15 8.72828e-04
1.32129e+01 6.47853e-07 9.75294e-09 1.86358e-04 5.78820e-09 6.30610e-15 8.67035e-04
1.32422e+01 7.72524e-07 -6.58642e-09 1.85065e-04 5.70826e-09 -5.10271e-15 8.61293e-04
1.32715e+01 7.50991e-07 1.05688e-08 1.83901e-04 5.63669e-09 7.92201e-15 8.55602e-04
1.33008e+01 8.10710e-07 -5.91488e-09 1.82630e-04 5.55910e-09 -4.81125e-15 8.49961e-04
1.33301e+01 7.28467e-07 1.09384e-08 1.81487e-04 5.48968e-09 7.95314e-15 8.44369e-04
1.33594e+01 7.29850e-07 -5.69442e-09 1.80238e-04 5.41435e-09 -4.17107e-15 8.38826e-04
1.33887e+01 5.97626e-07 1.08674e-08 1.79115e-04 5.34702e-09 6.48166e-15 8.33331e-04
1.34180e+01 5.54956e-07 -5.88581e-09 1.77887e-04 5.27390e-09 -3.27834e-15 8.27885e-04
1.34473e+01 3.89755e-07 1.04247e-08 1.76784e-04 5.20863e-09 4.05400e-15 8.22485e-04
1.34766e+01 3.22041e-07 -6.39521e-09 1.75576e-04 5.13767e-09 -2.06712e-15 8.17133e-04
1.35059e+01 1.43952e-07 9.72353e-09 1.74492e-04 5.07441e-09 1.39551e-15 8.11827e-04
1.35352e+01 7.16193e-08 -7.09591e-09 1.73304e-04 5.00556e-09 -5.10853e-16 8.06567e-04
1.35645e+01 -9.94737e-08 8.89842e-09 1.72240e-04 4.94426e-09 -8.84385e-16 8.01352e-04
1.35938e+01 -1.57729e-07 -7.85164e-09 1.71072e-04 4.87745e-09 1.24053e-15 7.96182e-04
1.36230e+01 -3.05041e-07 8.08224e-09 1.70026e-04 4.81803e-09 -2.46025e-15 7.91056e-04
1.36523e+01 -3.34796e-07 -8.53781e-09 1.68878e-04 4.75318e-09 2.86439e-15 7.85975e-04
1.36816e+01 -4.46755e-07 7.38721e-09 1.67850e-04 4.69557e-09 -3.29190e-15 7.80936e-04
1.37109e+01 -4.39494e-07 -9.05802e-09 1.66721e-04 4.63260e-09 3.98944e-15 7.75941e-04
1.37402e+01 -5.10866e-07 6.89151e-09 1.65712e-04 4.57672e-09 -3.51056e-15 7.70988e-04
1.37695e+01 -4.64570e-07 -9.35405e-09 1.64601e-04 4.51556e-09 4.35507e-15 7.66077e-04
1.37988e+01 -4.96518e-07 6.63279e-09 1.63610e-04 4.46133e-09 -3.28312e-15 7.61208e-04
1.38281e+01 -4.15237e-07 -9.40884e-09 1.62518e-04 4.40194e-09 3.91578e-15 7.56380e-04
1.38574e+01 -4.14450e-07 6.60852e-09 1.61543e-04 4.34931e-09 -2.73007e-15 7.51593e-04
1.38867e+01 -3.07035e-07 -9.24305e-09 1.60469e-04 4.29163e-09 2.84495e-15 7.46846e-04
1.39160e+01 -2.84134e-07 6.78213e-09 1.59512e-04 4.24056e-09 -1.92066e-15 7.42139e-04
1.39453e+01 -1.62406e-07 -8.90663e-09 1.58455e-04 4.18455e-09 1.45075e-15 7.37472e-04
1.39746e+01 -1.29960e-07 7.09330e-09 1.57514e-04 4.13499e-09 -9.18533e-16 7.32843e-04
1.40039e+01 -6.64325e-09 -8.46729e-09 1.56475e-04 4.08059e-09 5.73780e-17 7.28253e-04
1.40332e+01 2.28908e-08 7.47021e-09 1.55550e-04 4.03249e-09 1.71130e-16 7.23702e-04
1.40625e+01 1.36129e-07 -7.99799e-09 1.54527e-04 3.97966e-09 -1.09065e-15 7.19188e-04
1.40918e+01 1.52213e-07 7.84171e-09 1.53618e-04 3.93297e-09 1.19094e-15 7.14712e-04
1.41211e+01 2.46364e-07 -7.56553e-09 1.52612e-04 3.88164e-09 -1.86822e-15 7.10273e-04
1.41504e+01 2.41710e-07 8.14769e-09 1.51718e-04 3.83630e-09 1.96464e-15 7.05870e-04
1.41797e+01 3.11448e-07 -7.22164e-09 1.50728e-04 3.78642e-09 -2.25512e-15 7.01504e-04
1.42090e+01 2.82723e-07 8.34626e-09 1.49849e-04 3.74238e-09 2.35385e-15 6.97174e-04
1.42383e+01 3.26782e-07 -6.99753e-09 1.48875e-04 3.69390e-09 -2.29322e-15 6.92879e-04
1.42676e+01 2.74658e-07 8.41732e-09 1.48011e-04 3.65112e-09 2.30598e-15 6.88620e-04
1.42969e+01 2.95569e-07 -6.90233e-09 1.47052e-04 3.60398e-09 -2.04630e-15 6.84395e-04
1.43262e+01 2.24178e-07 8.36233e-09 1.46202e-04 3.56243e-09 1.86960e-15 6.80205e-04
1.43555e+01 2.27483e-07 -6.92493e-09 1.45259e-04 3.51659e-09 -1.58029e-15 6.76049e-04
1.43848e+01 1.43426e-07 8.20100e-09 1.44423e-04 3.47623e-09 1.17272e-15 6.71927e-04
1.44141e+01 1.36531e-07 -7.03850e-09 1.43494e-04 3.43166e-09 -9.64208e-16 6.67838e-04
1.44434e+01 4.76364e-08 7.96575e-09 1.42672e-04 3.39245e-09 3.77872e-16 6.63782e-04
1.44727e+01 3.85240e-08 -7.20674e-09 1.41758e-04 3.34911e-09 -2.78879e-16 6.59759e-04
1.45020e+01 -4.74369e-08 7.69515e-09 1.40950e-04 3.31103e-09 -3.64624e-16 6.55769e-04
1.45312e+01 -5.14389e-08 -7.39053e-09 1.40050e-04 3.26888e-09 3.80830e-16 6.51810e-04
1.45605e+01 -1.27888e-07 7.42738e-09 1.39255e-04 3.23188e-09 -9.47700e-16 6.47884e-04
1.45898e+01 -1.21107e-07 -7.55409e-09 1.38369e-04 3.19089e-09 9.17089e-16 6.43989e-04
1.46191e+01 -1.83492e-07 7.19472e-09 1.37587e-04 3.15494e-09 -1.31670e-15 6.40125e-04
1.46484e+01 -1.62555e-07 -7.66970e-09 1.36715e-04 3.11507e-09 1.25002e-15 6.36292e-04
1.46777e+01 -2.08797e-07 7.01963e-09 1.35946e-04 3.08013e-09 -1.46151e-15 6.32489e-04
1.47070e+01 -1.72871e-07 -7.72063e-09 1.35087e-04 3.04134e-09 1.33834e-15 6.28717e-04
1.47363e+01 -2.03392e-07 6.91294e-09 1.34331e-04 3.00737e-09 -1.40182e-15 6.24974e-04
1.47656e+01 -1.54023e-07 -7.70204e-09 1.33485e-04 2.96963e-09 1.18974e-15 6.21262e-04
1.47949e+01 -1.71415e-07 6.87387e-09 1.32741e-04 2.93661e-09 -1.17460e-15 6.17578e-04
1.48242e+01 -1.12037e-07 -7.61992e-09 1.31909e-04 2.89989e-09 8.56416e-16 6.13924e-04
1.48535e+01 -1.20443e-07 6.89183e-09 1.31177e-04 2.86779e-09 -8.27368e-16 6.10299e-04
1.48828e+01 -5.56631e-08 -7.48875e-09 1.30357e-04 2.83205e-09 4.18454e-16 6.06702e-04
1.49121e+01 -6.00014e-08 6.94937e-09 1.29636e-04 2.80084e-09 -4.15493e-16 6.03133e-04
1.49414e+01 5.20403e-09 -7.32811e-09 1.28829e-04 2.76607e-09 -3.77847e-17 5.99592e-04
1.49707e+01 4.72810e-11 7.02571e-09 1.28120e-04 2.73572e-09 5.35926e-19 5.96079e-04
1.50000e+01 6.11049e-08 -7.15913e-09 1.27326e-04 2.70187e-09 -4.38318e-16 5.92593e-04
1.50293e+01 5.09838e-08 7.10029e-09 1.26628e-04 2.67235e-09 3.61073e-16 5.89134e-04
1.50586e+01 1.04351e-07 -7.00112e-09 1.25845e-04 2.63941e-09 -7.32428e-16 5.85702e-04
1.50879e+01 8.63852e-08 7.15571e-09 1.25159e-04 2.61069e-09 6.16386e-16 5.82297e-04
1.51172e+01 1.29958e-07 -6.86905e-09 1.24387e-04 2.57862e-09 -8.95191e-16 5.78918e-04
1.51465e+01 1.02813e-07 7.17987e-09 1.23712e-04 2.55069e-09 7.35973e-16 5.75565e-04
1.51758e+01 1.36075e-07 -6.77195e-09 1.22952e-04 2.51946e-09 -9.24251e-16 5.72238e-04
1.52051e+01 9.99879e-08 7.16699e-09 1.22287e-04 2.49228e-09 7.14360e-16 5.68937e-04
1.52344e+01 1.23916e-07 -6.71242e-09 1.21539e-04 2.46187e-09 -8.34387e-16 5.65661e-04
1.52637e+01 8.04830e-08 7.11755e-09 1.20884e-04 2.43543e-09 5.70918e-16 5.62410e-04
1.52930e+01 9.72379e-08 -6.68717e-09 1.20147e-04 2.40581e-09 -6.52382e-16 5.59184e-04
1.53223e+01 4.90320e-08 7.03733e-09 1.19503e-04 2.38008e-09 3.43741e-16 5.55983e-04
1.53516e+01 6.15145e-08 -6.68838e-09 1.18777e-04 2.35123e-09 -4.12864e-16 5.52806e-04
1.53809e+01 1.15978e-08 6.93581e-09 1.18142e-04 2.32619e-09 7.98979e-17 5.49653e-04
1.54102e+01 2.29428e-08 -6.70542e-09 1.17427e-04 2.29809e-09 -1.54470e-16 5.46524e-04
1.54395e+01 -2.56370e-08 6.82426e-09 1.16802e-04 2.27372e-09 -1.74694e-16 5.43418e-04
1.54688e+01 -1.25441e-08 -6.72689e-09 1.16097e-04 2.24635e-09 8.45291e-17 5.40337e-04
1.54980e+01 -5.72004e-08 6.71384e-09 1.15483e-04 2.22263e-09 -3.83064e-16 5.37278e-04
1.55273e+01 -4.01178e-08 -6.74235e-09 1.14788e-04 2.19596e-09 2.71272e-16 5.34243e-04
1.55566e+01 -7.90546e-08 6.61395e-09 1.14183e-04 2.17287e-09 -5.21367e-16 5.31230e-04
1.55859e+01 -5.66406e-08 -6.74371e-09 1.13498e-04 2.14689e-09 3.83173e-16 5.28240e-04
1.56152e+01 -8.90299e-08 6.53113e-09 1.12902e-04 2.12441e-09 -5.79687e-16 5.25272e-04
1.56445e+01 -6.09390e-08 -6.72614e-09 1.12227e-04 2.09909e-09 4.11258e-16 5.22327e-04
1.56738e+01 -8.69372e-08 6.46851e-09 1.11641e-04 2.07721e-09 -5.60552e-16 5.19404e-04
1.57031e+01 -5.37602e-08 -6.68827e-09 1.10976e-04 2.05253e-09 3.60853e-16 5.16502e-04
1.57324e+01 -7.43779e-08 6.42581e-09 1.10398e-04 2.03122e-09 -4.76348e-16 5.13622e-04
1.57617e+01 -3.74506e-08 -6.63191e-09 1.09743e-04 2.00717e-09 2.49365e-16 5.10763e-04
1.57910e+01 -5.43118e-08 6.39989e-09 1.09174e-04 1.98642e-09 -3.46390e-16 5.07925e-04
1.58203e+01 -1.54367e-08 -6.56134e-09 1.08528e-04 1.96298e-09 1.01842e-16 5.05109e-04
1.58496e+01 -3.04747e-08 6.38558e-09 1.07967e-04 1.94276e-09 -1.93893e-16 5.02313e-04
1.58789e+01 8.39607e-09 -6.48235e-09 1.07331e-04 1.91992e-09 -5.43748e-17 4.99538e-04
1.59082e+01 -6.74486e-09 6.37677e-09 1.06779e-04 1.90022e-09 -4.28194e-17 4.96783e-04
1.59375e+01 3.03233e-08 -6.40117e-09 1.06151e-04 1.87795e-09 -1.94541e-16 4.94048e-04
1.59668e+01 1.34405e-08 6.36741e-09 1.05608e-04 1.85877e-09 8.53143e-17 4.91334e-04
1.59961e+01 4.73095e-08 -6.32346e-09 1.04989e-04 1.83705e-09 -2.99997e-16 4.88639e-04
1.60254e+01 2.75408e-08 6.35239e-09 1.04454e-04 1.81837e-09 1.74342e-16 4.85964e-04
1.60547e+01 5.73773e-08 -6.25363e-09 1.03844e-04 1.79719e-09 -3.59919e-16 4.83309e-04
1.60840e+01 3.41859e-08 6.32817e-09 1.03316e-04 1.77898e-09 2.15541e-16 4.80672e-04
1.61133e+01 5.97816e-08 -6.19431e-09 1.02715e-04 1.75833e-09 -3.71510e-16 4.78055e-04
1.61426e+01 3.32487e-08 6.29310e-09 1.02195e-04 1.74059e-09 2.08422e-16 4.75457e-04
1.61719e+01 5.49825e-08 -6.14622e-09 1.01603e-04 1.72045e-09 -3.39083e-16 4.72878e-04
1.62012e+01 2.57267e-08 6.24733e-09 1.01091e-04 1.70316e-09 1.60036e-16 4.70317e-04
1.62305e+01 4.44466e-08 -6.10837e-09 1.00506e-04 1.68352e-09 -2.72454e-16 4.67775e-04
1.62598e+01 1.34730e-08 6.19262e-09 1.00002e-04 1.66667e-09 8.29884e-17 4.65251e-04
1.62891e+01 3.03207e-08 -6.07841e-09 9.94253e-05 1.64751e-09 -1.84975e-16 4.62745e-04
1.63184e+01 -1.16963e-09 6.13180e-09 9.89284e-05 1.63108e-09 -7.30795e-18 4.60257e-04
1.63477e+01 1.50430e-08 -6.05318e-09 9.83600e-05 1.61239e-09 -9.14065e-17 4.57787e-04
1.63770e+01 -1.57656e-08 6.06823e-09 9.78704e-05 1.59638e-09 -9.54832e-17 4.55335e-04
1.64062e+01 9.53474e-10 -6.02930e-09 9.73098e-05 1.57814e-09 -5.78224e-18 4.52900e-04
1.64355e+01 -2.81540e-08 6.00520e-09 9.68274e-05 1.56254e-09 -1.68597e-16 4.50482e-04
1.64648e+01 -1.00382e-08 -6.00366e-09 9.62745e-05 1.54474e-09 6.04927e-17 4.48082e-04
1.64941e+01 -3.67347e-08 5.94552e-09 9.57991e-05 1.52953e-09 -2.17721e-16 4.45698e-04
1.65234e+01 -1.66855e-08 -5.97389e-09 9.52539e-05 1.51217e-09 1.00077e-16 4.43332e-04
1.65527e+01 -4.06419e-08 5.89110e-09 9.47854e-05 1.49733e-09 -2.38625e-16 4.40982e-04
1.65820e+01 -1.85149e-08 -5.93857e-09 9.42477e-05 1.48039e-09 1.10423e-16 4.38649e-04
1.66113e+01 -3.97902e-08 5.84286e-09 9.37859e-05 1.46592e-09 -2.31677e-16 4.36332e-04
1.66406e+01 -1.58108e-08 -5.89731e-09 9.32556e-05 1.44938e-09 9.36817e-17 4.34032e-04
1.66699e+01 -3.48016e-08 5.80068e-09 9.28005e-05 1.43527e-09 -2.01147e-16 4.31747e-04
1.66992e+01 -9.49043e-09 -5.85069e-09 9.22774e-05 1.41914e-09 5.58495e-17 4.29479e-04
1.67285e+01 -2.68370e-08 5.76361e-09 9.18288e-05 1.40537e-09 -1.54109e-16 4.27226e-04
1.67578e+01 -9.00389e-10 -5.79999e-09 9.13128e-05 1.38962e-09 5.37036e-18 4.24989e-04
1.67871e+01 -1.73666e-08 5.73010e-09 9.08706e-05 1.37620e-09 -9.91437e-17 4.22768e-04
1.68164e+01 8.42798e-09 -5.74697e-09 9.03616e-05 1.36082e-09 -4.84900e-17 4.20563e-04
1.68457e+01 -7.92095e-09 5.69830e-09 8.99258e-05 1.34773e-09 -4.49761e-17 4.18372e-04
1.68750e+01 1.70232e-08 -5.69348e-09 8.94236e-05 1.33272e-09 -9.71725e-17 4.16197e-04
1.69043e+01 1.40451e-10 5.66641e-09 8.89939e-05 1.31994e-09 7.69024e-19 4.14037e-04
1.69336e+01 2.36827e-08 -5.64123e-09 8.84985e-05 1.30529e-09 -1.34013e-16 4.11891e-04
1.69629e+01 5.80935e-09 5.63290e-09 8.80749e-05 1.29282e-09 3.25569e-17 4.09761e-04
1.69922e+01 2.76200e-08 -5.59151e-09 8.75861e-05 1.27851e-09 -1.54958e-16 4.07645e-04
1.70215e+01 8.53828e-09 5.59673e-09 8.71685e-05 1.26635e-09 4.75422e-17 4.05544e-04
1.70508e+01 2.85337e-08 -5.54512e-09 8.66863e-05 1.25237e-09 -1.58785e-16 4.03457e-04
1.70801e+01 8.27029e-09 5.55742e-09 8.62745e-05 1.24051e-09 4.57060e-17 4.01385e-04
1.71094e+01 2.65995e-08 -5.50224e-09 8.57987e-05 1.22686e-09 -1.46896e-16 3.99326e-04
1.71387e+01 5.39372e-09 5.51503e-09 8.53927e-05 1.21528e-09 2.95405e-17 3.97282e-04
1.71680e+01 2.23915e-08 -5.46256e-09 8.49232e-05 1.20195e-09 -1.22777e-16 3.95251e-04
1.71973e+01 6.36460e-10 5.47010e-09 8.45229e-05 1.19064e-09 3.37168e-18 3.93235e-04
1.72266e+01 1.67547e-08 -5.42538e-09 8.40595e-05 1.17763e-09 -9.12475e-17 3.91232e-04
1.72559e+01 -5.07781e-09 5.42350e-09 8.36648e-05 1.16659e-09 -2.75259e-17 3.89243e-04
1.72852e+01 1.06517e-08 -5.38972e-09 8.32075e-05 1.15388e-09 -5.76241e-17 3.87267e-04
1.73145e+01 -1.07865e-08 5.37624e-09 8.28183e-05 1.14311e-09 -5.78476e-17 3.85304e-04
1.73438e+01 5.00840e-09 -5.35457e-09 8.23670e-05 1.13068e-09 -2.69033e-17 3.83355e-04
1.73730e+01 -1.56333e-08 5.32933e-09 8.19832e-05 1.12017e-09 -8.30563e-17 3.81419e-04
1.74023e+01 5.82395e-10 -5.31898e-09 8.15378e-05 1.10803e-09 -3.07633e-18 3.79496e-04
1.74316e+01 -1.89824e-08 5.28359e-09 8.11592e-05 1.09777e-09 -9.99505e-17 3.77586e-04
1.74609e+01 -2.12963e-09 -5.28226e-09 8.07197e-05 1.08591e-09 1.13426e-17 3.75688e-04
1.74902e+01 -2.04872e-08 5.23960e-09 8.03463e-05 1.07588e-09 -1.06954e-16 3.73803e-04
1.75195e+01 -2.93626e-09 -5.24398e-09 7.99125e-05 1.06430e-09 1.55214e-17 3.71931e-04
1.75488e+01 -2.01098e-08 5.19763e-09 7.95442e-05 1.05451e-09 -1.04128e-16 3.70072e-04
1.75781e+01 -1.94601e-09 -5.20403e-09 7.91160e-05 1.04319e-09 1.02401e-17 3.68224e-04
1.76074e+01 -1.80926e-08 5.15764e-09 7.87527e-05 1.03363e-09 -9.29544e-17 3.66389e-04
1.76367e+01 4.81285e-10 -5.16259e-09 7.83301e-05 1.02256e-09 -2.41752e-18 3.64567e-04
1.76660e+01 -1.48925e-08 5.11932e-09 7.79718e-05 1.01323e-09 -7.59427e-17 3.62756e-04
1.76953e+01 3.81473e-09 -5.12007e-09 7.75545e-05 1.00242e-09 -1.95346e-17 3.60957e-04
1.77246e+01 -1.10898e-08 5.08220e-09 7.72011e-05 9.93299e-10 -5.61458e-17 3.59170e-04
1.77539e+01 7.44883e-09 -5.07700e-09 7.67892e-05 9.82729e-10 -3.79019e-17 3.57395e-04
1.77832e+01 -7.29054e-09 5.04572e-09 7.64405e-05 9.73824e-10 -3.66566e-17 3.55631e-04
1.78125e+01 1.08004e-08 -5.03396e-09 7.60339e-05 9.63491e-10 -5.45321e-17 3.53880e-04
1.78418e+01 -4.03401e-09 5.00932e-09 7.56899e-05 9.54793e-10 -2.01550e-17 3.52139e-04
1.78711e+01 1.33917e-08 -4.99144e-09 7.52884e-05 9.44692e-10 -6.70725e-17 3.50410e-04
1.79004e+01 -1.72153e-09 4.97255e-09 7.49490e-05 9.36194e-10 -8.56566e-18 3.48693e-04
1.79297e+01 1.49088e-08 -4.94985e-09 7.45527e-05 9.26319e-10 -7.40680e-17 3.46986e-04
1.79590e+01 -5.72429e-10 4.93509e-09 7.42178e-05 9.18016e-10 -2.86310e-18 3.45291e-04
1.79883e+01 1.52298e-08 -4.90943e-09 7.38265e-05 9.08361e-10 -7.50580e-17 3.43606e-04
1.80176e+01 -6.11806e-10 4.89680e-09 7.34961e-05 9.00249e-10 -3.03991e-18 3.41933e-04
1.80469e+01 1.44218e-08 -4.87021e-09 7.31098e-05 8.90809e-10 -7.05161e-17 3.40270e-04
1.80762e+01 -1.68804e-09 4.85770e-09 7.27837e-05 8.82881e-10 -8.22520e-18 3.38619e-04
1.81055e+01 1.27104e-08 -4.83211e-09 7.24022e-05 8.73651e-10 -6.16647e-17 3.36977e-04
1.81348e+01 -3.51427e-09 4.81798e-09 7.20805e-05 8.65904e-10 -1.69190e-17 3.35347e-04
1.81641e+01 1.04291e-08 -4.79490e-09 7.17038e-05 8.56876e-10 -5.02057e-17 3.33727e-04
1.81934e+01 -5.72522e-09 4.77788e-09 7.13863e-05 8.49306e-10 -2.72926e-17 3.32117e-04
1.82227e+01 7.95902e-09 -4.75828e-09 7.10144e-05 8.40477e-10 -3.80161e-17 3.30518e-04
1.82520e+01 -7.93929e-09 4.73774e-09 7.07010e-05 8.33078e-10 -3.75007e-17 3.28929e-04
1.82812e+01 5.66769e-09 -4.72194e-09 7.03337e-05 8.24443e-10 -2.68542e-17 3.27350e-04
1.83105e+01 -9.81625e-09 4.69784e-09 7.00245e-05 8.17210e-10 -4.59553e-17 3.25781e-04
1.83398e+01 3.85650e-09 -4.68558e-09 6.96617e-05 8.08765e-10 -1.81174e-17 3.24223e-04
1.83691e+01 -1.11026e-08 4.65846e-09 6.93565e-05 8.01694e-10 -5.15270e-17 3.22674e-04
1.83984e+01 2.72386e-09 -4.64900e-09 6.89983e-05 7.93433e-10 -1.26804e-17 3.21135e-04
1.84277e+01 -1.16595e-08 4.61975e-09 6.86971e-05 7.86521e-10 -5.36511e-17 3.19606e-04
1.84570e+01 2.34731e-09 -4.61207e-09 6.83432e-05 7.78439e-10 -1.08297e-17 3.18086e-04
1.84863e+01 -1.14700e-08 4.58181e-09 6.80459e-05 7.71681e-10 -5.23395e-17 3.16576e-04
1.85156e+01 2.68529e-09 -4.57476e-09 6.76964e-05 7.63775e-10 -1.22917e-17 3.15076e-04
1.85449e+01 -1.06292e-08 4.54461e-09 6.74030e-05 7.57167e-10 -4.81057e-17 3.13585e-04
1.85742e+01 3.59623e-09 -4.53713e-09 6.70578e-05 7.49432e-10 -1.63414e-17 3.12103e-04
1.86035e+01 -9.31708e-09 4.50805e-09 6.67681e-05 7.42971e-10 -4.18287e-17 3.10631e-04
1.86328e+01 4.87020e-09 -4.49929e-09 6.64272e-05 7.35402e-10 -2.19650e-17 3.09168e-04
1.86621e+01 -7.76364e-09 4.47200e-09 6.61412e-05 7.29084e-10 -3.45795e-17 3.07715e-04
1.86914e+01 6.26712e-09 -4.46143e-09 6.58044e-05 7.21678e-10 -2.80452e-17 3.06270e-04
1.87207e+01 -6.20932e-09 4.43626e-09 6.55221e-05 7.15499e-10 -2.74421e-17 3.04834e-04
1.87500e+01 7.55521e-09 -4.42372e-09 6.51894e-05 7.08252e-10 -3.35385e-17 3.03408e-04
1.87793e+01 -4.86875e-09 4.40067e-09 6.49107e-05 7.02209e-10 -2.13537e-17 3.01990e-04
1.88086e+01 8.54412e-09 -4.38631e-09 6.45821e-05 6.95116e-10 -3.76195e-17 3.00581e-04
1.88379e+01 -3.90203e-09 4.36510e-09 6.43069e-05 6.89205e-10 -1.69850e-17 2.99181e-04
1.88672e+01 9.10827e-09 -4.34932e-09 6.39822e-05 6.82264e-10 -3.97742e-17 2.97789e-04
1.88965e+01 -3.39723e-09 4.32943e-09 6.37105e-05 6.76482e-10 -1.46746e-17 2.96406e-04
1.89258e+01 9.19824e-09 -4.31283e-09 6.33898e-05 6.69688e-10 -3.98362e-17 2.95032e-04
1.89551e+01 -3.36533e-09 4.29363e-09 6.31215e-05 6.64032e-10 -1.44192e-17 2.93666e-04
1.89844e+01 8.83971e-09 -4.27685e-09 6.28047e-05 6.57381e-10 -3.79675e-17 2.92308e-04
1.90137e+01 -3.74692e-09 4.25772e-09 6.25398e-05 6.51848e-10 -1.59163e-17 2.90959e-04
1.90430e+01 8.12153e-09 -4.24134e-09 6.22267e-05 6.45338e-10 -3.45941e-17 2.89618e-04
1.90723e+01 -4.42865e-09 4.22174e-09 6.19651e-05 6.39924e-10 -1.86449e-17 2.88286e-04
1.91016e+01 7.17579e-09 -4.20623e-09 6.16558e-05 6.33552e-10 -3.03112e-17 2.86961e-04
1.91309e+01 -5.26567e-09 4.18578e-09 6.13975e-05 6.28254e-10 -2.19699e-17 2.85645e-04
1.91602e+01 6.15378e-09 -4.17144e-09 6.10919e-05 6.22015e-10 -2.57755e-17 2.84337e-04
1.91895e+01 -6.10627e-09 4.14993e-09 6.08368e-05 6.16831e-10 -2.52492e-17 2.83036e-04
1.92188e+01 5.20170e-09 -4.13685e-09 6.05348e-05 6.10723e-10 -2.16018e-17 2.81744e-04
1.92480e+01 -6.81494e-09 4.11430e-09 6.02829e-05 6.05651e-10 -2.79289e-17 2.80460e-04
1.92773e+01 4.43978e-09 -4.10238e-09 5.99845e-05 5.99670e-10 -1.82780e-17 2.79183e-04
1.93066e+01 -7.29038e-09 4.07895e-09 5.97357e-05 5.94705e-10 -2.96138e-17 2.77914e-04
1.93359e+01 3.94747e-09 -4.06796e-09 5.94409e-05 5.88849e-10 -1.61095e-17 2.76652e-04
1.93652e+01 -7.47670e-09 4.04395e-09 5.91951e-05 5.83990e-10 -3.01050e-17 2.75399e-04
1.93945e+01 3.75620e-09 -4.03356e-09 5.89038e-05 5.78256e-10 -1.51961e-17 2.74153e-04
1.94238e+01 -7.36664e-09 4.00931e-09 5.86610e-05 5.73500e-10 -2.94047e-17 2.72914e-04
1.94531e+01 3.85005e-09 -3.99916e-09 5.83731e-05 5.67883e-10 -1.54429e-17 2.71683e-04
1.94824e+01 -6.99736e-09 3.97503e-09 5.81333e-05 5.63228e-10 -2.76906e-17 2.70459e-04
1.95117e+01 4.17316e-09 -3.96479e-09 5.78488e-05 5.57728e-10 -1.65982e-17 2.69242e-04
1.95410e+01 -6.44017e-09 3.94108e-09 5.76120e-05 5.53171e-10 -2.52683e-17 2.68033e-04
1.95703e+01 4.64228e-09 -3.93048e-09 5.73308e-05 5.47784e-10 -1.83096e-17 2.66831e-04
1.95996e+01 -5.78631e-09 3.90740e-09 5.70968e-05 5.43322e-10 -2.25108e-17 2.65637e-04
1.96289e+01 5.16197e-09 -3.89629e-09 5.68189e-05 5.38046e-10 -2.01883e-17 2.64449e-04
1.96582e+01 -5.13149e-09 3.87395e-09 5.65878e-05 5.33678e-10 -1.97954e-17 2.63268e-04
1.96875e+01 5.63989e-09 -3.86227e-09 5.63131e-05 5.28509e-10 -2.18709e-17 2.62095e-04
1.97168e+01 -4.56128e-09 3.84066e-09 5.60848e-05 5.24232e-10 -1.74482e-17 2.60928e-04
1.97461e+01 6.00001e-09 -3.82847e-09 5.58133e-05 5.19169e-10 -2.30691e-17 2.59769e-04
1.97754e+01 -4.13974e-09 3.80749e-09 5.55877e-05 5.14981e-10 -1.57024e-17 2.58616e-04
1.98047e+01 6.19198e-09 -3.79493e-09 5.53194e-05 5.10021e-10 -2.36028e-17 2.57470e-04
1.98340e+01 -3.90228e-09 3.77442e-09 5.50965e-05 5.05920e-10 -1.46756e-17 2.56330e-04
1.98633e+01 6.19572e-09 -3.76166e-09 5.48313e-05 5.01060e-10 -2.34130e-17 2.55198e-04
1.98926e+01 -3.85366e-09 3.74142e-09 5.46111e-05 4.97044e-10 -1.43669e-17 2.54072e-04
1.99219e+01 6.02108e-09 -3.72868e-09 5.43489e-05 4.92283e-10 -2.25553e-17 2.52953e-04
1.99512e+01 -3.97056e-09 3.70851e-09 5.41313e-05 4.88350e-10 -1.46713e-17 2.51840e-04
1.99805e+01 5.70314e-09 -3.69597e-09 5.38721e-05 4.83685e-10 -2.11773e-17 2.50734e-04
2.00098e+01 -4.20805e-09 3.67569e-09 5.36572e-05 4.79832e-10 -1.54086e-17 2.49634e-04
2.00391e+01 5.29433e-09 -3.66350e-09 5.34010e-05 4.75261e-10 -1.94859e-17 2.48541e-04
2.00684e+01 -4.50854e-09 3.64301e-09 5.31885e-05 4.71487e-10 -1.63584e-17 2.47454e-04
2.00977e+01 4.85486e-09 -3.63124e-09 5.29353e-05 4.67007e-10 -1.77095e-17 2.46373e-04
2.01270e+01 -4.81160e-09 3.61047e-09 5.27254e-05 4.63311e-10 -1.72981e-17 2.45299e-04
2.01562e+01 4.44302e-09 -3.59917e-09 5.24750e-05 4.58921e-10 -1.60620e-17 2.44231e-04
2.01855e+01 -5.06310e-09 3.57813e-09 5.22675e-05 4.55300e-10 -1.80353e-17 2.43169e-04
2.02148e+01 4.10689e-09 -3.56725e-09 5.20200e-05 4.50998e-10 -1.47129e-17 2.42113e-04
2.02441e+01 -5.22246e-09 3.54599e-09 5.18150e-05 4.47450e-10 -1.84326e-17 2.41064e-04
2.02734e+01 3.87832e-09 -3.53546e-09 5.15703e-05 4.43234e-10 -1.37685e-17 2.40020e-04
2.03027e+01 -5.26718e-09 3.51408e-09 5.13677e-05 4.39758e-10 -1.84206e-17 2.38983e-04
2.03320e+01 3.77011e-09 -3.50379e-09 5.11257e-05 4.35624e-10 -1.32635e-17 2.37951e-04
2.03613e+01 -5.19411e-09 3.48240e-09 5.09255e-05 4.32219e-10 -1.79997e-17 2.36926e-04
2.03906e+01 3.77610e-09 -3.47224e-09 5.06863e-05 4.28168e-10 -1.31651e-17 2.35906e-04
2.04199e+01 -5.01784e-09 3.45094e-09 5.04883e-05 4.24830e-10 -1.72310e-17 2.34892e-04
2.04492e+01 3.87422e-09 -3.44081e-09 5.02518e-05 4.20860e-10 -1.33862e-17 2.33884e-04
2.04785e+01 -4.76666e-09 3.41971e-09 5.00562e-05 4.17589e-10 -1.62203e-17 2.32881e-04
2.05078e+01 4.03137e-09 -3.40951e-09 4.98223e-05 4.13696e-10 -1.38047e-17 2.31885e-04
2.05371e+01 -4.47687e-09 3.38867e-09 4.96289e-05 4.10491e-10 -1.50966e-17 2.30894e-04
2.05664e+01 4.20952e-09 -3.37836e-09 4.93977e-05 4.06675e-10 -1.42857e-17 2.29908e-04
2.05957e+01 -4.18664e-09 3.35782e-09 4.92066e-05 4.03534e-10 -1.39904e-17 2.28929e-04
2.06250e+01 4.37178e-09 -3.34738e-09 4.89779e-05 3.99792e-10 -1.47030e-17 2.27955e-04
2.06543e+01 -3.93016e-09 3.32713e-09 4.87890e-05 3.96713e-10 -1.30146e-17 2.26986e-04
2.06836e+01 4.48774e-09 -3.31659e-09 4.85629e-05 3.93045e-10 -1.49567e-17 2.26023e-04
2.07129e+01 -3.73311e-09 3.29659e-09 4.83761e-05 3.90027e-10 -1.22497e-17 2.25065e-04
2.07422e+01 4.53714e-09 -3.28599e-09 4.81525e-05 3.86431e-10 -1.49839e-17 2.24113e-04
2.07715e+01 -3.60977e-09 3.26619e-09 4.79678e-05 3.83472e-10 -1.17364e-17 2.23166e-04
2.08008e+01 4.51183e-09 -3.25558e-09 4.77467e-05 3.79945e-10 -1.47641e-17 2.22224e-04
2.08301e+01 -3.56216e-09 3.23592e-09 4.75641e-05 3.77045e-10 -1.14744e-17 2.21288e-04
2.08594e+01 4.41559e-09 -3.22538e-09 4.73455e-05 3.73587e-10 -1.43161e-17 2.20357e-04
2.08887e+01 -3.58111e-09 3.20579e-09 4.71650e-05 3.70743e-10 -1.14273e-17 2.19431e-04
2.09180e+01 4.26230e-09 -3.19537e-09 4.69488e-05 3.67352e-10 -1.36910e-17 2.18510e-04
2.09473e+01 -3.64877e-09 3.17580e-09 4.67703e-05 3.64564e-10 -1.15330e-17 2.17595e-04
2.09766e+01 4.07282e-09 -3.16554e-09 4.65565e-05 3.61238e-10 -1.29601e-17 2.16684e-04
2.10059e+01 -3.74219e-09 3.14596e-09 4.63800e-05 3.58505e-10 -1.17154e-17 2.15779e-04
2.10352e+01 3.87115e-09 -3.13589e-09 4.61685e-05 3.55243e-10 -1.22026e-17 2.14878e-04
2.10645e+01 -3.83723e-09 3.11627e-09 4.59940e-05 3.52563e-10 -1.18977e-17 2.13983e-04
2.10938e+01 3.68059e-09 -3.10641e-09 4.57849e-05 3.49364e-10 -1.14922e-17 2.13093e-04
2.11230e+01 -3.91224e-09 3.08675e-09 4.56123e-05 3.46735e-10 -1.20135e-17 2.12207e-04
2.11523e+01 3.52039e-09 -3.07707e-09 4.54054e-05 3.43597e-10 -1.08875e-17 2.11327e-04
2.11816e+01 -3.95092e-09 3.05740e-09 4.52348e-05 3.41020e-10 -1.20153e-17 2.10451e-04
2.12109e+01 3.40336e-09 -3.04789e-09 4.50302e-05 3.37941e-10 -1.04253e-17 2.09580e-04
2.12402e+01 -3.94420e-09 3.02823e-09 4.48615e-05 3.35414e-10 -1.18790e-17 2.08714e-04
2.12695e+01 3.33469e-09 -3.01885e-09 4.46591e-05 3.32394e-10 -1.01175e-17 2.07853e-04
2.12988e+01 -3.89071e-09 2.99924e-09 4.44922e-05 3.29915e-10 -1.16047e-17 2.06997e-04
2.13281e+01 3.31201e-09 -2.98995e-09 4.42921e-05 3.26953e-10 -9.95285e-18 2.06145e-04
2.13574e+01 -3.79621e-09 2.97042e-09 4.41270e-05 3.24521e-10 -1.12135e-17 2.05298e-04
2.13867e+01 3.32656e-09 -2.96119e-09 4.39290e-05 3.21615e-10 -9.90118e-18 2.04455e-04
2.14160e+01 -3.67194e-09 2.94178e-09 4.37658e-05 3.19230e-10 -1.07416e-17 2.03617e-04
2.14453e+01 3.36514e-09 -2.93257e-09 4.35699e-05 3.16379e-10 -9.92037e-18 2.02784e-04
2.14746e+01 -3.53237e-09 2.91330e-09 4.34085e-05 3.14039e-10 -1.02333e-17 2.01955e-04
2.15039e+01 3.41258e-09 -2.90411e-09 4.32148e-05 3.11242e-10 -9.96391e-18 2.01131e-04
2.15332e+01 -3.39274e-09 2.88498e-09 4.30551e-05 3.08946e-10 -9.73344e-18 2.00311e-04
2.15625e+01 3.45411e-09 -2.87580e-09 4.28635e-05 3.06202e-10 -9.98828e-18 1.99495e-04
2.15918e+01 -3.26676e-09 2.85682e-09 4.27055e-05 3.03950e-10 -9.28078e-18 1.98684e-04
2.16211e+01 3.47753e-09 -2.84765e-09 4.25159e-05 3.01257e-10 -9.95892e-18 1.97878e-04
2.16504e+01 -3.16472e-09 2.82880e-09 4.23597e-05 2.99047e-10 -8.90290e-18 1.97076e-04
2.16797e+01 3.47469e-09 -2.81966e-09 4.21722e-05 2.96405e-10 -9.85417e-18 1.96278e-04
2.17090e+01 -3.09238e-09 2.80093e-09 4.20176e-05 2.94237e-10 -8.61368e-18 1.95484e-04
2.17383e+01 3.44227e-09 -2.79184e-09 4.18321e-05 2.91644e-10 -9.66684e-18 1.94695e-04
2.17676e+01 -3.05060e-09 2.77319e-09 4.16792e-05 2.89516e-10 -8.41293e-18 1.93910e-04
2.17969e+01 3.38172e-09 -2.76418e-09 4.14956e-05 2.86972e-10 -9.40340e-18 1.93129e-04
2.18262e+01 -3.03575e-09 2.74560e-09 4.13444e-05 2.84884e-10 -8.28818e-18 1.92352e-04
2.18555e+01 3.29856e-09 -2.73668e-09 4.11628e-05 2.82386e-10 -9.08131e-18 1.91580e-04
2.18848e+01 -3.04074e-09 2.71815e-09 4.10132e-05 2.80337e-10 -8.21802e-18 1.90811e-04
2.19141e+01 3.20109e-09 -2.70933e-09 4.08335e-05 2.77887e-10 -8.72510e-18 1.90047e-04
2.19434e+01 -3.05637e-09 2.69085e-09 4.06855e-05 2.75876e-10 -8.17637e-18 1.89287e-04
2.19727e+01 3.09891e-09 -2.68214e-09 4.05078e-05 2.73470e-10 -8.36185e-18 1.88531e-04
2.20020e+01 -3.07301e-09 2.66369e-09 4.03613e-05 2.71497e-10 -8.13687e-18 1.87779e-04
2.20312e+01 3.00133e-09 -2.65509e-09 4.01854e-05 2.69135e-10 -8.01686e-18 1.87031e-04
2.20605e+01 -3.08195e-09 2.63669e-09 4.00405e-05 2.67198e-10 -8.07678e-18 1.86286e-04
2.20898e+01 2.91609e-09 -2.62819e-09 3.98665e-05 2.64881e-10 -7.71021e-18 1.85546e-04
2.21191e+01 -3.07667e-09 2.60983e-09 3.97232e-05 2.62979e-10 -7.97984e-18 1.84810e-04
2.21484e+01 2.84832e-09 -2.60143e-09 3.95510e-05 2.60704e-10 -7.45441e-18 1.84078e-04
2.21777e+01 -3.05348e-09 2.58312e-09 3.94091e-05 2.58838e-10 -7.83783e-18 1.83349e-04
2.22070e+01 2.80013e-09 -2.57481e-09 3.92388e-05 2.56605e-10 -7.25352e-18 1.82624e-04
2.22363e+01 -3.01182e-09 2.55657e-09 3.90984e-05 2.54772e-10 -7.65073e-18 1.81903e-04
2.22656e+01 2.77060e-09 -2.54833e-09 3.89298e-05 2.52580e-10 -7.10360e-18 1.81186e-04
2.22949e+01 -2.95396e-09 2.53016e-09 3.87909e-05 2.50781e-10 -7.42573e-18 1.80473e-04
2.23242e+01 2.75623e-09 -2.52199e-09 3.86241e-05 2.48628e-10 -6.99429e-18 1.79763e-04
2.23535e+01 -2.88437e-09 2.50390e-09 3.84867e-05 2.46862e-10 -7.17517e-18 1.79058e-04
2.23828e+01 2.75177e-09 -2.49579e-09 3.83216e-05 2.44749e-10 -6.91112e-18 1.78355e-04
2.24121e+01 -2.80883e-09 2.47779e-09 3.81856e-05 2.43014e-10 -6.91416e-18 1.77657e-04
2.24414e+01 2.75111e-09 -2.46972e-09 3.80222e-05 2.40940e-10 -6.83815e-18 1.76962e-04
2.24707e+01 -2.73346e-09 2.45181e-09 3.78876e-05 2.39237e-10 -6.65791e-18 1.76271e-04
2.25000e+01 2.74836e-09 -2.44380e-09 3.77260e-05 2.37200e-10 -6.76047e-18 1.75583e-04
2.25293e+01 -2.66372e-09 2.42598e-09 3.75927e-05 2.35527e-10 -6.41956e-18 1.74899e-04
2.25586e+01 2.73860e-09 -2.41802e-09 3.74328e-05 2.33527e-10 -6.66624e-18 1.74218e-04
2.25879e+01 -2.60377e-09 2.40029e-09 3.73009e-05 2.31885e-10 -6.20843e-18 1.73541e-04
2.26172e+01 2.71857e-09 -2.39238e-09 3.71426e-05 2.29921e-10 -6.54808e-18 1.72868e-04
2.26465e+01 -2.55590e-09 2.37472e-09 3.70121e-05 2.28308e-10 -6.02916e-18 1.72198e-04
2.26758e+01 2.68692e-09 -2.36688e-09 3.68555e-05 2.26380e-10 -6.40350e-18 1.71531e-04
2.27051e+01 -2.52048e-09 2.34930e-09 3.67263e-05 2.24796e-10 -5.88162e-18 1.70868e-04
2.27344e+01 2.64421e-09 -2.34152e-09 3.65713e-05 2.22902e-10 -6.23472e-18 1.70208e-04
2.27637e+01 -2.49605e-09 2.32401e-09 3.64434e-05 2.21346e-10 -5.76148e-18 1.69552e-04
2.27930e+01 2.59264e-09 -2.31630e-09 3.62900e-05 2.19486e-10 -6.04768e-18 1.68899e-04
2.28223e+01 -2.47978e-09 2.29885e-09 3.61634e-05 2.17958e-10 -5.66143e-18 1.68250e-04
2.28516e+01 2.53554e-09 -2.29122e-09 3.60116e-05 2.16131e-10 -5.85071e-18 1.67603e-04
2.28809e+01 -2.46798e-09 2.27382e-09 3.58863e-05 2.14630e-10 -5.57257e-18 1.66960e-04
2.29102e+01 2.47674e-09 -2.26627e-09 3.57360e-05 2.12836e-10 -5.65299e-18 1.66321e-04
2.29395e+01 -2.45680e-09 2.24893e-09 3.56120e-05 2.11361e-10 -5.48596e-18 1.65684e-04
2.29688e+01 2.41997e-09 -2.24145e-09 3.54632e-05 2.09599e-10 -5.46310e-18 1.65051e-04
2.29980e+01 -2.44273e-09 2.22417e-09 3.53404e-05 2.08151e-10 -5.39387e-18 1.64421e-04
2.30273e+01 2.36833e-09 -2.21677e-09 3.51932e-05 2.06420e-10 -5.28780e-18 1.63794e-04
2.30566e+01 -2.42317e-09 2.19955e-09 3.50717e-05 2.04996e-10 -5.29082e-18 1.63171e-04
2.30859e+01 2.32386e-09 -2.19222e-09 3.49259e-05 2.03297e-10 -5.13128e-18 1.62550e-04
2.31152e+01 -2.39663e-09 2.17506e-09 3.48056e-05 2.01898e-10 -5.17404e-18 1.61933e-04
2.31445e+01 2.28742e-09 -2.16779e-09 3.46614e-05 2.00228e-10 -4.99483e-18 1.61319e-04
2.31738e+01 -2.36289e-09 2.15070e-09 3.45422e-05 1.98854e-10 -5.04354e-18 1.60708e-04
2.32031e+01 2.25862e-09 -2.14350e-09 3.43995e-05 1.97214e-10 -4.87706e-18 1.60100e-04
2.32324e+01 -2.32285e-09 2.12647e-09 3.42815e-05 1.95864e-10 -4.90177e-18 1.59495e-04
2.32617e+01 2.23606e-09 -2.11933e-09 3.41402e-05 1.94252e-10 -4.77439e-18 1.58893e-04
2.32910e+01 -2.27831e-09 2.10236e-09 3.40234e-05 1.92926e-10 -4.75289e-18 1.58294e-04
2.33203e+01 2.21763e-09 -2.09529e-09 3.38835e-05 1.91343e-10 -4.68189e-18 1.57698e-04
2.33496e+01 -2.23160e-09 2.07839e-09 3.37679e-05 1.90038e-10 -4.60198e-18 1.57105e-04
2.33789e+01 2.20087e-09 -2.07138e-09 3.36294e-05 1.88483e-10 -4.59411e-18 1.56516e-04
2.34082e+01 -2.18513e-09 2.05454e-09 3.35149e-05 1.87202e-10 -4.45413e-18 1.55929e-04
2.34375e+01 2.18344e-09 -2.04759e-09 3.33779e-05 1.85674e-10 -4.50602e-18 1.55345e-04
2.34668e+01 -2.14112e-09 2.03082e-09 3.32645e-05 1.84415e-10 -4.31371e-18 1.54764e-04
2.34961e+01 2.16335e-09 -2.02393e-09 3.31288e-05 1.82913e-10 -4.41361e-18 1.54185e-04
2.35254e+01 -2.10120e-09 2.00722e-09 3.30165e-05 1.81676e-10 -4.18378e-18 1.53610e-04
2.35547e+01 2.13932e-09 -2.00040e-09 3.28822e-05 1.80201e-10 -4.31440e-18 1.53038e-04
2.35840e+01 -2.06629e-09 1.98375e-09 3.27710e-05 1.78984e-10 -4.06582e-18 1.52468e-04
2.36133e+01 2.11080e-09 -1.97699e-09 3.26381e-05 1.77534e-10 -4.20759e-18 1.51901e-04
2.36426e+01 -2.03650e-09 1.96040e-09 3.25280e-05 1.76339e-10 -3.95970e-18 1.51337e-04
2.36719e+01 2.07805e-09 -1.95370e-09 3.23963e-05 1.74915e-10 -4.09393e-18 1.50776e-04
2.37012e+01 -2.01125e-09 1.93717e-09 3.22873e-05 1.73739e-10 -3.86391e-18 1.50218e-04
2.37305e+01 2.04195e-09 -1.93053e-09 3.21570e-05 1.72339e-10 -3.97544e-18 1.49662e-04
2.37598e+01 -1.98937e-09 1.91407e-09 3.20490e-05 1.71183e-10 -3.77592e-18 1.49109e-04
2.37891e+01 2.00385e-09 -1.90748e-09 3.19200e-05 1.69808e-10 -3.85493e-18 1.48559e-04
2.38184e+01 -1.96939e-09 1.89108e-09 3.18130e-05 1.68672e-10 -3.69273e-18 1.48011e-04
2.38477e+01 1.96527e-09 -1.88456e-09 3.16853e-05 1.67321e-10 -3.73547e-18 1.47466e-04
2.38770e+01 -1.94975e-09 1.86822e-09 3.15793e-05 1.66203e-10 -3.61132e-18 1.46924e-04
2.39062e+01 1.92771e-09 -1.86175e-09 3.14529e-05 1.64876e-10 -3.61989e-18 1.46385e-04
2.39355e+01 -1.92908e-09 1.84548e-09 3.13480e-05 1.63777e-10 -3.52913e-18 1.45848e-04
2.39648e+01 1.89238e-09 -1.83905e-09 3.12228e-05 1.62472e-10 -3.51041e-18 1.45314e-04
2.39941e+01 -1.90633e-09 1.82285e-09 3.11188e-05 1.61391e-10 -3.44436e-18 1.44782e-04
2.40234e+01 1.86008e-09 -1.81648e-09 3.09949e-05 1.60109e-10 -3.40836e-18 1.44253e-04
2.40527e+01 -1.88094e-09 1.80035e-09 3.08919e-05 1.59047e-10 -3.35612e-18 1.43726e-04
2.40820e+01 1.83112e-09 -1.79403e-09 3.07693e-05 1.57786e-10 -3.31410e-18 1.43203e-04
2.41113e+01 -1.85285e-09 1.77795e-09 3.06673e-05 1.56741e-10 -3.26445e-18 1.42681e-04
2.41406e+01 1.80531e-09 -1.77169e-09 3.05458e-05 1.55502e-10 -3.22708e-18 1.42162e-04
2.41699e+01 -1.82244e-09 1.75567e-09 3.04447e-05 1.54475e-10 -3.17020e-18 1.41646e-04
2.41992e+01 1.78208e-09 -1.74947e-09 3.03245e-05 1.53257e-10 -3.14605e-18 1.41132e-04
2.42285e+01 -1.79045e-09 1.73351e-09 3.02244e-05 1.52247e-10 -3.07479e-18 1.40621e-04
2.42578e+01 1.76054e-09 -1.72737e-09 3.01053e-05 1.51050e-10 -3.06930e-18 1.40112e-04
2.42871e+01 -1.75781e-09 1.71145e-09 3.00061e-05 1.50056e-10 -2.97989e-18 1.39606e-04
2.43164e+01 1.73973e-09 -1.70538e-09 2.98882e-05 1.48879e-10 -2.99499e-18 1.39102e-04
2.43457e+01 -1.72550e-09 1.68951e-09 2.97899e-05 1.47902e-10 -2.88717e-18 1.38600e-04
2.43750e+01 1.71871e-09 -1.68351e-09 2.96732e-05 1.46745e-10 -2.92146e-18 1.38101e-04
2.44043e+01 -1.69437e-09 1.66767e-09 2.95759e-05 1.45783e-10 -2.79801e-18 1.37604e-04
2.44336e+01 1.69670e-09 -1.66175e-09 2.94603e-05 1.44646e-10 -2.84737e-18 1.37110e-04
2.44629e+01 -1.66504e-09 1.64595e-09 2.93638e-05 1.43700e-10 -2.71336e-18 1.36618e-04
2.44922e+01 1.67324e-09 -1.64010e-09 2.92494e-05 1.42583e-10 -2.77195e-18 1.36128e-04
2.45215e+01 -1.63784e-09 1.62434e-09 2.91538e-05 1.41652e-10 -2.63363e-18 1.35641e-04
2.45508e+01 1.64814e-09 -1.61856e-09 2.90405e-05 1.40553e-10 -2.69497e-18 1.35156e-04
2.45801e+01 -1.61277e-09 1.60285e-09 2.89458e-05 1.39638e-10 -2.55866e-18 1.34673e-04
2.46094e+01 1.62154e-09 -1.59713e-09 2.88336e-05 1.38558e-10 -2.61673e-18 1.34193e-04
2.46387e+01 -1.58954e-09 1.58147e-09 2.87397e-05 1.37657e-10 -2.48789e-18 1.33714e-04
2.46680e+01 1.59384e-09 -1.57580e-09 2.86286e-05 1.36595e-10 -2.53794e-18 1.33239e-04
2.46973e+01 -1.56766e-09 1.56020e-09 2.85356e-05 1.35709e-10 -2.42042e-18 1.32765e-04
2.47266e+01 1.56560e-09 -1.55457e-09 2.84256e-05 1.34665e-10 -2.45953e-18 1.32294e-04
2.47559e+01 -1.54653e-09 1.53904e-09 2.83335e-05 1.33793e-10 -2.35521e-18 1.31825e-04
2.47852e+01 1.53743e-09 -1.53344e-09 2.82245e-05 1.32766e-10 -2.38252e-18 1.31358e-04
2.48145e+01 -1.52552e-09 1.51800e-09 2.81332e-05 1.31908e-10 -2.29127e-18 1.30893e-04
2.48438e+01 1.50991e-09 -1.51242e-09 2.80253e-05 1.30899e-10 -2.30782e-18 1.30430e-04
2.48730e+01 -1.50411e-09 1.49707e-09 2.79348e-05 1.30054e-10 -2.22778e-18 1.29970e-04
2.49023e+01 1.48347e-09 -1.49150e-09 2.78280e-05 1.29062e-10 -2.23609e-18 1.29512e-04
2.49316e+01 -1.48194e-09 1.47624e-09 2.77383e-05 1.28231e-10 -2.16420e-18 1.29056e-04
2.49609e+01 1.45838e-09 -1.47069e-09 2.76325e-05 1.27255e-10 -2.16770e-18 1.28602e-04
2.49902e+01 -1.45884e-09 1.45551e-09 2.75436e-05 1.26437e-10 -2.10029e-18 1.28150e-04
2.50195e+01 1.43469e-09 -1.44998e-09 2.74389e-05 1.25477e-10 -2.10266e-18 1.27701e-04
2.50488e+01 -1.43487e-09 1.43488e-09 2.73507e-05 1.24673e-10 -2.03614e-18 1.27253e-04
2.50781e+01 1.41225e-09 -1.42939e-09 2.72470e-05 1.23729e-10 -2.04072e-18 1.26808e-04
2.51074e+01 -1.41023e-09 1.41434e-09 2.71597e-05 1.22937e-10 -1.97210e-18 1.26364e-04
2.51367e+01 1.39078e-09 -1.40892e-09 2.70569e-05 1.22009e-10 -1.98137e-18 1.25923e-04
2.51660e+01 -1.38525e-09 1.39389e-09 2.69704e-05 1.21229e-10 -1.90865e-18 1.25484e-04
2.51953e+01 1.36990e-09 -1.38855e-09 2.68686e-05 1.20317e-10 -1.92401e-18 1.25046e-04
2.52246e+01 -1.36032e-09 1.37354e-09 2.67828e-05 1.19549e-10 -1.84636e-18 1.24611e-04
2.52539e+01 1.34922e-09 -1.36830e-09 2.66821e-05 1.18651e-10 -1.86802e-18 1.24178e-04
2.52832e+01 -1.33581e-09 1.35328e-09 2.65970e-05 1.17896e-10 -1.78574e-18 1.23747e-04
2.53125e+01 1.32841e-09 -1.34814e-09 2.64973e-05 1.17013e-10 -1.81285e-18 1.23318e-04
2.53418e+01 -1.31201e-09 1.33312e-09 2.64129e-05 1.16270e-10 -1.72721e-18 1.22890e-04
2.53711e+01 1.30720e-09 -1.32810e-09 2.63141e-05 1.15402e-10 -1.75810e-18 1.22465e-04
2.54004e+01 -1.28910e-09 1.31306e-09 2.62305e-05 1.14670e-10 -1.67097e-18 1.22042e-04
2.54297e+01 1.28550e-09 -1.30814e-09 2.61327e-05 1.13816e-10 -1.70358e-18 1.21621e-04
2.54590e+01 -1.26711e-09 1.29310e-09 2.60498e-05 1.13095e-10 -1.61706e-18 1.21201e-04
2.54883e+01 1.26331e-09 -1.28828e-09 2.59529e-05 1.12255e-10 -1.64926e-18 1.20784e-04
2.55176e+01 -1.24597e-09 1.27325e-09 2.58707e-05 1.11545e-10 -1.56533e-18 1.20368e-04
2.55469e+01 1.24077e-09 -1.26850e-09 2.57748e-05 1.10719e-10 -1.59532e-18 1.19955e-04
2.55762e+01 -1.22546e-09 1.25351e-09 2.56933e-05 1.10021e-10 -1.51550e-18 1.19543e-04
2.56055e+01 1.21813e-09 -1.24880e-09 2.55983e-05 1.09208e-10 -1.54204e-18 1.19133e-04
2.56348e+01 -1.20533e-09 1.23389e-09 2.55175e-05 1.08520e-10 -1.46719e-18 1.18725e-04
2.56641e+01 1.19565e-09 -1.22918e-09 2.54234e-05 1.07721e-10 -1.48976e-18 1.18319e-04
2.56934e+01 -1.18530e-09 1.21438e-09 2.53433e-05 1.07043e-10 -1.42003e-18 1.17915e-04
2.57227e+01 1.17358e-09 -1.20964e-09 2.52501e-05 1.06257e-10 -1.43883e-18 1.17512e-04
2.57520e+01 -1.16514e-09 1.19498e-09 2.51707e-05 1.05590e-10 -1.37370e-18 1.17112e-04
2.57812e+01 1.15211e-09 -1.19019e-09 2.50783e-05 1.04817e-10 -1.38950e-18 1.16713e-04
2.58105e+01 -1.14469e-09 1.17568e-09 2.49996e-05 1.04160e-10 -1.32794e-18 1.16316e-04
2.58398e+01 1.13133e-09 -1.17082e-09 2.49081e-05 1.03399e-10 -1.34195e-18 1.15921e-04
2.58691e+01 -1.12394e-09 1.15648e-09 2.48301e-05 1.02752e-10 -1.28266e-18 1.15527e-04
2.58984e+01 1.11121e-09 -1.15155e-09 2.47395e-05 1.02004e-10 -1.29620e-18 1.15136e-04
2.59277e+01 -1.10295e-09 1.13736e-09 2.46621e-05 1.01366e-10 -1.23786e-18 1.14746e-04
2.59570e+01 1.09161e-09 -1.13239e-09 2.45724e-05 1.00630e-10 -1.25216e-18 1.14358e-04
2.59863e+01 -1.08189e-09 1.11831e-09 2.44956e-05 1.00002e-10 -1.19367e-18 1.13971e-04
2.60156e+01 1.07234e-09 -1.11335e-09 2.44067e-05 9.92780e-11 -1.20963e-18 1.13587e-04
2.60449e+01 -1.06097e-09 1.09932e-09 2.43306e-05 9.86596e-11 -1.15026e-18 1.13204e-04
2.60742e+01 1.05319e-09 -1.09443e-09 2.42426e-05 9.79472e-11 -1.16838e-18 1.12823e-04
2.61035e+01 -1.04040e-09 1.08039e-09 2.41671e-05 9.73380e-11 -1.10786e-18 1.12443e-04
2.61328e+01 1.03395e-09 -1.07563e-09 2.40799e-05 9.66372e-11 -1.12813e-18 1.12065e-04
2.61621e+01 -1.02033e-09 1.06153e-09 2.40051e-05 9.60371e-11 -1.06667e-18 1.11689e-04
2.61914e+01 1.01449e-09 -1.05695e-09 2.39187e-05 9.53474e-11 -1.08867e-18 1.11315e-04
2.62207e+01 -1.00085e-09 1.04273e-09 2.38445e-05 9.47563e-11 -1.02686e-18 1.10942e-04
2.62500e+01 9.94762e-10 -1.03837e-09 2.37589e-05 9.40777e-11 -1.04983e-18 1.10571e-04
2.62793e+01 -9.81979e-10 1.02401e-09 2.36853e-05 9.34957e-11 -9.88497e-19 1.10202e-04
2.63086e+01 9.74789e-10 -1.01988e-09 2.36006e-05 9.28279e-11 -1.01152e-18 1.09834e-04
2.63379e+01 -9.63639e-10 1.00538e-09 2.35275e-05 9.22541e-11 -9.51576e-19 1.09468e-04
2.63672e+01 9.54678e-10 -1.00148e-09 2.34436e-05 9.15974e-11 -9.73714e-19 1.09104e-04
2.63965e+01 -9.45681e-10 9.86863e-10 2.33712e-05 9.10321e-11 -9.16000e-19 1.08741e-04
2.64258e+01 9.34602e-10 -9.83132e-10 2.32881e-05 9.03856e-11 -9.36492e-19 1.08379e-04
2.64551e+01 -9.27905e-10 9.68458e-10 2.32162e-05 8.98289e-11 -8.81611e-19 1.08020e-04
2.64844e+01 9.14774e-10 -9.64839e-10 2.31339e-05 8.91929e-11 -8.99971e-19 1.07662e-04
2.65137e+01 -9.10084e-10 9.50180e-10 2.30626e-05 8.86440e-11 -8.48209e-19 1.07305e-04
2.65430e+01 8.95414e-10 -9.46590e-10 2.29810e-05 8.80184e-11 -8.64309e-19 1.06950e-04
2.65723e+01 -8.92005e-10 9.32032e-10 2.29103e-05 8.74774e-11 -8.15596e-19 1.06597e-04
2.66016e+01 8.76711e-10 -9.28381e-10 2.28295e-05 8.68616e-11 -8.29664e-19 1.06245e-04
2.66309e+01 -8.73501e-10 9.14016e-10 2.27594e-05 8.63284e-11 -7.83599e-19 1.05895e-04
2.66602e+01 8.58788e-10 -9.10210e-10 2.26794e-05 8.57228e-11 -7.96178e-19 1.05546e-04
2.66895e+01 -8.54494e-10 8.96127e-10 2.26098e-05 8.51976e-11 -7.52099e-19 1.05199e-04
2.67188e+01 8.41662e-10 -8.92086e-10 2.25305e-05 8.46014e-11 -7.63935e-19 1.04853e-04
2.67480e+01 -8.35023e-10 8.78354e-10 2.24615e-05 8.40835e-11 -7.21050e-19 1.04509e-04
2.67773e+01 8.25221e-10 -8.74023e-10 2.23830e-05 8.34970e-11 -7.32956e-19 1.04166e-04
2.68066e+01 -8.15267e-10 8.60678e-10 2.23145e-05 8.29867e-11 -6.90471e-19 1.03825e-04
2.68359e+01 8.09213e-10 -8.56042e-10 2.22367e-05 8.24092e-11 -7.03181e-19 1.03486e-04
2.68652e+01 -7.95537e-10 8.43067e-10 2.21688e-05 8.19062e-11 -6.60442e-19 1.03147e-04
2.68945e+01 7.93266e-10 -8.38178e-10 2.20917e-05 8.13380e-11 -6.74491e-19 1.02811e-04
2.69238e+01 -7.76236e-10 8.25486e-10 2.20243e-05 8.08424e-11 -6.31080e-19 1.02475e-04
2.69531e+01 7.76968e-10 -8.20468e-10 2.19480e-05 8.02830e-11 -6.46722e-19 1.02142e-04
2.69824e+01 -7.57747e-10 8.07898e-10 2.18811e-05 7.97944e-11 -6.02517e-19 1.01809e-04
2.70117e+01 7.59992e-10 -8.02939e-10 2.18055e-05 7.92440e-11 -6.19710e-19 1.01478e-04
2.70410e+01 -7.40296e-10 7.90285e-10 2.17391e-05 7.87623e-11 -5.74881e-19 1.01149e-04
2.70703e+01 7.42215e-10 -7.85595e-10 2.16643e-05 7.82208e-11 -5.93314e-19 1.00821e-04
2.70996e+01 -7.23904e-10 7.72658e-10 2.15984e-05 7.77458e-11 -5.48288e-19 1.00494e-04
2.71289e+01 7.23696e-10 -7.68411e-10 2.15242e-05 7.72129e-11 -5.67423e-19 1.00169e-04
2.71582e+01 -7.08434e-10 7.55045e-10 2.14589e-05 7.67446e-11 -5.22816e-19 9.98452e-05
2.71875e+01 7.04630e-10 -7.51353e-10 2.13854e-05 7.62200e-11 -5.41977e-19 9.95227e-05
2.72168e+01 -6.93636e-10 7.37486e-10 2.13205e-05 7.57582e-11 -4.98480e-19 9.92017e-05
2.72461e+01 6.85302e-10 -7.34380e-10 2.12478e-05 7.52419e-11 -5.16955e-19 9.88820e-05
2.72754e+01 -6.79192e-10 7.20019e-10 2.11834e-05 7.47868e-11 -4.75223e-19 9.85638e-05
2.73047e+01 6.66045e-10 -7.17453e-10 2.11113e-05 7.42786e-11 -4.92377e-19 9.82468e-05
2.73340e+01 -6.64756e-10 7.02680e-10 2.10474e-05 7.38297e-11 -4.52928e-19 9.79313e-05
2.73633e+01 6.47201e-10 -7.00537e-10 2.09760e-05 7.33295e-11 -4.68297e-19 9.76170e-05
2.73926e+01 -6.49987e-10 6.85498e-10 2.09126e-05 7.28870e-11 -4.31440e-19 9.73042e-05
2.74219e+01 6.29094e-10 -6.83606e-10 2.08419e-05 7.23947e-11 -4.44791e-19 9.69926e-05
2.74512e+01 -6.34583e-10 6.68495e-10 2.07790e-05 7.19582e-11 -4.10600e-19 9.66824e-05
2.74805e+01 6.11988e-10 -6.66643e-10 2.07089e-05 7.14737e-11 -4.21958e-19 9.63735e-05
2.75098e+01 -6.18310e-10 6.51682e-10 2.06464e-05 7.10434e-11 -3.90270e-19 9.60660e-05
2.75391e+01 5.96069e-10 -6.49639e-10 2.05770e-05 7.05665e-11 -3.99900e-19 9.57597e-05
2.75684e+01 -6.01034e-10 6.35062e-10 2.05150e-05 7.01419e-11 -3.70355e-19 9.54547e-05
2.75977e+01 5.81409e-10 -6.32594e-10 2.04463e-05 6.96727e-11 -3.78712e-19 9.51510e-05
2.76270e+01 -5.82744e-10 6.18628e-10 2.03847e-05 6.92537e-11 -3.50813e-19 9.48487e-05
2.76562e+01 5.67941e-10 -6.15522e-10 2.03166e-05 6.87917e-11 -3.58458e-19 9.45476e-05
2.76855e+01 -5.63580e-10 6.02361e-10 2.02556e-05 6.83790e-11 -3.31650e-19 9.42477e-05
2.77148e+01 5.55436e-10 -5.98446e-10 2.01881e-05 6.79239e-11 -3.39163e-19 9.39492e-05
2.77441e+01 -5.43862e-10 5.86227e-10 2.01275e-05 6.75169e-11 -3.12908e-19 9.36518e-05
2.77734e+01 5.43471e-10 -5.81407e-10 2.00606e-05 6.70691e-11 -3.20793e-19 9.33558e-05
2.78027e+01 -5.24114e-10 5.70173e-10 2.00004e-05 6.66674e-11 -2.94643e-19 9.30610e-05
2.78320e+01 5.31411e-10 -5.64472e-10 1.99342e-05 6.62267e-11 -3.03264e-19 9.27674e-05
2.78613e+01 -5.05075e-10 5.54116e-10 1.98745e-05 6.58304e-11 -2.76900e-19 9.24751e-05
2.78906e+01 5.18411e-10 -5.47742e-10 1.98089e-05 6.53967e-11 -2.86465e-19 9.21840e-05
2.79199e+01 -4.87660e-10 5.37931e-10 1.97496e-05 6.50055e-11 -2.59692e-19 9.18941e-05
2.79492e+01 5.03539e-10 -5.31359e-10 1.96846e-05 6.45785e-11 -2.70304e-19 9.16054e-05
2.79785e+01 -4.72689e-10 5.21473e-10 1.96257e-05 6.41927e-11 -2.43004e-19 9.13179e-05
2.80078e+01 4.86299e-10 -5.15431e-10 1.95613e-05 6.37723e-11 -2.54751e-19 9.10317e-05
2.80371e+01 -4.60100e-10 5.04726e-10 1.95029e-05 6.33916e-11 -2.26898e-19 9.07466e-05
2.80664e+01 4.67303e-10 -4.99862e-10 1.94391e-05 6.29778e-11 -2.39751e-19 9.04627e-05
2.80957e+01 -4.48993e-10 4.87849e-10 1.93811e-05 6.26021e-11 -2.11585e-19 9.01800e-05
2.81250e+01 4.47467e-10 -4.84481e-10 1.93179e-05 6.21948e-11 -2.25204e-19 8.98985e-05
2.81543e+01 -4.38519e-10 4.70994e-10 1.92603e-05 6.18242e-11 -1.97196e-19 8.96182e-05
2.81836e+01 4.27563e-10 -4.69158e-10 1.91977e-05 6.14230e-11 -2.11037e-19 8.93390e-05
2.82129e+01 -4.27976e-10 4.54275e-10 1.91405e-05 6.10575e-11 -1.83721e-19 8.90610e-05
2.82422e+01 4.08219e-10 -4.53793e-10 1.90785e-05 6.06626e-11 -1.97196e-19 8.87841e-05
2.82715e+01 -4.16798e-10 4.37773e-10 1.90217e-05 6.03020e-11 -1.71056e-19 8.85084e-05
2.83008e+01 3.89932e-10 -4.38320e-10 1.89603e-05 5.99130e-11 -1.83645e-19 8.82338e-05
2.83301e+01 -4.04552e-10 4.21541e-10 1.89039e-05 5.95572e-11 -1.59055e-19 8.79603e-05
2.83594e+01 3.73066e-10 -4.22695e-10 1.88430e-05 5.91743e-11 -1.70381e-19 8.76880e-05
2.83887e+01 -3.90937e-10 4.05611e-10 1.87870e-05 5.88233e-11 -1.47583e-19 8.74168e-05
2.84180e+01 3.57852e-10 -4.06895e-10 1.87268e-05 5.84462e-11 -1.57447e-19 8.71467e-05
2.84473e+01 -3.75781e-10 3.89996e-10 1.86712e-05 5.81000e-11 -1.36553e-19 8.68778e-05
2.84766e+01 3.44395e-10 -3.90916e-10 1.86114e-05 5.77288e-11 -1.44925e-19 8.66099e-05
2.85059e+01 -3.59043e-10 3.74691e-10 1.85562e-05 5.73868e-11 -1.25933e-19 8.63431e-05
2.85352e+01 3.32666e-10 -3.74766e-10 1.84971e-05 5.70216e-11 -1.32921e-19 8.60775e-05
2.85645e+01 -3.40813e-10 3.59681e-10 1.84422e-05 5.66839e-11 -1.15740e-19 8.58129e-05
2.85938e+01 3.22506e-10 -3.58468e-10 1.83836e-05 5.63241e-11 -1.21539e-19 8.55494e-05
2.86230e+01 -3.21317e-10 3.44935e-10 1.83292e-05 5.59913e-11 -1.06013e-19 8.52869e-05
2.86523e+01 3.13614e-10 -3.42056e-10 1.82711e-05 5.56372e-11 -1.10852e-19 8.50256e-05
2.86816e+01 -3.00929e-10 3.30411e-10 1.82170e-05 5.53083e-11 -9.67882e-20 8.47653e-05
2.87109e+01 3.05531e-10 -3.25582e-10 1.81595e-05 5.49595e-11 -1.00874e-19 8.45061e-05
2.87402e+01 -2.80195e-10 3.16047e-10 1.81058e-05 5.46348e-11 -8.80714e-20 8.42479e-05
2.87695e+01 2.97600e-10 -3.09118e-10 1.80488e-05 5.42917e-11 -9.15577e-20 8.39908e-05
2.87988e+01 -2.59899e-10 3.01751e-10 1.79955e-05 5.39714e-11 -7.98274e-20 8.37347e-05
2.88281e+01 2.88873e-10 -2.92782e-10 1.79390e-05 5.36335e-11 -8.28131e-20 8.34797e-05
2.88574e+01 -2.41197e-10 2.87368e-10 1.78860e-05 5.33171e-11 -7.19789e-20 8.32257e-05
2.88867e+01 2.77909e-10 -2.76781e-10 1.78301e-05 5.29840e-11 -7.45562e-20 8.29728e-05
2.89160e+01 -2.25928e-10 2.72601e-10 1.77775e-05 5.26718e-11 -6.44061e-20 8.27208e-05
2.89453e+01 2.62306e-10 -2.61551e-10 1.77221e-05 5.23440e-11 -6.67967e-20 8.24699e-05
2.89746e+01 -2.17388e-10 2.56775e-10 1.76698e-05 5.20355e-11 -5.68853e-20 8.22200e-05
2.90039e+01 2.38374e-10 -2.47973e-10 1.76149e-05 5.17128e-11 -5.98185e-20 8.19711e-05
2.90332e+01 -2.15650e-10 2.39567e-10 1.75630e-05 5.14080e-11 -4.93115e-20 8.17232e-05
2.90625e+01 2.12974e-10 -2.34965e-10 1.75087e-05 5.10902e-11 -5.36638e-20 8.14763e-05
2.90918e+01 -2.11839e-10 2.22700e-10 1.74571e-05 5.07895e-11 -4.25546e-20 8.12304e-05
2.91211e+01 1.90468e-10 -2.21555e-10 1.74032e-05 5.04765e-11 -4.79498e-20 8.09855e-05
2.91504e+01 -2.05351e-10 2.06344e-10 1.73520e-05 5.01796e-11 -3.66294e-20 8.07415e-05
2.91797e+01 1.70754e-10 -2.07769e-10 1.72986e-05 4.98713e-11 -4.25735e-20 8.04986e-05
2.92090e+01 -1.96268e-10 1.90469e-10 1.72477e-05 4.95781e-11 -3.13282e-20 8.02566e-05
2.92383e+01 1.53714e-10 -1.93641e-10 1.71949e-05 4.92747e-11 -3.74250e-20 8.00156e-05
2.92676e+01 -1.84727e-10 1.75041e-10 1.71443e-05 4.89853e-11 -2.64710e-20 7.97755e-05
2.92969e+01 1.39174e-10 -1.79209e-10 1.70919e-05 4.86866e-11 -3.24387e-20 7.95365e-05
2.93262e+01 -1.70930e-10 1.60016e-10 1.70417e-05 4.84010e-11 -2.19499e-20 7.92983e-05
2.93555e+01 1.26900e-10 -1.64517e-10 1.69898e-05 4.81069e-11 -2.76167e-20 7.90611e-05
2.93848e+01 -1.55139e-10 1.45348e-10 1.69399e-05 4.78247e-11 -1.77398e-20 7.88249e-05
2.94141e+01 1.16599e-10 -1.49613e-10 1.68885e-05 4.75352e-11 -2.30242e-20 7.85896e-05
2.94434e+01 -1.37670e-10 1.30985e-10 1.68389e-05 4.72564e-11 -1.38807e-20 7.83552e-05
2.94727e+01 1.07926e-10 -1.34549e-10 1.67881e-05 4.69712e-11 -1.87625e-20 7.81218e-05
2.95020e+01 -1.18884e-10 1.16873e-10 1.67388e-05 4.66960e-11 -1.04441e-20 7.78893e-05
2.95312e+01 1.00504e-10 -1.19379e-10 1.66884e-05 4.64155e-11 -1.49331e-20 7.76577e-05
2.95605e+01 -9.91722e-11 1.02958e-10 1.66394e-05 4.61435e-11 -7.49553e-21 7.74271e-05
2.95898e+01 9.39245e-11 -1.04156e-10 1.65895e-05 4.58669e-11 -1.16051e-20 7.71973e-05
2.96191e+01 -7.89425e-11 8.91856e-11 1.65408e-05 4.55987e-11 -5.06700e-21 7.69685e-05
2.96484e+01 8.77786e-11 -8.89347e-11 1.64913e-05 4.53263e-11 -8.79606e-21 7.67405e-05
2.96777e+01 -5.86005e-11 7.55016e-11 1.64430e-05 4.50610e-11 -3.14584e-21 7.65135e-05
2.97070e+01 8.16665e-11 -7.37653e-11 1.63940e-05 4.47930e-11 -6.47111e-21 7.62873e-05
2.97363e+01 -3.85262e-11 6.18560e-11 1.63460e-05 4.45310e-11 -1.68406e-21 7.60621e-05
2.97656e+01 7.52269e-11 -5.86954e-11 1.62974e-05 4.42671e-11 -4.56105e-21 7.58377e-05
2.97949e+01 -1.90506e-11 4.82034e-11 1.62497e-05 4.40083e-11 -6.24062e-22 7.56142e-05
2.98242e+01 6.81628e-11 -4.37656e-11 1.62016e-05 4.37481e-11 -2.99122e-21 7.53916e-05
2.98535e+01 -4.21219e-13 3.45071e-11 1.61541e-05 4.34923e-11 6.86430e-23 7.51699e-05
2.98828e+01 6.02827e-11 -2.90058e-11 1.61065e-05 4.32363e-11 -1.71149e-21 7.49490e-05
2.99121e+01 1.72460e-11 2.07446e-11 1.60594e-05 4.29835e-11 3.79936e-22 7.47290e-05
2.99414e+01 5.15595e-11 -1.44266e-11 1.60122e-05 4.27315e-11 -7.10859e-22 7.45098e-05
2.99707e+01 3.40428e-11 6.92007e-12 1.59653e-05 4.24818e-11 2.49424e-22 7.42915e-05
3.00000e+01 4.22335e-11 2.59117e-17 1.59186e-05 4.22334e-11 1.09433e-27 7.40741e-05
