# r h000 h110 h112 c000 c110 c112
2.92969e-02 -1.00000e+00 1.05447e-05 -5.43542e-07 -3.28485e+01 -3.63231e+00 1.32683e-02
5.85938e-02 -1.00000e+00 1.13029e-05 -1.26499e-06 -3.15796e+01 -3.48909e+00 2.99932e-02
8.78906e-02 -1.00000e+00 1.17945e-05 -1.58710e-06 -3.05112e+01 -3.35573e+00 4.26791e-02
1.17188e-01 -1.00000e+00 1.21218e-05 -1.69466e-06 -2.94075e+01 -3.21982e+00 5.71775e-02
1.46484e-01 -1.00000e+00 1.22400e-05 -1.59503e-06 -2.83429e+01 -3.08633e+00 7.07685e-02
1.75781e-01 -1.00000e+00 1.21723e-05 -1.33950e-06 -2.72685e+01 -2.95235e+00 8.48544e-02
2.05078e-01 -1.00000e+00 1.19040e-05 -9.50117e-07 -2.62146e+01 -2.81987e+00 9.84704e-02
2.34375e-01 -1.00000e+00 1.14522e-05 -4.67245e-07 -2.51602e+01 -2.68765e+00 1.12246e-01
2.63672e-01 -1.00000e+00 1.08185e-05 8.39361e-08 -2.41219e+01 -2.55678e+00 1.25675e-01
2.92969e-01 -1.00000e+00 1.00246e-05 6.70062e-07 -2.30882e+01 -2.42660e+00 1.39109e-01
3.22266e-01 -1.00000e+00 9.08501e-06 1.26880e-06 -2.20700e+01 -2.29783e+00 1.52233e-01
3.51562e-01 -1.00000e+00 8.02900e-06 1.85455e-06 -2.10600e+01 -2.17008e+00 1.65265e-01
3.80859e-01 -1.00000e+00 6.88212e-06 2.41082e-06 -2.00661e+01 -2.04386e+00 1.77988e-01
4.10156e-01 -1.00000e+00 5.68058e-06 2.92036e-06 -1.90836e+01 -1.91893e+00 1.90546e-01
4.39453e-01 -1.00000e+00 4.45806e-06 3.37366e-06 -1.81184e+01 -1.79569e+00 2.02778e-01
4.68750e-01 -1.00000e+00 3.25557e-06 3.76148e-06 -1.71672e+01 -1.67399e+00 2.14784e-01
4.98047e-01 -1.00000e+00 2.11122e-06 4.08104e-06 -1.62350e+01 -1.55416e+00 2.26436e-01
5.27344e-01 -1.00000e+00 1.06731e-06 4.32998e-06 -1.53192e+01 -1.43609e+00 2.37806e-01
5.56641e-01 -1.00000e+00 1.62001e-07 4.51101e-06 -1.44242e+01 -1.32006e+00 2.48788e-01
5.85938e-01 -1.00000e+00 -5.65340e-07 4.62688e-06 -1.35481e+01 -1.20602e+00 2.59433e-01
6.15234e-01 -1.00000e+00 -1.08114e-06 4.68395e-06 -1.26945e+01 -1.09419e+00 2.69652e-01
6.44531e-01 -1.00000e+00 -1.35344e-06 4.68797e-06 -1.18622e+01 -9.84543e-01 2.79478e-01
6.73828e-01 -1.00000e+00 -1.35781e-06 4.64694e-06 -1.10544e+01 -8.77284e-01 2.88836e-01
7.03125e-01 -1.00000e+00 -1.07389e-06 4.56751e-06 -1.02701e+01 -7.72403e-01 2.97747e-01
7.32422e-01 -1.00000e+00 -4.90411e-07 4.45735e-06 -9.51224e+00 -6.70076e-01 3.06142e-01
7.61719e-01 -1.00000e+00 3.97837e-07 4.32218e-06 -8.78019e+00 -5.70309e-01 3.14033e-01
7.91016e-01 -1.00000e+00 1.58581e-06 4.16785e-06 -8.07658e+00 -4.73257e-01 3.21359e-01
8.20312e-01 -1.00000e+00 3.06102e-06 3.99782e-06 -7.40101e+00 -3.78937e-01 3.28123e-01
8.49609e-01 -1.00000e+00 4.80008e-06 3.81515e-06 -6.75590e+00 -2.87487e-01 3.34268e-01
8.78906e-01 -1.00000e+00 6.77142e-06 3.62039e-06 -6.14103e+00 -1.98930e-01 3.39791e-01
9.08203e-01 -1.00000e+00 8.93254e-06 3.41350e-06 -5.55869e+00 -1.13391e-01 3.44639e-01
9.37500e-01 -1.00000e+00 1.12327e-05 3.19213e-06 -5.00877e+00 -3.08966e-02 3.48803e-01
9.66797e-01 -1.00000e+00 1.36106e-05 2.95351e-06 -4.49345e+00 4.84410e-02 3.52231e-01
9.96094e-01 -1.00000e+00 1.59972e-05 2.69293e-06 -4.01272e+00 1.24592e-01 3.54911e-01
1.02539e+00 2.56868e+00 -1.97437e-01 1.49829e+00 0.00000e+00 0.00000e+00 1.85508e+00
1.05469e+00 2.16131e+00 -2.66986e-01 1.34687e+00 0.00000e+00 0.00000e+00 1.70474e+00
1.08398e+00 1.79173e+00 -3.33151e-01 1.21209e+00 0.00000e+00 0.00000e+00 1.57022e+00
1.11328e+00 1.45847e+00 -3.95928e-01 1.09189e+00 0.00000e+00 0.00000e+00 1.44949e+00
1.14258e+00 1.16129e+00 -4.55272e-01 9.84536e-01 0.00000e+00 0.00000e+00 1.34083e+00
1.17188e+00 8.97816e-01 -5.11191e-01 8.88509e-01 0.00000e+00 0.00000e+00 1.24276e+00
1.20117e+00 6.67073e-01 -5.63661e-01 8.02516e-01 0.00000e+00 0.00000e+00 1.15402e+00
1.23047e+00 4.66235e-01 -6.12698e-01 7.25414e-01 0.00000e+00 0.00000e+00 1.07354e+00
1.25977e+00 2.93971e-01 -6.58292e-01 6.56222e-01 0.00000e+00 0.00000e+00 1.00037e+00
1.28906e+00 1.47314e-01 -7.00463e-01 5.94067e-01 0.00000e+00 0.00000e+00 9.33702e-01
1.31836e+00 2.48426e-02 -7.39212e-01 5.38190e-01 0.00000e+00 0.00000e+00 8.72828e-01
1.34766e+00 -7.63520e-02 -7.74558e-01 4.87913e-01 0.00000e+00 0.00000e+00 8.17133e-01
1.37695e+00 -1.57610e-01 -8.06511e-01 4.42641e-01 0.00000e+00 0.00000e+00 7.66077e-01
1.40625e+00 -2.21669e-01 -8.35088e-01 4.01842e-01 0.00000e+00 0.00000e+00 7.19188e-01
1.43555e+00 -2.69682e-01 -8.60305e-01 3.65041e-01 0.00000e+00 0.00000e+00 6.76049e-01
1.46484e+00 -3.04155e-01 -8.82175e-01 3.31817e-01 0.00000e+00 0.00000e+00 6.36291e-01
1.49414e+00 -3.25998e-01 -9.00718e-01 3.01787e-01 0.00000e+00 0.00000e+00 5.99592e-01
1.52344e+00 -3.37463e-01 -9.15942e-01 2.74611e-01 0.00000e+00 0.00000e+00 5.65661e-01
1.55273e+00 -3.39192e-01 -9.27870e-01 2.49978e-01 0.00000e+00 0.00000e+00 5.34243e-01
1.58203e+00 -3.33191e-01 -9.36507e-01 2.27614e-01 0.00000e+00 0.00000e+00 5.05109e-01
1.61133e+00 -3.19826e-01 -9.41874e-01 2.07261e-01 0.00000e+00 0.00000e+00 4.78055e-01
1.64062e+00 -3.00885e-01 -9.43971e-01 1.88698e-01 0.00000e+00 0.00000e+00 4.52900e-01
1.66992e+00 -2.76461e-01 -9.42823e-01 1.71709e-01 0.00000e+00 0.00000e+00 4.29479e-01
1.69922e+00 -2.48166e-01 -9.38420e-01 1.56117e-01 0.00000e+00 0.00000e+00 4.07645e-01
1.72852e+00 -2.15821e-01 -9.30793e-01 1.41737e-01 0.00000e+00 0.00000e+00 3.87267e-01
1.75781e+00 -1.80921e-01 -9.19920e-01 1.28429e-01 0.00000e+00 0.00000e+00 3.68224e-01
1.78711e+00 -1.43009e-01 -9.05840e-01 1.16032e-01 0.00000e+00 0.00000e+00 3.50410e-01
1.81641e+00 -1.03537e-01 -8.88517e-01 1.04438e-01 0.00000e+00 0.00000e+00 3.33727e-01
1.84570e+00 -6.17368e-02 -8.68002e-01 9.35051e-02 0.00000e+00 0.00000e+00 3.18086e-01
1.87500e+00 -1.91344e-02 -8.44236e-01 8.31561e-02 0.00000e+00 0.00000e+00 3.03407e-01
1.90430e+00 2.54490e-02 -8.17299e-01 7.32543e-02 0.00000e+00 0.00000e+00 2.89618e-01
1.93359e+00 7.01862e-02 -7.87085e-01 6.37635e-02 0.00000e+00 0.00000e+00 2.76652e-01
1.96289e+00 1.16987e-01 -7.53744e-01 5.45294e-02 0.00000e+00 0.00000e+00 2.64449e-01
1.99219e+00 1.63018e-01 -7.17031e-01 4.55962e-02 0.00000e+00 0.00000e+00 2.52953e-01
2.02148e+00 2.12641e-01 -6.78718e-01 3.60583e-02 0.00000e+00 0.00000e+00 2.42113e-01
2.05078e+00 2.48505e-01 -6.41107e-01 2.51508e-02 0.00000e+00 0.00000e+00 2.31885e-01
2.08008e+00 2.57486e-01 -6.03995e-01 1.32062e-02 0.00000e+00 0.00000e+00 2.22224e-01
2.10938e+00 2.49506e-01 -5.67451e-01 3.39209e-04 0.00000e+00 0.00000e+00 2.13093e-01
2.13867e+00 2.27118e-01 -5.31305e-01 -1.32068e-02 0.00000e+00 0.00000e+00 2.04455e-01
2.16797e+00 1.96164e-01 -4.95591e-01 -2.73127e-02 0.00000e+00 0.00000e+00 1.96278e-01
2.19727e+00 1.58970e-01 -4.60190e-01 -4.17841e-02 0.00000e+00 0.00000e+00 1.88531e-01
2.22656e+00 1.19420e-01 -4.25131e-01 -5.65146e-02 0.00000e+00 0.00000e+00 1.81186e-01
2.25586e+00 7.90924e-02 -3.90330e-01 -7.13451e-02 0.00000e+00 0.00000e+00 1.74218e-01
2.28516e+00 4.05015e-02 -3.55819e-01 -8.61854e-02 0.00000e+00 0.00000e+00 1.67603e-01
2.31445e+00 4.49899e-03 -3.21540e-01 -1.00905e-01 0.00000e+00 0.00000e+00 1.61319e-01
2.34375e+00 -2.74090e-02 -2.87532e-01 -1.15429e-01 0.00000e+00 0.00000e+00 1.55345e-01
2.37305e+00 -5.49610e-02 -2.53761e-01 -1.29652e-01 0.00000e+00 0.00000e+00 1.49662e-01
2.40234e+00 -7.73824e-02 -2.20274e-01 -1.43515e-01 0.00000e+00 0.00000e+00 1.44253e-01
2.43164e+00 -9.48458e-02 -1.87055e-01 -1.56930e-01 0.00000e+00 0.00000e+00 1.39102e-01
2.46094e+00 -1.07086e-01 -1.54162e-01 -1.69855e-01 0.00000e+00 0.00000e+00 1.34192e-01
2.49023e+00 -1.14565e-01 -1.21593e-01 -1.82220e-01 0.00000e+00 0.00000e+00 1.29512e-01
2.51953e+00 -1.17352e-01 -8.94134e-02 -1.93993e-01 0.00000e+00 0.00000e+00 1.25046e-01
2.54883e+00 -1.16075e-01 -5.76359e-02 -2.05120e-01 0.00000e+00 0.00000e+00 1.20784e-01
2.57812e+00 -1.11001e-01 -2.63310e-02 -2.15582e-01 0.00000e+00 0.00000e+00 1.16713e-01
2.60742e+00 -1.02832e-01 4.47693e-03 -2.25338e-01 0.00000e+00 0.00000e+00 1.12823e-01
2.63672e+00 -9.19327e-02 3.47128e-02 -2.34378e-01 0.00000e+00 0.00000e+00 1.09103e-01
2.66602e+00 -7.90083e-02 6.43440e-02 -2.42675e-01 0.00000e+00 0.00000e+00 1.05546e-01
2.69531e+00 -6.44510e-02 9.32924e-02 -2.50226e-01 0.00000e+00 0.00000e+00 1.02142e-01
2.72461e+00 -4.89237e-02 1.21520e-01 -2.57015e-01 0.00000e+00 0.00000e+00 9.88820e-02
2.75391e+00 -3.28006e-02 1.48946e-01 -2.63049e-01 0.00000e+00 0.00000e+00 9.57596e-02
2.78320e+00 -1.66752e-02 1.75530e-01 -2.68319e-01 0.00000e+00 0.00000e+00 9.27674e-02
2.81250e+00 -8.77819e-04 2.01192e-01 -2.72842e-01 0.00000e+00 0.00000e+00 8.98985e-02
2.84180e+00 1.40796e-02 2.25890e-01 -2.76617e-01 0.00000e+00 0.00000e+00 8.71467e-02
2.87109e+00 2.79225e-02 2.49546e-01 -2.79666e-01 0.00000e+00 0.00000e+00 8.45061e-02
2.90039e+00 4.02213e-02 2.72120e-01 -2.81998e-01 0.00000e+00 0.00000e+00 8.19711e-02
2.92969e+00 5.07582e-02 2.93538e-01 -2.83643e-01 0.00000e+00 0.00000e+00 7.95364e-02
2.95898e+00 5.91793e-02 3.13763e-01 -2.84615e-01 0.00000e+00 0.00000e+00 7.71973e-02
2.98828e+00 6.53176e-02 3.32728e-01 -2.84952e-01 0.00000e+00 0.00000e+00 7.49490e-02
3.01758e+00 6.88843e-02 3.50399e-01 -2.84675e-01 0.00000e+00 0.00000e+00 7.27871e-02
3.04688e+00 6.97502e-02 3.66720e-01 -2.83823e-01 0.00000e+00 0.00000e+00 7.07076e-02
3.07617e+00 6.77062e-02 3.81672e-01 -2.82417e-01 0.00000e+00 0.00000e+00 6.87066e-02
3.10547e+00 6.29377e-02 3.95215e-01 -2.80485e-01 0.00000e+00 0.00000e+00 6.67803e-02
3.13477e+00 5.57319e-02 4.07343e-01 -2.78040e-01 0.00000e+00 0.00000e+00 6.49254e-02
3.16406e+00 4.66253e-02 4.18030e-01 -2.75106e-01 0.00000e+00 0.00000e+00 6.31386e-02
3.19336e+00 3.61204e-02 4.27283e-01 -2.71691e-01 0.00000e+00 0.00000e+00 6.14167e-02
3.22266e+00 2.48444e-02 4.35089e-01 -2.67815e-01 0.00000e+00 0.00000e+00 5.97569e-02
3.25195e+00 1.33095e-02 4.41466e-01 -2.63483e-01 0.00000e+00 0.00000e+00 5.81564e-02
3.28125e+00 2.07559e-03 4.46411e-01 -2.58714e-01 0.00000e+00 0.00000e+00 5.66125e-02
3.31055e+00 -8.45272e-03 4.49950e-01 -2.53511e-01 0.00000e+00 0.00000e+00 5.51227e-02
3.33984e+00 -1.78640e-02 4.52091e-01 -2.47891e-01 0.00000e+00 0.00000e+00 5.36848e-02
3.36914e+00 -2.59127e-02 4.52868e-01 -2.41861e-01 0.00000e+00 0.00000e+00 5.22965e-02
3.39844e+00 -3.23613e-02 4.52297e-01 -2.35437e-01 0.00000e+00 0.00000e+00 5.09556e-02
3.42773e+00 -3.71297e-02 4.50416e-01 -2.28626e-01 0.00000e+00 0.00000e+00 4.96602e-02
3.45703e+00 -4.01437e-02 4.47249e-01 -2.21446e-01 0.00000e+00 0.00000e+00 4.84083e-02
3.48633e+00 -4.14668e-02 4.42840e-01 -2.13907e-01 0.00000e+00 0.00000e+00 4.71982e-02
3.51562e+00 -4.11571e-02 4.37219e-01 -2.06027e-01 0.00000e+00 0.00000e+00 4.60280e-02
3.54492e+00 -3.93849e-02 4.30434e-01 -1.97818e-01 0.00000e+00 0.00000e+00 4.48962e-02
3.57422e+00 -3.63001e-02 4.22518e-01 -1.89303e-01 0.00000e+00 0.00000e+00 4.38013e-02
3.60352e+00 -3.21392e-02 4.13524e-01 -1.80494e-01 0.00000e+00 0.00000e+00 4.27416e-02
3.63281e+00 -2.71024e-02 4.03490e-01 -1.71416e-01 0.00000e+00 0.00000e+00 4.17158e-02
3.66211e+00 -2.14528e-02 3.92471e-01 -1.62085e-01 0.00000e+00 0.00000e+00 4.07227e-02
3.69141e+00 -1.54042e-02 3.80508e-01 -1.52526e-01 0.00000e+00 0.00000e+00 3.97607e-02
3.72070e+00 -9.21323e-03 3.67657e-01 -1.42758e-01 0.00000e+00 0.00000e+00 3.88289e-02
3.75000e+00 -3.07719e-03 3.53963e-01 -1.32809e-01 0.00000e+00 0.00000e+00 3.79259e-02
3.77930e+00 2.77913e-03 3.39484e-01 -1.22699e-01 0.00000e+00 0.00000e+00 3.70507e-02
3.80859e+00 8.19666e-03 3.24266e-01 -1.12456e-01 0.00000e+00 0.00000e+00 3.62023e-02
3.83789e+00 1.29998e-02 3.08369e-01 -1.02102e-01 0.00000e+00 0.00000e+00 3.53795e-02
3.86719e+00 1.70816e-02 2.91839e-01 -9.16678e-02 0.00000e+00 0.00000e+00 3.45815e-02
3.89648e+00 2.03254e-02 2.74739e-01 -8.11750e-02 0.00000e+00 0.00000e+00 3.38074e-02
3.92578e+00 2.26832e-02 2.57115e-01 -7.06541e-02 0.00000e+00 0.00000e+00 3.30561e-02
3.95508e+00 2.41014e-02 2.39030e-01 -6.01280e-02 0.00000e+00 0.00000e+00 3.23270e-02
3.98438e+00 2.45922e-02 2.20531e-01 -4.96269e-02 0.00000e+00 0.00000e+00 3.16191e-02
4.01367e+00 2.41639e-02 2.01681e-01 -3.91736e-02 0.00000e+00 0.00000e+00 3.09317e-02
4.04297e+00 2.28870e-02 1.82529e-01 -2.87973e-02 0.00000e+00 0.00000e+00 3.02642e-02
4.07227e+00 2.08278e-02 1.63136e-01 -1.85203e-02 0.00000e+00 0.00000e+00 2.96157e-02
4.10156e+00 1.81101e-02 1.43552e-01 -8.37053e-03 0.00000e+00 0.00000e+00 2.89856e-02
4.13086e+00 1.48513e-02 1.23837e-01 1.63105e-03 0.00000e+00 0.00000e+00 2.83732e-02
4.16016e+00 1.12148e-02 1.04041e-01 1.14580e-02 0.00000e+00 0.00000e+00 2.77780e-02
4.18945e+00 7.34629e-03 8.42254e-02 2.10909e-02 0.00000e+00 0.00000e+00 2.71993e-02
4.21875e+00 3.42035e-03 6.44372e-02 3.05051e-02 0.00000e+00 0.00000e+00 2.66366e-02
4.24805e+00 -4.19946e-04 4.47364e-02 3.96830e-02 0.00000e+00 0.00000e+00 2.60893e-02
4.27734e+00 -4.01882e-03 2.51701e-02 4.86020e-02 0.00000e+00 0.00000e+00 2.55569e-02
4.30664e+00 -7.26271e-03 5.79591e-03 5.72464e-02 0.00000e+00 0.00000e+00 2.50388e-02
4.33594e+00 -1.00368e-02 -1.33406e-02 6.55956e-02 0.00000e+00 0.00000e+00 2.45347e-02
4.36523e+00 -1.22740e-02 -3.21842e-02 7.36358e-02 0.00000e+00 0.00000e+00 2.40440e-02
4.39453e+00 -1.39118e-02 -5.06915e-02 8.13487e-02 0.00000e+00 0.00000e+00 2.35664e-02
4.42383e+00 -1.49357e-02 -6.88101e-02 8.87224e-02 0.00000e+00 0.00000e+00 2.31012e-02
4.45312e+00 -1.53358e-02 -8.64995e-02 9.57408e-02 0.00000e+00 0.00000e+00 2.26483e-02
4.48242e+00 -1.51461e-02 -1.03711e-01 1.02394e-01 0.00000e+00 0.00000e+00 2.22071e-02
4.51172e+00 -1.44022e-02 -1.20406e-01 1.08668e-01 0.00000e+00 0.00000e+00 2.17773e-02
4.54102e+00 -1.31756e-02 -1.36541e-01 1.14555e-01 0.00000e+00 0.00000e+00 2.13585e-02
4.57031e+00 -1.15337e-02 -1.52082e-01 1.20044e-01 0.00000e+00 0.00000e+00 2.09504e-02
4.59961e+00 -9.57155e-03 -1.66987e-01 1.25127e-01 0.00000e+00 0.00000e+00 2.05526e-02
4.62891e+00 -7.37277e-03 -1.81228e-01 1.29797e-01 0.00000e+00 0.00000e+00 2.01648e-02
4.65820e+00 -5.04023e-03 -1.94768e-01 1.34048e-01 0.00000e+00 0.00000e+00 1.97868e-02
4.68750e+00 -2.65904e-03 -2.07582e-01 1.37873e-01 0.00000e+00 0.00000e+00 1.94181e-02
4.71680e+00 -3.25789e-04 -2.19638e-01 1.41271e-01 0.00000e+00 0.00000e+00 1.90585e-02
4.74609e+00 1.88574e-03 -2.30916e-01 1.44236e-01 0.00000e+00 0.00000e+00 1.87077e-02
4.77539e+00 3.89623e-03 -2.41390e-01 1.46769e-01 0.00000e+00 0.00000e+00 1.83655e-02
4.80469e+00 5.65249e-03 -2.51044e-01 1.48865e-01 0.00000e+00 0.00000e+00 1.80316e-02
4.83398e+00 7.09974e-03 -2.59856e-01 1.50527e-01 0.00000e+00 0.00000e+00 1.77057e-02
4.86328e+00 8.21066e-03 -2.67818e-01 1.51754e-01 0.00000e+00 0.00000e+00 1.73877e-02
4.89258e+00 8.95821e-03 -2.74911e-01 1.52551e-01 0.00000e+00 0.00000e+00 1.70772e-02
4.92188e+00 9.34230e-03 -2.81130e-01 1.52917e-01 0.00000e+00 0.00000e+00 1.67741e-02
4.95117e+00 9.36314e-03 -2.86466e-01 1.52858e-01 0.00000e+00 0.00000e+00 1.64781e-02
4.98047e+00 9.04573e-03 -2.90916e-01 1.52379e-01 0.00000e+00 0.00000e+00 1.61890e-02
5.00977e+00 8.41385e-03 -2.94476e-01 1.51486e-01 0.00000e+00 0.00000e+00 1.59066e-02
5.03906e+00 7.51266e-03 -2.97150e-01 1.50185e-01 0.00000e+00 0.00000e+00 1.56308e-02
5.06836e+00 6.38342e-03 -2.98937e-01 1.48485e-01 0.00000e+00 0.00000e+00 1.53613e-02
5.09766e+00 5.08447e-03 -2.99845e-01 1.46393e-01 0.00000e+00 0.00000e+00 1.50980e-02
5.12695e+00 3.66681e-03 -2.99880e-01 1.43922e-01 0.00000e+00 0.00000e+00 1.48406e-02
5.15625e+00 2.19367e-03 -2.99054e-01 1.41078e-01 0.00000e+00 0.00000e+00 1.45891e-02
5.18555e+00 7.17152e-04 -2.97377e-01 1.37876e-01 0.00000e+00 0.00000e+00 1.43432e-02
5.21484e+00 -7.03251e-04 -2.94866e-01 1.34326e-01 0.00000e+00 0.00000e+00 1.41028e-02
5.24414e+00 -2.02273e-03 -2.91534e-01 1.30443e-01 0.00000e+00 0.00000e+00 1.38678e-02
5.27344e+00 -3.19318e-03 -2.87404e-01 1.26239e-01 0.00000e+00 0.00000e+00 1.36379e-02
5.30273e+00 -4.18373e-03 -2.82493e-01 1.21729e-01 0.00000e+00 0.00000e+00 1.34131e-02
5.33203e+00 -4.96297e-03 -2.76826e-01 1.16928e-01 0.00000e+00 0.00000e+00 1.31933e-02
5.36133e+00 -5.51787e-03 -2.70424e-01 1.11852e-01 0.00000e+00 0.00000e+00 1.29782e-02
5.39062e+00 -5.83602e-03 -2.63318e-01 1.06517e-01 0.00000e+00 0.00000e+00 1.27677e-02
5.41992e+00 -5.92286e-03 -2.55530e-01 1.00941e-01 0.00000e+00 0.00000e+00 1.25618e-02
5.44922e+00 -5.78412e-03 -2.47095e-01 9.51387e-02 0.00000e+00 0.00000e+00 1.23603e-02
5.47852e+00 -5.44152e-03 -2.38038e-01 8.91307e-02 0.00000e+00 0.00000e+00 1.21630e-02
5.50781e+00 -4.91544e-03 -2.28396e-01 8.29332e-02 0.00000e+00 0.00000e+00 1.19700e-02
5.53711e+00 -4.23942e-03 -2.18199e-01 7.65662e-02 0.00000e+00 0.00000e+00 1.17810e-02
5.56641e+00 -3.44328e-03 -2.07484e-01 7.00468e-02 0.00000e+00 0.00000e+00 1.15959e-02
5.59570e+00 -2.56674e-03 -1.96284e-01 6.33956e-02 0.00000e+00 0.00000e+00 1.14147e-02
5.62500e+00 -1.64313e-03 -1.84638e-01 5.66303e-02 0.00000e+00 0.00000e+00 1.12373e-02
5.65430e+00 -7.12464e-04 -1.72581e-01 4.97716e-02 0.00000e+00 0.00000e+00 1.10635e-02
5.68359e+00 1.94041e-04 -1.60154e-01 4.28373e-02 0.00000e+00 0.00000e+00 1.08933e-02
5.71289e+00 1.04128e-03 -1.47393e-01 3.58484e-02 0.00000e+00 0.00000e+00 1.07266e-02
5.74219e+00 1.80479e-03 -1.34340e-01 2.88226e-02 0.00000e+00 0.00000e+00 1.05633e-02
5.77148e+00 2.45826e-03 -1.21033e-01 2.17807e-02 0.00000e+00 0.00000e+00 1.04032e-02
5.80078e+00 2.98704e-03 -1.07513e-01 1.47404e-02 0.00000e+00 0.00000e+00 1.02464e-02
5.83008e+00 3.37583e-03 -9.38183e-02 7.72193e-03 0.00000e+00 0.00000e+00 1.00927e-02
5.85938e+00 3.62115e-03 -7.99925e-02 7.42658e-04 0.00000e+00 0.00000e+00 9.94205e-03
5.88867e+00 3.71913e-03 -6.60728e-02 -6.17760e-03 0.00000e+00 0.00000e+00 9.79440e-03
5.91797e+00 3.67713e-03 -5.21023e-02 -1.30221e-02 0.00000e+00 0.00000e+00 9.64966e-03
5.94727e+00 3.50159e-03 -3.81181e-02 -1.97719e-02 0.00000e+00 0.00000e+00 9.50776e-03
5.97656e+00 3.20888e-03 -2.41626e-02 -2.64108e-02 0.00000e+00 0.00000e+00 9.36862e-03
6.00586e+00 2.81337e-03 -1.02724e-02 -3.29207e-02 0.00000e+00 0.00000e+00 9.23219e-03
6.03516e+00 2.33760e-03 3.51138e-03 -3.92865e-02 0.00000e+00 0.00000e+00 9.09839e-03
6.06445e+00 1.80072e-03 1.71533e-02 -4.54911e-02 0.00000e+00 0.00000e+00 8.96716e-03
6.09375e+00 1.22805e-03 3.06137e-02 -5.15204e-02 0.00000e+00 0.00000e+00 8.83845e-03
6.12305e+00 6.40013e-04 4.38586e-02 -5.73586e-02 0.00000e+00 0.00000e+00 8.71219e-03
6.15234e+00 6.12789e-05 5.68501e-02 -6.29927e-02 0.00000e+00 0.00000e+00 8.58832e-03
6.18164e+00 -4.89797e-04 6.95564e-02 -6.84081e-02 0.00000e+00 0.00000e+00 8.46679e-03
6.21094e+00 -9.92224e-04 8.19417e-02 -7.35934e-02 0.00000e+00 0.00000e+00 8.34754e-03
6.24023e+00 -1.43241e-03 9.39764e-02 -7.85353e-02 0.00000e+00 0.00000e+00 8.23052e-03
6.26953e+00 -1.79533e-03 1.05627e-01 -8.32238e-02 0.00000e+00 0.00000e+00 8.11568e-03
6.29883e+00 -2.07391e-03 1.16867e-01 -8.76472e-02 0.00000e+00 0.00000e+00 8.00296e-03
6.32812e+00 -2.26033e-03 1.27666e-01 -9.17970e-02 0.00000e+00 0.00000e+00 7.89232e-03
6.35742e+00 -2.35470e-03 1.37999e-01 -9.56632e-02 0.00000e+00 0.00000e+00 7.78371e-03
6.38672e+00 -2.35646e-03 1.47840e-01 -9.92389e-02 0.00000e+00 0.00000e+00 7.67709e-03
6.41602e+00 -2.27247e-03 1.57166e-01 -1.02516e-01 0.00000e+00 0.00000e+00 7.57240e-03
6.44531e+00 -2.10849e-03 1.65955e-01 -1.05488e-01 0.00000e+00 0.00000e+00 7.46961e-03
6.47461e+00 -1.87675e-03 1.74188e-01 -1.08150e-01 0.00000e+00 0.00000e+00 7.36867e-03
6.50391e+00 -1.58754e-03 1.81845e-01 -1.10498e-01 0.00000e+00 0.00000e+00 7.26954e-03
6.53320e+00 -1.25643e-03 1.88912e-01 -1.12526e-01 0.00000e+00 0.00000e+00 7.17219e-03
6.56250e+00 -8.96044e-04 1.95371e-01 -1.14234e-01 0.00000e+00 0.00000e+00 7.07656e-03
6.59180e+00 -5.22981e-04 2.01211e-01 -1.15617e-01 0.00000e+00 0.00000e+00 6.98262e-03
6.62109e+00 -1.49893e-04 2.06421e-01 -1.16677e-01 0.00000e+00 0.00000e+00 6.89034e-03
6.65039e+00 2.07808e-04 2.10991e-01 -1.17411e-01 0.00000e+00 0.00000e+00 6.79968e-03
6.67969e+00 5.39494e-04 2.14914e-01 -1.17822e-01 0.00000e+00 0.00000e+00 6.71060e-03
6.70898e+00 8.32752e-04 2.18186e-01 -1.17909e-01 0.00000e+00 0.00000e+00 6.62307e-03
6.73828e+00 1.08051e-03 2.20800e-01 -1.17677e-01 0.00000e+00 0.00000e+00 6.53706e-03
6.76758e+00 1.27454e-03 2.22758e-01 -1.17127e-01 0.00000e+00 0.00000e+00 6.45253e-03
6.79688e+00 1.41219e-03 2.24057e-01 -1.16265e-01 0.00000e+00 0.00000e+00 6.36945e-03
6.82617e+00 1.48992e-03 2.24702e-01 -1.15094e-01 0.00000e+00 0.00000e+00 6.28779e-03
6.85547e+00 1.50959e-03 2.24694e-01 -1.13621e-01 0.00000e+00 0.00000e+00 6.20753e-03
6.88477e+00 1.47212e-03 2.24041e-01 -1.11852e-01 0.00000e+00 0.00000e+00 6.12862e-03
6.91406e+00 1.38339e-03 2.22747e-01 -1.09794e-01 0.00000e+00 0.00000e+00 6.05104e-03
6.94336e+00 1.24796e-03 2.20826e-01 -1.07455e-01 0.00000e+00 0.00000e+00 5.97477e-03
6.97266e+00 1.07468e-03 2.18284e-01 -1.04843e-01 0.00000e+00 0.00000e+00 5.89977e-03
7.00195e+00 8.70532e-04 2.15136e-01 -1.01968e-01 0.00000e+00 0.00000e+00 5.82603e-03
7.03125e+00 6.45975e-04 2.11395e-01 -9.88404e-02 0.00000e+00 0.00000e+00 5.75350e-03
7.06055e+00 4.08984e-04 2.07078e-01 -9.54693e-02 0.00000e+00 0.00000e+00 5.68218e-03
7.08984e+00 1.70194e-04 2.02200e-01 -9.18670e-02 0.00000e+00 0.00000e+00 5.61203e-03
7.11914e+00 -6.28384e-05 1.96781e-01 -8.80442e-02 0.00000e+00 0.00000e+00 5.54303e-03
7.14844e+00 -2.80629e-04 1.90840e-01 -8.40140e-02 0.00000e+00 0.00000e+00 5.47516e-03
7.17773e+00 -4.77242e-04 1.84399e-01 -7.97880e-02 0.00000e+00 0.00000e+00 5.40839e-03
7.20703e+00 -6.45377e-04 1.77480e-01 -7.53803e-02 0.00000e+00 0.00000e+00 5.34270e-03
7.23633e+00 -7.81569e-04 1.70106e-01 -7.08034e-02 0.00000e+00 0.00000e+00 5.27807e-03
7.26562e+00 -8.81333e-04 1.62302e-01 -6.60720e-02 0.00000e+00 0.00000e+00 5.21448e-03
7.29492e+00 -9.44081e-04 1.54095e-01 -6.11993e-02 0.00000e+00 0.00000e+00 5.15191e-03
7.32422e+00 -9.68324e-04 1.45509e-01 -5.62007e-02 0.00000e+00 0.00000e+00 5.09033e-03
7.35352e+00 -9.56310e-04 1.36573e-01 -5.10899e-02 0.00000e+00 0.00000e+00 5.02973e-03
7.38281e+00 -9.09287e-04 1.27315e-01 -4.58827e-02 0.00000e+00 0.00000e+00 4.97009e-03
7.41211e+00 -8.31899e-04 1.17764e-01 -4.05931e-02 0.00000e+00 0.00000e+00 4.91139e-03
7.44141e+00 -7.27515e-04 1.07949e-01 -3.52372e-02 0.00000e+00 0.00000e+00 4.85361e-03
7.47070e+00 -6.02429e-04 9.79017e-02 -2.98292e-02 0.00000e+00 0.00000e+00 4.79673e-03
7.50000e+00 -4.61290e-04 8.76499e-02 -2.43853e-02 0.00000e+00 0.00000e+00 4.74074e-03
7.52930e+00 -3.11130e-04 7.72265e-02 -1.89199e-02 0.00000e+00 0.00000e+00 4.68562e-03
7.55859e+00 -1.56939e-04 6.66609e-02 -1.34489e-02 0.00000e+00 0.00000e+00 4.63134e-03
7.58789e+00 -5.56506e-06 5.59859e-02 -7.98654e-03 0.00000e+00 0.00000e+00 4.57791e-03
7.61719e+00 1.38548e-04 4.52311e-02 -2.54862e-03 0.00000e+00 0.00000e+00 4.52529e-03
7.64648e+00 2.69546e-04 3.44294e-02 2.85091e-03 0.00000e+00 0.00000e+00 4.47347e-03
7.67578e+00 3.84245e-04 2.36102e-02 8.19670e-03 0.00000e+00 0.00000e+00 4.42244e-03
7.70508e+00 4.78373e-04 1.28062e-02 1.34752e-02 0.00000e+00 0.00000e+00 4.37219e-03
7.73438e+00 5.50461e-04 2.04637e-03 1.86717e-02 0.00000e+00 0.00000e+00 4.32269e-03
7.76367e+00 5.98132e-04 -8.63737e-03 2.37731e-02 0.00000e+00 0.00000e+00 4.27394e-03
7.79297e+00 6.21793e-04 -1.92167e-02 2.87655e-02 0.00000e+00 0.00000e+00 4.22592e-03
7.82227e+00 6.20973e-04 -2.96607e-02 3.36365e-02 0.00000e+00 0.00000e+00 4.17861e-03
7.85156e+00 5.97834e-04 -3.99422e-02 3.83730e-02 0.00000e+00 0.00000e+00 4.13201e-03
7.88086e+00 5.53556e-04 -5.00315e-02 4.29634e-02 0.00000e+00 0.00000e+00 4.08610e-03
7.91016e+00 4.91691e-04 -5.99029e-02 4.73957e-02 0.00000e+00 0.00000e+00 4.04087e-03
7.93945e+00 4.14617e-04 -6.95283e-02 5.16593e-02 0.00000e+00 0.00000e+00 3.99630e-03
7.96875e+00 3.26750e-04 -7.88836e-02 5.57430e-02 0.00000e+00 0.00000e+00 3.95239e-03
7.99805e+00 2.31089e-04 -8.79425e-02 5.96375e-02 0.00000e+00 0.00000e+00 3.90911e-03
8.02734e+00 1.32320e-04 -9.66830e-02 6.33328e-02 0.00000e+00 0.00000e+00 3.86647e-03
8.05664e+00 3.34620e-05 -1.05081e-01 6.68207e-02 0.00000e+00 0.00000e+00 3.82444e-03
8.08594e+00 -6.11062e-05 -1.13116e-01 7.00923e-02 0.00000e+00 0.00000e+00 3.78302e-03
8.11523e+00 -1.48882e-04 -1.20767e-01 7.31410e-02 0.00000e+00 0.00000e+00 3.74220e-03
8.14453e+00 -2.26273e-04 -1.28017e-01 7.59590e-02 0.00000e+00 0.00000e+00 3.70196e-03
8.17383e+00 -2.91702e-04 -1.34845e-01 7.85410e-02 0.00000e+00 0.00000e+00 3.66230e-03
8.20312e+00 -3.42682e-04 -1.41236e-01 8.08808e-02 0.00000e+00 0.00000e+00 3.62320e-03
8.23242e+00 -3.78794e-04 -1.47176e-01 8.29743e-02 0.00000e+00 0.00000e+00 3.58465e-03
8.26172e+00 -3.98797e-04 -1.52650e-01 8.48167e-02 0.00000e+00 0.00000e+00 3.54665e-03
8.29102e+00 -4.03470e-04 -1.57645e-01 8.64054e-02 0.00000e+00 0.00000e+00 3.50919e-03
8.32031e+00 -3.92769e-04 -1.62152e-01 8.77370e-02 0.00000e+00 0.00000e+00 3.47225e-03
8.34961e+00 -3.68539e-04 -1.66160e-01 8.88103e-02 0.00000e+00 0.00000e+00 3.43583e-03
8.37891e+00 -3.31721e-04 -1.69663e-01 8.96235e-02 0.00000e+00 0.00000e+00 3.39991e-03
8.40820e+00 -2.84955e-04 -1.72652e-01 9.01767e-02 0.00000e+00 0.00000e+00 3.36450e-03
8.43750e+00 -2.29840e-04 -1.75124e-01 9.04697e-02 0.00000e+00 0.00000e+00 3.32957e-03
8.46680e+00 -1.69448e-04 -1.77074e-01 9.05039e-02 0.00000e+00 0.00000e+00 3.29513e-03
8.49609e+00 -1.05657e-04 -1.78501e-01 9.02804e-02 0.00000e+00 0.00000e+00 3.26116e-03
8.52539e+00 -4.15831e-05 -1.79405e-01 8.98023e-02 0.00000e+00 0.00000e+00 3.22766e-03
8.55469e+00 2.10032e-05 -1.79786e-01 8.90720e-02 0.00000e+00 0.00000e+00 3.19461e-03
8.58398e+00 7.92978e-05 -1.79646e-01 8.80938e-02 0.00000e+00 0.00000e+00 3.16201e-03
8.61328e+00 1.31962e-04 -1.78991e-01 8.68715e-02 0.00000e+00 0.00000e+00 3.12985e-03
8.64258e+00 1.76785e-04 -1.77825e-01 8.54109e-02 0.00000e+00 0.00000e+00 3.09813e-03
8.67188e+00 2.13089e-04 -1.76155e-01 8.37169e-02 0.00000e+00 0.00000e+00 3.06684e-03
8.70117e+00 2.39429e-04 -1.73988e-01 8.17965e-02 0.00000e+00 0.00000e+00 3.03596e-03
8.73047e+00 2.55898e-04 -1.71336e-01 7.96559e-02 0.00000e+00 0.00000e+00 3.00550e-03
8.75977e+00 2.61862e-04 -1.68208e-01 7.73032e-02 0.00000e+00 0.00000e+00 2.97545e-03
8.78906e+00 2.58176e-04 -1.64617e-01 7.47457e-02 0.00000e+00 0.00000e+00 2.94579e-03
8.81836e+00 2.44947e-04 -1.60575e-01 7.19925e-02 0.00000e+00 0.00000e+00 2.91653e-03
8.84766e+00 2.23669e-04 -1.56099e-01 6.90520e-02 0.00000e+00 0.00000e+00 2.88765e-03
8.87695e+00 1.95026e-04 -1.51202e-01 6.59343e-02 0.00000e+00 0.00000e+00 2.85916e-03
8.90625e+00 1.60950e-04 -1.45902e-01 6.26486e-02 0.00000e+00 0.00000e+00 2.83104e-03
8.93555e+00 1.22475e-04 -1.40217e-01 5.92057e-02 0.00000e+00 0.00000e+00 2.80328e-03
8.96484e+00 8.17253e-05 -1.34165e-01 5.56158e-02 0.00000e+00 0.00000e+00 2.77589e-03
8.99414e+00 3.98303e-05 -1.27767e-01 5.18905e-02 0.00000e+00 0.00000e+00 2.74885e-03
9.02344e+00 -1.13909e-06 -1.21042e-01 4.80403e-02 0.00000e+00 0.00000e+00 2.72216e-03
9.05273e+00 -4.01984e-05 -1.14012e-01 4.40775e-02 0.00000e+00 0.00000e+00 2.69582e-03
9.08203e+00 -7.55499e-05 -1.06699e-01 4.00134e-02 0.00000e+00 0.00000e+00 2.66981e-03
9.11133e+00 -1.06545e-04 -9.91262e-02 3.58605e-02 0.00000e+00 0.00000e+00 2.64414e-03
9.14062e+00 -1.31820e-04 -9.13167e-02 3.16304e-02 0.00000e+00 0.00000e+00 2.61880e-03
9.16992e+00 -1.51186e-04 -8.32937e-02 2.73360e-02 0.00000e+00 0.00000e+00 2.59378e-03
9.19922e+00 -1.63797e-04 -7.50824e-02 2.29893e-02 0.00000e+00 0.00000e+00 2.56908e-03
9.22852e+00 -1.69969e-04 -6.67066e-02 1.86032e-02 0.00000e+00 0.00000e+00 2.54469e-03
9.25781e+00 -1.69378e-04 -5.81922e-02 1.41898e-02 0.00000e+00 0.00000e+00 2.52061e-03
9.28711e+00 -1.62814e-04 -4.95634e-02 9.76218e-03 0.00000e+00 0.00000e+00 2.49683e-03
9.31641e+00 -1.50405e-04 -4.08468e-02 5.33227e-03 0.00000e+00 0.00000e+00 2.47335e-03
9.34570e+00 -1.33318e-04 -3.20666e-02 9.13037e-04 0.00000e+00 0.00000e+00 2.45016e-03
9.37500e+00 -1.12011e-04 -2.32495e-02 -3.48368e-03 0.00000e+00 0.00000e+00 2.42726e-03
9.40430e+00 -8.78820e-05 -1.44199e-02 -7.84520e-03 0.00000e+00 0.00000e+00 2.40465e-03
9.43359e+00 -6.15635e-05 -5.60413e-03 -1.21600e-02 0.00000e+00 0.00000e+00 2.38231e-03
9.46289e+00 -3.45237e-05 3.17370e-03 -1.64157e-02 0.00000e+00 0.00000e+00 2.36025e-03
9.49219e+00 -7.40427e-06 1.18877e-02 -2.06013e-02 0.00000e+00 0.00000e+00 2.33847e-03
9.52148e+00 1.84148e-05 2.05144e-02 -2.47049e-02 0.00000e+00 0.00000e+00 2.31695e-03
9.55078e+00 4.24297e-05 2.90286e-02 -2.87159e-02 0.00000e+00 0.00000e+00 2.29569e-03
9.58008e+00 6.34800e-05 3.74075e-02 -3.26233e-02 0.00000e+00 0.00000e+00 2.27469e-03
9.60938e+00 8.13120e-05 4.56272e-02 -3.64171e-02 0.00000e+00 0.00000e+00 2.25395e-03
9.63867e+00 9.50731e-05 5.36660e-02 -4.00868e-02 0.00000e+00 0.00000e+00 2.23346e-03
9.66797e+00 1.04824e-04 6.15011e-02 -4.36234e-02 0.00000e+00 0.00000e+00 2.21322e-03
9.69727e+00 1.10058e-04 6.91122e-02 -4.70173e-02 0.00000e+00 0.00000e+00 2.19322e-03
9.72656e+00 1.11161e-04 7.64780e-02 -5.02601e-02 0.00000e+00 0.00000e+00 2.17346e-03
9.75586e+00 1.07960e-04 8.35797e-02 -5.33432e-02 0.00000e+00 0.00000e+00 2.15394e-03
9.78516e+00 1.01129e-04 9.03977e-02 -5.62594e-02 0.00000e+00 0.00000e+00 2.13465e-03
9.81445e+00 9.07692e-05 9.69152e-02 -5.90009e-02 0.00000e+00 0.00000e+00 2.11559e-03
9.84375e+00 7.77706e-05 1.03114e-01 -6.15615e-02 0.00000e+00 0.00000e+00 2.09676e-03
9.87305e+00 6.24159e-05 1.08980e-01 -6.39346e-02 0.00000e+00 0.00000e+00 2.07815e-03
9.90234e+00 4.57123e-05 1.14497e-01 -6.61151e-02 0.00000e+00 0.00000e+00 2.05976e-03
9.93164e+00 2.80201e-05 1.19652e-01 -6.80975e-02 0.00000e+00 0.00000e+00 2.04158e-03
9.96094e+00 1.03549e-05 1.24431e-01 -6.98777e-02 0.00000e+00 0.00000e+00 2.02362e-03
9.99023e+00 -6.94981e-06 1.28825e-01 -7.14516e-02 0.00000e+00 0.00000e+00 2.00587e-03
1.00195e+01 -2.29686e-05 1.32821e-01 -7.28162e-02 0.00000e+00 0.00000e+00 1.98833e-03
1.00488e+01 -3.74849e-05 1.36413e-01 -7.39685e-02 0.00000e+00 0.00000e+00 1.97099e-03
1.00781e+01 -4.97407e-05 1.39589e-01 -7.49069e-02 0.00000e+00 0.00000e+00 1.95385e-03
1.01074e+01 -5.96993e-05 1.42346e-01 -7.56295e-02 0.00000e+00 0.00000e+00 1.93691e-03
1.01367e+01 -6.68174e-05 1.44677e-01 -7.61359e-02 0.00000e+00 0.00000e+00 1.92016e-03
1.01660e+01 -7.12690e-05 1.46577e-01 -7.64255e-02 0.00000e+00 0.00000e+00 1.90361e-03
1.01953e+01 -7.27380e-05 1.48045e-01 -7.64991e-02 0.00000e+00 0.00000e+00 1.88725e-03
1.02246e+01 -7.16059e-05 1.49078e-01 -7.63572e-02 0.00000e+00 0.00000e+00 1.87107e-03
1.02539e+01 -6.77648e-05 1.49675e-01 -7.60020e-02 0.00000e+00 0.00000e+00 1.85508e-03
1.02832e+01 -6.17702e-05 1.49838e-01 -7.54351e-02 0.00000e+00 0.00000e+00 1.83927e-03
1.03125e+01 -5.36762e-05 1.49568e-01 -7.46597e-02 0.00000e+00 0.00000e+00 1.82364e-03
1.03418e+01 -4.41570e-05 1.48869e-01 -7.36788e-02 0.00000e+00 0.00000e+00 1.80818e-03
1.03711e+01 -3.33656e-05 1.47745e-01 -7.24966e-02 0.00000e+00 0.00000e+00 1.79290e-03
1.04004e+01 -2.20268e-05 1.46203e-01 -7.11172e-02 0.00000e+00 0.00000e+00 1.77779e-03
1.04297e+01 -1.03221e-05 1.44247e-01 -6.95459e-02 0.00000e+00 0.00000e+00 1.76285e-03
1.04590e+01 1.04198e-06 1.41887e-01 -6.77879e-02 0.00000e+00 0.00000e+00 1.74808e-03
1.04883e+01 1.19219e-05 1.39132e-01 -6.58494e-02 0.00000e+00 0.00000e+00 1.73347e-03
1.05176e+01 2.16900e-05 1.35991e-01 -6.37365e-02 0.00000e+00 0.00000e+00 1.71903e-03
1.05469e+01 3.02945e-05 1.32476e-01 -6.14565e-02 0.00000e+00 0.00000e+00 1.70474e-03
1.05762e+01 3.72311e-05 1.28599e-01 -5.90164e-02 0.00000e+00 0.00000e+00 1.69061e-03
1.06055e+01 4.25742e-05 1.24372e-01 -5.64243e-02 0.00000e+00 0.00000e+00 1.67664e-03
1.06348e+01 4.59662e-05 1.19811e-01 -5.36878e-02 0.00000e+00 0.00000e+00 1.66282e-03
1.06641e+01 4.76202e-05 1.14929e-01 -5.08159e-02 0.00000e+00 0.00000e+00 1.64916e-03
1.06934e+01 4.73266e-05 1.09744e-01 -4.78170e-02 0.00000e+00 0.00000e+00 1.63564e-03
1.07227e+01 4.54280e-05 1.04270e-01 -4.47006e-02 0.00000e+00 0.00000e+00 1.62227e-03
1.07520e+01 4.18437e-05 9.85266e-02 -4.14757e-02 0.00000e+00 0.00000e+00 1.60904e-03
1.07812e+01 3.70183e-05 9.25298e-02 -3.81525e-02 0.00000e+00 0.00000e+00 1.59596e-03
1.08105e+01 3.09654e-05 8.62994e-02 -3.47403e-02 0.00000e+00 0.00000e+00 1.58302e-03
1.08398e+01 2.41920e-05 7.98537e-02 -3.12497e-02 0.00000e+00 0.00000e+00 1.57022e-03
1.08691e+01 1.67618e-05 7.32130e-02 -2.76905e-02 0.00000e+00 0.00000e+00 1.55756e-03
1.08984e+01 9.19865e-06 6.63968e-02 -2.40735e-02 0.00000e+00 0.00000e+00 1.54503e-03
1.09277e+01 1.57052e-06 5.94262e-02 -2.04089e-02 0.00000e+00 0.00000e+00 1.53264e-03
1.09570e+01 -5.62586e-06 5.23213e-02 -1.67075e-02 0.00000e+00 0.00000e+00 1.52038e-03
1.09863e+01 -1.23598e-05 4.51040e-02 -1.29798e-02 0.00000e+00 0.00000e+00 1.50825e-03
1.10156e+01 -1.81983e-05 3.77948e-02 -9.23655e-03 0.00000e+00 0.00000e+00 1.49624e-03
1.10449e+01 -2.31793e-05 3.04158e-02 -5.48821e-03 0.00000e+00 0.00000e+00 1.48437e-03
1.10742e+01 -2.69584e-05 2.29878e-02 -1.74567e-03 0.00000e+00 0.00000e+00 1.47262e-03
1.11035e+01 -2.96599e-05 1.55332e-02 1.98086e-03 0.00000e+00 0.00000e+00 1.46099e-03
1.11328e+01 -3.10383e-05 8.07278e-03 5.68062e-03 0.00000e+00 0.00000e+00 1.44949e-03
1.11621e+01 -3.13078e-05 6.28562e-04 9.34365e-03 0.00000e+00 0.00000e+00 1.43811e-03
1.11914e+01 -3.03178e-05 -6.77883e-03 1.29595e-02 0.00000e+00 0.00000e+00 1.42684e-03
1.12207e+01 -2.83619e-05 -1.41277e-02 1.65184e-02 0.00000e+00 0.00000e+00 1.41570e-03
1.12500e+01 -2.53682e-05 -2.13979e-02 2.00104e-02 0.00000e+00 0.00000e+00 1.40466e-03
1.12793e+01 -2.16882e-05 -2.85683e-02 2.34263e-02 0.00000e+00 0.00000e+00 1.39375e-03
1.13086e+01 -1.73036e-05 -3.56197e-02 2.67565e-02 0.00000e+00 0.00000e+00 1.38294e-03
1.13379e+01 -1.25961e-05 -4.25316e-02 2.99923e-02 0.00000e+00 0.00000e+00 1.37225e-03
1.13672e+01 -7.57063e-06 -4.92857e-02 3.31248e-02 0.00000e+00 0.00000e+00 1.36167e-03
1.13965e+01 -2.60931e-06 -5.58627e-02 3.61460e-02 0.00000e+00 0.00000e+00 1.35119e-03
1.14258e+01 2.28912e-06 -6.22454e-02 3.90475e-02 0.00000e+00 0.00000e+00 1.34083e-03
1.14551e+01 6.77015e-06 -6.84158e-02 4.18222e-02 0.00000e+00 0.00000e+00 1.33056e-03
1.14844e+01 1.08665e-05 -7.43579e-02 4.44624e-02 0.00000e+00 0.00000e+00 1.32041e-03
1.15137e+01 1.42729e-05 -8.00553e-02 4.69617e-02 0.00000e+00 0.00000e+00 1.31035e-03
1.15430e+01 1.70714e-05 -8.54933e-02 4.93135e-02 0.00000e+00 0.00000e+00 1.30040e-03
1.15723e+01 1.90191e-05 -9.06572e-02 5.15122e-02 0.00000e+00 0.00000e+00 1.29055e-03
1.16016e+01 2.02560e-05 -9.55342e-02 5.35519e-02 0.00000e+00 0.00000e+00 1.28080e-03
1.16309e+01 2.06049e-05 -1.00111e-01 5.54281e-02 0.00000e+00 0.00000e+00 1.27114e-03
1.16602e+01 2.02630e-05 -1.04377e-01 5.71359e-02 0.00000e+00 0.00000e+00 1.26159e-03
1.16895e+01 1.91135e-05 -1.08320e-01 5.86716e-02 0.00000e+00 0.00000e+00 1.25212e-03
1.17188e+01 1.74008e-05 -1.11932e-01 6.00315e-02 0.00000e+00 0.00000e+00 1.24276e-03
1.17480e+01 1.50555e-05 -1.15202e-01 6.12129e-02 0.00000e+00 0.00000e+00 1.23348e-03
1.17773e+01 1.23539e-05 -1.18125e-01 6.22130e-02 0.00000e+00 0.00000e+00 1.22430e-03
1.18066e+01 9.25570e-06 -1.20693e-01 6.30302e-02 0.00000e+00 0.00000e+00 1.21521e-03
1.18359e+01 6.04976e-06 -1.22901e-01 6.36628e-02 0.00000e+00 0.00000e+00 1.20621e-03
1.18652e+01 2.70504e-06 -1.24743e-01 6.41102e-02 0.00000e+00 0.00000e+00 1.19729e-03
1.18945e+01 -4.96455e-07 -1.26217e-01 6.43717e-02 0.00000e+00 0.00000e+00 1.18847e-03
1.19238e+01 -3.59538e-06 -1.27320e-01 6.44478e-02 0.00000e+00 0.00000e+00 1.17973e-03
1.19531e+01 -6.33382e-06 -1.28051e-01 6.43390e-02 0.00000e+00 0.00000e+00 1.17108e-03
1.19824e+01 -8.77720e-06 -1.28409e-01 6.40466e-02 0.00000e+00 0.00000e+00 1.16251e-03
1.20117e+01 -1.07042e-05 -1.28396e-01 6.35722e-02 0.00000e+00 0.00000e+00 1.15402e-03
1.20410e+01 -1.22148e-05 -1.28012e-01 6.29182e-02 0.00000e+00 0.00000e+00 1.14562e-03
1.20703e+01 -1.31309e-05 -1.27262e-01 6.20872e-02 0.00000e+00 0.00000e+00 1.13730e-03
1.20996e+01 -1.35905e-05 -1.26148e-01 6.10825e-02 0.00000e+00 0.00000e+00 1.12906e-03
1.21289e+01 -1.34587e-05 -1.24677e-01 5.99076e-02 0.00000e+00 0.00000e+00 1.12090e-03
1.21582e+01 -1.29092e-05 -1.22853e-01 5.85669e-02 0.00000e+00 0.00000e+00 1.11281e-03
1.21875e+01 -1.18449e-05 -1.20684e-01 5.70648e-02 0.00000e+00 0.00000e+00 1.10481e-03
1.22168e+01 -1.04669e-05 -1.18177e-01 5.54065e-02 0.00000e+00 0.00000e+00 1.09688e-03
1.22461e+01 -8.70621e-06 -1.15343e-01 5.35972e-02 0.00000e+00 0.00000e+00 1.08902e-03
1.22754e+01 -6.78026e-06 -1.12189e-01 5.16431e-02 0.00000e+00 0.00000e+00 1.08124e-03
1.23047e+01 -4.63529e-06 -1.08727e-01 4.95501e-02 0.00000e+00 0.00000e+00 1.07354e-03
1.23340e+01 -2.49211e-06 -1.04968e-01 4.73251e-02 0.00000e+00 0.00000e+00 1.06591e-03
1.23633e+01 -2.99209e-07 -1.00924e-01 4.49747e-02 0.00000e+00 0.00000e+00 1.05835e-03
1.23926e+01 1.73179e-06 -9.66088e-02 4.25064e-02 0.00000e+00 0.00000e+00 1.05086e-03
1.24219e+01 3.66194e-06 -9.20356e-02 3.99276e-02 0.00000e+00 0.00000e+00 1.04344e-03
1.24512e+01 5.29922e-06 -8.72185e-02 3.72464e-02 0.00000e+00 0.00000e+00 1.03609e-03
1.24805e+01 6.72316e-06 -8.21728e-02 3.44706e-02 0.00000e+00 0.00000e+00 1.02882e-03
1.25098e+01 7.76829e-06 -7.69138e-02 3.16088e-02 0.00000e+00 0.00000e+00 1.02160e-03
1.25391e+01 8.53771e-06 -7.14579e-02 2.86691e-02 0.00000e+00 0.00000e+00 1.01446e-03
1.25684e+01 8.89542e-06 -6.58213e-02 2.56607e-02 0.00000e+00 0.00000e+00 1.00738e-03
1.25977e+01 8.96901e-06 -6.00214e-02 2.25921e-02 0.00000e+00 0.00000e+00 1.00037e-03
1.26270e+01 8.65069e-06 -5.40753e-02 1.94726e-02 0.00000e+00 0.00000e+00 9.93423e-04
1.26562e+01 8.08958e-06 -4.80011e-02 1.63109e-02 0.00000e+00 0.00000e+00 9.86540e-04
1.26855e+01 7.20138e-06 -4.18164e-02 1.31166e-02 0.00000e+00 0.00000e+00 9.79721e-04
1.27148e+01 6.15065e-06 -3.55399e-02 9.89862e-03 0.00000e+00 0.00000e+00 9.72964e-04
1.27441e+01 4.86925e-06 -2.91896e-02 6.66640e-03 0.00000e+00 0.00000e+00 9.66270e-04
1.27734e+01 3.52922e-06 -2.27846e-02 3.42898e-03 0.00000e+00 0.00000e+00 9.59636e-04
1.28027e+01 2.07004e-06 -1.63430e-02 1.95835e-04 0.00000e+00 0.00000e+00 9.53063e-04
1.28320e+01 6.62602e-07 -9.88389e-03 -3.02412e-03 0.00000e+00 0.00000e+00 9.46550e-04
1.28613e+01 -7.54495e-07 -3.42552e-03 -6.22154e-03 0.00000e+00 0.00000e+00 9.40097e-04
1.28906e+01 -2.01939e-06 3.01312e-03 -9.38770e-03 0.00000e+00 0.00000e+00 9.33702e-04
1.29199e+01 -3.20164e-06 9.41412e-03 -1.25135e-02 0.00000e+00 0.00000e+00 9.27364e-04
1.29492e+01 -4.15457e-06 1.57588e-02 -1.55904e-02 0.00000e+00 0.00000e+00 9.21084e-04
1.29785e+01 -4.96099e-06 2.20296e-02 -1.86098e-02 0.00000e+00 0.00000e+00 9.14861e-04
1.30078e+01 -5.49314e-06 2.82085e-02 -2.15634e-02 0.00000e+00 0.00000e+00 9.08693e-04
1.30371e+01 -5.84951e-06 3.42785e-02 -2.44430e-02 0.00000e+00 0.00000e+00 9.02581e-04
1.30664e+01 -5.92224e-06 4.02223e-02 -2.72410e-02 0.00000e+00 0.00000e+00 8.96523e-04
1.30957e+01 -5.82519e-06 4.60239e-02 -2.99494e-02 0.00000e+00 0.00000e+00 8.90520e-04
1.31250e+01 -5.46873e-06 5.16666e-02 -3.25613e-02 0.00000e+00 0.00000e+00 8.84570e-04
1.31543e+01 -4.97938e-06 5.71355e-02 -3.50694e-02 0.00000e+00 0.00000e+00 8.78673e-04
1.31836e+01 -4.28192e-06 6.24152e-02 -3.74673e-02 0.00000e+00 0.00000e+00 8.72828e-04
1.32129e+01 -3.51100e-06 6.74919e-02 -3.97483e-02 0.00000e+00 0.00000e+00 8.67035e-04
1.32422e+01 -2.60062e-06 7.23513e-02 -4.19068e-02 0.00000e+00 0.00000e+00 8.61293e-04
1.32715e+01 -1.68804e-06 7.69810e-02 -4.39369e-02 0.00000e+00 0.00000e+00 8.55601e-04
1.33008e+01 -7.10706e-07 8.13682e-02 -4.58336e-02 0.00000e+00 0.00000e+00 8.49960e-04
1.33301e+01 1.97094e-07 8.55018e-02 -4.75919e-02 0.00000e+00 0.00000e+00 8.44368e-04
1.33594e+01 1.09990e-06 8.93706e-02 -4.92076e-02 0.00000e+00 0.00000e+00 8.38825e-04
1.33887e+01 1.87130e-06 9.29652e-02 -5.06765e-02 0.00000e+00 0.00000e+00 8.33331e-04
1.34180e+01 2.58221e-06 9.62759e-02 -5.19952e-02 0.00000e+00 0.00000e+00 8.27884e-04
1.34473e+01 3.11765e-06 9.92949e-02 -5.31605e-02 0.00000e+00 0.00000e+00 8.22485e-04
1.34766e+01 3.55769e-06 1.02014e-01 -5.41699e-02 0.00000e+00 0.00000e+00 8.17133e-04
1.35059e+01 3.80066e-06 1.04428e-01 -5.50209e-02 0.00000e+00 0.00000e+00 8.11827e-04
1.35352e+01 3.93679e-06 1.06530e-01 -5.57121e-02 0.00000e+00 0.00000e+00 8.06566e-04
1.35645e+01 3.87771e-06 1.08317e-01 -5.62420e-02 0.00000e+00 0.00000e+00 8.01352e-04
1.35938e+01 3.72305e-06 1.09783e-01 -5.66099e-02 0.00000e+00 0.00000e+00 7.96182e-04
1.36230e+01 3.39611e-06 1.10926e-01 -5.68152e-02 0.00000e+00 0.00000e+00 7.91056e-04
1.36523e+01 3.00365e-06 1.11745e-01 -5.68583e-02 0.00000e+00 0.00000e+00 7.85974e-04
1.36816e+01 2.47777e-06 1.12239e-01 -5.67396e-02 0.00000e+00 0.00000e+00 7.80936e-04
1.37109e+01 1.92908e-06 1.12406e-01 -5.64602e-02 0.00000e+00 0.00000e+00 7.75941e-04
1.37402e+01 1.29480e-06 1.12249e-01 -5.60214e-02 0.00000e+00 0.00000e+00 7.70988e-04
1.37695e+01 6.85669e-07 1.11769e-01 -5.54254e-02 0.00000e+00 0.00000e+00 7.66077e-04
1.37988e+01 4.02479e-08 1.10969e-01 -5.46742e-02 0.00000e+00 0.00000e+00 7.61208e-04
1.38281e+01 -5.34191e-07 1.09853e-01 -5.37709e-02 0.00000e+00 0.00000e+00 7.56380e-04
1.38574e+01 -1.10118e-06 1.08425e-01 -5.27186e-02 0.00000e+00 0.00000e+00 7.51593e-04
1.38867e+01 -1.55991e-06 1.06690e-01 -5.15209e-02 0.00000e+00 0.00000e+00 7.46846e-04
1.39160e+01 -1.97856e-06 1.04655e-01 -5.01817e-02 0.00000e+00 0.00000e+00 7.42139e-04
1.39453e+01 -2.26475e-06 1.02326e-01 -4.87056e-02 0.00000e+00 0.00000e+00 7.37472e-04
1.39746e+01 -2.49281e-06 9.97129e-02 -4.70972e-02 0.00000e+00 0.00000e+00 7.32843e-04
1.40039e+01 -2.57959e-06 9.68229e-02 -4.53618e-02 0.00000e+00 0.00000e+00 7.28253e-04
1.40332e+01 -2.60583e-06 9.36661e-02 -4.35046e-02 0.00000e+00 0.00000e+00 7.23702e-04
1.40625e+01 -2.49722e-06 9.02522e-02 -4.15317e-02 0.00000e+00 0.00000e+00 7.19188e-04
1.40918e+01 -2.34001e-06 8.65926e-02 -3.94490e-02 0.00000e+00 0.00000e+00 7.14712e-04
1.41211e+01 -2.06736e-06 8.26984e-02 -3.72629e-02 0.00000e+00 0.00000e+00 7.10272e-04
1.41504e+01 -1.76928e-06 7.85821e-02 -3.49800e-02 0.00000e+00 0.00000e+00 7.05870e-04
1.41797e+01 -1.38424e-06 7.42561e-02 -3.26074e-02 0.00000e+00 0.00000e+00 7.01504e-04
1.42090e+01 -1.00370e-06 6.97341e-02 -3.01520e-02 0.00000e+00 0.00000e+00 6.97174e-04
1.42383e+01 -5.68925e-07 6.50295e-02 -2.76212e-02 0.00000e+00 0.00000e+00 6.92879e-04
1.42676e+01 -1.70377e-07 6.01570e-02 -2.50225e-02 0.00000e+00 0.00000e+00 6.88619e-04
1.42969e+01 2.50350e-07 5.51308e-02 -2.23637e-02 0.00000e+00 0.00000e+00 6.84395e-04
1.43262e+01 6.06107e-07 4.99665e-02 -1.96524e-02 0.00000e+00 0.00000e+00 6.80205e-04
1.43555e+01 9.57070e-07 4.46790e-02 -1.68967e-02 0.00000e+00 0.00000e+00 6.76049e-04
1.43848e+01 1.22116e-06 3.92844e-02 -1.41045e-02 0.00000e+00 0.00000e+00 6.71926e-04
1.44141e+01 1.46181e-06 3.37984e-02 -1.12841e-02 0.00000e+00 0.00000e+00 6.67837e-04
1.44434e+01 1.60307e-06 2.82373e-02 -8.44338e-03 0.00000e+00 0.00000e+00 6.63782e-04
1.44727e+01 1.71232e-06 2.26172e-02 -5.59075e-03 0.00000e+00 0.00000e+00 6.59759e-04
1.45020e+01 1.72000e-06 1.69548e-02 -2.73420e-03 0.00000e+00 0.00000e+00 6.55768e-04
1.45312e+01 1.69737e-06 1.12662e-02 1.17952e-04 0.00000e+00 0.00000e+00 6.51810e-04
1.45605e+01 1.58072e-06 5.56814e-03 2.95777e-03 0.00000e+00 0.00000e+00 6.47884e-04
1.45898e+01 1.44441e-06 -1.23249e-04 5.77703e-03 0.00000e+00 0.00000e+00 6.43988e-04
1.46191e+01 1.22947e-06 -5.79130e-03 8.56796e-03 0.00000e+00 0.00000e+00 6.40125e-04
1.46484e+01 1.01201e-06 -1.14202e-02 1.13226e-02 0.00000e+00 0.00000e+00 6.36291e-04
1.46777e+01 7.36284e-07 -1.69934e-02 1.40333e-02 0.00000e+00 0.00000e+00 6.32489e-04
1.47070e+01 4.78567e-07 -2.24957e-02 1.66924e-02 0.00000e+00 0.00000e+00 6.28717e-04
1.47363e+01 1.84637e-07 -2.79111e-02 1.92927e-02 0.00000e+00 0.00000e+00 6.24974e-04
1.47656e+01 -7.06850e-08 -3.32247e-02 2.18269e-02 0.00000e+00 0.00000e+00 6.21262e-04
1.47949e+01 -3.41684e-07 -3.84213e-02 2.42881e-02 0.00000e+00 0.00000e+00 6.17578e-04
1.48242e+01 -5.56406e-07 -4.34867e-02 2.66695e-02 0.00000e+00 0.00000e+00 6.13924e-04
1.48535e+01 -7.70476e-07 -4.84067e-02 2.89648e-02 0.00000e+00 0.00000e+00 6.10298e-04
1.48828e+01 -9.15827e-07 -5.31679e-02 3.11675e-02 0.00000e+00 0.00000e+00 6.06701e-04
1.49121e+01 -1.05024e-06 -5.77570e-02 3.32720e-02 0.00000e+00 0.00000e+00 6.03133e-04
1.49414e+01 -1.11007e-06 -6.21617e-02 3.52724e-02 0.00000e+00 0.00000e+00 5.99592e-04
1.49707e+01 -1.15552e-06 -6.63698e-02 3.71637e-02 0.00000e+00 0.00000e+00 5.96078e-04
1.50000e+01 -1.12735e-06 -7.03703e-02 3.89406e-02 0.00000e+00 0.00000e+00 5.92593e-04
1.50293e+01 -1.08801e-06 -7.41522e-02 4.05988e-02 0.00000e+00 0.00000e+00 5.89134e-04
1.50586e+01 -9.82118e-07 -7.77057e-02 4.21337e-02 0.00000e+00 0.00000e+00 5.85702e-04
1.50879e+01 -8.73712e-07 -8.10213e-02 4.35418e-02 0.00000e+00 0.00000e+00 5.82297e-04
1.51172e+01 -7.10450e-07 -8.40906e-02 4.48192e-02 0.00000e+00 0.00000e+00 5.78918e-04
1.51465e+01 -5.56977e-07 -8.69054e-02 4.59630e-02 0.00000e+00 0.00000e+00 5.75565e-04
1.51758e+01 -3.62914e-07 -8.94590e-02 4.69702e-02 0.00000e+00 0.00000e+00 5.72238e-04
1.52051e+01 -1.92438e-07 -9.17447e-02 4.78388e-02 0.00000e+00 0.00000e+00 5.68937e-04
1.52344e+01 3.98730e-09 -9.37573e-02 4.85666e-02 0.00000e+00 0.00000e+00 5.65661e-04
1.52637e+01 1.63696e-07 -9.54916e-02 4.91522e-02 0.00000e+00 0.00000e+00 5.62410e-04
1.52930e+01 3.36387e-07 -9.69442e-02 4.95943e-02 0.00000e+00 0.00000e+00 5.59184e-04
1.53223e+01 4.61762e-07 -9.81116e-02 4.98924e-02 0.00000e+00 0.00000e+00 5.55982e-04
1.53516e+01 5.90437e-07 -9.89919e-02 5.00460e-02 0.00000e+00 0.00000e+00 5.52805e-04
1.53809e+01 6.65048e-07 -9.95832e-02 5.00554e-02 0.00000e+00 0.00000e+00 5.49652e-04
1.54102e+01 7.37562e-07 -9.98853e-02 4.99210e-02 0.00000e+00 0.00000e+00 5.46524e-04
1.54395e+01 7.53770e-07 -9.98982e-02 4.96437e-02 0.00000e+00 0.00000e+00 5.43418e-04
1.54688e+01 7.67063e-07 -9.96232e-02 4.92249e-02 0.00000e+00 0.00000e+00 5.40337e-04
1.54980e+01 7.26260e-07 -9.90618e-02 4.86664e-02 0.00000e+00 0.00000e+00 5.37278e-04
1.55273e+01 6.85927e-07 -9.82171e-02 4.79702e-02 0.00000e+00 0.00000e+00 5.34243e-04
1.55566e+01 5.97484e-07 -9.70923e-02 4.71388e-02 0.00000e+00 0.00000e+00 5.31230e-04
1.55859e+01 5.16159e-07 -9.56919e-02 4.61752e-02 0.00000e+00 0.00000e+00 5.28240e-04
1.56152e+01 3.95335e-07 -9.40207e-02 4.50825e-02 0.00000e+00 0.00000e+00 5.25272e-04
1.56445e+01 2.90231e-07 -9.20849e-02 4.38644e-02 0.00000e+00 0.00000e+00 5.22327e-04
1.56738e+01 1.55454e-07 -8.98907e-02 4.25249e-02 0.00000e+00 0.00000e+00 5.19403e-04
1.57031e+01 4.54915e-08 -8.74456e-02 4.10681e-02 0.00000e+00 0.00000e+00 5.16502e-04
1.57324e+01 -8.45558e-08 -8.47574e-02 3.94987e-02 0.00000e+00 0.00000e+00 5.13622e-04
1.57617e+01 -1.81593e-07 -8.18350e-02 3.78216e-02 0.00000e+00 0.00000e+00 5.10763e-04
1.57910e+01 -2.90647e-07 -7.86873e-02 3.60420e-02 0.00000e+00 0.00000e+00 5.07925e-04
1.58203e+01 -3.60521e-07 -7.53245e-02 3.41653e-02 0.00000e+00 0.00000e+00 5.05109e-04
1.58496e+01 -4.36811e-07 -7.17569e-02 3.21974e-02 0.00000e+00 0.00000e+00 5.02313e-04
1.58789e+01 -4.70514e-07 -6.79957e-02 3.01440e-02 0.00000e+00 0.00000e+00 4.99538e-04
1.59082e+01 -5.08003e-07 -6.40522e-02 2.80114e-02 0.00000e+00 0.00000e+00 4.96783e-04
1.59375e+01 -5.02535e-07 -5.99386e-02 2.58060e-02 0.00000e+00 0.00000e+00 4.94048e-04
1.59668e+01 -5.01232e-07 -5.56671e-02 2.35344e-02 0.00000e+00 0.00000e+00 4.91334e-04
1.59961e+01 -4.59454e-07 -5.12510e-02 2.12032e-02 0.00000e+00 0.00000e+00 4.88639e-04
1.60254e+01 -4.24843e-07 -4.67031e-02 1.88194e-02 0.00000e+00 0.00000e+00 4.85964e-04
1.60547e+01 -3.54516e-07 -4.20372e-02 1.63900e-02 0.00000e+00 0.00000e+00 4.83308e-04
1.60840e+01 -2.96254e-07 -3.72670e-02 1.39220e-02 0.00000e+00 0.00000e+00 4.80672e-04
1.61133e+01 -2.08474e-07 -3.24069e-02 1.14227e-02 0.00000e+00 0.00000e+00 4.78055e-04
1.61426e+01 -1.38632e-07 -2.74708e-02 8.89934e-03 0.00000e+00 0.00000e+00 4.75457e-04
1.61719e+01 -4.59420e-08 -2.24735e-02 6.35913e-03 0.00000e+00 0.00000e+00 4.72878e-04
1.62012e+01 2.29382e-08 -1.74294e-02 3.80953e-03 0.00000e+00 0.00000e+00 4.70317e-04
1.62305e+01 1.08466e-07 -1.23534e-02 1.25771e-03 0.00000e+00 0.00000e+00 4.67775e-04
1.62598e+01 1.65189e-07 -7.25990e-03 -1.28889e-03 0.00000e+00 0.00000e+00 4.65251e-04
1.62891e+01 2.33617e-07 -2.16392e-03 -3.82313e-03 0.00000e+00 0.00000e+00 4.62745e-04
1.63184e+01 2.69796e-07 2.92012e-03 -6.33769e-03 0.00000e+00 0.00000e+00 4.60257e-04
1.63477e+01 3.14531e-07 7.97739e-03 -8.82558e-03 0.00000e+00 0.00000e+00 4.57787e-04
1.63770e+01 3.25508e-07 1.29937e-02 -1.12797e-02 0.00000e+00 0.00000e+00 4.55335e-04
1.64062e+01 3.43916e-07 1.79545e-02 -1.36932e-02 0.00000e+00 0.00000e+00 4.52900e-04
1.64355e+01 3.29067e-07 2.28460e-02 -1.60592e-02 0.00000e+00 0.00000e+00 4.50482e-04
1.64648e+01 3.22473e-07 2.76540e-02 -1.83713e-02 0.00000e+00 0.00000e+00 4.48082e-04
1.64941e+01 2.84918e-07 3.23654e-02 -2.06229e-02 0.00000e+00 0.00000e+00 4.45698e-04
1.65234e+01 2.58043e-07 3.69666e-02 -2.28079e-02 0.00000e+00 0.00000e+00 4.43332e-04
1.65527e+01 2.03846e-07 4.14451e-02 -2.49202e-02 0.00000e+00 0.00000e+00 4.40982e-04
1.65820e+01 1.63819e-07 4.57881e-02 -2.69542e-02 0.00000e+00 0.00000e+00 4.38649e-04
1.66113e+01 1.00849e-07 4.99839e-02 -2.89041e-02 0.00000e+00 0.00000e+00 4.36332e-04
1.66406e+01 5.59671e-08 5.40207e-02 -3.07648e-02 0.00000e+00 0.00000e+00 4.34031e-04
1.66699e+01 -7.38646e-09 5.78876e-02 -3.25311e-02 0.00000e+00 0.00000e+00 4.31747e-04
1.66992e+01 -4.89436e-08 6.15739e-02 -3.41985e-02 0.00000e+00 0.00000e+00 4.29479e-04
1.67285e+01 -1.05010e-07 6.50699e-02 -3.57625e-02 0.00000e+00 0.00000e+00 4.27226e-04
1.67578e+01 -1.36328e-07 6.83660e-02 -3.72190e-02 0.00000e+00 0.00000e+00 4.24989e-04
1.67871e+01 -1.79175e-07 7.14535e-02 -3.85641e-02 0.00000e+00 0.00000e+00 4.22768e-04
1.68164e+01 -1.95465e-07 7.43241e-02 -3.97944e-02 0.00000e+00 0.00000e+00 4.20562e-04
1.68457e+01 -2.21576e-07 7.69705e-02 -4.09068e-02 0.00000e+00 0.00000e+00 4.18372e-04
1.68750e+01 -2.20650e-07 7.93857e-02 -4.18986e-02 0.00000e+00 0.00000e+00 4.16197e-04
1.69043e+01 -2.29193e-07 8.15637e-02 -4.27672e-02 0.00000e+00 0.00000e+00 4.14037e-04
1.69336e+01 -2.11531e-07 8.34989e-02 -4.35107e-02 0.00000e+00 0.00000e+00 4.11891e-04
1.69629e+01 -2.04224e-07 8.51867e-02 -4.41272e-02 0.00000e+00 0.00000e+00 4.09761e-04
1.69922e+01 -1.72651e-07 8.66229e-02 -4.46157e-02 0.00000e+00 0.00000e+00 4.07645e-04
1.70215e+01 -1.53279e-07 8.78046e-02 -4.49749e-02 0.00000e+00 0.00000e+00 4.05544e-04
1.70508e+01 -1.12344e-07 8.87289e-02 -4.52044e-02 0.00000e+00 0.00000e+00 4.03457e-04
1.70801e+01 -8.60248e-08 8.93942e-02 -4.53039e-02 0.00000e+00 0.00000e+00 4.01384e-04
1.71094e+01 -4.11914e-08 8.97994e-02 -4.52737e-02 0.00000e+00 0.00000e+00 3.99326e-04
1.71387e+01 -1.35271e-08 8.99444e-02 -4.51141e-02 0.00000e+00 0.00000e+00 3.97282e-04
1.71680e+01 2.96852e-08 8.98295e-02 -4.48262e-02 0.00000e+00 0.00000e+00 3.95251e-04
1.71973e+01 5.34490e-08 8.94560e-02 -4.44111e-02 0.00000e+00 0.00000e+00 3.93235e-04
1.72266e+01 9.02548e-08 8.88257e-02 -4.38705e-02 0.00000e+00 0.00000e+00 3.91232e-04
1.72559e+01 1.05938e-07 8.79415e-02 -4.32064e-02 0.00000e+00 0.00000e+00 3.89242e-04
1.72852e+01 1.32894e-07 8.68066e-02 -4.24211e-02 0.00000e+00 0.00000e+00 3.87267e-04
1.73145e+01 1.37873e-07 8.54253e-02 -4.15171e-02 0.00000e+00 0.00000e+00 3.85304e-04
1.73438e+01 1.53241e-07 8.38023e-02 -4.04976e-02 0.00000e+00 0.00000e+00 3.83355e-04
1.73730e+01 1.46675e-07 8.19432e-02 -3.93658e-02 0.00000e+00 0.00000e+00 3.81419e-04
1.74023e+01 1.50506e-07 7.98540e-02 -3.81253e-02 0.00000e+00 0.00000e+00 3.79496e-04
1.74316e+01 1.33286e-07 7.75416e-02 -3.67800e-02 0.00000e+00 0.00000e+00 3.77585e-04
1.74609e+01 1.27245e-07 7.50132e-02 -3.53342e-02 0.00000e+00 0.00000e+00 3.75688e-04
1.74902e+01 1.01705e-07 7.22772e-02 -3.37923e-02 0.00000e+00 0.00000e+00 3.73803e-04
1.75195e+01 8.86843e-08 6.93417e-02 -3.21590e-02 0.00000e+00 0.00000e+00 3.71931e-04
1.75488e+01 5.81326e-08 6.62162e-02 -3.04392e-02 0.00000e+00 0.00000e+00 3.70071e-04
1.75781e+01 4.17247e-08 6.29101e-02 -2.86384e-02 0.00000e+00 0.00000e+00 3.68224e-04
1.76074e+01 9.88532e-09 5.94336e-02 -2.67617e-02 0.00000e+00 0.00000e+00 3.66389e-04
1.76367e+01 -6.19144e-09 5.57972e-02 -2.48149e-02 0.00000e+00 0.00000e+00 3.64566e-04
1.76660e+01 -3.57482e-08 5.20121e-02 -2.28037e-02 0.00000e+00 0.00000e+00 3.62756e-04
1.76953e+01 -4.81881e-08 4.80894e-02 -2.07342e-02 0.00000e+00 0.00000e+00 3.60957e-04
1.77246e+01 -7.25365e-08 4.40411e-02 -1.86123e-02 0.00000e+00 0.00000e+00 3.59170e-04
1.77539e+01 -7.88760e-08 3.98791e-02 -1.64445e-02 0.00000e+00 0.00000e+00 3.57395e-04
1.77832e+01 -9.60895e-08 3.56159e-02 -1.42369e-02 0.00000e+00 0.00000e+00 3.55631e-04
1.78125e+01 -9.49768e-08 3.12638e-02 -1.19962e-02 0.00000e+00 0.00000e+00 3.53879e-04
1.78418e+01 -1.04307e-07 2.68361e-02 -9.72868e-03 0.00000e+00 0.00000e+00 3.52139e-04
1.78711e+01 -9.55887e-08 2.23453e-02 -7.44110e-03 0.00000e+00 0.00000e+00 3.50410e-04
1.79004e+01 -9.74605e-08 1.78049e-02 -5.13994e-03 0.00000e+00 0.00000e+00 3.48692e-04
1.79297e+01 -8.20904e-08 1.32279e-02 -2.83193e-03 0.00000e+00 0.00000e+00 3.46986e-04
1.79590e+01 -7.79320e-08 8.62784e-03 -5.23612e-04 0.00000e+00 0.00000e+00 3.45291e-04
1.79883e+01 -5.77312e-08 4.01774e-03 1.77832e-03 0.00000e+00 0.00000e+00 3.43606e-04
1.80176e+01 -4.96772e-08 -5.88854e-04 4.06739e-03 0.00000e+00 0.00000e+00 3.41933e-04
1.80469e+01 -2.69940e-08 -5.17889e-03 6.33700e-03 0.00000e+00 0.00000e+00 3.40270e-04
1.80762e+01 -1.75165e-08 -9.73902e-03 8.58081e-03 0.00000e+00 0.00000e+00 3.38618e-04
1.81055e+01 5.15605e-09 -1.42564e-02 1.07924e-02 0.00000e+00 0.00000e+00 3.36977e-04
1.81348e+01 1.36293e-08 -1.87180e-02 1.29656e-02 0.00000e+00 0.00000e+00 3.35347e-04
1.81641e+01 3.40208e-08 -2.31113e-02 1.50942e-02 0.00000e+00 0.00000e+00 3.33727e-04
1.81934e+01 3.94463e-08 -2.74237e-02 1.71725e-02 0.00000e+00 0.00000e+00 3.32117e-04
1.82227e+01 5.58099e-08 -3.16432e-02 1.91944e-02 0.00000e+00 0.00000e+00 3.30518e-04
1.82520e+01 5.67817e-08 -3.57579e-02 2.11545e-02 0.00000e+00 0.00000e+00 3.28929e-04
1.82812e+01 6.80928e-08 -3.97563e-02 2.30473e-02 0.00000e+00 0.00000e+00 3.27350e-04
1.83105e+01 6.39814e-08 -4.36272e-02 2.48677e-02 0.00000e+00 0.00000e+00 3.25781e-04
1.83398e+01 7.00154e-08 -4.73600e-02 2.66106e-02 0.00000e+00 0.00000e+00 3.24222e-04
1.83691e+01 6.09838e-08 -5.09443e-02 2.82713e-02 0.00000e+00 0.00000e+00 3.22674e-04
1.83984e+01 6.22725e-08 -5.43703e-02 2.98453e-02 0.00000e+00 0.00000e+00 3.21135e-04
1.84277e+01 4.91788e-08 -5.76285e-02 3.13284e-02 0.00000e+00 0.00000e+00 3.19605e-04
1.84570e+01 4.68643e-08 -6.07102e-02 3.27166e-02 0.00000e+00 0.00000e+00 3.18086e-04
1.84863e+01 3.10739e-08 -6.36070e-02 3.40063e-02 0.00000e+00 0.00000e+00 3.16576e-04
1.85156e+01 2.66898e-08 -6.63113e-02 3.51939e-02 0.00000e+00 0.00000e+00 3.15076e-04
1.85449e+01 9.83442e-09 -6.88157e-02 3.62767e-02 0.00000e+00 0.00000e+00 3.13585e-04
1.85742e+01 5.05126e-09 -7.11139e-02 3.72516e-02 0.00000e+00 0.00000e+00 3.12103e-04
1.86035e+01 -1.12277e-08 -7.31996e-02 3.81163e-02 0.00000e+00 0.00000e+00 3.10631e-04
1.86328e+01 -1.48515e-08 -7.50678e-02 3.88685e-02 0.00000e+00 0.00000e+00 3.09168e-04
1.86621e+01 -2.91367e-08 -7.67135e-02 3.95067e-02 0.00000e+00 0.00000e+00 3.07714e-04
1.86914e+01 -3.03651e-08 -7.81329e-02 4.00292e-02 0.00000e+00 0.00000e+00 3.06270e-04
1.87207e+01 -4.16436e-08 -7.93225e-02 4.04349e-02 0.00000e+00 0.00000e+00 3.04834e-04
1.87500e+01 -3.97078e-08 -8.02796e-02 4.07230e-02 0.00000e+00 0.00000e+00 3.03407e-04
1.87793e+01 -4.74763e-08 -8.10021e-02 4.08931e-02 0.00000e+00 0.00000e+00 3.01990e-04
1.88086e+01 -4.21397e-08 -8.14889e-02 4.09451e-02 0.00000e+00 0.00000e+00 3.00581e-04
1.88379e+01 -4.64288e-08 -8.17391e-02 4.08791e-02 0.00000e+00 0.00000e+00 2.99180e-04
1.88672e+01 -3.79703e-08 -8.17528e-02 4.06957e-02 0.00000e+00 0.00000e+00 2.97789e-04
1.88965e+01 -3.92897e-08 -8.15306e-02 4.03959e-02 0.00000e+00 0.00000e+00 2.96406e-04
1.89258e+01 -2.84156e-08 -8.10741e-02 3.99808e-02 0.00000e+00 0.00000e+00 2.95032e-04
1.89551e+01 -2.76374e-08 -8.03850e-02 3.94520e-02 0.00000e+00 0.00000e+00 2.93666e-04
1.89844e+01 -1.53412e-08 -7.94664e-02 3.88112e-02 0.00000e+00 0.00000e+00 2.92308e-04
1.90137e+01 -1.35424e-08 -7.83213e-02 3.80609e-02 0.00000e+00 0.00000e+00 2.90959e-04
1.90430e+01 -9.36425e-10 -7.69539e-02 3.72033e-02 0.00000e+00 0.00000e+00 2.89618e-04
1.90723e+01 7.72926e-10 -7.53687e-02 3.62413e-02 0.00000e+00 0.00000e+00 2.88286e-04
1.91016e+01 1.26260e-08 -7.35711e-02 3.51780e-02 0.00000e+00 0.00000e+00 2.86961e-04
1.91309e+01 1.32632e-08 -7.15667e-02 3.40168e-02 0.00000e+00 0.00000e+00 2.85645e-04
1.91602e+01 2.34969e-08 -6.93621e-02 3.27611e-02 0.00000e+00 0.00000e+00 2.84337e-04
1.91895e+01 2.23335e-08 -6.69641e-02 3.14151e-02 0.00000e+00 0.00000e+00 2.83036e-04
1.92188e+01 3.03820e-08 -6.43804e-02 2.99826e-02 0.00000e+00 0.00000e+00 2.81744e-04
1.92480e+01 2.70234e-08 -6.16188e-02 2.84683e-02 0.00000e+00 0.00000e+00 2.80459e-04
1.92773e+01 3.26736e-08 -5.86880e-02 2.68765e-02 0.00000e+00 0.00000e+00 2.79183e-04
1.93066e+01 2.70833e-08 -5.55967e-02 2.52122e-02 0.00000e+00 0.00000e+00 2.77914e-04
1.93359e+01 3.04723e-08 -5.23545e-02 2.34803e-02 0.00000e+00 0.00000e+00 2.76652e-04
1.93652e+01 2.29436e-08 -4.89710e-02 2.16860e-02 0.00000e+00 0.00000e+00 2.75399e-04
1.93945e+01 2.45064e-08 -4.54566e-02 1.98346e-02 0.00000e+00 0.00000e+00 2.74152e-04
1.94238e+01 1.55895e-08 -4.18216e-02 1.79316e-02 0.00000e+00 0.00000e+00 2.72914e-04
1.94531e+01 1.59698e-08 -3.80771e-02 1.59826e-02 0.00000e+00 0.00000e+00 2.71683e-04
1.94824e+01 6.36979e-09 -3.42338e-02 1.39934e-02 0.00000e+00 0.00000e+00 2.70459e-04
1.95117e+01 6.30912e-09 -3.03035e-02 1.19696e-02 0.00000e+00 0.00000e+00 2.69242e-04
1.95410e+01 -3.22876e-09 -2.62975e-02 9.91740e-03 0.00000e+00 0.00000e+00 2.68033e-04
1.95703e+01 -3.00511e-09 -2.22277e-02 7.84255e-03 0.00000e+00 0.00000e+00 2.66831e-04
1.95996e+01 -1.18049e-08 -1.81059e-02 5.75117e-03 0.00000e+00 0.00000e+00 2.65636e-04
1.96289e+01 -1.06891e-08 -1.39442e-02 3.64924e-03 0.00000e+00 0.00000e+00 2.64449e-04
1.96582e+01 -1.82338e-08 -9.75467e-03 1.54288e-03 0.00000e+00 0.00000e+00 2.63268e-04
1.96875e+01 -1.58104e-08 -5.54953e-03 -5.61914e-04 0.00000e+00 0.00000e+00 2.62095e-04
1.97168e+01 -2.18002e-08 -1.34081e-03 -2.65905e-03 0.00000e+00 0.00000e+00 2.60928e-04
1.97461e+01 -1.78871e-08 2.85922e-03 -4.74261e-03 0.00000e+00 0.00000e+00 2.59768e-04
1.97754e+01 -2.22620e-08 7.03862e-03 -6.80659e-03 0.00000e+00 0.00000e+00 2.58616e-04
1.98047e+01 -1.69140e-08 1.11853e-02 -8.84519e-03 0.00000e+00 0.00000e+00 2.57470e-04
1.98340e+01 -1.98398e-08 1.52875e-02 -1.08526e-02 0.00000e+00 0.00000e+00 2.56330e-04
1.98633e+01 -1.33188e-08 1.93335e-02 -1.28232e-02 0.00000e+00 0.00000e+00 2.55198e-04
1.98926e+01 -1.51427e-08 2.33118e-02 -1.47513e-02 0.00000e+00 0.00000e+00 2.54072e-04
1.99219e+01 -7.86094e-09 2.72112e-02 -1.66317e-02 0.00000e+00 0.00000e+00 2.52953e-04
1.99512e+01 -9.04528e-09 3.10207e-02 -1.84591e-02 0.00000e+00 0.00000e+00 2.51840e-04
1.99805e+01 -1.49279e-09 3.47294e-02 -2.02283e-02 0.00000e+00 0.00000e+00 2.50734e-04
2.00098e+01 -2.53912e-09 3.83272e-02 -2.19345e-02 0.00000e+00 0.00000e+00 2.49634e-04
2.00391e+01 4.79333e-09 4.18039e-02 -2.35730e-02 0.00000e+00 0.00000e+00 2.48541e-04
2.00684e+01 3.41909e-09 4.51499e-02 -2.51392e-02 0.00000e+00 0.00000e+00 2.47454e-04
2.00977e+01 1.01096e-08 4.83559e-02 -2.66289e-02 0.00000e+00 0.00000e+00 2.46373e-04
2.01270e+01 8.03969e-09 5.14131e-02 -2.80380e-02 0.00000e+00 0.00000e+00 2.45299e-04
2.01562e+01 1.37887e-08 5.43131e-02 -2.93628e-02 0.00000e+00 0.00000e+00 2.44231e-04
2.01855e+01 1.07965e-08 5.70481e-02 -3.05995e-02 0.00000e+00 0.00000e+00 2.43169e-04
2.02148e+01 1.54581e-08 5.96105e-02 -3.17451e-02 0.00000e+00 0.00000e+00 2.42113e-04
2.02441e+01 1.14767e-08 6.19937e-02 -3.27964e-02 0.00000e+00 0.00000e+00 2.41064e-04
2.02734e+01 1.50649e-08 6.41911e-02 -3.37508e-02 0.00000e+00 0.00000e+00 2.40020e-04
2.03027e+01 1.01818e-08 6.61970e-02 -3.46056e-02 0.00000e+00 0.00000e+00 2.38983e-04
2.03320e+01 1.28537e-08 6.80062e-02 -3.53589e-02 0.00000e+00 0.00000e+00 2.37951e-04
2.03613e+01 7.28378e-09 6.96141e-02 -3.60086e-02 0.00000e+00 0.00000e+00 2.36925e-04
2.03906e+01 9.30430e-09 7.10165e-02 -3.65533e-02 0.00000e+00 0.00000e+00 2.35906e-04
2.04199e+01 3.34721e-09 7.22101e-02 -3.69917e-02 0.00000e+00 0.00000e+00 2.34892e-04
2.04492e+01 5.04119e-09 7.31920e-02 -3.73228e-02 0.00000e+00 0.00000e+00 2.33884e-04
2.04785e+01 -9.68954e-10 7.39599e-02 -3.75459e-02 0.00000e+00 0.00000e+00 2.32881e-04
2.05078e+01 7.31925e-10 7.45123e-02 -3.76608e-02 0.00000e+00 0.00000e+00 2.31885e-04
2.05371e+01 -5.01349e-09 7.48483e-02 -3.76674e-02 0.00000e+00 0.00000e+00 2.30894e-04
2.05664e+01 -3.01172e-09 7.49674e-02 -3.75661e-02 0.00000e+00 0.00000e+00 2.29908e-04
2.05957e+01 -8.23458e-09 7.48699e-02 -3.73573e-02 0.00000e+00 0.00000e+00 2.28929e-04
2.06250e+01 -5.71525e-09 7.45567e-02 -3.70421e-02 0.00000e+00 0.00000e+00 2.27954e-04
2.06543e+01 -1.02487e-08 7.40294e-02 -3.66215e-02 0.00000e+00 0.00000e+00 2.26986e-04
2.06836e+01 -7.09591e-09 7.32900e-02 -3.60972e-02 0.00000e+00 0.00000e+00 2.26023e-04
2.07129e+01 -1.08795e-08 7.23414e-02 -3.54709e-02 0.00000e+00 0.00000e+00 2.25065e-04
2.07422e+01 -7.08490e-09 7.11867e-02 -3.47447e-02 0.00000e+00 0.00000e+00 2.24113e-04
2.07715e+01 -1.01630e-08 6.98300e-02 -3.39209e-02 0.00000e+00 0.00000e+00 2.23166e-04
2.08008e+01 -5.81711e-09 6.82756e-02 -3.30022e-02 0.00000e+00 0.00000e+00 2.22224e-04
2.08301e+01 -8.32323e-09 6.65288e-02 -3.19915e-02 0.00000e+00 0.00000e+00 2.21288e-04
2.08594e+01 -3.59300e-09 6.45949e-02 -3.08920e-02 0.00000e+00 0.00000e+00 2.20357e-04
2.08887e+01 -5.72247e-09 6.24801e-02 -2.97069e-02 0.00000e+00 0.00000e+00 2.19431e-04
2.09180e+01 -8.20586e-10 6.01910e-02 -2.84401e-02 0.00000e+00 0.00000e+00 2.18510e-04
2.09473e+01 -2.79724e-09 5.77347e-02 -2.70954e-02 0.00000e+00 0.00000e+00 2.17595e-04
2.09766e+01 2.05251e-09 5.51187e-02 -2.56767e-02 0.00000e+00 0.00000e+00 2.16684e-04
2.10059e+01 1.06532e-11 5.23511e-02 -2.41885e-02 0.00000e+00 0.00000e+00 2.15779e-04
2.10352e+01 4.60617e-09 4.94401e-02 -2.26351e-02 0.00000e+00 0.00000e+00 2.14878e-04
2.10645e+01 2.31718e-09 4.63947e-02 -2.10212e-02 0.00000e+00 0.00000e+00 2.13983e-04
2.10938e+01 6.50480e-09 4.32238e-02 -1.93516e-02 0.00000e+00 0.00000e+00 2.13093e-04
2.11230e+01 3.84521e-09 3.99371e-02 -1.76312e-02 0.00000e+00 0.00000e+00 2.12207e-04
2.11523e+01 7.53705e-09 3.65443e-02 -1.58652e-02 0.00000e+00 0.00000e+00 2.11327e-04
2.11816e+01 4.45376e-09 3.30555e-02 -1.40586e-02 0.00000e+00 0.00000e+00 2.10451e-04
2.12109e+01 7.63414e-09 2.94809e-02 -1.22168e-02 0.00000e+00 0.00000e+00 2.09580e-04
2.12402e+01 4.14538e-09 2.58312e-02 -1.03452e-02 0.00000e+00 0.00000e+00 2.08714e-04
2.12695e+01 6.86639e-09 2.21170e-02 -8.44929e-03 0.00000e+00 0.00000e+00 2.07853e-04
2.12988e+01 3.05234e-09 1.83492e-02 -6.53445e-03 0.00000e+00 0.00000e+00 2.06996e-04
2.13281e+01 5.42022e-09 1.45389e-02 -4.60632e-03 0.00000e+00 0.00000e+00 2.06145e-04
2.13574e+01 1.40583e-09 1.06971e-02 -2.67041e-03 0.00000e+00 0.00000e+00 2.05297e-04
2.13867e+01 3.56093e-09 6.83489e-03 -7.32349e-04 0.00000e+00 0.00000e+00 2.04455e-04
2.14160e+01 -5.06082e-10 2.96362e-03 1.20235e-03 0.00000e+00 0.00000e+00 2.03617e-04
2.14453e+01 1.58772e-09 -9.05687e-04 3.12809e-03 0.00000e+00 0.00000e+00 2.02784e-04
2.14746e+01 -2.38455e-09 -4.76177e-03 5.03943e-03 0.00000e+00 0.00000e+00 2.01955e-04
2.15039e+01 -2.11892e-10 -8.59366e-03 6.93086e-03 0.00000e+00 0.00000e+00 2.01130e-04
2.15332e+01 -3.96338e-09 -1.23903e-02 8.79707e-03 0.00000e+00 0.00000e+00 2.00311e-04
2.15625e+01 -1.60176e-09 -1.61409e-02 1.06327e-02 0.00000e+00 0.00000e+00 1.99495e-04
2.15918e+01 -5.04366e-09 -1.98347e-02 1.24327e-02 0.00000e+00 0.00000e+00 1.98684e-04
2.16211e+01 -2.42580e-09 -2.34614e-02 1.41918e-02 0.00000e+00 0.00000e+00 1.97878e-04
2.16504e+01 -5.51578e-09 -2.70105e-02 1.59052e-02 0.00000e+00 0.00000e+00 1.97076e-04
2.16797e+01 -2.62266e-09 -3.04721e-02 1.75681e-02 0.00000e+00 0.00000e+00 1.96278e-04
2.17090e+01 -5.36660e-09 -3.38365e-02 1.91759e-02 0.00000e+00 0.00000e+00 1.95484e-04
2.17383e+01 -2.22560e-09 -3.70942e-02 2.07240e-02 0.00000e+00 0.00000e+00 1.94695e-04
2.17676e+01 -4.67234e-09 -4.02362e-02 2.22082e-02 0.00000e+00 0.00000e+00 1.93910e-04
2.17969e+01 -1.34899e-09 -4.32536e-02 2.36244e-02 0.00000e+00 0.00000e+00 1.93129e-04
2.18262e+01 -3.57947e-09 -4.61381e-02 2.49688e-02 0.00000e+00 0.00000e+00 1.92352e-04
2.18555e+01 -1.64506e-10 -4.88819e-02 2.62376e-02 0.00000e+00 0.00000e+00 1.91580e-04
2.18848e+01 -2.27737e-09 -5.14772e-02 2.74274e-02 0.00000e+00 0.00000e+00 1.90811e-04
2.19141e+01 1.12852e-09 -5.39172e-02 2.85351e-02 0.00000e+00 0.00000e+00 1.90047e-04
2.19434e+01 -9.67520e-10 -5.61951e-02 2.95576e-02 0.00000e+00 0.00000e+00 1.89287e-04
2.19727e+01 2.33395e-09 -5.83048e-02 3.04922e-02 0.00000e+00 0.00000e+00 1.88531e-04
2.20020e+01 1.66230e-10 -6.02407e-02 3.13366e-02 0.00000e+00 0.00000e+00 1.87779e-04
2.20312e+01 3.28636e-09 -6.19977e-02 3.20884e-02 0.00000e+00 0.00000e+00 1.87031e-04
2.20605e+01 9.82073e-10 -6.35712e-02 3.27459e-02 0.00000e+00 0.00000e+00 1.86286e-04
2.20898e+01 3.87162e-09 -6.49572e-02 3.33074e-02 0.00000e+00 0.00000e+00 1.85546e-04
2.21191e+01 1.39645e-09 -6.61520e-02 3.37714e-02 0.00000e+00 0.00000e+00 1.84810e-04
2.21484e+01 4.03831e-09 -6.71529e-02 3.41370e-02 0.00000e+00 0.00000e+00 1.84078e-04
2.21777e+01 1.39046e-09 -6.79574e-02 3.44033e-02 0.00000e+00 0.00000e+00 1.83349e-04
2.22070e+01 3.79921e-09 -6.85638e-02 3.45699e-02 0.00000e+00 0.00000e+00 1.82624e-04
2.22363e+01 1.00656e-09 -6.89708e-02 3.46365e-02 0.00000e+00 0.00000e+00 1.81903e-04
2.22656e+01 3.22346e-09 -6.91777e-02 3.46032e-02 0.00000e+00 0.00000e+00 1.81186e-04
2.22949e+01 3.36817e-10 -6.91846e-02 3.44703e-02 0.00000e+00 0.00000e+00 1.80473e-04
2.23242e+01 2.42156e-09 -6.89918e-02 3.42386e-02 0.00000e+00 0.00000e+00 1.79763e-04
2.23535e+01 -4.94762e-10 -6.86006e-02 3.39089e-02 0.00000e+00 0.00000e+00 1.79057e-04
2.23828e+01 1.52584e-09 -6.80125e-02 3.34824e-02 0.00000e+00 0.00000e+00 1.78355e-04
2.24121e+01 -1.35277e-09 -6.72296e-02 3.29606e-02 0.00000e+00 0.00000e+00 1.77657e-04
2.24414e+01 6.69641e-10 -6.62550e-02 3.23452e-02 0.00000e+00 0.00000e+00 1.76962e-04
2.24707e+01 -2.11068e-09 -6.50917e-02 3.16384e-02 0.00000e+00 0.00000e+00 1.76271e-04
2.25000e+01 -3.16394e-11 -6.37437e-02 3.08422e-02 0.00000e+00 0.00000e+00 1.75583e-04
2.25293e+01 -2.66794e-09 -6.22153e-02 2.99593e-02 0.00000e+00 0.00000e+00 1.74899e-04
2.25586e+01 -4.95282e-10 -6.05114e-02 2.89924e-02 0.00000e+00 0.00000e+00 1.74218e-04
2.25879e+01 -2.96182e-09 -5.86373e-02 2.79445e-02 0.00000e+00 0.00000e+00 1.73541e-04
2.26172e+01 -6.79926e-10 -5.65990e-02 2.68188e-02 0.00000e+00 0.00000e+00 1.72868e-04
2.26465e+01 -2.97282e-09 -5.44026e-02 2.56188e-02 0.00000e+00 0.00000e+00 1.72198e-04
2.26758e+01 -5.87592e-10 -5.20551e-02 2.43481e-02 0.00000e+00 0.00000e+00 1.71531e-04
2.27051e+01 -2.72337e-09 -4.95633e-02 2.30105e-02 0.00000e+00 0.00000e+00 1.70868e-04
2.27344e+01 -2.59365e-10 -4.69351e-02 2.16100e-02 0.00000e+00 0.00000e+00 1.70208e-04
2.27637e+01 -2.27080e-09 -4.41781e-02 2.01509e-02 0.00000e+00 0.00000e+00 1.69552e-04
2.27930e+01 2.34059e-10 -4.13009e-02 1.86374e-02 0.00000e+00 0.00000e+00 1.68899e-04
2.28223e+01 -1.69594e-09 -3.83119e-02 1.70741e-02 0.00000e+00 0.00000e+00 1.68249e-04
2.28516e+01 8.05146e-10 -3.52200e-02 1.54655e-02 0.00000e+00 0.00000e+00 1.67603e-04
2.28809e+01 -1.08948e-09 -3.20344e-02 1.38164e-02 0.00000e+00 0.00000e+00 1.66960e-04
2.29102e+01 1.36350e-09 -2.87646e-02 1.21317e-02 0.00000e+00 0.00000e+00 1.66321e-04
2.29395e+01 -5.38202e-10 -2.54201e-02 1.04163e-02 0.00000e+00 0.00000e+00 1.65684e-04
2.29688e+01 1.82897e-09 -2.20109e-02 8.67506e-03 0.00000e+00 0.00000e+00 1.65051e-04
2.29980e+01 -1.13030e-10 -1.85468e-02 6.91322e-03 0.00000e+00 0.00000e+00 1.64421e-04
2.30273e+01 2.14201e-09 -1.50381e-02 5.13582e-03 0.00000e+00 0.00000e+00 1.63794e-04
2.30566e+01 1.39559e-10 -1.14948e-02 3.34803e-03 0.00000e+00 0.00000e+00 1.63171e-04
2.30859e+01 2.27026e-09 -7.92744e-03 1.55498e-03 0.00000e+00 0.00000e+00 1.62550e-04
2.31152e+01 2.01851e-10 -4.34620e-03 -2.38122e-04 0.00000e+00 0.00000e+00 1.61933e-04
2.31445e+01 2.21061e-09 -7.61530e-04 -2.02617e-03 0.00000e+00 0.00000e+00 1.61319e-04
2.31738e+01 8.47418e-11 2.81631e-03 -3.80401e-03 0.00000e+00 0.00000e+00 1.60708e-04
2.32031e+01 1.98690e-09 6.37696e-03 -5.56659e-03 0.00000e+00 0.00000e+00 1.60100e-04
2.32324e+01 -1.76467e-10 9.91027e-03 -7.30885e-03 0.00000e+00 0.00000e+00 1.59495e-04
2.32617e+01 1.64403e-09 1.34060e-02 -9.02587e-03 0.00000e+00 0.00000e+00 1.58893e-04
2.32910e+01 -5.29334e-10 1.68544e-02 -1.07127e-02 0.00000e+00 0.00000e+00 1.58294e-04
2.33203e+01 1.23968e-09 2.02454e-02 -1.23648e-02 0.00000e+00 0.00000e+00 1.57698e-04
2.33496e+01 -9.13308e-10 2.35696e-02 -1.39772e-02 0.00000e+00 0.00000e+00 1.57105e-04
2.33789e+01 8.34920e-10 2.68173e-02 -1.55456e-02 0.00000e+00 0.00000e+00 1.56516e-04
2.34082e+01 -1.26906e-09 2.99797e-02 -1.70654e-02 0.00000e+00 0.00000e+00 1.55929e-04
2.34375e+01 4.85227e-10 3.30476e-02 -1.85326e-02 0.00000e+00 0.00000e+00 1.55345e-04
2.34668e+01 -1.54681e-09 3.60125e-02 -1.99429e-02 0.00000e+00 0.00000e+00 1.54764e-04
2.34961e+01 2.33150e-10 3.88661e-02 -2.12925e-02 0.00000e+00 0.00000e+00 1.54185e-04
2.35254e+01 -1.71244e-09 4.16005e-02 -2.25777e-02 0.00000e+00 0.00000e+00 1.53610e-04
2.35547e+01 1.03470e-10 4.42081e-02 -2.37949e-02 0.00000e+00 0.00000e+00 1.53038e-04
2.35840e+01 -1.75096e-09 4.66817e-02 -2.49408e-02 0.00000e+00 0.00000e+00 1.52468e-04
2.36133e+01 1.01331e-10 4.90144e-02 -2.60123e-02 0.00000e+00 0.00000e+00 1.51901e-04
2.36426e+01 -1.66678e-09 5.12000e-02 -2.70064e-02 0.00000e+00 0.00000e+00 1.51337e-04
2.36719e+01 2.13334e-10 5.32324e-02 -2.79206e-02 0.00000e+00 0.00000e+00 1.50776e-04
2.37012e+01 -1.48137e-09 5.51063e-02 -2.87523e-02 0.00000e+00 0.00000e+00 1.50218e-04
2.37305e+01 4.11155e-10 5.68165e-02 -2.94995e-02 0.00000e+00 0.00000e+00 1.49662e-04
2.37598e+01 -1.22854e-09 5.83587e-02 -3.01601e-02 0.00000e+00 0.00000e+00 1.49109e-04
2.37891e+01 6.56943e-10 5.97286e-02 -3.07325e-02 0.00000e+00 0.00000e+00 1.48559e-04
2.38184e+01 -9.48573e-10 6.09229e-02 -3.12153e-02 0.00000e+00 0.00000e+00 1.48011e-04
2.38477e+01 9.09572e-10 6.19384e-02 -3.16072e-02 0.00000e+00 0.00000e+00 1.47466e-04
2.38770e+01 -6.81893e-10 6.27729e-02 -3.19074e-02 0.00000e+00 0.00000e+00 1.46924e-04
2.39062e+01 1.13078e-09 6.34241e-02 -3.21152e-02 0.00000e+00 0.00000e+00 1.46385e-04
2.39355e+01 -4.63302e-10 6.38908e-02 -3.22303e-02 0.00000e+00 0.00000e+00 1.45848e-04
2.39648e+01 1.29032e-09 6.41720e-02 -3.22526e-02 0.00000e+00 0.00000e+00 1.45314e-04
2.39941e+01 -3.17581e-10 6.42674e-02 -3.21822e-02 0.00000e+00 0.00000e+00 1.44782e-04
2.40234e+01 1.36951e-09 6.41772e-02 -3.20195e-02 0.00000e+00 0.00000e+00 1.44253e-04
2.40527e+01 -2.56899e-10 6.39020e-02 -3.17653e-02 0.00000e+00 0.00000e+00 1.43726e-04
2.40820e+01 1.36283e-09 6.34431e-02 -3.14205e-02 0.00000e+00 0.00000e+00 1.43203e-04
2.41113e+01 -2.80257e-10 6.28024e-02 -3.09862e-02 0.00000e+00 0.00000e+00 1.42681e-04
2.41406e+01 1.27744e-09 6.19819e-02 -3.04641e-02 0.00000e+00 0.00000e+00 1.42162e-04
2.41699e+01 -3.74846e-10 6.09847e-02 -2.98557e-02 0.00000e+00 0.00000e+00 1.41646e-04
2.41992e+01 1.13105e-09 5.98139e-02 -2.91631e-02 0.00000e+00 0.00000e+00 1.41132e-04
2.42285e+01 -5.18960e-10 5.84735e-02 -2.83883e-02 0.00000e+00 0.00000e+00 1.40621e-04
2.42578e+01 9.48382e-10 5.69675e-02 -2.75340e-02 0.00000e+00 0.00000e+00 1.40112e-04
2.42871e+01 -6.85895e-10 5.53008e-02 -2.66026e-02 0.00000e+00 0.00000e+00 1.39605e-04
2.43164e+01 7.57033e-10 5.34786e-02 -2.55971e-02 0.00000e+00 0.00000e+00 1.39102e-04
2.43457e+01 -8.48201e-10 5.15065e-02 -2.45205e-02 0.00000e+00 0.00000e+00 1.38600e-04
2.43750e+01 5.83299e-10 4.93905e-02 -2.33761e-02 0.00000e+00 0.00000e+00 1.38101e-04
2.44043e+01 -9.81641e-10 4.71372e-02 -2.21673e-02 0.00000e+00 0.00000e+00 1.37604e-04
2.44336e+01 4.48559e-10 4.47532e-02 -2.08978e-02 0.00000e+00 0.00000e+00 1.37110e-04
2.44629e+01 -1.06833e-09 4.22459e-02 -1.95714e-02 0.00000e+00 0.00000e+00 1.36618e-04
2.44922e+01 3.66701e-10 3.96226e-02 -1.81919e-02 0.00000e+00 0.00000e+00 1.36128e-04
2.45215e+01 -1.09870e-09 3.68913e-02 -1.67636e-02 0.00000e+00 0.00000e+00 1.35641e-04
2.45508e+01 3.42843e-10 3.40601e-02 -1.52905e-02 0.00000e+00 0.00000e+00 1.35156e-04
2.45801e+01 -1.07205e-09 3.11374e-02 -1.37772e-02 0.00000e+00 0.00000e+00 1.34673e-04
2.46094e+01 3.73421e-10 2.81317e-02 -1.22279e-02 0.00000e+00 0.00000e+00 1.34192e-04
2.46387e+01 -9.95861e-10 2.50521e-02 -1.06472e-02 0.00000e+00 0.00000e+00 1.33714e-04
2.46680e+01 4.47495e-10 2.19076e-02 -9.03986e-03 0.00000e+00 0.00000e+00 1.33239e-04
2.46973e+01 -8.83965e-10 1.87072e-02 -7.41040e-03 0.00000e+00 0.00000e+00 1.32765e-04
2.47266e+01 5.48983e-10 1.54605e-02 -5.76362e-03 0.00000e+00 0.00000e+00 1.32294e-04
2.47559e+01 -7.53990e-10 1.21769e-02 -4.10426e-03 0.00000e+00 0.00000e+00 1.31824e-04
2.47852e+01 6.59420e-10 8.86589e-03 -2.43716e-03 0.00000e+00 0.00000e+00 1.31358e-04
2.48145e+01 -6.24518e-10 5.53714e-03 -7.67097e-04 0.00000e+00 0.00000e+00 1.30893e-04
2.48438e+01 7.60792e-10 2.20024e-03 9.01102e-04 0.00000e+00 0.00000e+00 1.30430e-04
2.48730e+01 -5.12354e-10 -1.13512e-03 2.56267e-03 0.00000e+00 0.00000e+00 1.29970e-04
2.49023e+01 8.38051e-10 -4.45938e-03 4.21282e-03 0.00000e+00 0.00000e+00 1.29512e-04
2.49316e+01 -4.30312e-10 -7.76294e-03 5.84687e-03 0.00000e+00 0.00000e+00 1.29056e-04
2.49609e+01 8.80976e-10 -1.10364e-02 7.46012e-03 0.00000e+00 0.00000e+00 1.28602e-04
2.49902e+01 -3.85762e-10 -1.42703e-02 9.04803e-03 0.00000e+00 0.00000e+00 1.28150e-04
2.50195e+01 8.85176e-10 -1.74554e-02 1.06060e-02 0.00000e+00 0.00000e+00 1.27700e-04
2.50488e+01 -3.80092e-10 -2.05828e-02 1.21298e-02 0.00000e+00 0.00000e+00 1.27253e-04
2.50781e+01 8.52170e-10 -2.36434e-02 1.36150e-02 0.00000e+00 0.00000e+00 1.26807e-04
2.51074e+01 -4.09060e-10 -2.66287e-02 1.50574e-02 0.00000e+00 0.00000e+00 1.26364e-04
2.51367e+01 7.88632e-10 -2.95303e-02 1.64530e-02 0.00000e+00 0.00000e+00 1.25923e-04
2.51660e+01 -4.63918e-10 -3.23398e-02 1.77979e-02 0.00000e+00 0.00000e+00 1.25483e-04
2.51953e+01 7.04960e-10 -3.50495e-02 1.90884e-02 0.00000e+00 0.00000e+00 1.25046e-04
2.52246e+01 -5.33066e-10 -3.76518e-02 2.03209e-02 0.00000e+00 0.00000e+00 1.24611e-04
2.52539e+01 6.13465e-10 -4.01395e-02 2.14918e-02 0.00000e+00 0.00000e+00 1.24178e-04
2.52832e+01 -6.03963e-10 -4.25055e-02 2.25982e-02 0.00000e+00 0.00000e+00 1.23747e-04
2.53125e+01 5.26443e-10 -4.47435e-02 2.36368e-02 0.00000e+00 0.00000e+00 1.23318e-04
2.53418e+01 -6.64993e-10 -4.68471e-02 2.46049e-02 0.00000e+00 0.00000e+00 1.22890e-04
2.53711e+01 4.54434e-10 -4.88108e-02 2.54999e-02 0.00000e+00 0.00000e+00 1.22465e-04
2.54004e+01 -7.07021e-10 -5.06291e-02 2.63193e-02 0.00000e+00 0.00000e+00 1.22042e-04
2.54297e+01 4.04888e-10 -5.22972e-02 2.70610e-02 0.00000e+00 0.00000e+00 1.21621e-04
2.54590e+01 -7.24468e-10 -5.38105e-02 2.77230e-02 0.00000e+00 0.00000e+00 1.21201e-04
2.54883e+01 3.81397e-10 -5.51650e-02 2.83037e-02 0.00000e+00 0.00000e+00 1.20784e-04
2.55176e+01 -7.15765e-10 -5.63573e-02 2.88014e-02 0.00000e+00 0.00000e+00 1.20368e-04
2.55469e+01 3.83535e-10 -5.73843e-02 2.92150e-02 0.00000e+00 0.00000e+00 1.19955e-04
2.55762e+01 -6.83213e-10 -5.82434e-02 2.95435e-02 0.00000e+00 0.00000e+00 1.19543e-04
2.56055e+01 4.07296e-10 -5.89324e-02 2.97861e-02 0.00000e+00 0.00000e+00 1.19133e-04
2.56348e+01 -6.32294e-10 -5.94499e-02 2.99423e-02 0.00000e+00 0.00000e+00 1.18725e-04
2.56641e+01 4.45986e-10 -5.97946e-02 3.00120e-02 0.00000e+00 0.00000e+00 1.18319e-04
2.56934e+01 -5.70604e-10 -5.99660e-02 2.99950e-02 0.00000e+00 0.00000e+00 1.17915e-04
2.57227e+01 4.91424e-10 -5.99640e-02 2.98916e-02 0.00000e+00 0.00000e+00 1.17512e-04
2.57520e+01 -5.06577e-10 -5.97891e-02 2.97023e-02 0.00000e+00 0.00000e+00 1.17111e-04
2.57812e+01 5.35238e-10 -5.94420e-02 2.94279e-02 0.00000e+00 0.00000e+00 1.16713e-04
2.58105e+01 -4.48214e-10 -5.89242e-02 2.90693e-02 0.00000e+00 0.00000e+00 1.16316e-04
2.58398e+01 5.70068e-10 -5.82375e-02 2.86278e-02 0.00000e+00 0.00000e+00 1.15921e-04
2.58691e+01 -4.01988e-10 -5.73844e-02 2.81048e-02 0.00000e+00 0.00000e+00 1.15527e-04
2.58984e+01 5.90520e-10 -5.63677e-02 2.75020e-02 0.00000e+00 0.00000e+00 1.15136e-04
2.59277e+01 -3.72065e-10 -5.51906e-02 2.68213e-02 0.00000e+00 0.00000e+00 1.14746e-04
2.59570e+01 5.93746e-10 -5.38569e-02 2.60648e-02 0.00000e+00 0.00000e+00 1.14358e-04
2.59863e+01 -3.59926e-10 -5.23708e-02 2.52350e-02 0.00000e+00 0.00000e+00 1.13971e-04
2.60156e+01 5.79615e-10 -5.07370e-02 2.43343e-02 0.00000e+00 0.00000e+00 1.13587e-04
2.60449e+01 -3.64406e-10 -4.89605e-02 2.33655e-02 0.00000e+00 0.00000e+00 1.13204e-04
2.60742e+01 5.50483e-10 -4.70467e-02 2.23315e-02 0.00000e+00 0.00000e+00 1.12823e-04
2.61035e+01 -3.82097e-10 -4.50015e-02 2.12355e-02 0.00000e+00 0.00000e+00 1.12443e-04
2.61328e+01 5.10627e-10 -4.28310e-02 2.00807e-02 0.00000e+00 0.00000e+00 1.12065e-04
2.61621e+01 -4.08044e-10 -4.05418e-02 1.88706e-02 0.00000e+00 0.00000e+00 1.11689e-04
2.61914e+01 4.65462e-10 -3.81407e-02 1.76088e-02 0.00000e+00 0.00000e+00 1.11315e-04
2.62207e+01 -4.36587e-10 -3.56349e-02 1.62991e-02 0.00000e+00 0.00000e+00 1.10942e-04
2.62500e+01 4.20671e-10 -3.30320e-02 1.49452e-02 0.00000e+00 0.00000e+00 1.10571e-04
2.62793e+01 -4.62227e-10 -3.03395e-02 1.35513e-02 0.00000e+00 0.00000e+00 1.10202e-04
2.63086e+01 3.81372e-10 -2.75655e-02 1.21214e-02 0.00000e+00 0.00000e+00 1.09834e-04
2.63379e+01 -4.80393e-10 -2.47181e-02 1.06596e-02 0.00000e+00 0.00000e+00 1.09468e-04
2.63672e+01 3.51444e-10 -2.18057e-02 9.17038e-03 0.00000e+00 0.00000e+00 1.09103e-04
2.63965e+01 -4.88002e-10 -1.88369e-02 7.65794e-03 0.00000e+00 0.00000e+00 1.08741e-04
2.64258e+01 3.33089e-10 -1.58203e-02 6.12670e-03 0.00000e+00 0.00000e+00 1.08379e-04
2.64551e+01 -4.83764e-10 -1.27648e-02 4.58112e-03 0.00000e+00 0.00000e+00 1.08020e-04
2.64844e+01 3.26680e-10 -9.67915e-03 3.02567e-03 0.00000e+00 0.00000e+00 1.07662e-04
2.65137e+01 -4.68196e-10 -6.57241e-03 1.46486e-03 0.00000e+00 0.00000e+00 1.07305e-04
2.65430e+01 3.30865e-10 -3.45358e-03 -9.68260e-05 0.00000e+00 0.00000e+00 1.06950e-04
2.65723e+01 -4.43386e-10 -3.31645e-04 -1.65488e-03 0.00000e+00 0.00000e+00 1.06597e-04
2.66016e+01 3.42926e-10 2.78435e-03 -3.20486e-03 0.00000e+00 0.00000e+00 1.06245e-04
2.66309e+01 -4.12552e-10 5.88548e-03 -4.74229e-03 0.00000e+00 0.00000e+00 1.05895e-04
2.66602e+01 3.59285e-10 8.96279e-03 -6.26279e-03 0.00000e+00 0.00000e+00 1.05546e-04
2.66895e+01 -3.79480e-10 1.20075e-02 -7.76203e-03 0.00000e+00 0.00000e+00 1.05199e-04
2.67188e+01 3.76091e-10 1.50109e-02 -9.23575e-03 0.00000e+00 0.00000e+00 1.04853e-04
2.67480e+01 -3.47939e-10 1.79644e-02 -1.06797e-02 0.00000e+00 0.00000e+00 1.04509e-04
2.67773e+01 3.89788e-10 2.08596e-02 -1.20899e-02 0.00000e+00 0.00000e+00 1.04166e-04
2.68066e+01 -3.21143e-10 2.36882e-02 -1.34624e-02 0.00000e+00 0.00000e+00 1.03825e-04
2.68359e+01 3.97597e-10 2.64424e-02 -1.47931e-02 0.00000e+00 0.00000e+00 1.03486e-04
2.68652e+01 -3.01353e-10 2.91142e-02 -1.60785e-02 0.00000e+00 0.00000e+00 1.03147e-04
2.68945e+01 3.97837e-10 3.16963e-02 -1.73149e-02 0.00000e+00 0.00000e+00 1.02811e-04
2.69238e+01 -2.89635e-10 3.41812e-02 -1.84989e-02 0.00000e+00 0.00000e+00 1.02475e-04
2.69531e+01 3.90060e-10 3.65621e-02 -1.96271e-02 0.00000e+00 0.00000e+00 1.02142e-04
2.69824e+01 -2.85821e-10 3.88324e-02 -2.06965e-02 0.00000e+00 0.00000e+00 1.01809e-04
2.70117e+01 3.75008e-10 4.09857e-02 -2.17042e-02 0.00000e+00 0.00000e+00 1.01478e-04
2.70410e+01 -2.88650e-10 4.30160e-02 -2.26472e-02 0.00000e+00 0.00000e+00 1.01149e-04
2.70703e+01 3.54394e-10 4.49179e-02 -2.35231e-02 0.00000e+00 0.00000e+00 1.00821e-04
2.70996e+01 -2.96035e-10 4.66860e-02 -2.43295e-02 0.00000e+00 0.00000e+00 1.00494e-04
2.71289e+01 3.30576e-10 4.83156e-02 -2.50643e-02 0.00000e+00 0.00000e+00 1.00169e-04
2.71582e+01 -3.05442e-10 4.98023e-02 -2.57253e-02 0.00000e+00 0.00000e+00 9.98451e-05
2.71875e+01 3.06159e-10 5.11421e-02 -2.63111e-02 0.00000e+00 0.00000e+00 9.95227e-05
2.72168e+01 -3.14289e-10 5.23314e-02 -2.68199e-02 0.00000e+00 0.00000e+00 9.92017e-05
2.72461e+01 2.83609e-10 5.33672e-02 -2.72505e-02 0.00000e+00 0.00000e+00 9.88820e-05
2.72754e+01 -3.20312e-10 5.42468e-02 -2.76018e-02 0.00000e+00 0.00000e+00 9.85637e-05
2.73047e+01 2.64909e-10 5.49679e-02 -2.78730e-02 0.00000e+00 0.00000e+00 9.82468e-05
2.73340e+01 -3.21861e-10 5.55289e-02 -2.80635e-02 0.00000e+00 0.00000e+00 9.79312e-05
2.73633e+01 2.51327e-10 5.59285e-02 -2.81729e-02 0.00000e+00 0.00000e+00 9.76170e-05
2.73926e+01 -3.18075e-10 5.61658e-02 -2.82011e-02 0.00000e+00 0.00000e+00 9.73041e-05
2.74219e+01 2.43299e-10 5.62406e-02 -2.81481e-02 0.00000e+00 0.00000e+00 9.69926e-05
2.74512e+01 -3.08938e-10 5.61529e-02 -2.80143e-02 0.00000e+00 0.00000e+00 9.66824e-05
2.74805e+01 2.40440e-10 5.59034e-02 -2.78002e-02 0.00000e+00 0.00000e+00 9.63735e-05
2.75098e+01 -2.95201e-10 5.54932e-02 -2.75067e-02 0.00000e+00 0.00000e+00 9.60659e-05
2.75391e+01 2.41671e-10 5.49236e-02 -2.71347e-02 0.00000e+00 0.00000e+00 9.57596e-05
2.75684e+01 -2.78208e-10 5.41969e-02 -2.66854e-02 0.00000e+00 0.00000e+00 9.54547e-05
2.75977e+01 2.45439e-10 5.33152e-02 -2.61604e-02 0.00000e+00 0.00000e+00 9.51510e-05
2.76270e+01 -2.59656e-10 5.22816e-02 -2.55612e-02 0.00000e+00 0.00000e+00 9.48486e-05
2.76562e+01 2.49973e-10 5.10994e-02 -2.48899e-02 0.00000e+00 0.00000e+00 9.45475e-05
2.76855e+01 -2.41318e-10 4.97722e-02 -2.41484e-02 0.00000e+00 0.00000e+00 9.42477e-05
2.77148e+01 2.53558e-10 4.83041e-02 -2.33390e-02 0.00000e+00 0.00000e+00 9.39491e-05
2.77441e+01 -2.24787e-10 4.66999e-02 -2.24643e-02 0.00000e+00 0.00000e+00 9.36518e-05
2.77734e+01 2.54771e-10 4.49642e-02 -2.15268e-02 0.00000e+00 0.00000e+00 9.33558e-05
2.78027e+01 -2.11269e-10 4.31024e-02 -2.05294e-02 0.00000e+00 0.00000e+00 9.30609e-05
2.78320e+01 2.52656e-10 4.11202e-02 -1.94751e-02 0.00000e+00 0.00000e+00 9.27674e-05
2.78613e+01 -2.01440e-10 3.90236e-02 -1.83670e-02 0.00000e+00 0.00000e+00 9.24750e-05
2.78906e+01 2.46823e-10 3.68187e-02 -1.72085e-02 0.00000e+00 0.00000e+00 9.21839e-05
2.79199e+01 -1.95403e-10 3.45122e-02 -1.60029e-02 0.00000e+00 0.00000e+00 9.18941e-05
2.79492e+01 2.37449e-10 3.21110e-02 -1.47539e-02 0.00000e+00 0.00000e+00 9.16054e-05
2.79785e+01 -1.92717e-10 2.96221e-02 -1.34651e-02 0.00000e+00 0.00000e+00 9.13179e-05
2.80078e+01 2.25204e-10 2.70530e-02 -1.21403e-02 0.00000e+00 0.00000e+00 9.10317e-05
2.80371e+01 -1.92510e-10 2.44112e-02 -1.07835e-02 0.00000e+00 0.00000e+00 9.07466e-05
2.80664e+01 2.11119e-10 2.17044e-02 -9.39847e-03 0.00000e+00 0.00000e+00 9.04627e-05
2.80957e+01 -1.93639e-10 1.89407e-02 -7.98938e-03 0.00000e+00 0.00000e+00 9.01800e-05
2.81250e+01 1.96402e-10 1.61281e-02 -6.56032e-03 0.00000e+00 0.00000e+00 8.98985e-05
2.81543e+01 -1.94871e-10 1.32748e-02 -5.11543e-03 0.00000e+00 0.00000e+00 8.96181e-05
2.81836e+01 1.82256e-10 1.03891e-02 -3.65890e-03 0.00000e+00 0.00000e+00 8.93390e-05
2.82129e+01 -1.95072e-10 7.47943e-03 -2.19494e-03 0.00000e+00 0.00000e+00 8.90609e-05
2.82422e+01 1.69710e-10 4.55421e-03 -7.27791e-04 0.00000e+00 0.00000e+00 8.87841e-05
2.82715e+01 -1.93352e-10 1.62193e-03 7.38337e-04 0.00000e+00 0.00000e+00 8.85083e-05
2.83008e+01 1.59484e-10 -1.30897e-03 2.19922e-03 0.00000e+00 0.00000e+00 8.82337e-05
2.83301e+01 -1.89176e-10 -4.23002e-03 3.65067e-03 0.00000e+00 0.00000e+00 8.79603e-05
2.83594e+01 1.51914e-10 -7.13284e-03 5.08852e-03 0.00000e+00 0.00000e+00 8.76880e-05
2.83887e+01 -1.82405e-10 -1.00091e-02 6.50868e-03 0.00000e+00 0.00000e+00 8.74168e-05
2.84180e+01 1.46939e-10 -1.28505e-02 7.90708e-03 0.00000e+00 0.00000e+00 8.71467e-05
2.84473e+01 -1.73290e-10 -1.56490e-02 9.27976e-03 0.00000e+00 0.00000e+00 8.68777e-05
2.84766e+01 1.44137e-10 -1.83966e-02 1.06228e-02 0.00000e+00 0.00000e+00 8.66099e-05
2.85059e+01 -1.62399e-10 -2.10854e-02 1.19324e-02 0.00000e+00 0.00000e+00 8.63431e-05
2.85352e+01 1.42814e-10 -2.37079e-02 1.32049e-02 0.00000e+00 0.00000e+00 8.60774e-05
2.85645e+01 -1.50516e-10 -2.62566e-02 1.44367e-02 0.00000e+00 0.00000e+00 8.58128e-05
2.85938e+01 1.42127e-10 -2.87243e-02 1.56244e-02 0.00000e+00 0.00000e+00 8.55493e-05
2.86230e+01 -1.38510e-10 -3.11041e-02 1.67645e-02 0.00000e+00 0.00000e+00 8.52869e-05
2.86523e+01 1.41210e-10 -3.33893e-02 1.78539e-02 0.00000e+00 0.00000e+00 8.50256e-05
2.86816e+01 -1.27207e-10 -3.55734e-02 1.88897e-02 0.00000e+00 0.00000e+00 8.47653e-05
2.87109e+01 1.39303e-10 -3.76505e-02 1.98688e-02 0.00000e+00 0.00000e+00 8.45061e-05
2.87402e+01 -1.17277e-10 -3.96146e-02 2.07887e-02 0.00000e+00 0.00000e+00 8.42479e-05
2.87695e+01 1.35845e-10 -4.14605e-02 2.16467e-02 0.00000e+00 0.00000e+00 8.39908e-05
2.87988e+01 -1.09149e-10 -4.31829e-02 2.24406e-02 0.00000e+00 0.00000e+00 8.37347e-05
2.88281e+01 1.30546e-10 -4.47773e-02 2.31682e-02 0.00000e+00 0.00000e+00 8.34797e-05
2.88574e+01 -1.02971e-10 -4.62392e-02 2.38275e-02 0.00000e+00 0.00000e+00 8.32257e-05
2.88867e+01 1.23401e-10 -4.75647e-02 2.44168e-02 0.00000e+00 0.00000e+00 8.29727e-05
2.89160e+01 -9.86029e-11 -4.87502e-02 2.49346e-02 0.00000e+00 0.00000e+00 8.27208e-05
2.89453e+01 1.14676e-10 -4.97927e-02 2.53794e-02 0.00000e+00 0.00000e+00 8.24699e-05
2.89746e+01 -9.56636e-11 -5.06894e-02 2.57501e-02 0.00000e+00 0.00000e+00 8.22200e-05
2.90039e+01 1.04852e-10 -5.14381e-02 2.60459e-02 0.00000e+00 0.00000e+00 8.19711e-05
2.90332e+01 -9.35949e-11 -5.20368e-02 2.62660e-02 0.00000e+00 0.00000e+00 8.17232e-05
2.90625e+01 9.45373e-11 -5.24841e-02 2.64100e-02 0.00000e+00 0.00000e+00 8.14763e-05
2.90918e+01 -9.17546e-11 -5.27791e-02 2.64775e-02 0.00000e+00 0.00000e+00 8.12304e-05
2.91211e+01 8.43808e-11 -5.29211e-02 2.64686e-02 0.00000e+00 0.00000e+00 8.09854e-05
2.91504e+01 -8.95119e-11 -5.29102e-02 2.63834e-02 0.00000e+00 0.00000e+00 8.07415e-05
2.91797e+01 7.49723e-11 -5.27467e-02 2.62223e-02 0.00000e+00 0.00000e+00 8.04986e-05
2.92090e+01 -8.63348e-11 -5.24312e-02 2.59860e-02 0.00000e+00 0.00000e+00 8.02566e-05
2.92383e+01 6.67646e-11 -5.19651e-02 2.56752e-02 0.00000e+00 0.00000e+00 8.00156e-05
2.92676e+01 -8.18602e-11 -5.13500e-02 2.52911e-02 0.00000e+00 0.00000e+00 7.97755e-05
2.92969e+01 6.00175e-11 -5.05879e-02 2.48348e-02 0.00000e+00 0.00000e+00 7.95364e-05
2.93262e+01 -7.59359e-11 -4.96814e-02 2.43078e-02 0.00000e+00 0.00000e+00 7.92983e-05
2.93555e+01 5.47711e-11 -4.86333e-02 2.37119e-02 0.00000e+00 0.00000e+00 7.90611e-05
2.93848e+01 -6.86303e-11 -4.74470e-02 2.30487e-02 0.00000e+00 0.00000e+00 7.88249e-05
2.94141e+01 5.08518e-11 -4.61261e-02 2.23205e-02 0.00000e+00 0.00000e+00 7.85896e-05
2.94434e+01 -6.02120e-11 -4.46747e-02 2.15293e-02 0.00000e+00 0.00000e+00 7.83552e-05
2.94727e+01 4.79052e-11 -4.30974e-02 2.06776e-02 0.00000e+00 0.00000e+00 7.81218e-05
2.95020e+01 -5.11027e-11 -4.13987e-02 1.97680e-02 0.00000e+00 0.00000e+00 7.78893e-05
2.95312e+01 4.54564e-11 -3.95840e-02 1.88032e-02 0.00000e+00 0.00000e+00 7.76577e-05
2.95605e+01 -4.18105e-11 -3.76587e-02 1.77861e-02 0.00000e+00 0.00000e+00 7.74270e-05
2.95898e+01 4.29807e-11 -3.56285e-02 1.67197e-02 0.00000e+00 0.00000e+00 7.71973e-05
2.96191e+01 -3.28547e-11 -3.34995e-02 1.56073e-02 0.00000e+00 0.00000e+00 7.69684e-05
2.96484e+01 3.99803e-11 -3.12781e-02 1.44519e-02 0.00000e+00 0.00000e+00 7.67405e-05
2.96777e+01 -2.46924e-11 -2.89708e-02 1.32572e-02 0.00000e+00 0.00000e+00 7.65134e-05
2.97070e+01 3.60528e-11 -2.65844e-02 1.20266e-02 0.00000e+00 0.00000e+00 7.62873e-05
2.97363e+01 -1.76545e-11 -2.41260e-02 1.07637e-02 0.00000e+00 0.00000e+00 7.60620e-05
2.97656e+01 3.09467e-11 -2.16029e-02 9.47224e-03 0.00000e+00 0.00000e+00 7.58377e-05
2.97949e+01 -1.19033e-11 -1.90223e-02 8.15596e-03 0.00000e+00 0.00000e+00 7.56142e-05
2.98242e+01 2.45921e-11 -1.63920e-02 6.81870e-03 0.00000e+00 0.00000e+00 7.53916e-05
2.98535e+01 -7.41294e-12 -1.37195e-02 5.46435e-03 0.00000e+00 0.00000e+00 7.51698e-05
2.98828e+01 1.71056e-11 -1.10126e-02 4.09686e-03 0.00000e+00 0.00000e+00 7.49490e-05
2.99121e+01 -3.97756e-12 -8.27932e-03 2.72018e-03 0.00000e+00 0.00000e+00 7.47289e-05
2.99414e+01 8.77209e-12 -5.52745e-03 1.33829e-03 0.00000e+00 0.00000e+00 7.45098e-05
2.99707e+01 -1.24308e-12 -2.76502e-03 -4.48291e-05 0.00000e+00 0.00000e+00 7.42915e-05
3.00000e+01 2.39585e-16 -2.50070e-16 -1.42518e-03 0.00000e+00 0.00000e+00 7.40741e-05
