# r h000 h110 h112 c000 c110 c112
2.92969e-02 -1.00000e+00 1.73697e-05 -1.07860e-06 -3.28485e+01 -3.52585e+00 3.90457e-02
5.85938e-02 -1.00000e+00 1.39884e-05 -2.71142e-06 -3.15795e+01 -3.41360e+00 8.52806e-02
8.78906e-02 -1.00000e+00 1.10374e-05 -3.79767e-06 -3.05112e+01 -3.30421e+00 1.19153e-01
1.17188e-01 -1.00000e+00 8.49051e-06 -4.63046e-06 -2.94075e+01 -3.19329e+00 1.59356e-01
1.46484e-01 -1.00000e+00 6.37919e-06 -5.21241e-06 -2.83429e+01 -3.08355e+00 1.96561e-01
1.75781e-01 -1.00000e+00 4.64581e-06 -5.59325e-06 -2.72685e+01 -2.97366e+00 2.35473e-01
2.05078e-01 -1.00000e+00 3.27840e-06 -5.78354e-06 -2.62146e+01 -2.86471e+00 2.72809e-01
2.34375e-01 -1.00000e+00 2.22937e-06 -5.81573e-06 -2.51601e+01 -2.75611e+00 3.10695e-01
2.63672e-01 -1.00000e+00 1.47573e-06 -5.70466e-06 -2.41219e+01 -2.64847e+00 3.47414e-01
2.92969e-01 -1.00000e+00 9.75067e-07 -5.47704e-06 -2.30882e+01 -2.54150e+00 3.84158e-01
3.22266e-01 -1.00000e+00 6.99957e-07 -5.14934e-06 -2.20699e+01 -2.43561e+00 4.19858e-01
3.51562e-01 -1.00000e+00 6.10639e-07 -4.74527e-06 -2.10600e+01 -2.33063e+00 4.55261e-01
3.80859e-01 -1.00000e+00 6.77506e-07 -4.28172e-06 -2.00661e+01 -2.22687e+00 4.89632e-01
4.10156e-01 -1.00000e+00 8.62678e-07 -3.78008e-06 -1.90836e+01 -2.12425e+00 5.23472e-01
4.39453e-01 -1.00000e+00 1.13614e-06 -3.25643e-06 -1.81184e+01 -2.02301e+00 5.56237e-01
4.68750e-01 -1.00000e+00 1.46272e-06 -2.72926e-06 -1.71672e+01 -1.92313e+00 5.88279e-01
4.98047e-01 -1.00000e+00 1.81449e-06 -2.21217e-06 -1.62349e+01 -1.82480e+00 6.19177e-01
5.27344e-01 -1.00000e+00 2.16122e-06 -1.71931e-06 -1.53192e+01 -1.72803e+00 6.49182e-01
5.56641e-01 -1.00000e+00 2.48029e-06 -1.25975e-06 -1.44242e+01 -1.63298e+00 6.77957e-01
5.85938e-01 -1.00000e+00 2.74941e-06 -8.41530e-07 -1.35481e+01 -1.53969e+00 7.05684e-01
6.15234e-01 -1.00000e+00 2.95462e-06 -4.67350e-07 -1.26945e+01 -1.44831e+00 7.32084e-01
6.44531e-01 -1.00000e+00 3.08441e-06 -1.37816e-07 -1.18622e+01 -1.35888e+00 7.57290e-01
6.73828e-01 -1.00000e+00 3.13602e-06 1.51658e-07 -1.10544e+01 -1.27155e+00 7.81066e-01
7.03125e-01 -1.00000e+00 3.11021e-06 4.07932e-07 -1.02701e+01 -1.18635e+00 8.03508e-01
7.32422e-01 -1.00000e+00 3.01598e-06 6.42047e-07 -9.51223e+00 -1.10343e+00 8.24412e-01
7.61719e-01 -1.00000e+00 2.86548e-06 8.66281e-07 -8.78018e+00 -1.02285e+00 8.43846e-01
7.91016e-01 -1.00000e+00 2.67704e-06 1.09487e-06 -8.07657e+00 -9.44729e-01 8.61630e-01
8.20312e-01 -1.00000e+00 2.46994e-06 1.34084e-06 -7.40100e+00 -8.69133e-01 8.77811e-01
8.49609e-01 -1.00000e+00 2.26586e-06 1.61561e-06 -6.75590e+00 -7.96185e-01 8.92229e-01
8.78906e-01 -1.00000e+00 2.08324e-06 1.92551e-06 -6.14103e+00 -7.25953e-01 9.04913e-01
9.08203e-01 -1.00000e+00 1.93740e-06 2.27050e-06 -5.55868e+00 -6.58555e-01 9.15719e-01
9.37500e-01 -1.00000e+00 1.83461e-06 2.64056e-06 -5.00876e+00 -5.94063e-01 9.24661e-01
9.66797e-01 -1.00000e+00 1.77126e-06 3.01385e-06 -4.49344e+00 -5.32591e-01 9.31608e-01
9.96094e-01 -1.00000e+00 1.72796e-06 3.35314e-06 -4.01271e+00 -4.74216e-01 9.36563e-01
1.02539e+00 2.56868e+00 4.19047e-01 1.61133e+00 0.00000e+00 0.00000e+00 2.55073e+00
1.05469e+00 2.16131e+00 3.67141e-01 1.40387e+00 0.00000e+00 0.00000e+00 2.34402e+00
1.08398e+00 1.79173e+00 3.18545e-01 1.22030e+00 0.00000e+00 0.00000e+00 2.15905e+00
1.11328e+00 1.45847e+00 2.73251e-01 1.05775e+00 0.00000e+00 0.00000e+00 1.99305e+00
1.14258e+00 1.16129e+00 2.31243e-01 9.13843e-01 0.00000e+00 0.00000e+00 1.84364e+00
1.17188e+00 8.97816e-01 1.92465e-01 7.86444e-01 0.00000e+00 0.00000e+00 1.70879e+00
1.20117e+00 6.67073e-01 1.56855e-01 6.73764e-01 0.00000e+00 0.00000e+00 1.58678e+00
1.23047e+00 4.66236e-01 1.24329e-01 5.74191e-01 0.00000e+00 0.00000e+00 1.47612e+00
1.25977e+00 2.93971e-01 9.47953e-02 4.86357e-01 0.00000e+00 0.00000e+00 1.37551e+00
1.28906e+00 1.47314e-01 6.81492e-02 4.09021e-01 0.00000e+00 0.00000e+00 1.28384e+00
1.31836e+00 2.48431e-02 4.42809e-02 3.41123e-01 0.00000e+00 0.00000e+00 1.20014e+00
1.34766e+00 -7.63515e-02 2.30760e-02 2.81697e-01 0.00000e+00 0.00000e+00 1.12356e+00
1.37695e+00 -1.57609e-01 4.41316e-03 2.29906e-01 0.00000e+00 0.00000e+00 1.05336e+00
1.40625e+00 -2.21668e-01 -1.18251e-02 1.84991e-01 0.00000e+00 0.00000e+00 9.88883e-01
1.43555e+00 -2.69682e-01 -2.57652e-02 1.46283e-01 0.00000e+00 0.00000e+00 9.29567e-01
1.46484e+00 -3.04155e-01 -3.75230e-02 1.13180e-01 0.00000e+00 0.00000e+00 8.74901e-01
1.49414e+00 -3.25998e-01 -4.72261e-02 8.51423e-02 0.00000e+00 0.00000e+00 8.24439e-01
1.52344e+00 -3.37463e-01 -5.49843e-02 6.16911e-02 0.00000e+00 0.00000e+00 7.77784e-01
1.55273e+00 -3.39191e-01 -6.09239e-02 4.23833e-02 0.00000e+00 0.00000e+00 7.34584e-01
1.58203e+00 -3.33191e-01 -6.51458e-02 2.68395e-02 0.00000e+00 0.00000e+00 6.94524e-01
1.61133e+00 -3.19826e-01 -6.77727e-02 1.46911e-02 0.00000e+00 0.00000e+00 6.57326e-01
1.64062e+00 -3.00885e-01 -6.88947e-02 5.63992e-03 0.00000e+00 0.00000e+00 6.22737e-01
1.66992e+00 -2.76461e-01 -6.86301e-02 -6.25962e-04 0.00000e+00 0.00000e+00 5.90533e-01
1.69922e+00 -2.48166e-01 -6.70557e-02 -4.33584e-03 0.00000e+00 0.00000e+00 5.60512e-01
1.72852e+00 -2.15821e-01 -6.42861e-02 -5.75991e-03 0.00000e+00 0.00000e+00 5.32492e-01
1.75781e+00 -1.80921e-01 -6.03823e-02 -5.06658e-03 0.00000e+00 0.00000e+00 5.06308e-01
1.78711e+00 -1.43009e-01 -5.54568e-02 -2.49797e-03 0.00000e+00 0.00000e+00 4.81814e-01
1.81641e+00 -1.03537e-01 -4.95517e-02 1.83544e-03 0.00000e+00 0.00000e+00 4.58874e-01
1.84570e+00 -6.17370e-02 -4.27814e-02 7.70400e-03 0.00000e+00 0.00000e+00 4.37368e-01
1.87500e+00 -1.91346e-02 -3.51626e-02 1.50603e-02 0.00000e+00 0.00000e+00 4.17185e-01
1.90430e+00 2.54487e-02 -2.68217e-02 2.36625e-02 0.00000e+00 0.00000e+00 3.98225e-01
1.93359e+00 7.01859e-02 -1.77329e-02 3.35526e-02 0.00000e+00 0.00000e+00 3.80397e-01
1.96289e+00 1.16987e-01 -8.06877e-03 4.44111e-02 0.00000e+00 0.00000e+00 3.63617e-01
1.99219e+00 1.63018e-01 2.31586e-03 5.64926e-02 0.00000e+00 0.00000e+00 3.47810e-01
2.02148e+00 2.12640e-01 1.21365e-02 6.71450e-02 0.00000e+00 0.00000e+00 3.32906e-01
2.05078e+00 2.48504e-01 1.94826e-02 7.43830e-02 0.00000e+00 0.00000e+00 3.18841e-01
2.08008e+00 2.57485e-01 2.47833e-02 7.90578e-02 0.00000e+00 0.00000e+00 3.05558e-01
2.10938e+00 2.49506e-01 2.82171e-02 8.13358e-02 0.00000e+00 0.00000e+00 2.93002e-01
2.13867e+00 2.27117e-01 3.01308e-02 8.17905e-02 0.00000e+00 0.00000e+00 2.81125e-01
2.16797e+00 1.96164e-01 3.07038e-02 8.06171e-02 0.00000e+00 0.00000e+00 2.69882e-01
2.19727e+00 1.58970e-01 3.02172e-02 7.82489e-02 0.00000e+00 0.00000e+00 2.59230e-01
2.22656e+00 1.19420e-01 2.88304e-02 7.48539e-02 0.00000e+00 0.00000e+00 2.49131e-01
2.25586e+00 7.90925e-02 2.67727e-02 7.07689e-02 0.00000e+00 0.00000e+00 2.39550e-01
2.28516e+00 4.05016e-02 2.41764e-02 6.61238e-02 0.00000e+00 0.00000e+00 2.30454e-01
2.31445e+00 4.49921e-03 2.12266e-02 6.11808e-02 0.00000e+00 0.00000e+00 2.21813e-01
2.34375e+00 -2.74088e-02 1.80272e-02 5.60318e-02 0.00000e+00 0.00000e+00 2.13599e-01
2.37305e+00 -5.49608e-02 1.47245e-02 5.08783e-02 0.00000e+00 0.00000e+00 2.05785e-01
2.40234e+00 -7.73821e-02 1.13949e-02 4.57778e-02 0.00000e+00 0.00000e+00 1.98348e-01
2.43164e+00 -9.48455e-02 8.15042e-03 4.08823e-02 0.00000e+00 0.00000e+00 1.91265e-01
2.46094e+00 -1.07086e-01 5.04238e-03 3.62191e-02 0.00000e+00 0.00000e+00 1.84515e-01
2.49023e+00 -1.14565e-01 2.15290e-03 3.18994e-02 0.00000e+00 0.00000e+00 1.78079e-01
2.51953e+00 -1.17351e-01 -4.89290e-04 2.79252e-02 0.00000e+00 0.00000e+00 1.71939e-01
2.54883e+00 -1.16074e-01 -2.82781e-03 2.43744e-02 0.00000e+00 0.00000e+00 1.66078e-01
2.57812e+00 -1.11001e-01 -4.85354e-03 2.12281e-02 0.00000e+00 0.00000e+00 1.60480e-01
2.60742e+00 -1.02832e-01 -6.53203e-03 1.85370e-02 0.00000e+00 0.00000e+00 1.55131e-01
2.63672e+00 -9.19327e-02 -7.87089e-03 1.62655e-02 0.00000e+00 0.00000e+00 1.50017e-01
2.66602e+00 -7.90083e-02 -8.85406e-03 1.44424e-02 0.00000e+00 0.00000e+00 1.45126e-01
2.69531e+00 -6.44511e-02 -9.50303e-03 1.30190e-02 0.00000e+00 0.00000e+00 1.40445e-01
2.72461e+00 -4.89237e-02 -9.81694e-03 1.20069e-02 0.00000e+00 0.00000e+00 1.35963e-01
2.75391e+00 -3.28007e-02 -9.82861e-03 1.13472e-02 0.00000e+00 0.00000e+00 1.31670e-01
2.78320e+00 -1.66754e-02 -9.54949e-03 1.10381e-02 0.00000e+00 0.00000e+00 1.27555e-01
2.81250e+00 -8.77952e-04 -9.02139e-03 1.10132e-02 0.00000e+00 0.00000e+00 1.23610e-01
2.84180e+00 1.40794e-02 -8.26560e-03 1.12603e-02 0.00000e+00 0.00000e+00 1.19827e-01
2.87109e+00 2.79224e-02 -7.33085e-03 1.17078e-02 0.00000e+00 0.00000e+00 1.16196e-01
2.90039e+00 4.02211e-02 -6.24616e-03 1.23355e-02 0.00000e+00 0.00000e+00 1.12710e-01
2.92969e+00 5.07580e-02 -5.06545e-03 1.30686e-02 0.00000e+00 0.00000e+00 1.09363e-01
2.95898e+00 5.91791e-02 -3.82368e-03 1.38806e-02 0.00000e+00 0.00000e+00 1.06146e-01
2.98828e+00 6.53174e-02 -2.57848e-03 1.46948e-02 0.00000e+00 0.00000e+00 1.03055e-01
3.01758e+00 6.88842e-02 -1.36918e-03 1.54806e-02 0.00000e+00 0.00000e+00 1.00082e-01
3.04688e+00 6.97501e-02 -2.49771e-04 1.61686e-02 0.00000e+00 0.00000e+00 9.72229e-02
3.07617e+00 6.77061e-02 7.56686e-04 1.67477e-02 0.00000e+00 0.00000e+00 9.44715e-02
3.10547e+00 6.29377e-02 1.61927e-03 1.71750e-02 0.00000e+00 0.00000e+00 9.18229e-02
3.13477e+00 5.57318e-02 2.33410e-03 1.74602e-02 0.00000e+00 0.00000e+00 8.92725e-02
3.16406e+00 4.66253e-02 2.88751e-03 1.75796e-02 0.00000e+00 0.00000e+00 8.68156e-02
3.19336e+00 3.61204e-02 3.28908e-03 1.75564e-02 0.00000e+00 0.00000e+00 8.44480e-02
3.22266e+00 2.48444e-02 3.53702e-03 1.73801e-02 0.00000e+00 0.00000e+00 8.21657e-02
3.25195e+00 1.33096e-02 3.64956e-03 1.70819e-02 0.00000e+00 0.00000e+00 7.99650e-02
3.28125e+00 2.07569e-03 3.63233e-03 1.66588e-02 0.00000e+00 0.00000e+00 7.78421e-02
3.31055e+00 -8.45262e-03 3.50830e-03 1.61461e-02 0.00000e+00 0.00000e+00 7.57938e-02
3.33984e+00 -1.78639e-02 3.28695e-03 1.55447e-02 0.00000e+00 0.00000e+00 7.38166e-02
3.36914e+00 -2.59126e-02 2.99288e-03 1.48902e-02 0.00000e+00 0.00000e+00 7.19077e-02
3.39844e+00 -3.23612e-02 2.63671e-03 1.41845e-02 0.00000e+00 0.00000e+00 7.00640e-02
3.42773e+00 -3.71295e-02 2.24235e-03 1.34616e-02 0.00000e+00 0.00000e+00 6.82828e-02
3.45703e+00 -4.01436e-02 1.81952e-03 1.27220e-02 0.00000e+00 0.00000e+00 6.65615e-02
3.48633e+00 -4.14667e-02 1.38988e-03 1.19965e-02 0.00000e+00 0.00000e+00 6.48975e-02
3.51562e+00 -4.11570e-02 9.60848e-04 1.12833e-02 0.00000e+00 0.00000e+00 6.32885e-02
3.54492e+00 -3.93848e-02 5.50788e-04 1.06090e-02 0.00000e+00 0.00000e+00 6.17323e-02
3.57422e+00 -3.63001e-02 1.64064e-04 9.96854e-03 0.00000e+00 0.00000e+00 6.02267e-02
3.60352e+00 -3.21392e-02 -1.84805e-04 9.38397e-03 0.00000e+00 0.00000e+00 5.87697e-02
3.63281e+00 -2.71024e-02 -4.94867e-04 8.84707e-03 0.00000e+00 0.00000e+00 5.73593e-02
3.66211e+00 -2.14528e-02 -7.55543e-04 8.37530e-03 0.00000e+00 0.00000e+00 5.59936e-02
3.69141e+00 -1.54042e-02 -9.69269e-04 7.95724e-03 0.00000e+00 0.00000e+00 5.46710e-02
3.72070e+00 -9.21328e-03 -1.12919e-03 7.60628e-03 0.00000e+00 0.00000e+00 5.33897e-02
3.75000e+00 -3.07725e-03 -1.24081e-03 7.30825e-03 0.00000e+00 0.00000e+00 5.21481e-02
3.77930e+00 2.77906e-03 -1.30052e-03 7.07301e-03 0.00000e+00 0.00000e+00 5.09448e-02
3.80859e+00 8.19659e-03 -1.31636e-03 6.88427e-03 0.00000e+00 0.00000e+00 4.97781e-02
3.83789e+00 1.29998e-02 -1.28733e-03 6.74917e-03 0.00000e+00 0.00000e+00 4.86469e-02
3.86719e+00 1.70815e-02 -1.22327e-03 6.65001e-03 0.00000e+00 0.00000e+00 4.75496e-02
3.89648e+00 2.03254e-02 -1.12502e-03 6.59209e-03 0.00000e+00 0.00000e+00 4.64851e-02
3.92578e+00 2.26832e-02 -1.00345e-03 6.55715e-03 0.00000e+00 0.00000e+00 4.54521e-02
3.95508e+00 2.41013e-02 -8.60318e-04 6.54952e-03 0.00000e+00 0.00000e+00 4.44496e-02
3.98438e+00 2.45921e-02 -7.06678e-04 6.55128e-03 0.00000e+00 0.00000e+00 4.34762e-02
4.01367e+00 2.41639e-02 -5.44338e-04 6.56671e-03 0.00000e+00 0.00000e+00 4.25311e-02
4.04297e+00 2.28870e-02 -3.83599e-04 6.57909e-03 0.00000e+00 0.00000e+00 4.16132e-02
4.07227e+00 2.08278e-02 -2.25438e-04 6.59355e-03 0.00000e+00 0.00000e+00 4.07216e-02
4.10156e+00 1.81101e-02 -7.86777e-05 6.59525e-03 0.00000e+00 0.00000e+00 3.98552e-02
4.13086e+00 1.48513e-02 5.70986e-05 6.59067e-03 0.00000e+00 0.00000e+00 3.90132e-02
4.16016e+00 1.12148e-02 1.74871e-04 6.56709e-03 0.00000e+00 0.00000e+00 3.81948e-02
4.18945e+00 7.34632e-03 2.76606e-04 6.53247e-03 0.00000e+00 0.00000e+00 3.73991e-02
4.21875e+00 3.42039e-03 3.57077e-04 6.47612e-03 0.00000e+00 0.00000e+00 3.66253e-02
4.24805e+00 -4.19898e-04 4.19682e-04 6.40727e-03 0.00000e+00 0.00000e+00 3.58728e-02
4.27734e+00 -4.01877e-03 4.60766e-04 6.31700e-03 0.00000e+00 0.00000e+00 3.51407e-02
4.30664e+00 -7.26266e-03 4.84878e-04 6.21549e-03 0.00000e+00 0.00000e+00 3.44284e-02
4.33594e+00 -1.00367e-02 4.89584e-04 6.09519e-03 0.00000e+00 0.00000e+00 3.37352e-02
4.36523e+00 -1.22740e-02 4.80221e-04 5.96684e-03 0.00000e+00 0.00000e+00 3.30605e-02
4.39453e+00 -1.39118e-02 4.55185e-04 5.82379e-03 0.00000e+00 0.00000e+00 3.24037e-02
4.42383e+00 -1.49356e-02 4.20219e-04 5.67698e-03 0.00000e+00 0.00000e+00 3.17642e-02
4.45312e+00 -1.53357e-02 3.74168e-04 5.52027e-03 0.00000e+00 0.00000e+00 3.11414e-02
4.48242e+00 -1.51461e-02 3.22826e-04 5.36442e-03 0.00000e+00 0.00000e+00 3.05348e-02
4.51172e+00 -1.44021e-02 2.65151e-04 5.20350e-03 0.00000e+00 0.00000e+00 2.99438e-02
4.54102e+00 -1.31756e-02 2.06697e-04 5.04776e-03 0.00000e+00 0.00000e+00 2.93680e-02
4.57031e+00 -1.15337e-02 1.46266e-04 4.89121e-03 0.00000e+00 0.00000e+00 2.88068e-02
4.59961e+00 -9.57155e-03 8.89559e-05 4.74347e-03 0.00000e+00 0.00000e+00 2.82598e-02
4.62891e+00 -7.37278e-03 3.32273e-05 4.59826e-03 0.00000e+00 0.00000e+00 2.77267e-02
4.65820e+00 -5.04025e-03 -1.64141e-05 4.46443e-03 0.00000e+00 0.00000e+00 2.72068e-02
4.68750e+00 -2.65906e-03 -6.19517e-05 4.33537e-03 0.00000e+00 0.00000e+00 2.66999e-02
4.71680e+00 -3.25820e-04 -9.95278e-05 4.21914e-03 0.00000e+00 0.00000e+00 2.62054e-02
4.74609e+00 1.88570e-03 -1.31597e-04 4.10876e-03 0.00000e+00 0.00000e+00 2.57231e-02
4.77539e+00 3.89619e-03 -1.54935e-04 4.01152e-03 0.00000e+00 0.00000e+00 2.52526e-02
4.80469e+00 5.65245e-03 -1.72430e-04 3.92014e-03 0.00000e+00 0.00000e+00 2.47935e-02
4.83398e+00 7.09970e-03 -1.81417e-04 3.84127e-03 0.00000e+00 0.00000e+00 2.43454e-02
4.86328e+00 8.21062e-03 -1.85132e-04 3.76739e-03 0.00000e+00 0.00000e+00 2.39081e-02
4.89258e+00 8.95818e-03 -1.81357e-04 3.70462e-03 0.00000e+00 0.00000e+00 2.34812e-02
4.92188e+00 9.34227e-03 -1.73552e-04 3.64537e-03 0.00000e+00 0.00000e+00 2.30643e-02
4.95117e+00 9.36312e-03 -1.59813e-04 3.59536e-03 0.00000e+00 0.00000e+00 2.26573e-02
4.98047e+00 9.04571e-03 -1.43687e-04 3.54705e-03 0.00000e+00 0.00000e+00 2.22598e-02
5.00977e+00 8.41384e-03 -1.23438e-04 3.50594e-03 0.00000e+00 0.00000e+00 2.18716e-02
5.03906e+00 7.51266e-03 -1.02574e-04 3.46465e-03 0.00000e+00 0.00000e+00 2.14923e-02
5.06836e+00 6.38342e-03 -7.93947e-05 3.42858e-03 0.00000e+00 0.00000e+00 2.11218e-02
5.09766e+00 5.08448e-03 -5.72531e-05 3.39064e-03 0.00000e+00 0.00000e+00 2.07597e-02
5.12695e+00 3.66682e-03 -3.43848e-05 3.35623e-03 0.00000e+00 0.00000e+00 2.04058e-02
5.15625e+00 2.19369e-03 -1.39097e-05 3.31860e-03 0.00000e+00 0.00000e+00 2.00600e-02
5.18555e+00 7.17173e-04 6.06799e-06 3.28322e-03 0.00000e+00 0.00000e+00 1.97219e-02
5.21484e+00 -7.03227e-04 2.27044e-05 3.24372e-03 0.00000e+00 0.00000e+00 1.93914e-02
5.24414e+00 -2.02271e-03 3.80555e-05 3.20565e-03 0.00000e+00 0.00000e+00 1.90682e-02
5.27344e+00 -3.19315e-03 4.95606e-05 3.16303e-03 0.00000e+00 0.00000e+00 1.87522e-02
5.30273e+00 -4.18370e-03 5.94324e-05 3.12147e-03 0.00000e+00 0.00000e+00 1.84431e-02
5.33203e+00 -4.96295e-03 6.53725e-05 3.07535e-03 0.00000e+00 0.00000e+00 1.81407e-02
5.36133e+00 -5.51785e-03 6.97225e-05 3.03033e-03 0.00000e+00 0.00000e+00 1.78450e-02
5.39062e+00 -5.83600e-03 7.04048e-05 2.98108e-03 0.00000e+00 0.00000e+00 1.75556e-02
5.41992e+00 -5.92284e-03 6.98460e-05 2.93325e-03 0.00000e+00 0.00000e+00 1.72724e-02
5.44922e+00 -5.78411e-03 6.61369e-05 2.88177e-03 0.00000e+00 0.00000e+00 1.69953e-02
5.47852e+00 -5.44152e-03 6.17381e-05 2.83223e-03 0.00000e+00 0.00000e+00 1.67241e-02
5.50781e+00 -4.91543e-03 5.48530e-05 2.77972e-03 0.00000e+00 0.00000e+00 1.64587e-02
5.53711e+00 -4.23942e-03 4.79258e-05 2.72976e-03 0.00000e+00 0.00000e+00 1.61988e-02
5.56641e+00 -3.44328e-03 3.92204e-05 2.67755e-03 0.00000e+00 0.00000e+00 1.59444e-02
5.59570e+00 -2.56675e-03 3.11199e-05 2.62846e-03 0.00000e+00 0.00000e+00 1.56953e-02
5.62500e+00 -1.64314e-03 2.19056e-05 2.57778e-03 0.00000e+00 0.00000e+00 1.54513e-02
5.65430e+00 -7.12477e-04 1.38649e-05 2.53069e-03 0.00000e+00 0.00000e+00 1.52124e-02
5.68359e+00 1.94026e-04 5.26476e-06 2.48256e-03 0.00000e+00 0.00000e+00 1.49783e-02
5.71289e+00 1.04127e-03 -1.72506e-06 2.43836e-03 0.00000e+00 0.00000e+00 1.47491e-02
5.74219e+00 1.80478e-03 -8.87100e-06 2.39347e-03 0.00000e+00 0.00000e+00 1.45245e-02
5.77148e+00 2.45824e-03 -1.41306e-05 2.35270e-03 0.00000e+00 0.00000e+00 1.43044e-02
5.80078e+00 2.98703e-03 -1.93103e-05 2.31143e-03 0.00000e+00 0.00000e+00 1.40888e-02
5.83008e+00 3.37581e-03 -2.24927e-05 2.27429e-03 0.00000e+00 0.00000e+00 1.38774e-02
5.85938e+00 3.62113e-03 -2.55204e-05 2.23669e-03 0.00000e+00 0.00000e+00 1.36703e-02
5.88867e+00 3.71912e-03 -2.65897e-05 2.20307e-03 0.00000e+00 0.00000e+00 1.34673e-02
5.91797e+00 3.67712e-03 -2.75668e-05 2.16890e-03 0.00000e+00 0.00000e+00 1.32683e-02
5.94727e+00 3.50159e-03 -2.67438e-05 2.13847e-03 0.00000e+00 0.00000e+00 1.30732e-02
5.97656e+00 3.20887e-03 -2.59933e-05 2.10728e-03 0.00000e+00 0.00000e+00 1.28819e-02
6.00586e+00 2.81336e-03 -2.36820e-05 2.07951e-03 0.00000e+00 0.00000e+00 1.26943e-02
6.03516e+00 2.33760e-03 -2.16690e-05 2.05075e-03 0.00000e+00 0.00000e+00 1.25103e-02
6.06445e+00 1.80072e-03 -1.83738e-05 2.02505e-03 0.00000e+00 0.00000e+00 1.23298e-02
6.09375e+00 1.22806e-03 -1.56239e-05 1.99810e-03 0.00000e+00 0.00000e+00 1.21529e-02
6.12305e+00 6.40022e-04 -1.18713e-05 1.97387e-03 0.00000e+00 0.00000e+00 1.19793e-02
6.15234e+00 6.12893e-05 -8.89658e-06 1.94816e-03 0.00000e+00 0.00000e+00 1.18089e-02
6.18164e+00 -4.89785e-04 -5.16885e-06 1.92487e-03 0.00000e+00 0.00000e+00 1.16418e-02
6.21094e+00 -9.92212e-04 -2.41017e-06 1.89991e-03 0.00000e+00 0.00000e+00 1.14779e-02
6.24023e+00 -1.43240e-03 9.03836e-07 1.87714e-03 0.00000e+00 0.00000e+00 1.13170e-02
6.26953e+00 -1.79532e-03 3.11547e-06 1.85256e-03 0.00000e+00 0.00000e+00 1.11591e-02
6.29883e+00 -2.07390e-03 5.74827e-06 1.83001e-03 0.00000e+00 0.00000e+00 1.10041e-02
6.32812e+00 -2.26032e-03 7.20993e-06 1.80559e-03 0.00000e+00 0.00000e+00 1.08519e-02
6.35742e+00 -2.35469e-03 9.02399e-06 1.78310e-03 0.00000e+00 0.00000e+00 1.07026e-02
6.38672e+00 -2.35645e-03 9.66038e-06 1.75875e-03 0.00000e+00 0.00000e+00 1.05560e-02
6.41602e+00 -2.27247e-03 1.06397e-05 1.73628e-03 0.00000e+00 0.00000e+00 1.04121e-02
6.44531e+00 -2.10849e-03 1.04878e-05 1.71202e-03 0.00000e+00 0.00000e+00 1.02707e-02
6.47461e+00 -1.87675e-03 1.07168e-05 1.68964e-03 0.00000e+00 0.00000e+00 1.01319e-02
6.50391e+00 -1.58754e-03 9.90037e-06 1.66557e-03 0.00000e+00 0.00000e+00 9.99562e-03
6.53320e+00 -1.25643e-03 9.53509e-06 1.64343e-03 0.00000e+00 0.00000e+00 9.86176e-03
6.56250e+00 -8.96049e-04 8.23346e-06 1.61970e-03 0.00000e+00 0.00000e+00 9.73027e-03
6.59180e+00 -5.22986e-04 7.46966e-06 1.59796e-03 0.00000e+00 0.00000e+00 9.60111e-03
6.62109e+00 -1.49900e-04 5.88651e-06 1.57476e-03 0.00000e+00 0.00000e+00 9.47422e-03
6.65039e+00 2.07801e-04 4.92935e-06 1.55359e-03 0.00000e+00 0.00000e+00 9.34956e-03
6.67969e+00 5.39486e-04 3.26406e-06 1.53109e-03 0.00000e+00 0.00000e+00 9.22708e-03
6.70898e+00 8.32744e-04 2.30222e-06 1.51066e-03 0.00000e+00 0.00000e+00 9.10673e-03
6.73828e+00 1.08050e-03 7.27256e-07 1.48899e-03 0.00000e+00 0.00000e+00 8.98846e-03
6.76758e+00 1.27454e-03 -8.60672e-08 1.46941e-03 0.00000e+00 0.00000e+00 8.87223e-03
6.79688e+00 1.41219e-03 -1.44038e-06 1.44867e-03 0.00000e+00 0.00000e+00 8.75800e-03
6.82617e+00 1.48991e-03 -1.99885e-06 1.43002e-03 0.00000e+00 0.00000e+00 8.64572e-03
6.85547e+00 1.50958e-03 -3.05180e-06 1.41025e-03 0.00000e+00 0.00000e+00 8.53535e-03
6.88477e+00 1.47211e-03 -3.29968e-06 1.39254e-03 0.00000e+00 0.00000e+00 8.42685e-03
6.91406e+00 1.38339e-03 -4.02043e-06 1.37374e-03 0.00000e+00 0.00000e+00 8.32018e-03
6.94336e+00 1.24796e-03 -3.94969e-06 1.35695e-03 0.00000e+00 0.00000e+00 8.21531e-03
6.97266e+00 1.07468e-03 -4.35165e-06 1.33907e-03 0.00000e+00 0.00000e+00 8.11219e-03
7.00195e+00 8.70534e-04 -3.99398e-06 1.32313e-03 0.00000e+00 0.00000e+00 8.01079e-03
7.03125e+00 6.45977e-04 -4.12497e-06 1.30609e-03 0.00000e+00 0.00000e+00 7.91107e-03
7.06055e+00 4.08988e-04 -3.54065e-06 1.29092e-03 0.00000e+00 0.00000e+00 7.81300e-03
7.08984e+00 1.70198e-04 -3.47088e-06 1.27461e-03 0.00000e+00 0.00000e+00 7.71654e-03
7.11914e+00 -6.28333e-05 -2.73632e-06 1.26011e-03 0.00000e+00 0.00000e+00 7.62167e-03
7.14844e+00 -2.80623e-04 -2.54593e-06 1.24444e-03 0.00000e+00 0.00000e+00 7.52834e-03
7.17773e+00 -4.77236e-04 -1.74162e-06 1.23049e-03 0.00000e+00 0.00000e+00 7.43653e-03
7.20703e+00 -6.45372e-04 -1.50945e-06 1.21535e-03 0.00000e+00 0.00000e+00 7.34621e-03
7.23633e+00 -7.81564e-04 -7.09696e-07 1.20186e-03 0.00000e+00 0.00000e+00 7.25735e-03
7.26562e+00 -8.81328e-04 -5.04193e-07 1.18717e-03 0.00000e+00 0.00000e+00 7.16991e-03
7.29492e+00 -9.44077e-04 2.30479e-07 1.17407e-03 0.00000e+00 0.00000e+00 7.08387e-03
7.32422e+00 -9.68320e-04 3.57344e-07 1.15975e-03 0.00000e+00 0.00000e+00 6.99921e-03
7.35352e+00 -9.56307e-04 9.84786e-07 1.14697e-03 0.00000e+00 0.00000e+00 6.91588e-03
7.38281e+00 -9.09285e-04 1.00055e-06 1.13299e-03 0.00000e+00 0.00000e+00 6.83388e-03
7.41211e+00 -8.31898e-04 1.49854e-06 1.12050e-03 0.00000e+00 0.00000e+00 6.75316e-03
7.44141e+00 -7.27515e-04 1.39044e-06 1.10681e-03 0.00000e+00 0.00000e+00 6.67371e-03
7.47070e+00 -6.02430e-04 1.75558e-06 1.09460e-03 0.00000e+00 0.00000e+00 6.59551e-03
7.50000e+00 -4.61291e-04 1.52835e-06 1.08121e-03 0.00000e+00 0.00000e+00 6.51852e-03
7.52930e+00 -3.11132e-04 1.77302e-06 1.06926e-03 0.00000e+00 0.00000e+00 6.44272e-03
7.55859e+00 -1.56942e-04 1.44508e-06 1.05617e-03 0.00000e+00 0.00000e+00 6.36810e-03
7.58789e+00 -5.56848e-06 1.59300e-06 1.04451e-03 0.00000e+00 0.00000e+00 6.29462e-03
7.61719e+00 1.38544e-04 1.19173e-06 1.03173e-03 0.00000e+00 0.00000e+00 6.22227e-03
7.64648e+00 2.69542e-04 1.27314e-06 1.02037e-03 0.00000e+00 0.00000e+00 6.15102e-03
7.67578e+00 3.84241e-04 8.29973e-07 1.00792e-03 0.00000e+00 0.00000e+00 6.08086e-03
7.70508e+00 4.78369e-04 8.76826e-07 9.96877e-04 0.00000e+00 0.00000e+00 6.01176e-03
7.73438e+00 5.50457e-04 4.22804e-07 9.84777e-04 0.00000e+00 0.00000e+00 5.94370e-03
7.76367e+00 5.98129e-04 4.64725e-07 9.74072e-04 0.00000e+00 0.00000e+00 5.87667e-03
7.79297e+00 6.21790e-04 2.68893e-08 9.62335e-04 0.00000e+00 0.00000e+00 5.81064e-03
7.82227e+00 6.20971e-04 8.81242e-08 9.51978e-04 0.00000e+00 0.00000e+00 5.74560e-03
7.85156e+00 5.97832e-04 -3.12929e-07 9.40611e-04 0.00000e+00 0.00000e+00 5.68152e-03
7.88086e+00 5.53555e-04 -2.15358e-07 9.30606e-04 0.00000e+00 0.00000e+00 5.61839e-03
7.91016e+00 4.91691e-04 -5.66724e-07 9.19609e-04 0.00000e+00 0.00000e+00 5.55620e-03
7.93945e+00 4.14617e-04 -4.23679e-07 9.09952e-04 0.00000e+00 0.00000e+00 5.49491e-03
7.96875e+00 3.26751e-04 -7.20250e-07 8.99317e-04 0.00000e+00 0.00000e+00 5.43453e-03
7.99805e+00 2.31090e-04 -5.30081e-07 8.89997e-04 0.00000e+00 0.00000e+00 5.37503e-03
8.02734e+00 1.32322e-04 -7.73716e-07 8.79711e-04 0.00000e+00 0.00000e+00 5.31639e-03
8.05664e+00 3.34642e-05 -5.41062e-07 8.70713e-04 0.00000e+00 0.00000e+00 5.25861e-03
8.08594e+00 -6.11037e-05 -7.39093e-07 8.60756e-04 0.00000e+00 0.00000e+00 5.20166e-03
8.11523e+00 -1.48879e-04 -4.73165e-07 8.52059e-04 0.00000e+00 0.00000e+00 5.14552e-03
8.14453e+00 -2.26271e-04 -6.36526e-07 8.42411e-04 0.00000e+00 0.00000e+00 5.09019e-03
8.17383e+00 -2.91699e-04 -3.49164e-07 8.33993e-04 0.00000e+00 0.00000e+00 5.03566e-03
8.20312e+00 -3.42680e-04 -4.90452e-07 8.24629e-04 0.00000e+00 0.00000e+00 4.98190e-03
8.23242e+00 -3.78792e-04 -1.94239e-07 8.16468e-04 0.00000e+00 0.00000e+00 4.92890e-03
8.26172e+00 -3.98795e-04 -3.25928e-07 8.07367e-04 0.00000e+00 0.00000e+00 4.87665e-03
8.29102e+00 -4.03469e-04 -3.25605e-08 7.99443e-04 0.00000e+00 0.00000e+00 4.82514e-03
8.32031e+00 -3.92768e-04 -1.65567e-07 7.90586e-04 0.00000e+00 0.00000e+00 4.77434e-03
8.34961e+00 -3.68538e-04 1.15369e-07 7.82880e-04 0.00000e+00 0.00000e+00 4.72426e-03
8.37891e+00 -3.31721e-04 -2.73224e-08 7.74249e-04 0.00000e+00 0.00000e+00 4.67488e-03
8.40820e+00 -2.84955e-04 2.34451e-07 7.66747e-04 0.00000e+00 0.00000e+00 4.62619e-03
8.43750e+00 -2.29840e-04 7.67638e-08 7.58331e-04 0.00000e+00 0.00000e+00 4.57816e-03
8.46680e+00 -1.69449e-04 3.15777e-07 7.51022e-04 0.00000e+00 0.00000e+00 4.53080e-03
8.49609e+00 -1.05658e-04 1.40890e-07 7.42810e-04 0.00000e+00 0.00000e+00 4.48410e-03
8.52539e+00 -4.15846e-05 3.56529e-07 7.35686e-04 0.00000e+00 0.00000e+00 4.43803e-03
8.55469e+00 2.10015e-05 1.65029e-07 7.27672e-04 0.00000e+00 0.00000e+00 4.39259e-03
8.58398e+00 7.92960e-05 3.59196e-07 7.20729e-04 0.00000e+00 0.00000e+00 4.34776e-03
8.61328e+00 1.31960e-04 1.53866e-07 7.12908e-04 0.00000e+00 0.00000e+00 4.30355e-03
8.64258e+00 1.76783e-04 3.30297e-07 7.06143e-04 0.00000e+00 0.00000e+00 4.25993e-03
8.67188e+00 2.13087e-04 1.15380e-07 6.98514e-04 0.00000e+00 0.00000e+00 4.21690e-03
8.70117e+00 2.39427e-04 2.78879e-07 6.91925e-04 0.00000e+00 0.00000e+00 4.17445e-03
8.73047e+00 2.55896e-04 5.92976e-08 6.84486e-04 0.00000e+00 0.00000e+00 4.13257e-03
8.75977e+00 2.61861e-04 2.14977e-07 6.78073e-04 0.00000e+00 0.00000e+00 4.09124e-03
8.78906e+00 2.58175e-04 -4.37127e-09 6.70822e-04 0.00000e+00 0.00000e+00 4.05047e-03
8.81836e+00 2.44947e-04 1.48260e-07 6.64582e-04 0.00000e+00 0.00000e+00 4.01023e-03
8.84766e+00 2.23668e-04 -6.65669e-08 6.57518e-04 0.00000e+00 0.00000e+00 3.97053e-03
8.87695e+00 1.95026e-04 8.69535e-08 6.51451e-04 0.00000e+00 0.00000e+00 3.93134e-03
8.90625e+00 1.60950e-04 -1.20070e-07 6.44571e-04 0.00000e+00 0.00000e+00 3.89267e-03
8.93555e+00 1.22475e-04 3.71381e-08 6.38672e-04 0.00000e+00 0.00000e+00 3.85451e-03
8.96484e+00 8.17260e-05 -1.60016e-07 6.31972e-04 0.00000e+00 0.00000e+00 3.81684e-03
8.99414e+00 3.98313e-05 2.42728e-09 6.26239e-04 0.00000e+00 0.00000e+00 3.77967e-03
9.02344e+00 -1.13797e-06 -1.84032e-07 6.19715e-04 0.00000e+00 0.00000e+00 3.74297e-03
9.05273e+00 -4.01972e-05 -1.60055e-08 6.14142e-04 0.00000e+00 0.00000e+00 3.70675e-03
9.08203e+00 -7.55486e-05 -1.92061e-07 6.07787e-04 0.00000e+00 0.00000e+00 3.67099e-03
9.11133e+00 -1.06544e-04 -1.91172e-08 6.02369e-04 0.00000e+00 0.00000e+00 3.63570e-03
9.14062e+00 -1.31819e-04 -1.85944e-07 5.96178e-04 0.00000e+00 0.00000e+00 3.60085e-03
9.16992e+00 -1.51185e-04 -9.49215e-09 5.90907e-04 0.00000e+00 0.00000e+00 3.56645e-03
9.19922e+00 -1.63796e-04 -1.68855e-07 5.84873e-04 0.00000e+00 0.00000e+00 3.53248e-03
9.22852e+00 -1.69968e-04 9.26140e-09 5.79744e-04 0.00000e+00 0.00000e+00 3.49895e-03
9.25781e+00 -1.69377e-04 -1.44679e-07 5.73860e-04 0.00000e+00 0.00000e+00 3.46583e-03
9.28711e+00 -1.62813e-04 3.31233e-08 5.68866e-04 0.00000e+00 0.00000e+00 3.43314e-03
9.31641e+00 -1.50405e-04 -1.17430e-07 5.63125e-04 0.00000e+00 0.00000e+00 3.40085e-03
9.34570e+00 -1.33318e-04 5.82108e-08 5.58260e-04 0.00000e+00 0.00000e+00 3.36897e-03
9.37500e+00 -1.12011e-04 -9.07494e-08 5.52656e-04 0.00000e+00 0.00000e+00 3.33748e-03
9.40430e+00 -8.78823e-05 8.12101e-08 5.47915e-04 0.00000e+00 0.00000e+00 3.30639e-03
9.43359e+00 -6.15640e-05 -6.75487e-08 5.42443e-04 0.00000e+00 0.00000e+00 3.27568e-03
9.46289e+00 -3.45243e-05 9.96629e-08 5.37820e-04 0.00000e+00 0.00000e+00 3.24535e-03
9.49219e+00 -7.40501e-06 -4.97986e-08 5.32475e-04 0.00000e+00 0.00000e+00 3.21539e-03
9.52148e+00 1.84140e-05 1.12099e-07 5.27967e-04 0.00000e+00 0.00000e+00 3.18580e-03
9.55078e+00 4.24289e-05 -3.84692e-08 5.22745e-04 0.00000e+00 0.00000e+00 3.15657e-03
9.58008e+00 6.34791e-05 1.18027e-07 5.18346e-04 0.00000e+00 0.00000e+00 3.12770e-03
9.60938e+00 8.13112e-05 -3.35992e-08 5.13243e-04 0.00000e+00 0.00000e+00 3.09918e-03
9.63867e+00 9.50723e-05 1.17817e-07 5.08952e-04 0.00000e+00 0.00000e+00 3.07101e-03
9.66797e+00 1.04823e-04 -3.44614e-08 5.03965e-04 0.00000e+00 0.00000e+00 3.04318e-03
9.69727e+00 1.10057e-04 1.12496e-07 4.99778e-04 0.00000e+00 0.00000e+00 3.01568e-03
9.72656e+00 1.11161e-04 -3.97885e-08 4.94905e-04 0.00000e+00 0.00000e+00 2.98851e-03
9.75586e+00 1.07959e-04 1.03506e-07 4.90820e-04 0.00000e+00 0.00000e+00 2.96167e-03
9.78516e+00 1.01129e-04 -4.80205e-08 4.86058e-04 0.00000e+00 0.00000e+00 2.93514e-03
9.81445e+00 9.07691e-05 9.24626e-08 4.82073e-04 0.00000e+00 0.00000e+00 2.90894e-03
9.84375e+00 7.77707e-05 -5.75426e-08 4.77418e-04 0.00000e+00 0.00000e+00 2.88304e-03
9.87305e+00 6.24161e-05 8.09289e-08 4.73531e-04 0.00000e+00 0.00000e+00 2.85745e-03
9.90234e+00 4.57126e-05 -6.68847e-08 4.68983e-04 0.00000e+00 0.00000e+00 2.83217e-03
9.93164e+00 2.80205e-05 7.02429e-08 4.65190e-04 0.00000e+00 0.00000e+00 2.80718e-03
9.96094e+00 1.03553e-05 -7.48682e-08 4.60745e-04 0.00000e+00 0.00000e+00 2.78248e-03
9.99023e+00 -6.94926e-06 6.14006e-08 4.57046e-04 0.00000e+00 0.00000e+00 2.75807e-03
1.00195e+01 -2.29681e-05 -8.06917e-08 4.52702e-04 0.00000e+00 0.00000e+00 2.73395e-03
1.00488e+01 -3.74843e-05 5.50008e-08 4.49093e-04 0.00000e+00 0.00000e+00 2.71011e-03
1.00781e+01 -4.97401e-05 -8.39565e-08 4.44847e-04 0.00000e+00 0.00000e+00 2.68654e-03
1.01074e+01 -5.96987e-05 5.12476e-08 4.41326e-04 0.00000e+00 0.00000e+00 2.66325e-03
1.01367e+01 -6.68169e-05 -8.46399e-08 4.37175e-04 0.00000e+00 0.00000e+00 2.64022e-03
1.01660e+01 -7.12685e-05 4.99974e-08 4.33739e-04 0.00000e+00 0.00000e+00 2.61746e-03
1.01953e+01 -7.27377e-05 -8.30292e-08 4.29681e-04 0.00000e+00 0.00000e+00 2.59496e-03
1.02246e+01 -7.16056e-05 5.08402e-08 4.26327e-04 0.00000e+00 0.00000e+00 2.57272e-03
1.02539e+01 -6.77646e-05 -7.96317e-08 4.22359e-04 0.00000e+00 0.00000e+00 2.55073e-03
1.02832e+01 -6.17701e-05 5.31956e-08 4.19085e-04 0.00000e+00 0.00000e+00 2.52899e-03
1.03125e+01 -5.36762e-05 -7.50742e-08 4.15203e-04 0.00000e+00 0.00000e+00 2.50750e-03
1.03418e+01 -4.41571e-05 5.64124e-08 4.12007e-04 0.00000e+00 0.00000e+00 2.48625e-03
1.03711e+01 -3.33658e-05 -7.00081e-08 4.08209e-04 0.00000e+00 0.00000e+00 2.46524e-03
1.04004e+01 -2.20270e-05 5.98584e-08 4.05087e-04 0.00000e+00 0.00000e+00 2.44446e-03
1.04297e+01 -1.03224e-05 -6.50276e-08 4.01371e-04 0.00000e+00 0.00000e+00 2.42392e-03
1.04590e+01 1.04161e-06 6.29909e-08 3.98322e-04 0.00000e+00 0.00000e+00 2.40361e-03
1.04883e+01 1.19215e-05 -6.06102e-08 3.94685e-04 0.00000e+00 0.00000e+00 2.38353e-03
1.05176e+01 2.16896e-05 6.54048e-08 3.91705e-04 0.00000e+00 0.00000e+00 2.36366e-03
1.05469e+01 3.02941e-05 -5.70820e-08 3.88145e-04 0.00000e+00 0.00000e+00 2.34402e-03
1.05762e+01 3.72307e-05 6.68548e-08 3.85234e-04 0.00000e+00 0.00000e+00 2.32459e-03
1.06055e+01 4.25738e-05 -5.46064e-08 3.81748e-04 0.00000e+00 0.00000e+00 2.30538e-03
1.06348e+01 4.59659e-05 6.72553e-08 3.78903e-04 0.00000e+00 0.00000e+00 2.28638e-03
1.06641e+01 4.76199e-05 -5.31947e-08 3.75491e-04 0.00000e+00 0.00000e+00 2.26759e-03
1.06934e+01 4.73264e-05 6.66614e-08 3.72709e-04 0.00000e+00 0.00000e+00 2.24900e-03
1.07227e+01 4.54279e-05 -5.27322e-08 3.69368e-04 0.00000e+00 0.00000e+00 2.23062e-03
1.07520e+01 4.18436e-05 6.52370e-08 3.66649e-04 0.00000e+00 0.00000e+00 2.21244e-03
1.07812e+01 3.70183e-05 -5.30147e-08 3.63376e-04 0.00000e+00 0.00000e+00 2.19445e-03
1.08105e+01 3.09655e-05 6.32153e-08 3.60719e-04 0.00000e+00 0.00000e+00 2.17666e-03
1.08398e+01 2.41921e-05 -5.37888e-08 3.57514e-04 0.00000e+00 0.00000e+00 2.15905e-03
1.08691e+01 1.67619e-05 6.08590e-08 3.54915e-04 0.00000e+00 0.00000e+00 2.14164e-03
1.08984e+01 9.19885e-06 -5.47906e-08 3.51776e-04 0.00000e+00 0.00000e+00 2.12442e-03
1.09277e+01 1.57076e-06 5.84238e-08 3.49236e-04 0.00000e+00 0.00000e+00 2.10738e-03
1.09570e+01 -5.62559e-06 -5.57787e-08 3.46160e-04 0.00000e+00 0.00000e+00 2.09052e-03
1.09863e+01 -1.23595e-05 5.61298e-08 3.43677e-04 0.00000e+00 0.00000e+00 2.07384e-03
1.10156e+01 -1.81980e-05 -5.65584e-08 3.40664e-04 0.00000e+00 0.00000e+00 2.05734e-03
1.10449e+01 -2.31790e-05 5.41417e-08 3.38235e-04 0.00000e+00 0.00000e+00 2.04101e-03
1.10742e+01 -2.69582e-05 -5.69962e-08 3.35283e-04 0.00000e+00 0.00000e+00 2.02485e-03
1.11035e+01 -2.96596e-05 5.25595e-08 3.32908e-04 0.00000e+00 0.00000e+00 2.00887e-03
1.11328e+01 -3.10381e-05 -5.70245e-08 3.30016e-04 0.00000e+00 0.00000e+00 1.99305e-03
1.11621e+01 -3.13076e-05 5.14185e-08 3.27693e-04 0.00000e+00 0.00000e+00 1.97740e-03
1.11914e+01 -3.03177e-05 -5.66373e-08 3.24859e-04 0.00000e+00 0.00000e+00 1.96191e-03
1.12207e+01 -2.83618e-05 5.06971e-08 3.22587e-04 0.00000e+00 0.00000e+00 1.94658e-03
1.12500e+01 -2.53681e-05 -5.58800e-08 3.19809e-04 0.00000e+00 0.00000e+00 1.93141e-03
1.12793e+01 -2.16882e-05 5.03290e-08 3.17586e-04 0.00000e+00 0.00000e+00 1.91640e-03
1.13086e+01 -1.73036e-05 -5.48345e-08 3.14864e-04 0.00000e+00 0.00000e+00 1.90155e-03
1.13379e+01 -1.25962e-05 5.02199e-08 3.12689e-04 0.00000e+00 0.00000e+00 1.88684e-03
1.13672e+01 -7.57076e-06 -5.36029e-08 3.10020e-04 0.00000e+00 0.00000e+00 1.87229e-03
1.13965e+01 -2.60947e-06 5.02629e-08 3.07892e-04 0.00000e+00 0.00000e+00 1.85789e-03
1.14258e+01 2.28894e-06 -5.22921e-08 3.05275e-04 0.00000e+00 0.00000e+00 1.84364e-03
1.14551e+01 6.76996e-06 5.03538e-08 3.03192e-04 0.00000e+00 0.00000e+00 1.82953e-03
1.14844e+01 1.08663e-05 -5.09998e-08 3.00626e-04 0.00000e+00 0.00000e+00 1.81556e-03
1.15137e+01 1.42727e-05 5.04029e-08 2.98588e-04 0.00000e+00 0.00000e+00 1.80174e-03
1.15430e+01 1.70713e-05 -4.98050e-08 2.96072e-04 0.00000e+00 0.00000e+00 1.78805e-03
1.15723e+01 1.90189e-05 5.03425e-08 2.94076e-04 0.00000e+00 0.00000e+00 1.77451e-03
1.16016e+01 2.02558e-05 -4.87622e-08 2.91608e-04 0.00000e+00 0.00000e+00 1.76110e-03
1.16309e+01 2.06048e-05 5.01313e-08 2.89655e-04 0.00000e+00 0.00000e+00 1.74782e-03
1.16602e+01 2.02629e-05 -4.78989e-08 2.87234e-04 0.00000e+00 0.00000e+00 1.73468e-03
1.16895e+01 1.91134e-05 4.97542e-08 2.85322e-04 0.00000e+00 0.00000e+00 1.72167e-03
1.17188e+01 1.74008e-05 -4.72176e-08 2.82947e-04 0.00000e+00 0.00000e+00 1.70879e-03
1.17480e+01 1.50555e-05 4.92194e-08 2.81074e-04 0.00000e+00 0.00000e+00 1.69604e-03
1.17773e+01 1.23540e-05 -4.67000e-08 2.78744e-04 0.00000e+00 0.00000e+00 1.68341e-03
1.18066e+01 9.25576e-06 4.85534e-08 2.76910e-04 0.00000e+00 0.00000e+00 1.67091e-03
1.18359e+01 6.04984e-06 -4.63127e-08 2.74625e-04 0.00000e+00 0.00000e+00 1.65854e-03
1.18652e+01 2.70514e-06 4.77940e-08 2.72828e-04 0.00000e+00 0.00000e+00 1.64628e-03
1.18945e+01 -4.96336e-07 -4.60140e-08 2.70585e-04 0.00000e+00 0.00000e+00 1.63415e-03
1.19238e+01 -3.59525e-06 4.69843e-08 2.68826e-04 0.00000e+00 0.00000e+00 1.62213e-03
1.19531e+01 -6.33368e-06 -4.57603e-08 2.66625e-04 0.00000e+00 0.00000e+00 1.61023e-03
1.19824e+01 -8.77707e-06 4.61665e-08 2.64902e-04 0.00000e+00 0.00000e+00 1.59845e-03
1.20117e+01 -1.07041e-05 -4.55115e-08 2.62742e-04 0.00000e+00 0.00000e+00 1.58678e-03
1.20410e+01 -1.22147e-05 4.53771e-08 2.61054e-04 0.00000e+00 0.00000e+00 1.57523e-03
1.20703e+01 -1.31308e-05 -4.52350e-08 2.58933e-04 0.00000e+00 0.00000e+00 1.56379e-03
1.20996e+01 -1.35904e-05 4.46433e-08 2.57280e-04 0.00000e+00 0.00000e+00 1.55245e-03
1.21289e+01 -1.34587e-05 -4.49083e-08 2.55198e-04 0.00000e+00 0.00000e+00 1.54123e-03
1.21582e+01 -1.29091e-05 4.39821e-08 2.53578e-04 0.00000e+00 0.00000e+00 1.53012e-03
1.21875e+01 -1.18448e-05 -4.45199e-08 2.51535e-04 0.00000e+00 0.00000e+00 1.51911e-03
1.22168e+01 -1.04669e-05 4.33993e-08 2.49947e-04 0.00000e+00 0.00000e+00 1.50821e-03
1.22461e+01 -8.70623e-06 -4.40683e-08 2.47941e-04 0.00000e+00 0.00000e+00 1.49741e-03
1.22754e+01 -6.78029e-06 4.28917e-08 2.46385e-04 0.00000e+00 0.00000e+00 1.48671e-03
1.23047e+01 -4.63534e-06 -4.35606e-08 2.44415e-04 0.00000e+00 0.00000e+00 1.47612e-03
1.23340e+01 -2.49217e-06 4.24484e-08 2.42891e-04 0.00000e+00 0.00000e+00 1.46562e-03
1.23633e+01 -2.99288e-07 -4.30101e-08 2.40956e-04 0.00000e+00 0.00000e+00 1.45523e-03
1.23926e+01 1.73170e-06 4.20537e-08 2.39462e-04 0.00000e+00 0.00000e+00 1.44493e-03
1.24219e+01 3.66185e-06 -4.24336e-08 2.37563e-04 0.00000e+00 0.00000e+00 1.43473e-03
1.24512e+01 5.29913e-06 4.16900e-08 2.36098e-04 0.00000e+00 0.00000e+00 1.42463e-03
1.24805e+01 6.72307e-06 -4.18486e-08 2.34232e-04 0.00000e+00 0.00000e+00 1.41462e-03
1.25098e+01 7.76820e-06 4.13398e-08 2.32796e-04 0.00000e+00 0.00000e+00 1.40471e-03
1.25391e+01 8.53764e-06 -4.12714e-08 2.30964e-04 0.00000e+00 0.00000e+00 1.39488e-03
1.25684e+01 8.89535e-06 4.09881e-08 2.29556e-04 0.00000e+00 0.00000e+00 1.38515e-03
1.25977e+01 8.96895e-06 -4.07150e-08 2.27756e-04 0.00000e+00 0.00000e+00 1.37551e-03
1.26270e+01 8.65065e-06 4.06235e-08 2.26375e-04 0.00000e+00 0.00000e+00 1.36596e-03
1.26562e+01 8.08956e-06 -4.01884e-08 2.24607e-04 0.00000e+00 0.00000e+00 1.35649e-03
1.26855e+01 7.20137e-06 4.02388e-08 2.23253e-04 0.00000e+00 0.00000e+00 1.34712e-03
1.27148e+01 6.15065e-06 -3.96964e-08 2.21516e-04 0.00000e+00 0.00000e+00 1.33783e-03
1.27441e+01 4.86927e-06 3.98314e-08 2.20189e-04 0.00000e+00 0.00000e+00 1.32862e-03
1.27734e+01 3.52925e-06 -3.92393e-08 2.18481e-04 0.00000e+00 0.00000e+00 1.31950e-03
1.28027e+01 2.07008e-06 3.94024e-08 2.17179e-04 0.00000e+00 0.00000e+00 1.31046e-03
1.28320e+01 6.62654e-07 -3.88142e-08 2.15501e-04 0.00000e+00 0.00000e+00 1.30151e-03
1.28613e+01 -7.54437e-07 3.89560e-08 2.14225e-04 0.00000e+00 0.00000e+00 1.29263e-03
1.28906e+01 -2.01933e-06 -3.84154e-08 2.12576e-04 0.00000e+00 0.00000e+00 1.28384e-03
1.29199e+01 -3.20157e-06 3.84984e-08 2.11324e-04 0.00000e+00 0.00000e+00 1.27513e-03
1.29492e+01 -4.15451e-06 -3.80360e-08 2.09703e-04 0.00000e+00 0.00000e+00 1.26649e-03
1.29785e+01 -4.96093e-06 3.80366e-08 2.08475e-04 0.00000e+00 0.00000e+00 1.25793e-03
1.30078e+01 -5.49309e-06 -3.76687e-08 2.06882e-04 0.00000e+00 0.00000e+00 1.24945e-03
1.30371e+01 -5.84946e-06 3.75777e-08 2.05677e-04 0.00000e+00 0.00000e+00 1.24105e-03
1.30664e+01 -5.92220e-06 -3.73067e-08 2.04111e-04 0.00000e+00 0.00000e+00 1.23272e-03
1.30957e+01 -5.82516e-06 3.71275e-08 2.02928e-04 0.00000e+00 0.00000e+00 1.22446e-03
1.31250e+01 -5.46871e-06 -3.69444e-08 2.01389e-04 0.00000e+00 0.00000e+00 1.21628e-03
1.31543e+01 -4.97937e-06 3.66907e-08 2.00229e-04 0.00000e+00 0.00000e+00 1.20817e-03
1.31836e+01 -4.28192e-06 -3.65780e-08 1.98715e-04 0.00000e+00 0.00000e+00 1.20014e-03
1.32129e+01 -3.51101e-06 3.62701e-08 1.97577e-04 0.00000e+00 0.00000e+00 1.19217e-03
1.32422e+01 -2.60064e-06 -3.62055e-08 1.96089e-04 0.00000e+00 0.00000e+00 1.18428e-03
1.32715e+01 -1.68807e-06 3.58665e-08 1.94972e-04 0.00000e+00 0.00000e+00 1.17645e-03
1.33008e+01 -7.10740e-07 -3.58264e-08 1.93509e-04 0.00000e+00 0.00000e+00 1.16870e-03
1.33301e+01 1.97055e-07 3.54795e-08 1.92412e-04 0.00000e+00 0.00000e+00 1.16101e-03
1.33594e+01 1.09986e-06 -3.54418e-08 1.90973e-04 0.00000e+00 0.00000e+00 1.15338e-03
1.33887e+01 1.87126e-06 3.51071e-08 1.89897e-04 0.00000e+00 0.00000e+00 1.14583e-03
1.34180e+01 2.58216e-06 -3.50539e-08 1.88482e-04 0.00000e+00 0.00000e+00 1.13834e-03
1.34473e+01 3.11761e-06 3.47468e-08 1.87426e-04 0.00000e+00 0.00000e+00 1.13092e-03
1.34766e+01 3.55765e-06 -3.46653e-08 1.86034e-04 0.00000e+00 0.00000e+00 1.12356e-03
1.35059e+01 3.80063e-06 3.43955e-08 1.84997e-04 0.00000e+00 0.00000e+00 1.11626e-03
1.35352e+01 3.93676e-06 -3.42790e-08 1.83629e-04 0.00000e+00 0.00000e+00 1.10903e-03
1.35645e+01 3.87769e-06 3.40502e-08 1.82611e-04 0.00000e+00 0.00000e+00 1.10186e-03
1.35938e+01 3.72303e-06 -3.38976e-08 1.81264e-04 0.00000e+00 0.00000e+00 1.09475e-03
1.36230e+01 3.39610e-06 3.37084e-08 1.80265e-04 0.00000e+00 0.00000e+00 1.08770e-03
1.36523e+01 3.00365e-06 -3.35232e-08 1.78940e-04 0.00000e+00 0.00000e+00 1.08071e-03
1.36816e+01 2.47778e-06 3.33680e-08 1.77959e-04 0.00000e+00 0.00000e+00 1.07379e-03
1.37109e+01 1.92909e-06 -3.31573e-08 1.76656e-04 0.00000e+00 0.00000e+00 1.06692e-03
1.37402e+01 1.29481e-06 3.30278e-08 1.75692e-04 0.00000e+00 0.00000e+00 1.06011e-03
1.37695e+01 6.85691e-07 -3.28007e-08 1.74410e-04 0.00000e+00 0.00000e+00 1.05336e-03
1.37988e+01 4.02738e-08 3.26872e-08 1.73464e-04 0.00000e+00 0.00000e+00 1.04666e-03
1.38281e+01 -5.34163e-07 -3.24533e-08 1.72202e-04 0.00000e+00 0.00000e+00 1.04002e-03
1.38574e+01 -1.10115e-06 3.23465e-08 1.71273e-04 0.00000e+00 0.00000e+00 1.03344e-03
1.38867e+01 -1.55988e-06 -3.21146e-08 1.70031e-04 0.00000e+00 0.00000e+00 1.02691e-03
1.39160e+01 -1.97853e-06 3.20061e-08 1.69119e-04 0.00000e+00 0.00000e+00 1.02044e-03
1.39453e+01 -2.26472e-06 -3.17837e-08 1.67897e-04 0.00000e+00 0.00000e+00 1.01402e-03
1.39746e+01 -2.49278e-06 3.16671e-08 1.67000e-04 0.00000e+00 0.00000e+00 1.00766e-03
1.40039e+01 -2.57957e-06 -3.14593e-08 1.65798e-04 0.00000e+00 0.00000e+00 1.00135e-03
1.40332e+01 -2.60581e-06 3.13306e-08 1.64917e-04 0.00000e+00 0.00000e+00 9.95090e-04
1.40625e+01 -2.49721e-06 -3.11402e-08 1.63734e-04 0.00000e+00 0.00000e+00 9.88883e-04
1.40918e+01 -2.34001e-06 3.09977e-08 1.62869e-04 0.00000e+00 0.00000e+00 9.82729e-04
1.41211e+01 -2.06736e-06 -3.08251e-08 1.61704e-04 0.00000e+00 0.00000e+00 9.76625e-04
1.41504e+01 -1.76929e-06 3.06693e-08 1.60854e-04 0.00000e+00 0.00000e+00 9.70571e-04
1.41797e+01 -1.38424e-06 -3.05131e-08 1.59707e-04 0.00000e+00 0.00000e+00 9.64568e-04
1.42090e+01 -1.00371e-06 3.03463e-08 1.58873e-04 0.00000e+00 0.00000e+00 9.58614e-04
1.42383e+01 -5.68939e-07 -3.02035e-08 1.57744e-04 0.00000e+00 0.00000e+00 9.52708e-04
1.42676e+01 -1.70394e-07 3.00290e-08 1.56923e-04 0.00000e+00 0.00000e+00 9.46852e-04
1.42969e+01 2.50331e-07 -2.98958e-08 1.55812e-04 0.00000e+00 0.00000e+00 9.41043e-04
1.43262e+01 6.06086e-07 2.97175e-08 1.55006e-04 0.00000e+00 0.00000e+00 9.35281e-04
1.43555e+01 9.57049e-07 -2.95899e-08 1.53912e-04 0.00000e+00 0.00000e+00 9.29567e-04
1.43848e+01 1.22114e-06 2.94117e-08 1.53120e-04 0.00000e+00 0.00000e+00 9.23899e-04
1.44141e+01 1.46179e-06 -2.92861e-08 1.52042e-04 0.00000e+00 0.00000e+00 9.18277e-04
1.44434e+01 1.60305e-06 2.91112e-08 1.51264e-04 0.00000e+00 0.00000e+00 9.12700e-04
1.44727e+01 1.71231e-06 -2.89845e-08 1.50203e-04 0.00000e+00 0.00000e+00 9.07168e-04
1.45020e+01 1.71999e-06 2.88156e-08 1.49438e-04 0.00000e+00 0.00000e+00 9.01682e-04
1.45312e+01 1.69736e-06 -2.86856e-08 1.48393e-04 0.00000e+00 0.00000e+00 8.96239e-04
1.45605e+01 1.58072e-06 2.85243e-08 1.47641e-04 0.00000e+00 0.00000e+00 8.90840e-04
1.45898e+01 1.44441e-06 -2.83898e-08 1.46612e-04 0.00000e+00 0.00000e+00 8.85484e-04
1.46191e+01 1.22947e-06 2.82368e-08 1.45873e-04 0.00000e+00 0.00000e+00 8.80171e-04
1.46484e+01 1.01201e-06 -2.80975e-08 1.44860e-04 0.00000e+00 0.00000e+00 8.74901e-04
1.46777e+01 7.36291e-07 2.79525e-08 1.44133e-04 0.00000e+00 0.00000e+00 8.69672e-04
1.47070e+01 4.78577e-07 -2.78091e-08 1.43135e-04 0.00000e+00 0.00000e+00 8.64485e-04
1.47363e+01 1.84648e-07 2.76711e-08 1.42421e-04 0.00000e+00 0.00000e+00 8.59340e-04
1.47656e+01 -7.06723e-08 -2.75247e-08 1.41438e-04 0.00000e+00 0.00000e+00 8.54235e-04
1.47949e+01 -3.41671e-07 2.73924e-08 1.40736e-04 0.00000e+00 0.00000e+00 8.49170e-04
1.48242e+01 -5.56392e-07 -2.72445e-08 1.39767e-04 0.00000e+00 0.00000e+00 8.44145e-04
1.48535e+01 -7.70462e-07 2.71162e-08 1.39077e-04 0.00000e+00 0.00000e+00 8.39160e-04
1.48828e+01 -9.15814e-07 -2.69683e-08 1.38123e-04 0.00000e+00 0.00000e+00 8.34214e-04
1.49121e+01 -1.05023e-06 2.68425e-08 1.37444e-04 0.00000e+00 0.00000e+00 8.29307e-04
1.49414e+01 -1.11005e-06 -2.66962e-08 1.36504e-04 0.00000e+00 0.00000e+00 8.24439e-04
1.49707e+01 -1.15552e-06 2.65713e-08 1.35836e-04 0.00000e+00 0.00000e+00 8.19608e-04
1.50000e+01 -1.12735e-06 -2.64278e-08 1.34911e-04 0.00000e+00 0.00000e+00 8.14815e-04
1.50293e+01 -1.08800e-06 2.63028e-08 1.34254e-04 0.00000e+00 0.00000e+00 8.10059e-04
1.50586e+01 -9.82116e-07 -2.61629e-08 1.33342e-04 0.00000e+00 0.00000e+00 8.05340e-04
1.50879e+01 -8.73711e-07 2.60371e-08 1.32696e-04 0.00000e+00 0.00000e+00 8.00658e-04
1.51172e+01 -7.10452e-07 -2.59013e-08 1.31797e-04 0.00000e+00 0.00000e+00 7.96012e-04
1.51465e+01 -5.56981e-07 2.57744e-08 1.31162e-04 0.00000e+00 0.00000e+00 7.91402e-04
1.51758e+01 -3.62920e-07 -2.56428e-08 1.30276e-04 0.00000e+00 0.00000e+00 7.86827e-04
1.52051e+01 -1.92446e-07 2.55147e-08 1.29652e-04 0.00000e+00 0.00000e+00 7.82288e-04
1.52344e+01 3.97884e-09 -2.53871e-08 1.28779e-04 0.00000e+00 0.00000e+00 7.77784e-04
1.52637e+01 1.63687e-07 2.52583e-08 1.28164e-04 0.00000e+00 0.00000e+00 7.73314e-04
1.52930e+01 3.36378e-07 -2.51340e-08 1.27304e-04 0.00000e+00 0.00000e+00 7.68878e-04
1.53223e+01 4.61752e-07 2.50051e-08 1.26700e-04 0.00000e+00 0.00000e+00 7.64476e-04
1.53516e+01 5.90427e-07 -2.48836e-08 1.25852e-04 0.00000e+00 0.00000e+00 7.60107e-04
1.53809e+01 6.65039e-07 2.47551e-08 1.25257e-04 0.00000e+00 0.00000e+00 7.55772e-04
1.54102e+01 7.37554e-07 -2.46357e-08 1.24422e-04 0.00000e+00 0.00000e+00 7.51470e-04
1.54395e+01 7.53763e-07 2.45082e-08 1.23837e-04 0.00000e+00 0.00000e+00 7.47200e-04
1.54688e+01 7.67058e-07 -2.43902e-08 1.23013e-04 0.00000e+00 0.00000e+00 7.42963e-04
1.54980e+01 7.26257e-07 2.42645e-08 1.22438e-04 0.00000e+00 0.00000e+00 7.38757e-04
1.55273e+01 6.85925e-07 -2.41474e-08 1.21626e-04 0.00000e+00 0.00000e+00 7.34584e-04
1.55566e+01 5.97484e-07 2.40236e-08 1.21059e-04 0.00000e+00 0.00000e+00 7.30441e-04
1.55859e+01 5.16159e-07 -2.39070e-08 1.20259e-04 0.00000e+00 0.00000e+00 7.26330e-04
1.56152e+01 3.95338e-07 2.37856e-08 1.19702e-04 0.00000e+00 0.00000e+00 7.22249e-04
1.56445e+01 2.90234e-07 -2.36693e-08 1.18913e-04 0.00000e+00 0.00000e+00 7.18199e-04
1.56738e+01 1.55459e-07 2.35503e-08 1.18364e-04 0.00000e+00 0.00000e+00 7.14180e-04
1.57031e+01 4.54971e-08 -2.34342e-08 1.17587e-04 0.00000e+00 0.00000e+00 7.10190e-04
1.57324e+01 -8.45496e-08 2.33176e-08 1.17047e-04 0.00000e+00 0.00000e+00 7.06230e-04
1.57617e+01 -1.81586e-07 -2.32018e-08 1.16280e-04 0.00000e+00 0.00000e+00 7.02299e-04
1.57910e+01 -2.90640e-07 2.30873e-08 1.15749e-04 0.00000e+00 0.00000e+00 6.98397e-04
1.58203e+01 -3.60515e-07 -2.29720e-08 1.14993e-04 0.00000e+00 0.00000e+00 6.94524e-04
1.58496e+01 -4.36804e-07 2.28595e-08 1.14470e-04 0.00000e+00 0.00000e+00 6.90680e-04
1.58789e+01 -4.70509e-07 -2.27449e-08 1.13724e-04 0.00000e+00 0.00000e+00 6.86864e-04
1.59082e+01 -5.07998e-07 2.26341e-08 1.13210e-04 0.00000e+00 0.00000e+00 6.83076e-04
1.59375e+01 -5.02531e-07 -2.25205e-08 1.12475e-04 0.00000e+00 0.00000e+00 6.79316e-04
1.59668e+01 -5.01229e-07 2.24110e-08 1.11968e-04 0.00000e+00 0.00000e+00 6.75584e-04
1.59961e+01 -4.59452e-07 -2.22986e-08 1.11243e-04 0.00000e+00 0.00000e+00 6.71879e-04
1.60254e+01 -4.24842e-07 2.21902e-08 1.10745e-04 0.00000e+00 0.00000e+00 6.68201e-04
1.60547e+01 -3.54516e-07 -2.20792e-08 1.10030e-04 0.00000e+00 0.00000e+00 6.64549e-04
1.60840e+01 -2.96255e-07 2.19717e-08 1.09539e-04 0.00000e+00 0.00000e+00 6.60924e-04
1.61133e+01 -2.08477e-07 -2.18622e-08 1.08833e-04 0.00000e+00 0.00000e+00 6.57326e-04
1.61426e+01 -1.38635e-07 2.17556e-08 1.08350e-04 0.00000e+00 0.00000e+00 6.53753e-04
1.61719e+01 -4.59456e-08 -2.16477e-08 1.07655e-04 0.00000e+00 0.00000e+00 6.50207e-04
1.62012e+01 2.29340e-08 2.15417e-08 1.07179e-04 0.00000e+00 0.00000e+00 6.46686e-04
1.62305e+01 1.08461e-07 -2.14354e-08 1.06493e-04 0.00000e+00 0.00000e+00 6.43190e-04
1.62598e+01 1.65184e-07 2.13301e-08 1.06024e-04 0.00000e+00 0.00000e+00 6.39720e-04
1.62891e+01 2.33613e-07 -2.12254e-08 1.05348e-04 0.00000e+00 0.00000e+00 6.36274e-04
1.63184e+01 2.69792e-07 2.11209e-08 1.04887e-04 0.00000e+00 0.00000e+00 6.32854e-04
1.63477e+01 3.14527e-07 -2.10176e-08 1.04219e-04 0.00000e+00 0.00000e+00 6.29457e-04
1.63770e+01 3.25504e-07 2.09139e-08 1.03765e-04 0.00000e+00 0.00000e+00 6.26085e-04
1.64062e+01 3.43913e-07 -2.08119e-08 1.03106e-04 0.00000e+00 0.00000e+00 6.22737e-04
1.64355e+01 3.29065e-07 2.07091e-08 1.02659e-04 0.00000e+00 0.00000e+00 6.19413e-04
1.64648e+01 3.22471e-07 -2.06084e-08 1.02009e-04 0.00000e+00 0.00000e+00 6.16112e-04
1.64941e+01 2.84917e-07 2.05066e-08 1.01569e-04 0.00000e+00 0.00000e+00 6.12835e-04
1.65234e+01 2.58043e-07 -2.04069e-08 1.00928e-04 0.00000e+00 0.00000e+00 6.09581e-04
1.65527e+01 2.03846e-07 2.03063e-08 1.00494e-04 0.00000e+00 0.00000e+00 6.06350e-04
1.65820e+01 1.63820e-07 -2.02075e-08 9.98619e-05 0.00000e+00 0.00000e+00 6.03142e-04
1.66113e+01 1.00851e-07 2.01080e-08 9.94345e-05 0.00000e+00 0.00000e+00 5.99956e-04
1.66406e+01 5.59695e-08 -2.00102e-08 9.88107e-05 0.00000e+00 0.00000e+00 5.96793e-04
1.66699e+01 -7.38369e-09 1.99119e-08 9.83897e-05 0.00000e+00 0.00000e+00 5.93652e-04
1.66992e+01 -4.89406e-08 -1.98149e-08 9.77742e-05 0.00000e+00 0.00000e+00 5.90533e-04
1.67285e+01 -1.05007e-07 1.97178e-08 9.73595e-05 0.00000e+00 0.00000e+00 5.87436e-04
1.67578e+01 -1.36325e-07 -1.96216e-08 9.67521e-05 0.00000e+00 0.00000e+00 5.84360e-04
1.67871e+01 -1.79172e-07 1.95257e-08 9.63436e-05 0.00000e+00 0.00000e+00 5.81306e-04
1.68164e+01 -1.95462e-07 -1.94304e-08 9.57442e-05 0.00000e+00 0.00000e+00 5.78273e-04
1.68457e+01 -2.21573e-07 1.93356e-08 9.53418e-05 0.00000e+00 0.00000e+00 5.75261e-04
1.68750e+01 -2.20647e-07 -1.92411e-08 9.47503e-05 0.00000e+00 0.00000e+00 5.72270e-04
1.69043e+01 -2.29191e-07 1.91474e-08 9.43538e-05 0.00000e+00 0.00000e+00 5.69300e-04
1.69336e+01 -2.11529e-07 -1.90538e-08 9.37701e-05 0.00000e+00 0.00000e+00 5.66350e-04
1.69629e+01 -2.04224e-07 1.89612e-08 9.33795e-05 0.00000e+00 0.00000e+00 5.63421e-04
1.69922e+01 -1.72651e-07 -1.88684e-08 9.28034e-05 0.00000e+00 0.00000e+00 5.60512e-04
1.70215e+01 -1.53280e-07 1.87768e-08 9.24185e-05 0.00000e+00 0.00000e+00 5.57623e-04
1.70508e+01 -1.12345e-07 -1.86849e-08 9.18499e-05 0.00000e+00 0.00000e+00 5.54753e-04
1.70801e+01 -8.60259e-08 1.85942e-08 9.14706e-05 0.00000e+00 0.00000e+00 5.51903e-04
1.71094e+01 -4.11930e-08 -1.85033e-08 9.09095e-05 0.00000e+00 0.00000e+00 5.49073e-04
1.71387e+01 -1.35290e-08 1.84135e-08 9.05357e-05 0.00000e+00 0.00000e+00 5.46262e-04
1.71680e+01 2.96832e-08 -1.83236e-08 8.99818e-05 0.00000e+00 0.00000e+00 5.43470e-04
1.71973e+01 5.34469e-08 1.82346e-08 8.96135e-05 0.00000e+00 0.00000e+00 5.40698e-04
1.72266e+01 9.02526e-08 -1.81456e-08 8.90667e-05 0.00000e+00 0.00000e+00 5.37944e-04
1.72559e+01 1.05936e-07 1.80574e-08 8.87037e-05 0.00000e+00 0.00000e+00 5.35208e-04
1.72852e+01 1.32892e-07 -1.79695e-08 8.81640e-05 0.00000e+00 0.00000e+00 5.32492e-04
1.73145e+01 1.37871e-07 1.78821e-08 8.78062e-05 0.00000e+00 0.00000e+00 5.29793e-04
1.73438e+01 1.53240e-07 -1.77951e-08 8.72735e-05 0.00000e+00 0.00000e+00 5.27113e-04
1.73730e+01 1.46674e-07 1.77085e-08 8.69208e-05 0.00000e+00 0.00000e+00 5.24451e-04
1.74023e+01 1.50505e-07 -1.76224e-08 8.63949e-05 0.00000e+00 0.00000e+00 5.21806e-04
1.74316e+01 1.33285e-07 1.75366e-08 8.60472e-05 0.00000e+00 0.00000e+00 5.19180e-04
1.74609e+01 1.27245e-07 -1.74514e-08 8.55280e-05 0.00000e+00 0.00000e+00 5.16571e-04
1.74902e+01 1.01705e-07 1.73664e-08 8.51854e-05 0.00000e+00 0.00000e+00 5.13980e-04
1.75195e+01 8.86847e-08 -1.72821e-08 8.46727e-05 0.00000e+00 0.00000e+00 5.11405e-04
1.75488e+01 5.81334e-08 1.71980e-08 8.43349e-05 0.00000e+00 0.00000e+00 5.08848e-04
1.75781e+01 4.17257e-08 -1.71145e-08 8.38288e-05 0.00000e+00 0.00000e+00 5.06308e-04
1.76074e+01 9.88652e-09 1.70311e-08 8.34958e-05 0.00000e+00 0.00000e+00 5.03785e-04
1.76367e+01 -6.19009e-09 -1.69485e-08 8.29961e-05 0.00000e+00 0.00000e+00 5.01279e-04
1.76660e+01 -3.57467e-08 1.68660e-08 8.26678e-05 0.00000e+00 0.00000e+00 4.98789e-04
1.76953e+01 -4.81866e-08 -1.67840e-08 8.21743e-05 0.00000e+00 0.00000e+00 4.96316e-04
1.77246e+01 -7.25350e-08 1.67024e-08 8.18506e-05 0.00000e+00 0.00000e+00 4.93859e-04
1.77539e+01 -7.88746e-08 -1.66212e-08 8.13634e-05 0.00000e+00 0.00000e+00 4.91418e-04
1.77832e+01 -9.60882e-08 1.65404e-08 8.10442e-05 0.00000e+00 0.00000e+00 4.88993e-04
1.78125e+01 -9.49757e-08 -1.64600e-08 8.05631e-05 0.00000e+00 0.00000e+00 4.86584e-04
1.78418e+01 -1.04306e-07 1.63800e-08 8.02484e-05 0.00000e+00 0.00000e+00 4.84191e-04
1.78711e+01 -9.55880e-08 -1.63003e-08 7.97733e-05 0.00000e+00 0.00000e+00 4.81814e-04
1.79004e+01 -9.74600e-08 1.62211e-08 7.94629e-05 0.00000e+00 0.00000e+00 4.79452e-04
1.79297e+01 -8.20902e-08 -1.61422e-08 7.89937e-05 0.00000e+00 0.00000e+00 4.77106e-04
1.79590e+01 -7.79320e-08 1.60637e-08 7.86877e-05 0.00000e+00 0.00000e+00 4.74774e-04
1.79883e+01 -5.77314e-08 -1.59856e-08 7.82243e-05 0.00000e+00 0.00000e+00 4.72459e-04
1.80176e+01 -4.96777e-08 1.59079e-08 7.79225e-05 0.00000e+00 0.00000e+00 4.70158e-04
1.80469e+01 -2.69946e-08 -1.58304e-08 7.74648e-05 0.00000e+00 0.00000e+00 4.67872e-04
1.80762e+01 -1.75173e-08 1.57535e-08 7.71672e-05 0.00000e+00 0.00000e+00 4.65600e-04
1.81055e+01 5.15514e-09 -1.56768e-08 7.67152e-05 0.00000e+00 0.00000e+00 4.63344e-04
1.81348e+01 1.36283e-08 1.56005e-08 7.64216e-05 0.00000e+00 0.00000e+00 4.61102e-04
1.81641e+01 3.40197e-08 -1.55246e-08 7.59752e-05 0.00000e+00 0.00000e+00 4.58874e-04
1.81934e+01 3.94453e-08 1.54491e-08 7.56856e-05 0.00000e+00 0.00000e+00 4.56661e-04
1.82227e+01 5.58089e-08 -1.53738e-08 7.52447e-05 0.00000e+00 0.00000e+00 4.54462e-04
1.82520e+01 5.67808e-08 1.52990e-08 7.49590e-05 0.00000e+00 0.00000e+00 4.52277e-04
1.82812e+01 6.80920e-08 -1.52245e-08 7.45235e-05 0.00000e+00 0.00000e+00 4.50106e-04
1.83105e+01 6.39807e-08 1.51503e-08 7.42417e-05 0.00000e+00 0.00000e+00 4.47949e-04
1.83398e+01 7.00148e-08 -1.50765e-08 7.38115e-05 0.00000e+00 0.00000e+00 4.45806e-04
1.83691e+01 6.09834e-08 1.50031e-08 7.35335e-05 0.00000e+00 0.00000e+00 4.43676e-04
1.83984e+01 6.22723e-08 -1.49300e-08 7.31085e-05 0.00000e+00 0.00000e+00 4.41560e-04
1.84277e+01 4.91787e-08 1.48572e-08 7.28343e-05 0.00000e+00 0.00000e+00 4.39457e-04
1.84570e+01 4.68644e-08 -1.47847e-08 7.24145e-05 0.00000e+00 0.00000e+00 4.37368e-04
1.84863e+01 3.10742e-08 1.47126e-08 7.21440e-05 0.00000e+00 0.00000e+00 4.35292e-04
1.85156e+01 2.66902e-08 -1.46409e-08 7.17292e-05 0.00000e+00 0.00000e+00 4.33229e-04
1.85449e+01 9.83493e-09 1.45694e-08 7.14623e-05 0.00000e+00 0.00000e+00 4.31179e-04
1.85742e+01 5.05185e-09 -1.44983e-08 7.10525e-05 0.00000e+00 0.00000e+00 4.29142e-04
1.86035e+01 -1.12270e-08 1.44275e-08 7.07892e-05 0.00000e+00 0.00000e+00 4.27118e-04
1.86328e+01 -1.48508e-08 -1.43571e-08 7.03843e-05 0.00000e+00 0.00000e+00 4.25106e-04
1.86621e+01 -2.91360e-08 1.42869e-08 7.01245e-05 0.00000e+00 0.00000e+00 4.23107e-04
1.86914e+01 -3.03644e-08 -1.42171e-08 6.97245e-05 0.00000e+00 0.00000e+00 4.21121e-04
1.87207e+01 -4.16429e-08 1.41476e-08 6.94681e-05 0.00000e+00 0.00000e+00 4.19147e-04
1.87500e+01 -3.97072e-08 -1.40785e-08 6.90729e-05 0.00000e+00 0.00000e+00 4.17185e-04
1.87793e+01 -4.74758e-08 1.40096e-08 6.88198e-05 0.00000e+00 0.00000e+00 4.15236e-04
1.88086e+01 -4.21393e-08 -1.39411e-08 6.84293e-05 0.00000e+00 0.00000e+00 4.13298e-04
1.88379e+01 -4.64285e-08 1.38728e-08 6.81796e-05 0.00000e+00 0.00000e+00 4.11373e-04
1.88672e+01 -3.79701e-08 -1.38049e-08 6.77938e-05 0.00000e+00 0.00000e+00 4.09460e-04
1.88965e+01 -3.92896e-08 1.37373e-08 6.75473e-05 0.00000e+00 0.00000e+00 4.07558e-04
1.89258e+01 -2.84156e-08 -1.36700e-08 6.71661e-05 0.00000e+00 0.00000e+00 4.05668e-04
1.89551e+01 -2.76376e-08 1.36029e-08 6.69229e-05 0.00000e+00 0.00000e+00 4.03790e-04
1.89844e+01 -1.53414e-08 -1.35362e-08 6.65461e-05 0.00000e+00 0.00000e+00 4.01924e-04
1.90137e+01 -1.35427e-08 1.34698e-08 6.63060e-05 0.00000e+00 0.00000e+00 4.00069e-04
1.90430e+01 -9.36819e-10 -1.34037e-08 6.59338e-05 0.00000e+00 0.00000e+00 3.98225e-04
1.90723e+01 7.72490e-10 1.33379e-08 6.56968e-05 0.00000e+00 0.00000e+00 3.96393e-04
1.91016e+01 1.26256e-08 -1.32723e-08 6.53289e-05 0.00000e+00 0.00000e+00 3.94572e-04
1.91309e+01 1.32627e-08 1.32071e-08 6.50950e-05 0.00000e+00 0.00000e+00 3.92762e-04
1.91602e+01 2.34965e-08 -1.31422e-08 6.47314e-05 0.00000e+00 0.00000e+00 3.90963e-04
1.91895e+01 2.23331e-08 1.30775e-08 6.45005e-05 0.00000e+00 0.00000e+00 3.89175e-04
1.92188e+01 3.03816e-08 -1.30131e-08 6.41412e-05 0.00000e+00 0.00000e+00 3.87398e-04
1.92480e+01 2.70231e-08 1.29490e-08 6.39132e-05 0.00000e+00 0.00000e+00 3.85632e-04
1.92773e+01 3.26733e-08 -1.28852e-08 6.35581e-05 0.00000e+00 0.00000e+00 3.83876e-04
1.93066e+01 2.70831e-08 1.28217e-08 6.33330e-05 0.00000e+00 0.00000e+00 3.82131e-04
1.93359e+01 3.04721e-08 -1.27585e-08 6.29821e-05 0.00000e+00 0.00000e+00 3.80397e-04
1.93652e+01 2.29435e-08 1.26955e-08 6.27598e-05 0.00000e+00 0.00000e+00 3.78673e-04
1.93945e+01 2.45064e-08 -1.26328e-08 6.24130e-05 0.00000e+00 0.00000e+00 3.76960e-04
1.94238e+01 1.55896e-08 1.25704e-08 6.21936e-05 0.00000e+00 0.00000e+00 3.75256e-04
1.94531e+01 1.59699e-08 -1.25082e-08 6.18507e-05 0.00000e+00 0.00000e+00 3.73564e-04
1.94824e+01 6.37000e-09 1.24464e-08 6.16341e-05 0.00000e+00 0.00000e+00 3.71881e-04
1.95117e+01 6.30938e-09 -1.23848e-08 6.12952e-05 0.00000e+00 0.00000e+00 3.70208e-04
1.95410e+01 -3.22846e-09 1.23234e-08 6.10813e-05 0.00000e+00 0.00000e+00 3.68546e-04
1.95703e+01 -3.00480e-09 -1.22624e-08 6.07463e-05 0.00000e+00 0.00000e+00 3.66893e-04
1.95996e+01 -1.18046e-08 1.22015e-08 6.05351e-05 0.00000e+00 0.00000e+00 3.65250e-04
1.96289e+01 -1.06888e-08 -1.21410e-08 6.02040e-05 0.00000e+00 0.00000e+00 3.63617e-04
1.96582e+01 -1.82335e-08 1.20807e-08 5.99954e-05 0.00000e+00 0.00000e+00 3.61994e-04
1.96875e+01 -1.58101e-08 -1.20207e-08 5.96681e-05 0.00000e+00 0.00000e+00 3.60380e-04
1.97168e+01 -2.18000e-08 1.19609e-08 5.94620e-05 0.00000e+00 0.00000e+00 3.58776e-04
1.97461e+01 -1.78869e-08 -1.19014e-08 5.91385e-05 0.00000e+00 0.00000e+00 3.57182e-04
1.97754e+01 -2.22618e-08 1.18421e-08 5.89350e-05 0.00000e+00 0.00000e+00 3.55597e-04
1.98047e+01 -1.69139e-08 -1.17831e-08 5.86152e-05 0.00000e+00 0.00000e+00 3.54021e-04
1.98340e+01 -1.98397e-08 1.17244e-08 5.84142e-05 0.00000e+00 0.00000e+00 3.52454e-04
1.98633e+01 -1.33188e-08 -1.16659e-08 5.80981e-05 0.00000e+00 0.00000e+00 3.50897e-04
1.98926e+01 -1.51427e-08 1.16076e-08 5.78995e-05 0.00000e+00 0.00000e+00 3.49349e-04
1.99219e+01 -7.86103e-09 -1.15496e-08 5.75870e-05 0.00000e+00 0.00000e+00 3.47810e-04
1.99512e+01 -9.04541e-09 1.14918e-08 5.73909e-05 0.00000e+00 0.00000e+00 3.46280e-04
1.99805e+01 -1.49295e-09 -1.14343e-08 5.70819e-05 0.00000e+00 0.00000e+00 3.44759e-04
2.00098e+01 -2.53931e-09 1.13770e-08 5.68881e-05 0.00000e+00 0.00000e+00 3.43247e-04
2.00391e+01 4.79312e-09 -1.13200e-08 5.65826e-05 0.00000e+00 0.00000e+00 3.41744e-04
2.00684e+01 3.41887e-09 1.12632e-08 5.63913e-05 0.00000e+00 0.00000e+00 3.40249e-04
2.00977e+01 1.01093e-08 -1.12066e-08 5.60892e-05 0.00000e+00 0.00000e+00 3.38763e-04
2.01270e+01 8.03947e-09 1.11503e-08 5.59001e-05 0.00000e+00 0.00000e+00 3.37286e-04
2.01562e+01 1.37885e-08 -1.10942e-08 5.56015e-05 0.00000e+00 0.00000e+00 3.35818e-04
2.01855e+01 1.07963e-08 1.10384e-08 5.54147e-05 0.00000e+00 0.00000e+00 3.34358e-04
2.02148e+01 1.54579e-08 -1.09827e-08 5.51195e-05 0.00000e+00 0.00000e+00 3.32906e-04
2.02441e+01 1.14766e-08 1.09274e-08 5.49349e-05 0.00000e+00 0.00000e+00 3.31463e-04
2.02734e+01 1.50648e-08 -1.08722e-08 5.46430e-05 0.00000e+00 0.00000e+00 3.30028e-04
2.03027e+01 1.01817e-08 1.08173e-08 5.44606e-05 0.00000e+00 0.00000e+00 3.28601e-04
2.03320e+01 1.28537e-08 -1.07625e-08 5.41720e-05 0.00000e+00 0.00000e+00 3.27183e-04
2.03613e+01 7.28380e-09 1.07081e-08 5.39918e-05 0.00000e+00 0.00000e+00 3.25772e-04
2.03906e+01 9.30435e-09 -1.06538e-08 5.37063e-05 0.00000e+00 0.00000e+00 3.24370e-04
2.04199e+01 3.34729e-09 1.05998e-08 5.35283e-05 0.00000e+00 0.00000e+00 3.22976e-04
2.04492e+01 5.04129e-09 -1.05460e-08 5.32460e-05 0.00000e+00 0.00000e+00 3.21590e-04
2.04785e+01 -9.68824e-10 1.04924e-08 5.30701e-05 0.00000e+00 0.00000e+00 3.20212e-04
2.05078e+01 7.32066e-10 -1.04390e-08 5.27910e-05 0.00000e+00 0.00000e+00 3.18841e-04
2.05371e+01 -5.01334e-09 1.03858e-08 5.26171e-05 0.00000e+00 0.00000e+00 3.17479e-04
2.05664e+01 -3.01156e-09 -1.03329e-08 5.23411e-05 0.00000e+00 0.00000e+00 3.16124e-04
2.05957e+01 -8.23443e-09 1.02802e-08 5.21692e-05 0.00000e+00 0.00000e+00 3.14777e-04
2.06250e+01 -5.71510e-09 -1.02277e-08 5.18963e-05 0.00000e+00 0.00000e+00 3.13437e-04
2.06543e+01 -1.02486e-08 1.01754e-08 5.17265e-05 0.00000e+00 0.00000e+00 3.12106e-04
2.06836e+01 -7.09580e-09 -1.01233e-08 5.14566e-05 0.00000e+00 0.00000e+00 3.10781e-04
2.07129e+01 -1.08794e-08 1.00714e-08 5.12887e-05 0.00000e+00 0.00000e+00 3.09464e-04
2.07422e+01 -7.08483e-09 -1.00197e-08 5.10218e-05 0.00000e+00 0.00000e+00 3.08155e-04
2.07715e+01 -1.01630e-08 9.96826e-09 5.08558e-05 0.00000e+00 0.00000e+00 3.06853e-04
2.08008e+01 -5.81709e-09 -9.91701e-09 5.05919e-05 0.00000e+00 0.00000e+00 3.05558e-04
2.08301e+01 -8.32323e-09 9.86596e-09 5.04278e-05 0.00000e+00 0.00000e+00 3.04271e-04
2.08594e+01 -3.59303e-09 -9.81511e-09 5.01668e-05 0.00000e+00 0.00000e+00 3.02990e-04
2.08887e+01 -5.72252e-09 9.76447e-09 5.00046e-05 0.00000e+00 0.00000e+00 3.01717e-04
2.09180e+01 -8.20657e-10 -9.71403e-09 4.97464e-05 0.00000e+00 0.00000e+00 3.00451e-04
2.09473e+01 -2.79732e-09 9.66379e-09 4.95861e-05 0.00000e+00 0.00000e+00 2.99192e-04
2.09766e+01 2.05241e-09 -9.61375e-09 4.93308e-05 0.00000e+00 0.00000e+00 2.97941e-04
2.10059e+01 1.05522e-11 9.56390e-09 4.91723e-05 0.00000e+00 0.00000e+00 2.96696e-04
2.10352e+01 4.60606e-09 -9.51426e-09 4.89197e-05 0.00000e+00 0.00000e+00 2.95458e-04
2.10645e+01 2.31708e-09 9.46481e-09 4.87630e-05 0.00000e+00 0.00000e+00 2.94227e-04
2.10938e+01 6.50470e-09 -9.41555e-09 4.85133e-05 0.00000e+00 0.00000e+00 2.93002e-04
2.11230e+01 3.84511e-09 9.36649e-09 4.83583e-05 0.00000e+00 0.00000e+00 2.91785e-04
2.11523e+01 7.53696e-09 -9.31762e-09 4.81113e-05 0.00000e+00 0.00000e+00 2.90574e-04
2.11816e+01 4.45369e-09 9.26894e-09 4.79581e-05 0.00000e+00 0.00000e+00 2.89370e-04
2.12109e+01 7.63408e-09 -9.22045e-09 4.77137e-05 0.00000e+00 0.00000e+00 2.88173e-04
2.12402e+01 4.14534e-09 9.17216e-09 4.75622e-05 0.00000e+00 0.00000e+00 2.86982e-04
2.12695e+01 6.86637e-09 -9.12405e-09 4.73205e-05 0.00000e+00 0.00000e+00 2.85798e-04
2.12988e+01 3.05234e-09 9.07612e-09 4.71707e-05 0.00000e+00 0.00000e+00 2.84620e-04
2.13281e+01 5.42023e-09 -9.02839e-09 4.69316e-05 0.00000e+00 0.00000e+00 2.83449e-04
2.13574e+01 1.40586e-09 8.98083e-09 4.67835e-05 0.00000e+00 0.00000e+00 2.82284e-04
2.13867e+01 3.56097e-09 -8.93346e-09 4.65470e-05 0.00000e+00 0.00000e+00 2.81125e-04
2.14160e+01 -5.06026e-10 8.88628e-09 4.64005e-05 0.00000e+00 0.00000e+00 2.79973e-04
2.14453e+01 1.58779e-09 -8.83927e-09 4.61666e-05 0.00000e+00 0.00000e+00 2.78827e-04
2.14746e+01 -2.38448e-09 8.79245e-09 4.60216e-05 0.00000e+00 0.00000e+00 2.77688e-04
2.15039e+01 -2.11821e-10 -8.74581e-09 4.57903e-05 0.00000e+00 0.00000e+00 2.76554e-04
2.15332e+01 -3.96330e-09 8.69934e-09 4.56469e-05 0.00000e+00 0.00000e+00 2.75427e-04
2.15625e+01 -1.60169e-09 -8.65306e-09 4.54180e-05 0.00000e+00 0.00000e+00 2.74306e-04
2.15918e+01 -5.04359e-09 8.60695e-09 4.52763e-05 0.00000e+00 0.00000e+00 2.73191e-04
2.16211e+01 -2.42574e-09 -8.56101e-09 4.50498e-05 0.00000e+00 0.00000e+00 2.72082e-04
2.16504e+01 -5.51573e-09 8.51525e-09 4.49096e-05 0.00000e+00 0.00000e+00 2.70979e-04
2.16797e+01 -2.62262e-09 -8.46966e-09 4.46856e-05 0.00000e+00 0.00000e+00 2.69882e-04
2.17090e+01 -5.36657e-09 8.42425e-09 4.45469e-05 0.00000e+00 0.00000e+00 2.68791e-04
2.17383e+01 -2.22558e-09 -8.37901e-09 4.43253e-05 0.00000e+00 0.00000e+00 2.67705e-04
2.17676e+01 -4.67233e-09 8.33394e-09 4.41881e-05 0.00000e+00 0.00000e+00 2.66626e-04
2.17969e+01 -1.34900e-09 -8.28904e-09 4.39689e-05 0.00000e+00 0.00000e+00 2.65552e-04
2.18262e+01 -3.57948e-09 8.24431e-09 4.38331e-05 0.00000e+00 0.00000e+00 2.64484e-04
2.18555e+01 -1.64534e-10 -8.19974e-09 4.36162e-05 0.00000e+00 0.00000e+00 2.63422e-04
2.18848e+01 -2.27740e-09 8.15534e-09 4.34819e-05 0.00000e+00 0.00000e+00 2.62366e-04
2.19141e+01 1.12848e-09 -8.11111e-09 4.32674e-05 0.00000e+00 0.00000e+00 2.61315e-04
2.19434e+01 -9.67564e-10 8.06705e-09 4.31344e-05 0.00000e+00 0.00000e+00 2.60270e-04
2.19727e+01 2.33390e-09 -8.02315e-09 4.29222e-05 0.00000e+00 0.00000e+00 2.59230e-04
2.20020e+01 1.66181e-10 7.97941e-09 4.27907e-05 0.00000e+00 0.00000e+00 2.58196e-04
2.20312e+01 3.28631e-09 -7.93583e-09 4.25807e-05 0.00000e+00 0.00000e+00 2.57167e-04
2.20605e+01 9.82028e-10 7.89242e-09 4.24506e-05 0.00000e+00 0.00000e+00 2.56144e-04
2.20898e+01 3.87157e-09 -7.84916e-09 4.22428e-05 0.00000e+00 0.00000e+00 2.55126e-04
2.21191e+01 1.39641e-09 7.80607e-09 4.21140e-05 0.00000e+00 0.00000e+00 2.54114e-04
2.21484e+01 4.03828e-09 -7.76313e-09 4.19085e-05 0.00000e+00 0.00000e+00 2.53107e-04
2.21777e+01 1.39044e-09 7.72036e-09 4.17811e-05 0.00000e+00 0.00000e+00 2.52105e-04
2.22070e+01 3.79919e-09 -7.67774e-09 4.15777e-05 0.00000e+00 0.00000e+00 2.51108e-04
2.22363e+01 1.00656e-09 7.63527e-09 4.14516e-05 0.00000e+00 0.00000e+00 2.50117e-04
2.22656e+01 3.22346e-09 -7.59296e-09 4.12504e-05 0.00000e+00 0.00000e+00 2.49131e-04
2.22949e+01 3.36828e-10 7.55081e-09 4.11256e-05 0.00000e+00 0.00000e+00 2.48150e-04
2.23242e+01 2.42158e-09 -7.50881e-09 4.09265e-05 0.00000e+00 0.00000e+00 2.47175e-04
2.23535e+01 -4.94738e-10 7.46696e-09 4.08030e-05 0.00000e+00 0.00000e+00 2.46204e-04
2.23828e+01 1.52586e-09 -7.42527e-09 4.06060e-05 0.00000e+00 0.00000e+00 2.45239e-04
2.24121e+01 -1.35274e-09 7.38372e-09 4.04837e-05 0.00000e+00 0.00000e+00 2.44278e-04
2.24414e+01 6.69673e-10 -7.34233e-09 4.02888e-05 0.00000e+00 0.00000e+00 2.43323e-04
2.24707e+01 -2.11065e-09 7.30108e-09 4.01678e-05 0.00000e+00 0.00000e+00 2.42372e-04
2.25000e+01 -3.16066e-11 -7.25999e-09 3.99749e-05 0.00000e+00 0.00000e+00 2.41427e-04
2.25293e+01 -2.66791e-09 7.21904e-09 3.98551e-05 0.00000e+00 0.00000e+00 2.40486e-04
2.25586e+01 -4.95254e-10 -7.17824e-09 3.96643e-05 0.00000e+00 0.00000e+00 2.39550e-04
2.25879e+01 -2.96180e-09 7.13758e-09 3.95457e-05 0.00000e+00 0.00000e+00 2.38619e-04
2.26172e+01 -6.79906e-10 -7.09707e-09 3.93569e-05 0.00000e+00 0.00000e+00 2.37693e-04
2.26465e+01 -2.97280e-09 7.05671e-09 3.92395e-05 0.00000e+00 0.00000e+00 2.36772e-04
2.26758e+01 -5.87582e-10 -7.01649e-09 3.90527e-05 0.00000e+00 0.00000e+00 2.35855e-04
2.27051e+01 -2.72336e-09 6.97641e-09 3.89364e-05 0.00000e+00 0.00000e+00 2.34944e-04
2.27344e+01 -2.59366e-10 -6.93647e-09 3.87516e-05 0.00000e+00 0.00000e+00 2.34037e-04
2.27637e+01 -2.27080e-09 6.89668e-09 3.86365e-05 0.00000e+00 0.00000e+00 2.33134e-04
2.27930e+01 2.34047e-10 -6.85703e-09 3.84535e-05 0.00000e+00 0.00000e+00 2.32236e-04
2.28223e+01 -1.69595e-09 6.81751e-09 3.83396e-05 0.00000e+00 0.00000e+00 2.31343e-04
2.28516e+01 8.05126e-10 -6.77814e-09 3.81586e-05 0.00000e+00 0.00000e+00 2.30454e-04
2.28809e+01 -1.08950e-09 6.73890e-09 3.80457e-05 0.00000e+00 0.00000e+00 2.29570e-04
2.29102e+01 1.36348e-09 -6.69981e-09 3.78666e-05 0.00000e+00 0.00000e+00 2.28691e-04
2.29395e+01 -5.38224e-10 6.66085e-09 3.77549e-05 0.00000e+00 0.00000e+00 2.27816e-04
2.29688e+01 1.82894e-09 -6.62202e-09 3.75776e-05 0.00000e+00 0.00000e+00 2.26945e-04
2.29980e+01 -1.13052e-10 6.58333e-09 3.74670e-05 0.00000e+00 0.00000e+00 2.26079e-04
2.30273e+01 2.14198e-09 -6.54478e-09 3.72916e-05 0.00000e+00 0.00000e+00 2.25217e-04
2.30566e+01 1.39541e-10 6.50636e-09 3.71820e-05 0.00000e+00 0.00000e+00 2.24360e-04
2.30859e+01 2.27025e-09 -6.46807e-09 3.70084e-05 0.00000e+00 0.00000e+00 2.23506e-04
2.31152e+01 2.01840e-10 6.42992e-09 3.68999e-05 0.00000e+00 0.00000e+00 2.22658e-04
2.31445e+01 2.21060e-09 -6.39190e-09 3.67281e-05 0.00000e+00 0.00000e+00 2.21813e-04
2.31738e+01 8.47377e-11 6.35401e-09 3.66206e-05 0.00000e+00 0.00000e+00 2.20973e-04
2.32031e+01 1.98689e-09 -6.31624e-09 3.64506e-05 0.00000e+00 0.00000e+00 2.20137e-04
2.32324e+01 -1.76463e-10 6.27861e-09 3.63442e-05 0.00000e+00 0.00000e+00 2.19305e-04
2.32617e+01 1.64403e-09 -6.24111e-09 3.61759e-05 0.00000e+00 0.00000e+00 2.18478e-04
2.32910e+01 -5.29323e-10 6.20374e-09 3.60705e-05 0.00000e+00 0.00000e+00 2.17654e-04
2.33203e+01 1.23969e-09 -6.16649e-09 3.59040e-05 0.00000e+00 0.00000e+00 2.16835e-04
2.33496e+01 -9.13293e-10 6.12938e-09 3.57995e-05 0.00000e+00 0.00000e+00 2.16020e-04
2.33789e+01 8.34934e-10 -6.09239e-09 3.56348e-05 0.00000e+00 0.00000e+00 2.15209e-04
2.34082e+01 -1.26905e-09 6.05552e-09 3.55313e-05 0.00000e+00 0.00000e+00 2.14402e-04
2.34375e+01 4.85242e-10 -6.01878e-09 3.53683e-05 0.00000e+00 0.00000e+00 2.13599e-04
2.34668e+01 -1.54679e-09 5.98216e-09 3.52658e-05 0.00000e+00 0.00000e+00 2.12800e-04
2.34961e+01 2.33164e-10 -5.94567e-09 3.51044e-05 0.00000e+00 0.00000e+00 2.12005e-04
2.35254e+01 -1.71243e-09 5.90930e-09 3.50028e-05 0.00000e+00 0.00000e+00 2.11214e-04
2.35547e+01 1.03480e-10 -5.87305e-09 3.48432e-05 0.00000e+00 0.00000e+00 2.10427e-04
2.35840e+01 -1.75095e-09 5.83693e-09 3.47425e-05 0.00000e+00 0.00000e+00 2.09643e-04
2.36133e+01 1.01337e-10 -5.80092e-09 3.45845e-05 0.00000e+00 0.00000e+00 2.08864e-04
2.36426e+01 -1.66678e-09 5.76504e-09 3.44848e-05 0.00000e+00 0.00000e+00 2.08089e-04
2.36719e+01 2.13334e-10 -5.72927e-09 3.43284e-05 0.00000e+00 0.00000e+00 2.07317e-04
2.37012e+01 -1.48137e-09 5.69363e-09 3.42296e-05 0.00000e+00 0.00000e+00 2.06549e-04
2.37305e+01 4.11150e-10 -5.65810e-09 3.40748e-05 0.00000e+00 0.00000e+00 2.05785e-04
2.37598e+01 -1.22854e-09 5.62270e-09 3.39769e-05 0.00000e+00 0.00000e+00 2.05025e-04
2.37891e+01 6.56934e-10 -5.58740e-09 3.38237e-05 0.00000e+00 0.00000e+00 2.04268e-04
2.38184e+01 -9.48581e-10 5.55223e-09 3.37267e-05 0.00000e+00 0.00000e+00 2.03515e-04
2.38477e+01 9.09561e-10 -5.51717e-09 3.35751e-05 0.00000e+00 0.00000e+00 2.02766e-04
2.38770e+01 -6.81903e-10 5.48223e-09 3.34789e-05 0.00000e+00 0.00000e+00 2.02021e-04
2.39062e+01 1.13077e-09 -5.44740e-09 3.33289e-05 0.00000e+00 0.00000e+00 2.01279e-04
2.39355e+01 -4.63312e-10 5.41269e-09 3.32336e-05 0.00000e+00 0.00000e+00 2.00541e-04
2.39648e+01 1.29030e-09 -5.37809e-09 3.30851e-05 0.00000e+00 0.00000e+00 1.99806e-04
2.39941e+01 -3.17590e-10 5.34360e-09 3.29906e-05 0.00000e+00 0.00000e+00 1.99075e-04
2.40234e+01 1.36950e-09 -5.30923e-09 3.28437e-05 0.00000e+00 0.00000e+00 1.98348e-04
2.40527e+01 -2.56905e-10 5.27497e-09 3.27501e-05 0.00000e+00 0.00000e+00 1.97624e-04
2.40820e+01 1.36282e-09 -5.24082e-09 3.26046e-05 0.00000e+00 0.00000e+00 1.96903e-04
2.41113e+01 -2.80259e-10 5.20678e-09 3.25118e-05 0.00000e+00 0.00000e+00 1.96187e-04
2.41406e+01 1.27744e-09 -5.17285e-09 3.23678e-05 0.00000e+00 0.00000e+00 1.95473e-04
2.41699e+01 -3.74845e-10 5.13903e-09 3.22758e-05 0.00000e+00 0.00000e+00 1.94763e-04
2.41992e+01 1.13105e-09 -5.10532e-09 3.21333e-05 0.00000e+00 0.00000e+00 1.94057e-04
2.42285e+01 -5.18956e-10 5.07171e-09 3.20422e-05 0.00000e+00 0.00000e+00 1.93354e-04
2.42578e+01 9.48386e-10 -5.03822e-09 3.19011e-05 0.00000e+00 0.00000e+00 1.92654e-04
2.42871e+01 -6.85888e-10 5.00483e-09 3.18107e-05 0.00000e+00 0.00000e+00 1.91958e-04
2.43164e+01 7.57039e-10 -4.97155e-09 3.16712e-05 0.00000e+00 0.00000e+00 1.91265e-04
2.43457e+01 -8.48192e-10 4.93838e-09 3.15815e-05 0.00000e+00 0.00000e+00 1.90575e-04
2.43750e+01 5.83305e-10 -4.90531e-09 3.14434e-05 0.00000e+00 0.00000e+00 1.89889e-04
2.44043e+01 -9.81633e-10 4.87235e-09 3.13545e-05 0.00000e+00 0.00000e+00 1.89206e-04
2.44336e+01 4.48565e-10 -4.83949e-09 3.12178e-05 0.00000e+00 0.00000e+00 1.88526e-04
2.44629e+01 -1.06833e-09 4.80673e-09 3.11297e-05 0.00000e+00 0.00000e+00 1.87849e-04
2.44922e+01 3.66706e-10 -4.77408e-09 3.09944e-05 0.00000e+00 0.00000e+00 1.87176e-04
2.45215e+01 -1.09869e-09 4.74153e-09 3.09070e-05 0.00000e+00 0.00000e+00 1.86506e-04
2.45508e+01 3.42846e-10 -4.70909e-09 3.07730e-05 0.00000e+00 0.00000e+00 1.85839e-04
2.45801e+01 -1.07205e-09 4.67674e-09 3.06864e-05 0.00000e+00 0.00000e+00 1.85175e-04
2.46094e+01 3.73421e-10 -4.64450e-09 3.05538e-05 0.00000e+00 0.00000e+00 1.84515e-04
2.46387e+01 -9.95860e-10 4.61236e-09 3.04679e-05 0.00000e+00 0.00000e+00 1.83857e-04
2.46680e+01 4.47493e-10 -4.58032e-09 3.03367e-05 0.00000e+00 0.00000e+00 1.83203e-04
2.46973e+01 -8.83966e-10 4.54838e-09 3.02515e-05 0.00000e+00 0.00000e+00 1.82552e-04
2.47266e+01 5.48980e-10 -4.51653e-09 3.01216e-05 0.00000e+00 0.00000e+00 1.81904e-04
2.47559e+01 -7.53993e-10 4.48479e-09 3.00371e-05 0.00000e+00 0.00000e+00 1.81259e-04
2.47852e+01 6.59415e-10 -4.45315e-09 2.99086e-05 0.00000e+00 0.00000e+00 1.80617e-04
2.48145e+01 -6.24522e-10 4.42160e-09 2.98248e-05 0.00000e+00 0.00000e+00 1.79978e-04
2.48438e+01 7.60786e-10 -4.39015e-09 2.96975e-05 0.00000e+00 0.00000e+00 1.79342e-04
2.48730e+01 -5.12359e-10 4.35880e-09 2.96144e-05 0.00000e+00 0.00000e+00 1.78709e-04
2.49023e+01 8.38045e-10 -4.32754e-09 2.94885e-05 0.00000e+00 0.00000e+00 1.78079e-04
2.49316e+01 -4.30316e-10 4.29638e-09 2.94060e-05 0.00000e+00 0.00000e+00 1.77452e-04
2.49609e+01 8.80971e-10 -4.26531e-09 2.92814e-05 0.00000e+00 0.00000e+00 1.76828e-04
2.49902e+01 -3.85765e-10 4.23434e-09 2.91996e-05 0.00000e+00 0.00000e+00 1.76206e-04
2.50195e+01 8.85172e-10 -4.20346e-09 2.90762e-05 0.00000e+00 0.00000e+00 1.75588e-04
2.50488e+01 -3.80093e-10 4.17268e-09 2.89951e-05 0.00000e+00 0.00000e+00 1.74973e-04
2.50781e+01 8.52168e-10 -4.14199e-09 2.88730e-05 0.00000e+00 0.00000e+00 1.74360e-04
2.51074e+01 -4.09060e-10 4.11139e-09 2.87925e-05 0.00000e+00 0.00000e+00 1.73751e-04
2.51367e+01 7.88631e-10 -4.08089e-09 2.86716e-05 0.00000e+00 0.00000e+00 1.73144e-04
2.51660e+01 -4.63916e-10 4.05048e-09 2.85918e-05 0.00000e+00 0.00000e+00 1.72540e-04
2.51953e+01 7.04961e-10 -4.02016e-09 2.84721e-05 0.00000e+00 0.00000e+00 1.71939e-04
2.52246e+01 -5.33063e-10 3.98993e-09 2.83929e-05 0.00000e+00 0.00000e+00 1.71340e-04
2.52539e+01 6.13468e-10 -3.95979e-09 2.82745e-05 0.00000e+00 0.00000e+00 1.70745e-04
2.52832e+01 -6.03959e-10 3.92974e-09 2.81959e-05 0.00000e+00 0.00000e+00 1.70152e-04
2.53125e+01 5.26446e-10 -3.89978e-09 2.80787e-05 0.00000e+00 0.00000e+00 1.69562e-04
2.53418e+01 -6.64988e-10 3.86991e-09 2.80007e-05 0.00000e+00 0.00000e+00 1.68974e-04
2.53711e+01 4.54437e-10 -3.84013e-09 2.78847e-05 0.00000e+00 0.00000e+00 1.68390e-04
2.54004e+01 -7.07017e-10 3.81044e-09 2.78073e-05 0.00000e+00 0.00000e+00 1.67808e-04
2.54297e+01 4.04890e-10 -3.78083e-09 2.76924e-05 0.00000e+00 0.00000e+00 1.67228e-04
2.54590e+01 -7.24464e-10 3.75131e-09 2.76156e-05 0.00000e+00 0.00000e+00 1.66652e-04
2.54883e+01 3.81398e-10 -3.72188e-09 2.75020e-05 0.00000e+00 0.00000e+00 1.66078e-04
2.55176e+01 -7.15762e-10 3.69254e-09 2.74257e-05 0.00000e+00 0.00000e+00 1.65506e-04
2.55469e+01 3.83536e-10 -3.66328e-09 2.73133e-05 0.00000e+00 0.00000e+00 1.64937e-04
2.55762e+01 -6.83211e-10 3.63410e-09 2.72376e-05 0.00000e+00 0.00000e+00 1.64371e-04
2.56055e+01 4.07295e-10 -3.60502e-09 2.71263e-05 0.00000e+00 0.00000e+00 1.63808e-04
2.56348e+01 -6.32294e-10 3.57601e-09 2.70512e-05 0.00000e+00 0.00000e+00 1.63247e-04
2.56641e+01 4.45984e-10 -3.54709e-09 2.69410e-05 0.00000e+00 0.00000e+00 1.62688e-04
2.56934e+01 -5.70605e-10 3.51826e-09 2.68664e-05 0.00000e+00 0.00000e+00 1.62132e-04
2.57227e+01 4.91422e-10 -3.48951e-09 2.67574e-05 0.00000e+00 0.00000e+00 1.61579e-04
2.57520e+01 -5.06578e-10 3.46084e-09 2.66834e-05 0.00000e+00 0.00000e+00 1.61028e-04
2.57812e+01 5.35235e-10 -3.43225e-09 2.65754e-05 0.00000e+00 0.00000e+00 1.60480e-04
2.58105e+01 -4.48216e-10 3.40375e-09 2.65020e-05 0.00000e+00 0.00000e+00 1.59934e-04
2.58398e+01 5.70065e-10 -3.37533e-09 2.63951e-05 0.00000e+00 0.00000e+00 1.59391e-04
2.58691e+01 -4.01990e-10 3.34699e-09 2.63222e-05 0.00000e+00 0.00000e+00 1.58850e-04
2.58984e+01 5.90517e-10 -3.31873e-09 2.62165e-05 0.00000e+00 0.00000e+00 1.58311e-04
2.59277e+01 -3.72067e-10 3.29055e-09 2.61441e-05 0.00000e+00 0.00000e+00 1.57775e-04
2.59570e+01 5.93743e-10 -3.26245e-09 2.60394e-05 0.00000e+00 0.00000e+00 1.57242e-04
2.59863e+01 -3.59927e-10 3.23443e-09 2.59676e-05 0.00000e+00 0.00000e+00 1.56710e-04
2.60156e+01 5.79614e-10 -3.20649e-09 2.58640e-05 0.00000e+00 0.00000e+00 1.56182e-04
2.60449e+01 -3.64406e-10 3.17863e-09 2.57926e-05 0.00000e+00 0.00000e+00 1.55655e-04
2.60742e+01 5.50482e-10 -3.15085e-09 2.56901e-05 0.00000e+00 0.00000e+00 1.55131e-04
2.61035e+01 -3.82096e-10 3.12314e-09 2.56192e-05 0.00000e+00 0.00000e+00 1.54609e-04
2.61328e+01 5.10627e-10 -3.09552e-09 2.55177e-05 0.00000e+00 0.00000e+00 1.54090e-04
2.61621e+01 -4.08043e-10 3.06797e-09 2.54474e-05 0.00000e+00 0.00000e+00 1.53573e-04
2.61914e+01 4.65463e-10 -3.04050e-09 2.53470e-05 0.00000e+00 0.00000e+00 1.53058e-04
2.62207e+01 -4.36585e-10 3.01310e-09 2.52771e-05 0.00000e+00 0.00000e+00 1.52546e-04
2.62500e+01 4.20672e-10 -2.98578e-09 2.51777e-05 0.00000e+00 0.00000e+00 1.52035e-04
2.62793e+01 -4.62225e-10 2.95854e-09 2.51083e-05 0.00000e+00 0.00000e+00 1.51528e-04
2.63086e+01 3.81373e-10 -2.93137e-09 2.50099e-05 0.00000e+00 0.00000e+00 1.51022e-04
2.63379e+01 -4.80390e-10 2.90428e-09 2.49410e-05 0.00000e+00 0.00000e+00 1.50518e-04
2.63672e+01 3.51445e-10 -2.87726e-09 2.48436e-05 0.00000e+00 0.00000e+00 1.50017e-04
2.63965e+01 -4.88000e-10 2.85031e-09 2.47752e-05 0.00000e+00 0.00000e+00 1.49518e-04
2.64258e+01 3.33090e-10 -2.82344e-09 2.46788e-05 0.00000e+00 0.00000e+00 1.49022e-04
2.64551e+01 -4.83762e-10 2.79665e-09 2.46109e-05 0.00000e+00 0.00000e+00 1.48527e-04
2.64844e+01 3.26680e-10 -2.76992e-09 2.45155e-05 0.00000e+00 0.00000e+00 1.48035e-04
2.65137e+01 -4.68195e-10 2.74327e-09 2.44480e-05 0.00000e+00 0.00000e+00 1.47545e-04
2.65430e+01 3.30864e-10 -2.71669e-09 2.43536e-05 0.00000e+00 0.00000e+00 1.47056e-04
2.65723e+01 -4.43386e-10 2.69019e-09 2.42865e-05 0.00000e+00 0.00000e+00 1.46571e-04
2.66016e+01 3.42925e-10 -2.66375e-09 2.41931e-05 0.00000e+00 0.00000e+00 1.46087e-04
2.66309e+01 -4.12553e-10 2.63739e-09 2.41265e-05 0.00000e+00 0.00000e+00 1.45605e-04
2.66602e+01 3.59284e-10 -2.61110e-09 2.40340e-05 0.00000e+00 0.00000e+00 1.45126e-04
2.66895e+01 -3.79481e-10 2.58488e-09 2.39678e-05 0.00000e+00 0.00000e+00 1.44648e-04
2.67188e+01 3.76089e-10 -2.55872e-09 2.38763e-05 0.00000e+00 0.00000e+00 1.44173e-04
2.67480e+01 -3.47939e-10 2.53264e-09 2.38106e-05 0.00000e+00 0.00000e+00 1.43700e-04
2.67773e+01 3.89786e-10 -2.50663e-09 2.37200e-05 0.00000e+00 0.00000e+00 1.43229e-04
2.68066e+01 -3.21144e-10 2.48069e-09 2.36547e-05 0.00000e+00 0.00000e+00 1.42760e-04
2.68359e+01 3.97596e-10 -2.45482e-09 2.35651e-05 0.00000e+00 0.00000e+00 1.42293e-04
2.68652e+01 -3.01354e-10 2.42901e-09 2.35002e-05 0.00000e+00 0.00000e+00 1.41828e-04
2.68945e+01 3.97835e-10 -2.40327e-09 2.34115e-05 0.00000e+00 0.00000e+00 1.41365e-04
2.69238e+01 -2.89635e-10 2.37760e-09 2.33470e-05 0.00000e+00 0.00000e+00 1.40904e-04
2.69531e+01 3.90059e-10 -2.35200e-09 2.32592e-05 0.00000e+00 0.00000e+00 1.40445e-04
2.69824e+01 -2.85821e-10 2.32647e-09 2.31951e-05 0.00000e+00 0.00000e+00 1.39988e-04
2.70117e+01 3.75007e-10 -2.30100e-09 2.31083e-05 0.00000e+00 0.00000e+00 1.39533e-04
2.70410e+01 -2.88650e-10 2.27560e-09 2.30446e-05 0.00000e+00 0.00000e+00 1.39080e-04
2.70703e+01 3.54394e-10 -2.25026e-09 2.29586e-05 0.00000e+00 0.00000e+00 1.38629e-04
2.70996e+01 -2.96034e-10 2.22500e-09 2.28953e-05 0.00000e+00 0.00000e+00 1.38179e-04
2.71289e+01 3.30576e-10 -2.19979e-09 2.28103e-05 0.00000e+00 0.00000e+00 1.37732e-04
2.71582e+01 -3.05441e-10 2.17465e-09 2.27474e-05 0.00000e+00 0.00000e+00 1.37287e-04
2.71875e+01 3.06160e-10 -2.14958e-09 2.26632e-05 0.00000e+00 0.00000e+00 1.36844e-04
2.72168e+01 -3.14288e-10 2.12457e-09 2.26007e-05 0.00000e+00 0.00000e+00 1.36402e-04
2.72461e+01 2.83609e-10 -2.09963e-09 2.25174e-05 0.00000e+00 0.00000e+00 1.35963e-04
2.72754e+01 -3.20311e-10 2.07475e-09 2.24553e-05 0.00000e+00 0.00000e+00 1.35525e-04
2.73047e+01 2.64909e-10 -2.04993e-09 2.23728e-05 0.00000e+00 0.00000e+00 1.35089e-04
2.73340e+01 -3.21860e-10 2.02517e-09 2.23111e-05 0.00000e+00 0.00000e+00 1.34655e-04
2.73633e+01 2.51328e-10 -2.00048e-09 2.22295e-05 0.00000e+00 0.00000e+00 1.34223e-04
2.73926e+01 -3.18074e-10 1.97585e-09 2.21681e-05 0.00000e+00 0.00000e+00 1.33793e-04
2.74219e+01 2.43299e-10 -1.95129e-09 2.20874e-05 0.00000e+00 0.00000e+00 1.33365e-04
2.74512e+01 -3.08937e-10 1.92678e-09 2.20264e-05 0.00000e+00 0.00000e+00 1.32938e-04
2.74805e+01 2.40440e-10 -1.90234e-09 2.19465e-05 0.00000e+00 0.00000e+00 1.32514e-04
2.75098e+01 -2.95200e-10 1.87796e-09 2.18858e-05 0.00000e+00 0.00000e+00 1.32091e-04
2.75391e+01 2.41671e-10 -1.85364e-09 2.18068e-05 0.00000e+00 0.00000e+00 1.31670e-04
2.75684e+01 -2.78208e-10 1.82938e-09 2.17465e-05 0.00000e+00 0.00000e+00 1.31250e-04
2.75977e+01 2.45439e-10 -1.80518e-09 2.16683e-05 0.00000e+00 0.00000e+00 1.30833e-04
2.76270e+01 -2.59656e-10 1.78104e-09 2.16083e-05 0.00000e+00 0.00000e+00 1.30417e-04
2.76562e+01 2.49972e-10 -1.75696e-09 2.15310e-05 0.00000e+00 0.00000e+00 1.30003e-04
2.76855e+01 -2.41318e-10 1.73294e-09 2.14713e-05 0.00000e+00 0.00000e+00 1.29591e-04
2.77148e+01 2.53558e-10 -1.70898e-09 2.13948e-05 0.00000e+00 0.00000e+00 1.29180e-04
2.77441e+01 -2.24787e-10 1.68508e-09 2.13355e-05 0.00000e+00 0.00000e+00 1.28771e-04
2.77734e+01 2.54770e-10 -1.66123e-09 2.12598e-05 0.00000e+00 0.00000e+00 1.28364e-04
2.78027e+01 -2.11269e-10 1.63745e-09 2.12008e-05 0.00000e+00 0.00000e+00 1.27959e-04
2.78320e+01 2.52656e-10 -1.61372e-09 2.11259e-05 0.00000e+00 0.00000e+00 1.27555e-04
2.78613e+01 -2.01440e-10 1.59005e-09 2.10672e-05 0.00000e+00 0.00000e+00 1.27153e-04
2.78906e+01 2.46823e-10 -1.56644e-09 2.09931e-05 0.00000e+00 0.00000e+00 1.26753e-04
2.79199e+01 -1.95403e-10 1.54289e-09 2.09348e-05 0.00000e+00 0.00000e+00 1.26354e-04
2.79492e+01 2.37448e-10 -1.51939e-09 2.08614e-05 0.00000e+00 0.00000e+00 1.25957e-04
2.79785e+01 -1.92717e-10 1.49595e-09 2.08034e-05 0.00000e+00 0.00000e+00 1.25562e-04
2.80078e+01 2.25204e-10 -1.47256e-09 2.07309e-05 0.00000e+00 0.00000e+00 1.25169e-04
2.80371e+01 -1.92510e-10 1.44924e-09 2.06732e-05 0.00000e+00 0.00000e+00 1.24777e-04
2.80664e+01 2.11119e-10 -1.42596e-09 2.06014e-05 0.00000e+00 0.00000e+00 1.24386e-04
2.80957e+01 -1.93638e-10 1.40275e-09 2.05440e-05 0.00000e+00 0.00000e+00 1.23998e-04
2.81250e+01 1.96402e-10 -1.37958e-09 2.04730e-05 0.00000e+00 0.00000e+00 1.23610e-04
2.81543e+01 -1.94870e-10 1.35648e-09 2.04159e-05 0.00000e+00 0.00000e+00 1.23225e-04
2.81836e+01 1.82256e-10 -1.33342e-09 2.03457e-05 0.00000e+00 0.00000e+00 1.22841e-04
2.82129e+01 -1.95071e-10 1.31042e-09 2.02889e-05 0.00000e+00 0.00000e+00 1.22459e-04
2.82422e+01 1.69710e-10 -1.28748e-09 2.02194e-05 0.00000e+00 0.00000e+00 1.22078e-04
2.82715e+01 -1.93352e-10 1.26459e-09 2.01629e-05 0.00000e+00 0.00000e+00 1.21699e-04
2.83008e+01 1.59484e-10 -1.24175e-09 2.00942e-05 0.00000e+00 0.00000e+00 1.21321e-04
2.83301e+01 -1.89175e-10 1.21897e-09 2.00380e-05 0.00000e+00 0.00000e+00 1.20945e-04
2.83594e+01 1.51914e-10 -1.19624e-09 1.99700e-05 0.00000e+00 0.00000e+00 1.20571e-04
2.83887e+01 -1.82404e-10 1.17356e-09 1.99140e-05 0.00000e+00 0.00000e+00 1.20198e-04
2.84180e+01 1.46939e-10 -1.15093e-09 1.98468e-05 0.00000e+00 0.00000e+00 1.19827e-04
2.84473e+01 -1.73289e-10 1.12836e-09 1.97911e-05 0.00000e+00 0.00000e+00 1.19457e-04
2.84766e+01 1.44136e-10 -1.10584e-09 1.97246e-05 0.00000e+00 0.00000e+00 1.19089e-04
2.85059e+01 -1.62399e-10 1.08337e-09 1.96693e-05 0.00000e+00 0.00000e+00 1.18722e-04
2.85352e+01 1.42814e-10 -1.06095e-09 1.96035e-05 0.00000e+00 0.00000e+00 1.18356e-04
2.85645e+01 -1.50516e-10 1.03858e-09 1.95484e-05 0.00000e+00 0.00000e+00 1.17993e-04
2.85938e+01 1.42126e-10 -1.01626e-09 1.94833e-05 0.00000e+00 0.00000e+00 1.17630e-04
2.86230e+01 -1.38510e-10 9.93997e-10 1.94285e-05 0.00000e+00 0.00000e+00 1.17270e-04
2.86523e+01 1.41210e-10 -9.71781e-10 1.93641e-05 0.00000e+00 0.00000e+00 1.16910e-04
2.86816e+01 -1.27207e-10 9.49615e-10 1.93095e-05 0.00000e+00 0.00000e+00 1.16552e-04
2.87109e+01 1.39303e-10 -9.27498e-10 1.92459e-05 0.00000e+00 0.00000e+00 1.16196e-04
2.87402e+01 -1.17277e-10 9.05432e-10 1.91916e-05 0.00000e+00 0.00000e+00 1.15841e-04
2.87695e+01 1.35845e-10 -8.83415e-10 1.91286e-05 0.00000e+00 0.00000e+00 1.15487e-04
2.87988e+01 -1.09149e-10 8.61446e-10 1.90746e-05 0.00000e+00 0.00000e+00 1.15135e-04
2.88281e+01 1.30545e-10 -8.39527e-10 1.90123e-05 0.00000e+00 0.00000e+00 1.14785e-04
2.88574e+01 -1.02971e-10 8.17656e-10 1.89585e-05 0.00000e+00 0.00000e+00 1.14435e-04
2.88867e+01 1.23400e-10 -7.95833e-10 1.88970e-05 0.00000e+00 0.00000e+00 1.14087e-04
2.89160e+01 -9.86029e-11 7.74059e-10 1.88434e-05 0.00000e+00 0.00000e+00 1.13741e-04
2.89453e+01 1.14676e-10 -7.52332e-10 1.87825e-05 0.00000e+00 0.00000e+00 1.13396e-04
2.89746e+01 -9.56634e-11 7.30653e-10 1.87292e-05 0.00000e+00 0.00000e+00 1.13052e-04
2.90039e+01 1.04852e-10 -7.09021e-10 1.86690e-05 0.00000e+00 0.00000e+00 1.12710e-04
2.90332e+01 -9.35947e-11 6.87436e-10 1.86160e-05 0.00000e+00 0.00000e+00 1.12369e-04
2.90625e+01 9.45373e-11 -6.65898e-10 1.85564e-05 0.00000e+00 0.00000e+00 1.12030e-04
2.90918e+01 -9.17543e-11 6.44407e-10 1.85036e-05 0.00000e+00 0.00000e+00 1.11692e-04
2.91211e+01 8.43808e-11 -6.22961e-10 1.84447e-05 0.00000e+00 0.00000e+00 1.11355e-04
2.91504e+01 -8.95116e-11 6.01562e-10 1.83922e-05 0.00000e+00 0.00000e+00 1.11020e-04
2.91797e+01 7.49724e-11 -5.80209e-10 1.83340e-05 0.00000e+00 0.00000e+00 1.10686e-04
2.92090e+01 -8.63345e-11 5.58902e-10 1.82816e-05 0.00000e+00 0.00000e+00 1.10353e-04
2.92383e+01 6.67647e-11 -5.37640e-10 1.82240e-05 0.00000e+00 0.00000e+00 1.10021e-04
2.92676e+01 -8.18599e-11 5.16423e-10 1.81719e-05 0.00000e+00 0.00000e+00 1.09691e-04
2.92969e+01 6.00176e-11 -4.95251e-10 1.81150e-05 0.00000e+00 0.00000e+00 1.09363e-04
2.93262e+01 -7.59356e-11 4.74123e-10 1.80631e-05 0.00000e+00 0.00000e+00 1.09035e-04
2.93555e+01 5.47712e-11 -4.53040e-10 1.80069e-05 0.00000e+00 0.00000e+00 1.08709e-04
2.93848e+01 -6.86301e-11 4.32001e-10 1.79552e-05 0.00000e+00 0.00000e+00 1.08384e-04
2.94141e+01 5.08518e-11 -4.11007e-10 1.78996e-05 0.00000e+00 0.00000e+00 1.08061e-04
2.94434e+01 -6.02119e-11 3.90056e-10 1.78481e-05 0.00000e+00 0.00000e+00 1.07738e-04
2.94727e+01 4.79052e-11 -3.69148e-10 1.77931e-05 0.00000e+00 0.00000e+00 1.07417e-04
2.95020e+01 -5.11027e-11 3.48284e-10 1.77419e-05 0.00000e+00 0.00000e+00 1.07098e-04
2.95312e+01 4.54563e-11 -3.27463e-10 1.76875e-05 0.00000e+00 0.00000e+00 1.06779e-04
2.95605e+01 -4.18105e-11 3.06685e-10 1.76365e-05 0.00000e+00 0.00000e+00 1.06462e-04
2.95898e+01 4.29805e-11 -2.85949e-10 1.75827e-05 0.00000e+00 0.00000e+00 1.06146e-04
2.96191e+01 -3.28548e-11 2.65256e-10 1.75319e-05 0.00000e+00 0.00000e+00 1.05832e-04
2.96484e+01 3.99801e-11 -2.44604e-10 1.74788e-05 0.00000e+00 0.00000e+00 1.05518e-04
2.96777e+01 -2.46925e-11 2.23995e-10 1.74282e-05 0.00000e+00 0.00000e+00 1.05206e-04
2.97070e+01 3.60525e-11 -2.03428e-10 1.73757e-05 0.00000e+00 0.00000e+00 1.04895e-04
2.97363e+01 -1.76546e-11 1.82902e-10 1.73253e-05 0.00000e+00 0.00000e+00 1.04585e-04
2.97656e+01 3.09465e-11 -1.62417e-10 1.72734e-05 0.00000e+00 0.00000e+00 1.04277e-04
2.97949e+01 -1.19034e-11 1.41974e-10 1.72232e-05 0.00000e+00 0.00000e+00 1.03969e-04
2.98242e+01 2.45919e-11 -1.21571e-10 1.71719e-05 0.00000e+00 0.00000e+00 1.03663e-04
2.98535e+01 -7.41305e-12 1.01209e-10 1.71218e-05 0.00000e+00 0.00000e+00 1.03359e-04
2.98828e+01 1.71054e-11 -8.08871e-11 1.70711e-05 0.00000e+00 0.00000e+00 1.03055e-04
2.99121e+01 -3.97763e-12 6.06055e-11 1.70213e-05 0.00000e+00 0.00000e+00 1.02752e-04
2.99414e+01 8.77202e-12 -4.03640e-11 1.69712e-05 0.00000e+00 0.00000e+00 1.02451e-04
2.99707e+01 -1.24310e-12 2.01622e-11 1.69216e-05 0.00000e+00 0.00000e+00 1.02151e-04
3.00000e+01 2.39584e-16 2.37681e-17 1.68721e-05 0.00000e+00 0.00000e+00 1.01852e-04
