# r h000 h110 h112 c000 c110 c112
2.92969e-02 -9.99992e-01 7.46782e-06 -9.13517e-08 -3.00889e+01 -6.21772e+00 7.22646e-02
5.85938e-02 -9.99991e-01 6.63630e-06 -3.92337e-07 -2.86008e+01 -5.90098e+00 2.19162e-01
8.78906e-02 -9.99991e-01 5.68157e-06 -6.04710e-07 -2.73344e+01 -5.51435e+00 3.80480e-01
1.17188e-01 -9.99991e-01 4.82675e-06 -7.20792e-07 -2.61219e+01 -5.14135e+00 5.10759e-01
1.46484e-01 -9.99992e-01 4.00607e-06 -8.62035e-07 -2.50115e+01 -4.80564e+00 6.03211e-01
1.75781e-01 -9.99992e-01 3.24280e-06 -9.77486e-07 -2.39435e+01 -4.50283e+00 6.77227e-01
2.05078e-01 -9.99992e-01 2.52699e-06 -1.08534e-06 -2.29314e+01 -4.23103e+00 7.33096e-01
2.34375e-01 -9.99993e-01 1.88055e-06 -1.15321e-06 -2.19460e+01 -3.98397e+00 7.79799e-01
2.63672e-01 -9.99993e-01 1.30380e-06 -1.18908e-06 -2.09949e+01 -3.75849e+00 8.17393e-01
2.92969e-01 -9.99994e-01 8.08958e-07 -1.17770e-06 -2.00620e+01 -3.54991e+00 8.50853e-01
3.22266e-01 -9.99994e-01 3.92677e-07 -1.12887e-06 -1.91532e+01 -3.35573e+00 8.79987e-01
3.51562e-01 -9.99994e-01 5.79555e-08 -1.03756e-06 -1.82590e+01 -3.17273e+00 9.07767e-01
3.80859e-01 -9.99995e-01 -2.02566e-07 -9.14535e-07 -1.73843e+01 -2.99922e+00 9.33783e-01
4.10156e-01 -9.99995e-01 -3.91465e-07 -7.59454e-07 -1.65233e+01 -2.83309e+00 9.59836e-01
4.39453e-01 -9.99995e-01 -5.18171e-07 -5.82614e-07 -1.56803e+01 -2.67335e+00 9.85350e-01
4.68750e-01 -9.99996e-01 -5.88015e-07 -3.85573e-07 -1.48514e+01 -2.51868e+00 1.01139e+00
4.98047e-01 -9.99996e-01 -6.10930e-07 -1.77522e-07 -1.40405e+01 -2.36859e+00 1.03728e+00
5.27344e-01 -9.99996e-01 -5.93113e-07 3.94598e-08 -1.32451e+01 -2.22236e+00 1.06361e+00
5.56641e-01 -9.99997e-01 -5.43817e-07 2.57643e-07 -1.24685e+01 -2.07985e+00 1.08967e+00
5.85938e-01 -9.99997e-01 -4.68781e-07 4.75304e-07 -1.17089e+01 -1.94071e+00 1.11575e+00
6.15234e-01 -9.99997e-01 -3.75743e-07 6.86416e-07 -1.09694e+01 -1.80506e+00 1.14114e+00
6.44531e-01 -9.99997e-01 -2.69161e-07 8.90110e-07 -1.02489e+01 -1.67280e+00 1.16597e+00
6.73828e-01 -9.99998e-01 -1.54839e-07 1.08210e-06 -9.55011e+00 -1.54418e+00 1.18956e+00
7.03125e-01 -9.99998e-01 -3.55971e-08 1.26254e-06 -8.87220e+00 -1.41924e+00 1.21195e+00
7.32422e-01 -9.99998e-01 8.47392e-08 1.42872e-06 -8.21773e+00 -1.29832e+00 1.23252e+00
7.61719e-01 -9.99998e-01 2.04931e-07 1.58167e-06 -7.58614e+00 -1.18155e+00 1.25127e+00
7.91016e-01 -9.99999e-01 3.22790e-07 1.71984e-06 -6.97978e+00 -1.06925e+00 1.26766e+00
8.20312e-01 -9.99999e-01 4.38134e-07 1.84467e-06 -6.39824e+00 -9.61597e-01 1.28170e+00
8.49609e-01 -9.99999e-01 5.49532e-07 1.95491e-06 -5.84367e+00 -8.58893e-01 1.29293e+00
8.78906e-01 -9.99999e-01 6.56727e-07 2.05144e-06 -5.31577e+00 -7.61287e-01 1.30138e+00
9.08203e-01 -9.99999e-01 7.57642e-07 2.13213e-06 -4.81651e+00 -6.69033e-01 1.30670e+00
9.37500e-01 -9.99999e-01 8.50559e-07 2.19618e-06 -4.34566e+00 -5.82219e-01 1.30897e+00
9.66797e-01 -9.99999e-01 9.31739e-07 2.23989e-06 -3.90503e+00 -5.01005e-01 1.30798e+00
9.96094e-01 -9.99999e-01 9.97911e-07 2.26113e-06 -3.49447e+00 -4.25376e-01 1.30390e+00
1.02539e+00 2.76523e+00 5.71445e-01 1.95172e+00 6.49472e-01 2.16091e-01 3.24838e+00
1.05469e+00 2.55205e+00 8.62915e-01 3.02902e+00 7.83233e-01 5.72104e-01 4.31555e+00
1.08398e+00 1.89874e+00 5.95548e-01 2.19823e+00 4.44131e-01 3.63849e-01 3.47172e+00
1.11328e+00 1.41352e+00 3.98947e-01 1.59388e+00 2.41748e-01 2.21055e-01 2.85163e+00
1.14258e+00 1.04450e+00 2.54688e-01 1.15085e+00 1.24401e-01 1.25358e-01 2.39011e+00
1.17188e+00 7.56787e-01 1.49506e-01 8.24788e-01 5.92627e-02 6.36564e-02 2.04303e+00
1.20117e+00 5.28637e-01 7.36638e-02 5.84797e-01 2.54548e-02 2.63533e-02 1.77952e+00
1.23047e+00 3.44354e-01 1.97464e-02 4.08447e-01 9.80737e-03 6.28288e-03 1.57745e+00
1.25977e+00 1.94593e-01 -1.78642e-02 2.79432e-01 4.16697e-03 -1.95154e-03 1.42061e+00
1.28906e+00 7.17875e-02 -4.35435e-02 1.85432e-01 3.62662e-03 -2.42521e-03 1.29702e+00
1.31836e+00 -2.81516e-02 -6.05992e-02 1.17363e-01 5.34694e-03 1.80753e-03 1.19771e+00
1.34766e+00 -1.09355e-01 -7.15931e-02 6.82436e-02 7.77079e-03 8.48798e-03 1.11602e+00
1.37695e+00 -1.73745e-01 -7.83981e-02 3.29968e-02 1.01072e-02 1.59903e-02 1.04698e+00
1.40625e+00 -2.24055e-01 -8.24205e-02 7.71852e-03 1.20007e-02 2.31872e-02 9.86967e-01
1.43555e+00 -2.61336e-01 -8.46158e-02 -1.03126e-02 1.33278e-02 2.93467e-02 9.33344e-01
1.46484e+00 -2.87744e-01 -8.56578e-02 -2.31700e-02 1.40770e-02 3.40417e-02 8.84256e-01
1.49414e+00 -3.03937e-01 -8.59363e-02 -3.21855e-02 1.42852e-02 3.70789e-02 8.38441e-01
1.52344e+00 -3.11774e-01 -8.56876e-02 -3.83651e-02 1.40058e-02 3.84363e-02 7.95070e-01
1.55273e+00 -3.11654e-01 -8.49817e-02 -4.22544e-02 1.32974e-02 3.82157e-02 7.53643e-01
1.58203e+00 -3.05222e-01 -8.38198e-02 -4.42697e-02 1.22212e-02 3.66011e-02 7.13889e-01
1.61133e+00 -2.92637e-01 -8.21147e-02 -4.45440e-02 1.08438e-02 3.38295e-02 6.75701e-01
1.64062e+00 -2.75360e-01 -7.97605e-02 -4.31924e-02 9.23924e-03 3.01655e-02 6.39083e-01
1.66992e+00 -2.53305e-01 -7.66116e-02 -4.01548e-02 7.49181e-03 2.58857e-02 6.04108e-01
1.69922e+00 -2.27784e-01 -7.25273e-02 -3.54079e-02 5.69599e-03 2.12646e-02 5.70893e-01
1.72852e+00 -1.98467e-01 -6.73560e-02 -2.88171e-02 3.95692e-03 1.65686e-02 5.39578e-01
1.75781e+00 -1.66564e-01 -6.09566e-02 -2.03033e-02 2.38786e-03 1.20492e-02 5.10312e-01
1.78711e+00 -1.31495e-01 -5.31951e-02 -9.71549e-03 1.10921e-03 7.94233e-03 4.83247e-01
1.81641e+00 -9.44439e-02 -4.39397e-02 3.04809e-03 2.45262e-04 4.46574e-03 4.58530e-01
1.84570e+00 -5.45491e-02 -3.30818e-02 1.81291e-02 -7.68626e-05 1.82195e-03 4.36304e-01
1.87500e+00 -1.30794e-02 -2.04927e-02 3.56492e-02 2.70205e-04 1.97188e-04 4.16709e-01
1.90430e+00 3.12090e-02 -6.09224e-03 5.57269e-02 1.41368e-03 -2.33694e-04 3.99878e-01
1.93359e+00 7.67403e-02 1.02679e-02 7.85305e-02 3.48052e-03 6.92542e-04 3.85946e-01
1.96289e+00 1.25466e-01 2.86203e-02 1.04115e-01 6.59452e-03 3.13318e-03 3.75040e-01
1.99219e+00 1.74757e-01 4.91825e-02 1.32741e-01 1.08447e-02 7.20371e-03 3.67231e-01
2.02148e+00 2.28466e-01 7.02632e-02 1.61073e-01 1.57468e-02 1.24923e-02 3.61616e-01
2.05078e+00 2.65884e-01 8.63352e-02 1.81174e-01 1.90639e-02 1.69861e-02 3.54654e-01
2.08008e+00 2.67274e-01 9.12307e-02 1.84463e-01 1.83507e-02 1.82026e-02 3.42522e-01
2.10938e+00 2.44602e-01 8.45353e-02 1.71573e-01 1.41041e-02 1.59168e-02 3.25343e-01
2.13867e+00 2.07792e-01 7.07215e-02 1.48989e-01 8.81827e-03 1.18429e-02 3.06009e-01
2.16797e+00 1.66107e-01 5.46635e-02 1.23600e-01 4.36711e-03 7.65994e-03 2.87090e-01
2.19727e+00 1.23218e-01 3.90292e-02 9.90894e-02 1.43581e-03 4.26879e-03 2.69935e-01
2.22656e+00 8.24898e-02 2.51614e-02 7.73023e-02 -3.76664e-05 1.93808e-03 2.54947e-01
2.25586e+00 4.46262e-02 1.35333e-02 5.88662e-02 -4.24291e-04 6.02331e-04 2.42034e-01
2.28516e+00 1.09037e-02 4.16056e-03 4.37866e-02 -1.47714e-04 5.34510e-05 2.30891e-01
2.31445e+00 -1.87907e-02 -3.16761e-03 3.17637e-02 4.32773e-04 5.10911e-05 2.21160e-01
2.34375e+00 -4.38649e-02 -8.76370e-03 2.23552e-02 1.06143e-03 3.77337e-04 2.12510e-01
2.37305e+00 -6.46344e-02 -1.29389e-02 1.51284e-02 1.58213e-03 8.57469e-04 2.04664e-01
2.40234e+00 -8.08110e-02 -1.59930e-02 9.65443e-03 1.91971e-03 1.36423e-03 1.97412e-01
2.43164e+00 -9.27996e-02 -1.81611e-02 5.60110e-03 2.05620e-03 1.81258e-03 1.90599e-01
2.46094e+00 -1.00521e-01 -1.96454e-02 2.66536e-03 2.01030e-03 2.15216e-03 1.84120e-01
2.49023e+00 -1.04456e-01 -2.05795e-02 6.48009e-04 1.82046e-03 2.35875e-03 1.77905e-01
2.51953e+00 -1.04687e-01 -2.10725e-02 -6.33713e-04 1.53296e-03 2.42729e-03 1.71914e-01
2.54883e+00 -1.01754e-01 -2.11778e-02 -1.27465e-03 1.19382e-03 2.36609e-03 1.66125e-01
2.57812e+00 -9.58544e-02 -2.09399e-02 -1.37345e-03 8.43988e-04 2.19275e-03 1.60529e-01
2.60742e+00 -8.75545e-02 -2.03631e-02 -9.60245e-04 5.16895e-04 1.93097e-03 1.55129e-01
2.63672e+00 -7.71185e-02 -1.94572e-02 -8.71701e-05 2.37644e-04 1.60833e-03 1.49931e-01
2.66602e+00 -6.51093e-02 -1.82060e-02 1.24484e-03 2.32569e-05 1.25434e-03 1.44947e-01
2.69531e+00 -5.18167e-02 -1.66108e-02 2.99835e-03 -1.16532e-04 8.98722e-04 1.40190e-01
2.72461e+00 -3.77751e-02 -1.46594e-02 5.17274e-03 -1.78276e-04 5.69631e-04 1.35670e-01
2.75391e+00 -2.32730e-02 -1.23665e-02 7.71984e-03 -1.63880e-04 2.91975e-04 1.31396e-01
2.78320e+00 -8.80357e-03 -9.74329e-03 1.06168e-02 -7.98187e-05 8.56331e-05 1.27371e-01
2.81250e+00 5.35926e-03 -6.83565e-03 1.37853e-02 6.33787e-05 -3.60957e-05 1.23592e-01
2.84180e+00 1.87655e-02 -3.69311e-03 1.71641e-02 2.51494e-04 -6.78763e-05 1.20048e-01
2.87109e+00 3.11580e-02 -4.04655e-04 2.06318e-02 4.66831e-04 -1.32525e-05 1.16720e-01
2.90039e+00 4.21236e-02 2.93244e-03 2.40789e-02 6.88549e-04 1.14941e-04 1.13579e-01
2.92969e+00 5.14175e-02 6.17998e-03 2.73352e-02 8.93171e-04 2.94926e-04 1.10588e-01
2.95898e+00 5.86541e-02 9.19044e-03 3.02410e-02 1.05564e-03 4.97191e-04 1.07703e-01
2.98828e+00 6.35943e-02 1.17777e-02 3.25791e-02 1.15104e-03 6.86803e-04 1.04875e-01
3.01758e+00 6.58740e-02 1.37509e-02 3.41481e-02 1.15755e-03 8.27251e-04 1.02058e-01
3.04688e+00 6.52621e-02 1.49042e-02 3.47192e-02 1.06200e-03 8.86955e-04 9.92104e-02
3.07617e+00 6.14993e-02 1.51012e-02 3.41670e-02 8.70590e-04 8.49833e-04 9.63140e-02
3.10547e+00 5.48577e-02 1.43221e-02 3.24902e-02 6.18076e-04 7.25242e-04 9.33845e-02
3.13477e+00 4.59179e-02 1.27230e-02 2.99034e-02 3.60034e-04 5.46626e-04 9.04693e-02
3.16406e+00 3.55393e-02 1.05611e-02 2.67136e-02 1.49917e-04 3.57087e-04 8.76269e-02
3.19336e+00 2.44630e-02 8.13132e-03 2.32775e-02 1.97510e-05 1.93094e-04 8.49059e-02
3.22266e+00 1.33990e-02 5.67243e-03 1.98649e-02 -2.49938e-05 7.56989e-05 8.23343e-02
3.25195e+00 2.82385e-03 3.36471e-03 1.66897e-02 5.14016e-07 1.02725e-05 7.99195e-02
3.28125e+00 -6.83860e-03 1.30682e-03 1.38550e-02 7.04480e-05 -9.10743e-06 7.76539e-02
3.31055e+00 -1.53561e-02 -4.46053e-04 1.14279e-02 1.57292e-04 5.67477e-06 7.55220e-02
3.33984e+00 -2.25112e-02 -1.88973e-03 9.40214e-03 2.37885e-04 4.11180e-05 7.35053e-02
3.36914e+00 -2.82308e-02 -3.03264e-03 7.77097e-03 2.96321e-04 8.49003e-05 7.15863e-02
3.39844e+00 -3.24325e-02 -3.90756e-03 6.48584e-03 3.24537e-04 1.27296e-04 6.97500e-02
3.42773e+00 -3.51499e-02 -4.54067e-03 5.51918e-03 3.21352e-04 1.61599e-04 6.79847e-02
3.45703e+00 -3.63972e-02 -4.96883e-03 4.81757e-03 2.90797e-04 1.83962e-04 6.62819e-02
3.48633e+00 -3.62863e-02 -5.21469e-03 4.35682e-03 2.40200e-04 1.92939e-04 6.46358e-02
3.51562e+00 -3.49036e-02 -5.30708e-03 4.09242e-03 1.78411e-04 1.88946e-04 6.30426e-02
3.54492e+00 -3.24182e-02 -5.25960e-03 4.00986e-03 1.14302e-04 1.73739e-04 6.15001e-02
3.57422e+00 -2.89673e-02 -5.09217e-03 4.07471e-03 5.56651e-05 1.49949e-04 6.00071e-02
3.60352e+00 -2.47554e-02 -4.81143e-03 4.28010e-03 8.48606e-06 1.20699e-04 5.85630e-02
3.63281e+00 -1.99479e-02 -4.43223e-03 4.59770e-03 -2.34277e-05 8.92645e-05 5.71674e-02
3.66211e+00 -1.47625e-02 -3.95896e-03 5.02352e-03 -3.85112e-05 5.87889e-05 5.58200e-02
3.69141e+00 -9.37049e-03 -3.40631e-03 5.53034e-03 -3.72757e-05 3.20308e-05 5.45200e-02
3.72070e+00 -3.98138e-03 -2.78110e-03 6.11238e-03 -2.19626e-05 1.11503e-05 5.32663e-02
3.75000e+00 1.24753e-03 -2.10191e-03 6.73962e-03 3.90213e-06 -2.45777e-06 5.20572e-02
3.77930e+00 6.13288e-03 -1.38110e-03 7.40160e-03 3.60183e-05 -8.27009e-06 5.08901e-02
3.80859e+00 1.05478e-02 -6.43131e-04 8.06381e-03 6.98180e-05 -6.66081e-06 4.97620e-02
3.83789e+00 1.43488e-02 9.35527e-05 8.71085e-03 1.00952e-04 1.15860e-06 4.86693e-02
3.86719e+00 1.74514e-02 7.99480e-04 9.30495e-03 1.25709e-04 1.32980e-05 4.76078e-02
3.89648e+00 1.97617e-02 1.45255e-03 9.82857e-03 1.41359e-04 2.74283e-05 4.65737e-02
3.92578e+00 2.12459e-02 2.02227e-03 1.02449e-02 1.46389e-04 4.10913e-05 4.55630e-02
3.95508e+00 2.18659e-02 2.48822e-03 1.05399e-02 1.40637e-04 5.20359e-05 4.45726e-02
3.98438e+00 2.16438e-02 2.82544e-03 1.06843e-02 1.25283e-04 5.85450e-05 4.36000e-02
4.01367e+00 2.06012e-02 3.02270e-03 1.06752e-02 1.02711e-04 5.96947e-05 4.26441e-02
4.04297e+00 1.88190e-02 3.06857e-03 1.04987e-02 7.62158e-05 5.55004e-05 4.17049e-02
4.07227e+00 1.63804e-02 2.96905e-03 1.01704e-02 4.95750e-05 4.69019e-05 4.07837e-02
4.10156e+00 1.34257e-02 2.73307e-03 9.69868e-03 2.64780e-05 3.55644e-05 3.98824e-02
4.13086e+00 1.00944e-02 2.38739e-03 9.12039e-03 9.88447e-06 2.35103e-05 3.90036e-02
4.16016e+00 6.56580e-03 1.95890e-03 8.46193e-03 1.45488e-06 1.26654e-05 3.81497e-02
4.18945e+00 2.99546e-03 1.48535e-03 7.77042e-03 1.25813e-06 4.46054e-06 3.73224e-02
4.21875e+00 -4.49567e-04 9.96127e-04 7.07343e-03 7.87866e-06 -3.90207e-07 3.65224e-02
4.24805e+00 -3.64615e-03 5.23166e-04 6.41021e-03 1.88619e-05 -1.89484e-06 3.57497e-02
4.27734e+00 -6.47441e-03 8.47091e-05 5.79534e-03 3.13341e-05 -6.24064e-07 3.50032e-02
4.30664e+00 -8.86298e-03 -3.01019e-04 5.25236e-03 4.25989e-05 2.52744e-06 3.42817e-02
4.33594e+00 -1.07458e-02 -6.29043e-04 4.78113e-03 5.05887e-05 6.57442e-06 3.35834e-02
4.36523e+00 -1.21016e-02 -8.92724e-04 4.39225e-03 5.41056e-05 1.06235e-05 3.29068e-02
4.39453e+00 -1.29115e-02 -1.09588e-03 4.07602e-03 5.28662e-05 1.39834e-05 3.22503e-02
4.42383e+00 -1.31957e-02 -1.23820e-03 3.83597e-03 4.73862e-05 1.62128e-05 3.16127e-02
4.45312e+00 -1.29730e-02 -1.32734e-03 3.65829e-03 3.87670e-05 1.71166e-05 3.09930e-02
4.48242e+00 -1.22953e-02 -1.36519e-03 3.54398e-03 2.84370e-05 1.67130e-05 3.03903e-02
4.51172e+00 -1.12091e-02 -1.36021e-03 3.47848e-03 1.78955e-05 1.51834e-05 2.98039e-02
4.54102e+00 -9.78769e-03 -1.31447e-03 3.46249e-03 8.49276e-06 1.28184e-05 2.92332e-02
4.57031e+00 -8.09515e-03 -1.23605e-03 3.48199e-03 1.26691e-06 9.96438e-06 2.86778e-02
4.59961e+00 -6.21580e-03 -1.12679e-03 3.53796e-03 -3.15200e-06 6.97741e-06 2.81371e-02
4.62891e+00 -4.22027e-03 -9.94405e-04 3.61700e-03 -4.57222e-06 4.18335e-06 2.76106e-02
4.65820e+00 -2.19343e-03 -8.40747e-04 3.72019e-03 -3.21011e-06 1.84757e-06 2.70978e-02
4.68750e+00 -2.02270e-04 -6.73624e-04 3.83439e-03 3.85544e-07 1.53516e-07 2.65981e-02
4.71680e+00 1.67752e-03 -4.95283e-04 3.96047e-03 5.44200e-06 -8.08955e-07 2.61110e-02
4.74609e+00 3.39156e-03 -3.13889e-04 4.08539e-03 1.10842e-05 -1.04462e-06 2.56358e-02
4.77539e+00 4.88114e-03 -1.32176e-04 4.20975e-03 1.64567e-05 -6.44751e-07 2.51718e-02
4.80469e+00 6.11110e-03 4.14858e-05 4.32082e-03 2.08291e-05 2.31167e-07 2.47184e-02
4.83398e+00 7.04487e-03 2.04282e-04 4.41943e-03 2.36762e-05 1.37963e-06 2.42750e-02
4.86328e+00 7.67017e-03 3.48272e-04 4.49378e-03 2.47251e-05 2.58303e-06 2.38409e-02
4.89258e+00 7.97461e-03 4.71395e-04 4.54578e-03 2.39668e-05 3.63883e-06 2.34157e-02
4.92188e+00 7.96929e-03 5.67110e-04 4.56548e-03 2.16335e-05 4.38691e-06 2.29990e-02
4.95117e+00 7.66496e-03 6.35133e-04 4.55683e-03 1.81473e-05 4.72852e-06 2.25905e-02
4.98047e+00 7.09359e-03 6.71295e-04 4.51264e-03 1.40483e-05 4.63664e-06 2.21902e-02
5.00977e+00 6.28515e-03 6.77927e-04 4.43961e-03 9.91135e-06 4.15397e-06 2.17979e-02
5.03906e+00 5.28743e-03 6.53821e-04 4.33376e-03 6.26472e-06 3.38090e-06 2.14138e-02
5.06836e+00 4.14333e-03 6.04177e-04 4.20463e-03 3.51885e-06 2.45412e-06 2.10378e-02
5.09766e+00 2.90928e-03 5.30584e-04 4.05112e-03 1.91658e-06 1.52108e-06 2.06702e-02
5.12695e+00 1.63308e-03 4.40491e-04 3.88486e-03 1.51011e-06 7.14060e-07 2.03110e-02
5.15625e+00 3.71081e-04 3.37198e-04 3.70636e-03 2.16856e-06 1.29453e-07 1.99602e-02
5.18555e+00 -8.33058e-04 2.28925e-04 3.52775e-03 3.61325e-06 -1.84294e-07 1.96178e-02
5.21484e+00 -1.93189e-03 1.18972e-04 3.34935e-03 5.47511e-06 -2.28584e-07 1.92838e-02
5.24414e+00 -2.89380e-03 1.46260e-05 3.18198e-03 7.36140e-06 -4.68566e-08 1.89578e-02
5.27344e+00 -3.68647e-03 -8.22818e-05 3.02429e-03 8.92075e-06 2.89142e-07 1.86398e-02
5.30273e+00 -4.29455e-03 -1.66434e-04 2.88480e-03 9.89358e-06 6.96105e-07 1.83295e-02
5.33203e+00 -4.70300e-03 -2.38004e-04 2.76001e-03 1.01423e-05 1.09404e-06 1.80265e-02
5.36133e+00 -4.91308e-03 -2.93701e-04 2.65613e-03 9.65749e-06 1.41816e-06 1.77306e-02
5.39062e+00 -4.92581e-03 -3.35394e-04 2.56788e-03 8.54434e-06 1.62523e-06 1.74416e-02
5.41992e+00 -4.75675e-03 -3.61283e-04 2.49983e-03 6.99229e-06 1.69595e-06 1.71592e-02
5.44922e+00 -4.41983e-03 -3.74300e-04 2.44560e-03 5.23710e-06 1.63287e-06 1.68832e-02
5.47852e+00 -3.94115e-03 -3.73499e-04 2.40881e-03 3.52069e-06 1.45630e-06 1.66133e-02
5.50781e+00 -3.34338e-03 -3.62318e-04 2.38263e-03 2.05566e-06 1.19832e-06 1.63493e-02
5.53711e+00 -2.65880e-03 -3.40212e-04 2.37021e-03 9.98427e-07 8.96957e-07 1.60911e-02
5.56641e+00 -1.91426e-03 -3.10784e-04 2.36466e-03 4.33527e-07 5.90346e-07 1.58385e-02
5.59570e+00 -1.14365e-03 -2.73649e-04 2.36894e-03 3.69899e-07 3.12190e-07 1.55911e-02
5.62500e+00 -3.73539e-04 -2.32414e-04 2.37629e-03 7.47763e-07 8.82799e-08 1.53490e-02
5.65430e+00 3.64874e-04 -1.86749e-04 2.38961e-03 1.45429e-06 -6.55266e-08 1.51118e-02
5.68359e+00 1.04928e-03 -1.40196e-04 2.40234e-03 2.34443e-06 -1.43889e-07 1.48794e-02
5.71289e+00 1.65468e-03 -9.24087e-05 2.41745e-03 3.26412e-06 -1.51417e-07 1.46515e-02
5.74219e+00 2.16607e-03 -4.67920e-05 2.42865e-03 4.07189e-06 -1.00806e-07 1.44282e-02
5.77148e+00 2.56705e-03 -2.89165e-06 2.43905e-03 4.65691e-06 -1.04592e-08 1.42091e-02
5.80078e+00 2.85167e-03 3.61383e-05 2.44278e-03 4.95065e-06 9.86800e-08 1.39941e-02
5.83008e+00 3.01315e-03 7.09963e-05 2.44322e-03 4.93201e-06 2.05968e-07 1.37832e-02
5.85938e+00 3.05492e-03 9.89275e-05 2.43504e-03 4.62516e-06 2.93985e-07 1.35762e-02
5.88867e+00 2.97947e-03 1.21028e-04 2.42205e-03 4.09172e-06 3.50397e-07 1.33729e-02
5.91797e+00 2.79854e-03 1.35084e-04 2.39956e-03 3.41838e-06 3.69307e-07 1.31734e-02
5.94727e+00 2.52223e-03 1.42707e-04 2.37190e-03 2.70232e-06 3.51249e-07 1.29775e-02
5.97656e+00 2.16849e-03 1.42301e-04 2.33509e-03 2.03661e-06 3.02541e-07 1.27853e-02
6.00586e+00 1.75246e-03 1.36025e-04 2.29399e-03 1.49754e-06 2.33576e-07 1.25967e-02
6.03516e+00 1.29544e-03 1.22869e-04 2.24525e-03 1.13551e-06 1.56870e-07 1.24116e-02
6.06445e+00 8.14572e-04 1.05446e-04 2.19411e-03 9.70443e-07 8.48031e-08 1.22301e-02
6.09375e+00 3.31426e-04 8.31769e-05 2.13768e-03 9.92033e-07 2.77164e-08 1.20520e-02
6.12305e+00 -1.37895e-04 5.89231e-05 2.08138e-03 1.16422e-06 -7.51618e-09 1.18774e-02
6.15234e+00 -5.74436e-04 3.22902e-05 2.02251e-03 1.43309e-06 -1.82080e-08 1.17062e-02
6.18164e+00 -9.65736e-04 6.11906e-06 1.96633e-03 1.73653e-06 -5.76475e-09 1.15384e-02
6.21094e+00 -1.29767e-03 -2.00698e-05 1.91008e-03 2.01424e-06 2.49665e-08 1.13738e-02
6.24023e+00 -1.56319e-03 -4.37000e-05 1.85866e-03 2.21638e-06 6.69512e-08 1.12125e-02
6.26953e+00 -1.75425e-03 -6.55404e-05 1.80899e-03 2.30991e-06 1.12241e-07 1.10543e-02
6.29883e+00 -1.86993e-03 -8.34240e-05 1.76547e-03 2.28168e-06 1.53391e-07 1.08992e-02
6.32812e+00 -1.90842e-03 -9.84919e-05 1.72466e-03 2.13832e-06 1.84389e-07 1.07471e-02
6.35742e+00 -1.87460e-03 -1.09005e-04 1.69046e-03 1.90315e-06 2.01429e-07 1.05978e-02
6.38672e+00 -1.77210e-03 -1.16446e-04 1.65908e-03 1.61104e-06 2.03035e-07 1.04514e-02
6.41602e+00 -1.61044e-03 -1.19429e-04 1.63403e-03 1.30210e-06 1.90019e-07 1.03078e-02
6.44531e+00 -1.39727e-03 -1.19678e-04 1.61130e-03 1.01533e-06 1.64954e-07 1.01668e-02
6.47461e+00 -1.14512e-03 -1.16056e-04 1.59410e-03 7.83150e-07 1.31647e-07 1.00285e-02
6.50391e+00 -8.63847e-04 -1.10421e-04 1.57833e-03 6.27374e-07 9.44120e-08 9.89261e-03
6.53320e+00 -5.67134e-04 -1.01776e-04 1.56703e-03 5.57255e-07 5.74837e-08 9.75921e-03
6.56250e+00 -2.65207e-04 -9.20283e-05 1.55612e-03 5.69401e-07 2.44763e-08 9.62819e-03
6.59180e+00 2.89064e-05 -8.02459e-05 1.54852e-03 6.49560e-07 -1.96639e-09 9.49948e-03
6.62109e+00 3.06309e-04 -6.83172e-05 1.54023e-03 7.75664e-07 -2.03520e-08 9.37301e-03
6.65039e+00 5.56143e-04 -5.53224e-05 1.53416e-03 9.21730e-07 -3.03740e-08 9.24873e-03
6.67969e+00 7.72173e-04 -4.30864e-05 1.52643e-03 1.06181e-06 -3.27483e-08 9.12657e-03
6.70898e+00 9.46794e-04 -3.06587e-05 1.51996e-03 1.17362e-06 -2.90113e-08 9.00647e-03
6.73828e+00 1.07725e-03 -1.97647e-05 1.51103e-03 1.24123e-06 -2.11576e-08 8.88839e-03
6.76758e+00 1.15971e-03 -9.38824e-06 1.50262e-03 1.25659e-06 -1.13627e-08 8.77227e-03
6.79688e+00 1.19515e-03 -1.12404e-06 1.49119e-03 1.21986e-06 -1.61312e-09 8.65807e-03
6.82617e+00 1.18348e-03 6.13914e-06 1.47979e-03 1.13853e-06 6.48436e-09 8.54576e-03
6.85547e+00 1.12906e-03 1.09606e-05 1.46511e-03 1.02555e-06 1.19242e-08 8.43529e-03
6.88477e+00 1.03495e-03 1.45656e-05 1.45028e-03 8.96988e-07 1.43103e-08 8.32664e-03
6.91406e+00 9.08144e-04 1.56773e-05 1.43219e-03 7.69427e-07 1.38702e-08 8.21977e-03
6.94336e+00 7.53898e-04 1.56370e-05 1.41407e-03 6.57556e-07 1.12921e-08 8.11466e-03
6.97266e+00 5.80720e-04 1.33224e-05 1.39300e-03 5.72297e-07 7.58329e-09 8.01128e-03
7.00195e+00 3.94890e-04 1.01714e-05 1.37228e-03 5.19644e-07 3.83903e-09 7.90961e-03
7.03125e+00 2.05235e-04 5.18543e-06 1.34913e-03 5.00339e-07 1.06461e-09 7.80963e-03
7.06055e+00 1.78576e-05 -1.40176e-07 1.32686e-03 5.10302e-07 6.75220e-12 7.71131e-03
7.08984e+00 -1.59224e-04 -6.72817e-06 1.30281e-03 5.41743e-07 1.05172e-09 7.61462e-03
7.11914e+00 -3.21119e-04 -1.30776e-05 1.28025e-03 5.84658e-07 4.19897e-09 7.51954e-03
7.14844e+00 -4.61520e-04 -2.00907e-05 1.25655e-03 6.28521e-07 9.07734e-09 7.42604e-03
7.17773e+00 -5.77492e-04 -2.63136e-05 1.23489e-03 6.63847e-07 1.50519e-08 7.33410e-03
7.20703e+00 -6.64995e-04 -3.26777e-05 1.21264e-03 6.83476e-07 2.13171e-08 7.24368e-03
7.23633e+00 -7.23418e-04 -3.78180e-05 1.19285e-03 6.83356e-07 2.70587e-08 7.15476e-03
7.26562e+00 -7.51163e-04 -4.27280e-05 1.17282e-03 6.62830e-07 3.15429e-08 7.06730e-03
7.29492e+00 -7.49934e-04 -4.61533e-05 1.15547e-03 6.24373e-07 3.42436e-08 6.98128e-03
7.32422e+00 -7.20376e-04 -4.91612e-05 1.13806e-03 5.72929e-07 3.48660e-08 6.89665e-03
7.35352e+00 -6.66157e-04 -5.06079e-05 1.12335e-03 5.14939e-07 3.33923e-08 6.81340e-03
7.38281e+00 -5.89678e-04 -5.16266e-05 1.10854e-03 4.57268e-07 3.00305e-08 6.73148e-03
7.41211e+00 -4.95974e-04 -5.11680e-05 1.09629e-03 4.06174e-07 2.51871e-08 6.65088e-03
7.44141e+00 -3.88525e-04 -5.04108e-05 1.08379e-03 3.66473e-07 1.93767e-08 6.57155e-03
7.47070e+00 -2.73007e-04 -4.83755e-05 1.07357e-03 3.40989e-07 1.31625e-08 6.49347e-03
7.50000e+00 -1.53232e-04 -4.62614e-05 1.06284e-03 3.30346e-07 7.07492e-09 6.41660e-03
7.52930e+00 -3.47797e-05 -4.31336e-05 1.05408e-03 3.33097e-07 1.56146e-09 6.34093e-03
7.55859e+00 7.89150e-05 -4.01887e-05 1.04452e-03 3.46124e-07 -3.05246e-09 6.26642e-03
7.58789e+00 1.83020e-04 -3.65137e-05 1.03660e-03 3.65242e-07 -6.58392e-09 6.19305e-03
7.61719e+00 2.75053e-04 -3.32835e-05 1.02760e-03 3.85885e-07 -8.98240e-09 6.12079e-03
7.64648e+00 3.51408e-04 -2.95897e-05 1.01993e-03 4.03785e-07 -1.03219e-08 6.04961e-03
7.67578e+00 4.10935e-04 -2.65706e-05 1.01094e-03 4.15526e-07 -1.07565e-08 5.97951e-03
7.70508e+00 4.51519e-04 -2.33095e-05 1.00305e-03 4.18945e-07 -1.05004e-08 5.91044e-03
7.73438e+00 4.73486e-04 -2.08982e-05 9.93671e-04 4.13290e-07 -9.77314e-09 5.84240e-03
7.76367e+00 4.76241e-04 -1.84026e-05 9.85214e-04 3.99188e-07 -8.78636e-09 5.77536e-03
7.79297e+00 4.61506e-04 -1.68621e-05 9.75182e-04 3.78402e-07 -7.70101e-09 5.70931e-03
7.82227e+00 4.30014e-04 -1.53209e-05 9.65986e-04 3.53469e-07 -6.63130e-09 5.64424e-03
7.85156e+00 3.84606e-04 -1.47642e-05 9.55208e-04 3.27256e-07 -5.62534e-09 5.58011e-03
7.88086e+00 3.26985e-04 -1.42145e-05 9.45260e-04 3.02521e-07 -4.68614e-09 5.51692e-03
7.91016e+00 2.60696e-04 -1.46061e-05 9.33802e-04 2.81531e-07 -3.77343e-09 5.45466e-03
7.93945e+00 1.87957e-04 -1.49444e-05 9.23238e-04 2.65793e-07 -2.83151e-09 5.39331e-03
7.96875e+00 1.12539e-04 -1.61205e-05 9.11293e-04 2.55918e-07 -1.80151e-09 5.33285e-03
7.99805e+00 3.66968e-05 -1.71315e-05 9.00357e-04 2.51633e-07 -6.42334e-10 5.27328e-03
8.02734e+00 -3.60348e-05 -1.88366e-05 8.88208e-04 2.51907e-07 6.58529e-10 5.21458e-03
8.05664e+00 -1.03797e-04 -2.02366e-05 8.77209e-04 2.55184e-07 2.08044e-09 5.15674e-03
8.08594e+00 -1.63672e-04 -2.21715e-05 8.65172e-04 2.59663e-07 3.56666e-09 5.09973e-03
8.11523e+00 -2.14521e-04 -2.36584e-05 8.54423e-04 2.63579e-07 5.03688e-09 5.04356e-03
8.14453e+00 -2.54295e-04 -2.55307e-05 8.42798e-04 2.65457e-07 6.39073e-09 4.98820e-03
8.17383e+00 -2.82761e-04 -2.68323e-05 8.32570e-04 2.64295e-07 7.53007e-09 4.93364e-03
8.20312e+00 -2.98846e-04 -2.84001e-05 8.21592e-04 2.59662e-07 8.36270e-09 4.87986e-03
8.23242e+00 -3.03249e-04 -2.93121e-05 8.12078e-04 2.51700e-07 8.82405e-09 4.82686e-03
8.26172e+00 -2.95829e-04 -3.04144e-05 8.01890e-04 2.41049e-07 8.87495e-09 4.77462e-03
8.29102e+00 -2.78110e-04 -3.08217e-05 7.93186e-04 2.28701e-07 8.51528e-09 4.72312e-03
8.32031e+00 -2.50716e-04 -3.13901e-05 7.83831e-04 2.15829e-07 7.77386e-09 4.67236e-03
8.34961e+00 -2.15774e-04 -3.12698e-05 7.75930e-04 2.03593e-07 6.71210e-09 4.62230e-03
8.37891e+00 -1.74416e-04 -3.13239e-05 7.67361e-04 1.92982e-07 5.40924e-09 4.57295e-03
8.40820e+00 -1.29094e-04 -3.07329e-05 7.60177e-04 1.84682e-07 3.95882e-09 4.52429e-03
8.43750e+00 -8.11447e-05 -3.03618e-05 7.52273e-04 1.79013e-07 2.45493e-09 4.47631e-03
8.46680e+00 -3.30443e-05 -2.94149e-05 7.45661e-04 1.75916e-07 9.86223e-10 4.42898e-03
8.49609e+00 1.39572e-05 -2.87524e-05 7.38261e-04 1.74993e-07 -3.72021e-10 4.38231e-03
8.52539e+00 5.76361e-05 -2.75955e-05 7.32051e-04 1.75603e-07 -1.56272e-09 4.33627e-03
8.55469e+00 9.70780e-05 -2.67937e-05 7.24980e-04 1.76970e-07 -2.54716e-09 4.29085e-03
8.58398e+00 1.30524e-04 -2.55789e-05 7.19001e-04 1.78306e-07 -3.30760e-09 4.24605e-03
8.61328e+00 1.57567e-04 -2.47847e-05 7.12096e-04 1.78920e-07 -3.84096e-09 4.20186e-03
8.64258e+00 1.77040e-04 -2.36488e-05 7.06196e-04 1.78306e-07 -4.16005e-09 4.15825e-03
8.67188e+00 1.89126e-04 -2.29855e-05 6.99324e-04 1.76193e-07 -4.28400e-09 4.11523e-03
8.70117e+00 1.93280e-04 -2.20348e-05 6.93392e-04 1.72561e-07 -4.23985e-09 4.07278e-03
8.73047e+00 1.90259e-04 -2.15896e-05 6.86461e-04 1.67612e-07 -4.05310e-09 4.03089e-03
8.75977e+00 1.80083e-04 -2.08906e-05 6.80430e-04 1.61722e-07 -3.75073e-09 3.98956e-03
8.78906e+00 1.63987e-04 -2.07085e-05 6.73397e-04 1.55369e-07 -3.35422e-09 3.94877e-03
8.81836e+00 1.42422e-04 -2.02846e-05 6.67245e-04 1.49051e-07 -2.88394e-09 3.90852e-03
8.84766e+00 1.16946e-04 -2.03684e-05 6.60112e-04 1.43218e-07 -2.35528e-09 3.86879e-03
8.87695e+00 8.82620e-05 -2.02025e-05 6.53862e-04 1.38209e-07 -1.78314e-09 3.82959e-03
8.90625e+00 5.80583e-05 -2.05174e-05 6.46669e-04 1.34216e-07 -1.18061e-09 3.79090e-03
8.93555e+00 2.70986e-05 -2.05594e-05 6.40378e-04 1.31275e-07 -5.61964e-10 3.75272e-03
8.96484e+00 -2.98845e-06 -2.10428e-05 6.33192e-04 1.29274e-07 5.72527e-11 3.71503e-03
8.99414e+00 -3.15606e-05 -2.12205e-05 6.26934e-04 1.27985e-07 6.59885e-10 3.67784e-03
9.02344e+00 -5.72123e-05 -2.17942e-05 6.19837e-04 1.27111e-07 1.22654e-09 3.64113e-03
9.05273e+00 -7.95650e-05 -2.20263e-05 6.13698e-04 1.26333e-07 1.73798e-09 3.60489e-03
9.08203e+00 -9.75520e-05 -2.26095e-05 6.06770e-04 1.25363e-07 2.17418e-09 3.56912e-03
9.11133e+00 -1.11147e-04 -2.28188e-05 6.00824e-04 1.23975e-07 2.51855e-09 3.53382e-03
9.14062e+00 -1.19677e-04 -2.33404e-05 5.94135e-04 1.22040e-07 2.75644e-09 3.49896e-03
9.16992e+00 -1.23496e-04 -2.34640e-05 5.88441e-04 1.19528e-07 2.87968e-09 3.46456e-03
9.19922e+00 -1.22322e-04 -2.38716e-05 5.82036e-04 1.16505e-07 2.88427e-09 3.43059e-03
9.22852e+00 -1.16854e-04 -2.38685e-05 5.76628e-04 1.13115e-07 2.77398e-09 3.39706e-03
9.25781e+00 -1.07142e-04 -2.41335e-05 5.70527e-04 1.09550e-07 2.55718e-09 3.36395e-03
9.28711e+00 -9.41538e-05 -2.39874e-05 5.65412e-04 1.06018e-07 2.24892e-09 3.33127e-03
9.31641e+00 -7.81738e-05 -2.41055e-05 5.59611e-04 1.02711e-07 1.86736e-09 3.29899e-03
9.34570e+00 -6.03235e-05 -2.38235e-05 5.54772e-04 9.97804e-08 1.43437e-09 3.26711e-03
9.37500e+00 -4.10038e-05 -2.38120e-05 5.49241e-04 9.73176e-08 9.72439e-10 3.23564e-03
9.40430e+00 -2.13689e-05 -2.34197e-05 5.44643e-04 9.53474e-08 5.04195e-10 3.20456e-03
9.43359e+00 -1.81212e-06 -2.33113e-05 5.39341e-04 9.38301e-08 5.04966e-11 3.17386e-03
9.46289e+00 1.65953e-05 -2.28466e-05 5.34935e-04 9.26734e-08 -3.70552e-10 3.14354e-03
9.49219e+00 3.35747e-05 -2.26824e-05 5.29812e-04 9.17500e-08 -7.43943e-10 3.11359e-03
9.52148e+00 4.82312e-05 -2.21877e-05 5.25549e-04 9.09191e-08 -1.05895e-09 3.08400e-03
9.55078e+00 6.04793e-05 -2.20103e-05 5.20555e-04 9.00464e-08 -1.30801e-09 3.05478e-03
9.58008e+00 6.96607e-05 -2.15263e-05 5.16389e-04 8.90229e-08 -1.48796e-09 3.02592e-03
9.60938e+00 7.59243e-05 -2.13732e-05 5.11481e-04 8.77766e-08 -1.59795e-09 2.99740e-03
9.63867e+00 7.88694e-05 -2.09334e-05 5.07374e-04 8.62792e-08 -1.64075e-09 2.96923e-03
9.66797e+00 7.88822e-05 -2.08332e-05 5.02521e-04 8.45449e-08 -1.62032e-09 2.94139e-03
9.69727e+00 7.58030e-05 -2.04603e-05 4.98446e-04 8.26239e-08 -1.54312e-09 2.91389e-03
9.72656e+00 7.02221e-05 -2.04299e-05 4.93630e-04 8.05917e-08 -1.41589e-09 2.88672e-03
9.75586e+00 6.21726e-05 -2.01346e-05 4.89577e-04 7.85352e-08 -1.24693e-09 2.85987e-03
9.78516e+00 5.23889e-05 -2.01784e-05 4.84791e-04 7.65395e-08 -1.04435e-09 2.83334e-03
9.81445e+00 4.10273e-05 -1.99594e-05 4.80762e-04 7.46756e-08 -8.17080e-10 2.80713e-03
9.84375e+00 2.88905e-05 -2.00710e-05 4.76013e-04 7.29917e-08 -5.73778e-10 2.78123e-03
9.87305e+00 1.61786e-05 -1.99168e-05 4.72018e-04 7.15090e-08 -3.23357e-10 2.75563e-03
9.90234e+00 3.68406e-06 -2.00808e-05 4.67323e-04 7.02213e-08 -7.44553e-11 2.73034e-03
9.93164e+00 -8.42552e-06 -1.99729e-05 4.63381e-04 6.90985e-08 1.64623e-10 2.70535e-03
9.96094e+00 -1.94381e-05 -2.01685e-05 4.58758e-04 6.80937e-08 3.85941e-10 2.68064e-03
9.99023e+00 -2.92811e-05 -2.00848e-05 4.54891e-04 6.71516e-08 5.82574e-10 2.65623e-03
1.00195e+01 -3.73753e-05 -2.02894e-05 4.50362e-04 6.62174e-08 7.48225e-10 2.63210e-03
1.00488e+01 -4.37847e-05 -2.02076e-05 4.46590e-04 6.52443e-08 8.78277e-10 2.60826e-03
1.00781e+01 -4.80917e-05 -2.04004e-05 4.42176e-04 6.41997e-08 9.69057e-10 2.58469e-03
1.01074e+01 -5.05133e-05 -2.03014e-05 4.38516e-04 6.30687e-08 1.01904e-09 2.56140e-03
1.01367e+01 -5.07972e-05 -2.04659e-05 4.34229e-04 6.18537e-08 1.02784e-09 2.53837e-03
1.01660e+01 -4.93056e-05 -2.03361e-05 4.30692e-04 6.05732e-08 9.97289e-10 2.51561e-03
1.01953e+01 -4.59319e-05 -2.04619e-05 4.26538e-04 5.92568e-08 9.30300e-10 2.49311e-03
1.02246e+01 -4.11544e-05 -2.02944e-05 4.23128e-04 5.79403e-08 8.31640e-10 2.47087e-03
1.02539e+01 -3.49749e-05 -2.03780e-05 4.19108e-04 5.66596e-08 7.06792e-10 2.44889e-03
1.02832e+01 -2.79447e-05 -2.01724e-05 4.15820e-04 5.54455e-08 5.62387e-10 2.42715e-03
1.03125e+01 -2.01257e-05 -2.02166e-05 4.11927e-04 5.43201e-08 4.05249e-10 2.40566e-03
1.03418e+01 -1.20918e-05 -1.99785e-05 4.08752e-04 5.32937e-08 2.42475e-10 2.38441e-03
1.03711e+01 -3.91428e-06 -1.99911e-05 4.04974e-04 5.23651e-08 8.08391e-11 2.36340e-03
1.04004e+01 3.85929e-06 -1.97299e-05 4.01898e-04 5.15223e-08 -7.34069e-11 2.34263e-03
1.04297e+01 1.11947e-05 -1.97220e-05 3.98221e-04 5.07452e-08 -2.14708e-10 2.32209e-03
1.04590e+01 1.76116e-05 -1.94495e-05 3.95229e-04 5.00095e-08 -3.38591e-10 2.30178e-03
1.04883e+01 2.31481e-05 -1.94331e-05 3.91637e-04 4.92898e-08 -4.41433e-10 2.28170e-03
1.05176e+01 2.74193e-05 -1.91611e-05 3.88715e-04 4.85637e-08 -5.20953e-10 2.26184e-03
1.05469e+01 3.05560e-05 -1.91475e-05 3.85193e-04 4.78144e-08 -5.75671e-10 2.24220e-03
1.05762e+01 3.22812e-05 -1.88865e-05 3.82328e-04 4.70322e-08 -6.05444e-10 2.22277e-03
1.06055e+01 3.28230e-05 -1.88849e-05 3.78866e-04 4.62154e-08 -6.10750e-10 2.20356e-03
1.06348e+01 3.20082e-05 -1.86423e-05 3.76049e-04 4.53693e-08 -5.93211e-10 2.18456e-03
1.06641e+01 3.01515e-05 -1.86586e-05 3.72638e-04 4.45050e-08 -5.54847e-10 2.16577e-03
1.06934e+01 2.71664e-05 -1.84387e-05 3.69863e-04 4.36368e-08 -4.98522e-10 2.14718e-03
1.07227e+01 2.34316e-05 -1.84753e-05 3.66501e-04 4.27801e-08 -4.27290e-10 2.12879e-03
1.07520e+01 1.89195e-05 -1.82787e-05 3.63766e-04 4.19490e-08 -3.44709e-10 2.11061e-03
1.07812e+01 1.40425e-05 -1.83347e-05 3.60453e-04 4.11541e-08 -2.54350e-10 2.09262e-03
1.08105e+01 8.79985e-06 -1.81589e-05 3.57760e-04 4.04018e-08 -1.59947e-10 2.07482e-03
1.08398e+01 3.60488e-06 -1.82306e-05 3.54497e-04 3.96934e-08 -6.51040e-11 2.05722e-03
1.08691e+01 -1.54865e-06 -1.80709e-05 3.51850e-04 3.90257e-08 2.67383e-11 2.03981e-03
1.08984e+01 -6.27650e-06 -1.81529e-05 3.48643e-04 3.83916e-08 1.12389e-10 2.02258e-03
1.09277e+01 -1.06179e-05 -1.80031e-05 3.46048e-04 3.77819e-08 1.89107e-10 2.00554e-03
1.09570e+01 -1.42412e-05 -1.80889e-05 3.42902e-04 3.71865e-08 2.54497e-10 1.98868e-03
1.09863e+01 -1.72379e-05 -1.79427e-05 3.40363e-04 3.65960e-08 3.06824e-10 1.97200e-03
1.10156e+01 -1.93432e-05 -1.80262e-05 3.37282e-04 3.60031e-08 3.44763e-10 1.95549e-03
1.10449e+01 -2.07101e-05 -1.78777e-05 3.34804e-04 3.54032e-08 3.67759e-10 1.93916e-03
1.10742e+01 -2.11441e-05 -1.79538e-05 3.31793e-04 3.47951e-08 3.75671e-10 1.92301e-03
1.11035e+01 -2.08586e-05 -1.77986e-05 3.29378e-04 3.41805e-08 3.69118e-10 1.90702e-03
1.11328e+01 -1.97235e-05 -1.78638e-05 3.26438e-04 3.35636e-08 3.49071e-10 1.89120e-03
1.11621e+01 -1.80023e-05 -1.76993e-05 3.24089e-04 3.29501e-08 3.17132e-10 1.87555e-03
1.11914e+01 -1.56150e-05 -1.77520e-05 3.21220e-04 3.23465e-08 2.75134e-10 1.86006e-03
1.12207e+01 -1.28582e-05 -1.75776e-05 3.18933e-04 3.17586e-08 2.25319e-10 1.84474e-03
1.12500e+01 -9.68276e-06 -1.76180e-05 3.16133e-04 3.11912e-08 1.70008e-10 1.82957e-03
1.12793e+01 -6.39787e-06 -1.74347e-05 3.13907e-04 3.06471e-08 1.11668e-10 1.81456e-03
1.13086e+01 -2.96406e-06 -1.74646e-05 3.11172e-04 3.01271e-08 5.26897e-11 1.79971e-03
1.13379e+01 3.17683e-07 -1.72748e-05 3.09002e-04 2.96299e-08 -4.64896e-12 1.78500e-03
1.13672e+01 3.49709e-06 -1.72972e-05 3.06327e-04 2.91525e-08 -5.82646e-11 1.77045e-03
1.13965e+01 6.29929e-06 -1.71041e-05 3.04209e-04 2.86906e-08 -1.06390e-10 1.75605e-03
1.14258e+01 8.80019e-06 -1.71224e-05 3.01588e-04 2.82397e-08 -1.47526e-10 1.74180e-03
1.14551e+01 1.07639e-05 -1.69295e-05 2.99517e-04 2.77952e-08 -1.80612e-10 1.72769e-03
1.14844e+01 1.23026e-05 -1.69471e-05 2.96947e-04 2.73534e-08 -2.04873e-10 1.71372e-03
1.15137e+01 1.32260e-05 -1.67574e-05 2.94917e-04 2.69118e-08 -2.20014e-10 1.69990e-03
1.15430e+01 1.36855e-05 -1.67772e-05 2.92393e-04 2.64691e-08 -2.25993e-10 1.68622e-03
1.15723e+01 1.35364e-05 -1.65933e-05 2.90401e-04 2.60256e-08 -2.23216e-10 1.67267e-03
1.16016e+01 1.29664e-05 -1.66173e-05 2.87920e-04 2.55825e-08 -2.12281e-10 1.65926e-03
1.16309e+01 1.18699e-05 -1.64405e-05 2.85964e-04 2.51421e-08 -1.94141e-10 1.64598e-03
1.16602e+01 1.04625e-05 -1.64697e-05 2.83524e-04 2.47070e-08 -1.69866e-10 1.63284e-03
1.16895e+01 8.66697e-06 -1.63007e-05 2.81603e-04 2.42798e-08 -1.40755e-10 1.61983e-03
1.17188e+01 6.71473e-06 -1.63351e-05 2.79202e-04 2.38627e-08 -1.08145e-10 1.60695e-03
1.17480e+01 4.54362e-06 -1.61733e-05 2.77315e-04 2.34571e-08 -7.34622e-11 1.59420e-03
1.17773e+01 2.38731e-06 -1.62121e-05 2.74955e-04 2.30637e-08 -3.80972e-11 1.58157e-03
1.18066e+01 1.85141e-07 -1.60563e-05 2.73102e-04 2.26824e-08 -3.39494e-12 1.56907e-03
1.18359e+01 -1.83995e-06 -1.60981e-05 2.70783e-04 2.23120e-08 2.93961e-11 1.55669e-03
1.18652e+01 -3.75916e-06 -1.59465e-05 2.68966e-04 2.19510e-08 5.91876e-11 1.54444e-03
1.18945e+01 -5.37079e-06 -1.59894e-05 2.66688e-04 2.15978e-08 8.50304e-11 1.53230e-03
1.19238e+01 -6.76546e-06 -1.58403e-05 2.64907e-04 2.12503e-08 1.06218e-10 1.52029e-03
1.19531e+01 -7.76950e-06 -1.58825e-05 2.62672e-04 2.09070e-08 1.22202e-10 1.50839e-03
1.19824e+01 -8.49776e-06 -1.57340e-05 2.60929e-04 2.05668e-08 1.32720e-10 1.49660e-03
1.20117e+01 -8.80707e-06 -1.57740e-05 2.58736e-04 2.02290e-08 1.37662e-10 1.48494e-03
1.20410e+01 -8.83697e-06 -1.56247e-05 2.57031e-04 1.98937e-08 1.37200e-10 1.47338e-03
1.20703e+01 -8.47301e-06 -1.56613e-05 2.54882e-04 1.95612e-08 1.31636e-10 1.46194e-03
1.20996e+01 -7.87589e-06 -1.55104e-05 2.53215e-04 1.92325e-08 1.21505e-10 1.45061e-03
1.21289e+01 -6.95459e-06 -1.55429e-05 2.51109e-04 1.89085e-08 1.07431e-10 1.43939e-03
1.21582e+01 -5.88439e-06 -1.53899e-05 2.49480e-04 1.85904e-08 9.01969e-11 1.42827e-03
1.21875e+01 -4.58994e-06 -1.54183e-05 2.47416e-04 1.82790e-08 7.06219e-11 1.41726e-03
1.22168e+01 -3.25272e-06 -1.52635e-05 2.45822e-04 1.79749e-08 4.95923e-11 1.40636e-03
1.22461e+01 -1.80419e-06 -1.52882e-05 2.43798e-04 1.76785e-08 2.79785e-11 1.39556e-03
1.22754e+01 -4.23308e-07 -1.51321e-05 2.42240e-04 1.73897e-08 6.62861e-12 1.38487e-03
1.23047e+01 9.60251e-07 -1.51539e-05 2.40255e-04 1.71079e-08 -1.36701e-11 1.37427e-03
1.23340e+01 2.17791e-06 -1.49974e-05 2.38729e-04 1.68325e-08 -3.22280e-11 1.36378e-03
1.23633e+01 3.30890e-06 -1.50173e-05 2.36781e-04 1.65625e-08 -4.84459e-11 1.35339e-03
1.23926e+01 4.20092e-06 -1.48613e-05 2.35286e-04 1.62972e-08 -6.18740e-11 1.34309e-03
1.24219e+01 4.94688e-06 -1.48804e-05 2.33372e-04 1.60356e-08 -7.21652e-11 1.33289e-03
1.24512e+01 5.41409e-06 -1.47259e-05 2.31906e-04 1.57772e-08 -7.91447e-11 1.32279e-03
1.24805e+01 5.71112e-06 -1.47449e-05 2.30026e-04 1.55215e-08 -8.27360e-11 1.31278e-03
1.25098e+01 5.72540e-06 -1.45927e-05 2.28588e-04 1.52683e-08 -8.30305e-11 1.30286e-03
1.25391e+01 5.58038e-06 -1.46124e-05 2.26740e-04 1.50178e-08 -8.01997e-11 1.29304e-03
1.25684e+01 5.18149e-06 -1.44630e-05 2.25328e-04 1.47703e-08 -7.45552e-11 1.28331e-03
1.25977e+01 4.66395e-06 -1.44838e-05 2.23511e-04 1.45261e-08 -6.64620e-11 1.27367e-03
1.26270e+01 3.94698e-06 -1.43373e-05 2.22125e-04 1.42856e-08 -5.63812e-11 1.26411e-03
1.26562e+01 3.17276e-06 -1.43593e-05 2.20337e-04 1.40492e-08 -4.47964e-11 1.25465e-03
1.26855e+01 2.26888e-06 -1.42158e-05 2.18976e-04 1.38173e-08 -3.22356e-11 1.24527e-03
1.27148e+01 1.37887e-06 -1.42387e-05 2.17218e-04 1.35900e-08 -1.92188e-11 1.23598e-03
1.27441e+01 4.32873e-07 -1.40978e-05 2.15882e-04 1.33673e-08 -6.25869e-12 1.22678e-03
1.27734e+01 -4.29763e-07 -1.41213e-05 2.14153e-04 1.31490e-08 6.16554e-12 1.21765e-03
1.28027e+01 -1.28160e-06 -1.39825e-05 2.12842e-04 1.29350e-08 1.76274e-11 1.20862e-03
1.28320e+01 -1.99215e-06 -1.40061e-05 2.11143e-04 1.27247e-08 2.77516e-11 1.19966e-03
1.28613e+01 -2.64077e-06 -1.38689e-05 2.09856e-04 1.25180e-08 3.62484e-11 1.19079e-03
1.28906e+01 -3.10902e-06 -1.38921e-05 2.08186e-04 1.23143e-08 4.28884e-11 1.18199e-03
1.29199e+01 -3.48545e-06 -1.37559e-05 2.06924e-04 1.21135e-08 4.75446e-11 1.17328e-03
1.29492e+01 -3.66513e-06 -1.37781e-05 2.05283e-04 1.19154e-08 5.01499e-11 1.16464e-03
1.29785e+01 -3.74637e-06 -1.36425e-05 2.04046e-04 1.17198e-08 5.07398e-11 1.15609e-03
1.30078e+01 -3.63733e-06 -1.36634e-05 2.02434e-04 1.15267e-08 4.94014e-11 1.14761e-03
1.30371e+01 -3.44498e-06 -1.35281e-05 2.01221e-04 1.13362e-08 4.63095e-11 1.13920e-03
1.30664e+01 -3.08857e-06 -1.35475e-05 1.99637e-04 1.11486e-08 4.16749e-11 1.13087e-03
1.30957e+01 -2.68122e-06 -1.34123e-05 1.98449e-04 1.09638e-08 3.57711e-11 1.12262e-03
1.31250e+01 -2.15018e-06 -1.34301e-05 1.96892e-04 1.07821e-08 2.88881e-11 1.11444e-03
1.31543e+01 -1.61129e-06 -1.32949e-05 1.95727e-04 1.06037e-08 2.13467e-11 1.10633e-03
1.31836e+01 -9.96125e-07 -1.33113e-05 1.94198e-04 1.04284e-08 1.34654e-11 1.09829e-03
1.32129e+01 -4.19557e-07 -1.31764e-05 1.93056e-04 1.02564e-08 5.56043e-12 1.09033e-03
1.32422e+01 1.86225e-07 -1.31914e-05 1.91553e-04 1.00875e-08 -2.07108e-12 1.08243e-03
1.32715e+01 7.10731e-07 -1.30570e-05 1.90433e-04 9.92155e-09 -9.16247e-12 1.07461e-03
1.33008e+01 1.22433e-06 -1.30711e-05 1.88955e-04 9.75845e-09 -1.54783e-11 1.06685e-03
1.33301e+01 1.62360e-06 -1.29375e-05 1.87856e-04 9.59798e-09 -2.08342e-11 1.05916e-03
1.33594e+01 1.98374e-06 -1.29509e-05 1.86403e-04 9.43994e-09 -2.50830e-11 1.05154e-03
1.33887e+01 2.20999e-06 -1.28182e-05 1.85324e-04 9.28417e-09 -2.81394e-11 1.04398e-03
1.34180e+01 2.38349e-06 -1.28313e-05 1.83895e-04 9.13055e-09 -2.99551e-11 1.03649e-03
1.34473e+01 2.41864e-06 -1.26999e-05 1.82836e-04 8.97898e-09 -3.05443e-11 1.02907e-03
1.34766e+01 2.40241e-06 -1.27128e-05 1.81429e-04 8.82945e-09 -2.99526e-11 1.02171e-03
1.35059e+01 2.25765e-06 -1.25829e-05 1.80389e-04 8.68195e-09 -2.82799e-11 1.01442e-03
1.35352e+01 2.07607e-06 -1.25957e-05 1.79005e-04 8.53652e-09 -2.56481e-11 1.00718e-03
1.35645e+01 1.78734e-06 -1.24673e-05 1.77984e-04 8.39321e-09 -2.22182e-11 1.00001e-03
1.35938e+01 1.48600e-06 -1.24801e-05 1.76622e-04 8.25207e-09 -1.81620e-11 9.92903e-04
1.36230e+01 1.10632e-06 -1.23533e-05 1.75618e-04 8.11314e-09 -1.36716e-11 9.85855e-04
1.36523e+01 7.43365e-07 -1.23661e-05 1.74278e-04 7.97645e-09 -8.93831e-12 9.78868e-04
1.36816e+01 3.33543e-07 -1.22407e-05 1.73292e-04 7.84197e-09 -4.15415e-12 9.71940e-04
1.37109e+01 -2.99441e-08 -1.22534e-05 1.71973e-04 7.70968e-09 4.99561e-13 9.65071e-04
1.37402e+01 -4.10850e-07 -1.21292e-05 1.71005e-04 7.57952e-09 4.85812e-12 9.58261e-04
1.37695e+01 -7.19894e-07 -1.21418e-05 1.69707e-04 7.45142e-09 8.77504e-12 9.51509e-04
1.37988e+01 -1.02286e-06 -1.20187e-05 1.68756e-04 7.32527e-09 1.21333e-11 9.44814e-04
1.38281e+01 -1.23587e-06 -1.20308e-05 1.67478e-04 7.20101e-09 1.48381e-11 9.38175e-04
1.38574e+01 -1.42792e-06 -1.19087e-05 1.66544e-04 7.07855e-09 1.68313e-11 9.31593e-04
1.38867e+01 -1.52131e-06 -1.19203e-05 1.65287e-04 6.95783e-09 1.80775e-11 9.25066e-04
1.39160e+01 -1.58867e-06 -1.17989e-05 1.64370e-04 6.83880e-09 1.85790e-11 9.18593e-04
1.39453e+01 -1.55843e-06 -1.18099e-05 1.63134e-04 6.72143e-09 1.83580e-11 9.12176e-04
1.39746e+01 -1.50654e-06 -1.16892e-05 1.62233e-04 6.60571e-09 1.74699e-11 9.05811e-04
1.40039e+01 -1.36684e-06 -1.16994e-05 1.61016e-04 6.49164e-09 1.59846e-11 8.99500e-04
1.40332e+01 -1.21765e-06 -1.15794e-05 1.60132e-04 6.37924e-09 1.39966e-11 8.93242e-04
1.40625e+01 -9.97005e-07 -1.15888e-05 1.58935e-04 6.26851e-09 1.16078e-11 8.87036e-04
1.40918e+01 -7.84200e-07 -1.14694e-05 1.58067e-04 6.15946e-09 8.93360e-12 8.80881e-04
1.41211e+01 -5.19902e-07 -1.14781e-05 1.56888e-04 6.05208e-09 6.08973e-12 8.74777e-04
1.41504e+01 -2.82858e-07 -1.13593e-05 1.56036e-04 5.94637e-09 3.19332e-12 8.68723e-04
1.41797e+01 -1.47758e-08 -1.13673e-05 1.54876e-04 5.84228e-09 3.55537e-13 8.62720e-04
1.42090e+01 2.07638e-07 -1.12492e-05 1.54038e-04 5.73979e-09 -2.32172e-12 8.56766e-04
1.42383e+01 4.43050e-07 -1.12567e-05 1.52897e-04 5.63885e-09 -4.74731e-12 8.50861e-04
1.42676e+01 6.18002e-07 -1.11393e-05 1.52074e-04 5.53941e-09 -6.84743e-12 8.45004e-04
1.42969e+01 7.92590e-07 -1.11463e-05 1.50950e-04 5.44141e-09 -8.56169e-12 8.39195e-04
1.43262e+01 8.97388e-07 -1.10298e-05 1.50142e-04 5.34481e-09 -9.85170e-12 8.33433e-04
1.43555e+01 9.94506e-07 -1.10364e-05 1.49035e-04 5.24957e-09 -1.06928e-11 8.27719e-04
1.43848e+01 1.01884e-06 -1.09208e-05 1.48241e-04 5.15564e-09 -1.10834e-11 8.22051e-04
1.44141e+01 1.03458e-06 -1.09271e-05 1.47151e-04 5.06301e-09 -1.10339e-11 8.16429e-04
1.44434e+01 9.80749e-07 -1.08124e-05 1.46370e-04 4.97166e-09 -1.05753e-11 8.10852e-04
1.44727e+01 9.23250e-07 -1.08185e-05 1.45297e-04 4.88158e-09 -9.74737e-12 8.05320e-04
1.45020e+01 8.04579e-07 -1.07048e-05 1.44529e-04 4.79276e-09 -8.60544e-12 7.99833e-04
1.45312e+01 6.91621e-07 -1.07106e-05 1.43472e-04 4.70519e-09 -7.20961e-12 7.94391e-04
1.45605e+01 5.29446e-07 -1.05979e-05 1.42718e-04 4.61888e-09 -5.62867e-12 7.88992e-04
1.45898e+01 3.84956e-07 -1.06035e-05 1.41677e-04 4.53381e-09 -3.93197e-12 7.83636e-04
1.46191e+01 2.04756e-07 -1.04917e-05 1.40935e-04 4.44997e-09 -2.19040e-12 7.78323e-04
1.46484e+01 5.47566e-08 -1.04971e-05 1.39909e-04 4.36735e-09 -4.71516e-13 7.73052e-04
1.46777e+01 -1.17916e-07 -1.03862e-05 1.39180e-04 4.28592e-09 1.16210e-12 7.67824e-04
1.47070e+01 -2.49249e-07 -1.03913e-05 1.38169e-04 4.20567e-09 2.65414e-12 7.62637e-04
1.47363e+01 -3.92443e-07 -1.02813e-05 1.37452e-04 4.12656e-09 3.95831e-12 7.57491e-04
1.47656e+01 -4.86065e-07 -1.02860e-05 1.36457e-04 4.04856e-09 5.03631e-12 7.52386e-04
1.47949e+01 -5.84218e-07 -1.01768e-05 1.35752e-04 3.97165e-09 5.86286e-12 7.47321e-04
1.48242e+01 -6.28431e-07 -1.01811e-05 1.34772e-04 3.89581e-09 6.42106e-12 7.42297e-04
1.48535e+01 -6.73967e-07 -1.00727e-05 1.34079e-04 3.82102e-09 6.70778e-12 7.37312e-04
1.48828e+01 -6.65368e-07 -1.00766e-05 1.33113e-04 3.74725e-09 6.72743e-12 7.32366e-04
1.49121e+01 -6.58985e-07 -9.96887e-06 1.32432e-04 3.67449e-09 6.49689e-12 7.27458e-04
1.49414e+01 -6.02120e-07 -9.97235e-06 1.31481e-04 3.60273e-09 6.03872e-12 7.22590e-04
1.49707e+01 -5.51865e-07 -9.86529e-06 1.30811e-04 3.53196e-09 5.38504e-12 7.17759e-04
1.50000e+01 -4.57785e-07 -9.86833e-06 1.29874e-04 3.46217e-09 4.57120e-12 7.12966e-04
1.50293e+01 -3.77165e-07 -9.76194e-06 1.29215e-04 3.39336e-09 3.63813e-12 7.08210e-04
1.50586e+01 -2.61190e-07 -9.76454e-06 1.28292e-04 3.32550e-09 2.62736e-12 7.03491e-04
1.50879e+01 -1.66690e-07 -9.65882e-06 1.27644e-04 3.25860e-09 1.58172e-12 6.98809e-04
1.51172e+01 -4.57815e-08 -9.66101e-06 1.26735e-04 3.19264e-09 5.42247e-13 6.94163e-04
1.51465e+01 4.57963e-08 -9.55596e-06 1.26098e-04 3.12760e-09 -4.52743e-13 6.89553e-04
1.51758e+01 1.55629e-07 -9.55777e-06 1.25201e-04 3.06346e-09 -1.36856e-12 6.84978e-04
1.52051e+01 2.29609e-07 -9.45342e-06 1.24575e-04 3.00021e-09 -2.17633e-12 6.80439e-04
1.52344e+01 3.15515e-07 -9.45488e-06 1.23692e-04 2.93783e-09 -2.85195e-12 6.75935e-04
1.52637e+01 3.61238e-07 -9.35125e-06 1.23076e-04 2.87630e-09 -3.37905e-12 6.71465e-04
1.52930e+01 4.15052e-07 -9.35238e-06 1.22205e-04 2.81560e-09 -3.74628e-12 6.67029e-04
1.53223e+01 4.27008e-07 -9.24949e-06 1.21599e-04 2.75571e-09 -3.95062e-12 6.62627e-04
1.53516e+01 4.45957e-07 -9.25033e-06 1.20741e-04 2.69663e-09 -3.99361e-12 6.58258e-04
1.53809e+01 4.24057e-07 -9.14818e-06 1.20145e-04 2.63834e-09 -3.88444e-12 6.53923e-04
1.54102e+01 4.10618e-07 -9.14875e-06 1.19299e-04 2.58082e-09 -3.63576e-12 6.49621e-04
1.54395e+01 3.59669e-07 -9.04736e-06 1.18713e-04 2.52408e-09 -3.26617e-12 6.45351e-04
1.54688e+01 3.20694e-07 -9.04766e-06 1.17879e-04 2.46809e-09 -2.79633e-12 6.41113e-04
1.54980e+01 2.49221e-07 -8.94702e-06 1.17302e-04 2.41286e-09 -2.25047e-12 6.36908e-04
1.55273e+01 1.94517e-07 -8.94707e-06 1.16480e-04 2.35837e-09 -1.65329e-12 6.32734e-04
1.55566e+01 1.13166e-07 -8.84717e-06 1.15912e-04 2.30462e-09 -1.03051e-12 6.28592e-04
1.55859e+01 5.37952e-08 -8.84696e-06 1.15102e-04 2.25158e-09 -4.06874e-13 6.24480e-04
1.56152e+01 -2.64040e-08 -8.74778e-06 1.14543e-04 2.19926e-09 1.94279e-13 6.20400e-04
1.56445e+01 -7.98371e-08 -8.74730e-06 1.13744e-04 2.14764e-09 7.51734e-13 6.16350e-04
1.56738e+01 -1.49092e-07 -8.64882e-06 1.13194e-04 2.09672e-09 1.24760e-12 6.12330e-04
1.57031e+01 -1.87916e-07 -8.64807e-06 1.12407e-04 2.04647e-09 1.66681e-12 6.08340e-04
1.57324e+01 -2.38954e-07 -8.55027e-06 1.11865e-04 1.99688e-09 1.99883e-12 6.04380e-04
1.57617e+01 -2.57483e-07 -8.54923e-06 1.11089e-04 1.94796e-09 2.23618e-12 6.00449e-04
1.57910e+01 -2.86346e-07 -8.45209e-06 1.10556e-04 1.89967e-09 2.37633e-12 5.96548e-04
1.58203e+01 -2.82396e-07 -8.45075e-06 1.09791e-04 1.85202e-09 2.41954e-12 5.92675e-04
1.58496e+01 -2.88676e-07 -8.35426e-06 1.09267e-04 1.80500e-09 2.37068e-12 5.88831e-04
1.58789e+01 -2.63531e-07 -8.35262e-06 1.08512e-04 1.75859e-09 2.23679e-12 5.85015e-04
1.59082e+01 -2.50081e-07 -8.25676e-06 1.07996e-04 1.71279e-09 2.02857e-12 5.81227e-04
1.59375e+01 -2.07960e-07 -8.25482e-06 1.07252e-04 1.66758e-09 1.75802e-12 5.77467e-04
1.59668e+01 -1.80156e-07 -8.15958e-06 1.06744e-04 1.62298e-09 1.43942e-12 5.73734e-04
1.59961e+01 -1.27322e-07 -8.15735e-06 1.06010e-04 1.57895e-09 1.08740e-12 5.70029e-04
1.60254e+01 -9.20428e-08 -8.06273e-06 1.05510e-04 1.53550e-09 7.17347e-13 5.66351e-04
1.60547e+01 -3.56941e-08 -8.06020e-06 1.04786e-04 1.49263e-09 3.44116e-13 5.62699e-04
1.60840e+01 -1.85241e-10 -7.96620e-06 1.04295e-04 1.45031e-09 -1.81626e-14 5.59075e-04
1.61133e+01 5.26681e-08 -7.96340e-06 1.03581e-04 1.40854e-09 -3.56568e-13 5.55476e-04
1.61426e+01 8.18695e-08 -7.87002e-06 1.03096e-04 1.36732e-09 -6.60098e-13 5.51904e-04
1.61719e+01 1.25394e-07 -7.86695e-06 1.02392e-04 1.32663e-09 -9.19398e-13 5.48357e-04
1.62012e+01 1.43327e-07 -7.77419e-06 1.01916e-04 1.28647e-09 -1.12780e-12 5.44836e-04
1.62305e+01 1.73585e-07 -7.77086e-06 1.01221e-04 1.24683e-09 -1.28042e-12 5.41340e-04
1.62598e+01 1.77421e-07 -7.67873e-06 1.00752e-04 1.20769e-09 -1.37536e-12 5.37870e-04
1.62891e+01 1.92750e-07 -7.67516e-06 1.00067e-04 1.16906e-09 -1.41237e-12 5.34424e-04
1.63184e+01 1.81984e-07 -7.58366e-06 9.96045e-05 1.13091e-09 -1.39403e-12 5.31004e-04
1.63477e+01 1.83008e-07 -7.57985e-06 9.89287e-05 1.09326e-09 -1.32420e-12 5.27607e-04
1.63770e+01 1.59302e-07 -7.48897e-06 9.84736e-05 1.05608e-09 -1.20899e-12 5.24235e-04
1.64062e+01 1.48617e-07 -7.48493e-06 9.78069e-05 1.01938e-09 -1.05534e-12 5.20887e-04
1.64355e+01 1.15345e-07 -7.39467e-06 9.73588e-05 9.83149e-10 -8.71610e-13 5.17563e-04
1.64648e+01 9.69476e-08 -7.39041e-06 9.67011e-05 9.47375e-10 -6.66407e-13 5.14262e-04
1.64941e+01 5.85425e-08 -7.30077e-06 9.62598e-05 9.12057e-10 -4.48875e-13 5.10985e-04
1.65234e+01 3.71229e-08 -7.29628e-06 9.56108e-05 8.77188e-10 -2.27868e-13 5.07731e-04
1.65527e+01 -1.66672e-09 -7.20724e-06 9.51762e-05 8.42761e-10 -1.18898e-14 5.04500e-04
1.65820e+01 -2.14704e-08 -7.20253e-06 9.45359e-05 8.08770e-10 1.91260e-13 5.01292e-04
1.66113e+01 -5.62923e-08 -7.11409e-06 9.41079e-05 7.75209e-10 3.74858e-13 4.98106e-04
1.66406e+01 -7.05524e-08 -7.10916e-06 9.34762e-05 7.42071e-10 5.33157e-13 4.94943e-04
1.66699e+01 -9.80367e-08 -7.02131e-06 9.30546e-05 7.09350e-10 6.61963e-13 4.91802e-04
1.66992e+01 -1.04029e-07 -7.01616e-06 9.24312e-05 6.77041e-10 7.58154e-13 4.88683e-04
1.67285e+01 -1.22175e-07 -6.92888e-06 9.20160e-05 6.45136e-10 8.20363e-13 4.85586e-04
1.67578e+01 -1.18650e-07 -6.92351e-06 9.14009e-05 6.13630e-10 8.48223e-13 4.82510e-04
1.67871e+01 -1.26977e-07 -6.83681e-06 9.09918e-05 5.82518e-10 8.43043e-13 4.79456e-04
1.68164e+01 -1.14194e-07 -6.83121e-06 9.03849e-05 5.51794e-10 8.06926e-13 4.76423e-04
1.68457e+01 -1.13661e-07 -6.74508e-06 8.99819e-05 5.21453e-10 7.43344e-13 4.73411e-04
1.68750e+01 -9.31988e-08 -6.73926e-06 8.93830e-05 4.91489e-10 6.56264e-13 4.70420e-04
1.69043e+01 -8.59232e-08 -6.65368e-06 8.89860e-05 4.61898e-10 5.50554e-13 4.67450e-04
1.69336e+01 -6.03252e-08 -6.64765e-06 8.83949e-05 4.32674e-10 4.31250e-13 4.64500e-04
1.69629e+01 -4.91663e-08 -6.56263e-06 8.80038e-05 4.03813e-10 3.03742e-13 4.61571e-04
1.69922e+01 -2.14770e-08 -6.55638e-06 8.74205e-05 3.75310e-10 1.73278e-13 4.58662e-04
1.70215e+01 -9.55140e-09 -6.47192e-06 8.70352e-05 3.47159e-10 4.49301e-14 4.55772e-04
1.70508e+01 1.71688e-08 -6.46546e-06 8.64594e-05 3.19356e-10 -7.66217e-14 4.52903e-04
1.70801e+01 2.69598e-08 -6.38155e-06 8.60798e-05 2.91896e-10 -1.87314e-13 4.50053e-04
1.71094e+01 5.00760e-08 -6.37488e-06 8.55115e-05 2.64774e-10 -2.83639e-13 4.47223e-04
1.71387e+01 5.54409e-08 -6.29151e-06 8.51375e-05 2.37985e-10 -3.63004e-13 4.44412e-04
1.71680e+01 7.30801e-08 -6.28465e-06 8.45766e-05 2.11525e-10 -4.23432e-13 4.41620e-04
1.71973e+01 7.26055e-08 -6.20182e-06 8.42079e-05 1.85388e-10 -4.63992e-13 4.38847e-04
1.72266e+01 8.38505e-08 -6.19476e-06 8.36543e-05 1.59570e-10 -4.84333e-13 4.36093e-04
1.72559e+01 7.71167e-08 -6.11247e-06 8.32910e-05 1.34068e-10 -4.85115e-13 4.33358e-04
1.72852e+01 8.20430e-08 -6.10521e-06 8.27445e-05 1.08875e-10 -4.67460e-13 4.30641e-04
1.73145e+01 6.95858e-08 -6.02346e-06 8.23865e-05 8.39897e-11 -4.33329e-13 4.27943e-04
1.73438e+01 6.91533e-08 -6.01601e-06 8.18470e-05 5.94060e-11 -3.84973e-13 4.25262e-04
1.73730e+01 5.22923e-08 -5.93479e-06 8.14942e-05 3.51206e-11 -3.25207e-13 4.22600e-04
1.74023e+01 4.81200e-08 -5.92716e-06 8.09616e-05 1.11293e-11 -2.56947e-13 4.19956e-04
1.74316e+01 2.86915e-08 -5.84646e-06 8.06139e-05 -1.25716e-11 -1.83352e-13 4.17329e-04
1.74609e+01 2.27603e-08 -5.83864e-06 8.00880e-05 -3.59860e-11 -1.07499e-13 4.14721e-04
1.74902e+01 2.80238e-09 -5.75847e-06 7.97453e-05 -5.91179e-11 -3.23916e-14 4.12129e-04
1.75195e+01 -2.86455e-09 -5.75047e-06 7.92262e-05 -8.19710e-11 3.91950e-14 4.09555e-04
1.75488e+01 -2.14249e-08 -5.67081e-06 7.88883e-05 -1.04549e-10 1.04824e-13 4.06998e-04
1.75781e+01 -2.50567e-08 -5.66264e-06 7.83758e-05 -1.26856e-10 1.62385e-13 4.04458e-04
1.76074e+01 -4.06691e-08 -5.58350e-06 7.80428e-05 -1.48895e-10 2.10289e-13 4.01935e-04
1.76367e+01 -4.09762e-08 -5.57515e-06 7.75367e-05 -1.70671e-10 2.47311e-13 3.99428e-04
1.76660e+01 -5.26527e-08 -5.49652e-06 7.72084e-05 -1.92187e-10 2.72832e-13 3.96938e-04
1.76953e+01 -4.89638e-08 -5.48801e-06 7.67087e-05 -2.13445e-10 2.86577e-13 3.94465e-04
1.77246e+01 -5.63652e-08 -5.40989e-06 7.63850e-05 -2.34451e-10 2.88866e-13 3.92008e-04
1.77539e+01 -4.86628e-08 -5.40121e-06 7.58916e-05 -2.55207e-10 2.80292e-13 3.89567e-04
1.77832e+01 -5.20836e-08 -5.32361e-06 7.55725e-05 -2.75716e-10 2.61949e-13 3.87142e-04
1.78125e+01 -4.09415e-08 -5.31476e-06 7.50853e-05 -2.95982e-10 2.35106e-13 3.84734e-04
1.78418e+01 -4.12051e-08 -5.23766e-06 7.47706e-05 -3.16008e-10 2.01372e-13 3.82341e-04
1.78711e+01 -2.76473e-08 -5.22866e-06 7.42895e-05 -3.35797e-10 1.62423e-13 3.79963e-04
1.79004e+01 -2.59361e-08 -5.15206e-06 7.39792e-05 -3.55352e-10 1.20089e-13 3.77601e-04
1.79297e+01 -1.12455e-08 -5.14291e-06 7.35041e-05 -3.74677e-10 7.61594e-14 3.75255e-04
1.79590e+01 -8.89569e-09 -5.06680e-06 7.31982e-05 -3.93774e-10 3.23899e-14 3.72924e-04
1.79883e+01 5.59609e-09 -5.05749e-06 7.27289e-05 -4.12646e-10 -9.58851e-15 3.70608e-04
1.80176e+01 7.30111e-09 -4.98188e-06 7.24272e-05 -4.31296e-10 -4.83365e-14 3.68307e-04
1.80469e+01 2.04098e-08 -4.97240e-06 7.19638e-05 -4.49727e-10 -8.25969e-14 3.66021e-04
1.80762e+01 2.04182e-08 -4.89727e-06 7.16663e-05 -4.67942e-10 -1.11415e-13 3.63750e-04
1.81055e+01 3.12624e-08 -4.88764e-06 7.12086e-05 -4.85943e-10 -1.34041e-13 3.61493e-04
1.81348e+01 2.88822e-08 -4.81299e-06 7.09152e-05 -5.03734e-10 -1.50081e-13 3.59251e-04
1.81641e+01 3.69804e-08 -4.80320e-06 7.04632e-05 -5.21318e-10 -1.59335e-13 3.57024e-04
1.81934e+01 3.19426e-08 -4.72901e-06 7.01738e-05 -5.38696e-10 -1.61954e-13 3.54810e-04
1.82227e+01 3.72430e-08 -4.71905e-06 6.97273e-05 -5.55871e-10 -1.58248e-13 3.52611e-04
1.82520e+01 2.96986e-08 -4.64532e-06 6.94420e-05 -5.72847e-10 -1.48821e-13 3.50426e-04
1.82812e+01 3.25443e-08 -4.63521e-06 6.90010e-05 -5.89625e-10 -1.34380e-13 3.48255e-04
1.83105e+01 2.30011e-08 -4.56193e-06 6.87196e-05 -6.06209e-10 -1.15840e-13 3.46098e-04
1.83398e+01 2.40422e-08 -4.55166e-06 6.82839e-05 -6.22600e-10 -9.41497e-14 3.43955e-04
1.83691e+01 1.32562e-08 -4.47884e-06 6.80064e-05 -6.38801e-10 -7.03603e-14 3.41825e-04
1.83984e+01 1.33264e-08 -4.46840e-06 6.75761e-05 -6.54815e-10 -4.54964e-14 3.39709e-04
1.84277e+01 2.16912e-09 -4.39603e-06 6.73023e-05 -6.70644e-10 -2.05754e-14 3.37607e-04
1.84570e+01 2.14807e-09 -4.38545e-06 6.68772e-05 -6.86291e-10 3.46080e-15 3.35517e-04
1.84863e+01 -8.53050e-09 -4.31353e-06 6.66071e-05 -7.01757e-10 2.57714e-14 3.33441e-04
1.85156e+01 -7.84775e-09 -4.30281e-06 6.61872e-05 -7.17046e-10 4.56226e-14 3.31378e-04
1.85449e+01 -1.73390e-08 -4.23135e-06 6.59208e-05 -7.32159e-10 6.24490e-14 3.29328e-04
1.85742e+01 -1.53477e-08 -4.22049e-06 6.55060e-05 -7.47100e-10 7.58036e-14 3.27291e-04
1.86035e+01 -2.31725e-08 -4.14949e-06 6.52431e-05 -7.61870e-10 8.54421e-14 3.25267e-04
1.86328e+01 -1.95259e-08 -4.13851e-06 6.48333e-05 -7.76471e-10 9.12315e-14 3.23255e-04
1.86621e+01 -2.54809e-08 -4.06798e-06 6.45739e-05 -7.90907e-10 9.32417e-14 3.21256e-04
1.86914e+01 -2.01148e-08 -4.05689e-06 6.41690e-05 -8.05178e-10 9.16310e-14 3.19270e-04
1.87207e+01 -2.42745e-08 -3.98683e-06 6.39130e-05 -8.19287e-10 8.67319e-14 3.17296e-04
1.87500e+01 -1.73883e-08 -3.97563e-06 6.35129e-05 -8.33237e-10 7.89331e-14 3.15334e-04
1.87793e+01 -2.00674e-08 -3.90604e-06 6.32603e-05 -8.47029e-10 6.87461e-14 3.13385e-04
1.88086e+01 -1.20692e-08 -3.89474e-06 6.28650e-05 -8.60665e-10 5.67029e-14 3.11447e-04
1.88379e+01 -1.37538e-08 -3.82562e-06 6.26158e-05 -8.74147e-10 4.33965e-14 3.09522e-04
1.88672e+01 -5.18144e-09 -3.81422e-06 6.22251e-05 -8.87477e-10 2.94061e-14 3.07609e-04
1.88965e+01 -6.44268e-09 -3.74555e-06 6.19791e-05 -9.00658e-10 1.53087e-14 3.05707e-04
1.89258e+01 2.12663e-09 -3.73404e-06 6.15932e-05 -9.13689e-10 1.64093e-15 3.03817e-04
1.89551e+01 7.22985e-10 -3.66582e-06 6.13504e-05 -9.26575e-10 -1.11177e-14 3.01939e-04
1.89844e+01 8.75937e-09 -3.65420e-06 6.09690e-05 -9.39315e-10 -2.25453e-14 3.00073e-04
1.90137e+01 6.73332e-09 -3.58642e-06 6.07294e-05 -9.51912e-10 -3.23165e-14 2.98218e-04
1.90430e+01 1.38259e-08 -3.57467e-06 6.03525e-05 -9.64368e-10 -4.01696e-14 2.96374e-04
1.90723e+01 1.08436e-08 -3.50730e-06 6.01160e-05 -9.76684e-10 -4.59603e-14 2.94542e-04
1.91016e+01 1.67480e-08 -3.49542e-06 5.97436e-05 -9.88861e-10 -4.96030e-14 2.92721e-04
1.91309e+01 1.26551e-08 -3.42845e-06 5.95103e-05 -1.00090e-09 -5.11310e-14 2.90911e-04
1.91602e+01 1.73121e-08 -3.41641e-06 5.91423e-05 -1.01281e-09 -5.06236e-14 2.89112e-04
1.91895e+01 1.21382e-08 -3.34982e-06 5.89120e-05 -1.02458e-09 -4.82627e-14 2.87324e-04
1.92188e+01 1.56644e-08 -3.33763e-06 5.85484e-05 -1.03622e-09 -4.42583e-14 2.85547e-04
1.92480e+01 9.60060e-09 -3.27142e-06 5.83211e-05 -1.04773e-09 -3.88945e-14 2.83781e-04
1.92773e+01 1.22544e-08 -3.25907e-06 5.79618e-05 -1.05911e-09 -3.24630e-14 2.82025e-04
1.93066e+01 5.60973e-09 -3.19322e-06 5.77375e-05 -1.07037e-09 -2.52948e-14 2.80280e-04
1.93359e+01 7.74045e-09 -3.18072e-06 5.73824e-05 -1.08149e-09 -1.77098e-14 2.78546e-04
1.93652e+01 8.85938e-10 -3.11525e-06 5.71610e-05 -1.09250e-09 -1.00307e-14 2.76822e-04
1.93945e+01 2.87493e-09 -3.10260e-06 5.68102e-05 -1.10338e-09 -2.55500e-15 2.75109e-04
1.94238e+01 -3.81600e-09 -3.03751e-06 5.65916e-05 -1.11414e-09 4.44874e-15 2.73405e-04
1.94531e+01 -1.61320e-09 -3.02474e-06 5.62449e-05 -1.12479e-09 1.07458e-14 2.71713e-04
1.94824e+01 -7.81865e-09 -2.96005e-06 5.60291e-05 -1.13531e-09 1.61538e-14 2.70030e-04
1.95117e+01 -5.12065e-09 -2.94717e-06 5.56864e-05 -1.14572e-09 2.05260e-14 2.68357e-04
1.95410e+01 -1.06116e-08 -2.88291e-06 5.54734e-05 -1.15602e-09 2.37806e-14 2.66695e-04
1.95703e+01 -7.24417e-09 -2.86996e-06 5.51346e-05 -1.16620e-09 2.58683e-14 2.65042e-04
1.95996e+01 -1.19083e-08 -2.80614e-06 5.49242e-05 -1.17628e-09 2.68054e-14 2.63399e-04
1.96289e+01 -7.81876e-09 -2.79314e-06 5.45893e-05 -1.18624e-09 2.66329e-14 2.61766e-04
1.96582e+01 -1.16652e-08 -2.72978e-06 5.43815e-05 -1.19610e-09 2.54493e-14 2.60143e-04
1.96875e+01 -6.91803e-09 -2.71675e-06 5.40505e-05 -1.20585e-09 2.33668e-14 2.58529e-04
1.97168e+01 -1.00645e-08 -2.65387e-06 5.38452e-05 -1.21549e-09 2.05395e-14 2.56925e-04
1.97461e+01 -4.82017e-09 -2.64082e-06 5.35178e-05 -1.22503e-09 1.71243e-14 2.55330e-04
1.97754e+01 -7.46521e-09 -2.57841e-06 5.33150e-05 -1.23447e-09 1.33005e-14 2.53745e-04
1.98047e+01 -1.94798e-09 -2.56534e-06 5.29914e-05 -1.24381e-09 9.24005e-15 2.52170e-04
1.98340e+01 -4.33485e-09 -2.50340e-06 5.27910e-05 -1.25305e-09 5.11723e-15 2.50603e-04
1.98633e+01 1.20607e-09 -2.49030e-06 5.24710e-05 -1.26219e-09 1.09212e-15 2.49046e-04
1.98926e+01 -1.17132e-09 -2.42880e-06 5.22731e-05 -1.27123e-09 -2.69103e-15 2.47498e-04
1.99219e+01 4.15738e-09 -2.41563e-06 5.19567e-05 -1.28017e-09 -6.10578e-15 2.45959e-04
1.99512e+01 1.57146e-09 -2.35454e-06 5.17612e-05 -1.28902e-09 -9.05466e-15 2.44429e-04
1.99805e+01 6.49804e-09 -2.34129e-06 5.14485e-05 -1.29777e-09 -1.14584e-14 2.42908e-04
2.00098e+01 3.54449e-09 -2.28056e-06 5.12554e-05 -1.30642e-09 -1.32740e-14 2.41396e-04
2.00391e+01 7.94791e-09 -2.26717e-06 5.09462e-05 -1.31498e-09 -1.44740e-14 2.39892e-04
2.00684e+01 4.54348e-09 -2.20676e-06 5.07556e-05 -1.32345e-09 -1.50682e-14 2.38398e-04
2.00977e+01 8.38235e-09 -2.19320e-06 5.04501e-05 -1.33183e-09 -1.50772e-14 2.36912e-04
2.01270e+01 4.52407e-09 -2.13306e-06 5.02619e-05 -1.34011e-09 -1.45545e-14 2.35435e-04
2.01562e+01 7.83484e-09 -2.11930e-06 4.99599e-05 -1.34830e-09 -1.35586e-14 2.33966e-04
2.01855e+01 3.59248e-09 -2.05942e-06 4.97741e-05 -1.35641e-09 -1.21721e-14 2.32506e-04
2.02148e+01 6.47674e-09 -2.04543e-06 4.94757e-05 -1.36442e-09 -1.04770e-14 2.31055e-04
2.02441e+01 1.97558e-09 -1.98579e-06 4.92923e-05 -1.37235e-09 -8.56840e-15 2.29611e-04
2.02734e+01 4.57915e-09 -1.97158e-06 4.89974e-05 -1.38019e-09 -6.53574e-15 2.28177e-04
2.03027e+01 -2.36001e-11 -1.91218e-06 4.88164e-05 -1.38794e-09 -4.47054e-15 2.26750e-04
2.03320e+01 2.46415e-09 -1.89777e-06 4.85249e-05 -1.39561e-09 -2.45511e-15 2.25331e-04
2.03613e+01 -2.07681e-09 -1.83865e-06 4.83462e-05 -1.40320e-09 -5.63961e-16 2.23921e-04
2.03906e+01 4.53611e-10 -1.82409e-06 4.80581e-05 -1.41070e-09 1.13891e-15 2.22519e-04
2.04199e+01 -3.88021e-09 -1.76529e-06 4.78815e-05 -1.41813e-09 2.60469e-15 2.21125e-04
2.04492e+01 -1.17710e-09 -1.75063e-06 4.75967e-05 -1.42548e-09 3.79441e-15 2.19739e-04
2.04785e+01 -5.19569e-09 -1.69222e-06 4.74222e-05 -1.43275e-09 4.68835e-15 2.18360e-04
2.05078e+01 -2.23411e-09 -1.67754e-06 4.71405e-05 -1.43994e-09 5.27430e-15 2.16990e-04
2.05371e+01 -5.87861e-09 -1.61959e-06 4.69680e-05 -1.44706e-09 5.55997e-15 2.15628e-04
2.05664e+01 -2.62495e-09 -1.60496e-06 4.66893e-05 -1.45411e-09 5.55725e-15 2.14273e-04
2.05957e+01 -5.88946e-09 -1.54752e-06 4.65187e-05 -1.46108e-09 5.29562e-15 2.12926e-04
2.06250e+01 -2.36192e-09 -1.53301e-06 4.62430e-05 -1.46799e-09 4.80511e-15 2.11586e-04
2.06543e+01 -5.28928e-09 -1.47614e-06 4.60742e-05 -1.47482e-09 4.12888e-15 2.10254e-04
2.06836e+01 -1.55011e-09 -1.46177e-06 4.58013e-05 -1.48159e-09 3.30741e-15 2.08930e-04
2.07129e+01 -4.22104e-09 -1.40550e-06 4.56342e-05 -1.48829e-09 2.38862e-15 2.07613e-04
2.07422e+01 -3.63174e-10 -1.39129e-06 4.53642e-05 -1.49492e-09 1.41550e-15 2.06304e-04
2.07715e+01 -2.88109e-09 -1.33560e-06 4.51988e-05 -1.50149e-09 4.32638e-16 2.05001e-04
2.08008e+01 9.88286e-10 -1.32153e-06 4.49316e-05 -1.50799e-09 -5.21402e-16 2.03707e-04
2.08301e+01 -1.48569e-09 -1.26636e-06 4.47680e-05 -1.51442e-09 -1.41163e-15 2.02419e-04
2.08594e+01 2.29064e-09 -1.25235e-06 4.45035e-05 -1.52079e-09 -2.20893e-15 2.01139e-04
2.08887e+01 -2.38010e-10 -1.19764e-06 4.43418e-05 -1.52709e-09 -2.89167e-15 1.99866e-04
2.09180e+01 3.35825e-09 -1.18360e-06 4.40802e-05 -1.53333e-09 -3.44292e-15 1.98600e-04
2.09473e+01 6.99884e-10 -1.12921e-06 4.39203e-05 -1.53951e-09 -3.85551e-15 1.97341e-04
2.09766e+01 4.05742e-09 -1.11503e-06 4.36617e-05 -1.54561e-09 -4.12515e-15 1.96089e-04
2.10059e+01 1.22629e-09 -1.06086e-06 4.35038e-05 -1.55165e-09 -4.25788e-15 1.94844e-04
2.10352e+01 4.32061e-09 -1.04641e-06 4.32482e-05 -1.55763e-09 -4.26046e-15 1.93606e-04
2.10645e+01 1.30862e-09 -9.92327e-07 4.30924e-05 -1.56354e-09 -4.14905e-15 1.92375e-04
2.10938e+01 4.14966e-09 -9.77509e-07 4.28400e-05 -1.56938e-09 -3.93840e-15 1.91151e-04
2.11230e+01 9.81388e-10 -9.23421e-07 4.26863e-05 -1.57516e-09 -3.65057e-15 1.89934e-04
2.11523e+01 3.60880e-09 -9.08160e-07 4.24370e-05 -1.58087e-09 -3.30448e-15 1.88723e-04
2.11816e+01 3.34673e-10 -8.54017e-07 4.22854e-05 -1.58652e-09 -2.92347e-15 1.87519e-04
2.12109e+01 2.80930e-09 -8.38291e-07 4.20393e-05 -1.59210e-09 -2.52673e-15 1.86321e-04
2.12402e+01 -5.04251e-10 -7.84096e-07 4.18899e-05 -1.59762e-09 -2.13474e-15 1.85131e-04
2.12695e+01 1.88887e-09 -7.67943e-07 4.16468e-05 -1.60308e-09 -1.76360e-15 1.83946e-04
2.12988e+01 -1.39287e-09 -7.13763e-07 4.14994e-05 -1.60848e-09 -1.42787e-15 1.82769e-04
2.13281e+01 9.89271e-10 -6.97283e-07 4.12593e-05 -1.61382e-09 -1.13838e-15 1.81597e-04
2.13574e+01 -2.19543e-09 -6.43245e-07 4.11137e-05 -1.61910e-09 -9.02151e-16 1.80433e-04
2.13867e+01 2.35449e-10 -6.26595e-07 4.08763e-05 -1.62433e-09 -7.23906e-16 1.79274e-04
2.14160e+01 -2.80187e-09 -5.72873e-07 4.07324e-05 -1.62951e-09 -6.03211e-16 1.78122e-04
2.14453e+01 -2.80805e-10 -5.56246e-07 4.04976e-05 -1.63463e-09 -5.39161e-16 1.76976e-04
2.14746e+01 -3.14119e-09 -5.03042e-07 4.03551e-05 -1.63971e-09 -5.25286e-16 1.75836e-04
2.15039e+01 -5.10891e-10 -4.86646e-07 4.01225e-05 -1.64474e-09 -5.56613e-16 1.74703e-04
2.15332e+01 -3.18788e-09 -4.34161e-07 3.99812e-05 -1.64972e-09 -6.22952e-16 1.73576e-04
2.15625e+01 -4.52220e-10 -4.18188e-07 3.97507e-05 -1.65466e-09 -7.17321e-16 1.72455e-04
2.15918e+01 -2.96120e-09 -3.66589e-07 3.96104e-05 -1.65956e-09 -8.28422e-16 1.71340e-04
2.16211e+01 -1.44122e-10 -3.51181e-07 3.93817e-05 -1.66441e-09 -9.49290e-16 1.70230e-04
2.16504e+01 -2.51808e-09 -3.00570e-07 3.92423e-05 -1.66922e-09 -1.06983e-15 1.69127e-04
2.16797e+01 3.41889e-10 -2.85789e-07 3.90155e-05 -1.67400e-09 -1.18463e-15 1.68030e-04
2.17090e+01 -1.94119e-09 -2.36178e-07 3.88769e-05 -1.67873e-09 -1.28641e-15 1.66939e-04
2.17383e+01 9.15567e-10 -2.21986e-07 3.86519e-05 -1.68343e-09 -1.37214e-15 1.65854e-04
2.17676e+01 -1.32459e-09 -1.73280e-07 3.85142e-05 -1.68808e-09 -1.43814e-15 1.64774e-04
2.17969e+01 1.48279e-09 -1.59530e-07 3.82911e-05 -1.69269e-09 -1.48383e-15 1.63701e-04
2.18262e+01 -7.58936e-10 -1.11526e-07 3.81546e-05 -1.69726e-09 -1.50909e-15 1.62633e-04
2.18555e+01 1.95954e-09 -9.79699e-08 3.79337e-05 -1.70179e-09 -1.51536e-15 1.61571e-04
2.18848e+01 -3.18752e-10 -5.03764e-08 3.77985e-05 -1.70627e-09 -1.50548e-15 1.60514e-04
2.19141e+01 2.28311e-09 -3.66915e-08 3.75800e-05 -1.71070e-09 -1.48213e-15 1.59463e-04
2.19434e+01 -5.31638e-11 1.08397e-08 3.74465e-05 -1.71509e-09 -1.45013e-15 1.58418e-04
2.19727e+01 2.41911e-09 2.50081e-08 3.72309e-05 -1.71942e-09 -1.41257e-15 1.57378e-04
2.20020e+01 1.87626e-11 7.28314e-08 3.70994e-05 -1.72370e-09 -1.37513e-15 1.56344e-04
2.20312e+01 2.36375e-09 8.78173e-08 3.68868e-05 -1.72793e-09 -1.34047e-15 1.55316e-04
2.20605e+01 -9.20996e-11 1.36237e-07 3.67577e-05 -1.73210e-09 -1.31402e-15 1.54292e-04
2.20898e+01 2.14142e-09 1.52297e-07 3.65484e-05 -1.73622e-09 -1.29734e-15 1.53275e-04
2.21191e+01 -3.49391e-10 2.01515e-07 3.64218e-05 -1.74028e-09 -1.29455e-15 1.52262e-04
2.21484e+01 1.79847e-09 2.18776e-07 3.62159e-05 -1.74429e-09 -1.30564e-15 1.51255e-04
2.21777e+01 -6.98994e-10 2.68842e-07 3.60918e-05 -1.74824e-09 -1.33266e-15 1.50253e-04
2.22070e+01 1.39437e-09 2.87268e-07 3.58893e-05 -1.75214e-09 -1.37384e-15 1.49257e-04
2.22363e+01 -1.07860e-09 3.38058e-07 3.57675e-05 -1.75599e-09 -1.42871e-15 1.48266e-04
2.22656e+01 9.91761e-10 3.57431e-07 3.55681e-05 -1.75979e-09 -1.49402e-15 1.47280e-04
2.22949e+01 -1.42758e-09 4.08641e-07 3.54484e-05 -1.76355e-09 -1.56686e-15 1.46299e-04
2.23242e+01 6.47069e-10 4.28573e-07 3.52516e-05 -1.76727e-09 -1.64313e-15 1.45323e-04
2.23535e+01 -1.69563e-09 4.79747e-07 3.51334e-05 -1.77094e-09 -1.71813e-15 1.44353e-04
2.23828e+01 4.02837e-10 4.99719e-07 3.49388e-05 -1.77458e-09 -1.78787e-15 1.43387e-04
2.24121e+01 -1.84918e-09 5.50296e-07 3.48215e-05 -1.77820e-09 -1.84693e-15 1.42427e-04
2.24414e+01 2.82831e-10 5.69718e-07 3.46284e-05 -1.78178e-09 -1.89256e-15 1.41471e-04
2.24707e+01 -1.87470e-09 6.19106e-07 3.45115e-05 -1.78534e-09 -1.91977e-15 1.40521e-04
2.25000e+01 2.90338e-10 6.37400e-07 3.43192e-05 -1.78888e-09 -1.92802e-15 1.39575e-04
2.25293e+01 -1.77875e-09 6.85062e-07 3.42021e-05 -1.79240e-09 -1.91380e-15 1.38634e-04
2.25586e+01 4.09619e-10 7.01751e-07 3.40102e-05 -1.79591e-09 -1.87923e-15 1.37699e-04
2.25879e+01 -1.58519e-09 7.47296e-07 3.38925e-05 -1.79941e-09 -1.82284e-15 1.36768e-04
2.26172e+01 6.10004e-10 7.62095e-07 3.37007e-05 -1.80289e-09 -1.74922e-15 1.35842e-04
2.26465e+01 -1.33001e-09 8.05366e-07 3.35822e-05 -1.80636e-09 -1.65901e-15 1.34920e-04
2.26758e+01 8.51809e-10 8.18253e-07 3.33905e-05 -1.80982e-09 -1.55841e-15 1.34004e-04
2.27051e+01 -1.05488e-09 8.59383e-07 3.32712e-05 -1.81327e-09 -1.44973e-15 1.33092e-04
2.27344e+01 1.09303e-09 8.70649e-07 3.30799e-05 -1.81670e-09 -1.33953e-15 1.32185e-04
2.27637e+01 -8.00506e-10 9.10089e-07 3.29605e-05 -1.82010e-09 -1.23110e-15 1.31283e-04
2.27930e+01 1.29575e-09 9.20334e-07 3.27701e-05 -1.82349e-09 -1.13006e-15 1.30385e-04
2.28223e+01 -6.00674e-10 9.58827e-07 3.26511e-05 -1.82684e-09 -1.03992e-15 1.29491e-04
2.28516e+01 1.43141e-09 9.68911e-07 3.24625e-05 -1.83016e-09 -9.64362e-16 1.28603e-04
2.28809e+01 -4.77869e-10 1.00741e-06 3.23451e-05 -1.83345e-09 -9.06606e-16 1.27719e-04
2.29102e+01 1.48417e-09 1.01835e-06 3.21593e-05 -1.83669e-09 -8.67820e-16 1.26839e-04
2.29395e+01 -4.40972e-10 1.05790e-06 3.20443e-05 -1.83987e-09 -8.50636e-16 1.25964e-04
2.29688e+01 1.45211e-09 1.07071e-06 3.18623e-05 -1.84301e-09 -8.53644e-16 1.25093e-04
2.29980e+01 -4.85171e-10 1.11227e-06 3.17508e-05 -1.84609e-09 -8.78736e-16 1.24227e-04
2.30273e+01 1.34627e-09 1.12782e-06 3.15735e-05 -1.84910e-09 -9.22236e-16 1.23365e-04
2.30566e+01 -5.93917e-10 1.17211e-06 3.14661e-05 -1.85205e-09 -9.85167e-16 1.22508e-04
2.30859e+01 1.18781e-09 1.19093e-06 3.12939e-05 -1.85494e-09 -1.06213e-15 1.21655e-04
2.31152e+01 -7.42462e-10 1.23829e-06 3.11910e-05 -1.85777e-09 -1.15311e-15 1.20806e-04
2.31445e+01 1.00393e-09 1.26047e-06 3.10239e-05 -1.86053e-09 -1.25169e-15 1.19962e-04
2.31738e+01 -9.02320e-10 1.31074e-06 3.09253e-05 -1.86323e-09 -1.35663e-15 1.19121e-04
2.32031e+01 8.23211e-10 1.33587e-06 3.07630e-05 -1.86588e-09 -1.46132e-15 1.18286e-04
2.32324e+01 -1.04591e-09 1.38836e-06 3.06678e-05 -1.86848e-09 -1.56335e-15 1.17454e-04
2.32617e+01 6.71193e-10 1.41552e-06 3.05093e-05 -1.87103e-09 -1.65687e-15 1.16626e-04
2.32910e+01 -1.15065e-09 1.46909e-06 3.04165e-05 -1.87356e-09 -1.73854e-15 1.15803e-04
2.33203e+01 5.66715e-10 1.49692e-06 3.02603e-05 -1.87605e-09 -1.80437e-15 1.14983e-04
2.33496e+01 -1.20201e-09 1.55007e-06 3.01683e-05 -1.87853e-09 -1.85065e-15 1.14168e-04
2.33789e+01 5.19617e-10 1.57695e-06 3.00128e-05 -1.88099e-09 -1.87621e-15 1.13357e-04
2.34082e+01 -1.19503e-09 1.62800e-06 2.99198e-05 -1.88346e-09 -1.87766e-15 1.12550e-04
2.34375e+01 5.29981e-10 1.65225e-06 2.97633e-05 -1.88593e-09 -1.85731e-15 1.11747e-04
2.34668e+01 -1.13429e-09 1.69957e-06 2.96678e-05 -1.88842e-09 -1.81264e-15 1.10948e-04
2.34961e+01 5.88921e-10 1.71968e-06 2.95087e-05 -1.89093e-09 -1.74945e-15 1.10153e-04
2.35254e+01 -1.03245e-09 1.76195e-06 2.94093e-05 -1.89347e-09 -1.66639e-15 1.09362e-04
2.35547e+01 6.80685e-10 1.77684e-06 2.92466e-05 -1.89604e-09 -1.57198e-15 1.08575e-04
2.35840e+01 -9.07576e-10 1.81327e-06 2.91424e-05 -1.89864e-09 -1.46588e-15 1.07792e-04
2.36133e+01 7.85660e-10 1.82250e-06 2.89757e-05 -1.90128e-09 -1.35790e-15 1.07012e-04
2.36426e+01 -7.79960e-10 1.85307e-06 2.88668e-05 -1.90394e-09 -1.24835e-15 1.06237e-04
2.36719e+01 8.83747e-10 1.85705e-06 2.86965e-05 -1.90663e-09 -1.14649e-15 1.05465e-04
2.37012e+01 -6.68705e-10 1.88262e-06 2.85838e-05 -1.90933e-09 -1.05279e-15 1.04697e-04
2.37305e+01 9.57569e-10 1.88266e-06 2.84112e-05 -1.91204e-09 -9.74267e-16 1.03933e-04
2.37598e+01 -5.88800e-10 1.90498e-06 2.82966e-05 -1.91475e-09 -9.11367e-16 1.03173e-04
2.37891e+01 9.95043e-10 1.90326e-06 2.81239e-05 -1.91744e-09 -8.67559e-16 1.02417e-04
2.38184e+01 -5.49018e-10 1.92485e-06 2.80098e-05 -1.92011e-09 -8.43437e-16 1.01664e-04
2.38477e+01 9.90945e-10 1.92415e-06 2.78399e-05 -1.92273e-09 -8.38427e-16 1.00915e-04
2.38770e+01 -5.50929e-10 1.94800e-06 2.77294e-05 -1.92529e-09 -8.53661e-16 1.00169e-04
2.39062e+01 9.47298e-10 1.95136e-06 2.75652e-05 -1.92778e-09 -8.84758e-16 9.94273e-05
2.39355e+01 -5.89110e-10 1.98044e-06 2.74613e-05 -1.93019e-09 -9.33753e-16 9.86891e-05
2.39648e+01 8.72584e-10 1.99065e-06 2.73058e-05 -1.93250e-09 -9.93220e-16 9.79545e-05
2.39941e+01 -6.52461e-10 2.02742e-06 2.72108e-05 -1.93471e-09 -1.06611e-15 9.72235e-05
2.40234e+01 7.79970e-10 2.04649e-06 2.70658e-05 -1.93681e-09 -1.14301e-15 9.64961e-05
2.40527e+01 -7.26357e-10 2.09243e-06 2.69813e-05 -1.93881e-09 -1.22733e-15 9.57722e-05
2.40820e+01 6.84870e-10 2.12120e-06 2.68476e-05 -1.94069e-09 -1.30884e-15 9.50518e-05
2.41113e+01 -7.95262e-10 2.17643e-06 2.67735e-05 -1.94247e-09 -1.39062e-15 9.43349e-05
2.41406e+01 6.02272e-10 2.21428e-06 2.66505e-05 -1.94415e-09 -1.46290e-15 9.36215e-05
2.41699e+01 -8.45356e-10 2.27743e-06 2.65854e-05 -1.94574e-09 -1.52769e-15 9.29116e-05
2.41992e+01 5.44258e-10 2.32225e-06 2.64708e-05 -1.94726e-09 -1.57707e-15 9.22050e-05
2.42285e+01 -8.66763e-10 2.39052e-06 2.64118e-05 -1.94872e-09 -1.61155e-15 9.15019e-05
2.42578e+01 5.18113e-10 2.43891e-06 2.63021e-05 -1.95015e-09 -1.62659e-15 9.08022e-05
2.42871e+01 -8.55043e-10 2.50839e-06 2.62451e-05 -1.95156e-09 -1.62121e-15 9.01059e-05
2.43164e+01 5.25293e-10 2.55602e-06 2.61358e-05 -1.95297e-09 -1.59552e-15 8.94129e-05
2.43457e+01 -8.11724e-10 2.62213e-06 2.60762e-05 -1.95441e-09 -1.54747e-15 8.87232e-05
2.43750e+01 5.61396e-10 2.66430e-06 2.59626e-05 -1.95590e-09 -1.48254e-15 8.80369e-05
2.44043e+01 -7.43839e-10 2.72236e-06 2.58956e-05 -1.95746e-09 -1.39794e-15 8.73538e-05
2.44336e+01 6.17095e-10 2.75458e-06 2.57731e-05 -1.95910e-09 -1.30429e-15 8.66741e-05
2.44629e+01 -6.62567e-10 2.80046e-06 2.56946e-05 -1.96084e-09 -1.19816e-15 8.59975e-05
2.44922e+01 6.79857e-10 2.81910e-06 2.55596e-05 -1.96270e-09 -1.09397e-15 8.53242e-05
2.45215e+01 -5.81232e-10 2.84985e-06 2.54666e-05 -1.96468e-09 -9.87420e-16 8.46542e-05
2.45508e+01 7.36146e-10 2.85278e-06 2.53170e-05 -1.96679e-09 -8.94341e-16 8.39873e-05
2.45801e+01 -5.12991e-10 2.86721e-06 2.52085e-05 -1.96902e-09 -8.09356e-16 8.33236e-05
2.46094e+01 7.73740e-10 2.85433e-06 2.50443e-05 -1.97137e-09 -7.46873e-16 8.26630e-05
2.46387e+01 -4.68601e-10 2.85354e-06 2.49215e-05 -1.97382e-09 -7.00509e-16 8.20056e-05
2.46680e+01 7.83800e-10 2.82722e-06 2.47453e-05 -1.97635e-09 -6.80662e-16 8.13513e-05
2.46973e+01 -4.54601e-10 2.81485e-06 2.46120e-05 -1.97895e-09 -6.80771e-16 8.07001e-05
2.47266e+01 7.62359e-10 2.78000e-06 2.44288e-05 -1.98157e-09 -7.05440e-16 8.00520e-05
2.47559e+01 -4.72208e-10 2.76220e-06 2.42914e-05 -1.98420e-09 -7.49551e-16 7.94069e-05
2.47852e+01 7.11005e-10 2.72603e-06 2.41087e-05 -1.98679e-09 -8.11259e-16 7.87649e-05
2.48145e+01 -5.17076e-10 2.71089e-06 2.39754e-05 -1.98931e-09 -8.88841e-16 7.81259e-05
2.48438e+01 6.36665e-10 2.68208e-06 2.38020e-05 -1.99171e-09 -9.74401e-16 7.74900e-05
2.48730e+01 -5.79971e-10 2.67851e-06 2.36818e-05 -1.99397e-09 -1.07103e-15 7.68570e-05
2.49023e+01 5.50499e-10 2.66584e-06 2.35266e-05 -1.99606e-09 -1.16584e-15 7.62270e-05
2.49316e+01 -6.48259e-10 2.68204e-06 2.34279e-05 -1.99794e-09 -1.26681e-15 7.56000e-05
2.49609e+01 4.66082e-10 2.69269e-06 2.32980e-05 -1.99960e-09 -1.35742e-15 7.49759e-05
2.49902e+01 -7.07997e-10 2.73447e-06 2.32264e-05 -2.00102e-09 -1.44896e-15 7.43547e-05
2.50195e+01 3.97118e-10 2.77253e-06 2.31258e-05 -2.00219e-09 -1.52288e-15 7.37364e-05
2.50488e+01 -7.46312e-10 2.84196e-06 2.30833e-05 -2.00313e-09 -1.59117e-15 7.31211e-05
2.50781e+01 3.55067e-10 2.90733e-06 2.30116e-05 -2.00383e-09 -1.63530e-15 7.25085e-05
2.51074e+01 -7.53675e-10 3.00211e-06 2.29954e-05 -2.00433e-09 -1.66541e-15 7.18989e-05
2.51367e+01 3.47079e-10 3.09027e-06 2.29478e-05 -2.00465e-09 -1.66575e-15 7.12921e-05
2.51660e+01 -7.25658e-10 3.20379e-06 2.29511e-05 -2.00482e-09 -1.64316e-15 7.06881e-05
2.51953e+01 3.74616e-10 3.30627e-06 2.29187e-05 -2.00489e-09 -1.58792e-15 7.00869e-05
2.52246e+01 -6.63869e-10 3.42845e-06 2.29309e-05 -2.00490e-09 -1.50344e-15 6.94885e-05
2.52539e+01 4.33018e-10 3.53391e-06 2.29020e-05 -2.00491e-09 -1.38907e-15 6.88929e-05
2.52832e+01 -5.75862e-10 3.65253e-06 2.29106e-05 -2.00497e-09 -1.24542e-15 6.83000e-05
2.53125e+01 5.12109e-10 3.74822e-06 2.28719e-05 -2.00514e-09 -1.08263e-15 6.77099e-05
2.53418e+01 -4.74034e-10 3.85041e-06 2.28637e-05 -2.00546e-09 -8.98950e-16 6.71225e-05
2.53711e+01 5.97759e-10 3.92376e-06 2.28026e-05 -2.00600e-09 -7.14739e-16 6.65378e-05
2.54004e+01 -3.73673e-10 3.99763e-06 2.27655e-05 -2.00678e-09 -5.25449e-16 6.59558e-05
2.54297e+01 6.74141e-10 4.03778e-06 2.26710e-05 -2.00786e-09 -3.58578e-16 6.53765e-05
2.54590e+01 -2.90487e-10 4.07388e-06 2.25956e-05 -2.00926e-09 -2.05488e-16 6.47999e-05
2.54883e+01 7.26319e-10 4.07316e-06 2.24601e-05 -2.01100e-09 -9.58382e-17 6.42259e-05
2.55176e+01 -2.38007e-10 4.06591e-06 2.23410e-05 -2.01308e-09 -1.55909e-17 6.36545e-05
2.55469e+01 7.42735e-10 4.02113e-06 2.21618e-05 -2.01550e-09 8.93517e-18 6.30857e-05
2.55762e+01 -2.25310e-10 3.97006e-06 2.19990e-05 -2.01825e-09 -2.77934e-18 6.25196e-05
2.56055e+01 7.17197e-10 3.88375e-06 2.17790e-05 -2.02128e-09 -6.92113e-17 6.19560e-05
2.56348e+01 -2.55398e-10 3.79462e-06 2.15790e-05 -2.02455e-09 -1.67819e-16 6.13950e-05
2.56641e+01 6.50062e-10 3.67596e-06 2.13282e-05 -2.02799e-09 -3.06845e-16 6.08366e-05
2.56934e+01 -3.24510e-10 3.56149e-06 2.11045e-05 -2.03154e-09 -4.65766e-16 6.02807e-05
2.57227e+01 5.48409e-10 3.42671e-06 2.08400e-05 -2.03511e-09 -6.42516e-16 5.97274e-05
2.57520e+01 -4.22445e-10 3.30647e-06 2.06130e-05 -2.03861e-09 -8.25220e-16 5.91765e-05
2.57812e+01 4.25234e-10 3.17810e-06 2.03582e-05 -2.04196e-09 -1.00292e-15 5.86282e-05
2.58105e+01 -5.33835e-10 3.07692e-06 2.01536e-05 -2.04505e-09 -1.17799e-15 5.80824e-05
2.58398e+01 2.97761e-10 2.98113e-06 1.99353e-05 -2.04780e-09 -1.33202e-15 5.75390e-05
2.58691e+01 -6.40183e-10 2.92532e-06 1.97798e-05 -2.05013e-09 -1.48307e-15 5.69981e-05
2.58984e+01 1.85101e-10 2.88713e-06 1.96234e-05 -2.05197e-09 -1.60571e-15 5.64596e-05
2.59277e+01 -7.22464e-10 2.89883e-06 1.95393e-05 -2.05328e-09 -1.72912e-15 5.59235e-05
2.59570e+01 1.05442e-10 2.93598e-06 1.94623e-05 -2.05401e-09 -1.82071e-15 5.53899e-05
2.59863e+01 -7.64088e-10 3.02725e-06 1.94612e-05 -2.05416e-09 -1.91195e-15 5.48587e-05
2.60156e+01 7.30113e-11 3.14520e-06 1.94682e-05 -2.05374e-09 -1.96452e-15 5.43299e-05
2.60449e+01 -7.53903e-10 3.31444e-06 1.95474e-05 -2.05276e-09 -2.00369e-15 5.38034e-05
2.60742e+01 9.52617e-11 3.50452e-06 1.96285e-05 -2.05128e-09 -1.99074e-15 5.32793e-05
2.61035e+01 -6.88636e-10 3.73640e-06 1.97711e-05 -2.04938e-09 -1.94105e-15 5.27576e-05
2.61328e+01 1.70967e-10 3.97734e-06 1.99033e-05 -2.04713e-09 -1.82470e-15 5.22382e-05
2.61621e+01 -5.74124e-10 4.24565e-06 2.00814e-05 -2.04464e-09 -1.64916e-15 5.17211e-05
2.61914e+01 2.89775e-10 4.50740e-06 2.02329e-05 -2.04203e-09 -1.40360e-15 5.12063e-05
2.62207e+01 -4.24912e-10 4.77940e-06 2.04120e-05 -2.03944e-09 -1.09225e-15 5.06938e-05
2.62500e+01 4.33458e-10 5.02775e-06 2.05469e-05 -2.03700e-09 -7.30061e-16 5.01837e-05
2.62793e+01 -2.62215e-10 5.26891e-06 2.06910e-05 -2.03486e-09 -3.21062e-16 4.96757e-05
2.63086e+01 5.78658e-10 5.47005e-06 2.07744e-05 -2.03316e-09 9.45109e-17 4.91701e-05
2.63379e+01 -1.10571e-10 5.64825e-06 2.08503e-05 -2.03203e-09 5.14554e-16 4.86667e-05
2.63672e+01 7.00667e-10 5.77258e-06 2.08519e-05 -2.03157e-09 8.81881e-16 4.81655e-05
2.63965e+01 6.18119e-12 5.86147e-06 2.08331e-05 -2.03189e-09 1.20252e-15 4.76666e-05
2.64258e+01 7.77522e-10 5.88655e-06 2.07304e-05 -2.03306e-09 1.41583e-15 4.71698e-05
2.64551e+01 6.88870e-11 5.86815e-06 2.05994e-05 -2.03512e-09 1.54341e-15 4.66753e-05
2.64844e+01 7.93689e-10 5.78097e-06 2.03804e-05 -2.03807e-09 1.53497e-15 4.61829e-05
2.65137e+01 6.63085e-11 5.64775e-06 2.01310e-05 -2.04189e-09 1.43168e-15 4.56927e-05
2.65430e+01 7.42714e-10 5.44674e-06 1.97960e-05 -2.04650e-09 1.20286e-15 4.52047e-05
2.65723e+01 -2.92427e-12 5.20365e-06 1.94354e-05 -2.05182e-09 9.05885e-16 4.47189e-05
2.66016e+01 6.28393e-10 4.90090e-06 1.89992e-05 -2.05770e-09 5.31476e-16 4.42351e-05
2.66309e+01 -1.29967e-10 4.56778e-06 1.85505e-05 -2.06398e-09 1.41077e-16 4.37535e-05
2.66602e+01 4.64292e-10 4.19150e-06 1.80448e-05 -2.07048e-09 -2.58583e-16 4.32740e-05
2.66895e+01 -2.97040e-10 3.80556e-06 1.75491e-05 -2.07699e-09 -6.20885e-16 4.27966e-05
2.67188e+01 2.71740e-10 3.40238e-06 1.70247e-05 -2.08330e-09 -9.31925e-16 4.23213e-05
2.67480e+01 -4.80037e-10 3.01975e-06 1.65423e-05 -2.08920e-09 -1.17960e-15 4.18481e-05
2.67773e+01 7.67756e-11 2.65486e-06 1.60687e-05 -2.09450e-09 -1.34904e-15 4.13770e-05
2.68066e+01 -6.51828e-10 2.34842e-06 1.56767e-05 -2.09899e-09 -1.47409e-15 4.09079e-05
2.68359e+01 -9.31954e-11 2.09985e-06 1.53355e-05 -2.10251e-09 -1.53645e-15 4.04408e-05
2.68652e+01 -7.85469e-10 1.94881e-06 1.51157e-05 -2.10494e-09 -1.60951e-15 3.99758e-05
2.68945e+01 -2.12359e-10 1.89130e-06 1.49834e-05 -2.10615e-09 -1.65865e-15 3.95128e-05
2.69238e+01 -8.56930e-10 1.95904e-06 1.49996e-05 -2.10606e-09 -1.76887e-15 3.90519e-05
2.69531e+01 -2.59220e-10 2.13737e-06 1.51192e-05 -2.10461e-09 -1.87433e-15 3.85929e-05
2.69824e+01 -8.48174e-10 2.44416e-06 1.53878e-05 -2.10179e-09 -2.03526e-15 3.81359e-05
2.70117e+01 -2.20357e-10 2.85124e-06 1.57464e-05 -2.09762e-09 -2.15587e-15 3.76809e-05
2.70410e+01 -7.51663e-10 3.36347e-06 1.62260e-05 -2.09216e-09 -2.25472e-15 3.72279e-05
2.70703e+01 -9.52463e-11 3.94305e-06 1.67583e-05 -2.08553e-09 -2.23350e-15 3.67768e-05
2.70996e+01 -5.74618e-10 4.58720e-06 1.73656e-05 -2.07792e-09 -2.08379e-15 3.63277e-05
2.71289e+01 1.00939e-10 5.25404e-06 1.79762e-05 -2.06958e-09 -1.74540e-15 3.58805e-05
2.71582e+01 -3.39815e-10 5.93816e-06 1.86095e-05 -2.06082e-09 -1.21271e-15 3.54353e-05
2.71875e+01 3.38663e-10 6.59791e-06 1.91950e-05 -2.05200e-09 -4.94457e-16 3.49919e-05
2.72168e+01 -8.22751e-11 7.22891e-06 1.97530e-05 -2.04355e-09 3.91792e-16 3.45505e-05
2.72461e+01 5.79008e-10 7.79263e-06 2.02175e-05 -2.03588e-09 1.36434e-15 3.41110e-05
2.72754e+01 1.56996e-10 8.28797e-06 2.06123e-05 -2.02941e-09 2.38574e-15 3.36733e-05
2.73047e+01 7.80797e-10 8.68127e-06 2.08774e-05 -2.02454e-09 3.32662e-15 3.32375e-05
2.73340e+01 3.38571e-10 8.97591e-06 2.10415e-05 -2.02160e-09 4.15463e-15 3.28036e-05
2.73633e+01 9.08163e-10 9.14383e-06 2.10516e-05 -2.02082e-09 4.73549e-15 3.23716e-05
2.73926e+01 4.31778e-10 9.19335e-06 2.09414e-05 -2.02239e-09 5.07418e-15 3.19414e-05
2.74219e+01 9.36992e-10 9.10220e-06 2.06655e-05 -2.02634e-09 5.07283e-15 3.15130e-05
2.74512e+01 4.20113e-10 8.88370e-06 2.02627e-05 -2.03262e-09 4.79571e-15 3.10865e-05
2.74805e+01 8.59087e-10 8.52143e-06 1.96947e-05 -2.04106e-09 4.20447e-15 3.06617e-05
2.75098e+01 3.04017e-10 8.03382e-06 1.90060e-05 -2.05137e-09 3.42189e-15 3.02388e-05
2.75391e+01 6.83475e-10 7.41062e-06 1.81658e-05 -2.06319e-09 2.46624e-15 2.98177e-05
2.75684e+01 1.00684e-10 6.67602e-06 1.72246e-05 -2.07606e-09 1.49211e-15 2.93984e-05
2.75977e+01 4.34733e-10 5.82692e-06 1.61606e-05 -2.08947e-09 5.48097e-16 2.89808e-05
2.76270e+01 -1.59028e-10 4.89476e-06 1.50316e-05 -2.10288e-09 -2.25538e-16 2.85651e-05
2.76562e+01 1.48613e-10 3.88568e-06 1.38268e-05 -2.11576e-09 -7.87761e-16 2.81510e-05
2.76855e+01 -4.36090e-10 2.84090e-06 1.26142e-05 -2.12760e-09 -1.06468e-15 2.77388e-05
2.77148e+01 -1.34362e-10 1.77874e-06 1.13969e-05 -2.13799e-09 -1.05462e-15 2.73282e-05
2.77441e+01 -6.90315e-10 7.53378e-07 1.02562e-05 -2.14664e-09 -7.89908e-16 2.69194e-05
2.77734e+01 -3.76097e-10 -2.01870e-07 9.21162e-06 -2.15338e-09 -3.14807e-16 2.65124e-05
2.78027e+01 -8.87185e-10 -1.01819e-06 8.35914e-06 -2.15820e-09 2.23305e-16 2.61070e-05
2.78320e+01 -5.46653e-10 -1.64808e-06 7.73282e-06 -2.16120e-09 7.66923e-16 2.57033e-05
2.78613e+01 -1.00159e-09 -2.01367e-06 7.43615e-06 -2.16246e-09 1.09230e-15 2.53014e-05
2.78906e+01 -6.25056e-10 -2.06699e-06 7.50144e-06 -2.16201e-09 1.20321e-15 2.49011e-05
2.79199e+01 -1.01506e-09 -1.74811e-06 8.00810e-06 -2.15958e-09 9.02461e-16 2.45025e-05
2.79492e+01 -5.93285e-10 -1.05399e-06 8.93450e-06 -2.15460e-09 3.50939e-16 2.41056e-05
2.79785e+01 -9.08977e-10 5.64982e-10 1.02711e-05 -2.14630e-09 -4.75989e-16 2.37103e-05
2.80078e+01 -4.34156e-10 1.33610e-06 1.18999e-05 -2.13402e-09 -1.26249e-15 2.33167e-05
2.80371e+01 -6.73431e-10 2.87908e-06 1.37422e-05 -2.11744e-09 -1.86799e-15 2.29247e-05
2.80664e+01 -1.52274e-10 4.53257e-06 1.56614e-05 -2.09673e-09 -2.02152e-15 2.25344e-05
2.80957e+01 -3.31877e-10 6.23306e-06 1.75930e-05 -2.07262e-09 -1.60574e-15 2.21457e-05
2.81250e+01 2.10686e-10 7.90339e-06 1.94280e-05 -2.04623e-09 -5.58652e-16 2.17586e-05
2.81543e+01 5.97286e-11 9.49895e-06 2.11270e-05 -2.01903e-09 1.09863e-15 2.13731e-05
2.81836e+01 5.89270e-10 1.09610e-05 2.26066e-05 -1.99263e-09 3.20276e-15 2.09893e-05
2.82129e+01 4.31091e-10 1.22614e-05 2.38489e-05 -1.96872e-09 5.60493e-15 2.06070e-05
2.82422e+01 9.12716e-10 1.33574e-05 2.47922e-05 -1.94882e-09 8.00355e-15 2.02263e-05
2.82715e+01 7.14954e-10 1.42350e-05 2.54370e-05 -1.93426e-09 1.02152e-14 1.98471e-05
2.83008e+01 1.12071e-09 1.48651e-05 2.57398e-05 -1.92600e-09 1.19330e-14 1.94696e-05
2.83301e+01 8.60775e-10 1.52454e-05 2.57160e-05 -1.92466e-09 1.30506e-14 1.90936e-05
2.83594e+01 1.17464e-09 1.53580e-05 2.53372e-05 -1.93039e-09 1.33718e-14 1.87191e-05
2.83887e+01 8.43353e-10 1.52099e-05 2.46304e-05 -1.94295e-09 1.29419e-14 1.83462e-05
2.84180e+01 1.06350e-09 1.47923e-05 2.35799e-05 -1.96169e-09 1.17311e-14 1.79749e-05
2.84473e+01 6.66028e-10 1.41192e-05 2.22217e-05 -1.98560e-09 9.94451e-15 1.76050e-05
2.84766e+01 8.04523e-10 1.31891e-05 2.05502e-05 -2.01339e-09 7.70228e-15 1.72367e-05
2.85059e+01 3.58906e-10 1.20215e-05 1.86090e-05 -2.04351e-09 5.31328e-15 1.68699e-05
2.85352e+01 4.39216e-10 1.06211e-05 1.64019e-05 -2.07426e-09 2.97332e-15 1.65046e-05
2.85645e+01 -2.69550e-11 9.01275e-06 1.39802e-05 -2.10389e-09 9.97660e-16 1.61408e-05
2.85938e+01 2.59630e-11 7.20776e-06 1.13586e-05 -2.13066e-09 -4.42758e-16 1.57785e-05
2.86230e+01 -4.28346e-10 5.23820e-06 8.59872e-06 -2.15297e-09 -1.13261e-15 1.54177e-05
2.86523e+01 -3.69928e-10 3.12537e-06 5.73117e-06 -2.16944e-09 -1.01805e-15 1.50583e-05
2.86816e+01 -7.80780e-10 9.13315e-07 2.83529e-06 -2.17914e-09 -6.74030e-17 1.47004e-05
2.87109e+01 -6.87876e-10 -1.35942e-06 -3.24219e-08 -2.18166e-09 1.60460e-15 1.43440e-05
2.87402e+01 -1.03077e-09 -3.62729e-06 -2.76198e-06 -2.17736e-09 3.81219e-15 1.39890e-05
2.87695e+01 -8.84716e-10 -5.82171e-06 -5.25321e-06 -2.16756e-09 6.28958e-15 1.36355e-05
2.87988e+01 -1.14855e-09 -7.83978e-06 -7.34419e-06 -2.15464e-09 8.67100e-15 1.32834e-05
2.88281e+01 -9.46677e-10 -9.56185e-06 -8.86197e-06 -2.14213e-09 1.06451e-14 1.29327e-05
2.88574e+01 -1.13785e-09 -1.08227e-05 -9.55909e-06 -2.13437e-09 1.17772e-14 1.25835e-05
2.88867e+01 -8.94201e-10 -1.14164e-05 -9.13947e-06 -2.13558e-09 1.18933e-14 1.22357e-05
2.89160e+01 -1.03072e-09 -1.10773e-05 -7.21874e-06 -2.14780e-09 1.06324e-14 1.18892e-05
2.89453e+01 -7.57242e-10 -9.43577e-06 -3.25839e-06 -2.16595e-09 8.22183e-15 1.15442e-05
2.89746e+01 -8.28016e-10 -6.31907e-06 2.91987e-06 -2.17231e-09 4.89956e-15 1.12006e-05
2.90039e+01 -4.79943e-10 -2.28398e-06 1.04191e-05 -2.14507e-09 1.86724e-15 1.08584e-05
2.90332e+01 -4.30798e-10 1.79478e-06 1.78332e-05 -2.07853e-09 3.27422e-17 1.05175e-05
2.90625e+01 2.64509e-12 5.44887e-06 2.42248e-05 -1.98594e-09 -1.68977e-16 1.01780e-05
2.90918e+01 1.17284e-10 8.66175e-06 2.95445e-05 -1.88386e-09 1.24542e-15 9.83990e-06
2.91211e+01 5.51769e-10 1.14442e-05 3.38390e-05 -1.78438e-09 3.88404e-15 9.50314e-06
2.91504e+01 6.54189e-10 1.38115e-05 3.71516e-05 -1.69642e-09 7.39393e-15 9.16774e-06
2.91797e+01 1.02593e-09 1.57744e-05 3.95180e-05 -1.62634e-09 1.12512e-14 8.83368e-06
2.92090e+01 1.06390e-09 1.73529e-05 4.09896e-05 -1.57813e-09 1.50629e-14 8.50095e-06
2.92383e+01 1.33206e-09 1.85609e-05 4.16029e-05 -1.55372e-09 1.83733e-14 8.16956e-06
2.92676e+01 1.27572e-09 1.94221e-05 4.14136e-05 -1.55321e-09 2.09116e-14 7.83950e-06
2.92969e+01 1.42134e-09 1.99540e-05 4.04607e-05 -1.57518e-09 2.24136e-14 7.51075e-06
2.93262e+01 1.26197e-09 2.01833e-05 3.88023e-05 -1.61697e-09 2.28110e-14 7.18332e-06
2.93555e+01 1.28624e-09 2.01305e-05 3.64797e-05 -1.67494e-09 2.20689e-14 6.85719e-06
2.93848e+01 1.03403e-09 1.98245e-05 3.35524e-05 -1.74473e-09 2.03185e-14 6.53236e-06
2.94141e+01 9.55422e-10 1.92882e-05 3.00637e-05 -1.82152e-09 1.77136e-14 6.20883e-06
2.94434e+01 6.35848e-10 1.85517e-05 2.60730e-05 -1.90027e-09 1.45156e-14 5.88658e-06
2.94727e+01 4.85878e-10 1.76395e-05 2.16248e-05 -1.97588e-09 1.09752e-14 5.56561e-06
2.95020e+01 1.34968e-10 1.65826e-05 1.67777e-05 -2.04346e-09 7.38205e-15 5.24592e-06
2.95312e+01 -4.70441e-11 1.54061e-05 1.15765e-05 -2.09842e-09 3.97756e-15 4.92749e-06
2.95605e+01 -3.88334e-10 1.41407e-05 6.07830e-06 -2.13666e-09 9.82935e-16 4.61032e-06
2.95898e+01 -5.61106e-10 1.28118e-05 3.27061e-07 -2.15462e-09 -1.45315e-15 4.29441e-06
2.96191e+01 -8.52846e-10 1.14493e-05 -5.62265e-06 -2.14944e-09 -3.23783e-15 3.97975e-06
2.96484e+01 -9.79051e-10 1.00776e-05 -1.17283e-05 -2.11897e-09 -4.35173e-15 3.66633e-06
2.96777e+01 -1.18805e-09 8.72481e-06 -1.79390e-05 -2.06179e-09 -4.83669e-15 3.35414e-06
2.97070e+01 -1.23967e-09 7.41377e-06 -2.42149e-05 -1.97724e-09 -4.78472e-15 3.04319e-06
2.97363e+01 -1.34427e-09 6.16935e-06 -3.05102e-05 -1.86537e-09 -4.32814e-15 2.73346e-06
2.97656e+01 -1.30657e-09 5.01106e-06 -3.67898e-05 -1.72691e-09 -3.61055e-15 2.42495e-06
2.97949e+01 -1.29963e-09 3.95866e-06 -4.30153e-05 -1.56313e-09 -2.78139e-15 2.11765e-06
2.98242e+01 -1.17295e-09 3.02577e-06 -4.91589e-05 -1.37577e-09 -1.96293e-15 1.81155e-06
2.98535e+01 -1.06204e-09 2.22372e-06 -5.51937e-05 -1.16682e-09 -1.25326e-15 1.50666e-06
2.98828e+01 -8.60110e-10 1.55593e-06 -6.11042e-05 -9.38336e-10 -7.03114e-16 1.20296e-06
2.99121e+01 -6.63837e-10 1.01978e-06 -6.68810e-05 -6.92198e-10 -3.29920e-16 9.00455e-07
2.99414e+01 -4.07888e-10 6.01433e-07 -7.25291e-05 -4.29748e-10 -1.13643e-16 5.99128e-07
2.99707e+01 -1.47683e-10 2.75105e-07 -7.80669e-05 -1.51438e-10 -2.07024e-17 2.98978e-07
3.00000e+01 2.03426e-16 3.31517e-17 -8.35307e-05 0.00000e+00 0.00000e+00 1.69595e-46
