# r h000 h110 h112 c000 c110 c112
2.92969e-02 -1.00000e+00 6.47103e-06 9.62235e-08 -2.59097e+01 -1.68627e+01 5.44658e-01
5.85938e-02 -1.00001e+00 2.41432e-06 -1.63553e-06 -2.35329e+01 -1.46090e+01 1.04011e+00
8.78906e-02 -1.00001e+00 1.56140e-06 -4.93019e-07 -2.19660e+01 -1.31161e+01 1.18234e+00
1.17188e-01 -1.00001e+00 4.22271e-06 1.72964e-06 -2.05424e+01 -1.18680e+01 1.32839e+00
1.46484e-01 -1.00001e+00 4.98938e-06 1.55711e-06 -1.93776e+01 -1.09034e+01 1.37893e+00
1.75781e-01 -1.00001e+00 5.08848e-06 1.10448e-06 -1.83057e+01 -1.00719e+01 1.42909e+00
2.05078e-01 -1.00001e+00 4.37479e-06 2.36921e-07 -1.73662e+01 -9.38266e+00 1.44367e+00
2.34375e-01 -1.00001e+00 3.57306e-06 -3.87577e-07 -1.64816e+01 -8.76597e+00 1.46440e+00
2.63672e-01 -1.00001e+00 2.63965e-06 -9.63391e-07 -1.56735e+01 -8.22862e+00 1.47083e+00
2.92969e-01 -1.00001e+00 1.88593e-06 -1.25714e-06 -1.48983e+01 -7.73267e+00 1.48532e+00
3.22266e-01 -1.00000e+00 1.19863e-06 -1.46586e-06 -1.41710e+01 -7.28458e+00 1.49386e+00
3.51562e-01 -1.00000e+00 7.23371e-07 -1.47516e-06 -1.34645e+01 -6.86146e+00 1.51003e+00
3.80859e-01 -1.00000e+00 3.42108e-07 -1.43885e-06 -1.27906e+01 -6.46938e+00 1.52349e+00
4.10156e-01 -1.00000e+00 1.42218e-07 -1.27303e-06 -1.21313e+01 -6.09346e+00 1.54327e+00
4.39453e-01 -1.00000e+00 3.21866e-08 -1.08197e-06 -1.14964e+01 -5.73925e+00 1.56137e+00
4.68750e-01 -1.00000e+00 7.64307e-08 -8.02312e-07 -1.08734e+01 -5.39654e+00 1.58422e+00
4.98047e-01 -1.00000e+00 1.95413e-07 -5.20029e-07 -1.02706e+01 -5.07036e+00 1.60542e+00
5.27344e-01 -1.00000e+00 4.07416e-07 -2.06281e-07 -9.67907e+00 -4.75338e+00 1.62976e+00
5.56641e-01 -1.00000e+00 6.49200e-07 7.75392e-08 -9.10605e+00 -4.45012e+00 1.65199e+00
5.85938e-01 -1.00000e+00 9.48414e-07 3.69849e-07 -8.54491e+00 -4.15517e+00 1.67584e+00
6.15234e-01 -1.00000e+00 1.25150e-06 6.20082e-07 -8.00201e+00 -3.87260e+00 1.69690e+00
6.44531e-01 -1.00000e+00 1.57515e-06 8.55433e-07 -7.47228e+00 -3.59827e+00 1.71816e+00
6.73828e-01 -1.00000e+00 1.86893e-06 1.03008e-06 -6.96140e+00 -3.33587e+00 1.73586e+00
7.03125e-01 -1.00000e+00 2.14763e-06 1.16943e-06 -6.46534e+00 -3.08215e+00 1.75245e+00
7.32422e-01 -1.00000e+00 2.36965e-06 1.23698e-06 -5.98916e+00 -2.84046e+00 1.76470e+00
7.61719e-01 -1.00000e+00 2.54947e-06 1.25700e-06 -5.52957e+00 -2.60818e+00 1.77468e+00
7.91016e-01 -1.00000e+00 2.65510e-06 1.20223e-06 -5.09110e+00 -2.38833e+00 1.77957e+00
8.20312e-01 -1.00000e+00 2.70826e-06 1.10250e-06 -4.67091e+00 -2.17873e+00 1.78120e+00
8.49609e-01 -1.00000e+00 2.69787e-06 9.49373e-07 -4.27303e+00 -1.98211e+00 1.77710e+00
8.78906e-01 -1.00000e+00 2.65420e-06 7.77839e-07 -3.89494e+00 -1.79653e+00 1.76894e+00
9.08203e-01 -1.00000e+00 2.57452e-06 5.85019e-07 -3.54015e+00 -1.62438e+00 1.75464e+00
9.37500e-01 -1.00000e+00 2.49251e-06 4.06228e-07 -3.20626e+00 -1.46379e+00 1.73586e+00
9.66797e-01 -1.00000e+00 2.40401e-06 2.35102e-07 -2.89623e+00 -1.31661e+00 1.71101e+00
9.96094e-01 -1.00000e+00 2.34220e-06 1.04953e-07 -2.60758e+00 -1.18065e+00 1.68204e+00
1.02539e+00 4.06101e+00 5.34787e+00 4.56707e+00 2.71845e+00 4.29119e+00 6.21539e+00
1.05469e+00 2.71088e+00 3.49337e+00 2.71336e+00 1.61214e+00 2.55198e+00 4.32619e+00
1.08398e+00 1.82511e+00 2.36124e+00 1.65144e+00 9.46456e-01 1.52544e+00 3.22594e+00
1.11328e+00 1.22320e+00 1.64225e+00 1.02006e+00 5.42950e-01 9.03560e-01 2.55428e+00
1.14258e+00 8.09167e-01 1.17900e+00 6.39036e-01 3.03921e-01 5.27316e-01 2.12945e+00
1.17188e+00 5.14345e-01 8.68023e-01 4.00429e-01 1.63662e-01 2.94821e-01 1.84480e+00
1.20117e+00 3.03024e-01 6.57041e-01 2.49715e-01 8.56942e-02 1.52797e-01 1.64485e+00
1.23047e+00 1.46547e-01 5.07789e-01 1.51059e-01 4.47575e-02 6.49033e-02 1.49543e+00
1.25977e+00 3.11205e-02 4.01988e-01 8.68020e-02 2.66408e-02 1.21326e-02 1.37813e+00
1.28906e+00 -5.65319e-02 3.23823e-01 4.35973e-02 2.14530e-02 -1.94028e-02 1.28123e+00
1.31836e+00 -1.21810e-01 2.66706e-01 1.54560e-02 2.33879e-02 -3.69930e-02 1.19799e+00
1.34766e+00 -1.71655e-01 2.23210e-01 -3.28787e-03 2.87018e-02 -4.62541e-02 1.12424e+00
1.37695e+00 -2.08021e-01 1.91085e-01 -1.45939e-02 3.49104e-02 -5.01891e-02 1.05719e+00
1.40625e+00 -2.35031e-01 1.66336e-01 -2.12428e-02 4.08653e-02 -5.11046e-02 9.95410e-01
1.43555e+00 -2.53102e-01 1.48472e-01 -2.36643e-02 4.54547e-02 -5.03118e-02 9.37586e-01
1.46484e+00 -2.65014e-01 1.35033e-01 -2.34623e-02 4.86681e-02 -4.86875e-02 8.83361e-01
1.49414e+00 -2.70419e-01 1.26317e-01 -2.04155e-02 4.99792e-02 -4.68183e-02 8.32006e-01
1.52344e+00 -2.71436e-01 1.20594e-01 -1.56249e-02 4.98759e-02 -4.49277e-02 7.83605e-01
1.55273e+00 -2.67278e-01 1.18580e-01 -8.54063e-03 4.80887e-02 -4.32537e-02 7.37699e-01
1.58203e+00 -2.59744e-01 1.18893e-01 -5.98595e-05 4.53051e-02 -4.17167e-02 6.94545e-01
1.61133e+00 -2.47736e-01 1.22531e-01 1.05845e-02 4.13766e-02 -4.03510e-02 6.53840e-01
1.64062e+00 -2.32940e-01 1.28254e-01 2.25443e-02 3.70420e-02 -3.89473e-02 6.15891e-01
1.66992e+00 -2.13973e-01 1.37313e-01 3.67847e-02 3.22274e-02 -3.73787e-02 5.80519e-01
1.69922e+00 -1.92554e-01 1.48472e-01 5.24029e-02 2.76421e-02 -3.54060e-02 5.48015e-01
1.72852e+00 -1.66977e-01 1.63274e-01 7.05969e-02 2.32878e-02 -3.27272e-02 5.18341e-01
1.75781e+00 -1.39131e-01 1.80365e-01 9.03123e-02 1.97906e-02 -2.91498e-02 4.91712e-01
1.78711e+00 -1.06887e-01 2.01678e-01 1.13067e-01 1.72629e-02 -2.41363e-02 4.68282e-01
1.81641e+00 -7.24790e-02 2.25588e-01 1.37527e-01 1.61932e-02 -1.76279e-02 4.48128e-01
1.84570e+00 -3.31385e-02 2.54624e-01 1.65698e-01 1.68814e-02 -8.72697e-03 4.31689e-01
1.87500e+00 8.25222e-03 2.86627e-01 1.95755e-01 1.95929e-02 2.34597e-03 4.18787e-01
1.90430e+00 5.55547e-02 3.25149e-01 2.30539e-01 2.49746e-02 1.71128e-02 4.10359e-01
1.93359e+00 1.04581e-01 3.66939e-01 2.67269e-01 3.28760e-02 3.47414e-02 4.05702e-01
1.96289e+00 1.61476e-01 4.17623e-01 3.10469e-01 4.46928e-02 5.80603e-02 4.06781e-01
1.99219e+00 2.18568e-01 4.71157e-01 3.55096e-01 5.92163e-02 8.45084e-02 4.11502e-01
2.02148e+00 2.89013e-01 5.35035e-01 4.07123e-01 7.94782e-02 1.19961e-01 4.24188e-01
2.05078e+00 3.12781e-01 5.33274e-01 3.95679e-01 8.23915e-02 1.27056e-01 4.13115e-01
2.08008e+00 2.67874e-01 4.59230e-01 3.21869e-01 6.26184e-02 9.70244e-02 3.73562e-01
2.10938e+00 2.09755e-01 3.80589e-01 2.47600e-01 4.25427e-02 6.59885e-02 3.35933e-01
2.13867e+00 1.47905e-01 3.08129e-01 1.82313e-01 2.60491e-02 3.97013e-02 3.04616e-01
2.16797e+00 9.47081e-02 2.51544e-01 1.33380e-01 1.54312e-02 2.17620e-02 2.81421e-01
2.19727e+00 4.82940e-02 2.06605e-01 9.63210e-02 8.97982e-03 9.51801e-03 2.63667e-01
2.22656e+00 1.13185e-02 1.73361e-01 7.03952e-02 5.75222e-03 1.94022e-03 2.49919e-01
2.25586e+00 -1.91734e-02 1.47719e-01 5.16561e-02 4.41973e-03 -2.88755e-03 2.38540e-01
2.28516e+00 -4.24376e-02 1.29114e-01 3.92578e-02 4.23141e-03 -5.72195e-03 2.28715e-01
2.31445e+00 -6.07920e-02 1.14970e-01 3.08264e-02 4.59956e-03 -7.44143e-03 2.19818e-01
2.34375e+00 -7.38534e-02 1.05078e-01 2.60389e-02 5.14378e-03 -8.37896e-03 2.11522e-01
2.37305e+00 -8.33032e-02 9.78731e-02 2.35006e-02 5.68255e-03 -8.89377e-03 2.03649e-01
2.40234e+00 -8.88225e-02 9.34061e-02 2.32049e-02 6.05272e-03 -9.10504e-03 1.96086e-01
2.43164e+00 -9.16494e-02 9.06819e-02 2.42855e-02 6.25392e-03 -9.14921e-03 1.88814e-01
2.46094e+00 -9.14837e-02 8.98758e-02 2.68797e-02 6.23400e-03 -9.04984e-03 1.81808e-01
2.49023e+00 -8.92752e-02 9.03093e-02 3.04019e-02 6.06211e-03 -8.85245e-03 1.75099e-01
2.51953e+00 -8.47459e-02 9.22000e-02 3.50391e-02 5.74126e-03 -8.53681e-03 1.68694e-01
2.54883e+00 -7.86625e-02 9.50448e-02 4.03546e-02 5.35745e-03 -8.11457e-03 1.62632e-01
2.57812e+00 -7.07813e-02 9.90576e-02 4.65351e-02 4.93910e-03 -7.54533e-03 1.56935e-01
2.60742e+00 -6.17570e-02 1.03828e-01 5.32177e-02 4.56308e-03 -6.83398e-03 1.51628e-01
2.63672e+00 -5.13928e-02 1.09536e-01 6.05591e-02 4.26484e-03 -5.93421e-03 1.46736e-01
2.66602e+00 -4.02818e-02 1.15808e-01 6.82216e-02 4.09734e-03 -4.86066e-03 1.42262e-01
2.69531e+00 -2.82874e-02 1.22768e-01 7.63102e-02 4.08916e-03 -3.57383e-03 1.38223e-01
2.72461e+00 -1.59788e-02 1.30038e-01 8.44773e-02 4.25932e-03 -2.11156e-03 1.34591e-01
2.75391e+00 -3.29315e-03 1.37661e-01 9.27557e-02 4.61742e-03 -4.54831e-04 1.31363e-01
2.78320e+00 9.19437e-03 1.45219e-01 1.00760e-01 5.14126e-03 1.32300e-03 1.28473e-01
2.81250e+00 2.14600e-02 1.52652e-01 1.08432e-01 5.81164e-03 3.20702e-03 1.25888e-01
2.84180e+00 3.28990e-02 1.59472e-01 1.15325e-01 6.56176e-03 5.07928e-03 1.23500e-01
2.87109e+00 4.33903e-02 1.65496e-01 1.21276e-01 7.33888e-03 6.88218e-03 1.21239e-01
2.90039e+00 5.22854e-02 1.70147e-01 1.25766e-01 8.03639e-03 8.45402e-03 1.18959e-01
2.92969e+00 5.93608e-02 1.73104e-01 1.28515e-01 8.57419e-03 9.69961e-03 1.16564e-01
2.95898e+00 6.39237e-02 1.73699e-01 1.28937e-01 8.82654e-03 1.04362e-02 1.13893e-01
2.98828e+00 6.56552e-02 1.71481e-01 1.26649e-01 8.71282e-03 1.05648e-02 1.10858e-01
3.01758e+00 6.38454e-02 1.65729e-01 1.21032e-01 8.13791e-03 9.94582e-03 1.07346e-01
3.04688e+00 5.81038e-02 1.55927e-01 1.11669e-01 7.08600e-03 8.56227e-03 1.03355e-01
3.07617e+00 4.81383e-02 1.42260e-01 9.88514e-02 5.66499e-03 6.53351e-03 9.90115e-02
3.10547e+00 3.56423e-02 1.27026e-01 8.48516e-02 4.23992e-03 4.37157e-03 9.47431e-02
3.13477e+00 2.23094e-02 1.12236e-01 7.15882e-02 3.06724e-03 2.44922e-03 9.08347e-02
3.16406e+00 9.60642e-03 9.91919e-02 6.02504e-02 2.24567e-03 9.43801e-04 8.73888e-02
3.19336e+00 -1.80019e-03 8.82907e-02 5.11451e-02 1.74147e-03 -1.59205e-04 8.43558e-02
3.22266e+00 -1.14101e-02 7.96304e-02 4.42972e-02 1.48052e-03 -9.19033e-04 8.16545e-02
3.25195e+00 -1.92162e-02 7.29505e-02 3.93997e-02 1.37727e-03 -1.42924e-03 7.91930e-02
3.28125e+00 -2.51407e-02 6.80475e-02 3.62153e-02 1.36289e-03 -1.75481e-03 7.69082e-02
3.31055e+00 -2.93965e-02 6.45883e-02 3.43926e-02 1.38752e-03 -1.95610e-03 7.47521e-02
3.33984e+00 -3.20333e-02 6.23839e-02 3.37303e-02 1.41847e-03 -2.06441e-03 7.27004e-02
3.36914e+00 -3.33065e-02 6.11695e-02 3.39583e-02 1.43985e-03 -2.10746e-03 7.07377e-02
3.39844e+00 -3.32903e-02 6.08201e-02 3.49493e-02 1.44383e-03 -2.09437e-03 6.88605e-02
3.42773e+00 -3.22296e-02 6.11404e-02 3.65076e-02 1.43273e-03 -2.03608e-03 6.70670e-02
3.45703e+00 -3.01952e-02 6.20532e-02 3.85574e-02 1.41055e-03 -1.93198e-03 6.53610e-02
3.48633e+00 -2.74131e-02 6.34073e-02 4.09493e-02 1.38602e-03 -1.78712e-03 6.37433e-02
3.51562e+00 -2.39482e-02 6.51503e-02 4.36339e-02 1.36643e-03 -1.59846e-03 6.22180e-02
3.54492e+00 -2.00111e-02 6.71531e-02 4.64845e-02 1.35979e-03 -1.37121e-03 6.07831e-02
3.57422e+00 -1.56650e-02 6.93703e-02 4.94601e-02 1.37172e-03 -1.10395e-03 5.94396e-02
3.60352e+00 -1.11106e-02 7.16802e-02 5.24420e-02 1.40563e-03 -8.05337e-04 5.81805e-02
3.63281e+00 -6.41261e-03 7.40335e-02 5.53874e-02 1.46278e-03 -4.77805e-04 5.70018e-02
3.66211e+00 -1.76470e-03 7.63081e-02 5.81781e-02 1.54033e-03 -1.34904e-04 5.58908e-02
3.69141e+00 2.76668e-03 7.84471e-02 6.07657e-02 1.63444e-03 2.16425e-04 5.48387e-02
3.72070e+00 6.99631e-03 8.03263e-02 6.30322e-02 1.73632e-03 5.58059e-04 5.38276e-02
3.75000e+00 1.08607e-02 8.18840e-02 6.49269e-02 1.83808e-03 8.79730e-04 5.28457e-02
3.77930e+00 1.41895e-02 8.30000e-02 6.63378e-02 1.92732e-03 1.16122e-03 5.18729e-02
3.80859e+00 1.69323e-02 8.36176e-02 6.72214e-02 1.99505e-03 1.39222e-03 5.08974e-02
3.83789e+00 1.89459e-02 8.36337e-02 6.74851e-02 2.02935e-03 1.55501e-03 4.99017e-02
3.86719e+00 2.02079e-02 8.30134e-02 6.71088e-02 2.02438e-03 1.64425e-03 4.88789e-02
3.89648e+00 2.06196e-02 8.16909e-02 6.60376e-02 1.97358e-03 1.65036e-03 4.78193e-02
3.92578e+00 2.02057e-02 7.96758e-02 6.42961e-02 1.87847e-03 1.57797e-03 4.67256e-02
3.95508e+00 1.89318e-02 7.69641e-02 6.18895e-02 1.74147e-03 1.42995e-03 4.55995e-02
3.98438e+00 1.68904e-02 7.36350e-02 5.89094e-02 1.57321e-03 1.22303e-03 4.44547e-02
4.01367e+00 1.41306e-02 6.97707e-02 5.54430e-02 1.38503e-03 9.72130e-04 4.33037e-02
4.04297e+00 1.08303e-02 6.55433e-02 5.16687e-02 1.19371e-03 7.02223e-04 4.21668e-02
4.07227e+00 7.13696e-03 6.11403e-02 4.77716e-02 1.01401e-03 4.33249e-04 4.10601e-02
4.10156e+00 3.32185e-03 5.68293e-02 4.40163e-02 8.60565e-04 1.88149e-04 4.00009e-02
4.13086e+00 -4.01855e-04 5.28355e-02 4.06161e-02 7.40568e-04 -2.12368e-05 3.89969e-02
4.16016e+00 -3.78507e-03 4.93498e-02 3.77517e-02 6.55260e-04 -1.87491e-04 3.80513e-02
4.18945e+00 -6.70610e-03 4.64499e-02 3.54856e-02 5.99567e-04 -3.13584e-04 3.71595e-02
4.21875e+00 -9.04068e-03 4.41715e-02 3.38437e-02 5.66484e-04 -4.02962e-04 3.63166e-02
4.24805e+00 -1.07809e-02 4.24741e-02 3.27730e-02 5.48577e-04 -4.62875e-04 3.55156e-02
4.27734e+00 -1.18984e-02 4.13151e-02 3.22251e-02 5.39858e-04 -4.97476e-04 3.47526e-02
4.30664e+00 -1.24519e-02 4.06144e-02 3.21111e-02 5.36147e-04 -5.12076e-04 3.40235e-02
4.33594e+00 -1.24617e-02 4.03120e-02 3.23685e-02 5.34938e-04 -5.08672e-04 3.33268e-02
4.36523e+00 -1.20148e-02 4.03273e-02 3.29115e-02 5.35250e-04 -4.90396e-04 3.26603e-02
4.39453e+00 -1.11509e-02 4.06056e-02 3.36854e-02 5.36937e-04 -4.57875e-04 3.20239e-02
4.42383e+00 -9.96469e-03 4.10766e-02 3.46165e-02 5.40490e-04 -4.13417e-04 3.14158e-02
4.45312e+00 -8.50124e-03 4.16943e-02 3.56611e-02 5.46507e-04 -3.57477e-04 3.08356e-02
4.48242e+00 -6.85408e-03 4.23983e-02 3.67565e-02 5.55466e-04 -2.92595e-04 3.02811e-02
4.51172e+00 -5.06749e-03 4.31498e-02 3.78674e-02 5.67610e-04 -2.19767e-04 2.97509e-02
4.54102e+00 -3.22973e-03 4.38957e-02 3.89398e-02 5.82604e-04 -1.42227e-04 2.92418e-02
4.57031e+00 -1.38094e-03 4.46027e-02 3.99447e-02 5.99886e-04 -6.16795e-05 2.87516e-02
4.59961e+00 3.98573e-04 4.52240e-02 4.08354e-02 6.18147e-04 1.80133e-05 2.82761e-02
4.62891e+00 2.07563e-03 4.57317e-02 4.15890e-02 6.36114e-04 9.47173e-05 2.78128e-02
4.65820e+00 3.58070e-03 4.60862e-02 4.21669e-02 6.51846e-04 1.64422e-04 2.73572e-02
4.68750e+00 4.89089e-03 4.62666e-02 4.25538e-02 6.63848e-04 2.25171e-04 2.69070e-02
4.71680e+00 5.95092e-03 4.62436e-02 4.27217e-02 6.70196e-04 2.73551e-04 2.64581e-02
4.74609e+00 6.75190e-03 4.60065e-02 4.26662e-02 6.69843e-04 3.08535e-04 2.60093e-02
4.77539e+00 7.25650e-03 4.55395e-02 4.23728e-02 6.61591e-04 3.28063e-04 2.55579e-02
4.80469e+00 7.47342e-03 4.48462e-02 4.18513e-02 6.45414e-04 3.32656e-04 2.51039e-02
4.83398e+00 7.38629e-03 4.39275e-02 4.11038e-02 6.21315e-04 3.22070e-04 2.46468e-02
4.86328e+00 7.02377e-03 4.28039e-02 4.01566e-02 5.90499e-04 2.98536e-04 2.41882e-02
4.89258e+00 6.39162e-03 4.14947e-02 3.90292e-02 5.54165e-04 2.63523e-04 2.37290e-02
4.92188e+00 5.53837e-03 4.00376e-02 3.77642e-02 5.14435e-04 2.20512e-04 2.32723e-02
4.95117e+00 4.49008e-03 3.84687e-02 3.63968e-02 4.73173e-04 1.71948e-04 2.28200e-02
4.98047e+00 3.31154e-03 3.68396e-02 3.49817e-02 4.32663e-04 1.21588e-04 2.23753e-02
5.00977e+00 2.04339e-03 3.51972e-02 3.35638e-02 3.94604e-04 7.17726e-05 2.19400e-02
5.03906e+00 7.58928e-04 3.35985e-02 3.22013e-02 3.60615e-04 2.54794e-05 2.15167e-02
5.06836e+00 -4.96564e-04 3.20909e-02 3.09382e-02 3.31540e-04 -1.59410e-05 2.11064e-02
5.09766e+00 -1.65320e-03 3.07235e-02 2.98236e-02 3.07875e-04 -5.08720e-05 2.07103e-02
5.12695e+00 -2.67491e-03 2.95289e-02 2.88854e-02 2.89436e-04 -7.91934e-05 2.03284e-02
5.15625e+00 -3.51010e-03 2.85330e-02 2.81488e-02 2.75754e-04 -1.00500e-04 1.99608e-02
5.18555e+00 -4.14570e-03 2.77413e-02 2.76139e-02 2.66045e-04 -1.15478e-04 1.96070e-02
5.21484e+00 -4.55728e-03 2.71518e-02 2.72784e-02 2.59519e-04 -1.24297e-04 1.92665e-02
5.24414e+00 -4.75704e-03 2.67471e-02 2.71201e-02 2.55437e-04 -1.27837e-04 1.89386e-02
5.27344e+00 -4.74385e-03 2.65079e-02 2.71197e-02 2.53222e-04 -1.26341e-04 1.86229e-02
5.30273e+00 -4.54766e-03 2.64061e-02 2.72453e-02 2.52453e-04 -1.20628e-04 1.83186e-02
5.33203e+00 -4.18165e-03 2.64164e-02 2.74724e-02 2.52851e-04 -1.10922e-04 1.80254e-02
5.36133e+00 -3.68466e-03 2.65092e-02 2.77685e-02 2.54214e-04 -9.80332e-05 1.77423e-02
5.39062e+00 -3.07619e-03 2.66597e-02 2.81103e-02 2.56392e-04 -8.22588e-05 1.74688e-02
5.41992e+00 -2.39741e-03 2.68409e-02 2.84688e-02 2.59206e-04 -6.45001e-05 1.72040e-02
5.44922e+00 -1.66873e-03 2.70315e-02 2.88248e-02 2.62474e-04 -4.51816e-05 1.69472e-02
5.47852e+00 -9.29382e-04 2.72088e-02 2.91540e-02 2.65917e-04 -2.53103e-05 1.66970e-02
5.50781e+00 -1.97233e-04 2.73555e-02 2.94421e-02 2.69263e-04 -5.39724e-06 1.64529e-02
5.53711e+00 4.93123e-04 2.74540e-02 2.96701e-02 2.72135e-04 1.35296e-05 1.62134e-02
5.56641e+00 1.12866e-03 2.74918e-02 2.98287e-02 2.74220e-04 3.09912e-05 1.59780e-02
5.59570e+00 1.68132e-03 2.74565e-02 2.99048e-02 2.75128e-04 4.60824e-05 1.57455e-02
5.62500e+00 2.14452e-03 2.73413e-02 2.98947e-02 2.74611e-04 5.85046e-05 1.55153e-02
5.65430e+00 2.49803e-03 2.71395e-02 2.97913e-02 2.72393e-04 6.76221e-05 1.52866e-02
5.68359e+00 2.74278e-03 2.68502e-02 2.95969e-02 2.68399e-04 7.34382e-05 1.50593e-02
5.71289e+00 2.86711e-03 2.64733e-02 2.93107e-02 2.62558e-04 7.56799e-05 1.48329e-02
5.74219e+00 2.87989e-03 2.60136e-02 2.89410e-02 2.55023e-04 7.46963e-05 1.46076e-02
5.77148e+00 2.77801e-03 2.54775e-02 2.84933e-02 2.45952e-04 7.05764e-05 1.43833e-02
5.80078e+00 2.57790e-03 2.48756e-02 2.79812e-02 2.35697e-04 6.39584e-05 1.41607e-02
5.83008e+00 2.28411e-03 2.42197e-02 2.74153e-02 2.24581e-04 5.51913e-05 1.39399e-02
5.85938e+00 1.91918e-03 2.35248e-02 2.68134e-02 2.13053e-04 4.50597e-05 1.37217e-02
5.88867e+00 1.49342e-03 2.28064e-02 2.61895e-02 2.01485e-04 3.40073e-05 1.35064e-02
5.91797e+00 1.03317e-03 2.20818e-02 2.55630e-02 1.90290e-04 2.27902e-05 1.32947e-02
5.94727e+00 5.51667e-04 2.13677e-02 2.49487e-02 1.79763e-04 1.17814e-05 1.30869e-02
5.97656e+00 7.59353e-05 2.06809e-02 2.43650e-02 1.70177e-04 1.57087e-06 1.28837e-02
6.00586e+00 -3.81231e-04 2.00360e-02 2.38245e-02 1.61680e-04 -7.64029e-06 1.26852e-02
6.03516e+00 -7.95523e-04 1.94463e-02 2.33414e-02 1.54368e-04 -1.54811e-05 1.24917e-02
6.06445e+00 -1.15795e-03 1.89215e-02 2.29232e-02 1.48238e-04 -2.19342e-05 1.23033e-02
6.09375e+00 -1.45000e-03 1.84687e-02 2.25777e-02 1.43249e-04 -2.68172e-05 1.21201e-02
6.12305e+00 -1.66914e-03 1.80910e-02 2.23055e-02 1.39302e-04 -3.02454e-05 1.19420e-02
6.15234e+00 -1.80463e-03 1.77879e-02 2.21070e-02 1.36282e-04 -3.21570e-05 1.17690e-02
6.18164e+00 -1.86152e-03 1.75556e-02 2.19758e-02 1.34062e-04 -3.27394e-05 1.16009e-02
6.21094e+00 -1.83699e-03 1.73873e-02 2.19059e-02 1.32514e-04 -3.19972e-05 1.14376e-02
6.24023e+00 -1.74283e-03 1.72740e-02 2.18863e-02 1.31520e-04 -3.01564e-05 1.12788e-02
6.26953e+00 -1.58234e-03 1.72052e-02 2.19074e-02 1.30969e-04 -2.72660e-05 1.11243e-02
6.29883e+00 -1.37172e-03 1.71699e-02 2.19562e-02 1.30759e-04 -2.35833e-05 1.09739e-02
6.32812e+00 -1.11775e-03 1.71566e-02 2.20227e-02 1.30788e-04 -1.91971e-05 1.08273e-02
6.35742e+00 -8.38338e-04 1.71545e-02 2.20945e-02 1.30958e-04 -1.43926e-05 1.06841e-02
6.38672e+00 -5.41196e-04 1.71532e-02 2.21626e-02 1.31171e-04 -9.28784e-06 1.05440e-02
6.41602e+00 -2.43712e-04 1.71438e-02 2.22167e-02 1.31323e-04 -4.17904e-06 1.04066e-02
6.44531e+00 4.74591e-05 1.71178e-02 2.22504e-02 1.31320e-04 8.12211e-07 1.02718e-02
6.47461e+00 3.17084e-04 1.70691e-02 2.22560e-02 1.31063e-04 5.41025e-06 1.01390e-02
6.50391e+00 5.60885e-04 1.69918e-02 2.22299e-02 1.30474e-04 9.52452e-06 1.00081e-02
6.53320e+00 7.66822e-04 1.68825e-02 2.21675e-02 1.29480e-04 1.29352e-05 9.87874e-03
6.56250e+00 9.33780e-04 1.67383e-02 2.20680e-02 1.28040e-04 1.56144e-05 9.75085e-03
6.59180e+00 1.05344e-03 1.65588e-02 2.19298e-02 1.26123e-04 1.74243e-05 9.62418e-03
6.62109e+00 1.12818e-03 1.63438e-02 2.17550e-02 1.23739e-04 1.84167e-05 9.49874e-03
6.65039e+00 1.15347e-03 1.60956e-02 2.15447e-02 1.20909e-04 1.85432e-05 9.37438e-03
6.67969e+00 1.13507e-03 1.58166e-02 2.13034e-02 1.17692e-04 1.79313e-05 9.25123e-03
6.70898e+00 1.07194e-03 1.55115e-02 2.10345e-02 1.14155e-04 1.66083e-05 9.12925e-03
6.73828e+00 9.72706e-04 1.51845e-02 2.07444e-02 1.10392e-04 1.47546e-05 9.00862e-03
6.76758e+00 8.39118e-04 1.48421e-02 2.04382e-02 1.06493e-04 1.24430e-05 8.88937e-03
6.79688e+00 6.81810e-04 1.44898e-02 2.01231e-02 1.02560e-04 9.87198e-06 8.77171e-03
6.82617e+00 5.04319e-04 1.41346e-02 1.98048e-02 9.86843e-05 7.12451e-06 8.65570e-03
6.85547e+00 3.18192e-04 1.37825e-02 1.94907e-02 9.49521e-05 4.38411e-06 8.54155e-03
6.88477e+00 1.27552e-04 1.34402e-02 1.91864e-02 9.14319e-05 1.71439e-06 8.42930e-03
6.91406e+00 -5.63571e-05 1.31128e-02 1.88980e-02 8.81794e-05 -7.38583e-07 8.31912e-03
6.94336e+00 -2.30048e-04 1.28060e-02 1.86297e-02 8.52308e-05 -2.94615e-06 8.21102e-03
6.97266e+00 -3.83733e-04 1.25231e-02 1.83862e-02 8.26061e-05 -4.80689e-06 8.10513e-03
7.00195e+00 -5.15617e-04 1.22680e-02 1.81696e-02 8.03111e-05 -6.32842e-06 8.00141e-03
7.03125e+00 -6.18263e-04 1.20416e-02 1.79819e-02 7.83362e-05 -7.44914e-06 7.89994e-03
7.06055e+00 -6.92288e-04 1.18455e-02 1.78231e-02 7.66654e-05 -8.20577e-06 7.80065e-03
7.08984e+00 -7.33082e-04 1.16781e-02 1.76926e-02 7.52710e-05 -8.56686e-06 7.70356e-03
7.11914e+00 -7.43913e-04 1.15386e-02 1.75881e-02 7.41251e-05 -8.58966e-06 7.60857e-03
7.14844e+00 -7.22976e-04 1.14236e-02 1.75071e-02 7.31911e-05 -8.26441e-06 7.51568e-03
7.17773e+00 -6.75915e-04 1.13302e-02 1.74453e-02 7.24363e-05 -7.66287e-06 7.42473e-03
7.20703e+00 -6.03210e-04 1.12536e-02 1.73990e-02 7.18209e-05 -6.79182e-06 7.33571e-03
7.23633e+00 -5.12178e-04 1.11901e-02 1.73632e-02 7.13107e-05 -5.73380e-06 7.24845e-03
7.26562e+00 -4.04719e-04 1.11344e-02 1.73335e-02 7.08663e-05 -4.50776e-06 7.16289e-03
7.29492e+00 -2.88886e-04 1.10828e-02 1.73052e-02 7.04543e-05 -3.20232e-06 7.07887e-03
7.32422e+00 -1.67026e-04 1.10303e-02 1.72743e-02 7.00377e-05 -1.84248e-06 6.99632e-03
7.35352e+00 -4.69971e-05 1.09738e-02 1.72368e-02 6.95857e-05 -5.15695e-07 6.91507e-03
7.38281e+00 6.92627e-05 1.09092e-02 1.71898e-02 6.90666e-05 7.55504e-07 6.83507e-03
7.41211e+00 1.74840e-04 1.08348e-02 1.71305e-02 6.84570e-05 1.89386e-06 6.75616e-03
7.44141e+00 2.68839e-04 1.07476e-02 1.70574e-02 6.77354e-05 2.88836e-06 6.67830e-03
7.47070e+00 3.45782e-04 1.06472e-02 1.69689e-02 6.68899e-05 3.68003e-06 6.60137e-03
7.50000e+00 4.06178e-04 1.05320e-02 1.68650e-02 6.59127e-05 4.27578e-06 6.52537e-03
7.52930e+00 4.46206e-04 1.04029e-02 1.67454e-02 6.48056e-05 4.63939e-06 6.45019e-03
7.55859e+00 4.67889e-04 1.02596e-02 1.66113e-02 6.35749e-05 4.79769e-06 6.37587e-03
7.58789e+00 4.69049e-04 1.01041e-02 1.64638e-02 6.22355e-05 4.73666e-06 6.30234e-03
7.61719e+00 4.53106e-04 9.93708e-03 1.63048e-02 6.08053e-05 4.50007e-06 6.22965e-03
7.64648e+00 4.19306e-04 9.76150e-03 1.61362e-02 5.93084e-05 4.09093e-06 6.15779e-03
7.67578e+00 3.72173e-04 9.57874e-03 1.59608e-02 5.77693e-05 3.56328e-06 6.08680e-03
7.70508e+00 3.12009e-04 9.39226e-03 1.57810e-02 5.62158e-05 2.92930e-06 6.01668e-03
7.73438e+00 2.44015e-04 9.20375e-03 1.55996e-02 5.46726e-05 2.24516e-06 5.94751e-03
7.76367e+00 1.69079e-04 9.01680e-03 1.54192e-02 5.31656e-05 1.52422e-06 5.87927e-03
7.79297e+00 9.25924e-05 8.83300e-03 1.52425e-02 5.17140e-05 8.17774e-07 5.81205e-03
7.82227e+00 1.55230e-05 8.65568e-03 1.50718e-02 5.03377e-05 1.34375e-07 5.74583e-03
7.85156e+00 -5.70331e-05 8.48594e-03 1.49091e-02 4.90480e-05 -4.83956e-07 5.68067e-03
7.88086e+00 -1.24496e-04 8.32651e-03 1.47561e-02 4.78569e-05 -1.03664e-06 5.61655e-03
7.91016e+00 -1.82487e-04 8.17773e-03 1.46141e-02 4.67670e-05 -1.49240e-06 5.55353e-03
7.93945e+00 -2.31180e-04 8.04149e-03 1.44838e-02 4.57820e-05 -1.85918e-06 5.49157e-03
7.96875e+00 -2.67207e-04 7.91723e-03 1.43657e-02 4.48962e-05 -2.11575e-06 5.43069e-03
7.99805e+00 -2.91710e-04 7.80590e-03 1.42595e-02 4.41072e-05 -2.27734e-06 5.37087e-03
8.02734e+00 -3.02453e-04 7.70604e-03 1.41647e-02 4.34042e-05 -2.33107e-06 5.31211e-03
8.05664e+00 -3.01587e-04 7.61777e-03 1.40804e-02 4.27809e-05 -2.29783e-06 5.25436e-03
8.08594e+00 -2.87950e-04 7.53887e-03 1.40052e-02 4.22237e-05 -2.17127e-06 5.19762e-03
8.11523e+00 -2.64564e-04 7.46881e-03 1.39375e-02 4.17242e-05 -1.97642e-06 5.14183e-03
8.14453e+00 -2.31125e-04 7.40490e-03 1.38756e-02 4.12673e-05 -1.71186e-06 5.08699e-03
8.17383e+00 -1.91251e-04 7.34631e-03 1.38176e-02 4.08435e-05 -1.40532e-06 5.03301e-03
8.20312e+00 -1.45169e-04 7.29018e-03 1.37616e-02 4.04378e-05 -1.05856e-06 4.97990e-03
8.23242e+00 -9.67381e-05 7.23568e-03 1.37058e-02 4.00410e-05 -7.00153e-07 4.92757e-03
8.26172e+00 -4.63458e-05 7.18012e-03 1.36485e-02 3.96392e-05 -3.32895e-07 4.87602e-03
8.29102e+00 2.27164e-06 7.12298e-03 1.35883e-02 3.92250e-05 1.60833e-08 4.82517e-03
8.32031e+00 4.89098e-05 7.06198e-03 1.35238e-02 3.87874e-05 3.45286e-07 4.77501e-03
8.34961e+00 9.02585e-05 6.99709e-03 1.34542e-02 3.83220e-05 6.31369e-07 4.72548e-03
8.37891e+00 1.26559e-04 6.92658e-03 1.33787e-02 3.78216e-05 8.76343e-07 4.67658e-03
8.40820e+00 1.55133e-04 6.85100e-03 1.32971e-02 3.72863e-05 1.06242e-06 4.62825e-03
8.43750e+00 1.76818e-04 6.76920e-03 1.32091e-02 3.67135e-05 1.19644e-06 4.58050e-03
8.46680e+00 1.89655e-04 6.68232e-03 1.31151e-02 3.61076e-05 1.26684e-06 4.53329e-03
8.49609e+00 1.95115e-04 6.58974e-03 1.30155e-02 3.54701e-05 1.28530e-06 4.48663e-03
8.52539e+00 1.91936e-04 6.49305e-03 1.29110e-02 3.48082e-05 1.24588e-06 4.44050e-03
8.55469e+00 1.82154e-04 6.39206e-03 1.28024e-02 3.41257e-05 1.16408e-06 4.39492e-03
8.58398e+00 1.65092e-04 6.28871e-03 1.26907e-02 3.34319e-05 1.03804e-06 4.34986e-03
8.61328e+00 1.43206e-04 6.18304e-03 1.25771e-02 3.27322e-05 8.85321e-07 4.30535e-03
8.64258e+00 1.16228e-04 6.07715e-03 1.24626e-02 3.20367e-05 7.06228e-07 4.26138e-03
8.67188e+00 8.68405e-05 5.97116e-03 1.23484e-02 3.13507e-05 5.18425e-07 4.21798e-03
8.70117e+00 5.49735e-05 5.86715e-03 1.22357e-02 3.06833e-05 3.22420e-07 4.17512e-03
8.73047e+00 2.33217e-05 5.76513e-03 1.21253e-02 3.00382e-05 1.34345e-07 4.13285e-03
8.75977e+00 -8.19671e-06 5.66701e-03 1.20184e-02 2.94225e-05 -4.65354e-08 4.09114e-03
8.78906e+00 -3.70736e-05 5.57257e-03 1.19154e-02 2.88375e-05 -2.06633e-07 4.05002e-03
8.81836e+00 -6.35884e-05 5.48340e-03 1.18172e-02 2.82878e-05 -3.48660e-07 4.00948e-03
8.84766e+00 -8.55777e-05 5.39895e-03 1.17239e-02 2.77719e-05 -4.61954e-07 3.96952e-03
8.87695e+00 -1.03652e-04 5.32046e-03 1.16361e-02 2.72922e-05 -5.51364e-07 3.93014e-03
8.90625e+00 -1.16091e-04 5.24699e-03 1.15534e-02 2.68453e-05 -6.09005e-07 3.89133e-03
8.93555e+00 -1.23904e-04 5.17940e-03 1.14760e-02 2.64316e-05 -6.41624e-07 3.85309e-03
8.96484e+00 -1.25843e-04 5.11640e-03 1.14033e-02 2.60460e-05 -6.43766e-07 3.81541e-03
8.99414e+00 -1.23309e-04 5.05853e-03 1.13350e-02 2.56878e-05 -6.23724e-07 3.77827e-03
9.02344e+00 -1.15486e-04 5.00424e-03 1.12704e-02 2.53512e-05 -5.77958e-07 3.74167e-03
9.05273e+00 -1.04099e-04 4.95382e-03 1.12088e-02 2.50350e-05 -5.15802e-07 3.70558e-03
9.08203e+00 -8.86654e-05 4.90558e-03 1.11495e-02 2.47325e-05 -4.35112e-07 3.67001e-03
9.11133e+00 -7.11163e-05 4.85970e-03 1.10917e-02 2.44421e-05 -3.45766e-07 3.63491e-03
9.14062e+00 -5.11652e-05 4.81445e-03 1.10346e-02 2.41569e-05 -2.46467e-07 3.60029e-03
9.16992e+00 -3.08059e-05 4.77006e-03 1.09775e-02 2.38753e-05 -1.47031e-07 3.56611e-03
9.19922e+00 -9.79976e-06 4.72488e-03 1.09197e-02 2.35915e-05 -4.63263e-08 3.53237e-03
9.22852e+00 9.94104e-06 4.67929e-03 1.08606e-02 2.33048e-05 4.65677e-08 3.49905e-03
9.25781e+00 2.87436e-05 4.63182e-03 1.07998e-02 2.30108e-05 1.33234e-07 3.46614e-03
9.28711e+00 4.48967e-05 4.58305e-03 1.07369e-02 2.27099e-05 2.05902e-07 3.43362e-03
9.31641e+00 5.89186e-05 4.53178e-03 1.06717e-02 2.23991e-05 2.67158e-07 3.40148e-03
9.34570e+00 6.93787e-05 4.47883e-03 1.06041e-02 2.20801e-05 3.10867e-07 3.36970e-03
9.37500e+00 7.70436e-05 4.42323e-03 1.05340e-02 2.17512e-05 3.40861e-07 3.33829e-03
9.40430e+00 8.07943e-05 4.36606e-03 1.04618e-02 2.14152e-05 3.52760e-07 3.30723e-03
9.43359e+00 8.16548e-05 4.30658e-03 1.03875e-02 2.10714e-05 3.51578e-07 3.27653e-03
9.46289e+00 7.88020e-05 4.24603e-03 1.03116e-02 2.07234e-05 3.34478e-07 3.24616e-03
9.49219e+00 7.34826e-05 4.18385e-03 1.02344e-02 2.03713e-05 3.07323e-07 3.21614e-03
9.52148e+00 6.51152e-05 4.12140e-03 1.01564e-02 2.00195e-05 2.68288e-07 3.18646e-03
9.55078e+00 5.51017e-05 4.05821e-03 1.00780e-02 1.96683e-05 2.23600e-07 3.15713e-03
9.58008e+00 4.30222e-05 3.99569e-03 9.99985e-03 1.93222e-05 1.71958e-07 3.12813e-03
9.60938e+00 3.03474e-05 3.93337e-03 9.92222e-03 1.89818e-05 1.19484e-07 3.09948e-03
9.63867e+00 1.67269e-05 3.87263e-03 9.84576e-03 1.86510e-05 6.49355e-08 3.07117e-03
9.66797e+00 3.60951e-06 3.81293e-03 9.77067e-03 1.83297e-05 1.39336e-08 3.04321e-03
9.69727e+00 -9.37491e-06 3.75556e-03 9.69751e-03 1.80209e-05 -3.50629e-08 3.01559e-03
9.72656e+00 -2.08811e-05 3.69988e-03 9.62634e-03 1.77236e-05 -7.71894e-08 2.98831e-03
9.75586e+00 -3.13723e-05 3.64701e-03 9.55759e-03 1.74401e-05 -1.14402e-07 2.96137e-03
9.78516e+00 -3.96672e-05 3.59618e-03 9.49114e-03 1.71685e-05 -1.42708e-07 2.93477e-03
9.81445e+00 -4.63714e-05 3.54834e-03 9.42727e-03 1.69107e-05 -1.64653e-07 2.90850e-03
9.84375e+00 -5.05015e-05 3.50255e-03 9.36571e-03 1.66643e-05 -1.77018e-07 2.88257e-03
9.87305e+00 -5.28256e-05 3.45964e-03 9.30657e-03 1.64305e-05 -1.82879e-07 2.85696e-03
9.90234e+00 -5.25626e-05 3.41851e-03 9.24945e-03 1.62066e-05 -1.79756e-07 2.83168e-03
9.93164e+00 -5.06341e-05 3.37986e-03 9.19433e-03 1.59933e-05 -1.71124e-07 2.80671e-03
9.96094e+00 -4.64375e-05 3.34251e-03 9.14072e-03 1.57873e-05 -1.55139e-07 2.78206e-03
9.99023e+00 -4.10136e-05 3.30706e-03 9.08852e-03 1.55891e-05 -1.35524e-07 2.75770e-03
1.00195e+01 -3.38925e-05 3.27228e-03 9.03719e-03 1.53954e-05 -1.10807e-07 2.73364e-03
1.00488e+01 -2.61822e-05 3.23875e-03 8.98663e-03 1.52066e-05 -8.47487e-08 2.70987e-03
1.00781e+01 -1.74869e-05 3.20524e-03 8.93627e-03 1.50195e-05 -5.60672e-08 2.68638e-03
1.01074e+01 -8.92161e-06 3.17236e-03 8.88606e-03 1.48348e-05 -2.83928e-08 2.66317e-03
1.01367e+01 -1.03731e-07 3.13893e-03 8.83550e-03 1.46497e-05 -4.80027e-10 2.64022e-03
1.01660e+01 7.90270e-06 3.10561e-03 8.78460e-03 1.44650e-05 2.43454e-08 2.61753e-03
1.01953e+01 1.55218e-05 3.07134e-03 8.73294e-03 1.42787e-05 4.74659e-08 2.59510e-03
1.02246e+01 2.17873e-05 3.03684e-03 8.68063e-03 1.40918e-05 6.59908e-08 2.57291e-03
1.02539e+01 2.72045e-05 3.00118e-03 8.62738e-03 1.39027e-05 8.15181e-08 2.55097e-03
1.02832e+01 3.09341e-05 2.96518e-03 8.57339e-03 1.37127e-05 9.16737e-08 2.52926e-03
1.03125e+01 3.35831e-05 2.92801e-03 8.51848e-03 1.35203e-05 9.83636e-08 2.50779e-03
1.03418e+01 3.44490e-05 2.89059e-03 8.46296e-03 1.33272e-05 9.96842e-08 2.48654e-03
1.03711e+01 3.42412e-05 2.85218e-03 8.40671e-03 1.31324e-05 9.78205e-08 2.46553e-03
1.04004e+01 3.23842e-05 2.81379e-03 8.35013e-03 1.29381e-05 9.12945e-08 2.44474e-03
1.04297e+01 2.96721e-05 2.77471e-03 8.29316e-03 1.27435e-05 8.24833e-08 2.42417e-03
1.04590e+01 2.56304e-05 2.73602e-03 8.23625e-03 1.25509e-05 7.02348e-08 2.40382e-03
1.04883e+01 2.11073e-05 2.69704e-03 8.17936e-03 1.23597e-05 5.69815e-08 2.38370e-03
1.05176e+01 1.56935e-05 2.65884e-03 8.12294e-03 1.21722e-05 4.17225e-08 2.36379e-03
1.05469e+01 1.02532e-05 2.62075e-03 8.06694e-03 1.19875e-05 2.68139e-08 2.34410e-03
1.05762e+01 4.40270e-06 2.58381e-03 8.01179e-03 1.18078e-05 1.12743e-08 2.32463e-03
1.06055e+01 -1.01599e-06 2.54733e-03 7.95741e-03 1.16320e-05 -2.71510e-09 2.30537e-03
1.06348e+01 -6.39830e-06 2.51228e-03 7.90416e-03 1.14619e-05 -1.62038e-08 2.28633e-03
1.06641e+01 -1.09574e-05 2.47793e-03 7.85190e-03 1.12963e-05 -2.72624e-08 2.26750e-03
1.06934e+01 -1.51297e-05 2.44518e-03 7.80095e-03 1.11367e-05 -3.70761e-08 2.24889e-03
1.07227e+01 -1.82072e-05 2.41323e-03 7.75108e-03 1.09817e-05 -4.39916e-08 2.23048e-03
1.07520e+01 -2.06856e-05 2.38291e-03 7.70255e-03 1.08325e-05 -4.93296e-08 2.21228e-03
1.07812e+01 -2.19467e-05 2.35337e-03 7.65506e-03 1.06877e-05 -5.16828e-08 2.19428e-03
1.08105e+01 -2.25513e-05 2.32536e-03 7.60880e-03 1.05484e-05 -5.24775e-08 2.17648e-03
1.08398e+01 -2.19697e-05 2.29798e-03 7.56342e-03 1.04127e-05 -5.05268e-08 2.15889e-03
1.08691e+01 -2.08213e-05 2.27192e-03 7.51907e-03 1.02815e-05 -4.73420e-08 2.14149e-03
1.08984e+01 -1.86523e-05 2.24627e-03 7.47536e-03 1.01531e-05 -4.19285e-08 2.12428e-03
1.09277e+01 -1.61240e-05 2.22168e-03 7.43241e-03 1.00280e-05 -3.58355e-08 2.10726e-03
1.09570e+01 -1.28373e-05 2.19721e-03 7.38982e-03 9.90452e-06 -2.81885e-08 2.09042e-03
1.09863e+01 -9.47229e-06 2.17352e-03 7.34771e-03 9.78355e-06 -2.05295e-08 2.07377e-03
1.10156e+01 -5.65920e-06 2.14968e-03 7.30568e-03 9.66343e-06 -1.20644e-08 2.05729e-03
1.10449e+01 -2.07151e-06 2.12635e-03 7.26387e-03 9.54503e-06 -4.27134e-09 2.04099e-03
1.10742e+01 1.65675e-06 2.10265e-03 7.22193e-03 9.42686e-06 3.62653e-09 2.02486e-03
1.11035e+01 4.88224e-06 2.07925e-03 7.18001e-03 9.30982e-06 1.02827e-08 2.00890e-03
1.11328e+01 7.98897e-06 2.05532e-03 7.13779e-03 9.19255e-06 1.65177e-08 1.99311e-03
1.11621e+01 1.03821e-05 2.03158e-03 7.09550e-03 9.07607e-06 2.11401e-08 1.97747e-03
1.11914e+01 1.24791e-05 2.00724e-03 7.05286e-03 8.95919e-06 2.50381e-08 1.96200e-03
1.12207e+01 1.37443e-05 1.98306e-03 7.01012e-03 8.84304e-06 2.71928e-08 1.94668e-03
1.12500e+01 1.46355e-05 1.95830e-03 6.96706e-03 8.72660e-06 2.85675e-08 1.93151e-03
1.12793e+01 1.46785e-05 1.93375e-03 6.92398e-03 8.61105e-06 2.82774e-08 1.91650e-03
1.13086e+01 1.43701e-05 1.90872e-03 6.88068e-03 8.49549e-06 2.73264e-08 1.90165e-03
1.13379e+01 1.32918e-05 1.88403e-03 6.83748e-03 8.38119e-06 2.49624e-08 1.88693e-03
1.13672e+01 1.19705e-05 1.85901e-03 6.79423e-03 8.26735e-06 2.22034e-08 1.87237e-03
1.13965e+01 1.00314e-05 1.83448e-03 6.75125e-03 8.15530e-06 1.84067e-08 1.85796e-03
1.14258e+01 8.01781e-06 1.80979e-03 6.70838e-03 8.04425e-06 1.45604e-08 1.84369e-03
1.14551e+01 5.58216e-06 1.78576e-03 6.66597e-03 7.93541e-06 1.00454e-08 1.82956e-03
1.14844e+01 3.26804e-06 1.76174e-03 6.62384e-03 7.82795e-06 5.84149e-09 1.81558e-03
1.15137e+01 7.38145e-07 1.73854e-03 6.58232e-03 7.72300e-06 1.35802e-09 1.80174e-03
1.15430e+01 -1.47987e-06 1.71547e-03 6.54121e-03 7.61971e-06 -2.48172e-09 1.78804e-03
1.15723e+01 -3.72831e-06 1.69333e-03 6.50081e-03 7.51917e-06 -6.26911e-09 1.77448e-03
1.16016e+01 -5.50882e-06 1.67141e-03 6.46091e-03 7.42050e-06 -9.17706e-09 1.76106e-03
1.16309e+01 -7.18051e-06 1.65046e-03 6.42178e-03 7.32470e-06 -1.18304e-08 1.74778e-03
1.16602e+01 -8.28328e-06 1.62977e-03 6.38317e-03 7.23084e-06 -1.34851e-08 1.73463e-03
1.16895e+01 -9.19975e-06 1.61005e-03 6.34531e-03 7.13980e-06 -1.48010e-08 1.72161e-03
1.17188e+01 -9.51163e-06 1.59055e-03 6.30794e-03 7.05060e-06 -1.51282e-08 1.70873e-03
1.17480e+01 -9.62628e-06 1.57196e-03 6.27127e-03 6.96403e-06 -1.51493e-08 1.69598e-03
1.17773e+01 -9.16537e-06 1.55351e-03 6.23501e-03 6.87903e-06 -1.42694e-08 1.68336e-03
1.18066e+01 -8.55716e-06 1.53588e-03 6.19933e-03 6.79632e-06 -1.31809e-08 1.67086e-03
1.18359e+01 -7.45685e-06 1.51828e-03 6.16395e-03 6.71478e-06 -1.13579e-08 1.65849e-03
1.18652e+01 -6.30578e-06 1.50136e-03 6.12905e-03 6.63505e-06 -9.48666e-09 1.64624e-03
1.18945e+01 -4.78300e-06 1.48436e-03 6.09431e-03 6.55605e-06 -7.10911e-09 1.63412e-03
1.19238e+01 -3.33267e-06 1.46792e-03 6.05992e-03 6.47840e-06 -4.87456e-09 1.62211e-03
1.19531e+01 -1.64656e-06 1.45129e-03 6.02559e-03 6.40111e-06 -2.33553e-09 1.61022e-03
1.19824e+01 -1.60810e-07 1.43510e-03 5.99150e-03 6.32490e-06 -1.39727e-10 1.59845e-03
1.20117e+01 1.43089e-06 1.41862e-03 5.95737e-03 6.24886e-06 2.14685e-09 1.58679e-03
1.20410e+01 2.70997e-06 1.40250e-03 5.92341e-03 6.17377e-06 3.92223e-09 1.57524e-03
1.20703e+01 3.98964e-06 1.38604e-03 5.88936e-03 6.09880e-06 5.63277e-09 1.56381e-03
1.20996e+01 4.87598e-06 1.36990e-03 5.85543e-03 6.02473e-06 6.74378e-09 1.55248e-03
1.21289e+01 5.69494e-06 1.35339e-03 5.82140e-03 5.95080e-06 7.72046e-09 1.54126e-03
1.21582e+01 6.08101e-06 1.33721e-03 5.78750e-03 5.87781e-06 8.09369e-09 1.53015e-03
1.21875e+01 6.37511e-06 1.32067e-03 5.75351e-03 5.80503e-06 8.34268e-09 1.51915e-03
1.22168e+01 6.24021e-06 1.30448e-03 5.71969e-03 5.73328e-06 8.05212e-09 1.50824e-03
1.22461e+01 6.03096e-06 1.28800e-03 5.68583e-03 5.66186e-06 7.69120e-09 1.49744e-03
1.22754e+01 5.43560e-06 1.27191e-03 5.65221e-03 5.59159e-06 6.86198e-09 1.48674e-03
1.23047e+01 4.81824e-06 1.25560e-03 5.61861e-03 5.52182e-06 6.02726e-09 1.47614e-03
1.23340e+01 3.88672e-06 1.23976e-03 5.58532e-03 5.45334e-06 4.81843e-09 1.46565e-03
1.23633e+01 3.00834e-06 1.22376e-03 5.55214e-03 5.38551e-06 3.68910e-09 1.45525e-03
1.23926e+01 1.90340e-06 1.20831e-03 5.51934e-03 5.31907e-06 2.29848e-09 1.44494e-03
1.24219e+01 9.35329e-07 1.19277e-03 5.48671e-03 5.25331e-06 1.09270e-09 1.43474e-03
1.24512e+01 -1.70486e-07 1.17783e-03 5.45452e-03 5.18893e-06 -2.45498e-10 1.42463e-03
1.24805e+01 -1.06113e-06 1.16286e-03 5.42255e-03 5.12520e-06 -1.28860e-09 1.41461e-03
1.25098e+01 -2.01244e-06 1.14852e-03 5.39107e-03 5.06283e-06 -2.35540e-09 1.40469e-03
1.25391e+01 -2.68730e-06 1.13419e-03 5.35983e-03 5.00115e-06 -3.06351e-09 1.39487e-03
1.25684e+01 -3.36738e-06 1.12050e-03 5.32909e-03 4.94090e-06 -3.75330e-09 1.38513e-03
1.25977e+01 -3.73470e-06 1.10681e-03 5.29860e-03 4.88148e-06 -4.07283e-09 1.37549e-03
1.26270e+01 -4.07927e-06 1.09376e-03 5.26860e-03 4.82355e-06 -4.36547e-09 1.36594e-03
1.26562e+01 -4.10324e-06 1.08070e-03 5.23882e-03 4.76648e-06 -4.31636e-09 1.35647e-03
1.26855e+01 -4.10509e-06 1.06823e-03 5.20949e-03 4.71084e-06 -4.26306e-09 1.34710e-03
1.27148e+01 -3.80577e-06 1.05571e-03 5.18035e-03 4.65594e-06 -3.91630e-09 1.33781e-03
1.27441e+01 -3.51012e-06 1.04374e-03 5.15160e-03 4.60230e-06 -3.59749e-09 1.32860e-03
1.27734e+01 -2.95470e-06 1.03167e-03 5.12300e-03 4.54920e-06 -3.02724e-09 1.31948e-03
1.28027e+01 -2.44701e-06 1.02009e-03 5.09473e-03 4.49720e-06 -2.52285e-09 1.31045e-03
1.28320e+01 -1.73477e-06 1.00835e-03 5.06655e-03 4.44561e-06 -1.81707e-09 1.30150e-03
1.28613e+01 -1.12368e-06 9.97051e-04 5.03866e-03 4.39500e-06 -1.21528e-09 1.29263e-03
1.28906e+01 -3.67764e-07 9.85548e-04 5.01080e-03 4.34472e-06 -4.52609e-10 1.28384e-03
1.29199e+01 2.33613e-07 9.74430e-04 4.98318e-03 4.29532e-06 1.57389e-10 1.27513e-03
1.29492e+01 9.24611e-07 9.63075e-04 4.95556e-03 4.24617e-06 8.46651e-10 1.26650e-03
1.29785e+01 1.41611e-06 9.52072e-04 4.92815e-03 4.19777e-06 1.32683e-09 1.25794e-03
1.30078e+01 1.95406e-06 9.40811e-04 4.90072e-03 4.14949e-06 1.82895e-09 1.24946e-03
1.30371e+01 2.26231e-06 9.29885e-04 4.87349e-03 4.10184e-06 2.10470e-09 1.24106e-03
1.30664e+01 2.59086e-06 9.18699e-04 4.84623e-03 4.05421e-06 2.38991e-09 1.23273e-03
1.30957e+01 2.67778e-06 9.07848e-04 4.81918e-03 4.00714e-06 2.43809e-09 1.22448e-03
1.31250e+01 2.77783e-06 8.96749e-04 4.79211e-03 3.96012e-06 2.48470e-09 1.21630e-03
1.31543e+01 2.64299e-06 8.85999e-04 4.76526e-03 3.91376e-06 2.31335e-09 1.20819e-03
1.31836e+01 2.53195e-06 8.75026e-04 4.73843e-03 3.86763e-06 2.15992e-09 1.20015e-03
1.32129e+01 2.20889e-06 8.64427e-04 4.71184e-03 3.82236e-06 1.83595e-09 1.19218e-03
1.32422e+01 1.93427e-06 8.53636e-04 4.68529e-03 3.77749e-06 1.56418e-09 1.18429e-03
1.32715e+01 1.48172e-06 8.43248e-04 4.65902e-03 3.73358e-06 1.15840e-09 1.17646e-03
1.33008e+01 1.11068e-06 8.32700e-04 4.63283e-03 3.69013e-06 8.40333e-10 1.16870e-03
1.33301e+01 6.01060e-07 8.22581e-04 4.60695e-03 3.64763e-06 4.25600e-10 1.16101e-03
1.33594e+01 2.08313e-07 8.12333e-04 4.58116e-03 3.60557e-06 1.21940e-10 1.15339e-03
1.33887e+01 -2.84489e-07 8.02534e-04 4.55571e-03 3.56443e-06 -2.56237e-10 1.14583e-03
1.34180e+01 -6.28625e-07 7.92626e-04 4.53037e-03 3.52369e-06 -5.07141e-10 1.13834e-03
1.34473e+01 -1.04051e-06 7.83179e-04 4.50538e-03 3.48385e-06 -8.08328e-10 1.13091e-03
1.34766e+01 -1.28026e-06 7.73634e-04 4.48052e-03 3.44441e-06 -9.74044e-10 1.12355e-03
1.35059e+01 -1.56563e-06 7.64549e-04 4.45600e-03 3.40581e-06 -1.17616e-09 1.11625e-03
1.35352e+01 -1.66677e-06 7.55365e-04 4.43161e-03 3.36755e-06 -1.24198e-09 1.10902e-03
1.35645e+01 -1.80364e-06 7.46630e-04 4.40755e-03 3.33004e-06 -1.33388e-09 1.10185e-03
1.35938e+01 -1.75657e-06 7.37786e-04 4.38360e-03 3.29278e-06 -1.28152e-09 1.09474e-03
1.36230e+01 -1.74752e-06 7.29371e-04 4.35997e-03 3.25616e-06 -1.25084e-09 1.08769e-03
1.36523e+01 -1.56614e-06 7.20829e-04 4.33643e-03 3.21972e-06 -1.08898e-09 1.08071e-03
1.36816e+01 -1.43533e-06 7.12690e-04 4.31319e-03 3.18390e-06 -9.61405e-10 1.07378e-03
1.37109e+01 -1.15248e-06 7.04402e-04 4.29001e-03 3.14831e-06 -7.33295e-10 1.06691e-03
1.37402e+01 -9.39758e-07 6.96490e-04 4.26709e-03 3.11340e-06 -5.63290e-10 1.06010e-03
1.37695e+01 -6.00375e-07 6.88405e-04 4.24422e-03 3.07880e-06 -3.20042e-10 1.05335e-03
1.37988e+01 -3.53825e-07 6.80671e-04 4.22159e-03 3.04495e-06 -1.58646e-10 1.04666e-03
1.38281e+01 -7.03093e-09 6.72745e-04 4.19898e-03 3.01144e-06 5.65338e-11 1.04002e-03
1.38574e+01 2.25019e-07 6.65149e-04 4.17659e-03 2.97865e-06 1.85591e-10 1.03344e-03
1.38867e+01 5.33609e-07 6.57346e-04 4.15422e-03 2.94612e-06 3.61565e-10 1.02692e-03
1.39160e+01 7.09829e-07 6.49859e-04 4.13205e-03 2.91419e-06 4.57403e-10 1.02044e-03
1.39453e+01 9.44675e-07 6.42159e-04 4.10988e-03 2.88239e-06 5.99563e-10 1.01403e-03
1.39746e+01 1.03641e-06 6.34768e-04 4.08791e-03 2.85108e-06 6.57898e-10 1.00766e-03
1.40039e+01 1.17661e-06 6.27165e-04 4.06595e-03 2.81984e-06 7.54089e-10 1.00135e-03
1.40332e+01 1.17108e-06 6.19870e-04 4.04419e-03 2.78908e-06 7.51607e-10 9.95095e-04
1.40625e+01 1.21212e-06 6.12371e-04 4.02244e-03 2.75840e-06 7.75577e-10 9.88888e-04
1.40918e+01 1.11271e-06 6.05187e-04 4.00091e-03 2.72819e-06 7.09841e-10 9.82733e-04
1.41211e+01 1.06541e-06 5.97811e-04 3.97939e-03 2.69809e-06 6.68868e-10 9.76629e-04
1.41504e+01 8.89469e-07 5.90758e-04 3.95810e-03 2.66845e-06 5.44341e-10 9.70575e-04
1.41797e+01 7.76764e-07 5.83530e-04 3.93684e-03 2.63893e-06 4.51601e-10 9.64571e-04
1.42090e+01 5.51655e-07 5.76635e-04 3.91582e-03 2.60993e-06 2.90407e-10 9.58616e-04
1.42383e+01 4.04057e-07 5.69578e-04 3.89485e-03 2.58108e-06 1.82739e-10 9.52710e-04
1.42676e+01 1.61960e-07 5.62865e-04 3.87412e-03 2.55277e-06 3.37528e-11 9.46852e-04
1.42969e+01 1.20683e-08 5.56003e-04 3.85345e-03 2.52468e-06 -5.03177e-11 9.41043e-04
1.43262e+01 -2.15362e-07 5.49490e-04 3.83303e-03 2.49715e-06 -1.68603e-10 9.35280e-04
1.43555e+01 -3.37973e-07 5.42836e-04 3.81268e-03 2.46988e-06 -2.19015e-10 9.29565e-04
1.43848e+01 -5.24338e-07 5.36533e-04 3.79259e-03 2.44321e-06 -2.96303e-10 9.23897e-04
1.44141e+01 -5.97268e-07 5.30093e-04 3.77256e-03 2.41683e-06 -3.16588e-10 9.18274e-04
1.44434e+01 -7.24911e-07 5.24002e-04 3.75279e-03 2.39107e-06 -3.72603e-10 9.12697e-04
1.44727e+01 -7.35654e-07 5.17771e-04 3.73308e-03 2.36559e-06 -3.75934e-10 9.07166e-04
1.45020e+01 -7.97531e-07 5.11881e-04 3.71361e-03 2.34066e-06 -4.19102e-10 9.01679e-04
1.45312e+01 -7.44438e-07 5.05847e-04 3.69421e-03 2.31593e-06 -3.82425e-10 8.96236e-04
1.45605e+01 -7.44115e-07 5.00142e-04 3.67504e-03 2.29167e-06 -3.76355e-10 8.90837e-04
1.45898e+01 -6.35489e-07 4.94285e-04 3.65592e-03 2.26752e-06 -3.15462e-10 8.85482e-04
1.46191e+01 -5.85446e-07 4.88744e-04 3.63702e-03 2.24378e-06 -2.83132e-10 8.80169e-04
1.46484e+01 -4.37180e-07 4.83041e-04 3.61816e-03 2.22012e-06 -2.04612e-10 8.74899e-04
1.46777e+01 -3.56011e-07 4.77640e-04 3.59951e-03 2.19684e-06 -1.60498e-10 8.69671e-04
1.47070e+01 -1.88486e-07 4.72068e-04 3.58088e-03 2.17362e-06 -7.35497e-11 8.64485e-04
1.47363e+01 -9.75386e-08 4.66786e-04 3.56246e-03 2.15076e-06 -3.28842e-11 8.59339e-04
1.47656e+01 6.78637e-08 4.61325e-04 3.54405e-03 2.12795e-06 3.51438e-11 8.54235e-04
1.47949e+01 1.47999e-07 4.56144e-04 3.52584e-03 2.10550e-06 5.83306e-11 8.49171e-04
1.48242e+01 2.92299e-07 4.50780e-04 3.50763e-03 2.08314e-06 1.09904e-10 8.44146e-04
1.48535e+01 3.44847e-07 4.45688e-04 3.48961e-03 2.06118e-06 1.16228e-10 8.39161e-04
1.48828e+01 4.54047e-07 4.40411e-04 3.47160e-03 2.03933e-06 1.50464e-10 8.34216e-04
1.49121e+01 4.68123e-07 4.35404e-04 3.45377e-03 2.01788e-06 1.54123e-10 8.29309e-04
1.49414e+01 5.34795e-07 4.30213e-04 3.43595e-03 1.99658e-06 1.92216e-10 8.24440e-04
1.49707e+01 5.06529e-07 4.25291e-04 3.41832e-03 1.97570e-06 1.99040e-10 8.19610e-04
1.50000e+01 5.30378e-07 4.20191e-04 3.40069e-03 1.95500e-06 2.37245e-10 8.14817e-04
1.50293e+01 4.62837e-07 4.15361e-04 3.38326e-03 1.93477e-06 2.13685e-10 8.10061e-04
1.50586e+01 4.50004e-07 4.10358e-04 3.36583e-03 1.91472e-06 2.16713e-10 8.05342e-04
1.50879e+01 3.51893e-07 4.05629e-04 3.34861e-03 1.89509e-06 1.84470e-10 8.00659e-04
1.51172e+01 3.13228e-07 4.00735e-04 3.33140e-03 1.87555e-06 1.75405e-10 7.96013e-04
1.51465e+01 1.96997e-07 3.96117e-04 3.31439e-03 1.85632e-06 1.33035e-10 7.91403e-04
1.51758e+01 1.46063e-07 3.91341e-04 3.29740e-03 1.83712e-06 1.08372e-10 7.86828e-04
1.52051e+01 2.58090e-08 3.86844e-04 3.28062e-03 1.81817e-06 4.71624e-11 7.82288e-04
1.52344e+01 -2.32999e-08 3.82194e-04 3.26386e-03 1.79924e-06 1.17172e-11 7.77783e-04
1.52637e+01 -1.34103e-07 3.77823e-04 3.24731e-03 1.78060e-06 -4.78051e-11 7.73313e-04
1.52930e+01 -1.68999e-07 3.73304e-04 3.23079e-03 1.76201e-06 -7.78161e-11 7.68877e-04
1.53223e+01 -2.59538e-07 3.69063e-04 3.21448e-03 1.74375e-06 -1.28569e-10 7.64475e-04
1.53516e+01 -2.71274e-07 3.64674e-04 3.19819e-03 1.72562e-06 -1.44623e-10 7.60106e-04
1.53809e+01 -3.34764e-07 3.60560e-04 3.18210e-03 1.70788e-06 -1.74810e-10 7.55771e-04
1.54102e+01 -3.18872e-07 3.56298e-04 3.16604e-03 1.69031e-06 -1.70301e-10 7.51469e-04
1.54395e+01 -3.53267e-07 3.52306e-04 3.15018e-03 1.67312e-06 -1.76640e-10 7.47199e-04
1.54688e+01 -3.10059e-07 3.48163e-04 3.13434e-03 1.65607e-06 -1.50067e-10 7.42962e-04
1.54980e+01 -3.17950e-07 3.44283e-04 3.11870e-03 1.63933e-06 -1.39533e-10 7.38756e-04
1.55273e+01 -2.51994e-07 3.40249e-04 3.10307e-03 1.62268e-06 -9.99166e-11 7.34583e-04
1.55566e+01 -2.39638e-07 3.36472e-04 3.08762e-03 1.60632e-06 -8.66607e-11 7.30440e-04
1.55859e+01 -1.58485e-07 3.32536e-04 3.07219e-03 1.59004e-06 -5.88240e-11 7.26329e-04
1.56152e+01 -1.34372e-07 3.28849e-04 3.05694e-03 1.57411e-06 -5.66225e-11 7.22249e-04
1.56445e+01 -4.70752e-08 3.25001e-04 3.04170e-03 1.55832e-06 -3.49303e-11 7.18199e-04
1.56738e+01 -2.05567e-08 3.21395e-04 3.02663e-03 1.54286e-06 -2.90332e-11 7.14179e-04
1.57031e+01 6.36013e-08 3.17625e-04 3.01156e-03 1.52750e-06 1.99449e-12 7.10190e-04
1.57324e+01 8.36359e-08 3.14092e-04 2.99666e-03 1.51237e-06 1.97937e-11 7.06230e-04
1.57617e+01 1.56584e-07 3.10394e-04 2.98177e-03 1.49723e-06 5.67736e-11 7.02299e-04
1.57910e+01 1.63199e-07 3.06929e-04 2.96704e-03 1.48228e-06 6.93513e-11 6.98398e-04
1.58203e+01 2.19406e-07 3.03299e-04 2.95231e-03 1.46732e-06 8.80766e-11 6.94525e-04
1.58496e+01 2.08582e-07 2.99900e-04 2.93774e-03 1.45258e-06 7.33066e-11 6.90681e-04
1.58789e+01 2.45617e-07 2.96338e-04 2.92318e-03 1.43788e-06 6.49741e-11 6.86865e-04
1.59082e+01 2.16440e-07 2.93006e-04 2.90878e-03 1.42344e-06 3.41386e-11 6.83077e-04
1.59375e+01 2.34915e-07 2.89513e-04 2.89438e-03 1.40907e-06 1.98060e-11 6.79317e-04
1.59668e+01 1.89408e-07 2.86250e-04 2.88015e-03 1.39500e-06 -6.42426e-12 6.75584e-04
1.59961e+01 1.92614e-07 2.82830e-04 2.86592e-03 1.38103e-06 -9.77502e-12 6.71879e-04
1.60254e+01 1.35098e-07 2.79639e-04 2.85185e-03 1.36733e-06 -1.48848e-11 6.68201e-04
1.60547e+01 1.28172e-07 2.76295e-04 2.83780e-03 1.35370e-06 3.63973e-12 6.64550e-04
1.60840e+01 6.43205e-08 2.73181e-04 2.82391e-03 1.34028e-06 1.45397e-11 6.60925e-04
1.61133e+01 5.33100e-08 2.69918e-04 2.81003e-03 1.32690e-06 4.26870e-11 6.57326e-04
1.61426e+01 -1.06864e-08 2.66884e-04 2.79631e-03 1.31375e-06 5.13054e-11 6.53753e-04
1.61719e+01 -1.96361e-08 2.63703e-04 2.78261e-03 1.30070e-06 6.92248e-11 6.50207e-04
1.62012e+01 -7.79502e-08 2.60750e-04 2.76907e-03 1.28797e-06 6.16581e-11 6.46686e-04
1.62305e+01 -7.95886e-08 2.57653e-04 2.75555e-03 1.27540e-06 5.48884e-11 6.43190e-04
1.62598e+01 -1.27829e-07 2.54782e-04 2.74219e-03 1.26315e-06 2.79356e-11 6.39720e-04
1.62891e+01 -1.18764e-07 2.51766e-04 2.72884e-03 1.25097e-06 1.42143e-11 6.36274e-04
1.63184e+01 -1.54643e-07 2.48975e-04 2.71565e-03 1.23898e-06 -6.92827e-12 6.32853e-04
1.63477e+01 -1.33619e-07 2.46039e-04 2.70247e-03 1.22695e-06 -6.83786e-12 6.29457e-04
1.63770e+01 -1.56868e-07 2.43324e-04 2.68946e-03 1.21502e-06 -1.43953e-11 6.26085e-04
1.64062e+01 -1.24524e-07 2.40463e-04 2.67644e-03 1.20305e-06 -6.94489e-12 6.22737e-04
1.64355e+01 -1.36622e-07 2.37819e-04 2.66359e-03 1.19122e-06 -1.13002e-11 6.19413e-04
1.64648e+01 -9.51642e-08 2.35029e-04 2.65074e-03 1.17941e-06 -5.07237e-12 6.16112e-04
1.64941e+01 -9.89881e-08 2.32450e-04 2.63804e-03 1.16784e-06 -1.32494e-11 6.12835e-04
1.65234e+01 -5.18077e-08 2.29724e-04 2.62535e-03 1.15638e-06 -1.52090e-11 6.09581e-04
1.65527e+01 -5.11653e-08 2.27206e-04 2.61280e-03 1.14519e-06 -2.57886e-11 6.06350e-04
1.65820e+01 -2.32227e-09 2.24540e-04 2.60026e-03 1.13413e-06 -2.17599e-11 6.03142e-04
1.66113e+01 -1.37362e-09 2.22077e-04 2.58786e-03 1.12330e-06 -2.28816e-11 5.99956e-04
1.66406e+01 4.50647e-08 2.19466e-04 2.57546e-03 1.11252e-06 -6.82905e-12 5.96793e-04
1.66699e+01 4.24952e-08 2.17056e-04 2.56320e-03 1.10191e-06 -9.07338e-13 5.93652e-04
1.66992e+01 8.31449e-08 2.14498e-04 2.55094e-03 1.09128e-06 1.79191e-11 5.90533e-04
1.67285e+01 7.42326e-08 2.12137e-04 2.53882e-03 1.08079e-06 2.73244e-11 5.87436e-04
1.67578e+01 1.06995e-07 2.09629e-04 2.52670e-03 1.07035e-06 4.38893e-11 5.84361e-04
1.67871e+01 9.03978e-08 2.07317e-04 2.51472e-03 1.06015e-06 4.62584e-11 5.81306e-04
1.68164e+01 1.14648e-07 2.04859e-04 2.50273e-03 1.05007e-06 5.13465e-11 5.78274e-04
1.68457e+01 9.03366e-08 2.02596e-04 2.49089e-03 1.04022e-06 4.22486e-11 5.75262e-04
1.68750e+01 1.06567e-07 2.00189e-04 2.47904e-03 1.03042e-06 3.63735e-11 5.72271e-04
1.69043e+01 7.54959e-08 1.97975e-04 2.46733e-03 1.02073e-06 1.83930e-11 5.69300e-04
1.69336e+01 8.51881e-08 1.95620e-04 2.45562e-03 1.01099e-06 8.89295e-12 5.66351e-04
1.69629e+01 4.93442e-08 1.93457e-04 2.44405e-03 1.00133e-06 -6.94987e-12 5.63421e-04
1.69922e+01 5.49391e-08 1.91155e-04 2.43248e-03 9.91660e-07 -1.09084e-11 5.60512e-04
1.70215e+01 1.70635e-08 1.89045e-04 2.42105e-03 9.82147e-07 -2.10629e-11 5.57623e-04
1.70508e+01 2.14385e-08 1.86797e-04 2.40962e-03 9.72693e-07 -2.25976e-11 5.54753e-04
1.70801e+01 -1.56421e-08 1.84740e-04 2.39833e-03 9.63457e-07 -3.09152e-11 5.51903e-04
1.71094e+01 -9.80886e-09 1.82546e-04 2.38703e-03 9.54313e-07 -2.93522e-11 5.49073e-04
1.71387e+01 -4.36947e-08 1.80542e-04 2.37588e-03 9.45378e-07 -3.10592e-11 5.46262e-04
1.71680e+01 -3.43298e-08 1.78403e-04 2.36472e-03 9.36510e-07 -2.87099e-11 5.43470e-04
1.71973e+01 -6.33577e-08 1.76452e-04 2.35370e-03 9.27791e-07 -3.19351e-11 5.40698e-04
1.72266e+01 -4.92488e-08 1.74366e-04 2.34268e-03 9.19064e-07 -2.72021e-11 5.37944e-04
1.72559e+01 -7.26592e-08 1.72466e-04 2.33180e-03 9.10437e-07 -2.91530e-11 5.35208e-04
1.72852e+01 -5.34445e-08 1.70432e-04 2.32091e-03 9.01788e-07 -2.28296e-11 5.32491e-04
1.73145e+01 -7.12642e-08 1.68580e-04 2.31016e-03 8.93275e-07 -2.13470e-11 5.29793e-04
1.73438e+01 -4.72891e-08 1.66595e-04 2.29940e-03 8.84831e-07 -1.56532e-11 5.27113e-04
1.73730e+01 -6.02000e-08 1.64790e-04 2.28878e-03 8.76615e-07 -1.10777e-11 5.24451e-04
1.74023e+01 -3.24967e-08 1.62851e-04 2.27815e-03 8.68521e-07 1.64084e-12 5.21806e-04
1.74316e+01 -4.18978e-08 1.61089e-04 2.26764e-03 8.60643e-07 6.63799e-12 5.19180e-04
1.74609e+01 -1.21742e-08 1.59194e-04 2.25714e-03 8.52804e-07 1.37572e-11 5.16571e-04
1.74902e+01 -1.99942e-08 1.57473e-04 2.24676e-03 8.45070e-07 1.17529e-11 5.13979e-04
1.75195e+01 9.77285e-09 1.55618e-04 2.23637e-03 8.37282e-07 1.45970e-11 5.11405e-04
1.75488e+01 1.61795e-09 1.53936e-04 2.22611e-03 8.29541e-07 9.68468e-12 5.08848e-04
1.75781e+01 2.96988e-08 1.52120e-04 2.21584e-03 8.21750e-07 9.33781e-12 5.06308e-04
1.76074e+01 1.97142e-08 1.50475e-04 2.20570e-03 8.14054e-07 2.19768e-12 5.03785e-04
1.76367e+01 4.48785e-08 1.48697e-04 2.19554e-03 8.06379e-07 -4.28525e-12 5.01279e-04
1.76660e+01 3.20946e-08 1.47086e-04 2.18551e-03 7.98880e-07 -9.16079e-13 4.98789e-04
1.76953e+01 5.36376e-08 1.45345e-04 2.17547e-03 7.91449e-07 2.12512e-12 4.96316e-04
1.77246e+01 3.75661e-08 1.43770e-04 2.16555e-03 7.84196e-07 -2.94342e-12 4.93859e-04
1.77539e+01 5.52640e-08 1.42064e-04 2.15562e-03 7.76998e-07 -4.41945e-12 4.91418e-04
1.77832e+01 3.59395e-08 1.40524e-04 2.14582e-03 7.69936e-07 -1.19707e-11 4.88993e-04
1.78125e+01 5.00856e-08 1.38854e-04 2.13600e-03 7.62883e-07 -1.16053e-11 4.86584e-04
1.78418e+01 2.80453e-08 1.37349e-04 2.12630e-03 7.55929e-07 -1.06870e-11 4.84191e-04
1.78711e+01 3.94156e-08 1.35716e-04 2.11660e-03 7.48963e-07 -9.66419e-12 4.81814e-04
1.79004e+01 1.56379e-08 1.34245e-04 2.10702e-03 7.42108e-07 -1.55879e-11 4.79452e-04
1.79297e+01 2.54164e-08 1.32649e-04 2.09742e-03 7.35298e-07 -1.74245e-11 4.77106e-04
1.79590e+01 1.20329e-09 1.31214e-04 2.08795e-03 7.28662e-07 -2.15796e-11 4.74774e-04
1.79883e+01 1.07153e-08 1.29654e-04 2.07847e-03 7.22111e-07 -2.03419e-11 4.72459e-04
1.80176e+01 -1.27172e-08 1.28255e-04 2.06910e-03 7.15710e-07 -2.14422e-11 4.70158e-04
1.80469e+01 -2.43547e-09 1.26732e-04 2.05973e-03 7.09315e-07 -1.44243e-11 4.67872e-04
1.80762e+01 -2.42360e-08 1.25368e-04 2.05047e-03 7.02980e-07 -8.00539e-12 4.65600e-04
1.81055e+01 -1.24528e-08 1.23881e-04 2.04121e-03 6.96591e-07 5.68762e-12 4.63344e-04
1.81348e+01 -3.20000e-08 1.22551e-04 2.03206e-03 6.90251e-07 1.89232e-11 4.61102e-04
1.81641e+01 -1.81788e-08 1.21100e-04 2.02291e-03 6.83908e-07 2.21146e-11 4.58874e-04
1.81934e+01 -3.50812e-08 1.19803e-04 2.01387e-03 6.77677e-07 2.36544e-11 4.56661e-04
1.82227e+01 -1.90318e-08 1.18386e-04 2.00482e-03 6.71494e-07 2.68679e-11 4.54462e-04
1.82520e+01 -3.33228e-08 1.17122e-04 1.99588e-03 6.65465e-07 2.27789e-11 4.52277e-04
1.82812e+01 -1.52894e-08 1.15737e-04 1.98693e-03 6.59493e-07 1.94808e-11 4.50106e-04
1.83105e+01 -2.74291e-08 1.14503e-04 1.97809e-03 6.53657e-07 6.88151e-12 4.47949e-04
1.83398e+01 -8.02974e-09 1.13150e-04 1.96925e-03 6.47846e-07 -3.97069e-12 4.45806e-04
1.83691e+01 -1.87756e-08 1.11945e-04 1.96051e-03 6.42117e-07 -1.34678e-11 4.43676e-04
1.83984e+01 1.15677e-09 1.10621e-04 1.95177e-03 6.36369e-07 -1.46731e-11 4.41560e-04
1.84277e+01 -9.05006e-09 1.09445e-04 1.94313e-03 6.30681e-07 -1.43555e-11 4.39457e-04
1.84570e+01 1.05968e-08 1.08150e-04 1.93448e-03 6.24978e-07 -7.15237e-12 4.37368e-04
1.84863e+01 1.82186e-10 1.07000e-04 1.92593e-03 6.19377e-07 5.88663e-13 4.35292e-04
1.85156e+01 1.89053e-08 1.05732e-04 1.91738e-03 6.13815e-07 1.19282e-11 4.33229e-04
1.85449e+01 7.72210e-09 1.04607e-04 1.90893e-03 6.08400e-07 1.77812e-11 4.31179e-04
1.85742e+01 2.50517e-08 1.03366e-04 1.90047e-03 6.03053e-07 2.28142e-11 4.29142e-04
1.86035e+01 1.26964e-08 1.02267e-04 1.89212e-03 5.97839e-07 2.07067e-11 4.27118e-04
1.86328e+01 2.82983e-08 1.01051e-04 1.88375e-03 5.92648e-07 1.88068e-11 4.25106e-04
1.86621e+01 1.45317e-08 9.99764e-05 1.87548e-03 5.87538e-07 1.46400e-11 4.23107e-04
1.86914e+01 2.83007e-08 9.87863e-05 1.86721e-03 5.82398e-07 1.28563e-11 4.21121e-04
1.87207e+01 1.31470e-08 9.77361e-05 1.85904e-03 5.77302e-07 1.03004e-11 4.19147e-04
1.87500e+01 2.52706e-08 9.65714e-05 1.85085e-03 5.72174e-07 1.35938e-11 4.17185e-04
1.87793e+01 9.05380e-09 9.55454e-05 1.84277e-03 5.67100e-07 1.74480e-11 4.15236e-04
1.88086e+01 1.99732e-08 9.44062e-05 1.83468e-03 5.62025e-07 2.43128e-11 4.13298e-04
1.88379e+01 3.21087e-09 9.34044e-05 1.82669e-03 5.57038e-07 2.78389e-11 4.11373e-04
1.88672e+01 1.34837e-08 9.22904e-05 1.81868e-03 5.52076e-07 3.30401e-11 4.09460e-04
1.88965e+01 -3.26404e-09 9.13126e-05 1.81078e-03 5.47220e-07 3.31918e-11 4.07558e-04
1.89258e+01 6.91852e-09 9.02237e-05 1.80286e-03 5.42398e-07 3.17647e-11 4.05669e-04
1.89551e+01 -9.30914e-09 8.92698e-05 1.79505e-03 5.37672e-07 2.35321e-11 4.03790e-04
1.89844e+01 1.24305e-09 8.82057e-05 1.78722e-03 5.32974e-07 1.33672e-11 4.01924e-04
1.90137e+01 -1.40762e-08 8.72752e-05 1.77949e-03 5.28353e-07 1.23898e-12 4.00069e-04
1.90430e+01 -2.84867e-09 8.62354e-05 1.77176e-03 5.23739e-07 -6.80389e-12 3.98225e-04
1.90723e+01 -1.70112e-08 8.53279e-05 1.76411e-03 5.19212e-07 -1.44481e-11 3.96393e-04
1.91016e+01 -4.89635e-09 8.43118e-05 1.75646e-03 5.14714e-07 -1.77529e-11 3.94572e-04
1.91309e+01 -1.77648e-08 8.34266e-05 1.74890e-03 5.10325e-07 -1.93942e-11 3.92762e-04
1.91602e+01 -4.70783e-09 8.24335e-05 1.74133e-03 5.05980e-07 -9.84487e-12 3.90963e-04
1.91895e+01 -1.63560e-08 8.15697e-05 1.73386e-03 5.01722e-07 -1.60844e-12 3.89175e-04
1.92188e+01 -2.55926e-09 8.05988e-05 1.72638e-03 4.97462e-07 7.98928e-12 3.87398e-04
1.92480e+01 -1.32875e-08 7.97557e-05 1.71898e-03 4.93245e-07 1.20842e-11 3.85632e-04
1.92773e+01 9.02744e-10 7.88061e-05 1.71158e-03 4.88991e-07 1.05961e-11 3.83876e-04
1.93066e+01 -9.26635e-09 7.79828e-05 1.70427e-03 4.84772e-07 1.07847e-11 3.82131e-04
1.93359e+01 4.97607e-09 7.70537e-05 1.69695e-03 4.80528e-07 6.73202e-12 3.80397e-04
1.93652e+01 -4.97489e-09 7.62494e-05 1.68971e-03 4.76338e-07 -5.75498e-12 3.78673e-04
1.93945e+01 9.00312e-09 7.53401e-05 1.68247e-03 4.72157e-07 -1.88825e-11 3.76960e-04
1.94238e+01 -1.01940e-09 7.45542e-05 1.67531e-03 4.68063e-07 -3.24656e-11 3.75256e-04
1.94531e+01 1.24320e-08 7.36641e-05 1.66815e-03 4.64002e-07 -3.96130e-11 3.73564e-04
1.94824e+01 2.10480e-09 7.28961e-05 1.66107e-03 4.60049e-07 -4.24127e-11 3.71881e-04
1.95117e+01 1.48260e-08 7.20246e-05 1.65398e-03 4.56121e-07 -4.01146e-11 3.70208e-04
1.95410e+01 3.99428e-09 7.12741e-05 1.64698e-03 4.52269e-07 -3.49946e-11 3.68546e-04
1.95703e+01 1.58390e-08 7.04209e-05 1.63997e-03 4.48421e-07 -2.40445e-11 3.66893e-04
1.95996e+01 4.42191e-09 6.96875e-05 1.63304e-03 4.44627e-07 -1.07657e-11 3.65250e-04
1.96289e+01 1.53859e-08 6.88524e-05 1.62610e-03 4.40831e-07 -2.28069e-13 3.63617e-04
1.96582e+01 3.45818e-09 6.81358e-05 1.61925e-03 4.37098e-07 -2.95970e-14 3.61994e-04
1.96875e+01 1.36879e-08 6.73185e-05 1.61239e-03 4.33378e-07 1.72143e-12 3.60380e-04
1.97168e+01 1.44302e-09 6.66187e-05 1.60561e-03 4.29741e-07 2.06153e-12 3.58776e-04
1.97461e+01 1.11770e-08 6.58191e-05 1.59882e-03 4.26135e-07 5.46898e-12 3.57182e-04
1.97754e+01 -1.14208e-09 6.51358e-05 1.59211e-03 4.22613e-07 1.24446e-11 3.55596e-04
1.98047e+01 8.33835e-09 6.43536e-05 1.58540e-03 4.19120e-07 8.28067e-12 3.54021e-04
1.98340e+01 -3.83588e-09 6.36867e-05 1.57876e-03 4.15686e-07 7.89491e-12 3.52454e-04
1.98633e+01 5.57261e-09 6.29218e-05 1.57212e-03 4.12239e-07 1.23950e-11 3.50897e-04
1.98926e+01 -6.30067e-09 6.22709e-05 1.56555e-03 4.08821e-07 1.62696e-11 3.49349e-04
1.99219e+01 3.18789e-09 6.15230e-05 1.55898e-03 4.05367e-07 1.98525e-11 3.47810e-04
1.99512e+01 -8.25142e-09 6.08879e-05 1.55249e-03 4.01929e-07 1.81777e-11 3.46280e-04
1.99805e+01 1.45362e-09 6.01565e-05 1.54599e-03 3.98472e-07 1.56458e-11 3.44759e-04
2.00098e+01 -9.42987e-09 5.95369e-05 1.53956e-03 3.95051e-07 9.92561e-12 3.43247e-04
2.00391e+01 5.86595e-10 5.88217e-05 1.53313e-03 3.91639e-07 2.96629e-12 3.41744e-04
2.00684e+01 -9.67182e-09 5.82170e-05 1.52678e-03 3.88302e-07 -7.26509e-12 3.40249e-04
2.00977e+01 6.95171e-10 5.75175e-05 1.52041e-03 3.85000e-07 -1.85968e-11 3.38763e-04
2.01270e+01 -8.95379e-09 5.69273e-05 1.51412e-03 3.81792e-07 -2.34922e-11 3.37286e-04
2.01562e+01 1.69919e-09 5.62430e-05 1.50783e-03 3.78620e-07 -2.18000e-11 3.35818e-04
2.01855e+01 -7.47070e-09 5.56668e-05 1.50161e-03 3.75521e-07 -2.09201e-11 3.34358e-04
2.02148e+01 3.30423e-09 5.49973e-05 1.49538e-03 3.72439e-07 -1.77630e-11 3.32906e-04
2.02441e+01 -5.55541e-09 5.44346e-05 1.48922e-03 3.69421e-07 -1.47635e-11 3.31463e-04
2.02734e+01 5.18500e-09 5.37793e-05 1.48306e-03 3.66416e-07 -1.15733e-11 3.30028e-04
2.03027e+01 -3.50286e-09 5.32297e-05 1.47697e-03 3.63485e-07 -1.17005e-12 3.28601e-04
2.03320e+01 7.07626e-09 5.25883e-05 1.47087e-03 3.60565e-07 4.89564e-12 3.27183e-04
2.03613e+01 -1.59493e-09 5.20513e-05 1.46484e-03 3.57695e-07 6.59927e-12 3.25772e-04
2.03906e+01 8.66529e-09 5.14233e-05 1.45880e-03 3.54816e-07 7.64105e-12 3.24370e-04
2.04199e+01 -1.43552e-10 5.08987e-05 1.45284e-03 3.51956e-07 7.84645e-12 3.22976e-04
2.04492e+01 9.65713e-09 5.02839e-05 1.44687e-03 3.49058e-07 9.39146e-12 3.21590e-04
2.04785e+01 6.02260e-10 4.97713e-05 1.44097e-03 3.46165e-07 7.10494e-12 3.20212e-04
2.05078e+01 9.87879e-09 4.91694e-05 1.43506e-03 3.43229e-07 6.99325e-12 3.18841e-04
2.05371e+01 5.51003e-10 4.86687e-05 1.42922e-03 3.40306e-07 7.04910e-12 3.17479e-04
2.05664e+01 9.34043e-09 4.80794e-05 1.42337e-03 3.37373e-07 8.66012e-12 3.16124e-04
2.05957e+01 -1.71518e-10 4.75904e-05 1.41759e-03 3.34493e-07 1.00402e-11 3.14777e-04
2.06250e+01 8.26709e-09 4.70136e-05 1.41180e-03 3.31655e-07 4.63719e-12 3.13437e-04
2.06543e+01 -1.27367e-09 4.65361e-05 1.40608e-03 3.28910e-07 -3.33676e-12 3.12106e-04
2.06836e+01 6.95289e-09 4.59716e-05 1.40035e-03 3.26217e-07 -9.95750e-12 3.10781e-04
2.07129e+01 -2.50489e-09 4.55054e-05 1.39469e-03 3.23614e-07 -1.59400e-11 3.09464e-04
2.07422e+01 5.60732e-09 4.49530e-05 1.38902e-03 3.21042e-07 -1.82897e-11 3.08155e-04
2.07715e+01 -3.69557e-09 4.44979e-05 1.38342e-03 3.18526e-07 -1.81500e-11 3.06853e-04
2.08008e+01 4.37674e-09 4.39575e-05 1.37781e-03 3.16021e-07 -1.17988e-11 3.05558e-04
2.08301e+01 -4.69844e-09 4.35133e-05 1.37227e-03 3.13547e-07 -2.71813e-12 3.04271e-04
2.08594e+01 3.39630e-09 4.29846e-05 1.36672e-03 3.11065e-07 7.67406e-12 3.02990e-04
2.08887e+01 -5.38516e-09 4.25511e-05 1.36124e-03 3.08617e-07 1.49947e-11 3.01717e-04
2.09180e+01 2.80257e-09 4.20338e-05 1.35574e-03 3.06165e-07 1.80752e-11 3.00451e-04
2.09473e+01 -5.63946e-09 4.16107e-05 1.35031e-03 3.03750e-07 1.78017e-11 2.99192e-04
2.09766e+01 2.66284e-09 4.11045e-05 1.34487e-03 3.01329e-07 1.62592e-11 2.97941e-04
2.10059e+01 -5.46415e-09 4.06915e-05 1.33950e-03 2.98928e-07 8.99752e-12 2.96696e-04
2.10352e+01 2.89271e-09 4.01962e-05 1.33412e-03 2.96502e-07 1.26623e-12 2.95458e-04
2.10645e+01 -4.99474e-09 3.97931e-05 1.32880e-03 2.94081e-07 -4.09211e-12 2.94227e-04
2.10938e+01 3.34098e-09 3.93083e-05 1.32348e-03 2.91625e-07 -2.72180e-12 2.93002e-04
2.11230e+01 -4.37220e-09 3.89147e-05 1.31822e-03 2.89187e-07 6.47750e-12 2.91785e-04
2.11523e+01 3.89723e-09 3.84402e-05 1.31294e-03 2.86731e-07 1.90674e-11 2.90574e-04
2.11816e+01 -3.68906e-09 3.80559e-05 1.30773e-03 2.84311e-07 3.07223e-11 2.89370e-04
2.12109e+01 4.48851e-09 3.75913e-05 1.30252e-03 2.81912e-07 3.97961e-11 2.88173e-04
2.12402e+01 -2.97571e-09 3.72159e-05 1.29736e-03 2.79586e-07 4.37812e-11 2.86982e-04
2.12695e+01 5.11071e-09 3.67611e-05 1.29219e-03 2.77313e-07 4.34132e-11 2.85798e-04
2.12988e+01 -2.23330e-09 3.63944e-05 1.28709e-03 2.75140e-07 3.25699e-11 2.84620e-04
2.13281e+01 5.74194e-09 3.59490e-05 1.28198e-03 2.73018e-07 2.09218e-11 2.83449e-04
2.13574e+01 -1.54497e-09 3.55908e-05 1.27693e-03 2.70970e-07 8.58121e-12 2.82284e-04
2.13867e+01 6.24760e-09 3.51547e-05 1.27187e-03 2.68945e-07 -1.44074e-12 2.81125e-04
2.14160e+01 -1.05062e-09 3.48048e-05 1.26687e-03 2.66959e-07 -8.35648e-12 2.79973e-04
2.14453e+01 6.50724e-09 3.43778e-05 1.26186e-03 2.64973e-07 -1.35543e-11 2.78827e-04
2.14746e+01 -8.35532e-10 3.40361e-05 1.25691e-03 2.63004e-07 -1.53882e-11 2.77688e-04
2.15039e+01 6.46114e-09 3.36179e-05 1.25195e-03 2.61006e-07 -1.23379e-11 2.76554e-04
2.15332e+01 -9.48728e-10 3.32843e-05 1.24705e-03 2.59004e-07 -8.02935e-12 2.75427e-04
2.15625e+01 6.08445e-09 3.28749e-05 1.24214e-03 2.56961e-07 -4.12191e-12 2.74306e-04
2.15918e+01 -1.38726e-09 3.25491e-05 1.23729e-03 2.54903e-07 -4.25291e-12 2.73191e-04
2.16211e+01 5.40906e-09 3.21483e-05 1.23243e-03 2.52808e-07 -2.18233e-12 2.72082e-04
2.16504e+01 -2.08494e-09 3.18302e-05 1.22763e-03 2.50701e-07 -3.23061e-12 2.70979e-04
2.16797e+01 4.51535e-09 3.14379e-05 1.22282e-03 2.48563e-07 -6.04730e-12 2.69882e-04
2.17090e+01 -2.94045e-09 3.11274e-05 1.21806e-03 2.46440e-07 -1.10353e-11 2.68791e-04
2.17383e+01 3.55807e-09 3.07433e-05 1.21330e-03 2.44323e-07 -1.68305e-11 2.67705e-04
2.17676e+01 -3.74788e-09 3.04402e-05 1.20859e-03 2.42266e-07 -2.16488e-11 2.66626e-04
2.17969e+01 2.78241e-09 3.00643e-05 1.20388e-03 2.40269e-07 -2.23435e-11 2.65552e-04
2.18262e+01 -4.25066e-09 2.97685e-05 1.19922e-03 2.38372e-07 -2.41248e-11 2.64484e-04
2.18555e+01 2.39977e-09 2.94005e-05 1.19455e-03 2.36553e-07 -2.47017e-11 2.63422e-04
2.18848e+01 -4.30942e-09 2.91117e-05 1.18994e-03 2.34836e-07 -2.35202e-11 2.62366e-04
2.19141e+01 2.47088e-09 2.87516e-05 1.18532e-03 2.33174e-07 -1.79376e-11 2.61315e-04
2.19434e+01 -3.94901e-09 2.84696e-05 1.18076e-03 2.31578e-07 -1.19212e-11 2.60270e-04
2.19727e+01 2.89387e-09 2.81170e-05 1.17618e-03 2.29984e-07 -5.65442e-12 2.59230e-04
2.20020e+01 -3.34714e-09 2.78418e-05 1.17166e-03 2.28391e-07 -7.55032e-13 2.58196e-04
2.20312e+01 3.44001e-09 2.74965e-05 1.16713e-03 2.26748e-07 1.73528e-12 2.57167e-04
2.20605e+01 -2.72432e-09 2.72278e-05 1.16266e-03 2.25071e-07 9.65645e-13 2.56144e-04
2.20898e+01 3.92668e-09 2.68897e-05 1.15817e-03 2.23328e-07 -7.79628e-13 2.55126e-04
2.21191e+01 -2.21033e-09 2.66273e-05 1.15374e-03 2.21562e-07 -1.39522e-11 2.54114e-04
2.21484e+01 4.28101e-09 2.62962e-05 1.14930e-03 2.19748e-07 -2.32335e-11 2.53107e-04
2.21777e+01 -1.85549e-09 2.60399e-05 1.14491e-03 2.17930e-07 -2.87994e-11 2.52105e-04
2.22070e+01 4.46458e-09 2.57156e-05 1.14051e-03 2.16096e-07 -2.84399e-11 2.51108e-04
2.22363e+01 -1.67170e-09 2.54653e-05 1.13617e-03 2.14283e-07 -2.20324e-11 2.50117e-04
2.22656e+01 4.48356e-09 2.51477e-05 1.13182e-03 2.12479e-07 -1.09919e-11 2.49131e-04
2.22949e+01 -1.63620e-09 2.49033e-05 1.12752e-03 2.10721e-07 4.22225e-12 2.48150e-04
2.23242e+01 4.37494e-09 2.45922e-05 1.12321e-03 2.08987e-07 2.09246e-11 2.47175e-04
2.23535e+01 -1.70753e-09 2.43535e-05 1.11895e-03 2.07314e-07 3.31020e-11 2.46204e-04
2.23828e+01 4.19942e-09 2.40488e-05 1.11468e-03 2.05689e-07 3.68684e-11 2.45239e-04
2.24121e+01 -1.79706e-09 2.38156e-05 1.11046e-03 2.04143e-07 2.80196e-11 2.44278e-04
2.24414e+01 4.06561e-09 2.35172e-05 1.10623e-03 2.02670e-07 2.19851e-11 2.43323e-04
2.24707e+01 -1.79456e-09 2.32895e-05 1.10206e-03 2.01280e-07 1.19852e-11 2.42372e-04
2.25000e+01 4.03263e-09 2.29973e-05 1.09787e-03 1.99938e-07 1.40049e-12 2.41427e-04
2.25293e+01 -1.71743e-09 2.27750e-05 1.09374e-03 1.98645e-07 -7.40450e-12 2.40486e-04
2.25586e+01 4.02787e-09 2.24888e-05 1.08959e-03 1.97348e-07 -1.32001e-11 2.39550e-04
2.25879e+01 -1.68519e-09 2.22718e-05 1.08550e-03 1.96036e-07 -1.51642e-11 2.38619e-04
2.26172e+01 3.90732e-09 2.19915e-05 1.08139e-03 1.94670e-07 -4.91065e-12 2.37693e-04
2.26465e+01 -1.83237e-09 2.17796e-05 1.07734e-03 1.93242e-07 2.85871e-12 2.36772e-04
2.26758e+01 3.55871e-09 2.15052e-05 1.07328e-03 1.91730e-07 9.03647e-12 2.35855e-04
2.27051e+01 -2.21033e-09 2.12983e-05 1.06926e-03 1.90167e-07 1.21834e-11 2.34944e-04
2.27344e+01 3.03018e-09 2.10296e-05 1.06524e-03 1.88551e-07 1.32106e-11 2.34037e-04
2.27637e+01 -2.68585e-09 2.08276e-05 1.06126e-03 1.86935e-07 1.10877e-11 2.33134e-04
2.27930e+01 2.50307e-09 2.05645e-05 1.05727e-03 1.85319e-07 5.53152e-12 2.32236e-04
2.28223e+01 -3.08131e-09 2.03673e-05 1.05333e-03 1.83736e-07 8.24536e-15 2.31343e-04
2.28516e+01 2.11171e-09 2.01096e-05 1.04939e-03 1.82179e-07 -3.37659e-12 2.30454e-04
2.28809e+01 -3.29849e-09 1.99170e-05 1.04549e-03 1.80678e-07 -3.48642e-12 2.29570e-04
2.29102e+01 1.93426e-09 1.96646e-05 1.04158e-03 1.79219e-07 2.91820e-12 2.28691e-04
2.29395e+01 -3.25979e-09 1.94767e-05 1.03772e-03 1.77845e-07 -3.69261e-12 2.27816e-04
2.29688e+01 2.05806e-09 1.92294e-05 1.03384e-03 1.76534e-07 -6.36243e-12 2.26945e-04
2.29980e+01 -2.90417e-09 1.90459e-05 1.03002e-03 1.75314e-07 -7.90972e-12 2.26079e-04
2.30273e+01 2.50208e-09 1.88037e-05 1.02619e-03 1.74167e-07 -9.09542e-12 2.25217e-04
2.30566e+01 -2.24153e-09 1.86244e-05 1.02240e-03 1.73102e-07 -9.93938e-12 2.24360e-04
2.30859e+01 3.20531e-09 1.83872e-05 1.01860e-03 1.72079e-07 -1.18965e-11 2.23506e-04
2.31152e+01 -1.40632e-09 1.82121e-05 1.01485e-03 1.71086e-07 -1.58171e-11 2.22658e-04
2.31445e+01 3.94635e-09 1.79797e-05 1.01109e-03 1.70051e-07 -1.37810e-11 2.21813e-04
2.31738e+01 -7.13234e-10 1.78087e-05 1.00737e-03 1.68953e-07 -8.37067e-12 2.20973e-04
2.32031e+01 4.37421e-09 1.75810e-05 1.00364e-03 1.67741e-07 -1.75425e-12 2.20137e-04
2.32324e+01 -4.60465e-10 1.74140e-05 9.99963e-04 1.66422e-07 1.89737e-12 2.19305e-04
2.32617e+01 4.31121e-09 1.71909e-05 9.96273e-04 1.65002e-07 6.64883e-12 2.18478e-04
2.32910e+01 -6.65608e-10 1.70278e-05 9.92627e-04 1.63529e-07 9.02387e-12 2.17654e-04
2.33203e+01 3.87971e-09 1.68093e-05 9.88973e-04 1.62028e-07 6.98044e-12 2.16835e-04
2.33496e+01 -1.11894e-09 1.66499e-05 9.85361e-04 1.60561e-07 1.25242e-12 2.16020e-04
2.33789e+01 3.32836e-09 1.64358e-05 9.81741e-04 1.59140e-07 -6.46958e-12 2.15209e-04
2.34082e+01 -1.59320e-09 1.62802e-05 9.78164e-04 1.57798e-07 -1.46886e-11 2.14402e-04
2.34375e+01 2.82985e-09 1.60705e-05 9.74579e-04 1.56532e-07 -8.01388e-12 2.13599e-04
2.34668e+01 -1.97075e-09 1.59186e-05 9.71035e-04 1.55346e-07 5.39415e-13 2.12800e-04
2.34961e+01 2.43863e-09 1.57131e-05 9.67484e-04 1.54219e-07 1.26849e-11 2.12005e-04
2.35254e+01 -2.23147e-09 1.55647e-05 9.63974e-04 1.53165e-07 2.56418e-11 2.11214e-04
2.35547e+01 2.18820e-09 1.53634e-05 9.60456e-04 1.52162e-07 3.58927e-11 2.10427e-04
2.35840e+01 -2.32583e-09 1.52185e-05 9.56979e-04 1.51228e-07 4.07847e-11 2.09643e-04
2.36133e+01 2.13262e-09 1.50213e-05 9.53494e-04 1.50339e-07 3.74653e-11 2.08864e-04
2.36426e+01 -2.22058e-09 1.48799e-05 9.50050e-04 1.49493e-07 2.77742e-11 2.08089e-04
2.36719e+01 2.24703e-09 1.46867e-05 9.46598e-04 1.48652e-07 1.58067e-11 2.07317e-04
2.37012e+01 -2.00357e-09 1.45485e-05 9.43186e-04 1.47798e-07 5.25878e-12 2.06549e-04
2.37305e+01 2.38771e-09 1.43592e-05 9.39767e-04 1.46877e-07 6.61903e-13 2.05785e-04
2.37598e+01 -1.85741e-09 1.42243e-05 9.36387e-04 1.45884e-07 -6.22912e-12 2.05025e-04
2.37891e+01 2.37292e-09 1.40389e-05 9.33000e-04 1.44775e-07 -6.79271e-12 2.04268e-04
2.38184e+01 -1.93297e-09 1.39071e-05 9.29652e-04 1.43568e-07 -1.45699e-12 2.03515e-04
2.38477e+01 2.13167e-09 1.37254e-05 9.26296e-04 1.42275e-07 7.44989e-12 2.02766e-04
2.38770e+01 -2.16508e-09 1.35967e-05 9.22979e-04 1.40950e-07 1.66275e-11 2.02021e-04
2.39062e+01 1.85401e-09 1.34187e-05 9.19654e-04 1.39626e-07 2.23329e-11 2.01279e-04
2.39355e+01 -2.29133e-09 1.32930e-05 9.16368e-04 1.38369e-07 1.97413e-11 2.00541e-04
2.39648e+01 1.80134e-09 1.31185e-05 9.13075e-04 1.37178e-07 1.38651e-11 1.99806e-04
2.39941e+01 -2.14139e-09 1.29957e-05 9.09820e-04 1.36079e-07 4.39769e-12 1.99075e-04
2.40234e+01 2.02423e-09 1.28248e-05 9.06557e-04 1.35054e-07 -6.84524e-12 1.98348e-04
2.40527e+01 -1.75343e-09 1.27048e-05 9.03332e-04 1.34105e-07 -1.88169e-11 1.97624e-04
2.40820e+01 2.43263e-09 1.25373e-05 9.00099e-04 1.33214e-07 -2.65246e-11 1.96903e-04
2.41113e+01 -1.22718e-09 1.24200e-05 8.96904e-04 1.32388e-07 -2.96548e-11 1.96187e-04
2.41406e+01 2.93471e-09 1.22559e-05 8.93701e-04 1.31606e-07 -3.12790e-11 1.95473e-04
2.41699e+01 -6.50804e-10 1.21413e-05 8.90535e-04 1.30881e-07 -3.17132e-11 1.94763e-04
2.41992e+01 3.45061e-09 1.19805e-05 8.87362e-04 1.30189e-07 -3.11671e-11 1.94057e-04
2.42285e+01 -1.09814e-10 1.18686e-05 8.84226e-04 1.29525e-07 -3.06337e-11 1.93354e-04
2.42578e+01 3.86882e-09 1.17109e-05 8.81082e-04 1.28857e-07 -2.27233e-11 1.92654e-04
2.42871e+01 2.42692e-10 1.16016e-05 8.77974e-04 1.28148e-07 -1.57820e-11 1.91958e-04
2.43164e+01 3.96531e-09 1.14471e-05 8.74860e-04 1.27346e-07 -9.06003e-12 1.91265e-04
2.43457e+01 1.42492e-10 1.13403e-05 8.71780e-04 1.26435e-07 -3.14998e-12 1.90575e-04
2.43750e+01 3.52741e-09 1.11889e-05 8.68694e-04 1.25394e-07 1.23112e-12 1.89889e-04
2.44043e+01 -5.06257e-10 1.10845e-05 8.65643e-04 1.24252e-07 2.66609e-12 1.89206e-04
2.44336e+01 2.61854e-09 1.09361e-05 8.62586e-04 1.23041e-07 -1.99248e-12 1.88526e-04
2.44629e+01 -1.47868e-09 1.08341e-05 8.59562e-04 1.21820e-07 -9.60904e-12 1.87849e-04
2.44922e+01 1.56925e-09 1.06887e-05 8.56533e-04 1.20630e-07 -1.80815e-11 1.87176e-04
2.45215e+01 -2.39469e-09 1.05891e-05 8.53537e-04 1.19529e-07 -2.50810e-11 1.86506e-04
2.45508e+01 7.50140e-10 1.04465e-05 8.50536e-04 1.18529e-07 -2.75101e-11 1.85839e-04
2.45801e+01 -2.96191e-09 1.03492e-05 8.47567e-04 1.17652e-07 -2.97770e-11 1.85175e-04
2.46094e+01 3.37695e-10 1.02095e-05 8.44593e-04 1.16870e-07 -2.65088e-11 1.84515e-04
2.46387e+01 -3.12817e-09 1.01144e-05 8.41652e-04 1.16173e-07 -1.66028e-11 1.83857e-04
2.46680e+01 2.94427e-10 9.97750e-06 8.38705e-04 1.15532e-07 -2.82208e-12 1.83203e-04
2.46973e+01 -2.95273e-09 9.88454e-06 8.35790e-04 1.14941e-07 1.05717e-11 1.82552e-04
2.47266e+01 5.72471e-10 9.75037e-06 8.32870e-04 1.14375e-07 1.90290e-11 1.81904e-04
2.47559e+01 -2.46841e-09 9.65951e-06 8.29982e-04 1.13842e-07 2.13400e-11 1.81259e-04
2.47852e+01 1.13540e-09 9.52799e-06 8.27088e-04 1.13300e-07 1.75372e-11 1.80617e-04
2.48145e+01 -1.76887e-09 9.43917e-06 8.24226e-04 1.12737e-07 9.04472e-12 1.79978e-04
2.48438e+01 1.81877e-09 9.31025e-06 8.21358e-04 1.12114e-07 -7.95390e-13 1.79342e-04
2.48730e+01 -1.05613e-09 9.22343e-06 8.18522e-04 1.11414e-07 -9.28456e-12 1.78709e-04
2.49023e+01 2.40712e-09 9.09707e-06 8.15680e-04 1.10613e-07 -1.08124e-11 1.78079e-04
2.49316e+01 -5.24453e-10 9.01220e-06 8.12870e-04 1.09717e-07 -3.25496e-12 1.77452e-04
2.49609e+01 2.75391e-09 8.88834e-06 8.10054e-04 1.08723e-07 7.17823e-12 1.76828e-04
2.49902e+01 -2.64940e-10 8.80537e-06 8.07268e-04 1.07670e-07 1.90917e-11 1.76206e-04
2.50195e+01 2.85050e-09 8.68395e-06 8.04478e-04 1.06587e-07 3.00199e-11 1.75588e-04
2.50488e+01 -1.90739e-10 8.60282e-06 8.01717e-04 1.05529e-07 3.69599e-11 1.74973e-04
2.50781e+01 2.85852e-09 8.48378e-06 7.98952e-04 1.04539e-07 3.98002e-11 1.74360e-04
2.51074e+01 -1.07049e-10 8.40443e-06 7.96216e-04 1.03652e-07 3.38075e-11 1.73751e-04
2.51367e+01 2.93034e-09 8.28772e-06 7.93475e-04 1.02873e-07 2.13577e-11 1.73144e-04
2.51660e+01 4.29297e-11 8.21011e-06 7.90764e-04 1.02204e-07 6.75937e-12 1.72540e-04
2.51953e+01 3.02838e-09 8.09569e-06 7.88048e-04 1.01615e-07 -4.56964e-12 1.71939e-04
2.52246e+01 1.45347e-10 8.01981e-06 7.85361e-04 1.01092e-07 -9.21831e-12 1.71340e-04
2.52539e+01 3.01147e-09 7.90764e-06 7.82669e-04 1.00611e-07 -1.58898e-11 1.70745e-04
2.52832e+01 8.52907e-11 7.83342e-06 7.80006e-04 1.00158e-07 -1.49372e-11 1.70152e-04
2.53125e+01 2.79876e-09 7.72346e-06 7.77339e-04 9.97117e-08 -9.33594e-12 1.69562e-04
2.53418e+01 -1.82795e-10 7.65087e-06 7.74699e-04 9.92686e-08 -1.63614e-12 1.68974e-04
2.53711e+01 2.37749e-09 7.54306e-06 7.72055e-04 9.88001e-08 7.03945e-12 1.68390e-04
2.54004e+01 -6.63243e-10 7.47204e-06 7.69439e-04 9.82986e-08 8.24632e-12 1.67808e-04
2.54297e+01 1.74050e-09 7.36633e-06 7.66819e-04 9.77306e-08 5.37421e-12 1.67228e-04
2.54590e+01 -1.37198e-09 7.29686e-06 7.64226e-04 9.70815e-08 3.82315e-12 1.66652e-04
2.54883e+01 8.72827e-10 7.19322e-06 7.61629e-04 9.63353e-08 3.06844e-12 1.66078e-04
2.55176e+01 -2.27721e-09 7.12524e-06 7.59059e-04 9.55039e-08 2.77996e-12 1.65506e-04
2.55469e+01 -1.19621e-10 7.02363e-06 7.56485e-04 9.45932e-08 1.46713e-12 1.64937e-04
2.55762e+01 -3.19608e-09 6.95712e-06 7.53938e-04 9.36486e-08 3.18493e-12 1.64371e-04
2.56055e+01 -9.84877e-10 6.85749e-06 7.51387e-04 9.26875e-08 4.88806e-12 1.63808e-04
2.56348e+01 -3.84524e-09 6.79240e-06 7.48862e-04 9.17608e-08 4.43644e-12 1.63247e-04
2.56641e+01 -1.42546e-09 6.69470e-06 7.46333e-04 9.09024e-08 9.45917e-13 1.62688e-04
2.56934e+01 -3.91792e-09 6.63098e-06 7.43831e-04 9.01510e-08 -6.54925e-12 1.62132e-04
2.57227e+01 -1.17941e-09 6.53517e-06 7.41324e-04 8.95151e-08 -1.40015e-11 1.61579e-04
2.57520e+01 -3.25633e-09 6.47281e-06 7.38843e-04 8.90018e-08 -1.07693e-11 1.61028e-04
2.57812e+01 -2.30177e-10 6.37886e-06 7.36359e-04 8.85772e-08 -1.03798e-11 1.60480e-04
2.58105e+01 -1.99866e-09 6.31780e-06 7.33900e-04 8.82232e-08 -1.03504e-11 1.59934e-04
2.58398e+01 1.17445e-09 6.22567e-06 7.31438e-04 8.79052e-08 -9.98822e-12 1.59391e-04
2.58691e+01 -4.37906e-10 6.16588e-06 7.29000e-04 8.76041e-08 -1.03441e-11 1.58850e-04
2.58984e+01 2.73038e-09 6.07553e-06 7.26559e-04 8.72962e-08 -3.16217e-12 1.58311e-04
2.59277e+01 1.11894e-09 6.01698e-06 7.24143e-04 8.69588e-08 2.12097e-12 1.57775e-04
2.59570e+01 4.10450e-09 5.92837e-06 7.21724e-04 8.65567e-08 2.79950e-12 1.57242e-04
2.59863e+01 2.30746e-09 5.87101e-06 7.19328e-04 8.60754e-08 6.86956e-13 1.56710e-04
2.60156e+01 4.94837e-09 5.78409e-06 7.16930e-04 8.54948e-08 -1.73175e-12 1.56182e-04
2.60449e+01 2.84241e-09 5.72790e-06 7.14556e-04 8.48203e-08 -1.04043e-12 1.55655e-04
2.60742e+01 5.07932e-09 5.64265e-06 7.12178e-04 8.40682e-08 -4.73866e-12 1.55131e-04
2.61035e+01 2.65936e-09 5.58759e-06 7.09824e-04 8.32543e-08 -4.65400e-12 1.54609e-04
2.61328e+01 4.51325e-09 5.50398e-06 7.07468e-04 8.24009e-08 -2.66880e-13 1.54090e-04
2.61621e+01 1.83833e-09 5.45003e-06 7.05134e-04 8.15451e-08 8.20222e-12 1.53573e-04
2.61914e+01 3.40953e-09 5.36803e-06 7.02798e-04 8.07130e-08 2.06705e-11 1.53058e-04
2.62207e+01 6.07673e-10 5.31515e-06 7.00485e-04 7.99473e-08 2.91505e-11 1.52546e-04
2.62500e+01 2.05161e-09 5.23471e-06 6.98169e-04 7.92732e-08 2.86942e-11 1.52035e-04
2.62793e+01 -7.22819e-10 5.18286e-06 6.95876e-04 7.87103e-08 2.78835e-11 1.51528e-04
2.63086e+01 7.23390e-10 5.10395e-06 6.93580e-04 7.82577e-08 2.41622e-11 1.51022e-04
2.63379e+01 -1.92585e-09 5.05312e-06 6.91306e-04 7.79084e-08 1.75902e-11 1.50518e-04
2.63672e+01 -4.19347e-10 4.97571e-06 6.89030e-04 7.76289e-08 1.02724e-11 1.50017e-04
2.63965e+01 -2.91522e-09 4.92585e-06 6.86776e-04 7.74013e-08 -1.76633e-12 1.49518e-04
2.64258e+01 -1.33385e-09 4.84991e-06 6.84520e-04 7.71807e-08 -9.32182e-12 1.49022e-04
2.64551e+01 -3.67805e-09 4.80102e-06 6.82285e-04 7.69427e-08 -1.22920e-11 1.48527e-04
2.64844e+01 -2.01689e-09 4.72652e-06 6.80048e-04 7.66577e-08 -1.22453e-11 1.48035e-04
2.65137e+01 -4.18845e-09 4.67856e-06 6.77832e-04 7.63111e-08 -1.13182e-11 1.47545e-04
2.65430e+01 -2.41854e-09 4.60547e-06 6.75615e-04 7.58844e-08 -1.12910e-11 1.47056e-04
2.65723e+01 -4.37294e-09 4.55841e-06 6.73418e-04 7.53867e-08 -7.07780e-12 1.46571e-04
2.66016e+01 -2.44143e-09 4.48671e-06 6.71219e-04 7.48060e-08 -5.84406e-12 1.46087e-04
2.66309e+01 -4.13494e-09 4.44052e-06 6.69041e-04 7.41616e-08 -7.10556e-12 1.45605e-04
2.66602e+01 -1.98928e-09 4.37016e-06 6.66862e-04 7.34665e-08 -1.00530e-11 1.45126e-04
2.66895e+01 -3.36873e-09 4.32481e-06 6.64702e-04 7.27447e-08 -1.42199e-11 1.44648e-04
2.67188e+01 -9.73913e-10 4.25578e-06 6.62541e-04 7.20164e-08 -1.47768e-11 1.44173e-04
2.67480e+01 -2.03172e-09 4.21126e-06 6.60400e-04 7.13047e-08 -1.36976e-11 1.43700e-04
2.67773e+01 5.77493e-10 4.14352e-06 6.58257e-04 7.06217e-08 -1.40745e-11 1.43229e-04
2.68066e+01 -2.29415e-10 4.09979e-06 6.56135e-04 6.99962e-08 -1.48843e-11 1.42760e-04
2.68359e+01 2.50628e-09 4.03331e-06 6.54010e-04 6.94455e-08 -1.52418e-11 1.42293e-04
2.68652e+01 1.83571e-09 3.99035e-06 6.51905e-04 6.89894e-08 -1.40568e-11 1.41828e-04
2.68945e+01 4.55266e-09 3.92511e-06 6.49799e-04 6.86380e-08 -1.23119e-11 1.41365e-04
2.69238e+01 3.82718e-09 3.88289e-06 6.47712e-04 6.83775e-08 -9.37040e-12 1.40904e-04
2.69531e+01 6.27574e-09 3.81886e-06 6.45623e-04 6.81815e-08 -4.89856e-12 1.40445e-04
2.69824e+01 5.22820e-09 3.77737e-06 6.43554e-04 6.80241e-08 4.93869e-13 1.39988e-04
2.70117e+01 7.17072e-09 3.71452e-06 6.41483e-04 6.78665e-08 5.86206e-12 1.39533e-04
2.70410e+01 5.61660e-09 3.67372e-06 6.39431e-04 6.76828e-08 9.25384e-12 1.39080e-04
2.70703e+01 6.94556e-09 3.61203e-06 6.37378e-04 6.74466e-08 8.72355e-12 1.38629e-04
2.70996e+01 4.84319e-09 3.57190e-06 6.35343e-04 6.71338e-08 6.28045e-12 1.38180e-04
2.71289e+01 5.57005e-09 3.51134e-06 6.33307e-04 6.67305e-08 1.17040e-12 1.37732e-04
2.71582e+01 2.99786e-09 3.47185e-06 6.31289e-04 6.62412e-08 -6.27214e-12 1.37287e-04
2.71875e+01 3.26693e-09 3.41240e-06 6.29271e-04 6.56717e-08 -1.49260e-11 1.36844e-04
2.72168e+01 4.24345e-10 3.37354e-06 6.27270e-04 6.50532e-08 -1.96450e-11 1.36402e-04
2.72461e+01 4.74706e-10 3.31518e-06 6.25268e-04 6.44010e-08 -1.90700e-11 1.35963e-04
2.72754e+01 -2.39824e-09 3.27695e-06 6.23284e-04 6.37402e-08 -1.45122e-11 1.35525e-04
2.73047e+01 -2.33410e-09 3.21966e-06 6.21299e-04 6.30894e-08 -6.98657e-12 1.35089e-04
2.73340e+01 -5.01143e-09 3.18201e-06 6.19331e-04 6.24716e-08 1.56625e-12 1.34655e-04
2.73633e+01 -4.72217e-09 3.12577e-06 6.17363e-04 6.19006e-08 8.93459e-12 1.34223e-04
2.73926e+01 -6.99913e-09 3.08869e-06 6.15412e-04 6.14075e-08 2.09987e-11 1.33793e-04
2.74219e+01 -6.29358e-09 3.03347e-06 6.13460e-04 6.09932e-08 2.75446e-11 1.33365e-04
2.74512e+01 -8.01855e-09 2.99693e-06 6.11525e-04 6.06711e-08 2.84351e-11 1.32938e-04
2.74805e+01 -6.77636e-09 2.94269e-06 6.09590e-04 6.04360e-08 2.40873e-11 1.32514e-04
2.75098e+01 -7.86966e-09 2.90668e-06 6.07671e-04 6.02757e-08 1.62810e-11 1.32091e-04
2.75391e+01 -6.06912e-09 2.85341e-06 6.05752e-04 6.01625e-08 7.66836e-12 1.31670e-04
2.75684e+01 -6.56381e-09 2.81791e-06 6.03849e-04 6.00661e-08 -1.38749e-12 1.31250e-04
2.75977e+01 -4.29236e-09 2.76560e-06 6.01946e-04 5.99409e-08 -7.15188e-12 1.30833e-04
2.76270e+01 -4.31721e-09 2.73059e-06 6.00058e-04 5.97590e-08 -7.69308e-12 1.30417e-04
2.76562e+01 -1.71134e-09 2.67922e-06 5.98171e-04 5.94959e-08 -2.55119e-12 1.30003e-04
2.76855e+01 -1.39980e-09 2.64470e-06 5.96299e-04 5.91452e-08 8.33194e-12 1.29591e-04
2.77148e+01 1.41795e-09 2.59423e-06 5.94428e-04 5.87181e-08 1.18379e-11 1.29180e-04
2.77441e+01 1.94311e-09 2.56015e-06 5.92571e-04 5.82262e-08 1.38751e-11 1.28771e-04
2.77734e+01 4.81674e-09 2.51058e-06 5.90715e-04 5.76869e-08 1.52029e-11 1.28364e-04
2.78027e+01 5.36072e-09 2.47692e-06 5.88874e-04 5.71263e-08 1.50828e-11 1.27959e-04
2.78320e+01 8.05231e-09 2.42822e-06 5.87033e-04 5.65620e-08 1.38577e-11 1.27555e-04
2.78613e+01 8.31371e-09 2.39498e-06 5.85207e-04 5.60135e-08 1.13960e-11 1.27153e-04
2.78906e+01 1.04641e-08 2.34711e-06 5.83382e-04 5.54989e-08 3.05570e-12 1.26753e-04
2.79199e+01 1.00258e-08 2.31427e-06 5.81571e-04 5.50189e-08 -8.59287e-13 1.26354e-04
2.79492e+01 1.11816e-08 2.26724e-06 5.79760e-04 5.45800e-08 -1.57807e-12 1.25957e-04
2.79785e+01 9.65964e-09 2.23478e-06 5.77964e-04 5.41926e-08 -2.83972e-13 1.25562e-04
2.80078e+01 9.66446e-09 2.18856e-06 5.76169e-04 5.38611e-08 9.08887e-13 1.25169e-04
2.80371e+01 7.23688e-09 2.15646e-06 5.74387e-04 5.35981e-08 3.36144e-12 1.24777e-04
2.80664e+01 6.51729e-09 2.11103e-06 5.72606e-04 5.33997e-08 8.06972e-12 1.24386e-04
2.80957e+01 3.64676e-09 2.07928e-06 5.70839e-04 5.32551e-08 1.08352e-11 1.23998e-04
2.81250e+01 2.60186e-09 2.03463e-06 5.69073e-04 5.31442e-08 1.09805e-11 1.23610e-04
2.81543e+01 -3.74469e-10 2.00320e-06 5.67320e-04 5.30433e-08 7.75328e-12 1.23225e-04
2.81836e+01 -1.46367e-09 1.95929e-06 5.65569e-04 5.29203e-08 -2.14608e-13 1.22841e-04
2.82129e+01 -4.30197e-09 1.92819e-06 5.63830e-04 5.27605e-08 9.55069e-13 1.22459e-04
2.82422e+01 -5.21749e-09 1.88503e-06 5.62093e-04 5.25338e-08 -1.08032e-12 1.22078e-04
2.82715e+01 -7.73196e-09 1.85422e-06 5.60368e-04 5.22330e-08 -5.83817e-12 1.21699e-04
2.83008e+01 -8.29393e-09 1.81178e-06 5.58646e-04 5.18581e-08 -1.22530e-11 1.21321e-04
2.83301e+01 -1.03001e-08 1.78125e-06 5.56935e-04 5.14217e-08 -1.92410e-11 1.20945e-04
2.83594e+01 -1.03303e-08 1.73952e-06 5.55226e-04 5.09408e-08 -2.40719e-11 1.20571e-04
2.83887e+01 -1.16588e-08 1.70927e-06 5.53529e-04 5.04435e-08 -2.56054e-11 1.20198e-04
2.84180e+01 -1.10172e-08 1.66823e-06 5.51834e-04 4.99391e-08 -2.59717e-11 1.19827e-04
2.84473e+01 -1.15769e-08 1.63824e-06 5.50151e-04 4.94475e-08 -2.33871e-11 1.19457e-04
2.84766e+01 -1.02057e-08 1.59787e-06 5.48470e-04 4.89807e-08 -1.71196e-11 1.19089e-04
2.85059e+01 -9.97011e-09 1.56813e-06 5.46801e-04 4.85502e-08 -6.38384e-12 1.18722e-04
2.85352e+01 -7.87175e-09 1.52842e-06 5.45133e-04 4.81702e-08 1.39842e-12 1.18356e-04
2.85645e+01 -6.86957e-09 1.49890e-06 5.43477e-04 4.78464e-08 7.52694e-12 1.17993e-04
2.85938e+01 -4.11191e-09 1.45983e-06 5.41823e-04 4.75812e-08 1.43037e-11 1.17630e-04
2.86230e+01 -2.44503e-09 1.43052e-06 5.40180e-04 4.73799e-08 2.03432e-11 1.17270e-04
2.86523e+01 8.42290e-10 1.39208e-06 5.38540e-04 4.72379e-08 2.47478e-11 1.16910e-04
2.86816e+01 2.99825e-09 1.36296e-06 5.36910e-04 4.71445e-08 2.70538e-11 1.16552e-04
2.87109e+01 6.58892e-09 1.32511e-06 5.35283e-04 4.70870e-08 1.92998e-11 1.16196e-04
2.87402e+01 8.93840e-09 1.29617e-06 5.33666e-04 4.70297e-08 1.22698e-11 1.15841e-04
2.87695e+01 1.24467e-08 1.25891e-06 5.32052e-04 4.69417e-08 6.04122e-12 1.15487e-04
2.87988e+01 1.45308e-08 1.23015e-06 5.30448e-04 4.67970e-08 1.11377e-12 1.15135e-04
2.88281e+01 1.74342e-08 1.19346e-06 5.28847e-04 4.65752e-08 -2.64713e-12 1.14785e-04
2.88574e+01 1.86475e-08 1.16485e-06 5.27256e-04 4.62752e-08 -4.74277e-12 1.14435e-04
2.88867e+01 2.02383e-08 1.12873e-06 5.25668e-04 4.59064e-08 -2.74945e-12 1.14088e-04
2.89160e+01 1.96846e-08 1.10026e-06 5.24089e-04 4.54819e-08 -6.21922e-13 1.13741e-04
2.89453e+01 1.87872e-08 1.06469e-06 5.22514e-04 4.50252e-08 4.74480e-14 1.13396e-04
2.89746e+01 1.47740e-08 1.03634e-06 5.20948e-04 4.45614e-08 -2.28871e-12 1.13052e-04
2.90039e+01 9.84344e-09 1.00129e-06 5.19385e-04 4.41080e-08 -9.19930e-12 1.12710e-04
2.90332e+01 3.88756e-09 9.73061e-07 5.17832e-04 4.36899e-08 -1.09639e-11 1.12369e-04
2.90625e+01 -4.00080e-10 9.38527e-07 5.16282e-04 4.33076e-08 -1.30479e-11 1.12030e-04
2.90918e+01 -4.97312e-09 9.10404e-07 5.14740e-04 4.29653e-08 -1.54418e-11 1.11692e-04
2.91211e+01 -8.00657e-09 8.76373e-07 5.13202e-04 4.26649e-08 -1.66706e-11 1.11355e-04
2.91504e+01 -1.12671e-08 8.48346e-07 5.11673e-04 4.24086e-08 -1.62237e-11 1.11020e-04
2.91797e+01 -1.30841e-08 8.14809e-07 5.10148e-04 4.21968e-08 -1.35551e-11 1.10685e-04
2.92090e+01 -1.50925e-08 7.86868e-07 5.08631e-04 4.20381e-08 -9.38687e-12 1.10353e-04
2.92383e+01 -1.57636e-08 7.53809e-07 5.07117e-04 4.19197e-08 -6.22723e-12 1.10021e-04
2.92676e+01 -1.66284e-08 7.25937e-07 5.05612e-04 4.18358e-08 -3.66443e-12 1.09691e-04
2.92969e+01 -1.62829e-08 6.93340e-07 5.04111e-04 4.17712e-08 -1.38509e-12 1.09363e-04
2.93262e+01 -1.61569e-08 6.65527e-07 5.02618e-04 4.17055e-08 1.79152e-12 1.09035e-04
2.93555e+01 -1.49722e-08 6.33378e-07 5.01128e-04 4.16183e-08 1.73096e-12 1.08709e-04
2.93848e+01 -1.40460e-08 6.05605e-07 4.99647e-04 4.14881e-08 -1.92927e-12 1.08384e-04
2.94141e+01 -1.22204e-08 5.73889e-07 4.98169e-04 4.12944e-08 -4.20691e-12 1.08061e-04
2.94434e+01 -1.06845e-08 5.46152e-07 4.96699e-04 4.10328e-08 -5.32848e-12 1.07738e-04
2.94727e+01 -8.37484e-09 5.14861e-07 4.95234e-04 4.07077e-08 -5.33743e-12 1.07417e-04
2.95020e+01 -6.35205e-09 4.87148e-07 4.93775e-04 4.03321e-08 -4.15390e-12 1.07098e-04
2.95312e+01 -3.64738e-09 4.56261e-07 4.92321e-04 3.99337e-08 -8.31647e-12 1.06779e-04
2.95605e+01 -1.21237e-09 4.28554e-07 4.90874e-04 3.95238e-08 -1.09644e-11 1.06462e-04
2.95898e+01 1.79215e-09 3.98064e-07 4.89431e-04 3.91186e-08 -1.18288e-11 1.06146e-04
2.96191e+01 4.52697e-09 3.70359e-07 4.87995e-04 3.87323e-08 -1.05092e-11 1.05832e-04
2.96484e+01 7.70644e-09 3.40254e-07 4.86564e-04 3.83741e-08 -7.16193e-12 1.05518e-04
2.96777e+01 1.05965e-08 3.12539e-07 4.85139e-04 3.80537e-08 -2.12895e-12 1.05206e-04
2.97070e+01 1.38001e-08 2.82809e-07 4.83719e-04 3.77828e-08 7.82045e-12 1.04895e-04
2.97363e+01 1.66837e-08 2.55073e-07 4.82306e-04 3.75578e-08 1.66377e-11 1.04585e-04
2.97656e+01 1.97350e-08 2.25695e-07 4.80897e-04 3.73830e-08 2.27682e-11 1.04277e-04
2.97949e+01 2.24465e-08 1.97917e-07 4.79494e-04 3.72594e-08 2.49799e-11 1.03970e-04
2.98242e+01 2.51982e-08 1.68873e-07 4.78097e-04 3.71821e-08 2.19143e-11 1.03663e-04
2.98535e+01 2.76069e-08 1.41045e-07 4.76705e-04 3.71477e-08 2.04302e-11 1.03359e-04
2.98828e+01 2.99470e-08 1.12332e-07 4.75318e-04 3.71354e-08 1.78633e-11 1.03055e-04
2.99121e+01 3.19476e-08 8.44427e-08 4.73937e-04 3.71187e-08 1.26031e-11 1.02752e-04
2.99414e+01 3.37946e-08 5.60450e-08 4.72561e-04 3.70709e-08 6.74000e-12 1.02451e-04
2.99707e+01 3.53641e-08 2.80874e-08 4.71191e-04 3.69660e-08 1.97904e-12 1.02151e-04
3.00000e+01 3.67852e-08 8.36242e-17 4.69826e-04 3.67852e-08 3.07526e-24 1.01852e-04
