# r h000 h110 h112 c000 c110 c112
2.92969e-02 -9.99997e-01 -3.36975e-07 -3.10350e-07 -3.07442e+01 -3.96440e+00 4.89342e-02
5.85938e-02 -9.99998e-01 -6.45552e-07 -1.35309e-06 -2.93338e+01 -3.75535e+00 1.51965e-01
8.78906e-02 -9.99998e-01 -1.30037e-06 -2.44287e-06 -2.81221e+01 -3.50305e+00 2.62750e-01
1.17188e-01 -9.99999e-01 -2.22558e-06 -3.32429e-06 -2.69382e+01 -3.26077e+00 3.50833e-01
1.46484e-01 -1.00000e+00 -3.18999e-06 -3.96119e-06 -2.58367e+01 -3.04243e+00 4.14364e-01
1.75781e-01 -1.00000e+00 -3.87058e-06 -4.14908e-06 -2.47640e+01 -2.84576e+00 4.64615e-01
2.05078e-01 -1.00000e+00 -4.20907e-06 -4.01720e-06 -2.37378e+01 -2.66943e+00 5.02592e-01
2.34375e-01 -1.00000e+00 -4.21033e-06 -3.63840e-06 -2.27323e+01 -2.50966e+00 5.33649e-01
2.63672e-01 -1.00000e+00 -3.98979e-06 -3.19154e-06 -2.17570e+01 -2.36433e+00 5.58321e-01
2.92969e-01 -1.00000e+00 -3.64903e-06 -2.76649e-06 -2.07974e+01 -2.23053e+00 5.79622e-01
3.22266e-01 -9.99999e-01 -3.30326e-06 -2.46942e-06 -1.98602e+01 -2.10656e+00 5.97764e-01
3.51562e-01 -9.99998e-01 -3.01948e-06 -2.32263e-06 -1.89366e+01 -1.99038e+00 6.14558e-01
3.80859e-01 -9.99998e-01 -2.85034e-06 -2.34930e-06 -1.80321e+01 -1.88081e+00 6.29983e-01
4.10156e-01 -9.99998e-01 -2.80600e-06 -2.51731e-06 -1.71410e+01 -1.77648e+00 6.45135e-01
4.39453e-01 -9.99999e-01 -2.88715e-06 -2.80504e-06 -1.62678e+01 -1.67665e+00 6.59826e-01
4.68750e-01 -9.99999e-01 -3.06913e-06 -3.16183e-06 -1.54088e+01 -1.58045e+00 6.74704e-01
4.98047e-01 -1.00000e+00 -3.32761e-06 -3.55557e-06 -1.45681e+01 -1.48747e+00 6.89472e-01
5.27344e-01 -1.00000e+00 -3.62566e-06 -3.93954e-06 -1.37431e+01 -1.39721e+00 7.04489e-01
5.56641e-01 -1.00000e+00 -3.93230e-06 -4.28689e-06 -1.29372e+01 -1.30948e+00 7.19402e-01
5.85938e-01 -1.00000e+00 -4.21086e-06 -4.56241e-06 -1.21489e+01 -1.22403e+00 7.34387e-01
6.15234e-01 -1.00000e+00 -4.43318e-06 -4.74925e-06 -1.13812e+01 -1.14085e+00 7.49069e-01
6.44531e-01 -1.00000e+00 -4.56962e-06 -4.82532e-06 -1.06331e+01 -1.05982e+00 7.63516e-01
6.73828e-01 -1.00000e+00 -4.60051e-06 -4.78531e-06 -9.90724e+00 -9.81052e-01 7.77356e-01
7.03125e-01 -1.00000e+00 -4.50741e-06 -4.62060e-06 -9.20303e+00 -9.04539e-01 7.90598e-01
7.32422e-01 -1.00000e+00 -4.28220e-06 -4.33747e-06 -8.52299e+00 -8.30431e-01 8.02893e-01
7.61719e-01 -1.00000e+00 -3.91881e-06 -3.93929e-06 -7.86663e+00 -7.58787e-01 8.14222e-01
7.91016e-01 -1.00000e+00 -3.42027e-06 -3.44156e-06 -7.23632e+00 -6.89780e-01 8.24274e-01
8.20312e-01 -9.99999e-01 -2.79091e-06 -2.85603e-06 -6.63171e+00 -6.23496e-01 8.33025e-01
8.49609e-01 -9.99999e-01 -2.04258e-06 -2.20419e-06 -6.05497e+00 -5.60103e-01 8.40212e-01
8.78906e-01 -9.99999e-01 -1.18868e-06 -1.50431e-06 -5.50587e+00 -4.99685e-01 8.45826e-01
9.08203e-01 -1.00000e+00 -2.51865e-07 -7.85727e-07 -4.98641e+00 -4.42384e-01 8.49662e-01
9.37500e-01 -1.00000e+00 7.38108e-07 -8.04193e-08 -4.49641e+00 -3.88254e-01 8.51749e-01
9.66797e-01 -1.00000e+00 1.73333e-06 5.60108e-07 -4.03775e+00 -3.37387e-01 8.51953e-01
9.96094e-01 -1.00000e+00 2.66711e-06 1.07058e-06 -3.61033e+00 -2.89779e-01 8.50365e-01
1.02539e+00 2.67649e+00 4.05765e-01 1.62811e+00 4.60510e-01 1.60317e-01 2.47505e+00
1.05469e+00 2.45743e+00 6.25708e-01 2.57652e+00 6.02786e-01 4.21390e-01 3.41833e+00
1.08398e+00 1.88578e+00 4.42285e-01 1.90595e+00 3.58510e-01 2.75917e-01 2.74093e+00
1.11328e+00 1.43941e+00 3.04826e-01 1.40829e+00 2.06901e-01 1.73299e-01 2.23483e+00
1.14258e+00 1.08507e+00 2.02388e-01 1.03774e+00 1.14961e-01 1.02622e-01 1.85419e+00
1.17188e+00 7.99018e-01 1.26677e-01 7.61542e-01 6.10603e-02 5.56702e-02 1.56635e+00
1.20117e+00 5.66146e-01 7.13459e-02 5.55937e-01 3.10029e-02 2.61622e-02 1.34756e+00
1.23047e+00 3.74625e-01 3.14234e-02 4.03186e-01 1.55250e-02 9.24706e-03 1.18021e+00
1.25977e+00 2.17228e-01 3.05707e-03 2.90081e-01 8.65457e-03 1.17906e-03 1.05113e+00
1.28906e+00 8.74652e-02 -1.67853e-02 2.06559e-01 6.61111e-03 -9.22702e-04 9.50417e-01
1.31836e+00 -1.83276e-02 -3.04227e-02 1.45090e-01 7.05847e-03 7.51472e-04 8.70612e-01
1.34766e+00 -1.04190e-01 -3.96544e-02 9.99007e-02 8.59548e-03 4.56068e-03 8.06097e-01
1.37695e+00 -1.72154e-01 -4.58096e-02 6.67275e-02 1.04134e-02 9.30556e-03 7.52676e-01
1.40625e+00 -2.25110e-01 -4.98875e-02 4.23147e-02 1.20684e-02 1.41364e-02 7.07232e-01
1.43555e+00 -2.64304e-01 -5.25804e-02 2.43309e-02 1.33357e-02 1.84814e-02 6.67489e-01
1.46484e+00 -2.92044e-01 -5.43794e-02 1.10167e-02 1.41178e-02 2.19839e-02 6.31809e-01
1.49414e+00 -3.09132e-01 -5.55824e-02 1.18065e-03 1.43906e-02 2.44538e-02 5.99040e-01
1.52344e+00 -3.17520e-01 -5.63742e-02 -6.06123e-03 1.41717e-02 2.58252e-02 5.68398e-01
1.55273e+00 -3.17691e-01 -5.68246e-02 -1.12472e-02 1.35045e-02 2.61239e-02 5.39376e-01
1.58203e+00 -3.11335e-01 -5.69477e-02 -1.47679e-02 1.24492e-02 2.54397e-02 5.11664e-01
1.61133e+00 -2.98662e-01 -5.66949e-02 -1.68060e-02 1.10788e-02 2.39064e-02 4.85103e-01
1.64062e+00 -2.81153e-01 -5.59961e-02 -1.74889e-02 9.47647e-03 2.16846e-02 4.59631e-01
1.66992e+00 -2.58762e-01 -5.47511e-02 -1.68194e-02 7.73417e-03 1.89503e-02 4.35261e-01
1.69922e+00 -2.32813e-01 -5.28565e-02 -1.47941e-02 5.95005e-03 1.58849e-02 4.12051e-01
1.72852e+00 -2.03018e-01 -5.01983e-02 -1.13349e-02 4.22733e-03 1.26703e-02 3.90089e-01
1.75781e+00 -1.70602e-01 -4.66655e-02 -6.37840e-03 2.67118e-03 9.48329e-03 3.69479e-01
1.78711e+00 -1.35033e-01 -4.21491e-02 1.82664e-04 1.38761e-03 6.49445e-03 3.50339e-01
1.81641e+00 -9.75133e-02 -3.65411e-02 8.43811e-03 4.80509e-04 3.86531e-03 3.32785e-01
1.84570e+00 -5.72397e-02 -2.97451e-02 1.84991e-02 5.10888e-05 1.74972e-03 3.16938e-01
1.87500e+00 -1.54997e-02 -2.16553e-02 3.04725e-02 1.95829e-04 2.92144e-04 3.02918e-01
1.90430e+00 2.88790e-02 -1.21917e-02 4.44590e-02 1.00661e-03 -3.69129e-04 2.90842e-01
1.93359e+00 7.43087e-02 -1.23964e-03 6.05947e-02 2.57099e-03 -1.03535e-04 2.80828e-01
1.96289e+00 1.22646e-01 1.12538e-02 7.89425e-02 4.96956e-03 1.21648e-03 2.72992e-01
1.99219e+00 1.71309e-01 2.54390e-02 9.97019e-02 8.27391e-03 3.69389e-03 2.67421e-01
2.02148e+00 2.24187e-01 4.04187e-02 1.20957e-01 1.21737e-02 7.13400e-03 2.63566e-01
2.05078e+00 2.61909e-01 5.27972e-02 1.37250e-01 1.50115e-02 1.03463e-02 2.59003e-01
2.08008e+00 2.66290e-01 5.83123e-02 1.42239e-01 1.48541e-02 1.16794e-02 2.50932e-01
2.10938e+00 2.47976e-01 5.60972e-02 1.35500e-01 1.19076e-02 1.07364e-02 2.39128e-01
2.13867e+00 2.14884e-01 4.87153e-02 1.21146e-01 7.92703e-03 8.41710e-03 2.25383e-01
2.16797e+00 1.75420e-01 3.92760e-02 1.03940e-01 4.34317e-03 5.77542e-03 2.11504e-01
2.19727e+00 1.33222e-01 2.96189e-02 8.66464e-02 1.79801e-03 3.46777e-03 1.98589e-01
2.22656e+00 9.20046e-02 2.07629e-02 7.07949e-02 3.73811e-04 1.75903e-03 1.87087e-01
2.25586e+00 5.28946e-02 1.31395e-02 5.70230e-02 -1.30538e-04 6.76683e-04 1.77059e-01
2.28516e+00 1.75335e-02 6.85220e-03 4.54818e-02 -1.01510e-05 1.27285e-04 1.68365e-01
2.31445e+00 -1.39191e-02 1.82283e-03 3.60516e-02 4.49745e-04 -2.61309e-05 1.60788e-01
2.34375e+00 -4.06979e-02 -2.11219e-03 2.84827e-02 1.02219e-03 7.94514e-05 1.54103e-01
2.37305e+00 -6.30148e-02 -5.13505e-03 2.24983e-02 1.55018e-03 3.27271e-04 1.48109e-01
2.40234e+00 -8.05356e-02 -7.42714e-03 1.78155e-02 1.94206e-03 6.27912e-04 1.42643e-01
2.43164e+00 -9.36482e-02 -9.13806e-03 1.42000e-02 2.15817e-03 9.18456e-04 1.37580e-01
2.46094e+00 -1.02280e-01 -1.03968e-02 1.14393e-02 2.19676e-03 1.15881e-03 1.32830e-01
2.49023e+00 -1.06924e-01 -1.12936e-02 9.38142e-03 2.08035e-03 1.32667e-03 1.28328e-01
2.51953e+00 -1.07682e-01 -1.19009e-02 7.89198e-03 1.84506e-03 1.41312e-03 1.24030e-01
2.54883e+00 -1.05111e-01 -1.22587e-02 6.88926e-03 1.53223e-03 1.41876e-03 1.19911e-01
2.57812e+00 -9.94262e-02 -1.23980e-02 6.29712e-03 1.18279e-03 1.35098e-03 1.15952e-01
2.60742e+00 -9.12099e-02 -1.23258e-02 6.08075e-03 8.33499e-04 1.22182e-03 1.12147e-01
2.63672e+00 -8.07424e-02 -1.20485e-02 6.19934e-03 5.14858e-04 1.04644e-03 1.08493e-01
2.66602e+00 -6.86000e-02 -1.15571e-02 6.64265e-03 2.50119e-04 8.41952e-04 1.04992e-01
2.69531e+00 -5.50886e-02 -1.08491e-02 7.38492e-03 5.50926e-05 6.26298e-04 1.01645e-01
2.72461e+00 -4.07568e-02 -9.91399e-03 8.42171e-03 -6.16129e-05 4.17201e-04 9.84588e-02
2.75391e+00 -2.59097e-02 -8.75432e-03 9.72532e-03 -9.81045e-05 2.31102e-04 9.54348e-02
2.78320e+00 -1.10550e-02 -7.37084e-03 1.12816e-02 -5.85924e-05 8.20132e-05 9.25746e-02
2.81250e+00 3.51742e-03 -5.78279e-03 1.30473e-02 4.72355e-05 -1.95313e-05 8.98760e-02
2.84180e+00 1.73448e-02 -4.01284e-03 1.49864e-02 2.04914e-04 -6.74882e-05 8.73323e-02
2.87109e+00 3.01578e-02 -2.10608e-03 1.70298e-02 3.95917e-04 -6.10631e-05 8.49319e-02
2.90039e+00 4.15367e-02 -1.14686e-04 1.91116e-02 5.98575e-04 -5.20306e-06 8.26575e-02
2.92969e+00 5.12327e-02 1.88469e-03 2.11309e-02 7.89148e-04 8.93624e-05 8.04863e-02
2.95898e+00 5.88638e-02 3.80679e-03 2.29885e-02 9.43298e-04 2.06596e-04 7.83910e-02
2.98828e+00 6.41991e-02 5.54229e-03 2.45512e-02 1.03795e-03 3.26299e-04 7.63407e-02
3.01758e+00 6.68904e-02 6.97493e-03 2.56896e-02 1.05388e-03 4.26154e-04 7.43038e-02
3.04688e+00 6.67245e-02 7.97529e-03 2.62547e-02 9.79737e-04 4.85245e-04 7.22523e-02
3.07617e+00 6.34494e-02 8.44406e-03 2.61477e-02 8.20034e-04 4.89989e-04 7.01698e-02
3.10547e+00 5.72956e-02 8.34105e-03 2.53383e-02 6.02383e-04 4.40469e-04 6.80613e-02
3.13477e+00 4.87578e-02 7.72521e-03 2.39234e-02 3.72318e-04 3.51451e-04 6.59528e-02
3.16406e+00 3.86114e-02 6.72262e-03 2.20677e-02 1.76046e-04 2.45914e-04 6.38809e-02
3.19336e+00 2.75554e-02 5.49381e-03 1.99791e-02 4.47694e-05 1.46064e-04 6.18800e-02
3.22266e+00 1.63024e-02 4.17942e-03 1.78290e-02 -1.12673e-05 6.71935e-05 5.99737e-02
3.25195e+00 5.36497e-03 2.89313e-03 1.57603e-02 -1.41922e-07 1.60156e-05 5.81732e-02
3.28125e+00 -4.78271e-03 1.70504e-03 1.38544e-02 5.86125e-05 -7.90546e-06 5.64791e-02
3.31055e+00 -1.38551e-02 6.59283e-04 1.21675e-02 1.41282e-04 -9.53269e-06 5.48850e-02
3.33984e+00 -2.15885e-02 -2.30629e-04 1.07106e-02 2.25712e-04 4.17592e-06 5.33811e-02
3.36914e+00 -2.78723e-02 -9.61479e-04 9.48921e-03 2.94779e-04 2.61418e-05 5.19566e-02
3.39844e+00 -3.25973e-02 -1.54578e-03 8.48228e-03 3.37878e-04 5.02910e-05 5.06013e-02
3.42773e+00 -3.57786e-02 -1.99486e-03 7.67662e-03 3.50840e-04 7.20584e-05 4.93064e-02
3.45703e+00 -3.74194e-02 -2.32717e-03 7.04329e-03 3.34942e-04 8.84718e-05 4.80651e-02
3.48633e+00 -3.76258e-02 -2.55469e-03 6.56744e-03 2.95415e-04 9.79967e-05 4.68717e-02
3.51562e+00 -3.64826e-02 -2.69314e-03 6.22278e-03 2.39856e-04 1.00273e-04 4.57222e-02
3.54492e+00 -3.41596e-02 -2.75048e-03 5.99863e-03 1.76752e-04 9.58323e-05 4.46137e-02
3.57422e+00 -3.07973e-02 -2.73790e-03 5.87381e-03 1.14261e-04 8.58274e-05 4.35439e-02
3.60352e+00 -2.66042e-02 -2.65948e-03 5.84198e-03 5.92976e-05 7.18035e-05 4.25110e-02
3.63281e+00 -2.17518e-02 -2.52325e-03 5.88586e-03 1.69518e-05 5.54975e-05 4.15137e-02
3.66211e+00 -1.64639e-02 -2.33145e-03 6.00143e-03 -9.79951e-06 3.86671e-05 4.05507e-02
3.69141e+00 -1.09198e-02 -2.09139e-03 6.17290e-03 -2.01161e-05 2.29422e-05 3.96207e-02
3.72070e+00 -5.33671e-03 -1.80591e-03 6.39618e-03 -1.51036e-05 9.69512e-06 3.87224e-02
3.75000e+00 1.18989e-04 -1.48383e-03 6.65476e-03 2.53316e-06 -6.50390e-08 3.78542e-02
3.77930e+00 5.25513e-03 -1.13055e-03 6.94268e-03 2.89519e-05 -5.77056e-06 3.70142e-02
3.80859e+00 9.93555e-03 -7.57865e-04 7.24142e-03 5.96855e-05 -7.33365e-06 3.62003e-02
3.83789e+00 1.40080e-02 -3.74500e-04 7.54258e-03 9.01752e-05 -5.14219e-06 3.54102e-02
3.86719e+00 1.73796e-02 4.73692e-06 7.82578e-03 1.16266e-04 -2.26020e-09 3.46413e-02
3.89648e+00 1.99489e-02 3.68503e-04 8.08114e-03 1.34642e-04 6.96596e-06 3.38912e-02
3.92578e+00 2.16752e-02 7.00528e-04 8.28823e-03 1.43153e-04 1.44776e-05 3.31575e-02
3.95508e+00 2.25149e-02 9.89248e-04 8.43823e-03 1.41025e-04 2.12572e-05 3.24381e-02
3.98438e+00 2.24850e-02 1.22004e-03 8.51393e-03 1.28907e-04 2.62208e-05 3.17316e-02
4.01367e+00 2.16033e-02 1.38486e-03 8.51142e-03 1.08768e-04 2.86357e-05 3.10371e-02
4.04297e+00 1.99465e-02 1.47492e-03 8.42085e-03 8.36256e-05 2.82326e-05 3.03544e-02
4.07227e+00 1.75943e-02 1.49009e-03 8.24752e-03 5.71270e-05 2.52412e-05 2.96841e-02
4.10156e+00 1.46826e-02 1.43147e-03 7.99281e-03 3.29944e-05 2.03318e-05 2.90274e-02
4.13086e+00 1.13469e-02 1.30963e-03 7.67357e-03 1.44041e-05 1.44609e-05 2.83859e-02
4.16016e+00 7.76380e-03 1.13573e-03 7.30178e-03 3.41511e-06 8.65124e-06 2.77612e-02
4.18945e+00 4.08947e-03 9.27586e-04 6.90141e-03 6.24526e-07 3.77160e-06 2.71546e-02
4.21875e+00 4.95435e-04 6.99736e-04 6.48724e-03 5.16580e-06 3.81496e-07 2.65672e-02
4.24805e+00 -2.88669e-03 4.69138e-04 6.08123e-03 1.50253e-05 -1.32256e-06 2.59992e-02
4.27734e+00 -5.92619e-03 2.46378e-04 5.69295e-03 2.75614e-05 -1.46811e-06 2.54505e-02
4.30664e+00 -8.53947e-03 4.25303e-05 5.33707e-03 4.00619e-05 -4.08417e-07 2.49205e-02
4.33594e+00 -1.06487e-02 -1.38093e-04 5.01573e-03 5.02204e-05 1.39271e-06 2.44083e-02
4.36523e+00 -1.22216e-02 -2.90338e-04 4.73651e-03 5.64487e-05 3.46454e-06 2.39129e-02
4.39453e+00 -1.32307e-02 -4.14715e-04 4.49592e-03 5.80120e-05 5.40290e-06 2.34335e-02
4.42383e+00 -1.36888e-02 -5.09817e-04 4.29708e-03 5.49998e-05 6.91254e-06 2.29689e-02
4.45312e+00 -1.36099e-02 -5.78674e-04 4.13356e-03 4.81800e-05 7.82007e-06 2.25185e-02
4.48242e+00 -1.30426e-02 -6.21539e-04 4.00641e-03 3.87781e-05 8.06792e-06 2.20813e-02
4.51172e+00 -1.20319e-02 -6.42287e-04 3.90821e-03 2.82352e-05 7.69445e-06 2.16568e-02
4.54102e+00 -1.06510e-02 -6.41606e-04 3.83939e-03 1.79754e-05 6.80929e-06 2.12442e-02
4.57031e+00 -8.96484e-03 -6.23419e-04 3.79251e-03 9.21622e-06 5.56629e-06 2.08430e-02
4.59961e+00 -7.05990e-03 -5.88404e-04 3.76797e-03 2.83400e-06 4.13884e-06 2.04526e-02
4.62891e+00 -5.00978e-03 -5.40362e-04 3.75858e-03 -7.07062e-07 2.69766e-06 2.00726e-02
4.65820e+00 -2.90294e-03 -4.79969e-04 3.76481e-03 -1.36392e-06 1.39311e-06 1.97024e-02
4.68750e+00 -8.10650e-04 -4.11016e-04 3.77969e-03 5.29321e-07 3.41695e-07 1.93415e-02
4.71680e+00 1.18681e-03 -3.34331e-04 3.80366e-03 4.34749e-06 -3.82505e-07 1.89894e-02
4.74609e+00 3.03005e-03 -2.53832e-04 3.82992e-03 9.28535e-06 -7.51347e-07 1.86457e-02
4.77539e+00 4.65537e-03 -1.70574e-04 3.85887e-03 1.44800e-05 -7.81479e-07 1.83097e-02
4.80469e+00 6.02249e-03 -8.86013e-05 3.88391e-03 1.91266e-05 -5.28028e-07 1.79811e-02
4.83398e+00 7.09010e-03 -9.08550e-06 3.90557e-03 2.25770e-05 -7.49447e-08 1.76594e-02
4.86328e+00 7.84133e-03 6.40201e-05 3.91767e-03 2.44081e-05 4.78237e-07 1.73443e-02
4.89258e+00 8.25987e-03 1.29740e-04 3.92120e-03 2.44580e-05 1.03016e-06 1.70355e-02
4.92188e+00 8.35334e-03 1.84601e-04 3.91081e-03 2.28229e-05 1.49174e-06 1.67326e-02
4.95117e+00 8.12976e-03 2.28268e-04 3.88833e-03 1.98235e-05 1.79710e-06 1.64356e-02
4.98047e+00 7.61903e-03 2.58199e-04 3.84962e-03 1.59416e-05 1.91144e-06 1.61442e-02
5.00977e+00 6.84987e-03 2.75118e-04 3.79777e-03 1.17419e-05 1.83313e-06 1.58586e-02
5.03906e+00 5.86945e-03 2.77753e-04 3.73009e-03 7.78565e-06 1.59127e-06 1.55788e-02
5.06836e+00 4.72088e-03 2.68103e-04 3.65100e-03 4.55151e-06 1.23793e-06 1.53047e-02
5.09766e+00 3.46138e-03 2.46219e-04 3.55925e-03 2.37279e-06 8.37630e-07 1.50366e-02
5.12695e+00 2.14034e-03 2.15235e-04 3.46035e-03 1.39974e-06 4.55168e-07 1.47744e-02
5.15625e+00 8.16241e-04 1.76167e-04 3.35401e-03 1.59203e-06 1.44725e-07 1.45182e-02
5.18555e+00 -4.64365e-04 1.32737e-04 3.24619e-03 2.74088e-06 -5.80775e-08 1.42681e-02
5.21484e+00 -1.65069e-03 8.62369e-05 3.13676e-03 4.51670e-06 -1.39821e-07 1.40241e-02
5.24414e+00 -2.70723e-03 4.02333e-05 3.03132e-03 6.53130e-06 -1.08271e-07 1.37860e-02
5.27344e+00 -3.59764e-03 -4.40610e-06 2.92918e-03 8.40425e-06 1.20800e-08 1.35538e-02
5.30273e+00 -4.30245e-03 -4.48284e-05 2.83500e-03 9.82009e-06 1.86902e-07 1.33273e-02
5.33203e+00 -4.80283e-03 -8.09547e-05 2.74718e-03 1.05694e-05 3.78996e-07 1.31064e-02
5.36133e+00 -5.09655e-03 -1.10806e-04 2.66928e-03 1.05675e-05 5.54697e-07 1.28909e-02
5.39062e+00 -5.18181e-03 -1.35078e-04 2.59883e-03 9.85259e-06 6.88061e-07 1.26805e-02
5.41992e+00 -5.07189e-03 -1.52518e-04 2.53854e-03 8.56471e-06 7.63354e-07 1.24752e-02
5.44922e+00 -4.77924e-03 -1.64376e-04 2.48531e-03 6.91335e-06 7.75205e-07 1.22746e-02
5.47852e+00 -4.32906e-03 -1.69875e-04 2.44128e-03 5.13866e-06 7.27619e-07 1.20787e-02
5.50781e+00 -3.74389e-03 -1.70573e-04 2.40304e-03 3.47361e-06 6.31654e-07 1.18872e-02
5.53711e+00 -3.05635e-03 -1.65954e-04 2.37241e-03 2.11186e-06 5.02935e-07 1.16999e-02
5.56641e+00 -2.29433e-03 -1.57708e-04 2.34588e-03 1.18519e-06 3.58861e-07 1.15168e-02
5.59570e+00 -1.49305e-03 -1.45440e-04 2.32512e-03 7.52125e-07 2.16282e-07 1.13375e-02
5.62500e+00 -6.80932e-04 -1.30875e-04 2.30665e-03 7.97926e-07 8.95173e-08 1.11619e-02
5.65430e+00 1.08750e-04 -1.13669e-04 2.29211e-03 1.24463e-06 -1.09543e-08 1.09900e-02
5.68359e+00 8.51337e-04 -9.55280e-05 2.27809e-03 1.96835e-06 -7.91818e-08 1.08214e-02
5.71289e+00 1.51941e-03 -7.61189e-05 2.26625e-03 2.82114e-06 -1.13862e-07 1.06562e-02
5.74219e+00 2.09545e-03 -5.70956e-05 2.25335e-03 3.65354e-06 -1.17815e-07 1.04941e-02
5.77148e+00 2.56063e-03 -3.80950e-05 2.24108e-03 4.33524e-06 -9.71690e-08 1.03350e-02
5.80078e+00 2.90665e-03 -2.06762e-05 2.22641e-03 4.77084e-06 -6.00797e-08 1.01789e-02
5.83008e+00 3.12467e-03 -4.39625e-06 2.21116e-03 4.90949e-06 -1.55244e-08 1.00257e-02
5.85938e+00 3.21624e-03 9.33513e-06 2.19253e-03 4.74731e-06 2.80812e-08 9.87516e-03
5.88867e+00 3.18235e-03 2.10993e-05 2.17250e-03 4.32333e-06 6.38404e-08 9.72737e-03
5.91797e+00 3.03359e-03 2.96924e-05 2.14856e-03 3.70975e-06 8.72361e-08 9.58223e-03
5.94727e+00 2.77931e-03 3.58853e-05 2.12291e-03 2.99862e-06 9.63758e-08 9.43972e-03
5.97656e+00 2.43711e-03 3.87187e-05 2.09335e-03 2.28691e-06 9.20157e-08 9.29979e-03
6.00586e+00 2.02219e-03 3.91766e-05 2.06228e-03 1.66238e-06 7.70339e-08 9.16244e-03
6.03516e+00 1.55625e-03 3.65463e-05 2.02779e-03 1.19201e-06 5.57705e-08 9.02763e-03
6.06445e+00 1.05725e-03 3.20053e-05 1.99247e-03 9.14453e-07 3.31071e-08 8.89537e-03
6.09375e+00 5.47787e-04 2.50432e-05 1.95462e-03 8.37267e-07 1.36319e-08 8.76563e-03
6.12305e+00 4.53358e-05 1.69658e-05 1.91691e-03 9.38837e-07 9.00355e-10 8.63839e-03
6.15234e+00 -4.29650e-04 7.37955e-06 1.87776e-03 1.17441e-06 -3.04324e-09 8.51363e-03
6.18164e+00 -8.63024e-04 -2.37883e-06 1.83984e-03 1.48479e-06 2.17381e-09 8.39132e-03
6.21094e+00 -1.23895e-03 -1.26897e-05 1.80157e-03 1.80647e-06 1.53424e-08 8.27142e-03
6.24023e+00 -1.54863e-03 -2.22860e-05 1.76547e-03 2.08123e-06 3.40737e-08 8.15390e-03
6.26953e+00 -1.78237e-03 -3.16253e-05 1.72990e-03 2.26410e-06 5.52581e-08 8.03870e-03
6.29883e+00 -1.93769e-03 -3.95820e-05 1.69716e-03 2.32849e-06 7.56757e-08 7.92578e-03
6.32812e+00 -2.01144e-03 -4.67420e-05 1.66546e-03 2.26817e-06 9.24348e-08 7.81507e-03
6.35742e+00 -2.00736e-03 -5.21474e-05 1.63692e-03 2.09592e-06 1.03409e-07 7.70652e-03
6.38672e+00 -1.92825e-03 -5.65179e-05 1.60959e-03 1.83977e-06 1.07387e-07 7.60007e-03
6.41602e+00 -1.78305e-03 -5.90495e-05 1.58538e-03 1.53722e-06 1.04175e-07 7.49566e-03
6.44531e+00 -1.57913e-03 -6.05688e-05 1.56227e-03 1.22895e-06 9.44453e-08 7.39322e-03
6.47461e+00 -1.32903e-03 -6.03895e-05 1.54200e-03 9.52591e-07 7.95743e-08 7.29269e-03
6.50391e+00 -1.04289e-03 -5.94059e-05 1.52250e-03 7.37725e-07 6.13453e-08 7.19401e-03
6.53320e+00 -7.34889e-04 -5.70091e-05 1.50542e-03 6.02527e-07 4.17014e-08 7.09713e-03
6.56250e+00 -4.16007e-04 -5.41235e-05 1.48867e-03 5.52369e-07 2.24758e-08 7.00198e-03
6.59180e+00 -1.00151e-04 -5.01832e-05 1.47385e-03 5.80402e-07 5.20408e-09 6.90851e-03
6.62109e+00 2.02734e-04 -4.61134e-05 1.45891e-03 6.69740e-07 -9.00852e-09 6.81667e-03
6.65039e+00 4.80691e-04 -4.13650e-05 1.44541e-03 7.96879e-07 -1.95519e-08 6.72640e-03
6.67969e+00 7.26304e-04 -3.68423e-05 1.43136e-03 9.35617e-07 -2.62883e-08 6.63766e-03
6.70898e+00 9.30829e-04 -3.19937e-05 1.41832e-03 1.06102e-06 -2.95067e-08 6.55041e-03
6.73828e+00 1.09037e-03 -2.76864e-05 1.40436e-03 1.15271e-06 -2.97915e-08 6.46460e-03
6.76758e+00 1.20009e-03 -2.33510e-05 1.39108e-03 1.19734e-06 -2.79245e-08 6.38021e-03
6.79688e+00 1.26001e-03 -1.98053e-05 1.37661e-03 1.18963e-06 -2.47217e-08 6.29719e-03
6.82617e+00 1.26928e-03 -1.64504e-05 1.36259e-03 1.13236e-06 -2.09506e-08 6.21553e-03
6.85547e+00 1.23163e-03 -1.40451e-05 1.34724e-03 1.03512e-06 -1.72071e-08 6.13519e-03
6.88477e+00 1.14972e-03 -1.19536e-05 1.33221e-03 9.12279e-07 -1.38938e-08 6.05615e-03
6.91406e+00 1.03028e-03 -1.08710e-05 1.31584e-03 7.80453e-07 -1.11756e-08 5.97840e-03
6.94336e+00 8.78539e-04 -1.01223e-05 1.29981e-03 6.55931e-07 -9.02614e-09 5.90192e-03
6.97266e+00 7.03112e-04 -1.03410e-05 1.28252e-03 5.52392e-07 -7.25567e-09 5.82668e-03
7.00195e+00 5.10604e-04 -1.08176e-05 1.26568e-03 4.79222e-07 -5.59528e-09 5.75268e-03
7.03125e+00 3.10282e-04 -1.21326e-05 1.24776e-03 4.40617e-07 -3.75702e-09 5.67990e-03
7.06055e+00 1.08846e-04 -1.35539e-05 1.23048e-03 4.35500e-07 -1.50732e-09 5.60832e-03
7.08984e+00 -8.50210e-05 -1.56245e-05 1.21236e-03 4.58220e-07 1.28595e-09 5.53794e-03
7.11914e+00 -2.65663e-04 -1.76065e-05 1.19509e-03 4.99809e-07 4.62893e-09 5.46872e-03
7.14844e+00 -4.25999e-04 -2.00242e-05 1.17724e-03 5.49617e-07 8.39308e-09 5.40066e-03
7.17773e+00 -5.62282e-04 -2.21524e-05 1.16046e-03 5.96989e-07 1.23462e-08 5.33374e-03
7.20703e+00 -6.69714e-04 -2.45155e-05 1.14331e-03 6.32809e-07 1.61766e-08 5.26794e-03
7.23633e+00 -7.46951e-04 -2.64172e-05 1.12740e-03 6.50630e-07 1.95565e-08 5.20323e-03
7.26562e+00 -7.91759e-04 -2.83958e-05 1.11128e-03 6.47339e-07 2.21723e-08 5.13960e-03
7.29492e+00 -8.05277e-04 -2.97946e-05 1.09650e-03 6.23246e-07 2.37853e-08 5.07703e-03
7.32422e+00 -7.87726e-04 -3.11731e-05 1.08161e-03 5.81702e-07 2.42425e-08 5.01548e-03
7.35352e+00 -7.42443e-04 -3.19172e-05 1.06807e-03 5.28295e-07 2.35092e-08 4.95494e-03
7.38281e+00 -6.71657e-04 -3.26080e-05 1.05443e-03 4.69832e-07 2.16513e-08 4.89538e-03
7.41211e+00 -5.80330e-04 -3.26705e-05 1.04210e-03 4.13237e-07 1.88356e-08 4.83678e-03
7.44141e+00 -4.72026e-04 -3.27019e-05 1.02962e-03 3.64551e-07 1.52926e-08 4.77911e-03
7.47070e+00 -3.52591e-04 -3.21591e-05 1.01836e-03 3.28164e-07 1.12971e-08 4.72236e-03
7.50000e+00 -2.26141e-04 -3.16476e-05 1.00685e-03 3.06353e-07 7.12984e-09 4.66650e-03
7.52930e+00 -9.86182e-05 -3.06469e-05 9.96429e-04 2.99173e-07 3.05441e-09 4.61150e-03
7.55859e+00 2.60803e-05 -2.97621e-05 9.85657e-04 3.04668e-07 -7.06099e-10 4.55735e-03
7.58789e+00 1.42636e-04 -2.84869e-05 9.75839e-04 3.19349e-07 -3.98393e-09 4.50402e-03
7.61719e+00 2.48028e-04 -2.74184e-05 9.65556e-04 3.38836e-07 -6.66959e-09 4.45150e-03
7.64648e+00 3.38124e-04 -2.60574e-05 9.56100e-04 3.58564e-07 -8.71559e-09 4.39977e-03
7.67578e+00 4.11235e-04 -2.49869e-05 9.46082e-04 3.74440e-07 -1.01220e-08 4.34880e-03
7.70508e+00 4.64763e-04 -2.37091e-05 9.36784e-04 3.83374e-07 -1.09333e-08 4.29860e-03
7.73438e+00 4.98574e-04 -2.27891e-05 9.26854e-04 3.83603e-07 -1.12156e-08 4.24913e-03
7.76367e+00 5.11694e-04 -2.17267e-05 9.17565e-04 3.74816e-07 -1.10533e-08 4.20038e-03
7.79297e+00 5.05519e-04 -2.10663e-05 9.07603e-04 3.58034e-07 -1.05273e-08 4.15235e-03
7.82227e+00 4.80559e-04 -2.03035e-05 8.98237e-04 3.35341e-07 -9.71630e-09 4.10501e-03
7.85156e+00 4.39496e-04 -1.99612e-05 8.88187e-04 3.09473e-07 -8.68244e-09 4.05837e-03
7.88086e+00 3.83984e-04 -1.95302e-05 8.78720e-04 2.83366e-07 -7.47827e-09 4.01241e-03
7.91016e+00 3.17585e-04 -1.95128e-05 8.68590e-04 2.59717e-07 -6.14079e-09 3.96711e-03
7.93945e+00 2.42633e-04 -1.93961e-05 8.59055e-04 2.40624e-07 -4.70144e-09 3.92248e-03
7.96875e+00 1.63072e-04 -1.96643e-05 8.48901e-04 2.27349e-07 -3.18610e-09 3.87849e-03
7.99805e+00 8.14089e-05 -1.98035e-05 8.39375e-04 2.20222e-07 -1.62308e-09 3.83515e-03
8.02734e+00 1.46582e-06 -2.02830e-05 8.29288e-04 2.18690e-07 -4.52138e-11 3.79244e-03
8.05664e+00 -7.45570e-05 -2.05916e-05 8.19873e-04 2.21481e-07 1.50797e-09 3.75035e-03
8.08594e+00 -1.43393e-04 -2.11879e-05 8.09961e-04 2.26865e-07 2.98894e-09 3.70887e-03
8.11523e+00 -2.03529e-04 -2.15676e-05 8.00766e-04 2.32939e-07 4.34674e-09 3.66800e-03
8.14453e+00 -2.52566e-04 -2.21829e-05 7.91134e-04 2.37923e-07 5.52690e-09 3.62773e-03
8.17383e+00 -2.89918e-04 -2.25397e-05 7.82255e-04 2.40395e-07 6.48067e-09 3.58803e-03
8.20312e+00 -3.14209e-04 -2.30874e-05 7.72988e-04 2.39463e-07 7.16456e-09 3.54892e-03
8.23242e+00 -3.25857e-04 -2.33450e-05 7.64498e-04 2.34832e-07 7.55042e-09 3.51037e-03
8.26172e+00 -3.24507e-04 -2.37616e-05 7.55651e-04 2.26792e-07 7.62278e-09 3.47237e-03
8.29102e+00 -3.11505e-04 -2.38706e-05 7.47586e-04 2.16111e-07 7.38635e-09 3.43492e-03
8.32031e+00 -2.87370e-04 -2.41217e-05 7.39177e-04 2.03883e-07 6.86045e-09 3.39800e-03
8.34961e+00 -2.54173e-04 -2.40627e-05 7.31538e-04 1.91332e-07 6.08235e-09 3.36160e-03
8.37891e+00 -2.13057e-04 -2.41434e-05 7.23553e-04 1.79631e-07 5.09981e-09 3.32572e-03
8.40820e+00 -1.66530e-04 -2.39247e-05 7.16312e-04 1.69735e-07 3.97074e-09 3.29034e-03
8.43750e+00 -1.16049e-04 -2.38554e-05 7.08708e-04 1.62268e-07 2.75593e-09 3.25545e-03
8.46680e+00 -6.42387e-05 -2.35073e-05 7.01811e-04 1.57469e-07 1.51669e-09 3.22104e-03
8.49609e+00 -1.25484e-05 -2.33261e-05 6.94529e-04 1.55191e-07 3.09853e-10 3.18711e-03
8.52539e+00 3.65851e-05 -2.28925e-05 6.87912e-04 1.54963e-07 -8.15028e-10 3.15363e-03
8.55469e+00 8.20027e-05 -2.26470e-05 6.80884e-04 1.56087e-07 -1.81719e-09 3.12062e-03
8.58398e+00 1.21706e-04 -2.21767e-05 6.74481e-04 1.57761e-07 -2.66704e-09 3.08804e-03
8.61328e+00 1.55037e-04 -2.19154e-05 6.67643e-04 1.59196e-07 -3.34430e-09 3.05591e-03
8.64258e+00 1.80601e-04 -2.14549e-05 6.61394e-04 1.59734e-07 -3.83990e-09 3.02420e-03
8.67188e+00 1.98357e-04 -2.12205e-05 6.54691e-04 1.58919e-07 -4.15184e-09 2.99292e-03
8.70117e+00 2.07576e-04 -2.08076e-05 6.48549e-04 1.56548e-07 -4.28693e-09 2.96205e-03
8.73047e+00 2.08850e-04 -2.06324e-05 6.41944e-04 1.52666e-07 -4.25584e-09 2.93159e-03
8.75977e+00 2.02080e-04 -2.02929e-05 6.35878e-04 1.47542e-07 -4.07501e-09 2.90153e-03
8.78906e+00 1.88412e-04 -2.01958e-05 6.29348e-04 1.41601e-07 -3.76213e-09 2.87186e-03
8.81836e+00 1.68259e-04 -1.99417e-05 6.23346e-04 1.35353e-07 -3.33818e-09 2.84259e-03
8.84766e+00 1.43165e-04 -1.99280e-05 6.16886e-04 1.29307e-07 -2.82403e-09 2.81369e-03
8.87695e+00 1.13876e-04 -1.97579e-05 6.10950e-04 1.23904e-07 -2.24222e-09 2.78518e-03
8.90625e+00 8.21415e-05 -1.98203e-05 6.04570e-04 1.19455e-07 -1.61485e-09 2.75703e-03
8.93555e+00 4.88322e-05 -1.97216e-05 5.98715e-04 1.16114e-07 -9.64609e-10 2.72926e-03
8.96484e+00 1.56964e-05 -1.98432e-05 5.92433e-04 1.13870e-07 -3.13693e-10 2.70184e-03
8.99414e+00 -1.64719e-05 -1.97953e-05 5.86682e-04 1.12566e-07 3.16282e-10 2.67479e-03
9.02344e+00 -4.61131e-05 -1.99530e-05 5.80524e-04 1.11936e-07 9.04558e-10 2.64808e-03
9.05273e+00 -7.26769e-05 -1.99315e-05 5.74903e-04 1.11651e-07 1.43247e-09 2.62172e-03
9.08203e+00 -9.49348e-05 -2.01003e-05 5.68893e-04 1.11378e-07 1.88309e-09 2.59571e-03
9.11133e+00 -1.12694e-04 -2.00805e-05 5.63425e-04 1.10821e-07 2.24325e-09 2.57003e-03
9.14062e+00 -1.25138e-04 -2.02374e-05 5.57585e-04 1.09765e-07 2.50257e-09 2.54468e-03
9.16992e+00 -1.32481e-04 -2.01986e-05 5.52288e-04 1.08093e-07 2.65573e-09 2.51965e-03
9.19922e+00 -1.34334e-04 -2.03255e-05 5.46632e-04 1.05799e-07 2.70090e-09 2.49495e-03
9.22852e+00 -1.31302e-04 -2.02527e-05 5.41517e-04 1.02971e-07 2.64165e-09 2.47056e-03
9.25781e+00 -1.23379e-04 -2.03386e-05 5.36050e-04 9.97751e-08 2.48493e-09 2.44648e-03
9.28711e+00 -1.11490e-04 -2.02244e-05 5.31118e-04 9.64181e-08 2.24236e-09 2.42271e-03
9.31641e+00 -9.59180e-05 -2.02655e-05 5.25837e-04 9.31182e-08 1.92792e-09 2.39924e-03
9.34570e+00 -7.77959e-05 -2.01098e-05 5.21079e-04 9.00708e-08 1.55854e-09 2.37606e-03
9.37500e+00 -5.75717e-05 -2.01094e-05 5.15973e-04 8.74227e-08 1.15206e-09 2.35317e-03
9.40430e+00 -3.64583e-05 -1.99184e-05 5.11376e-04 8.52564e-08 7.27049e-10 2.33057e-03
9.43359e+00 -1.49354e-05 -1.98851e-05 5.06428e-04 8.35842e-08 3.01452e-10 2.30825e-03
9.46289e+00 5.83447e-06 -1.96691e-05 5.01974e-04 8.23535e-08 -1.08024e-10 2.28620e-03
9.49219e+00 2.54621e-05 -1.96148e-05 4.97164e-04 8.14600e-08 -4.86487e-10 2.26442e-03
9.52148e+00 4.29453e-05 -1.93866e-05 4.92833e-04 8.07678e-08 -8.21660e-10 2.24291e-03
9.55078e+00 5.80814e-05 -1.93241e-05 4.88142e-04 8.01315e-08 -1.10364e-09 2.22166e-03
9.58008e+00 7.01060e-05 -1.90962e-05 4.83916e-04 7.94173e-08 -1.32578e-09 2.20067e-03
9.60938e+00 7.90608e-05 -1.90376e-05 4.79327e-04 7.85209e-08 -1.48379e-09 2.17993e-03
9.63867e+00 8.44565e-05 -1.88208e-05 4.75191e-04 7.73789e-08 -1.57659e-09 2.15944e-03
9.66797e+00 8.65957e-05 -1.87755e-05 4.70691e-04 7.59735e-08 -1.60504e-09 2.13920e-03
9.69727e+00 8.52589e-05 -1.85777e-05 4.66632e-04 7.43307e-08 -1.57275e-09 2.11920e-03
9.72656e+00 8.09859e-05 -1.85517e-05 4.62212e-04 7.25114e-08 -1.48470e-09 2.09944e-03
9.75586e+00 7.37855e-05 -1.83771e-05 4.58226e-04 7.05998e-08 -1.34787e-09 2.07991e-03
9.78516e+00 6.43784e-05 -1.83728e-05 4.53882e-04 6.86884e-08 -1.17003e-09 2.06062e-03
9.81445e+00 5.29326e-05 -1.82217e-05 4.49966e-04 6.68644e-08 -9.60200e-10 2.04155e-03
9.84375e+00 4.02721e-05 -1.82380e-05 4.45698e-04 6.51976e-08 -7.27617e-10 2.02271e-03
9.87305e+00 2.66406e-05 -1.81078e-05 4.41855e-04 6.37319e-08 -4.81974e-10 2.00410e-03
9.90234e+00 1.28797e-05 -1.81406e-05 4.37666e-04 6.24822e-08 -2.32746e-10 1.98570e-03
9.93164e+00 -7.76091e-07 -1.80262e-05 4.33900e-04 6.14343e-08 1.09195e-11 1.96752e-03
9.96094e+00 -1.35477e-05 -1.80697e-05 4.29796e-04 6.05505e-08 2.40495e-10 1.94955e-03
9.99023e+00 -2.52839e-05 -1.79647e-05 4.26112e-04 5.97769e-08 4.48467e-10 1.93180e-03
1.00195e+01 -3.53321e-05 -1.80123e-05 4.22098e-04 5.90529e-08 6.28287e-10 1.91425e-03
1.00488e+01 -4.36777e-05 -1.79101e-05 4.18502e-04 5.83200e-08 7.74951e-10 1.89691e-03
1.00781e+01 -4.98353e-05 -1.79555e-05 4.14583e-04 5.75305e-08 8.84651e-10 1.87976e-03
1.01074e+01 -5.39541e-05 -1.78503e-05 4.11079e-04 5.66525e-08 9.55426e-10 1.86282e-03
1.01367e+01 -5.57293e-05 -1.78883e-05 4.07258e-04 5.56734e-08 9.86570e-10 1.84608e-03
1.01660e+01 -5.54742e-05 -1.77756e-05 4.03847e-04 5.45993e-08 9.79228e-10 1.82952e-03
1.01953e+01 -5.30515e-05 -1.78028e-05 4.00125e-04 5.34524e-08 9.35665e-10 1.81316e-03
1.02246e+01 -4.89147e-05 -1.76802e-05 3.96808e-04 5.22660e-08 8.59701e-10 1.79699e-03
1.02539e+01 -4.30594e-05 -1.76951e-05 3.93182e-04 5.10790e-08 7.55954e-10 1.78100e-03
1.02832e+01 -3.60369e-05 -1.75620e-05 3.89956e-04 4.99292e-08 6.30076e-10 1.76519e-03
1.03125e+01 -2.79265e-05 -1.75651e-05 3.86424e-04 4.88482e-08 4.88077e-10 1.74956e-03
1.03418e+01 -1.93243e-05 -1.74228e-05 3.83284e-04 4.78577e-08 3.36363e-10 1.73411e-03
1.03711e+01 -1.03384e-05 -1.74160e-05 3.79839e-04 4.69669e-08 1.81242e-10 1.71883e-03
1.04004e+01 -1.55480e-06 -1.72670e-05 3.76780e-04 4.61726e-08 2.87923e-11 1.70373e-03
1.04297e+01 6.94237e-06 -1.72534e-05 3.73417e-04 4.54606e-08 -1.15388e-10 1.68879e-03
1.04590e+01 1.46256e-05 -1.71010e-05 3.70431e-04 4.48091e-08 -2.46431e-10 1.67402e-03
1.04883e+01 2.14781e-05 -1.70841e-05 3.67143e-04 4.41921e-08 -3.60198e-10 1.65942e-03
1.05176e+01 2.70667e-05 -1.69318e-05 3.64225e-04 4.35835e-08 -4.53593e-10 1.64497e-03
1.05469e+01 3.14707e-05 -1.69149e-05 3.61005e-04 4.29610e-08 -5.24342e-10 1.63069e-03
1.05762e+01 3.43710e-05 -1.67659e-05 3.58149e-04 4.23084e-08 -5.71326e-10 1.61656e-03
1.06055e+01 3.59538e-05 -1.67518e-05 3.54994e-04 4.16176e-08 -5.94202e-10 1.60259e-03
1.06348e+01 3.60162e-05 -1.66083e-05 3.52196e-04 4.08888e-08 -5.93712e-10 1.58877e-03
1.06641e+01 3.48456e-05 -1.65989e-05 3.49101e-04 4.01293e-08 -5.71230e-10 1.57510e-03
1.06934e+01 3.23415e-05 -1.64624e-05 3.46358e-04 3.93521e-08 -5.29004e-10 1.56158e-03
1.07227e+01 2.88718e-05 -1.64586e-05 3.43321e-04 3.85732e-08 -4.69710e-10 1.54821e-03
1.07520e+01 2.44118e-05 -1.63293e-05 3.40631e-04 3.78091e-08 -3.96607e-10 1.53499e-03
1.07812e+01 1.93795e-05 -1.63310e-05 3.37651e-04 3.70743e-08 -3.13148e-10 1.52190e-03
1.08105e+01 1.37921e-05 -1.62083e-05 3.35015e-04 3.63794e-08 -2.23037e-10 1.50896e-03
1.08398e+01 8.08218e-06 -1.62146e-05 3.32092e-04 3.57300e-08 -1.29950e-10 1.49616e-03
1.08691e+01 2.27304e-06 -1.60973e-05 3.29508e-04 3.51264e-08 -3.74852e-11 1.48349e-03
1.08984e+01 -3.22255e-06 -1.61065e-05 3.26643e-04 3.45638e-08 5.09859e-11 1.47096e-03
1.09277e+01 -8.40765e-06 -1.59929e-05 3.24113e-04 3.40338e-08 1.32451e-10 1.45857e-03
1.09570e+01 -1.29181e-05 -1.60033e-05 3.21306e-04 3.35260e-08 2.04276e-10 1.44631e-03
1.09863e+01 -1.68082e-05 -1.58914e-05 3.18831e-04 3.30290e-08 2.64393e-10 1.43417e-03
1.10156e+01 -1.97819e-05 -1.59014e-05 3.16083e-04 3.25330e-08 3.11201e-10 1.42217e-03
1.10449e+01 -2.19588e-05 -1.57896e-05 3.13664e-04 3.20302e-08 3.43772e-10 1.41030e-03
1.10742e+01 -2.31195e-05 -1.57974e-05 3.10974e-04 3.15162e-08 3.61661e-10 1.39855e-03
1.11035e+01 -2.34522e-05 -1.56844e-05 3.08610e-04 3.09901e-08 3.65101e-10 1.38692e-03
1.11328e+01 -2.28111e-05 -1.56891e-05 3.05979e-04 3.04542e-08 3.54747e-10 1.37542e-03
1.11621e+01 -2.14449e-05 -1.55741e-05 3.03670e-04 2.99135e-08 3.31837e-10 1.36403e-03
1.11914e+01 -1.92694e-05 -1.55752e-05 3.01096e-04 2.93744e-08 2.97917e-10 1.35277e-03
1.12207e+01 -1.65777e-05 -1.54579e-05 2.98840e-04 2.88439e-08 2.54937e-10 1.34162e-03
1.12500e+01 -1.33275e-05 -1.54553e-05 2.96322e-04 2.83284e-08 2.05011e-10 1.33059e-03
1.12793e+01 -9.83508e-06 -1.53360e-05 2.94117e-04 2.78327e-08 1.50439e-10 1.31968e-03
1.13086e+01 -6.07711e-06 -1.53303e-05 2.91653e-04 2.73599e-08 9.35223e-11 1.30887e-03
1.13379e+01 -2.36997e-06 -1.52095e-05 2.89498e-04 2.69104e-08 3.65332e-11 1.29818e-03
1.13672e+01 1.31346e-06 -1.52016e-05 2.87085e-04 2.64827e-08 -1.83954e-11 1.28760e-03
1.13965e+01 4.67796e-06 -1.50803e-05 2.84976e-04 2.60734e-08 -6.93488e-11 1.27713e-03
1.14258e+01 7.77381e-06 -1.50709e-05 2.82612e-04 2.56780e-08 -1.14653e-10 1.26676e-03
1.14551e+01 1.03436e-05 -1.49501e-05 2.80547e-04 2.52915e-08 -1.52985e-10 1.25650e-03
1.14844e+01 1.24744e-05 -1.49404e-05 2.78229e-04 2.49094e-08 -1.83315e-10 1.24634e-03
1.15137e+01 1.39566e-05 -1.48210e-05 2.76206e-04 2.45279e-08 -2.05029e-10 1.23629e-03
1.15430e+01 1.49206e-05 -1.48117e-05 2.73933e-04 2.41447e-08 -2.17810e-10 1.22634e-03
1.15723e+01 1.52073e-05 -1.46943e-05 2.71950e-04 2.37587e-08 -2.21753e-10 1.21648e-03
1.16016e+01 1.49899e-05 -1.46861e-05 2.69719e-04 2.33706e-08 -2.17211e-10 1.20673e-03
1.16309e+01 1.41551e-05 -1.45712e-05 2.67775e-04 2.29820e-08 -2.04891e-10 1.19708e-03
1.16602e+01 1.29115e-05 -1.45643e-05 2.65585e-04 2.25956e-08 -1.85686e-10 1.18752e-03
1.16895e+01 1.11821e-05 -1.44520e-05 2.63679e-04 2.22143e-08 -1.60739e-10 1.17806e-03
1.17188e+01 9.19865e-06 -1.44465e-05 2.61529e-04 2.18409e-08 -1.31295e-10 1.16869e-03
1.17480e+01 6.90659e-06 -1.43368e-05 2.59660e-04 2.14777e-08 -9.87222e-11 1.15941e-03
1.17773e+01 4.54649e-06 -1.43324e-05 2.57549e-04 2.11263e-08 -6.44018e-11 1.15023e-03
1.18066e+01 2.07092e-06 -1.42248e-05 2.55717e-04 2.07870e-08 -2.97109e-11 1.14114e-03
1.18359e+01 -2.85531e-07 -1.42212e-05 2.53646e-04 2.04596e-08 4.04443e-12 1.13214e-03
1.18652e+01 -2.57730e-06 -1.41153e-05 2.51849e-04 2.01427e-08 3.56734e-11 1.12322e-03
1.18945e+01 -4.58864e-06 -1.41119e-05 2.49817e-04 1.98346e-08 6.41201e-11 1.11440e-03
1.19238e+01 -6.39237e-06 -1.40072e-05 2.48057e-04 1.95331e-08 8.85278e-11 1.10566e-03
1.19531e+01 -7.80088e-06 -1.40035e-05 2.46064e-04 1.92363e-08 1.08213e-10 1.09701e-03
1.19824e+01 -8.91259e-06 -1.38994e-05 2.44339e-04 1.89424e-08 1.22738e-10 1.08844e-03
1.20117e+01 -9.57271e-06 -1.38950e-05 2.42384e-04 1.86501e-08 1.31847e-10 1.07995e-03
1.20410e+01 -9.90770e-06 -1.37910e-05 2.40695e-04 1.83590e-08 1.35539e-10 1.07155e-03
1.20703e+01 -9.79555e-06 -1.37856e-05 2.38778e-04 1.80690e-08 1.33976e-10 1.06323e-03
1.20996e+01 -9.38853e-06 -1.36816e-05 2.37123e-04 1.77807e-08 1.27543e-10 1.05498e-03
1.21289e+01 -8.59306e-06 -1.36750e-05 2.35243e-04 1.74951e-08 1.16750e-10 1.04682e-03
1.21582e+01 -7.58122e-06 -1.35709e-05 2.33622e-04 1.72134e-08 1.02271e-10 1.03874e-03
1.21875e+01 -6.28020e-06 -1.35630e-05 2.31778e-04 1.69369e-08 8.48499e-11 1.03073e-03
1.22168e+01 -4.87328e-06 -1.34588e-05 2.30190e-04 1.66664e-08 6.53193e-11 1.02281e-03
1.22461e+01 -3.29898e-06 -1.34498e-05 2.28381e-04 1.64027e-08 4.45247e-11 1.01495e-03
1.22754e+01 -1.74207e-06 -1.33456e-05 2.26825e-04 1.61462e-08 2.33183e-11 1.00717e-03
1.23047e+01 -1.42589e-07 -1.33358e-05 2.25050e-04 1.58966e-08 2.51272e-12 9.99469e-04
1.23340e+01 1.32246e-06 -1.32319e-05 2.23525e-04 1.56535e-08 -1.71443e-11 9.91838e-04
1.23633e+01 2.72018e-06 -1.32214e-05 2.21783e-04 1.54160e-08 -3.49860e-11 9.84278e-04
1.23926e+01 3.88895e-06 -1.31181e-05 2.20287e-04 1.51834e-08 -5.04644e-11 9.76790e-04
1.24219e+01 4.90946e-06 -1.31074e-05 2.18577e-04 1.49545e-08 -6.31373e-11 9.69372e-04
1.24512e+01 5.64041e-06 -1.30049e-05 2.17110e-04 1.47287e-08 -7.27111e-11 9.62024e-04
1.24805e+01 6.17965e-06 -1.29941e-05 2.15430e-04 1.45052e-08 -7.90049e-11 9.54745e-04
1.25098e+01 6.40806e-06 -1.28927e-05 2.13991e-04 1.42837e-08 -8.19917e-11 9.47534e-04
1.25391e+01 6.44109e-06 -1.28820e-05 2.12341e-04 1.40641e-08 -8.17470e-11 9.40390e-04
1.25684e+01 6.18061e-06 -1.27818e-05 2.10928e-04 1.38465e-08 -7.84830e-11 9.33312e-04
1.25977e+01 5.75724e-06 -1.27713e-05 2.09307e-04 1.36314e-08 -7.24906e-11 9.26300e-04
1.26270e+01 5.09011e-06 -1.26724e-05 2.07921e-04 1.34192e-08 -6.41632e-11 9.19353e-04
1.26562e+01 4.32034e-06 -1.26621e-05 2.06328e-04 1.32103e-08 -5.39410e-11 9.12470e-04
1.26855e+01 3.37878e-06 -1.25644e-05 2.04968e-04 1.30053e-08 -4.23214e-11 9.05650e-04
1.27148e+01 2.41105e-06 -1.25544e-05 2.03403e-04 1.28044e-08 -2.98143e-11 8.98893e-04
1.27441e+01 1.35335e-06 -1.24578e-05 2.02067e-04 1.26078e-08 -1.69387e-11 8.92198e-04
1.27734e+01 3.49498e-07 -1.24478e-05 2.00530e-04 1.24156e-08 -4.19332e-12 8.85565e-04
1.28027e+01 -6.65181e-07 -1.23522e-05 1.99219e-04 1.22274e-08 7.95727e-12 8.78992e-04
1.28320e+01 -1.55440e-06 -1.23422e-05 1.97709e-04 1.20431e-08 1.90950e-11 8.72478e-04
1.28613e+01 -2.38888e-06 -1.22474e-05 1.96423e-04 1.18622e-08 2.88698e-11 8.66025e-04
1.28906e+01 -3.04420e-06 -1.22372e-05 1.94939e-04 1.16842e-08 3.69948e-11 8.59629e-04
1.29199e+01 -3.60070e-06 -1.21430e-05 1.93677e-04 1.15089e-08 4.32712e-11 8.53292e-04
1.29492e+01 -3.94828e-06 -1.21325e-05 1.92219e-04 1.13358e-08 4.75693e-11 8.47012e-04
1.29785e+01 -4.17842e-06 -1.20388e-05 1.90981e-04 1.11648e-08 4.98528e-11 8.40788e-04
1.30078e+01 -4.19583e-06 -1.20278e-05 1.89549e-04 1.09958e-08 5.01497e-11 8.34620e-04
1.30371e+01 -4.10267e-06 -1.19345e-05 1.88333e-04 1.08289e-08 4.85731e-11 8.28508e-04
1.30664e+01 -3.81697e-06 -1.19231e-05 1.86927e-04 1.06640e-08 4.52868e-11 8.22450e-04
1.30957e+01 -3.44941e-06 -1.18302e-05 1.85734e-04 1.05015e-08 4.05197e-11 8.16447e-04
1.31250e+01 -2.92836e-06 -1.18183e-05 1.84352e-04 1.03415e-08 3.45324e-11 8.10497e-04
1.31543e+01 -2.36956e-06 -1.17257e-05 1.83181e-04 1.01841e-08 2.76236e-11 8.04600e-04
1.31836e+01 -1.70786e-06 -1.17133e-05 1.81823e-04 1.00296e-08 2.01023e-11 7.98755e-04
1.32129e+01 -1.06000e-06 -1.16212e-05 1.80675e-04 9.87791e-09 1.22862e-11 7.92962e-04
1.32422e+01 -3.63072e-07 -1.16085e-05 1.79340e-04 9.72911e-09 4.48250e-12 7.87221e-04
1.32715e+01 2.69200e-07 -1.15168e-05 1.78212e-04 9.58311e-09 -3.01977e-12 7.81529e-04
1.33008e+01 9.01330e-07 -1.15037e-05 1.76900e-04 9.43974e-09 -9.95867e-12 7.75888e-04
1.33301e+01 1.42606e-06 -1.14127e-05 1.75793e-04 9.29884e-09 -1.61121e-11 7.70296e-04
1.33594e+01 1.91254e-06 -1.13994e-05 1.74503e-04 9.16020e-09 -2.12956e-11 7.64753e-04
1.33887e+01 2.26236e-06 -1.13090e-05 1.73416e-04 9.02362e-09 -2.53778e-11 7.59259e-04
1.34180e+01 2.55114e-06 -1.12955e-05 1.72147e-04 8.88895e-09 -2.82694e-11 7.53812e-04
1.34473e+01 2.69043e-06 -1.12058e-05 1.71079e-04 8.75607e-09 -2.99379e-11 7.48413e-04
1.34766e+01 2.76286e-06 -1.11923e-05 1.69832e-04 8.62489e-09 -3.03904e-11 7.43061e-04
1.35059e+01 2.68971e-06 -1.11033e-05 1.68783e-04 8.49542e-09 -2.96868e-11 7.37755e-04
1.35352e+01 2.55984e-06 -1.10897e-05 1.67557e-04 8.36766e-09 -2.79184e-11 7.32494e-04
1.35645e+01 2.30294e-06 -1.10016e-05 1.66526e-04 8.24168e-09 -2.52180e-11 7.27280e-04
1.35938e+01 2.01231e-06 -1.09879e-05 1.65320e-04 8.11755e-09 -2.17386e-11 7.22109e-04
1.36230e+01 1.62382e-06 -1.09005e-05 1.64307e-04 7.99533e-09 -1.76582e-11 7.16984e-04
1.36523e+01 1.23277e-06 -1.08869e-05 1.63120e-04 7.87508e-09 -1.31625e-11 7.11902e-04
1.36816e+01 7.78518e-07 -1.08002e-05 1.62125e-04 7.75682e-09 -8.44451e-12 7.06864e-04
1.37109e+01 3.55710e-07 -1.07865e-05 1.60958e-04 7.64056e-09 -3.69212e-12 7.01868e-04
1.37402e+01 -9.55565e-08 -1.07004e-05 1.59981e-04 7.52625e-09 9.16093e-13 6.96915e-04
1.37695e+01 -4.83807e-07 -1.06866e-05 1.58833e-04 7.41383e-09 5.21693e-12 6.92004e-04
1.37988e+01 -8.70541e-07 -1.06012e-05 1.57872e-04 7.30321e-09 9.07001e-12 6.87135e-04
1.38281e+01 -1.16948e-06 -1.05872e-05 1.56743e-04 7.19430e-09 1.23574e-11 6.82307e-04
1.38574e+01 -1.44543e-06 -1.05024e-05 1.55799e-04 7.08701e-09 1.49925e-11 6.77520e-04
1.38867e+01 -1.61856e-06 -1.04882e-05 1.54689e-04 6.98126e-09 1.69142e-11 6.72773e-04
1.39160e+01 -1.75785e-06 -1.04039e-05 1.53761e-04 6.87697e-09 1.80959e-11 6.68066e-04
1.39453e+01 -1.79032e-06 -1.03895e-05 1.52669e-04 6.77410e-09 1.85357e-11 6.63398e-04
1.39746e+01 -1.78914e-06 -1.03056e-05 1.51758e-04 6.67263e-09 1.82637e-11 6.58770e-04
1.40039e+01 -1.68773e-06 -1.02910e-05 1.50683e-04 6.57255e-09 1.73304e-11 6.54180e-04
1.40332e+01 -1.56268e-06 -1.02076e-05 1.49787e-04 6.47387e-09 1.58121e-11 6.49629e-04
1.40625e+01 -1.35267e-06 -1.01928e-05 1.48730e-04 6.37661e-09 1.37984e-11 6.45115e-04
1.40918e+01 -1.13639e-06 -1.01099e-05 1.47850e-04 6.28080e-09 1.13952e-11 6.40639e-04
1.41211e+01 -8.56130e-07 -1.00947e-05 1.46810e-04 6.18644e-09 8.71417e-12 6.36199e-04
1.41504e+01 -5.90992e-07 -1.00123e-05 1.45945e-04 6.09354e-09 5.87222e-12 6.31797e-04
1.41797e+01 -2.85124e-07 -9.99698e-06 1.44921e-04 6.00209e-09 2.98423e-12 6.27431e-04
1.42090e+01 -1.62678e-08 -9.91505e-06 1.44071e-04 5.91207e-09 1.60324e-13 6.23101e-04
1.42383e+01 2.71297e-07 -9.89954e-06 1.43063e-04 5.82344e-09 -2.49812e-12 6.18806e-04
1.42676e+01 5.02718e-07 -9.81812e-06 1.42228e-04 5.73616e-09 -4.90288e-12 6.14546e-04
1.42969e+01 7.34991e-07 -9.80245e-06 1.41236e-04 5.65017e-09 -6.97897e-12 6.10322e-04
1.43262e+01 8.97289e-07 -9.72156e-06 1.40415e-04 5.56544e-09 -8.67012e-12 6.06132e-04
1.43555e+01 1.04881e-06 -9.70576e-06 1.39439e-04 5.48190e-09 -9.93537e-12 6.01976e-04
1.43848e+01 1.12335e-06 -9.62543e-06 1.38631e-04 5.39952e-09 -1.07547e-11 5.97853e-04
1.44141e+01 1.18269e-06 -9.60953e-06 1.37670e-04 5.31827e-09 -1.11231e-11 5.93765e-04
1.44434e+01 1.16527e-06 -9.52976e-06 1.36876e-04 5.23813e-09 -1.10555e-11 5.89709e-04
1.44727e+01 1.13526e-06 -9.51377e-06 1.35930e-04 5.15909e-09 -1.05793e-11 5.85686e-04
1.45020e+01 1.03529e-06 -9.43456e-06 1.35149e-04 5.08113e-09 -9.73797e-12 5.81695e-04
1.45312e+01 9.31219e-07 -9.41849e-06 1.34218e-04 5.00427e-09 -8.58376e-12 5.77737e-04
1.45605e+01 7.68998e-07 -9.33984e-06 1.33449e-04 4.92850e-09 -7.17935e-12 5.73810e-04
1.45898e+01 6.15213e-07 -9.32368e-06 1.32533e-04 4.85382e-09 -5.59127e-12 5.69915e-04
1.46191e+01 4.17978e-07 -9.24558e-06 1.31777e-04 4.78022e-09 -3.89016e-12 5.66051e-04
1.46484e+01 2.43479e-07 -9.22933e-06 1.30874e-04 4.70771e-09 -2.14578e-12 5.62218e-04
1.46777e+01 4.08171e-08 -9.15176e-06 1.30131e-04 4.63626e-09 -4.25673e-13 5.58416e-04
1.47070e+01 -1.25333e-07 -9.13541e-06 1.29242e-04 4.56586e-09 1.20754e-12 5.54643e-04
1.47363e+01 -3.05949e-07 -9.05834e-06 1.28511e-04 4.49648e-09 2.69869e-12 5.50901e-04
1.47656e+01 -4.38785e-07 -9.04188e-06 1.27636e-04 4.42810e-09 4.00041e-12 5.47188e-04
1.47949e+01 -5.75714e-07 -8.96531e-06 1.26917e-04 4.36068e-09 5.07634e-12 5.43505e-04
1.48242e+01 -6.57534e-07 -8.94872e-06 1.26055e-04 4.29420e-09 5.89936e-12 5.39851e-04
1.48535e+01 -7.37485e-07 -8.87261e-06 1.25348e-04 4.22863e-09 6.45493e-12 5.36225e-04
1.48828e+01 -7.59661e-07 -8.85589e-06 1.24499e-04 4.16396e-09 6.73770e-12 5.32628e-04
1.49121e+01 -7.78771e-07 -8.78024e-06 1.23803e-04 4.10017e-09 6.75447e-12 5.29059e-04
1.49414e+01 -7.42087e-07 -8.76338e-06 1.22967e-04 4.03725e-09 6.51987e-12 5.25518e-04
1.49707e+01 -7.05541e-07 -8.68818e-06 1.22283e-04 3.97518e-09 6.05856e-12 5.22005e-04
1.50000e+01 -6.19151e-07 -8.67118e-06 1.21460e-04 3.91397e-09 5.40074e-12 5.18519e-04
1.50293e+01 -5.39550e-07 -8.59642e-06 1.20786e-04 3.85360e-09 4.58332e-12 5.15060e-04
1.50586e+01 -4.18844e-07 -8.57928e-06 1.19975e-04 3.79407e-09 3.64589e-12 5.11629e-04
1.50879e+01 -3.13670e-07 -8.50497e-06 1.19313e-04 3.73537e-09 2.63091e-12 5.08223e-04
1.51172e+01 -1.77456e-07 -8.48771e-06 1.18514e-04 3.67750e-09 1.58060e-12 5.04844e-04
1.51465e+01 -6.60954e-08 -8.41385e-06 1.17862e-04 3.62045e-09 5.36209e-13 5.01492e-04
1.51758e+01 6.64269e-08 -8.39646e-06 1.17075e-04 3.56419e-09 -4.63734e-13 4.98165e-04
1.52051e+01 1.65644e-07 -8.32305e-06 1.16434e-04 3.50872e-09 -1.38494e-12 4.94863e-04
1.52344e+01 2.77664e-07 -8.30556e-06 1.15658e-04 3.45402e-09 -2.19768e-12 4.91587e-04
1.52637e+01 3.49979e-07 -8.23260e-06 1.15027e-04 3.40007e-09 -2.87870e-12 4.88336e-04
1.52930e+01 4.29248e-07 -8.21502e-06 1.14263e-04 3.34685e-09 -3.41027e-12 4.85110e-04
1.53223e+01 4.65231e-07 -8.14252e-06 1.13642e-04 3.29435e-09 -3.78222e-12 4.81909e-04
1.53516e+01 5.05361e-07 -8.12485e-06 1.12889e-04 3.24255e-09 -3.98995e-12 4.78732e-04
1.53809e+01 5.01735e-07 -8.05281e-06 1.12278e-04 3.19144e-09 -4.03626e-12 4.75579e-04
1.54102e+01 5.02536e-07 -8.03505e-06 1.11536e-04 3.14102e-09 -3.92878e-12 4.72450e-04
1.54395e+01 4.62037e-07 -7.96348e-06 1.10934e-04 3.09126e-09 -3.68137e-12 4.69345e-04
1.54688e+01 4.28935e-07 -7.94565e-06 1.10204e-04 3.04218e-09 -3.31137e-12 4.66263e-04
1.54980e+01 3.59328e-07 -7.87453e-06 1.09611e-04 2.99375e-09 -2.84039e-12 4.63205e-04
1.55273e+01 3.02037e-07 -7.85662e-06 1.08891e-04 2.94597e-09 -2.29183e-12 4.60169e-04
1.55566e+01 2.14511e-07 -7.78595e-06 1.08307e-04 2.89883e-09 -1.69107e-12 4.57156e-04
1.55859e+01 1.45222e-07 -7.76796e-06 1.07598e-04 2.85234e-09 -1.06352e-12 4.54166e-04
1.56152e+01 5.24552e-08 -7.69773e-06 1.07023e-04 2.80647e-09 -4.34244e-13 4.51199e-04
1.56445e+01 -1.61512e-08 -7.67967e-06 1.06324e-04 2.76122e-09 1.73232e-13 4.48253e-04
1.56738e+01 -1.01955e-07 -7.60987e-06 1.05758e-04 2.71659e-09 7.37708e-13 4.45330e-04
1.57031e+01 -1.58566e-07 -7.59172e-06 1.05069e-04 2.67255e-09 1.24066e-12 4.42428e-04
1.57324e+01 -2.27374e-07 -7.52235e-06 1.04512e-04 2.62909e-09 1.66734e-12 4.39548e-04
1.57617e+01 -2.63530e-07 -7.50412e-06 1.03833e-04 2.58622e-09 2.00629e-12 4.36689e-04
1.57910e+01 -3.08702e-07 -7.43516e-06 1.03284e-04 2.54391e-09 2.25054e-12 4.33852e-04
1.58203e+01 -3.19724e-07 -7.41684e-06 1.02615e-04 2.50215e-09 2.39652e-12 4.31035e-04
1.58496e+01 -3.38628e-07 -7.34830e-06 1.02075e-04 2.46095e-09 2.44512e-12 4.28239e-04
1.58789e+01 -3.23915e-07 -7.32989e-06 1.01415e-04 2.42028e-09 2.40021e-12 4.25464e-04
1.59082e+01 -3.17911e-07 -7.26175e-06 1.00883e-04 2.38014e-09 2.26948e-12 4.22709e-04
1.59375e+01 -2.80623e-07 -7.24325e-06 1.00232e-04 2.34053e-09 2.06282e-12 4.19975e-04
1.59668e+01 -2.54478e-07 -7.17551e-06 9.97086e-05 2.30143e-09 1.79279e-12 4.17260e-04
1.59961e+01 -2.00717e-07 -7.15693e-06 9.90671e-05 2.26285e-09 1.47317e-12 4.14565e-04
1.60254e+01 -1.61585e-07 -7.08959e-06 9.85514e-05 2.22478e-09 1.11904e-12 4.11890e-04
1.60547e+01 -9.92311e-08 -7.07093e-06 9.79190e-05 2.18720e-09 7.45591e-13 4.09235e-04
1.60840e+01 -5.54001e-08 -7.00399e-06 9.74111e-05 2.15011e-09 3.67966e-13 4.06599e-04
1.61133e+01 7.18954e-09 -6.98525e-06 9.67875e-05 2.11352e-09 4.64237e-16 4.03981e-04
1.61426e+01 4.75949e-08 -6.91871e-06 9.62872e-05 2.07740e-09 -3.43915e-13 4.01383e-04
1.61719e+01 1.02828e-07 -6.89989e-06 9.56724e-05 2.04174e-09 -6.53706e-13 3.98804e-04
1.62012e+01 1.32992e-07 -6.83375e-06 9.51796e-05 2.00656e-09 -9.19652e-13 3.96243e-04
1.62305e+01 1.75054e-07 -6.81486e-06 9.45733e-05 1.97182e-09 -1.13443e-12 3.93701e-04
1.62598e+01 1.90314e-07 -6.74911e-06 9.40879e-05 1.93754e-09 -1.29339e-12 3.91177e-04
1.62891e+01 2.15821e-07 -6.73017e-06 9.34900e-05 1.90369e-09 -1.39390e-12 3.88671e-04
1.63184e+01 2.14126e-07 -6.66481e-06 9.30118e-05 1.87028e-09 -1.43606e-12 3.86183e-04
1.63477e+01 2.22375e-07 -6.64580e-06 9.24222e-05 1.83729e-09 -1.42173e-12 3.83713e-04
1.63770e+01 2.04318e-07 -6.58084e-06 9.19510e-05 1.80472e-09 -1.35516e-12 3.81261e-04
1.64062e+01 1.97122e-07 -6.56177e-06 9.13696e-05 1.77257e-09 -1.24190e-12 3.78826e-04
1.64355e+01 1.65599e-07 -6.49720e-06 9.09053e-05 1.74083e-09 -1.08924e-12 3.76408e-04
1.64648e+01 1.46783e-07 -6.47808e-06 9.03319e-05 1.70950e-09 -9.05211e-13 3.74008e-04
1.64941e+01 1.06350e-07 -6.41389e-06 8.98745e-05 1.67856e-09 -6.98714e-13 3.71624e-04
1.65234e+01 8.10075e-08 -6.39471e-06 8.93089e-05 1.64801e-09 -4.78783e-13 3.69258e-04
1.65527e+01 3.70677e-08 -6.33090e-06 8.88582e-05 1.61786e-09 -2.54495e-13 3.66908e-04
1.65820e+01 1.07062e-08 -6.31166e-06 8.83003e-05 1.58809e-09 -3.44702e-14 3.64575e-04
1.66113e+01 -3.13457e-08 -6.24823e-06 8.78561e-05 1.55870e-09 1.73373e-13 3.62258e-04
1.66406e+01 -5.36307e-08 -6.22894e-06 8.73059e-05 1.52968e-09 3.62007e-13 3.59958e-04
1.66699e+01 -8.91804e-08 -6.16588e-06 8.68682e-05 1.50102e-09 5.25667e-13 3.57673e-04
1.66992e+01 -1.03394e-07 -6.14653e-06 8.63254e-05 1.47273e-09 6.59733e-13 3.55405e-04
1.67285e+01 -1.29191e-07 -6.08384e-06 8.58940e-05 1.44479e-09 7.61160e-13 3.53152e-04
1.67578e+01 -1.32901e-07 -6.06443e-06 8.53586e-05 1.41720e-09 8.28106e-13 3.50915e-04
1.67871e+01 -1.47390e-07 -6.00210e-06 8.49335e-05 1.38996e-09 8.60351e-13 3.48694e-04
1.68164e+01 -1.39923e-07 -5.98264e-06 8.44052e-05 1.36306e-09 8.58757e-13 3.46489e-04
1.68457e+01 -1.43301e-07 -5.92067e-06 8.39862e-05 1.33649e-09 8.25619e-13 3.44298e-04
1.68750e+01 -1.25665e-07 -5.90116e-06 8.34651e-05 1.31026e-09 7.64053e-13 3.42123e-04
1.69043e+01 -1.19682e-07 -5.83955e-06 8.30521e-05 1.28435e-09 6.78230e-13 3.39963e-04
1.69336e+01 -9.42577e-08 -5.81998e-06 8.25379e-05 1.25876e-09 5.72800e-13 3.37817e-04
1.69629e+01 -8.18122e-08 -5.75873e-06 8.21309e-05 1.23349e-09 4.52985e-13 3.35687e-04
1.69922e+01 -5.18787e-08 -5.73911e-06 8.16236e-05 1.20854e-09 3.24112e-13 3.33571e-04
1.70215e+01 -3.64958e-08 -5.67821e-06 8.12223e-05 1.18389e-09 1.91579e-13 3.31470e-04
1.70508e+01 -5.67171e-09 -5.65854e-06 8.07218e-05 1.15955e-09 6.05450e-14 3.29383e-04
1.70801e+01 9.06532e-09 -5.59799e-06 8.03262e-05 1.13551e-09 -6.42160e-14 3.27310e-04
1.71094e+01 3.73712e-08 -5.57827e-06 7.98323e-05 1.11177e-09 -1.78431e-13 3.25252e-04
1.71387e+01 4.83380e-08 -5.51807e-06 7.94423e-05 1.08832e-09 -2.78557e-13 3.23208e-04
1.71680e+01 7.13943e-08 -5.49831e-06 7.89549e-05 1.06516e-09 -3.61711e-13 3.21177e-04
1.71973e+01 7.63269e-08 -5.43846e-06 7.85705e-05 1.04228e-09 -4.25939e-13 3.19161e-04
1.72266e+01 9.24047e-08 -5.41865e-06 7.80895e-05 1.01968e-09 -4.69992e-13 3.17158e-04
1.72559e+01 9.01389e-08 -5.35915e-06 7.77104e-05 9.97360e-10 -4.93590e-13 3.15169e-04
1.72852e+01 9.86608e-08 -5.33930e-06 7.72358e-05 9.75311e-10 -4.97092e-13 3.13193e-04
1.73145e+01 8.91910e-08 -5.28013e-06 7.68620e-05 9.53530e-10 -4.81730e-13 3.11230e-04
1.73438e+01 9.07017e-08 -5.26025e-06 7.63936e-05 9.32015e-10 -4.49221e-13 3.09281e-04
1.73730e+01 7.50682e-08 -5.20142e-06 7.60250e-05 9.10760e-10 -4.01942e-13 3.07345e-04
1.74023e+01 7.10470e-08 -5.18150e-06 7.55627e-05 8.89764e-10 -3.42557e-13 3.05422e-04
1.74316e+01 5.10847e-08 -5.12301e-06 7.51993e-05 8.69023e-10 -2.74106e-13 3.03511e-04
1.74609e+01 4.36431e-08 -5.10305e-06 7.47430e-05 8.48532e-10 -1.99697e-13 3.01614e-04
1.74902e+01 2.16415e-08 -5.04490e-06 7.43846e-05 8.28290e-10 -1.22516e-13 2.99729e-04
1.75195e+01 1.31598e-08 -5.02490e-06 7.39342e-05 8.08292e-10 -4.56144e-14 2.97857e-04
1.75488e+01 -8.50939e-09 -4.96708e-06 7.35808e-05 7.88535e-10 2.81531e-14 2.95998e-04
1.75781e+01 -1.57489e-08 -4.94704e-06 7.31362e-05 7.69017e-10 9.62220e-14 2.94150e-04
1.76074e+01 -3.49789e-08 -4.88955e-06 7.27876e-05 7.49733e-10 1.56437e-13 2.92315e-04
1.76367e+01 -3.91081e-08 -4.86948e-06 7.23487e-05 7.30681e-10 2.07029e-13 2.90492e-04
1.76660e+01 -5.43329e-08 -4.81232e-06 7.20050e-05 7.11857e-10 2.46763e-13 2.88682e-04
1.76953e+01 -5.41245e-08 -4.79222e-06 7.15717e-05 6.93259e-10 2.74822e-13 2.86883e-04
1.77246e+01 -6.44903e-08 -4.73538e-06 7.12327e-05 6.74883e-10 2.90953e-13 2.85096e-04
1.77539e+01 -5.94706e-08 -4.71524e-06 7.08050e-05 6.56725e-10 2.95289e-13 2.83321e-04
1.77832e+01 -6.48885e-08 -4.65873e-06 7.04706e-05 6.38784e-10 2.88472e-13 2.81557e-04
1.78125e+01 -5.53315e-08 -4.63856e-06 7.00483e-05 6.21057e-10 2.71446e-13 2.79805e-04
1.78418e+01 -5.64158e-08 -4.58237e-06 6.97184e-05 6.03540e-10 2.45546e-13 2.78065e-04
1.78711e+01 -4.32307e-08 -4.56217e-06 6.93016e-05 5.86231e-10 2.12287e-13 2.76336e-04
1.79004e+01 -4.11428e-08 -4.50629e-06 6.89762e-05 5.69127e-10 1.73417e-13 2.74618e-04
1.79297e+01 -2.56820e-08 -4.48607e-06 6.85646e-05 5.52225e-10 1.30733e-13 2.72912e-04
1.79590e+01 -2.19111e-08 -4.43051e-06 6.82436e-05 5.35524e-10 8.60927e-14 2.71217e-04
1.79883e+01 -5.73304e-09 -4.41025e-06 6.78372e-05 5.19019e-10 4.12831e-14 2.69532e-04
1.80176e+01 -1.85155e-09 -4.35500e-06 6.75205e-05 5.02709e-10 -2.01331e-15 2.67859e-04
1.80469e+01 1.35221e-08 -4.33472e-06 6.71193e-05 4.86591e-10 -4.22739e-14 2.66196e-04
1.80762e+01 1.60917e-08 -4.27979e-06 6.68068e-05 4.70663e-10 -7.82099e-14 2.64544e-04
1.81055e+01 2.93905e-08 -4.25948e-06 6.64106e-05 4.54922e-10 -1.08750e-13 2.62903e-04
1.81348e+01 2.95639e-08 -4.20485e-06 6.61023e-05 4.39365e-10 -1.33134e-13 2.61273e-04
1.81641e+01 3.99259e-08 -4.18451e-06 6.57111e-05 4.23991e-10 -1.50838e-13 2.59653e-04
1.81934e+01 3.70792e-08 -4.13019e-06 6.54069e-05 4.08796e-10 -1.61673e-13 2.58043e-04
1.82227e+01 4.41348e-08 -4.10982e-06 6.50206e-05 3.93778e-10 -1.65669e-13 2.56444e-04
1.82520e+01 3.81485e-08 -4.05580e-06 6.47205e-05 3.78935e-10 -1.63160e-13 2.54855e-04
1.82812e+01 4.20253e-08 -4.03542e-06 6.43390e-05 3.64266e-10 -1.54655e-13 2.53276e-04
1.83105e+01 3.32522e-08 -3.98170e-06 6.40428e-05 3.49766e-10 -1.40897e-13 2.51707e-04
1.83398e+01 3.45088e-08 -3.96128e-06 6.36661e-05 3.35435e-10 -1.22738e-13 2.50148e-04
1.83691e+01 2.36772e-08 -3.90786e-06 6.33738e-05 3.21271e-10 -1.01171e-13 2.48600e-04
1.83984e+01 2.31812e-08 -3.88743e-06 6.30017e-05 3.07270e-10 -7.72232e-14 2.47061e-04
1.84277e+01 1.12543e-08 -3.83431e-06 6.27133e-05 2.93431e-10 -5.19626e-14 2.45531e-04
1.84570e+01 1.00286e-08 -3.81385e-06 6.23458e-05 2.79752e-10 -2.64204e-14 2.44012e-04
1.84863e+01 -1.95657e-09 -3.76102e-06 6.20612e-05 2.66231e-10 -1.57571e-15 2.42502e-04
1.85156e+01 -2.89516e-09 -3.74055e-06 6.16982e-05 2.52866e-10 2.16844e-14 2.41002e-04
1.85449e+01 -1.39834e-08 -3.68802e-06 6.14173e-05 2.39655e-10 4.26002e-14 2.39511e-04
1.85742e+01 -1.37689e-08 -3.66752e-06 6.10588e-05 2.26595e-10 6.05377e-14 2.38029e-04
1.86035e+01 -2.32155e-08 -3.61528e-06 6.07815e-05 2.13685e-10 7.50378e-14 2.36557e-04
1.86328e+01 -2.12415e-08 -3.59478e-06 6.04275e-05 2.00923e-10 8.57777e-14 2.35094e-04
1.86621e+01 -2.85986e-08 -3.54283e-06 6.01537e-05 1.88307e-10 9.26257e-14 2.33640e-04
1.86914e+01 -2.45800e-08 -3.52231e-06 5.98040e-05 1.75835e-10 9.55760e-14 2.32196e-04
1.87207e+01 -2.97319e-08 -3.47066e-06 5.95338e-05 1.63505e-10 9.48003e-14 2.30760e-04
1.87500e+01 -2.37139e-08 -3.45013e-06 5.91883e-05 1.51315e-10 9.05688e-14 2.29333e-04
1.87793e+01 -2.68612e-08 -3.39877e-06 5.89217e-05 1.39264e-10 8.32917e-14 2.27916e-04
1.88086e+01 -1.91808e-08 -3.37822e-06 5.85804e-05 1.27351e-10 7.34396e-14 2.26507e-04
1.88379e+01 -2.07817e-08 -3.32715e-06 5.83171e-05 1.15572e-10 6.15701e-14 2.25106e-04
1.88672e+01 -1.19907e-08 -3.30659e-06 5.79799e-05 1.03927e-10 4.82599e-14 2.23715e-04
1.88965e+01 -1.26700e-08 -3.25581e-06 5.77200e-05 9.24134e-11 3.41135e-14 2.22332e-04
1.89258e+01 -3.43542e-09 -3.23524e-06 5.73870e-05 8.10302e-11 1.97161e-14 2.20958e-04
1.89551e+01 -3.87943e-09 -3.18474e-06 5.71304e-05 6.97757e-11 5.62557e-15 2.19592e-04
1.89844e+01 5.12357e-09 -3.16416e-06 5.68013e-05 5.86482e-11 -7.65017e-15 2.18234e-04
1.90137e+01 4.27119e-09 -3.11394e-06 5.65480e-05 4.76461e-11 -1.96748e-14 2.16885e-04
1.90430e+01 1.24566e-08 -3.09334e-06 5.62229e-05 3.67679e-11 -3.00805e-14 2.15544e-04
1.90723e+01 1.06826e-08 -3.04340e-06 5.59728e-05 2.60120e-11 -3.85995e-14 2.14212e-04
1.91016e+01 1.76291e-08 -3.02278e-06 5.56516e-05 1.53770e-11 -4.50382e-14 2.12887e-04
1.91309e+01 1.46110e-08 -2.97311e-06 5.54046e-05 4.86126e-12 -4.93136e-14 2.11571e-04
1.91602e+01 2.01060e-08 -2.95248e-06 5.50873e-05 -5.53658e-12 -5.14106e-14 2.10263e-04
1.91895e+01 1.57401e-08 -2.90307e-06 5.48435e-05 -1.58180e-11 -5.14180e-14 2.08962e-04
1.92188e+01 1.97904e-08 -2.88243e-06 5.45299e-05 -2.59845e-11 -4.94770e-14 2.07670e-04
1.92480e+01 1.41845e-08 -2.83328e-06 5.42891e-05 -3.60374e-11 -4.58118e-14 2.06385e-04
1.92773e+01 1.69941e-08 -2.81262e-06 5.39793e-05 -4.59781e-11 -4.06781e-14 2.05109e-04
1.93066e+01 1.04320e-08 -2.76374e-06 5.37416e-05 -5.58081e-11 -3.43841e-14 2.03840e-04
1.93359e+01 1.23535e-08 -2.74306e-06 5.34355e-05 -6.55287e-11 -2.72469e-14 2.02578e-04
1.93652e+01 5.23695e-09 -2.69444e-06 5.32007e-05 -7.51413e-11 -1.96026e-14 2.01325e-04
1.93945e+01 6.70733e-09 -2.67375e-06 5.28982e-05 -8.46472e-11 -1.17750e-14 2.00078e-04
1.94238e+01 -5.12975e-10 -2.62540e-06 5.26663e-05 -9.40478e-11 -4.07527e-15 1.98840e-04
1.94531e+01 9.56789e-10 -2.60470e-06 5.23674e-05 -1.03344e-10 3.21441e-15 1.97609e-04
1.94824e+01 -5.93702e-09 -2.55662e-06 5.21385e-05 -1.12538e-10 9.84965e-15 1.96385e-04
1.95117e+01 -4.06940e-09 -2.53592e-06 5.18431e-05 -1.21631e-10 1.56249e-14 1.95168e-04
1.95410e+01 -1.02866e-08 -2.48810e-06 5.16169e-05 -1.30623e-10 2.03890e-14 1.93959e-04
1.95703e+01 -7.72647e-09 -2.46740e-06 5.13250e-05 -1.39517e-10 2.40321e-14 1.92757e-04
1.95996e+01 -1.30394e-08 -2.41986e-06 5.11016e-05 -1.48313e-10 2.65051e-14 1.91562e-04
1.96289e+01 -9.62803e-09 -2.39917e-06 5.08131e-05 -1.57012e-10 2.77965e-14 1.90375e-04
1.96582e+01 -1.39524e-08 -2.35189e-06 5.05924e-05 -1.65616e-10 2.79518e-14 1.89194e-04
1.96875e+01 -9.67626e-09 -2.33121e-06 5.03073e-05 -1.74127e-10 2.70452e-14 1.88021e-04
1.97168e+01 -1.30695e-08 -2.28421e-06 5.00893e-05 -1.82544e-10 2.51969e-14 1.86854e-04
1.97461e+01 -8.04794e-09 -2.26354e-06 4.98074e-05 -1.90869e-10 2.25436e-14 1.85694e-04
1.97754e+01 -1.06871e-08 -2.21682e-06 4.95921e-05 -1.99104e-10 1.92514e-14 1.84542e-04
1.98047e+01 -5.14253e-09 -2.19616e-06 4.93135e-05 -2.07249e-10 1.54908e-14 1.83396e-04
1.98340e+01 -7.28771e-09 -2.14969e-06 4.91008e-05 -2.15306e-10 1.14428e-14 1.82256e-04
1.98633e+01 -1.50341e-09 -2.12904e-06 4.88255e-05 -2.23275e-10 7.28143e-15 1.81124e-04
1.98926e+01 -3.45254e-09 -2.08284e-06 4.86153e-05 -2.31158e-10 3.17399e-15 1.79998e-04
1.99219e+01 2.27376e-09 -2.06219e-06 4.83431e-05 -2.38955e-10 -7.27872e-16 1.78879e-04
1.99512e+01 2.31147e-10 -2.01624e-06 4.81355e-05 -2.46667e-10 -4.29342e-15 1.77766e-04
1.99805e+01 5.63135e-09 -1.99558e-06 4.78665e-05 -2.54296e-10 -7.41228e-15 1.76660e-04
2.00098e+01 3.25459e-09 -1.94987e-06 4.76614e-05 -2.61842e-10 -1.00042e-14 1.75560e-04
2.00391e+01 8.12587e-09 -1.92921e-06 4.73955e-05 -2.69306e-10 -1.20101e-14 1.74467e-04
2.00684e+01 5.25274e-09 -1.88373e-06 4.71928e-05 -2.76689e-10 -1.34047e-14 1.73380e-04
2.00977e+01 9.48033e-09 -1.86305e-06 4.69300e-05 -2.83993e-10 -1.41811e-14 1.72299e-04
2.01270e+01 6.04260e-09 -1.81780e-06 4.67298e-05 -2.91217e-10 -1.43645e-14 1.71225e-04
2.01562e+01 9.60778e-09 -1.79709e-06 4.64700e-05 -2.98364e-10 -1.39934e-14 1.70157e-04
2.01855e+01 5.63172e-09 -1.75207e-06 4.62722e-05 -3.05433e-10 -1.31320e-14 1.69095e-04
2.02148e+01 8.60531e-09 -1.73134e-06 4.60155e-05 -3.12426e-10 -1.18515e-14 1.68039e-04
2.02441e+01 4.19873e-09 -1.68653e-06 4.58201e-05 -3.19343e-10 -1.02395e-14 1.66990e-04
2.02734e+01 6.72235e-09 -1.66578e-06 4.55662e-05 -3.26186e-10 -8.38428e-15 1.65946e-04
2.03027e+01 2.05114e-09 -1.62120e-06 4.53732e-05 -3.32956e-10 -6.38027e-15 1.64909e-04
2.03320e+01 4.31024e-09 -1.60043e-06 4.51223e-05 -3.39653e-10 -4.31673e-15 1.63877e-04
2.03613e+01 -4.31066e-10 -1.55609e-06 4.49315e-05 -3.46278e-10 -2.27970e-15 1.62851e-04
2.03906e+01 1.76208e-09 -1.53532e-06 4.46834e-05 -3.52833e-10 -3.45956e-16 1.61832e-04
2.04199e+01 -2.85686e-09 -1.49121e-06 4.44949e-05 -3.59317e-10 1.41858e-15 1.60818e-04
2.04492e+01 -5.47596e-10 -1.47045e-06 4.42496e-05 -3.65733e-10 2.95910e-15 1.59810e-04
2.04785e+01 -4.88120e-09 -1.42659e-06 4.40633e-05 -3.72081e-10 4.23661e-15 1.58807e-04
2.05078e+01 -2.31456e-09 -1.40585e-06 4.38208e-05 -3.78362e-10 5.22294e-15 1.57811e-04
2.05371e+01 -6.24993e-09 -1.36227e-06 4.36366e-05 -3.84577e-10 5.90758e-15 1.56820e-04
2.05664e+01 -3.34168e-09 -1.34156e-06 4.33968e-05 -3.90726e-10 6.28888e-15 1.55834e-04
2.05957e+01 -6.82738e-09 -1.29825e-06 4.32147e-05 -3.96811e-10 6.38175e-15 1.54855e-04
2.06250e+01 -3.55675e-09 -1.27759e-06 4.29776e-05 -4.02832e-10 6.20683e-15 1.53880e-04
2.06543e+01 -6.60432e-09 -1.23456e-06 4.27976e-05 -4.08790e-10 5.79799e-15 1.52912e-04
2.06836e+01 -3.01074e-09 -1.21395e-06 4.25631e-05 -4.14685e-10 5.19121e-15 1.51949e-04
2.07129e+01 -5.68702e-09 -1.17119e-06 4.23851e-05 -4.20520e-10 4.43094e-15 1.50991e-04
2.07422e+01 -1.85860e-09 -1.15064e-06 4.21533e-05 -4.26293e-10 3.56035e-15 1.50039e-04
2.07715e+01 -4.27093e-09 -1.10815e-06 4.19773e-05 -4.32006e-10 2.62579e-15 1.49092e-04
2.08008e+01 -3.27020e-10 -1.08763e-06 4.17479e-05 -4.37660e-10 1.66973e-15 1.48150e-04
2.08301e+01 -2.60402e-09 -1.04540e-06 4.15740e-05 -4.43254e-10 7.32893e-16 1.47214e-04
2.08594e+01 1.32497e-09 -1.02491e-06 4.13472e-05 -4.48790e-10 -1.49416e-16 1.46283e-04
2.08887e+01 -9.46228e-10 -9.82914e-07 4.11752e-05 -4.54268e-10 -9.47513e-16 1.45357e-04
2.09180e+01 2.84618e-09 -9.62420e-07 4.09509e-05 -4.59688e-10 -1.63750e-15 1.44436e-04
2.09473e+01 4.68924e-10 -9.20635e-07 4.07809e-05 -4.65052e-10 -2.20352e-15 1.43520e-04
2.09766e+01 4.02850e-09 -9.00119e-07 4.05592e-05 -4.70359e-10 -2.63479e-15 1.42610e-04
2.10059e+01 1.46519e-09 -8.58520e-07 4.03912e-05 -4.75609e-10 -2.92937e-15 1.41705e-04
2.10352e+01 4.73250e-09 -8.37959e-07 4.01720e-05 -4.80805e-10 -3.08894e-15 1.40804e-04
2.10645e+01 1.94333e-09 -7.96523e-07 4.00059e-05 -4.85945e-10 -3.12335e-15 1.39909e-04
2.10938e+01 4.90079e-09 -7.75901e-07 3.97892e-05 -4.91031e-10 -3.04414e-15 1.39019e-04
2.11230e+01 1.88785e-09 -7.34614e-07 3.96251e-05 -4.96063e-10 -2.86923e-15 1.38133e-04
2.11523e+01 4.55826e-09 -7.13921e-07 3.94108e-05 -5.01041e-10 -2.61627e-15 1.37253e-04
2.11816e+01 1.36116e-09 -6.72778e-07 3.92487e-05 -5.05967e-10 -2.30679e-15 1.36377e-04
2.12109e+01 3.80064e-09 -6.52019e-07 3.90369e-05 -5.10841e-10 -1.96045e-15 1.35506e-04
2.12402e+01 4.87090e-10 -6.11029e-07 3.88766e-05 -5.15664e-10 -1.59805e-15 1.34640e-04
2.12695e+01 2.77387e-09 -5.90219e-07 3.86672e-05 -5.20436e-10 -1.23750e-15 1.33779e-04
2.12988e+01 -5.72771e-10 -5.49402e-07 3.85088e-05 -5.25158e-10 -8.95380e-16 1.32922e-04
2.13281e+01 1.64840e-09 -5.28570e-07 3.83017e-05 -5.29831e-10 -5.85083e-16 1.32070e-04
2.13574e+01 -1.64587e-09 -4.87958e-07 3.81451e-05 -5.34456e-10 -3.16818e-16 1.31223e-04
2.13867e+01 5.92362e-10 -4.67142e-07 3.79403e-05 -5.39033e-10 -9.79932e-17 1.30381e-04
2.14160e+01 -2.57449e-09 -4.26774e-07 3.77854e-05 -5.43563e-10 6.82283e-17 1.29543e-04
2.14453e+01 -2.52279e-10 -4.06016e-07 3.75828e-05 -5.48048e-10 1.80508e-16 1.28709e-04
2.14746e+01 -3.23690e-09 -3.65935e-07 3.74295e-05 -5.52488e-10 2.41993e-16 1.27881e-04
2.15039e+01 -7.87550e-10 -3.45277e-07 3.72291e-05 -5.56883e-10 2.56349e-16 1.27056e-04
2.15332e+01 -3.56132e-09 -3.05519e-07 3.70774e-05 -5.61235e-10 2.31255e-16 1.26237e-04
2.15625e+01 -9.69268e-10 -2.84996e-07 3.68790e-05 -5.65543e-10 1.73555e-16 1.25421e-04
2.15918e+01 -3.53141e-09 -2.45587e-07 3.67289e-05 -5.69810e-10 9.31291e-17 1.24610e-04
2.16211e+01 -8.08183e-10 -2.25218e-07 3.65325e-05 -5.74034e-10 -2.10465e-18 1.23804e-04
2.16504e+01 -3.18327e-09 -1.86167e-07 3.63838e-05 -5.78217e-10 -1.02410e-16 1.23001e-04
2.16797e+01 -3.63134e-10 -1.65951e-07 3.61895e-05 -5.82359e-10 -2.00720e-16 1.22204e-04
2.17090e+01 -2.59515e-09 -1.27245e-07 3.60423e-05 -5.86461e-10 -2.89367e-16 1.21410e-04
2.17383e+01 2.72031e-10 -1.07159e-07 3.58499e-05 -5.90521e-10 -3.63528e-16 1.20621e-04
2.17676e+01 -1.87222e-09 -6.87615e-08 3.57042e-05 -5.94542e-10 -4.18812e-16 1.19836e-04
2.17969e+01 9.85294e-10 -4.87600e-08 3.55139e-05 -5.98522e-10 -4.53326e-16 1.19055e-04
2.18262e+01 -1.12884e-09 -1.06130e-08 3.53697e-05 -6.02463e-10 -4.66337e-16 1.18278e-04
2.18555e+01 1.66430e-09 9.36895e-09 3.51814e-05 -6.06363e-10 -4.58847e-16 1.17506e-04
2.18848e+01 -4.71280e-10 4.73380e-08 3.50389e-05 -6.10222e-10 -4.33391e-16 1.16737e-04
2.19141e+01 2.21250e-09 6.73761e-08 3.48527e-05 -6.14042e-10 -3.93233e-16 1.15973e-04
2.19434e+01 1.67739e-11 1.05246e-07 3.47117e-05 -6.17822e-10 -3.43202e-16 1.15213e-04
2.19727e+01 2.56152e-09 1.25416e-07 3.45277e-05 -6.21561e-10 -2.87795e-16 1.14457e-04
2.20020e+01 2.84040e-10 1.63258e-07 3.43885e-05 -6.25260e-10 -2.32825e-16 1.13705e-04
2.20312e+01 2.67822e-09 1.83623e-07 3.42066e-05 -6.28920e-10 -1.82838e-16 1.12956e-04
2.20605e+01 3.15894e-10 2.21492e-07 3.40691e-05 -6.32539e-10 -1.43249e-16 1.12212e-04
2.20898e+01 2.56612e-09 2.42090e-07 3.38895e-05 -6.36119e-10 -1.17556e-16 1.11472e-04
2.21191e+01 1.32936e-10 2.80011e-07 3.37537e-05 -6.39660e-10 -1.09573e-16 1.10736e-04
2.21484e+01 2.26127e-09 3.00847e-07 3.35762e-05 -6.43163e-10 -1.20931e-16 1.10003e-04
2.21777e+01 -2.15373e-10 3.38804e-07 3.34422e-05 -6.46628e-10 -1.53028e-16 1.09275e-04
2.22070e+01 1.82402e-09 3.59842e-07 3.32669e-05 -6.50055e-10 -2.05239e-16 1.08550e-04
2.22363e+01 -6.60605e-10 3.97782e-07 3.31344e-05 -6.53447e-10 -2.76248e-16 1.07829e-04
2.22656e+01 1.32792e-09 4.18948e-07 3.29611e-05 -6.56802e-10 -3.63281e-16 1.07112e-04
2.22949e+01 -1.12704e-09 4.56777e-07 3.28302e-05 -6.60124e-10 -4.62575e-16 1.06399e-04
2.23242e+01 8.47922e-10 4.77960e-07 3.26588e-05 -6.63412e-10 -5.69792e-16 1.05689e-04
2.23535e+01 -1.54326e-09 5.15559e-07 3.25292e-05 -6.66668e-10 -6.79487e-16 1.04983e-04
2.23828e+01 4.49394e-10 5.36629e-07 3.23595e-05 -6.69893e-10 -7.86701e-16 1.04281e-04
2.24121e+01 -1.85206e-09 5.73862e-07 3.22311e-05 -6.73088e-10 -8.85408e-16 1.03583e-04
2.24414e+01 1.79660e-10 5.94681e-07 3.20630e-05 -6.76254e-10 -9.71135e-16 1.02888e-04
2.24707e+01 -2.01727e-09 6.31419e-07 3.19357e-05 -6.79391e-10 -1.03848e-15 1.02197e-04
2.25000e+01 6.28980e-11 6.51867e-07 3.17690e-05 -6.82502e-10 -1.08446e-15 1.01509e-04
2.25293e+01 -2.02700e-09 6.88007e-07 3.16426e-05 -6.85586e-10 -1.10535e-15 1.00825e-04
2.25586e+01 9.88850e-11 7.08003e-07 3.14773e-05 -6.88645e-10 -1.10037e-15 1.00144e-04
2.25879e+01 -1.89298e-09 7.43489e-07 3.13517e-05 -6.91678e-10 -1.06815e-15 9.94672e-05
2.26172e+01 2.65380e-10 7.63005e-07 3.11876e-05 -6.94686e-10 -1.01035e-15 9.87937e-05
2.26465e+01 -1.64659e-09 7.97846e-07 3.10629e-05 -6.97669e-10 -9.28112e-16 9.81237e-05
2.26758e+01 5.23458e-10 8.16927e-07 3.09001e-05 -7.00626e-10 -8.25280e-16 9.74571e-05
2.27051e+01 -1.33245e-09 8.51208e-07 3.07763e-05 -7.03558e-10 -7.05221e-16 9.67940e-05
2.27344e+01 8.24756e-10 8.69973e-07 3.06149e-05 -7.06463e-10 -5.73232e-16 9.61342e-05
2.27637e+01 -1.00067e-09 9.03848e-07 3.04921e-05 -7.09341e-10 -4.34198e-16 9.54779e-05
2.27930e+01 1.11938e-09 9.22485e-07 3.03323e-05 -7.12192e-10 -2.93928e-16 9.48250e-05
2.28223e+01 -6.99060e-10 9.56171e-07 3.02108e-05 -7.15013e-10 -1.57907e-16 9.41753e-05
2.28516e+01 1.36328e-09 9.74915e-07 3.00528e-05 -7.17805e-10 -3.14496e-17 9.35291e-05
2.28809e+01 -4.66407e-10 1.00866e-06 2.99327e-05 -7.20566e-10 8.03006e-17 9.28861e-05
2.29102e+01 1.52412e-09 1.02776e-06 2.97768e-05 -7.23296e-10 1.73380e-16 9.22464e-05
2.29395e+01 -3.27725e-10 1.06181e-06 2.96585e-05 -7.25992e-10 2.43799e-16 9.16100e-05
2.29688e+01 1.58478e-09 1.08150e-06 2.95047e-05 -7.28656e-10 2.89534e-16 9.09768e-05
2.29980e+01 -2.91931e-10 1.11605e-06 2.93883e-05 -7.31286e-10 3.08335e-16 9.03468e-05
2.30273e+01 1.54446e-09 1.13649e-06 2.92370e-05 -7.33882e-10 3.00374e-16 8.97200e-05
2.30566e+01 -3.52100e-10 1.17167e-06 2.91226e-05 -7.36444e-10 2.65453e-16 8.90965e-05
2.30859e+01 1.41717e-09 1.19291e-06 2.89737e-05 -7.38973e-10 2.05866e-16 8.84760e-05
2.31152e+01 -4.87997e-10 1.22872e-06 2.88613e-05 -7.41468e-10 1.23486e-16 8.78588e-05
2.31445e+01 1.22829e-09 1.25071e-06 2.87148e-05 -7.43932e-10 2.23438e-17 8.72446e-05
2.31738e+01 -6.70319e-10 1.28701e-06 2.86042e-05 -7.46366e-10 -9.38804e-17 8.66336e-05
2.32031e+01 1.00972e-09 1.30956e-06 2.84598e-05 -7.48770e-10 -2.20064e-16 8.60256e-05
2.32324e+01 -8.65856e-10 1.34611e-06 2.83508e-05 -7.51148e-10 -3.51253e-16 8.54207e-05
2.32617e+01 7.94646e-10 1.36890e-06 2.82083e-05 -7.53500e-10 -4.82072e-16 8.48188e-05
2.32910e+01 -1.04274e-09 1.40535e-06 2.81005e-05 -7.55830e-10 -6.07035e-16 8.42200e-05
2.33203e+01 6.12474e-10 1.42799e-06 2.79593e-05 -7.58139e-10 -7.21441e-16 8.36241e-05
2.33496e+01 -1.17499e-09 1.46390e-06 2.78522e-05 -7.60431e-10 -8.20115e-16 8.30313e-05
2.33789e+01 4.84899e-10 1.48596e-06 2.77119e-05 -7.62706e-10 -8.99895e-16 8.24414e-05
2.34082e+01 -1.24582e-09 1.52091e-06 2.76051e-05 -7.64968e-10 -9.56728e-16 8.18545e-05
2.34375e+01 4.23428e-10 1.54197e-06 2.74653e-05 -7.67218e-10 -9.89619e-16 8.12705e-05
2.34668e+01 -1.24918e-09 1.57559e-06 2.73584e-05 -7.69458e-10 -9.96246e-16 8.06894e-05
2.34961e+01 4.28654e-10 1.59532e-06 2.72187e-05 -7.71689e-10 -9.78035e-16 8.01112e-05
2.35254e+01 -1.18967e-09 1.62735e-06 2.71114e-05 -7.73912e-10 -9.34672e-16 7.95359e-05
2.35547e+01 4.91212e-10 1.64559e-06 2.69716e-05 -7.76128e-10 -8.69794e-16 7.89634e-05
2.35840e+01 -1.08082e-09 1.67596e-06 2.68638e-05 -7.78336e-10 -7.84991e-16 7.83938e-05
2.36133e+01 5.94122e-10 1.69273e-06 2.67240e-05 -7.80537e-10 -6.85469e-16 7.78270e-05
2.36426e+01 -9.42226e-10 1.72158e-06 2.66158e-05 -7.82727e-10 -5.74276e-16 7.72630e-05
2.36719e+01 7.16058e-10 1.73716e-06 2.64762e-05 -7.84907e-10 -4.57236e-16 7.67018e-05
2.37012e+01 -7.96028e-10 1.76488e-06 2.63681e-05 -7.87073e-10 -3.38205e-16 7.61434e-05
2.37305e+01 8.34959e-10 1.77977e-06 2.62292e-05 -7.89223e-10 -2.22572e-16 7.55877e-05
2.37598e+01 -6.63339e-10 1.80697e-06 2.61218e-05 -7.91353e-10 -1.14314e-16 7.50348e-05
2.37891e+01 9.31431e-10 1.82188e-06 2.59843e-05 -7.93461e-10 -1.74677e-17 7.44845e-05
2.38184e+01 -5.61148e-10 1.84934e-06 2.58783e-05 -7.95543e-10 6.44580e-17 7.39370e-05
2.38477e+01 9.91433e-10 1.86508e-06 2.57431e-05 -7.97595e-10 1.29388e-16 7.33922e-05
2.38770e+01 -5.00130e-10 1.89363e-06 2.56394e-05 -7.99613e-10 1.74677e-16 7.28500e-05
2.39062e+01 1.00791e-09 1.91099e-06 2.55073e-05 -8.01596e-10 2.00439e-16 7.23105e-05
2.39355e+01 -4.83608e-10 1.94137e-06 2.54066e-05 -8.03540e-10 2.05108e-16 7.17737e-05
2.39648e+01 9.81215e-10 1.96101e-06 2.52782e-05 -8.05444e-10 1.90839e-16 7.12394e-05
2.39941e+01 -5.07735e-10 1.99373e-06 2.51811e-05 -8.07306e-10 1.57229e-16 7.07078e-05
2.40234e+01 9.18364e-10 2.01601e-06 2.50567e-05 -8.09126e-10 1.08046e-16 7.01788e-05
2.40527e+01 -5.62753e-10 2.05126e-06 2.49633e-05 -8.10905e-10 4.40434e-17 6.96523e-05
2.40820e+01 8.31326e-10 2.07615e-06 2.48430e-05 -8.12644e-10 -3.00222e-17 6.91284e-05
2.41113e+01 -6.35057e-10 2.11370e-06 2.47531e-05 -8.14345e-10 -1.12330e-16 6.86070e-05
2.41406e+01 7.34705e-10 2.14075e-06 2.46363e-05 -8.16013e-10 -1.97874e-16 6.80882e-05
2.41699e+01 -7.09677e-10 2.17993e-06 2.45491e-05 -8.17650e-10 -2.83963e-16 6.75719e-05
2.41992e+01 6.43208e-10 2.20830e-06 2.44349e-05 -8.19262e-10 -3.66144e-16 6.70580e-05
2.42285e+01 -7.72751e-10 2.24809e-06 2.43494e-05 -8.20855e-10 -4.41192e-16 6.65467e-05
2.42578e+01 5.69314e-10 2.27661e-06 2.42367e-05 -8.22433e-10 -5.05992e-16 6.60378e-05
2.42871e+01 -8.13628e-10 2.31574e-06 2.41515e-05 -8.24003e-10 -5.57236e-16 6.55314e-05
2.43164e+01 5.21484e-10 2.34305e-06 2.40387e-05 -8.25572e-10 -5.93811e-16 6.50274e-05
2.43457e+01 -8.26283e-10 2.38015e-06 2.39525e-05 -8.27145e-10 -6.12805e-16 6.45258e-05
2.43750e+01 5.03152e-10 2.40491e-06 2.38383e-05 -8.28726e-10 -6.15495e-16 6.40266e-05
2.44043e+01 -8.09895e-10 2.43870e-06 2.37497e-05 -8.30323e-10 -5.99757e-16 6.35299e-05
2.44336e+01 5.12599e-10 2.45974e-06 2.36329e-05 -8.31938e-10 -5.69245e-16 6.30355e-05
2.44629e+01 -7.68544e-10 2.48919e-06 2.35408e-05 -8.33574e-10 -5.22807e-16 6.25435e-05
2.44922e+01 5.43650e-10 2.50571e-06 2.34205e-05 -8.35234e-10 -4.66002e-16 6.20538e-05
2.45215e+01 -7.10142e-10 2.53029e-06 2.33243e-05 -8.36919e-10 -3.98583e-16 6.15665e-05
2.45508e+01 5.87051e-10 2.54203e-06 2.32003e-05 -8.38627e-10 -3.27110e-16 6.10815e-05
2.45801e+01 -6.44828e-10 2.56182e-06 2.31002e-05 -8.40357e-10 -2.51997e-16 6.05988e-05
2.46094e+01 6.32246e-10 2.56921e-06 2.29729e-05 -8.42104e-10 -1.79636e-16 6.01184e-05
2.46387e+01 -5.83099e-10 2.58501e-06 2.28697e-05 -8.43864e-10 -1.10795e-16 5.96403e-05
2.46680e+01 6.69248e-10 2.58926e-06 2.27404e-05 -8.45629e-10 -5.05065e-17 5.91644e-05
2.46973e+01 -5.34002e-10 2.60265e-06 2.26357e-05 -8.47391e-10 3.09218e-19 5.86908e-05
2.47266e+01 6.90308e-10 2.60569e-06 2.25064e-05 -8.49141e-10 3.89367e-17 5.82195e-05
2.47559e+01 -5.03680e-10 2.61893e-06 2.24026e-05 -8.50868e-10 6.43209e-17 5.77503e-05
2.47852e+01 6.91110e-10 2.62327e-06 2.22759e-05 -8.52563e-10 7.65776e-17 5.72834e-05
2.48145e+01 -4.94481e-10 2.63904e-06 2.21758e-05 -8.54213e-10 7.43809e-17 5.68187e-05
2.48438e+01 6.71318e-10 2.64741e-06 2.20545e-05 -8.55810e-10 6.06779e-17 5.63562e-05
2.48730e+01 -5.04762e-10 2.66840e-06 2.19609e-05 -8.57343e-10 3.37269e-17 5.58958e-05
2.49023e+01 6.34419e-10 2.68332e-06 2.18476e-05 -8.58805e-10 -1.16305e-18 5.54377e-05
2.49316e+01 -5.29391e-10 2.71171e-06 2.17626e-05 -8.60189e-10 -4.61224e-17 5.49816e-05
2.49609e+01 5.86908e-10 2.73492e-06 2.16591e-05 -8.61493e-10 -9.42830e-17 5.45278e-05
2.49902e+01 -5.60839e-10 2.77191e-06 2.15840e-05 -8.62714e-10 -1.47876e-16 5.40760e-05
2.50195e+01 5.36971e-10 2.80396e-06 2.14907e-05 -8.63854e-10 -1.99474e-16 5.36263e-05
2.50488e+01 -5.90647e-10 2.84940e-06 2.14253e-05 -8.64917e-10 -2.50947e-16 5.31788e-05
2.50781e+01 4.92936e-10 2.88942e-06 2.13414e-05 -8.65910e-10 -2.95403e-16 5.27333e-05
2.51074e+01 -6.11000e-10 2.94174e-06 2.12839e-05 -8.66844e-10 -3.33914e-16 5.22900e-05
2.51367e+01 4.61748e-10 2.98748e-06 2.12070e-05 -8.67729e-10 -3.61247e-16 5.18486e-05
2.51660e+01 -6.16129e-10 3.04380e-06 2.11544e-05 -8.68579e-10 -3.77462e-16 5.14094e-05
2.51953e+01 4.47739e-10 3.09187e-06 2.10809e-05 -8.69410e-10 -3.80027e-16 5.09722e-05
2.52246e+01 -6.03313e-10 3.14839e-06 2.10293e-05 -8.70238e-10 -3.68049e-16 5.05370e-05
2.52539e+01 4.51903e-10 3.19469e-06 2.09547e-05 -8.71080e-10 -3.42480e-16 5.01038e-05
2.52832e+01 -5.73313e-10 3.24717e-06 2.08996e-05 -8.71952e-10 -3.01710e-16 4.96726e-05
2.53125e+01 4.71764e-10 3.28743e-06 2.08197e-05 -8.72870e-10 -2.50462e-16 4.92434e-05
2.53418e+01 -5.30197e-10 3.33171e-06 2.07566e-05 -8.73850e-10 -1.86631e-16 4.88162e-05
2.53711e+01 5.01849e-10 3.36202e-06 2.06672e-05 -8.74905e-10 -1.18338e-16 4.83910e-05
2.54004e+01 -4.80585e-10 3.39455e-06 2.05926e-05 -8.76044e-10 -4.30210e-17 4.79677e-05
2.54297e+01 5.34685e-10 3.41186e-06 2.04905e-05 -8.77278e-10 2.88709e-17 4.75464e-05
2.54590e+01 -4.32466e-10 3.43023e-06 2.04018e-05 -8.78611e-10 1.00504e-16 4.71270e-05
2.54883e+01 5.62121e-10 3.43285e-06 2.02853e-05 -8.80045e-10 1.60720e-16 4.67096e-05
2.55176e+01 -3.93777e-10 3.43617e-06 2.01818e-05 -8.81578e-10 2.13467e-16 4.62940e-05
2.55469e+01 5.76784e-10 3.42416e-06 2.00510e-05 -8.83203e-10 2.48727e-16 4.58804e-05
2.55762e+01 -3.70987e-10 3.41353e-06 1.99339e-05 -8.84911e-10 2.71170e-16 4.54687e-05
2.56055e+01 5.73409e-10 3.38906e-06 1.97913e-05 -8.86687e-10 2.73626e-16 4.50588e-05
2.56348e+01 -3.67901e-10 3.36781e-06 1.96641e-05 -8.88511e-10 2.60922e-16 4.46508e-05
2.56641e+01 5.49841e-10 3.33540e-06 1.95146e-05 -8.90362e-10 2.29977e-16 4.42447e-05
2.56934e+01 -3.84887e-10 3.30922e-06 1.93835e-05 -8.92214e-10 1.84637e-16 4.38404e-05
2.57227e+01 5.07547e-10 3.27571e-06 1.92343e-05 -8.94036e-10 1.26498e-16 4.34380e-05
2.57520e+01 -4.18660e-10 3.25243e-06 1.91075e-05 -8.95798e-10 5.69693e-17 4.30374e-05
2.57812e+01 4.51531e-10 3.22642e-06 1.89677e-05 -8.97469e-10 -1.77363e-17 4.26386e-05
2.58105e+01 -4.62664e-10 3.21516e-06 1.88549e-05 -8.99018e-10 -9.98380e-17 4.22416e-05
2.58398e+01 3.89651e-10 3.20586e-06 1.87341e-05 -9.00415e-10 -1.79079e-16 4.18464e-05
2.58691e+01 -5.08043e-10 3.21544e-06 1.86443e-05 -9.01635e-10 -2.61513e-16 4.14530e-05
2.58984e+01 3.31396e-10 3.23076e-06 1.85507e-05 -9.02659e-10 -3.33807e-16 4.10614e-05
2.59277e+01 -5.45077e-10 3.26762e-06 1.84907e-05 -9.03474e-10 -4.04690e-16 4.06716e-05
2.59570e+01 2.86273e-10 3.31202e-06 1.84287e-05 -9.04075e-10 -4.59153e-16 4.02835e-05
2.59863e+01 -5.64912e-10 3.37825e-06 1.84004e-05 -9.04465e-10 -5.06463e-16 3.98971e-05
2.60156e+01 2.62054e-10 3.45125e-06 1.83693e-05 -9.04656e-10 -5.31902e-16 3.95125e-05
2.60449e+01 -5.61242e-10 3.54373e-06 1.83690e-05 -9.04670e-10 -5.43203e-16 3.91296e-05
2.60742e+01 2.63244e-10 3.63964e-06 1.83625e-05 -9.04534e-10 -5.28476e-16 3.87485e-05
2.61035e+01 -5.31610e-10 3.75039e-06 1.83817e-05 -9.04282e-10 -4.92822e-16 3.83690e-05
2.61328e+01 2.90091e-10 3.85931e-06 1.83891e-05 -9.03957e-10 -4.29910e-16 3.79913e-05
2.61621e+01 -4.78027e-10 3.97689e-06 1.84153e-05 -9.03601e-10 -3.42255e-16 3.76152e-05
2.61914e+01 3.38366e-10 4.08629e-06 1.84231e-05 -9.03264e-10 -2.31252e-16 3.72409e-05
2.62207e+01 -4.06795e-10 4.19759e-06 1.84423e-05 -9.02992e-10 -9.74254e-17 3.68681e-05
2.62500e+01 3.99925e-10 4.29420e-06 1.84364e-05 -9.02834e-10 4.93215e-17 3.64971e-05
2.62793e+01 -3.27576e-10 4.38620e-06 1.84348e-05 -9.02836e-10 2.10120e-16 3.61277e-05
2.63086e+01 4.63966e-10 4.45768e-06 1.84020e-05 -9.03039e-10 3.67667e-16 3.57600e-05
2.63379e+01 -2.51880e-10 4.51906e-06 1.83675e-05 -9.03480e-10 5.25172e-16 3.53939e-05
2.63672e+01 5.18732e-10 4.55536e-06 1.82973e-05 -9.04188e-10 6.60801e-16 3.50294e-05
2.63965e+01 -1.91227e-10 4.57761e-06 1.82211e-05 -9.05185e-10 7.80920e-16 3.46665e-05
2.64258e+01 5.53405e-10 4.57200e-06 1.81065e-05 -9.06484e-10 8.63059e-16 3.43052e-05
2.64551e+01 -1.55285e-10 4.55035e-06 1.79839e-05 -9.08088e-10 9.17810e-16 3.39456e-05
2.64844e+01 5.59868e-10 4.50023e-06 1.78227e-05 -9.09990e-10 9.25942e-16 3.35875e-05
2.65137e+01 -1.50269e-10 4.43443e-06 1.76539e-05 -9.12171e-10 9.02415e-16 3.32310e-05
2.65430e+01 5.34080e-10 4.34206e-06 1.74491e-05 -9.14603e-10 8.34109e-16 3.28761e-05
2.65723e+01 -1.77840e-10 4.23710e-06 1.72402e-05 -9.17247e-10 7.38801e-16 3.25227e-05
2.66016e+01 4.76869e-10 4.11042e-06 1.70011e-05 -9.20052e-10 6.10783e-16 3.21709e-05
2.66309e+01 -2.34660e-10 3.97742e-06 1.67648e-05 -9.22959e-10 4.67118e-16 3.18206e-05
2.66602e+01 3.94012e-10 3.83093e-06 1.65077e-05 -9.25900e-10 3.09301e-16 3.14719e-05
2.66895e+01 -3.12663e-10 3.68793e-06 1.62643e-05 -9.28798e-10 1.48662e-16 3.11247e-05
2.67188e+01 2.95620e-10 3.54328e-06 1.60131e-05 -9.31573e-10 -7.12237e-18 3.07791e-05
2.67480e+01 -4.00001e-10 3.41541e-06 1.57901e-05 -9.34140e-10 -1.57525e-16 3.04349e-05
2.67773e+01 1.94908e-10 3.30084e-06 1.55757e-05 -9.36411e-10 -2.89390e-16 3.00923e-05
2.68066e+01 -4.82509e-10 3.21866e-06 1.54060e-05 -9.38304e-10 -4.15777e-16 2.97511e-05
2.68359e+01 1.06526e-10 3.16574e-06 1.52621e-05 -9.39740e-10 -5.17512e-16 2.94114e-05
2.68652e+01 -5.45533e-10 3.15995e-06 1.51783e-05 -9.40652e-10 -6.19165e-16 2.90732e-05
2.68945e+01 4.46025e-11 3.19603e-06 1.51335e-05 -9.40988e-10 -6.94120e-16 2.87365e-05
2.69238e+01 -5.76032e-10 3.28776e-06 1.51571e-05 -9.40719e-10 -7.70738e-16 2.84013e-05
2.69531e+01 2.04867e-11 3.42493e-06 1.52229e-05 -9.39840e-10 -8.15334e-16 2.80675e-05
2.69824e+01 -5.64983e-10 3.61520e-06 1.53532e-05 -9.38374e-10 -8.50485e-16 2.77351e-05
2.70117e+01 4.02492e-11 3.84276e-06 1.55158e-05 -9.36373e-10 -8.41045e-16 2.74042e-05
2.70410e+01 -5.09791e-10 4.11003e-06 1.57272e-05 -9.33915e-10 -7.99312e-16 2.70748e-05
2.70703e+01 1.02662e-10 4.39760e-06 1.59516e-05 -9.31102e-10 -6.98914e-16 2.67467e-05
2.70996e+01 -4.15605e-10 4.70516e-06 1.62022e-05 -9.28055e-10 -5.44579e-16 2.64201e-05
2.71289e+01 1.98794e-10 5.01220e-06 1.64425e-05 -9.24910e-10 -3.28593e-16 2.60949e-05
2.71582e+01 -2.94779e-10 5.31782e-06 1.66847e-05 -9.21816e-10 -5.36279e-17 2.57710e-05
2.71875e+01 3.13394e-10 5.60219e-06 1.68937e-05 -9.18924e-10 2.64654e-16 2.54486e-05
2.72168e+01 -1.64789e-10 5.86534e-06 1.70826e-05 -9.16385e-10 6.22582e-16 2.51276e-05
2.72461e+01 4.27524e-10 6.08930e-06 1.72185e-05 -9.14343e-10 9.83785e-16 2.48079e-05
2.72754e+01 -4.52215e-11 6.27586e-06 1.73165e-05 -9.12924e-10 1.34537e-15 2.44896e-05
2.73047e+01 5.21772e-10 6.40954e-06 1.73471e-05 -9.12238e-10 1.65930e-15 2.41727e-05
2.73340e+01 4.55042e-11 6.49432e-06 1.73273e-05 -9.12367e-10 1.92899e-15 2.38571e-05
2.73633e+01 5.79463e-10 6.51742e-06 1.72312e-05 -9.13364e-10 2.10666e-15 2.35429e-05
2.73926e+01 9.31246e-11 6.48512e-06 1.70782e-05 -9.15250e-10 2.20808e-15 2.32300e-05
2.74219e+01 5.89307e-10 6.38735e-06 1.68460e-05 -9.18016e-10 2.19617e-15 2.29185e-05
2.74512e+01 8.97712e-11 6.23268e-06 1.65565e-05 -9.21617e-10 2.10212e-15 2.26083e-05
2.74805e+01 5.47154e-10 6.01380e-06 1.61908e-05 -9.25978e-10 1.90530e-15 2.22994e-05
2.75098e+01 3.51731e-11 5.74162e-06 1.57734e-05 -9.30996e-10 1.65005e-15 2.19918e-05
2.75391e+01 4.56624e-10 5.41176e-06 1.52891e-05 -9.36540e-10 1.33191e-15 2.16855e-05
2.75684e+01 -6.32892e-11 5.03782e-06 1.47654e-05 -9.42460e-10 1.00031e-15 2.13806e-05
2.75977e+01 3.28583e-10 4.61884e-06 1.41916e-05 -9.48586e-10 6.61571e-16 2.10769e-05
2.76270e+01 -1.91660e-10 4.17189e-06 1.35988e-05 -9.54740e-10 3.57631e-16 2.07745e-05
2.76562e+01 1.79561e-10 3.70041e-06 1.29817e-05 -9.60738e-10 9.78893e-17 2.04734e-05
2.76855e+01 -3.31437e-10 3.22608e-06 1.23766e-05 -9.66396e-10 -9.74550e-17 2.01736e-05
2.77148e+01 2.93581e-11 2.75807e-06 1.17848e-05 -9.71540e-10 -2.21991e-16 1.98750e-05
2.77441e+01 -4.62225e-10 2.32400e-06 1.12490e-05 -9.76008e-10 -2.89075e-16 1.95777e-05
2.77734e+01 -1.01731e-10 1.93982e-06 1.07782e-05 -9.79651e-10 -2.95080e-16 1.92817e-05
2.78027e+01 -5.64449e-10 1.63937e-06 1.04214e-05 -9.82332e-10 -2.90882e-16 1.89869e-05
2.78320e+01 -1.95355e-10 1.44426e-06 1.01936e-05 -9.83913e-10 -2.65292e-16 1.86933e-05
2.78613e+01 -6.21310e-10 1.39091e-06 1.01455e-05 -9.84246e-10 -2.96001e-16 1.84009e-05
2.78906e+01 -2.36413e-10 1.49872e-06 1.02883e-05 -9.83152e-10 -3.43460e-16 1.81098e-05
2.79199e+01 -6.19431e-10 1.79248e-06 1.06572e-05 -9.80431e-10 -4.79828e-16 1.78200e-05
2.79492e+01 -2.13409e-10 2.26701e-06 1.12333e-05 -9.75903e-10 -6.18108e-16 1.75313e-05
2.79785e+01 -5.49893e-10 2.90922e-06 1.20052e-05 -9.69479e-10 -7.81869e-16 1.72438e-05
2.80078e+01 -1.21600e-10 3.67459e-06 1.29068e-05 -9.61229e-10 -8.60460e-16 1.69576e-05
2.80371e+01 -4.14379e-10 4.52423e-06 1.38953e-05 -9.51402e-10 -8.34366e-16 1.66725e-05
2.80664e+01 2.90860e-11 5.40824e-06 1.48989e-05 -9.40397e-10 -6.37264e-16 1.63886e-05
2.80957e+01 -2.31266e-10 6.29484e-06 1.58847e-05 -9.28725e-10 -2.54860e-16 1.61059e-05
2.81250e+01 2.13288e-10 7.14526e-06 1.67965e-05 -9.16967e-10 3.02584e-16 1.58244e-05
2.81543e+01 -3.07023e-11 7.93811e-06 1.76153e-05 -9.05741e-10 1.02059e-15 1.55441e-05
2.81836e+01 3.98190e-10 8.64460e-06 1.82988e-05 -8.95658e-10 1.82321e-15 1.52649e-05
2.82129e+01 1.53716e-10 9.25219e-06 1.88399e-05 -8.87277e-10 2.67478e-15 1.49868e-05
2.82422e+01 5.51111e-10 9.74059e-06 1.92078e-05 -8.81077e-10 3.46638e-15 1.47100e-05
2.82715e+01 2.91719e-10 1.01046e-05 1.94051e-05 -8.77423e-10 4.16583e-15 1.44342e-05
2.83008e+01 6.45457e-10 1.03311e-05 1.94107e-05 -8.76548e-10 4.66970e-15 1.41597e-05
2.83301e+01 3.61419e-10 1.04207e-05 1.92347e-05 -8.78549e-10 4.97495e-15 1.38862e-05
2.83594e+01 6.64805e-10 1.03660e-05 1.88643e-05 -8.83375e-10 5.01339e-15 1.36139e-05
2.83887e+01 3.52358e-10 1.01724e-05 1.83154e-05 -8.90844e-10 4.82549e-15 1.33427e-05
2.84180e+01 6.04914e-10 9.83680e-06 1.75814e-05 -9.00650e-10 4.39078e-15 1.30726e-05
2.84473e+01 2.66534e-10 9.36819e-06 1.66833e-05 -9.12381e-10 3.79104e-15 1.28036e-05
2.84766e+01 4.73813e-10 8.76712e-06 1.56196e-05 -9.25541e-10 3.04748e-15 1.25358e-05
2.85059e+01 1.17598e-10 8.04535e-06 1.44154e-05 -9.39572e-10 2.26573e-15 1.22690e-05
2.85352e+01 2.90180e-10 7.20664e-06 1.30745e-05 -9.53879e-10 1.48869e-15 1.20033e-05
2.85645e+01 -7.14860e-11 6.26563e-06 1.16262e-05 -9.67859e-10 8.18947e-16 1.17387e-05
2.85938e+01 8.03840e-11 5.22985e-06 1.00808e-05 -9.80924e-10 2.95021e-16 1.14752e-05
2.86230e+01 -2.71945e-10 4.11797e-06 8.47400e-06 -9.92538e-10 -1.25228e-17 1.12128e-05
2.86523e+01 -1.25502e-10 2.94326e-06 6.82564e-06 -1.00225e-09 -9.32045e-17 1.09515e-05
2.86816e+01 -4.53583e-10 1.73134e-06 5.18219e-06 -1.00974e-09 6.77177e-17 1.06912e-05
2.87109e+01 -2.98406e-10 5.05331e-07 3.57914e-06 -1.01484e-09 4.39697e-16 1.04320e-05
2.87402e+01 -5.89730e-10 -6.96863e-07 2.08152e-06 -1.01764e-09 9.69402e-16 1.01738e-05
2.87695e+01 -4.15334e-10 -1.83507e-06 7.50989e-07 -1.01846e-09 1.59091e-15 9.91670e-06
2.87988e+01 -6.62250e-10 -2.85030e-06 -3.16240e-07 -1.01790e-09 2.18789e-15 9.66063e-06
2.88281e+01 -4.63964e-10 -3.67376e-06 -1.01537e-06 -1.01680e-09 2.69035e-15 9.40560e-06
2.88574e+01 -6.65107e-10 -4.21179e-06 -1.19962e-06 -1.01606e-09 2.94440e-15 9.15161e-06
2.88867e+01 -4.44082e-10 -4.34812e-06 -6.92635e-07 -1.01621e-09 2.93608e-15 8.89864e-06
2.89160e+01 -6.01733e-10 -3.93509e-06 7.30443e-07 -1.01656e-09 2.51597e-15 8.64670e-06
2.89453e+01 -3.57609e-10 -2.76927e-06 3.38169e-06 -1.01358e-09 1.82912e-15 8.39578e-06
2.89746e+01 -4.64487e-10 -7.68019e-07 7.34548e-06 -1.00029e-09 9.15089e-16 8.14587e-06
2.90039e+01 -1.83146e-10 1.72516e-06 1.20293e-05 -9.70790e-10 2.09958e-16 7.89697e-06
2.90332e+01 -2.29738e-10 4.20122e-06 1.65655e-05 -9.26750e-10 -4.25808e-17 7.64907e-06
2.90625e+01 7.77782e-11 6.40457e-06 2.04334e-05 -8.75695e-10 2.39952e-16 7.40218e-06
2.90918e+01 5.78573e-11 8.33084e-06 2.36163e-05 -8.24513e-10 1.03529e-15 7.15627e-06
2.91211e+01 3.51694e-10 9.98883e-06 2.61444e-05 -7.77693e-10 2.17348e-15 6.91136e-06
2.91504e+01 3.24536e-10 1.13900e-05 2.80474e-05 -7.38429e-10 3.54787e-15 6.66743e-06
2.91797e+01 5.77554e-10 1.25430e-05 2.93501e-05 -7.08885e-10 4.96680e-15 6.42447e-06
2.92090e+01 5.21112e-10 1.34612e-05 3.00856e-05 -6.90286e-10 6.32152e-15 6.18249e-06
2.92383e+01 7.16390e-10 1.41546e-05 3.02787e-05 -6.83047e-10 7.45519e-15 5.94148e-06
2.92676e+01 6.18529e-10 1.46381e-05 2.99641e-05 -6.86884e-10 8.30139e-15 5.70144e-06
2.92969e+01 7.48773e-10 1.49230e-05 2.91675e-05 -7.00930e-10 8.77011e-15 5.46235e-06
2.93262e+01 6.06618e-10 1.50254e-05 2.79243e-05 -7.23848e-10 8.85703e-15 5.22422e-06
2.93555e+01 6.73322e-10 1.49578e-05 2.62609e-05 -7.53934e-10 8.54607e-15 4.98704e-06
2.93848e+01 4.92204e-10 1.47370e-05 2.42130e-05 -7.89222e-10 7.89141e-15 4.75080e-06
2.94141e+01 5.04350e-10 1.43765e-05 2.18075e-05 -8.27574e-10 6.93678e-15 4.51550e-06
2.94434e+01 2.96258e-10 1.38934e-05 1.90798e-05 -8.66771e-10 5.77378e-15 4.28114e-06
2.94727e+01 2.68547e-10 1.33016e-05 1.60569e-05 -9.04590e-10 4.47845e-15 4.04771e-06
2.95020e+01 5.01492e-11 1.26185e-05 1.27736e-05 -9.38874e-10 3.15037e-15 3.81520e-06
2.95312e+01 8.35731e-13 1.18581e-05 9.25668e-06 -9.67592e-10 1.86672e-15 3.58362e-06
2.95605e+01 -2.08825e-10 1.10374e-05 5.53962e-06 -9.88891e-10 7.06954e-16 3.35295e-06
2.95898e+01 -2.60339e-10 1.01703e-05 1.64880e-06 -1.00114e-09 -2.76081e-16 3.12320e-06
2.96191e+01 -4.42310e-10 9.27315e-06 -2.38396e-06 -1.00296e-09 -1.04164e-15 2.89435e-06
2.96484e+01 -4.77944e-10 8.35936e-06 -6.53327e-06 -9.93254e-10 -1.57452e-15 2.66641e-06
2.96777e+01 -6.15784e-10 7.44414e-06 -1.07694e-05 -9.71207e-10 -1.87719e-15 2.43937e-06
2.97070e+01 -6.21089e-10 6.53991e-06 -1.50687e-05 -9.36303e-10 -1.97061e-15 2.21322e-06
2.97363e+01 -7.02993e-10 5.66015e-06 -1.94041e-05 -8.88314e-10 -1.89076e-15 1.98796e-06
2.97656e+01 -6.69014e-10 4.81549e-06 -2.37545e-05 -8.27282e-10 -1.68080e-15 1.76359e-06
2.97949e+01 -6.89331e-10 4.01672e-06 -2.80971e-05 -7.53491e-10 -1.39069e-15 1.54010e-06
2.98242e+01 -6.13688e-10 3.27144e-06 -3.24144e-05 -6.67426e-10 -1.06562e-15 1.31749e-06
2.98535e+01 -5.73463e-10 2.58611e-06 -3.66897e-05 -5.69715e-10 -7.48338e-16 1.09575e-06
2.98828e+01 -4.60253e-10 1.96322e-06 -4.09120e-05 -4.61064e-10 -4.68833e-16 8.74881e-07
2.99121e+01 -3.66398e-10 1.40227e-06 -4.50734e-05 -3.42156e-10 -2.49163e-16 6.54874e-07
2.99414e+01 -2.24579e-10 8.97190e-07 -4.91733e-05 -2.13541e-10 -9.86632e-17 4.35728e-07
2.99707e+01 -8.74982e-11 4.36162e-07 -5.32180e-05 -7.55009e-11 -2.08333e-17 2.17438e-07
3.00000e+01 2.12209e-16 1.95782e-17 -5.72225e-05 0.00000e+00 0.00000e+00 6.12804e-47
