# k S_analytical(k)
0.00001000 0.00323102
0.00982508 0.00323096
0.01964016 0.00323076
0.02945524 0.00323044
0.03927032 0.00322998
0.04908540 0.00322940
0.05890048 0.00323176
0.06871556 0.00323202
0.07853064 0.00323233
0.08834572 0.00323267
0.09816080 0.00323306
0.10797588 0.00323348
0.11779096 0.00323395
0.12760604 0.00323446
0.13742112 0.00323501
0.14723620 0.00323560
0.15705128 0.00323623
0.16686636 0.00323690
0.17668144 0.00323761
0.18649652 0.00323837
0.19631160 0.00323916
0.20612668 0.00324000
0.21594176 0.00324087
0.22575684 0.00324179
0.23557192 0.00324275
0.24538700 0.00324375
0.25520209 0.00324479
0.26501717 0.00324587
0.27483225 0.00324699
0.28464733 0.00324816
0.29446241 0.00324936
0.30427749 0.00325061
0.31409257 0.00325190
0.32390765 0.00325323
0.33372273 0.00325460
0.34353781 0.00325601
0.35335289 0.00325747
0.36316797 0.00325897
0.37298305 0.00326050
0.38279813 0.00326209
0.39261321 0.00326371
0.40242829 0.00326537
0.41224337 0.00326708
0.42205845 0.00326883
0.43187353 0.00327062
0.44168861 0.00327245
0.45150369 0.00327433
0.46131877 0.00327625
0.47113385 0.00327821
0.48094893 0.00328021
0.49076401 0.00328226
0.50057909 0.00328435
0.51039417 0.00328648
0.52020925 0.00328866
0.53002433 0.00329088
0.53983941 0.00329314
0.54965449 0.00329544
0.55946957 0.00329779
0.56928465 0.00330019
0.57909973 0.00330262
0.58891481 0.00330510
0.59872989 0.00330763
0.60854497 0.00331019
0.61836005 0.00331281
0.62817513 0.00331546
0.63799021 0.00331816
0.64780529 0.00332091
0.65762037 0.00332370
0.66743545 0.00332653
0.67725053 0.00332941
0.68706561 0.00333233
0.69688069 0.00333530
0.70669577 0.00333832
0.71651085 0.00334138
0.72632593 0.00334448
0.73614101 0.00334764
0.74595610 0.00335083
0.75577118 0.00335407
0.76558626 0.00335736
0.77540134 0.00336070
0.78521642 0.00336408
0.79503150 0.00336751
0.80484658 0.00337098
0.81466166 0.00337451
0.82447674 0.00337807
0.83429182 0.00338169
0.84410690 0.00338535
0.85392198 0.00338907
0.86373706 0.00339282
0.87355214 0.00339663
0.88336722 0.00340049
0.89318230 0.00340439
0.90299738 0.00340834
0.91281246 0.00341234
0.92262754 0.00341639
0.93244262 0.00342049
0.94225770 0.00342463
0.95207278 0.00342883
0.96188786 0.00343307
0.97170294 0.00343737
0.98151802 0.00344171
0.99133310 0.00344611
1.00114818 0.00345056
1.01096326 0.00345505
1.02077834 0.00345960
1.03059342 0.00346420
1.04040850 0.00346885
1.05022358 0.00347355
1.06003866 0.00347830
1.06985374 0.00348310
1.07966882 0.00348796
1.08948390 0.00349287
1.09929898 0.00349783
1.10911406 0.00350285
1.11892914 0.00350791
1.12874422 0.00351303
1.13855930 0.00351821
1.14837438 0.00352343
1.15818946 0.00352872
1.16800454 0.00353405
1.17781962 0.00353944
1.18763470 0.00354489
1.19744978 0.00355039
1.20726486 0.00355594
1.21707994 0.00356156
1.22689502 0.00356722
1.23671010 0.00357295
1.24652519 0.00357873
1.25634027 0.00358456
1.26615535 0.00359046
1.27597043 0.00359641
1.28578551 0.00360241
1.29560059 0.00360848
1.30541567 0.00361460
1.31523075 0.00362079
1.32504583 0.00362703
1.33486091 0.00363333
1.34467599 0.00363969
1.35449107 0.00364611
1.36430615 0.00365259
1.37412123 0.00365913
1.38393631 0.00366573
1.39375139 0.00367239
1.40356647 0.00367911
1.41338155 0.00368590
1.42319663 0.00369274
1.43301171 0.00369965
1.44282679 0.00370662
1.45264187 0.00371366
1.46245695 0.00372075
1.47227203 0.00372791
1.48208711 0.00373514
1.49190219 0.00374243
1.50171727 0.00374979
1.51153235 0.00375721
1.52134743 0.00376469
1.53116251 0.00377224
1.54097759 0.00377986
1.55079267 0.00378755
1.56060775 0.00379530
1.57042283 0.00380312
1.58023791 0.00381100
1.59005299 0.00381896
1.59986807 0.00382698
1.60968315 0.00383508
1.61949823 0.00384324
1.62931331 0.00385148
1.63912839 0.00385978
1.64894347 0.00386815
1.65875855 0.00387660
1.66857363 0.00388512
1.67838871 0.00389371
1.68820379 0.00390237
1.69801887 0.00391111
1.70783395 0.00391992
1.71764903 0.00392880
1.72746411 0.00393776
1.73727919 0.00394679
1.74709428 0.00395590
1.75690936 0.00396509
1.76672444 0.00397435
1.77653952 0.00398369
1.78635460 0.00399310
1.79616968 0.00400260
1.80598476 0.00401217
1.81579984 0.00402182
1.82561492 0.00403155
1.83543000 0.00404137
1.84524508 0.00405126
1.85506016 0.00406123
1.86487524 0.00407129
1.87469032 0.00408142
1.88450540 0.00409164
1.89432048 0.00410195
1.90413556 0.00411234
1.91395064 0.00412281
1.92376572 0.00413337
1.93358080 0.00414401
1.94339588 0.00415474
1.95321096 0.00416556
1.96302604 0.00417646
1.97284112 0.00418745
1.98265620 0.00419853
1.99247128 0.00420971
2.00228636 0.00422097
2.01210144 0.00423232
2.02191652 0.00424376
2.03173160 0.00425530
2.04154668 0.00426693
2.05136176 0.00427865
2.06117684 0.00429046
2.07099192 0.00430237
2.08080700 0.00431438
2.09062208 0.00432648
2.10043716 0.00433868
2.11025224 0.00435098
2.12006732 0.00436337
2.12988240 0.00437586
2.13969748 0.00438846
2.14951256 0.00440115
2.15932764 0.00441395
2.16914272 0.00442685
2.17895780 0.00443985
2.18877288 0.00445295
2.19858796 0.00446616
2.20840304 0.00447947
2.21821812 0.00449289
2.22803320 0.00450642
2.23784829 0.00452005
2.24766337 0.00453379
2.25747845 0.00454765
2.26729353 0.00456161
2.27710861 0.00457568
2.28692369 0.00458987
2.29673877 0.00460416
2.30655385 0.00461858
2.31636893 0.00463310
2.32618401 0.00464774
2.33599909 0.00466250
2.34581417 0.00467738
2.35562925 0.00469237
2.36544433 0.00470748
2.37525941 0.00472271
2.38507449 0.00473807
2.39488957 0.00475354
2.40470465 0.00476914
2.41451973 0.00478487
2.42433481 0.00480071
2.43414989 0.00481669
2.44396497 0.00483279
2.45378005 0.00484902
2.46359513 0.00486538
2.47341021 0.00488187
2.48322529 0.00489849
2.49304037 0.00491524
2.50285545 0.00493213
2.51267053 0.00494915
2.52248561 0.00496631
2.53230069 0.00498360
2.54211577 0.00500103
2.55193085 0.00501861
2.56174593 0.00503632
2.57156101 0.00505417
2.58137609 0.00507217
2.59119117 0.00509031
2.60100625 0.00510860
2.61082133 0.00512703
2.62063641 0.00514561
2.63045149 0.00516434
2.64026657 0.00518322
2.65008165 0.00520226
2.65989673 0.00522144
2.66971181 0.00524078
2.67952689 0.00526028
2.68934197 0.00527993
2.69915705 0.00529974
2.70897213 0.00531971
2.71878721 0.00533984
2.72860229 0.00536014
2.73841738 0.00538060
2.74823246 0.00540122
2.75804754 0.00542202
2.76786262 0.00544298
2.77767770 0.00546411
2.78749278 0.00548541
2.79730786 0.00550689
2.80712294 0.00552854
2.81693802 0.00555036
2.82675310 0.00557237
2.83656818 0.00559455
2.84638326 0.00561692
2.85619834 0.00563947
2.86601342 0.00566220
2.87582850 0.00568512
2.88564358 0.00570823
2.89545866 0.00573153
2.90527374 0.00575501
2.91508882 0.00577870
2.92490390 0.00580257
2.93471898 0.00582665
2.94453406 0.00585092
2.95434914 0.00587539
2.96416422 0.00590007
2.97397930 0.00592495
2.98379438 0.00595004
2.99360946 0.00597533
3.00342454 0.00600084
3.01323962 0.00602656
3.02305470 0.00605249
3.03286978 0.00607864
3.04268486 0.00610500
3.05249994 0.00613159
3.06231502 0.00615840
3.07213010 0.00618544
3.08194518 0.00621270
3.09176026 0.00624019
3.10157534 0.00626791
3.11139042 0.00629587
3.12120550 0.00632406
3.13102058 0.00635249
3.14083566 0.00638116
3.15065074 0.00641008
3.16046582 0.00643924
3.17028090 0.00646865
3.18009598 0.00649831
3.18991106 0.00652822
3.19972614 0.00655838
3.20954122 0.00658881
3.21935630 0.00661949
3.22917138 0.00665044
3.23898647 0.00668166
3.24880155 0.00671314
3.25861663 0.00674489
3.26843171 0.00677692
3.27824679 0.00680923
3.28806187 0.00684181
3.29787695 0.00687468
3.30769203 0.00690783
3.31750711 0.00694127
3.32732219 0.00697500
3.33713727 0.00700903
3.34695235 0.00704335
3.35676743 0.00707797
3.36658251 0.00711290
3.37639759 0.00714814
3.38621267 0.00718368
3.39602775 0.00721954
3.40584283 0.00725571
3.41565791 0.00729220
3.42547299 0.00732902
3.43528807 0.00736616
3.44510315 0.00740364
3.45491823 0.00744144
3.46473331 0.00747959
3.47454839 0.00751807
3.48436347 0.00755690
3.49417855 0.00759608
3.50399363 0.00763561
3.51380871 0.00767549
3.52362379 0.00771574
3.53343887 0.00775634
3.54325395 0.00779732
3.55306903 0.00783866
3.56288411 0.00788038
3.57269919 0.00792249
3.58251427 0.00796497
3.59232935 0.00800784
3.60214443 0.00805111
3.61195951 0.00809477
3.62177459 0.00813883
3.63158967 0.00818330
3.64140475 0.00822818
3.65121983 0.00827347
3.66103491 0.00831918
3.67084999 0.00836532
3.68066507 0.00841188
3.69048015 0.00845888
3.70029523 0.00850631
3.71011031 0.00855419
3.71992539 0.00860252
3.72974048 0.00865130
3.73955556 0.00870054
3.74937064 0.00875025
3.75918572 0.00880042
3.76900080 0.00885107
3.77881588 0.00890219
3.78863096 0.00895381
3.79844604 0.00900591
3.80826112 0.00905852
3.81807620 0.00911162
3.82789128 0.00916523
3.83770636 0.00921936
3.84752144 0.00927401
3.85733652 0.00932919
3.86715160 0.00938490
3.87696668 0.00944115
3.88678176 0.00949794
3.89659684 0.00955529
3.90641192 0.00961320
3.91622700 0.00967167
3.92604208 0.00973071
3.93585716 0.00979034
3.94567224 0.00985055
3.95548732 0.00991135
3.96530240 0.00997276
3.97511748 0.01003477
3.98493256 0.01009740
3.99474764 0.01016065
4.00456272 0.01022453
4.01437780 0.01028905
4.02419288 0.01035421
4.03400796 0.01042003
4.04382304 0.01048651
4.05363812 0.01055366
4.06345320 0.01062149
4.07326828 0.01069001
4.08308336 0.01075923
4.09289844 0.01082914
4.10271352 0.01089977
4.11252860 0.01097113
4.12234368 0.01104321
4.13215876 0.01111604
4.14197384 0.01118962
4.15178892 0.01126395
4.16160400 0.01133906
4.17141908 0.01141494
4.18123416 0.01149162
4.19104924 0.01156909
4.20086432 0.01164738
4.21067940 0.01172648
4.22049448 0.01180642
4.23030957 0.01188719
4.24012465 0.01196882
4.24993973 0.01205132
4.25975481 0.01213469
4.26956989 0.01221895
4.27938497 0.01230410
4.28920005 0.01239017
4.29901513 0.01247716
4.30883021 0.01256508
4.31864529 0.01265395
4.32846037 0.01274378
4.33827545 0.01283459
4.34809053 0.01292638
4.35790561 0.01301917
4.36772069 0.01311297
4.37753577 0.01320780
4.38735085 0.01330367
4.39716593 0.01340060
4.40698101 0.01349859
4.41679609 0.01359767
4.42661117 0.01369785
4.43642625 0.01379914
4.44624133 0.01390156
4.45605641 0.01400513
4.46587149 0.01410986
4.47568657 0.01421577
4.48550165 0.01432287
4.49531673 0.01443118
4.50513181 0.01454072
4.51494689 0.01465151
4.52476197 0.01476356
4.53457705 0.01487689
4.54439213 0.01499152
4.55420721 0.01510746
4.56402229 0.01522475
4.57383737 0.01534339
4.58365245 0.01546340
4.59346753 0.01558482
4.60328261 0.01570765
4.61309769 0.01583191
4.62291277 0.01595763
4.63272785 0.01608483
4.64254293 0.01621354
4.65235801 0.01634376
4.66217309 0.01647553
4.67198817 0.01660887
4.68180325 0.01674381
4.69161833 0.01688035
4.70143341 0.01701854
4.71124849 0.01715839
4.72106357 0.01729993
4.73087866 0.01744319
4.74069374 0.01758819
4.75050882 0.01773495
4.76032390 0.01788351
4.77013898 0.01803390
4.77995406 0.01818613
4.78976914 0.01834024
4.79958422 0.01849626
4.80939930 0.01865422
4.81921438 0.01881414
4.82902946 0.01897607
4.83884454 0.01914002
4.84865962 0.01930603
4.85847470 0.01947414
4.86828978 0.01964438
4.87810486 0.01981678
4.88791994 0.01999137
4.89773502 0.02016819
4.90755010 0.02034728
4.91736518 0.02052868
4.92718026 0.02071241
4.93699534 0.02089852
4.94681042 0.02108705
4.95662550 0.02127804
4.96644058 0.02147152
4.97625566 0.02166754
4.98607074 0.02186613
4.99588582 0.02206735
5.00570090 0.02227124
5.01551598 0.02247783
5.02533106 0.02268718
5.03514614 0.02289933
5.04496122 0.02311433
5.05477630 0.02333223
5.06459138 0.02355307
5.07440646 0.02377691
5.08422154 0.02400379
5.09403662 0.02423377
5.10385170 0.02446691
5.11366678 0.02470325
5.12348186 0.02494285
5.13329694 0.02518578
5.14311202 0.02543208
5.15292710 0.02568181
5.16274218 0.02593504
5.17255726 0.02619183
5.18237234 0.02645224
5.19218742 0.02671634
5.20200250 0.02698419
5.21181758 0.02725585
5.22163267 0.02753140
5.23144775 0.02781091
5.24126283 0.02809445
5.25107791 0.02838208
5.26089299 0.02867390
5.27070807 0.02896996
5.28052315 0.02927036
5.29033823 0.02957517
5.30015331 0.02988447
5.30996839 0.03019835
5.31978347 0.03051689
5.32959855 0.03084018
5.33941363 0.03116830
5.34922871 0.03150136
5.35904379 0.03183944
5.36885887 0.03218263
5.37867395 0.03253105
5.38848903 0.03288478
5.39830411 0.03324393
5.40811919 0.03360860
5.41793427 0.03397891
5.42774935 0.03435495
5.43756443 0.03473685
5.44737951 0.03512472
5.45719459 0.03551868
5.46700967 0.03591884
5.47682475 0.03632534
5.48663983 0.03673829
5.49645491 0.03715783
5.50626999 0.03758409
5.51608507 0.03801720
5.52590015 0.03845732
5.53571523 0.03890457
5.54553031 0.03935910
5.55534539 0.03982107
5.56516047 0.04029064
5.57497555 0.04076794
5.58479063 0.04125316
5.59460571 0.04174645
5.60442079 0.04224799
5.61423587 0.04275795
5.62405095 0.04327650
5.63386603 0.04380384
5.64368111 0.04434015
5.65349619 0.04488562
5.66331127 0.04544045
5.67312635 0.04600485
5.68294143 0.04657902
5.69275651 0.04716319
5.70257159 0.04775756
5.71238667 0.04836237
5.72220176 0.04897784
5.73201684 0.04960423
5.74183192 0.05024176
5.75164700 0.05089070
5.76146208 0.05155130
5.77127716 0.05222383
5.78109224 0.05290856
5.79090732 0.05360577
5.80072240 0.05431576
5.81053748 0.05503881
5.82035256 0.05577524
5.83016764 0.05652535
5.83998272 0.05728947
5.84979780 0.05806794
5.85961288 0.05886110
5.86942796 0.05966928
5.87924304 0.06049287
5.88905812 0.06133224
5.89887320 0.06218775
5.90868828 0.06305982
5.91850336 0.06394885
5.92831844 0.06485525
5.93813352 0.06577947
5.94794860 0.06672193
5.95776368 0.06768312
5.96757876 0.06866348
5.97739384 0.06966352
5.98720892 0.07068374
5.99702400 0.07172465
6.00683908 0.07278679
6.01665416 0.07387070
6.02646924 0.07497697
6.03628432 0.07610616
6.04609940 0.07725890
6.05591448 0.07843580
6.06572956 0.07963752
6.07554464 0.08086471
6.08535972 0.08211806
6.09517480 0.08339829
6.10498988 0.08470613
6.11480496 0.08604234
6.12462004 0.08740771
6.13443512 0.08880304
6.14425020 0.09022918
6.15406528 0.09168699
6.16388036 0.09317737
6.17369544 0.09470124
6.18351052 0.09625958
6.19332560 0.09785337
6.20314068 0.09948364
6.21295577 0.10115147
6.22277085 0.10285795
6.23258593 0.10460422
6.24240101 0.10639149
6.25221609 0.10822096
6.26203117 0.11009393
6.27184625 0.11201170
6.28166133 0.11397565
6.29147641 0.11598721
6.30129149 0.11804783
6.31110657 0.12015907
6.32092165 0.12232250
6.33073673 0.12453979
6.34055181 0.12681263
6.35036689 0.12914282
6.36018197 0.13153220
6.36999705 0.13398270
6.37981213 0.13649633
6.38962721 0.13907516
6.39944229 0.14172136
6.40925737 0.14443718
6.41907245 0.14722497
6.42888753 0.15008718
6.43870261 0.15302634
6.44851769 0.15604512
6.45833277 0.15914627
6.46814785 0.16233267
6.47796293 0.16560734
6.48777801 0.16897340
6.49759309 0.17243412
6.50740817 0.17599293
6.51722325 0.17965338
6.52703833 0.18341920
6.53685341 0.18729428
6.54666849 0.19128269
6.55648357 0.19538868
6.56629865 0.19961671
6.57611373 0.20397142
6.58592881 0.20845769
6.59574389 0.21308063
6.60555897 0.21784557
6.61537405 0.22275813
6.62518913 0.22782416
6.63500421 0.23304984
6.64481929 0.23844162
6.65463437 0.24400629
6.66444945 0.24975096
6.67426453 0.25568312
6.68407961 0.26181063
6.69389469 0.26814176
6.70370977 0.27468519
6.71352486 0.28145008
6.72333994 0.28844606
6.73315502 0.29568327
6.74297010 0.30317239
6.75278518 0.31092471
6.76260026 0.31895211
6.77241534 0.32726711
6.78223042 0.33588298
6.79204550 0.34481369
6.80186058 0.35407402
6.81167566 0.36367961
6.82149074 0.37364699
6.83130582 0.38399366
6.84112090 0.39473816
6.85093598 0.40590013
6.86075106 0.41750039
6.87056614 0.42956103
6.88038122 0.44210550
6.89019630 0.45515871
6.90001138 0.46874711
6.90982646 0.48289884
6.91964154 0.49764385
6.92945662 0.51301399
6.93927170 0.52904322
6.94908678 0.54576772
6.95890186 0.56322608
6.96871694 0.58145950
6.97853202 0.60051195
6.98834710 0.62043045
6.99816218 0.64126524
7.00797726 0.66307010
7.01779234 0.68590261
7.02760742 0.70982445
7.03742250 0.73490175
7.04723758 0.76120546
7.05705266 0.78881172
7.06686774 0.81780234
7.07668282 0.84826525
7.08649790 0.88029499
7.09631298 0.91399333
7.10612806 0.94946984
7.11594314 0.98684258
7.12575822 1.02623881
7.13557330 1.06779579
7.14538838 1.11166163
7.15520346 1.15799623
7.16501854 1.20697227
7.17483362 1.25877628
7.18464870 1.31360984
7.19446378 1.37169080
7.20427886 1.43325461
7.21409395 1.49855573
7.22390903 1.56786912
7.23372411 1.64149176
7.24353919 1.71974424
7.25335427 1.80297240
7.26316935 1.89154882
7.27298443 1.98587444
7.28279951 2.08637983
7.29261459 2.19352639
7.30242967 2.30780708
7.31224475 2.42974672
7.32205983 2.55990148
7.33187491 2.69885745
7.34168999 2.84722786
7.35150507 3.00564859
7.36132015 3.17477136
7.37113523 3.35525417
7.38095031 3.54774800
7.39076539 3.75287913
7.40058047 3.97122595
7.41039555 4.20328921
7.42021063 4.44945470
7.43002571 4.70994715
7.43984079 4.98477462
7.44965587 5.27366308
7.45947095 5.57598134
7.46928603 5.89065809
7.47910111 6.21609427
7.48891619 6.55007598
7.49873127 6.88969616
7.50854635 7.23129571
7.51836143 7.57043749
7.52817651 7.90192809
7.53799159 8.21990228
7.54780667 8.51798152
7.55762175 8.78951165
7.56743683 9.02787448
7.57725191 9.22685501
7.58706699 9.38103295
7.59688207 9.48615668
7.60669715 9.53945357
7.61651223 9.53983484
7.62632731 9.48796642
7.63614239 9.38619631
7.64595747 9.23835082
7.65577255 9.04943026
7.66558763 8.82524594
7.67540271 8.57204321
7.68521779 8.29614987
7.69503287 8.00367849
7.70484796 7.70029873
7.71466304 7.39108359
7.72447812 7.08042447
7.73429320 6.77200414
7.74410828 6.46881405
7.75392336 6.17320242
7.76373844 5.88694101
7.77355352 5.61130086
7.78336860 5.34712967
7.79318368 5.09492585
7.80299876 4.85490631
7.81281384 4.62706626
7.82262892 4.41123069
7.83244400 4.20709751
7.84225908 4.01427320
7.85207416 3.83230155
7.86188924 3.66068660
7.87170432 3.49891060
7.88151940 3.34644778
7.89133448 3.20277479
7.90114956 3.06737840
7.91096464 2.93976099
7.92077972 2.81944435
7.93059480 2.70597211
7.94040988 2.59891121
7.95022496 2.49785251
7.96004004 2.40241086
7.96985512 2.31222473
7.97967020 2.22695557
7.98948528 2.14628686
7.99930036 2.06992321
8.00911544 1.99758913
8.01893052 1.92902802
8.02874560 1.86400095
8.03856068 1.80228555
8.04837576 1.74367492
8.05819084 1.68797661
8.06800592 1.63501155
8.07782100 1.58461312
8.08763608 1.53662631
8.09745116 1.49090680
8.10726624 1.44732022
8.11708132 1.40574141
8.12689640 1.36605373
8.13671148 1.32814846
8.14652656 1.29192417
8.15634164 1.25728623
8.16615672 1.22414627
8.17597180 1.19242172
8.18578688 1.16203542
8.19560196 1.13291520
8.20541705 1.10499352
8.21523213 1.07820713
8.22504721 1.05249678
8.23486229 1.02780691
8.24467737 1.00408541
8.25449245 0.98128337
8.26430753 0.95935485
8.27412261 0.93825668
8.28393769 0.91794827
8.29375277 0.89839141
8.30356785 0.87955016
8.31338293 0.86139064
8.32319801 0.84388094
8.33301309 0.82699095
8.34282817 0.81069225
8.35264325 0.79495805
8.36245833 0.77976299
8.37227341 0.76508313
8.38208849 0.75089584
8.39190357 0.73717969
8.40171865 0.72391439
8.41153373 0.71108073
8.42134881 0.69866051
8.43116389 0.68663647
8.44097897 0.67499223
8.45079405 0.66371225
8.46060913 0.65278179
8.47042421 0.64218681
8.48023929 0.63191400
8.49005437 0.62195070
8.49986945 0.61228483
8.50968453 0.60290495
8.51949961 0.59380011
8.52931469 0.58495993
8.53912977 0.57637449
8.54894485 0.56803433
8.55875993 0.55993043
8.56857501 0.55205420
8.57839009 0.54439742
8.58820517 0.53695225
8.59802025 0.52971120
8.60783533 0.52266710
8.61765041 0.51581312
8.62746549 0.50914270
8.63728057 0.50264957
8.64709565 0.49632775
8.65691073 0.49017149
8.66672581 0.48417529
8.67654089 0.47833388
8.68635597 0.47264222
8.69617105 0.46709545
8.70598614 0.46168895
8.71580122 0.45641824
8.72561630 0.45127906
8.73543138 0.44626730
8.74524646 0.44137901
8.75506154 0.43661042
8.76487662 0.43195787
8.77469170 0.42741787
8.78450678 0.42298706
8.79432186 0.41866220
8.80413694 0.41444019
8.81395202 0.41031801
8.82376710 0.40629280
8.83358218 0.40236177
8.84339726 0.39852225
8.85321234 0.39477167
8.86302742 0.39110754
8.87284250 0.38752748
8.88265758 0.38402917
8.89247266 0.38061039
8.90228774 0.37726900
8.91210282 0.37400292
8.92191790 0.37081017
8.93173298 0.36768881
8.94154806 0.36463697
8.95136314 0.36165287
8.96117822 0.35873477
8.97099330 0.35588098
8.98080838 0.35308990
8.99062346 0.35035995
9.00043854 0.34768961
9.01025362 0.34507743
9.02006870 0.34252199
9.02988378 0.34002192
9.03969886 0.33757589
9.04951394 0.33518262
9.05932902 0.33284087
9.06914410 0.33054944
9.07895918 0.32830716
9.08877426 0.32611292
9.09858934 0.32396562
9.10840442 0.32186420
9.11821950 0.31980763
9.12803458 0.31779494
9.13784966 0.31582515
9.14766474 0.31389734
9.15747982 0.31201060
9.16729490 0.31016406
9.17710998 0.30835686
9.18692506 0.30658819
9.19674015 0.30485724
9.20655523 0.30316324
9.21637031 0.30150545
9.22618539 0.29988312
9.23600047 0.29829555
9.24581555 0.29674206
9.25563063 0.29522198
9.26544571 0.29373465
9.27526079 0.29227946
9.28507587 0.29085579
9.29489095 0.28946306
9.30470603 0.28810067
9.31452111 0.28676809
9.32433619 0.28546475
9.33415127 0.28419014
9.34396635 0.28294375
9.35378143 0.28172507
9.36359651 0.28053362
9.37341159 0.27936893
9.38322667 0.27823055
9.39304175 0.27711804
9.40285683 0.27603095
9.41267191 0.27496888
9.42248699 0.27393142
9.43230207 0.27291816
9.44211715 0.27192873
9.45193223 0.27096275
9.46174731 0.27001986
9.47156239 0.26909970
9.48137747 0.26820194
9.49119255 0.26732623
9.50100763 0.26647226
9.51082271 0.26563971
9.52063779 0.26482828
9.53045287 0.26403765
9.54026795 0.26326756
9.55008303 0.26251770
9.55989811 0.26178782
9.56971319 0.26107765
9.57952827 0.26038693
9.58934335 0.25971540
9.59915843 0.25906283
9.60897351 0.25842898
9.61878859 0.25781361
9.62860367 0.25721652
9.63841875 0.25663747
9.64823383 0.25607626
9.65804891 0.25553269
9.66786399 0.25500655
9.67767907 0.25449766
9.68749415 0.25400584
9.69730924 0.25353089
9.70712432 0.25307264
9.71693940 0.25263093
9.72675448 0.25220558
9.73656956 0.25179645
9.74638464 0.25140337
9.75619972 0.25102620
9.76601480 0.25066479
9.77582988 0.25031901
9.78564496 0.24998871
9.79546004 0.24967376
9.80527512 0.24937404
9.81509020 0.24908944
9.82490528 0.24881982
9.83472036 0.24856508
9.84453544 0.24832510
9.85435052 0.24809979
9.86416560 0.24788903
9.87398068 0.24769274
9.88379576 0.24751082
9.89361084 0.24734317
9.90342592 0.24718972
9.91324100 0.24705038
9.92305608 0.24692507
9.93287116 0.24681372
9.94268624 0.24671625
9.95250132 0.24663259
9.96231640 0.24656269
9.97213148 0.24650647
9.98194656 0.24646388
9.99176164 0.24643487
10.00157672 0.24641938
10.01139180 0.24641736
10.02120688 0.24642877
10.03102196 0.24645357
10.04083704 0.24649171
10.05065212 0.24654315
10.06046720 0.24660788
10.07028228 0.24668584
10.08009736 0.24677702
10.08991244 0.24688139
10.09972752 0.24699893
10.10954260 0.24712963
10.11935768 0.24727345
10.12917276 0.24743039
10.13898784 0.24760044
10.14880292 0.24778360
10.15861800 0.24797984
10.16843308 0.24818918
10.17824816 0.24841162
10.18806324 0.24864715
10.19787833 0.24889578
10.20769341 0.24915752
10.21750849 0.24943238
10.22732357 0.24972037
10.23713865 0.25002152
10.24695373 0.25033583
10.25676881 0.25066333
10.26658389 0.25100405
10.27639897 0.25135801
10.28621405 0.25172524
10.29602913 0.25210577
10.30584421 0.25249964
10.31565929 0.25290688
10.32547437 0.25332754
10.33528945 0.25376166
10.34510453 0.25420927
10.35491961 0.25467044
10.36473469 0.25514521
10.37454977 0.25563362
10.38436485 0.25613575
10.39417993 0.25665165
10.40399501 0.25718137
10.41381009 0.25772499
10.42362517 0.25828256
10.43344025 0.25885416
10.44325533 0.25943986
10.45307041 0.26003974
10.46288549 0.26065387
10.47270057 0.26128232
10.48251565 0.26192520
10.49233073 0.26258257
10.50214581 0.26325454
10.51196089 0.26394118
10.52177597 0.26464260
10.53159105 0.26535890
10.54140613 0.26609016
10.55122121 0.26683650
10.56103629 0.26759803
10.57085137 0.26837484
10.58066645 0.26916706
10.59048153 0.26997480
10.60029661 0.27079817
10.61011169 0.27163731
10.61992677 0.27249233
10.62974185 0.27336335
10.63955693 0.27425053
10.64937201 0.27515397
10.65918709 0.27607384
10.66900217 0.27701025
10.67881725 0.27796337
10.68863234 0.27893334
10.69844742 0.27992030
10.70826250 0.28092442
10.71807758 0.28194585
10.72789266 0.28298476
10.73770774 0.28404130
10.74752282 0.28511566
10.75733790 0.28620800
10.76715298 0.28731849
10.77696806 0.28844733
10.78678314 0.28959469
10.79659822 0.29076077
10.80641330 0.29194575
10.81622838 0.29314984
10.82604346 0.29437322
10.83585854 0.29561612
10.84567362 0.29687874
10.85548870 0.29816129
10.86530378 0.29946399
10.87511886 0.30078706
10.88493394 0.30213073
10.89474902 0.30349523
10.90456410 0.30488081
10.91437918 0.30628769
10.92419426 0.30771612
10.93400934 0.30916637
10.94382442 0.31063867
10.95363950 0.31213330
10.96345458 0.31365052
10.97326966 0.31519059
10.98308474 0.31675381
10.99289982 0.31834044
11.00271490 0.31995078
11.01252998 0.32158512
11.02234506 0.32324376
11.03216014 0.32492701
11.04197522 0.32663517
11.05179030 0.32836855
11.06160538 0.33012749
11.07142046 0.33191232
11.08123554 0.33372336
11.09105062 0.33556096
11.10086570 0.33742546
11.11068078 0.33931723
11.12049586 0.34123662
11.13031094 0.34318400
11.14012602 0.34515974
11.14994110 0.34716423
11.15975618 0.34919787
11.16957126 0.35126103
11.17938634 0.35335414
11.18920143 0.35547759
11.19901651 0.35763182
11.20883159 0.35981725
11.21864667 0.36203431
11.22846175 0.36428345
11.23827683 0.36656511
11.24809191 0.36887977
11.25790699 0.37122789
11.26772207 0.37360995
11.27753715 0.37602643
11.28735223 0.37847784
11.29716731 0.38096467
11.30698239 0.38348744
11.31679747 0.38604668
11.32661255 0.38864292
11.33642763 0.39127670
11.34624271 0.39394858
11.35605779 0.39665911
11.36587287 0.39940889
11.37568795 0.40219849
11.38550303 0.40502850
11.39531811 0.40789954
11.40513319 0.41081222
11.41494827 0.41376718
11.42476335 0.41676505
11.43457843 0.41980648
11.44439351 0.42289215
11.45420859 0.42602272
11.46402367 0.42919890
11.47383875 0.43242137
11.48365383 0.43569086
11.49346891 0.43900810
11.50328399 0.44237381
11.51309907 0.44578877
11.52291415 0.44925373
11.53272923 0.45276948
11.54254431 0.45633682
11.55235939 0.45995655
11.56217447 0.46362950
11.57198955 0.46735651
11.58180463 0.47113843
11.59161971 0.47497614
11.60143479 0.47887052
11.61124987 0.48282247
11.62106495 0.48683290
11.63088003 0.49090275
11.64069511 0.49503297
11.65051019 0.49922453
11.66032527 0.50347840
11.67014035 0.50779558
11.67995544 0.51217710
11.68977052 0.51662398
11.69958560 0.52113727
11.70940068 0.52571806
11.71921576 0.53036741
11.72903084 0.53508644
11.73884592 0.53987628
11.74866100 0.54473805
11.75847608 0.54967293
11.76829116 0.55468210
11.77810624 0.55976675
11.78792132 0.56492809
11.79773640 0.57016738
11.80755148 0.57548586
11.81736656 0.58088481
11.82718164 0.58636552
11.83699672 0.59192932
11.84681180 0.59757754
11.85662688 0.60331152
11.86644196 0.60913266
11.87625704 0.61504234
11.88607212 0.62104197
11.89588720 0.62713300
11.90570228 0.63331687
11.91551736 0.63959506
11.92533244 0.64596907
11.93514752 0.65244040
11.94496260 0.65901060
11.95477768 0.66568120
11.96459276 0.67245379
11.97440784 0.67932994
11.98422292 0.68631127
11.99403800 0.69339939
12.00385308 0.70059596
12.01366816 0.70790263
12.02348324 0.71532107
12.03329832 0.72285298
12.04311340 0.73050006
12.05292848 0.73826402
12.06274356 0.74614661
12.07255864 0.75414956
12.08237372 0.76227464
12.09218880 0.77052361
12.10200388 0.77889824
12.11181896 0.78740033
12.12163404 0.79603167
12.13144912 0.80479405
12.14126420 0.81368927
12.15107928 0.82271915
12.16089436 0.83188548
12.17070944 0.84119007
12.18052453 0.85063471
12.19033961 0.86022121
12.20015469 0.86995135
12.20996977 0.87982690
12.21978485 0.88984964
12.22959993 0.90002131
12.23941501 0.91034364
12.24923009 0.92081834
12.25904517 0.93144710
12.26886025 0.94223157
12.27867533 0.95317338
12.28849041 0.96427411
12.29830549 0.97553531
12.30812057 0.98695850
12.31793565 0.99854512
12.32775073 1.01029658
12.33756581 1.02221422
12.34738089 1.03429932
12.35719597 1.04655310
12.36701105 1.05897668
12.37682613 1.07157113
12.38664121 1.08433742
12.39645629 1.09727641
12.40627137 1.11038888
12.41608645 1.12367549
12.42590153 1.13713679
12.43571661 1.15077320
12.44553169 1.16458502
12.45534677 1.17857241
12.46516185 1.19273536
12.47497693 1.20707372
12.48479201 1.22158717
12.49460709 1.23627521
12.50442217 1.25113717
12.51423725 1.26617215
12.52405233 1.28137908
12.53386741 1.29675665
12.54368249 1.31230332
12.55349757 1.32801732
12.56331265 1.34389663
12.57312773 1.35993897
12.58294281 1.37614176
12.59275789 1.39250217
12.60257297 1.40901706
12.61238805 1.42568296
12.62220313 1.44249612
12.63201821 1.45945241
12.64183329 1.47654740
12.65164837 1.49377627
12.66146345 1.51113386
12.67127853 1.52861460
12.68109362 1.54621256
12.69090870 1.56392139
12.70072378 1.58173435
12.71053886 1.59964427
12.72035394 1.61764354
12.73016902 1.63572414
12.73998410 1.65387760
12.74979918 1.67209498
12.75961426 1.69036692
12.76942934 1.70868358
12.77924442 1.72703466
12.78905950 1.74540941
12.79887458 1.76379660
12.80868966 1.78218455
12.81850474 1.80056113
12.82831982 1.81891373
12.83813490 1.83722933
12.84794998 1.85549443
12.85776506 1.87369512
12.86758014 1.89181709
12.87739522 1.90984561
12.88721030 1.92776556
12.89702538 1.94556147
12.90684046 1.96321751
12.91665554 1.98071754
12.92647062 1.99804513
12.93628570 2.01518356
12.94610078 2.03211591
12.95591586 2.04882501
12.96573094 2.06529357
12.97554602 2.08150415
12.98536110 2.09743920
12.99517618 2.11308116
13.00499126 2.12841244
13.01480634 2.14341549
13.02462142 2.15807286
13.03443650 2.17236721
13.04425158 2.18628143
13.05406666 2.19979859
13.06388174 2.21290209
13.07369682 2.22557565
13.08351190 2.23780336
13.09332698 2.24956979
13.10314206 2.26085997
13.11295714 2.27165949
13.12277222 2.28195452
13.13258730 2.29173187
13.14240238 2.30097904
13.15221746 2.30968426
13.16203254 2.31783653
13.17184763 2.32542567
13.18166271 2.33244233
13.19147779 2.33887806
13.20129287 2.34472533
13.21110795 2.34997751
13.22092303 2.35462899
13.23073811 2.35867509
13.24055319 2.36211217
13.25036827 2.36493757
13.26018335 2.36714966
13.26999843 2.36874783
13.27981351 2.36973250
13.28962859 2.37010507
13.29944367 2.36986797
13.30925875 2.36902463
13.31907383 2.36757941
13.32888891 2.36553767
13.33870399 2.36290566
13.34851907 2.35969055
13.35833415 2.35590036
13.36814923 2.35154395
13.37796431 2.34663098
13.38777939 2.34117185
13.39759447 2.33517769
13.40740955 2.32866028
13.41722463 2.32163204
13.42703971 2.31410595
13.43685479 2.30609555
13.44666987 2.29761483
13.45648495 2.28867823
13.46630003 2.27930056
13.47611511 2.26949699
13.48593019 2.25928296
13.49574527 2.24867415
13.50556035 2.23768643
13.51537543 2.22633584
13.52519051 2.21463850
13.53500559 2.20261059
13.54482067 2.19026833
13.55463575 2.17762790
13.56445083 2.16470543
13.57426591 2.15151695
13.58408099 2.13807836
13.59389607 2.12440540
13.60371115 2.11051364
13.61352623 2.09641840
13.62334131 2.08213478
13.63315639 2.06767760
13.64297147 2.05306139
13.65278655 2.03830039
13.66260163 2.02340848
13.67241672 2.00839924
13.68223180 1.99328587
13.69204688 1.97808122
13.70186196 1.96279774
13.71167704 1.94744753
13.72149212 1.93204228
13.73130720 1.91659329
13.74112228 1.90111146
13.75093736 1.88560730
13.76075244 1.87009092
13.77056752 1.85457201
13.78038260 1.83905989
13.79019768 1.82356348
13.80001276 1.80809128
13.80982784 1.79265145
13.81964292 1.77725174
13.82945800 1.76189952
13.83927308 1.74660181
13.84908816 1.73136526
13.85890324 1.71619618
13.86871832 1.70110051
13.87853340 1.68608387
13.88834848 1.67115155
13.89816356 1.65630853
13.90797864 1.64155947
13.91779372 1.62690873
13.92760880 1.61236038
13.93742388 1.59791822
13.94723896 1.58358577
13.95705404 1.56936629
13.96686912 1.55526280
13.97668420 1.54127804
13.98649928 1.52741458
13.99631436 1.51367471
14.00612944 1.50006053
14.01594452 1.48657395
14.02575960 1.47321665
14.03557468 1.45999015
14.04538976 1.44689578
14.05520484 1.43393470
14.06501992 1.42110792
14.07483500 1.40841627
14.08465008 1.39586046
14.09446516 1.38344105
14.10428024 1.37115847
14.11409532 1.35901301
14.12391040 1.34700487
14.13372548 1.33513412
14.14354056 1.32340072
14.15335564 1.31180455
14.16317072 1.30034538
14.17298581 1.28902289
14.18280089 1.27783670
14.19261597 1.26678632
14.20243105 1.25587122
14.21224613 1.24509079
14.22206121 1.23444434
14.23187629 1.22393114
14.24169137 1.21355041
14.25150645 1.20330131
14.26132153 1.19318294
14.27113661 1.18319439
14.28095169 1.17333468
14.29076677 1.16360280
14.30058185 1.15399772
14.31039693 1.14451837
14.32021201 1.13516366
14.33002709 1.12593245
14.33984217 1.11682361
14.34965725 1.10783598
14.35947233 1.09896836
14.36928741 1.09021957
14.37910249 1.08158839
14.38891757 1.07307360
14.39873265 1.06467397
14.40854773 1.05638825
14.41836281 1.04821521
14.42817789 1.04015358
14.43799297 1.03220211
14.44780805 1.02435955
14.45762313 1.01662463
14.46743821 1.00899610
14.47725329 1.00147269
14.48706837 0.99405316
14.49688345 0.98673625
14.50669853 0.97952070
14.51651361 0.97240529
14.52632869 0.96538877
14.53614377 0.95846991
14.54595885 0.95164748
14.55577393 0.94492027
14.56558901 0.93828708
14.57540409 0.93174669
14.58521917 0.92529793
14.59503425 0.91893961
14.60484933 0.91267057
14.61466441 0.90648964
14.62447949 0.90039567
14.63429457 0.89438753
14.64410965 0.88846410
14.65392473 0.88262425
14.66373982 0.87686689
14.67355490 0.87119092
14.68336998 0.86559527
14.69318506 0.86007887
14.70300014 0.85464067
14.71281522 0.84927963
14.72263030 0.84399472
14.73244538 0.83878493
14.74226046 0.83364925
14.75207554 0.82858670
14.76189062 0.82359629
14.77170570 0.81867708
14.78152078 0.81382810
14.79133586 0.80904842
14.80115094 0.80433712
14.81096602 0.79969328
14.82078110 0.79511600
14.83059618 0.79060441
14.84041126 0.78615762
14.85022634 0.78177478
14.86004142 0.77745504
14.86985650 0.77319755
14.87967158 0.76900151
14.88948666 0.76486610
14.89930174 0.76079052
14.90911682 0.75677399
14.91893190 0.75281573
14.92874698 0.74891497
14.93856206 0.74507098
14.94837714 0.74128300
14.95819222 0.73755031
14.96800730 0.73387220
14.97782238 0.73024797
14.98763746 0.72667691
14.99745254 0.72315834
15.00726762 0.71969161
15.01708270 0.71627603
15.02689778 0.71291098
15.03671286 0.70959580
15.04652794 0.70632986
15.05634302 0.70311256
15.06615810 0.69994327
15.07597318 0.69682141
15.08578826 0.69374638
15.09560334 0.69071761
15.10541842 0.68773453
15.11523350 0.68479657
15.12504858 0.68190319
15.13486366 0.67905385
15.14467874 0.67624801
15.15449382 0.67348516
15.16430891 0.67076478
15.17412399 0.66808637
15.18393907 0.66544942
15.19375415 0.66285345
15.20356923 0.66029799
15.21338431 0.65778256
15.22319939 0.65530670
15.23301447 0.65286995
15.24282955 0.65047187
15.25264463 0.64811202
15.26245971 0.64578996
15.27227479 0.64350528
15.28208987 0.64125756
15.29190495 0.63904638
15.30172003 0.63687135
15.31153511 0.63473208
15.32135019 0.63262817
15.33116527 0.63055924
15.34098035 0.62852493
15.35079543 0.62652485
15.36061051 0.62455867
15.37042559 0.62262601
15.38024067 0.62072654
15.39005575 0.61885990
15.39987083 0.61702578
15.40968591 0.61522383
15.41950099 0.61345374
15.42931607 0.61171519
15.43913115 0.61000787
15.44894623 0.60833148
15.45876131 0.60668570
15.46857639 0.60507026
15.47839147 0.60348487
15.48820655 0.60192923
15.49802163 0.60040308
15.50783671 0.59890615
15.51765179 0.59743816
15.52746687 0.59599885
15.53728195 0.59458797
15.54709703 0.59320527
15.55691211 0.59185050
15.56672719 0.59052342
15.57654227 0.58922379
15.58635735 0.58795138
15.59617243 0.58670596
15.60598751 0.58548732
15.61580259 0.58429523
15.62561767 0.58312947
15.63543275 0.58198985
15.64524783 0.58087615
15.65506291 0.57978817
15.66487800 0.57872572
15.67469308 0.57768861
15.68450816 0.57667664
15.69432324 0.57568963
15.70413832 0.57472741
15.71395340 0.57378979
15.72376848 0.57287661
15.73358356 0.57198769
15.74339864 0.57112287
15.75321372 0.57028199
15.76302880 0.56946489
15.77284388 0.56867143
15.78265896 0.56790144
15.79247404 0.56715478
15.80228912 0.56643131
15.81210420 0.56573090
15.82191928 0.56505339
15.83173436 0.56439867
15.84154944 0.56376660
15.85136452 0.56315706
15.86117960 0.56256992
15.87099468 0.56200506
15.88080976 0.56146237
15.89062484 0.56094173
15.90043992 0.56044304
15.91025500 0.55996619
15.92007008 0.55951107
15.92988516 0.55907758
15.93970024 0.55866562
15.94951532 0.55827510
15.95933040 0.55790593
15.96914548 0.55755802
15.97896056 0.55723128
15.98877564 0.55692563
15.99859072 0.55664098
16.00840580 0.55637727
16.01822088 0.55613440
16.02803596 0.55591232
16.03785104 0.55571095
16.04766612 0.55553022
16.05748120 0.55537007
16.06729628 0.55523044
16.07711136 0.55511127
16.08692644 0.55501249
16.09674152 0.55493407
16.10655660 0.55487594
16.11637168 0.55483805
16.12618676 0.55482036
16.13600184 0.55482283
16.14581692 0.55484540
16.15563201 0.55488805
16.16544709 0.55495073
16.17526217 0.55503342
16.18507725 0.55513607
16.19489233 0.55525866
16.20470741 0.55540115
16.21452249 0.55556353
16.22433757 0.55574577
16.23415265 0.55594785
16.24396773 0.55616975
16.25378281 0.55641145
16.26359789 0.55667294
16.27341297 0.55695421
16.28322805 0.55725525
16.29304313 0.55757604
16.30285821 0.55791658
16.31267329 0.55827688
16.32248837 0.55865692
16.33230345 0.55905671
16.34211853 0.55947625
16.35193361 0.55991554
16.36174869 0.56037460
16.37156377 0.56085343
16.38137885 0.56135204
16.39119393 0.56187044
16.40100901 0.56240866
16.41082409 0.56296670
16.42063917 0.56354458
16.43045425 0.56414234
16.44026933 0.56475998
16.45008441 0.56539753
16.45989949 0.56605502
16.46971457 0.56673249
16.47952965 0.56742995
16.48934473 0.56814745
16.49915981 0.56888501
16.50897489 0.56964267
16.51878997 0.57042048
16.52860505 0.57121846
16.53842013 0.57203667
16.54823521 0.57287515
16.55805029 0.57373394
16.56786537 0.57461308
16.57768045 0.57551264
16.58749553 0.57643266
16.59731061 0.57737318
16.60712569 0.57833428
16.61694077 0.57931600
16.62675585 0.58031840
16.63657093 0.58134155
16.64638601 0.58238549
16.65620110 0.58345031
16.66601618 0.58453606
16.67583126 0.58564280
16.68564634 0.58677062
16.69546142 0.58791957
16.70527650 0.58908973
16.71509158 0.59028118
16.72490666 0.59149398
16.73472174 0.59272822
16.74453682 0.59398398
16.75435190 0.59526133
16.76416698 0.59656036
16.77398206 0.59788114
16.78379714 0.59922378
16.79361222 0.60058834
16.80342730 0.60197493
16.81324238 0.60338362
16.82305746 0.60481452
16.83287254 0.60626771
16.84268762 0.60774329
16.85250270 0.60924135
16.86231778 0.61076199
16.87213286 0.61230532
16.88194794 0.61387142
16.89176302 0.61546040
16.90157810 0.61707237
16.91139318 0.61870743
16.92120826 0.62036569
16.93102334 0.62204724
16.94083842 0.62375221
16.95065350 0.62548069
16.96046858 0.62723280
16.97028366 0.62900866
16.98009874 0.63080838
16.98991382 0.63263206
16.99972890 0.63447983
17.00954398 0.63635180
17.01935906 0.63824810
17.02917414 0.64016883
17.03898922 0.64211413
17.04880430 0.64408411
17.05861938 0.64607889
17.06843446 0.64809860
17.07824954 0.65014336
17.08806462 0.65221330
17.09787970 0.65430853
17.10769478 0.65642920
17.11750986 0.65857543
17.12732494 0.66074733
17.13714002 0.66294505
17.14695511 0.66516872
17.15677019 0.66741845
17.16658527 0.66969439
17.17640035 0.67199667
17.18621543 0.67432541
17.19603051 0.67668075
17.20584559 0.67906282
17.21566067 0.68147175
17.22547575 0.68390768
17.23529083 0.68637074
17.24510591 0.68886107
17.25492099 0.69137879
17.26473607 0.69392404
17.27455115 0.69649695
17.28436623 0.69909766
17.29418131 0.70172630
17.30399639 0.70438300
17.31381147 0.70706790
17.32362655 0.70978112
17.33344163 0.71252280
17.34325671 0.71529307
17.35307179 0.71809206
17.36288687 0.72091990
17.37270195 0.72377671
17.38251703 0.72666263
17.39233211 0.72957778
17.40214719 0.73252228
17.41196227 0.73549627
17.42177735 0.73849985
17.43159243 0.74153317
17.44140751 0.74459632
17.45122259 0.74768944
17.46103767 0.75081264
17.47085275 0.75396603
17.48066783 0.75714973
17.49048291 0.76036384
17.50029799 0.76360848
17.51011307 0.76688375
17.51992815 0.77018974
17.52974323 0.77352657
17.53955831 0.77689433
17.54937339 0.78029312
17.55918847 0.78372302
17.56900355 0.78718412
17.57881863 0.79067651
17.58863371 0.79420026
17.59844879 0.79775546
17.60826387 0.80134218
17.61807895 0.80496049
17.62789403 0.80861045
17.63770911 0.81229212
17.64752420 0.81600555
17.65733928 0.81975081
17.66715436 0.82352792
17.67696944 0.82733694
17.68678452 0.83117790
17.69659960 0.83505082
17.70641468 0.83895573
17.71622976 0.84289265
17.72604484 0.84686158
17.73585992 0.85086253
17.74567500 0.85489550
17.75549008 0.85896047
17.76530516 0.86305744
17.77512024 0.86718637
17.78493532 0.87134723
17.79475040 0.87553998
17.80456548 0.87976458
17.81438056 0.88402095
17.82419564 0.88830905
17.83401072 0.89262879
17.84382580 0.89698008
17.85364088 0.90136284
17.86345596 0.90577696
17.87327104 0.91022232
17.88308612 0.91469880
17.89290120 0.91920626
17.90271628 0.92374455
17.91253136 0.92831352
17.92234644 0.93291299
17.93216152 0.93754279
17.94197660 0.94220272
17.95179168 0.94689257
17.96160676 0.95161211
17.97142184 0.95636113
17.98123692 0.96113936
17.99105200 0.96594656
18.00086708 0.97078243
18.01068216 0.97564670
18.02049724 0.98053906
18.03031232 0.98545919
18.04012740 0.99040675
18.04994248 0.99538139
18.05975756 1.00038274
18.06957264 1.00541043
18.07938772 1.01046404
18.08920280 1.01554316
18.09901788 1.02064736
18.10883296 1.02577618
18.11864804 1.03092915
18.12846312 1.03610578
18.13827820 1.04130556
18.14809329 1.04652797
18.15790837 1.05177246
18.16772345 1.05703845
18.17753853 1.06232537
18.18735361 1.06763261
18.19716869 1.07295954
18.20698377 1.07830552
18.21679885 1.08366987
18.22661393 1.08905190
18.23642901 1.09445091
18.24624409 1.09986616
18.25605917 1.10529690
18.26587425 1.11074235
18.27568933 1.11620172
18.28550441 1.12167417
18.29531949 1.12715887
18.30513457 1.13265495
18.31494965 1.13816153
18.32476473 1.14367768
18.33457981 1.14920248
18.34439489 1.15473497
18.35420997 1.16027416
18.36402505 1.16581905
18.37384013 1.17136862
18.38365521 1.17692181
18.39347029 1.18247754
18.40328537 1.18803474
18.41310045 1.19359226
18.42291553 1.19914898
18.43273061 1.20470372
18.44254569 1.21025530
18.45236077 1.21580250
18.46217585 1.22134411
18.47199093 1.22687885
18.48180601 1.23240546
18.49162109 1.23792264
18.50143617 1.24342907
18.51125125 1.24892342
18.52106633 1.25440432
18.53088141 1.25987040
18.54069649 1.26532026
18.55051157 1.27075248
18.56032665 1.27616563
18.57014173 1.28155826
18.57995681 1.28692889
18.58977189 1.29227605
18.59958697 1.29759824
18.60940205 1.30289393
18.61921713 1.30816160
18.62903221 1.31339971
18.63884730 1.31860670
18.64866238 1.32378099
18.65847746 1.32892103
18.66829254 1.33402520
18.67810762 1.33909193
18.68792270 1.34411960
18.69773778 1.34910661
18.70755286 1.35405133
18.71736794 1.35895214
18.72718302 1.36380743
18.73699810 1.36861555
18.74681318 1.37337488
18.75662826 1.37808380
18.76644334 1.38274067
18.77625842 1.38734386
18.78607350 1.39189177
18.79588858 1.39638276
18.80570366 1.40081523
18.81551874 1.40518758
18.82533382 1.40949822
18.83514890 1.41374555
18.84496398 1.41792802
18.85477906 1.42204406
18.86459414 1.42609213
18.87440922 1.43007071
18.88422430 1.43397828
18.89403938 1.43781335
18.90385446 1.44157447
18.91366954 1.44526017
18.92348462 1.44886903
18.93329970 1.45239967
18.94311478 1.45585069
18.95292986 1.45922076
18.96274494 1.46250855
18.97256002 1.46571279
18.98237510 1.46883222
18.99219018 1.47186562
19.00200526 1.47481179
19.01182034 1.47766958
19.02163542 1.48043789
19.03145050 1.48311562
19.04126558 1.48570175
19.05108066 1.48819528
19.06089574 1.49059524
19.07071082 1.49290072
19.08052590 1.49511085
19.09034098 1.49722481
19.10015606 1.49924181
19.10997114 1.50116112
19.11978622 1.50298205
19.12960130 1.50470395
19.13941639 1.50632623
19.14923147 1.50784835
19.15904655 1.50926982
19.16886163 1.51059019
19.17867671 1.51180907
19.18849179 1.51292611
19.19830687 1.51394102
19.20812195 1.51485357
19.21793703 1.51566356
19.22775211 1.51637086
19.23756719 1.51697538
19.24738227 1.51747710
19.25719735 1.51787604
19.26701243 1.51817225
19.27682751 1.51836588
19.28664259 1.51845708
19.29645767 1.51844610
19.30627275 1.51833321
19.31608783 1.51811872
19.32590291 1.51780303
19.33571799 1.51738656
19.34553307 1.51686978
19.35534815 1.51625322
19.36516323 1.51553745
19.37497831 1.51472309
19.38479339 1.51381080
19.39460847 1.51280128
19.40442355 1.51169530
19.41423863 1.51049364
19.42405371 1.50919716
19.43386879 1.50780671
19.44368387 1.50632323
19.45349895 1.50474768
19.46331403 1.50308104
19.47312911 1.50132436
19.48294419 1.49947869
19.49275927 1.49754514
19.50257435 1.49552486
19.51238943 1.49341899
19.52220451 1.49122875
19.53201959 1.48895535
19.54183467 1.48660006
19.55164975 1.48416414
19.56146483 1.48164891
19.57127991 1.47905570
19.58109499 1.47638585
19.59091007 1.47364074
19.60072515 1.47082176
19.61054023 1.46793032
19.62035531 1.46496785
19.63017039 1.46193579
19.63998548 1.45883559
19.64980056 1.45566872
19.65961564 1.45243667
19.66943072 1.44914093
19.67924580 1.44578299
19.68906088 1.44236436
19.69887596 1.43888656
19.70869104 1.43535110
19.71850612 1.43175951
19.72832120 1.42811332
19.73813628 1.42441405
19.74795136 1.42066322
19.75776644 1.41686237
19.76758152 1.41301302
19.77739660 1.40911669
19.78721168 1.40517490
19.79702676 1.40118916
19.80684184 1.39716098
19.81665692 1.39309187
19.82647200 1.38898330
19.83628708 1.38483678
19.84610216 1.38065377
19.85591724 1.37643574
19.86573232 1.37218415
19.87554740 1.36790042
19.88536248 1.36358600
19.89517756 1.35924231
19.90499264 1.35487073
19.91480772 1.35047267
19.92462280 1.34604949
19.93443788 1.34160255
19.94425296 1.33713320
19.95406804 1.33264276
19.96388312 1.32813254
19.97369820 1.32360383
19.98351328 1.31905789
19.99332836 1.31449600
20.00314344 1.30991938
20.01295852 1.30532925
20.02277360 1.30072680
20.03258868 1.29611323
20.04240376 1.29148968
20.05221884 1.28685730
20.06203392 1.28221721
20.07184900 1.27757050
20.08166408 1.27291826
20.09147916 1.26826155
20.10129424 1.26360140
20.11110932 1.25893882
20.12092440 1.25427483
20.13073949 1.24961040
20.14055457 1.24494647
20.15036965 1.24028399
20.16018473 1.23562388
20.16999981 1.23096703
20.17981489 1.22631430
20.18962997 1.22166657
20.19944505 1.21702465
20.20926013 1.21238937
20.21907521 1.20776152
20.22889029 1.20314187
20.23870537 1.19853118
20.24852045 1.19393017
20.25833553 1.18933958
20.26815061 1.18476009
20.27796569 1.18019238
20.28778077 1.17563711
20.29759585 1.17109491
20.30741093 1.16656642
20.31722601 1.16205223
20.32704109 1.15755294
20.33685617 1.15306910
20.34667125 1.14860127
20.35648633 1.14414998
20.36630141 1.13971575
20.37611649 1.13529907
20.38593157 1.13090044
20.39574665 1.12652032
20.40556173 1.12215916
20.41537681 1.11781740
20.42519189 1.11349545
20.43500697 1.10919372
20.44482205 1.10491261
20.45463713 1.10065248
20.46445221 1.09641371
20.47426729 1.09219663
20.48408237 1.08800159
20.49389745 1.08382890
20.50371253 1.07967888
20.51352761 1.07555181
20.52334269 1.07144798
20.53315777 1.06736766
20.54297285 1.06331110
20.55278793 1.05927856
20.56260301 1.05527026
20.57241809 1.05128644
20.58223317 1.04732730
20.59204825 1.04339304
20.60186333 1.03948386
20.61167841 1.03559994
20.62149349 1.03174144
20.63130858 1.02790854
20.64112366 1.02410137
20.65093874 1.02032009
20.66075382 1.01656483
20.67056890 1.01283571
20.68038398 1.00913285
20.69019906 1.00545635
20.70001414 1.00180632
20.70982922 0.99818285
20.71964430 0.99458602
20.72945938 0.99101592
20.73927446 0.98747260
20.74908954 0.98395614
20.75890462 0.98046659
20.76871970 0.97700400
20.77853478 0.97356841
20.78834986 0.97015987
20.79816494 0.96677839
20.80798002 0.96342401
20.81779510 0.96009675
20.82761018 0.95679663
20.83742526 0.95352364
20.84724034 0.95027779
20.85705542 0.94705910
20.86687050 0.94386753
20.87668558 0.94070310
20.88650066 0.93756578
20.89631574 0.93445556
20.90613082 0.93137241
20.91594590 0.92831631
20.92576098 0.92528722
20.93557606 0.92228511
20.94539114 0.91930994
20.95520622 0.91636168
20.96502130 0.91344027
20.97483638 0.91054568
20.98465146 0.90767784
20.99446654 0.90483671
21.00428162 0.90202223
21.01409670 0.89923433
21.02391178 0.89647297
21.03372686 0.89373808
21.04354194 0.89102958
21.05335702 0.88834741
21.06317210 0.88569151
21.07298718 0.88306179
21.08280226 0.88045819
21.09261734 0.87788063
21.10243242 0.87532903
21.11224750 0.87280331
21.12206258 0.87030338
21.13187767 0.86782918
21.14169275 0.86538061
21.15150783 0.86295759
21.16132291 0.86056004
21.17113799 0.85818786
21.18095307 0.85584096
21.19076815 0.85351927
21.20058323 0.85122268
21.21039831 0.84895111
21.22021339 0.84670447
21.23002847 0.84448265
21.23984355 0.84228558
21.24965863 0.84011315
21.25947371 0.83796528
21.26928879 0.83584186
21.27910387 0.83374280
21.28891895 0.83166801
21.29873403 0.82961739
21.30854911 0.82759084
21.31836419 0.82558827
21.32817927 0.82360958
21.33799435 0.82165467
21.34780943 0.81972345
21.35762451 0.81781582
21.36743959 0.81593169
21.37725467 0.81407095
21.38706975 0.81223352
21.39688483 0.81041929
21.40669991 0.80862817
21.41651499 0.80686005
21.42633007 0.80511486
21.43614515 0.80339248
21.44596023 0.80169283
21.45577531 0.80001581
21.46559039 0.79836133
21.47540547 0.79672928
21.48522055 0.79511959
21.49503563 0.79353214
21.50485071 0.79196686
21.51466579 0.79042364
21.52448087 0.78890240
21.53429595 0.78740304
21.54411103 0.78592548
21.55392611 0.78446961
21.56374119 0.78303536
21.57355627 0.78162264
21.58337135 0.78023134
21.59318643 0.77886140
21.60300151 0.77751271
21.61281659 0.77618519
21.62263168 0.77487877
21.63244676 0.77359334
21.64226184 0.77232882
21.65207692 0.77108514
21.66189200 0.76986221
21.67170708 0.76865994
21.68152216 0.76747826
21.69133724 0.76631709
21.70115232 0.76517633
21.71096740 0.76405592
21.72078248 0.76295577
21.73059756 0.76187582
21.74041264 0.76081597
21.75022772 0.75977616
21.76004280 0.75875630
21.76985788 0.75775633
21.77967296 0.75677618
21.78948804 0.75581575
21.79930312 0.75487500
21.80911820 0.75395384
21.81893328 0.75305220
21.82874836 0.75217002
21.83856344 0.75130723
21.84837852 0.75046375
21.85819360 0.74963953
21.86800868 0.74883449
21.87782376 0.74804858
21.88763884 0.74728172
21.89745392 0.74653385
21.90726900 0.74580492
21.91708408 0.74509485
21.92689916 0.74440360
21.93671424 0.74373109
21.94652932 0.74307727
21.95634440 0.74244209
21.96615948 0.74182548
21.97597456 0.74122739
21.98578964 0.74064776
21.99560472 0.74008654
22.00541980 0.73954368
22.01523488 0.73901912
22.02504996 0.73851281
22.03486504 0.73802470
22.04468012 0.73755475
22.05449520 0.73710289
22.06431028 0.73666908
22.07412536 0.73625329
22.08394044 0.73585544
22.09375552 0.73547552
22.10357060 0.73511346
22.11338568 0.73476922
22.12320077 0.73444276
22.13301585 0.73413405
22.14283093 0.73384303
22.15264601 0.73356966
22.16246109 0.73331392
22.17227617 0.73307575
22.18209125 0.73285512
22.19190633 0.73265199
22.20172141 0.73246633
22.21153649 0.73229810
22.22135157 0.73214727
22.23116665 0.73201379
22.24098173 0.73189765
22.25079681 0.73179879
22.26061189 0.73171721
22.27042697 0.73165285
22.28024205 0.73160570
22.29005713 0.73157573
22.29987221 0.73156290
22.30968729 0.73156718
22.31950237 0.73158856
22.32931745 0.73162699
22.33913253 0.73168247
22.34894761 0.73175496
22.35876269 0.73184444
22.36857777 0.73195088
22.37839285 0.73207427
22.38820793 0.73221458
22.39802301 0.73237179
22.40783809 0.73254587
22.41765317 0.73273682
22.42746825 0.73294460
22.43728333 0.73316921
22.44709841 0.73341061
22.45691349 0.73366880
22.46672857 0.73394376
22.47654365 0.73423547
22.48635873 0.73454392
22.49617381 0.73486909
22.50598889 0.73521097
22.51580397 0.73556954
22.52561905 0.73594479
22.53543413 0.73633671
22.54524921 0.73674528
22.55506429 0.73717050
22.56487937 0.73761235
22.57469445 0.73807082
22.58450953 0.73854590
22.59432461 0.73903759
22.60413969 0.73954587
22.61395478 0.74007074
22.62376986 0.74061218
22.63358494 0.74117019
22.64340002 0.74174476
22.65321510 0.74233589
22.66303018 0.74294357
22.67284526 0.74356779
22.68266034 0.74420854
22.69247542 0.74486583
22.70229050 0.74553965
22.71210558 0.74622999
22.72192066 0.74693684
22.73173574 0.74766021
22.74155082 0.74840009
22.75136590 0.74915648
22.76118098 0.74992937
22.77099606 0.75071877
22.78081114 0.75152466
22.79062622 0.75234705
22.80044130 0.75318593
22.81025638 0.75404131
22.82007146 0.75491317
22.82988654 0.75580153
22.83970162 0.75670637
22.84951670 0.75762770
22.85933178 0.75856551
22.86914686 0.75951981
22.87896194 0.76049059
22.88877702 0.76147785
22.89859210 0.76248159
22.90840718 0.76350181
22.91822226 0.76453851
22.92803734 0.76559168
22.93785242 0.76666133
22.94766750 0.76774746
22.95748258 0.76885006
22.96729766 0.76996913
22.97711274 0.77110467
22.98692782 0.77225668
22.99674290 0.77342516
23.00655798 0.77461010
23.01637306 0.77581150
23.02618814 0.77702937
23.03600322 0.77826369
23.04581830 0.77951446
23.05563338 0.78078168
23.06544846 0.78206535
23.07526354 0.78336547
23.08507862 0.78468201
23.09489370 0.78601499
23.10470878 0.78736440
23.11452387 0.78873023
23.12433895 0.79011247
23.13415403 0.79151112
23.14396911 0.79292616
23.15378419 0.79435760
23.16359927 0.79580542
23.17341435 0.79726961
23.18322943 0.79875016
23.19304451 0.80024707
23.20285959 0.80176031
23.21267467 0.80328988
23.22248975 0.80483576
23.23230483 0.80639795
23.24211991 0.80797641
23.25193499 0.80957114
23.26175007 0.81118213
23.27156515 0.81280935
23.28138023 0.81445278
23.29119531 0.81611240
23.30101039 0.81778820
23.31082547 0.81948015
23.32064055 0.82118822
23.33045563 0.82291240
23.34027071 0.82465265
23.35008579 0.82640895
23.35990087 0.82818128
23.36971595 0.82996959
23.37953103 0.83177386
23.38934611 0.83359406
23.39916119 0.83543015
23.40897627 0.83728210
23.41879135 0.83914987
23.42860643 0.84103341
23.43842151 0.84293270
23.44823659 0.84484769
23.45805167 0.84677832
23.46786675 0.84872457
23.47768183 0.85068637
23.48749691 0.85266369
23.49731199 0.85465646
23.50712707 0.85666464
23.51694215 0.85868817
23.52675723 0.86072699
23.53657231 0.86278104
23.54638739 0.86485026
23.55620247 0.86693459
23.56601755 0.86903397
23.57583263 0.87114831
23.58564771 0.87327755
23.59546279 0.87542163
23.60527787 0.87758045
23.61509296 0.87975395
23.62490804 0.88194204
23.63472312 0.88414464
23.64453820 0.88636167
23.65435328 0.88859302
23.66416836 0.89083863
23.67398344 0.89309838
23.68379852 0.89537218
23.69361360 0.89765994
23.70342868 0.89996154
23.71324376 0.90227689
23.72305884 0.90460587
23.73287392 0.90694837
23.74268900 0.90930427
23.75250408 0.91167347
23.76231916 0.91405583
23.77213424 0.91645123
23.78194932 0.91885954
23.79176440 0.92128063
23.80157948 0.92371436
23.81139456 0.92616060
23.82120964 0.92861920
23.83102472 0.93109002
23.84083980 0.93357291
23.85065488 0.93606771
23.86046996 0.93857426
23.87028504 0.94109241
23.88010012 0.94362198
23.88991520 0.94616282
23.89973028 0.94871475
23.90954536 0.95127758
23.91936044 0.95385114
23.92917552 0.95643525
23.93899060 0.95902972
23.94880568 0.96163434
23.95862076 0.96424893
23.96843584 0.96687328
23.97825092 0.96950719
23.98806600 0.97215044
23.99788108 0.97480282
24.00769616 0.97746411
24.01751124 0.98013409
24.02732632 0.98281253
24.03714140 0.98549919
24.04695648 0.98819384
24.05677156 0.99089623
24.06658664 0.99360613
24.07640172 0.99632327
24.08621680 0.99904741
24.09603188 1.00177827
24.10584697 1.00451560
24.11566205 1.00725913
24.12547713 1.01000858
24.13529221 1.01276366
24.14510729 1.01552411
24.15492237 1.01828962
24.16473745 1.02105990
24.17455253 1.02383466
24.18436761 1.02661359
24.19418269 1.02939638
24.20399777 1.03218272
24.21381285 1.03497230
24.22362793 1.03776477
24.23344301 1.04055983
24.24325809 1.04335714
24.25307317 1.04615636
24.26288825 1.04895714
24.27270333 1.05175915
24.28251841 1.05456203
24.29233349 1.05736542
24.30214857 1.06016896
24.31196365 1.06297229
24.32177873 1.06577504
24.33159381 1.06857683
24.34140889 1.07137729
24.35122397 1.07417603
24.36103905 1.07697266
24.37085413 1.07976679
24.38066921 1.08255802
24.39048429 1.08534596
24.40029937 1.08813020
24.41011445 1.09091032
24.41992953 1.09368592
24.42974461 1.09645658
24.43955969 1.09922188
24.44937477 1.10198139
24.45918985 1.10473469
24.46900493 1.10748134
24.47882001 1.11022090
24.48863509 1.11295295
24.49845017 1.11567703
24.50826525 1.11839271
24.51808033 1.12109952
24.52789541 1.12379703
24.53771049 1.12648478
24.54752557 1.12916230
24.55734065 1.13182915
24.56715573 1.13448485
24.57697081 1.13712895
24.58678589 1.13976098
24.59660097 1.14238046
24.60641606 1.14498694
24.61623114 1.14757993
24.62604622 1.15015896
24.63586130 1.15272357
24.64567638 1.15527326
24.65549146 1.15780757
24.66530654 1.16032601
24.67512162 1.16282811
24.68493670 1.16531338
24.69475178 1.16778136
24.70456686 1.17023155
24.71438194 1.17266348
24.72419702 1.17507666
24.73401210 1.17747062
24.74382718 1.17984488
24.75364226 1.18219896
24.76345734 1.18453238
24.77327242 1.18684467
24.78308750 1.18913535
24.79290258 1.19140395
24.80271766 1.19365000
24.81253274 1.19587303
24.82234782 1.19807257
24.83216290 1.20024815
24.84197798 1.20239933
24.85179306 1.20452563
24.86160814 1.20662660
24.87142322 1.20870180
24.88123830 1.21075076
24.89105338 1.21277306
24.90086846 1.21476823
24.91068354 1.21673586
24.92049862 1.21867551
24.93031370 1.22058674
24.94012878 1.22246915
24.94994386 1.22432230
24.95975894 1.22614579
24.96957402 1.22793922
24.97938910 1.22970218
24.98920418 1.23143427
24.99901926 1.23313512
25.00883434 1.23480433
25.01864942 1.23644154
25.02846450 1.23804637
25.03827958 1.23961847
25.04809466 1.24115748
25.05790974 1.24266306
25.06772482 1.24413486
25.07753990 1.24557255
25.08735498 1.24697582
25.09717006 1.24834435
25.10698515 1.24967784
25.11680023 1.25097598
25.12661531 1.25223849
25.13643039 1.25346509
25.14624547 1.25465551
25.15606055 1.25580948
25.16587563 1.25692677
25.17569071 1.25800712
25.18550579 1.25905031
25.19532087 1.26005610
25.20513595 1.26102430
25.21495103 1.26195470
25.22476611 1.26284710
25.23458119 1.26370133
25.24439627 1.26451722
25.25421135 1.26529460
25.26402643 1.26603333
25.27384151 1.26673327
25.28365659 1.26739428
25.29347167 1.26801626
25.30328675 1.26859910
25.31310183 1.26914270
25.32291691 1.26964698
25.33273199 1.27011187
25.34254707 1.27053731
25.35236215 1.27092324
25.36217723 1.27126963
25.37199231 1.27157645
25.38180739 1.27184368
25.39162247 1.27207133
25.40143755 1.27225939
25.41125263 1.27240788
25.42106771 1.27251684
25.43088279 1.27258630
25.44069787 1.27261631
25.45051295 1.27260694
25.46032803 1.27255826
25.47014311 1.27247035
25.47995819 1.27234331
25.48977327 1.27217725
25.49958835 1.27197229
25.50940343 1.27172854
25.51921851 1.27144615
25.52903359 1.27112527
25.53884867 1.27076606
25.54866375 1.27036868
25.55847883 1.26993332
25.56829391 1.26946017
25.57810899 1.26894942
25.58792407 1.26840129
25.59773916 1.26781600
25.60755424 1.26719377
25.61736932 1.26653484
25.62718440 1.26583945
25.63699948 1.26510788
25.64681456 1.26434037
25.65662964 1.26353721
25.66644472 1.26269867
25.67625980 1.26182505
25.68607488 1.26091664
25.69588996 1.25997376
25.70570504 1.25899671
25.71552012 1.25798582
25.72533520 1.25694142
25.73515028 1.25586384
25.74496536 1.25475343
25.75478044 1.25361054
25.76459552 1.25243553
25.77441060 1.25122875
25.78422568 1.24999058
25.79404076 1.24872140
25.80385584 1.24742158
25.81367092 1.24609151
25.82348600 1.24473158
25.83330108 1.24334220
25.84311616 1.24192375
25.85293124 1.24047666
25.86274632 1.23900132
25.87256140 1.23749816
25.88237648 1.23596759
25.89219156 1.23441004
25.90200664 1.23282593
25.91182172 1.23121570
25.92163680 1.22957977
25.93145188 1.22791858
25.94126696 1.22623258
25.95108204 1.22452219
25.96089712 1.22278788
25.97071220 1.22103007
25.98052728 1.21924922
25.99034236 1.21744577
26.00015744 1.21562019
26.00997252 1.21377291
26.01978760 1.21190440
26.02960268 1.21001510
26.03941776 1.20810548
26.04923284 1.20617598
26.05904792 1.20422706
26.06886300 1.20225918
26.07867808 1.20027279
26.08849316 1.19826835
26.09830825 1.19624631
26.10812333 1.19420713
26.11793841 1.19215126
26.12775349 1.19007915
26.13756857 1.18799126
26.14738365 1.18588803
26.15719873 1.18376992
26.16701381 1.18163737
26.17682889 1.17949084
26.18664397 1.17733075
26.19645905 1.17515756
26.20627413 1.17297171
26.21608921 1.17077363
26.22590429 1.16856377
26.23571937 1.16634254
26.24553445 1.16411040
26.25534953 1.16186775
26.26516461 1.15961504
26.27497969 1.15735267
26.28479477 1.15508108
26.29460985 1.15280068
26.30442493 1.15051188
26.31424001 1.14821509
26.32405509 1.14591072
26.33387017 1.14359917
26.34368525 1.14128085
26.35350033 1.13895614
26.36331541 1.13662545
26.37313049 1.13428916
26.38294557 1.13194765
26.39276065 1.12960131
26.40257573 1.12725052
26.41239081 1.12489565
26.42220589 1.12253706
26.43202097 1.12017513
26.44183605 1.11781022
26.45165113 1.11544268
26.46146621 1.11307287
26.47128129 1.11070113
26.48109637 1.10832780
26.49091145 1.10595324
26.50072653 1.10357778
26.51054161 1.10120174
26.52035669 1.09882546
26.53017177 1.09644926
26.53998685 1.09407345
26.54980193 1.09169835
26.55961701 1.08932428
26.56943209 1.08695153
26.57924717 1.08458040
26.58906225 1.08221120
26.59887734 1.07984422
26.60869242 1.07747974
26.61850750 1.07511804
26.62832258 1.07275941
26.63813766 1.07040412
26.64795274 1.06805243
26.65776782 1.06570463
26.66758290 1.06336095
26.67739798 1.06102168
26.68721306 1.05868704
26.69702814 1.05635730
26.70684322 1.05403270
26.71665830 1.05171347
26.72647338 1.04939986
26.73628846 1.04709208
26.74610354 1.04479038
26.75591862 1.04249497
26.76573370 1.04020607
26.77554878 1.03792390
26.78536386 1.03564866
26.79517894 1.03338057
26.80499402 1.03111981
26.81480910 1.02886660
26.82462418 1.02662113
26.83443926 1.02438358
26.84425434 1.02215415
26.85406942 1.01993301
26.86388450 1.01772034
26.87369958 1.01551632
26.88351466 1.01332112
26.89332974 1.01113491
26.90314482 1.00895785
26.91295990 1.00679010
26.92277498 1.00463182
26.93259006 1.00248316
26.94240514 1.00034427
26.95222022 0.99821529
26.96203530 0.99609638
26.97185038 0.99398766
26.98166546 0.99188928
26.99148054 0.98980136
27.00129562 0.98772404
27.01111070 0.98565744
27.02092578 0.98360168
27.03074086 0.98155689
27.04055594 0.97952319
27.05037102 0.97750068
27.06018610 0.97548947
27.07000118 0.97348969
27.07981626 0.97150142
27.08963135 0.96952477
27.09944643 0.96755985
27.10926151 0.96560674
27.11907659 0.96366555
27.12889167 0.96173636
27.13870675 0.95981926
27.14852183 0.95791434
27.15833691 0.95602169
27.16815199 0.95414137
27.17796707 0.95227348
27.18778215 0.95041809
27.19759723 0.94857527
27.20741231 0.94674509
27.21722739 0.94492763
27.22704247 0.94312294
27.23685755 0.94133110
27.24667263 0.93955217
27.25648771 0.93778620
27.26630279 0.93603326
27.27611787 0.93429341
27.28593295 0.93256669
27.29574803 0.93085316
27.30556311 0.92915288
27.31537819 0.92746588
27.32519327 0.92579221
27.33500835 0.92413193
27.34482343 0.92248507
27.35463851 0.92085168
27.36445359 0.91923180
27.37426867 0.91762545
27.38408375 0.91603269
27.39389883 0.91445354
27.40371391 0.91288805
27.41352899 0.91133623
27.42334407 0.90979812
27.43315915 0.90827375
27.44297423 0.90676316
27.45278931 0.90526635
27.46260439 0.90378336
27.47241947 0.90231422
27.48223455 0.90085894
27.49204963 0.89941754
27.50186471 0.89799005
27.51167979 0.89657648
27.52149487 0.89517686
27.53130995 0.89379119
27.54112503 0.89241949
27.55094011 0.89106177
27.56075519 0.88971806
27.57057027 0.88838835
27.58038535 0.88707267
27.59020044 0.88577102
27.60001552 0.88448341
27.60983060 0.88320984
27.61964568 0.88195033
27.62946076 0.88070489
27.63927584 0.87947351
27.64909092 0.87825620
27.65890600 0.87705296
27.66872108 0.87586381
27.67853616 0.87468873
27.68835124 0.87352774
27.69816632 0.87238082
27.70798140 0.87124799
27.71779648 0.87012925
27.72761156 0.86902458
27.73742664 0.86793399
27.74724172 0.86685747
27.75705680 0.86579503
27.76687188 0.86474666
27.77668696 0.86371235
27.78650204 0.86269211
27.79631712 0.86168591
27.80613220 0.86069377
27.81594728 0.85971566
27.82576236 0.85875160
27.83557744 0.85780156
27.84539252 0.85686554
27.85520760 0.85594353
27.86502268 0.85503553
27.87483776 0.85414152
27.88465284 0.85326149
27.89446792 0.85239544
27.90428300 0.85154336
27.91409808 0.85070523
27.92391316 0.84988105
27.93372824 0.84907080
27.94354332 0.84827447
27.95335840 0.84749205
27.96317348 0.84672353
27.97298856 0.84596889
27.98280364 0.84522813
27.99261872 0.84450124
28.00243380 0.84378818
28.01224888 0.84308897
28.02206396 0.84240357
28.03187904 0.84173199
28.04169412 0.84107419
28.05150920 0.84043018
28.06132428 0.83979994
28.07113936 0.83918344
28.08095445 0.83858069
28.09076953 0.83799166
28.10058461 0.83741633
28.11039969 0.83685470
28.12021477 0.83630675
28.13002985 0.83577246
28.13984493 0.83525182
28.14966001 0.83474482
28.15947509 0.83425143
28.16929017 0.83377164
28.17910525 0.83330544
28.18892033 0.83285281
28.19873541 0.83241374
28.20855049 0.83198820
28.21836557 0.83157619
28.22818065 0.83117769
28.23799573 0.83079267
28.24781081 0.83042114
28.25762589 0.83006306
28.26744097 0.82971843
28.27725605 0.82938722
28.28707113 0.82906942
28.29688621 0.82876502
28.30670129 0.82847400
28.31651637 0.82819634
28.32633145 0.82793202
28.33614653 0.82768103
28.34596161 0.82744336
28.35577669 0.82721898
28.36559177 0.82700788
28.37540685 0.82681005
28.38522193 0.82662546
28.39503701 0.82645410
28.40485209 0.82629596
28.41466717 0.82615101
28.42448225 0.82601925
28.43429733 0.82590065
28.44411241 0.82579519
28.45392749 0.82570287
28.46374257 0.82562366
28.47355765 0.82555755
28.48337273 0.82550452
28.49318781 0.82546456
28.50300289 0.82543764
28.51281797 0.82542376
28.52263305 0.82542289
28.53244813 0.82543501
28.54226321 0.82546012
28.55207829 0.82549819
28.56189337 0.82554921
28.57170845 0.82561316
28.58152354 0.82569002
28.59133862 0.82577978
28.60115370 0.82588242
28.61096878 0.82599792
28.62078386 0.82612627
28.63059894 0.82626745
28.64041402 0.82642143
28.65022910 0.82658821
28.66004418 0.82676777
28.66985926 0.82696009
28.67967434 0.82716515
28.68948942 0.82738293
28.69930450 0.82761342
28.70911958 0.82785661
28.71893466 0.82811246
28.72874974 0.82838096
28.73856482 0.82866211
28.74837990 0.82895587
28.75819498 0.82926223
28.76801006 0.82958117
28.77782514 0.82991267
28.78764022 0.83025672
28.79745530 0.83061330
28.80727038 0.83098238
28.81708546 0.83136396
28.82690054 0.83175800
28.83671562 0.83216449
28.84653070 0.83258341
28.85634578 0.83301475
28.86616086 0.83345847
28.87597594 0.83391457
28.88579102 0.83438302
28.89560610 0.83486380
28.90542118 0.83535689
28.91523626 0.83586227
28.92505134 0.83637992
28.93486642 0.83690981
28.94468150 0.83745194
28.95449658 0.83800627
28.96431166 0.83857278
28.97412674 0.83915145
28.98394182 0.83974226
28.99375690 0.84034518
29.00357198 0.84096020
29.01338706 0.84158728
29.02320214 0.84222641
29.03301722 0.84287757
29.04283230 0.84354071
29.05264738 0.84421583
29.06246246 0.84490289
29.07227754 0.84560188
29.08209263 0.84631276
29.09190771 0.84703551
29.10172279 0.84777010
29.11153787 0.84851651
29.12135295 0.84927470
29.13116803 0.85004465
29.14098311 0.85082634
29.15079819 0.85161972
29.16061327 0.85242478
29.17042835 0.85324148
29.18024343 0.85406980
29.19005851 0.85490969
29.19987359 0.85576114
29.20968867 0.85662411
29.21950375 0.85749856
29.22931883 0.85838446
29.23913391 0.85928178
29.24894899 0.86019049
29.25876407 0.86111055
29.26857915 0.86204192
29.27839423 0.86298458
29.28820931 0.86393847
29.29802439 0.86490357
29.30783947 0.86587983
29.31765455 0.86686723
29.32746963 0.86786571
29.33728471 0.86887524
29.34709979 0.86989578
29.35691487 0.87092728
29.36672995 0.87196971
29.37654503 0.87302302
29.38636011 0.87408716
29.39617519 0.87516210
29.40599027 0.87624778
29.41580535 0.87734417
29.42562043 0.87845120
29.43543551 0.87956884
29.44525059 0.88069703
29.45506567 0.88183574
29.46488075 0.88298489
29.47469583 0.88414445
29.48451091 0.88531436
29.49432599 0.88649456
29.50414107 0.88768501
29.51395615 0.88888564
29.52377123 0.89009641
29.53358631 0.89131724
29.54340139 0.89254809
29.55321647 0.89378889
29.56303155 0.89503959
29.57284664 0.89630011
29.58266172 0.89757041
29.59247680 0.89885040
29.60229188 0.90014004
29.61210696 0.90143925
29.62192204 0.90274796
29.63173712 0.90406611
29.64155220 0.90539362
29.65136728 0.90673043
29.66118236 0.90807646
29.67099744 0.90943164
29.68081252 0.91079589
29.69062760 0.91216914
29.70044268 0.91355131
29.71025776 0.91494232
29.72007284 0.91634209
29.72988792 0.91775054
29.73970300 0.91916758
29.74951808 0.92059313
29.75933316 0.92202712
29.76914824 0.92346943
29.77896332 0.92492000
29.78877840 0.92637873
29.79859348 0.92784553
29.80840856 0.92932031
29.81822364 0.93080297
29.82803872 0.93229341
29.83785380 0.93379154
29.84766888 0.93529726
29.85748396 0.93681047
29.86729904 0.93833106
29.87711412 0.93985894
29.88692920 0.94139400
29.89674428 0.94293613
29.90655936 0.94448522
29.91637444 0.94604117
29.92618952 0.94760386
29.93600460 0.94917317
29.94581968 0.95074901
29.95563476 0.95233123
29.96544984 0.95391974
29.97526492 0.95551441
29.98508000 0.95711511
29.99489508 0.95872173
30.00471016 0.96033414
30.01452524 0.96195221
30.02434032 0.96357582
30.03415540 0.96520483
30.04397048 0.96683911
30.05378556 0.96847854
30.06360064 0.97012296
30.07341573 0.97177226
30.08323081 0.97342628
30.09304589 0.97508489
30.10286097 0.97674795
30.11267605 0.97841530
30.12249113 0.98008681
30.13230621 0.98176233
30.14212129 0.98344171
30.15193637 0.98512480
30.16175145 0.98681144
30.17156653 0.98850148
30.18138161 0.99019476
30.19119669 0.99189113
30.20101177 0.99359042
30.21082685 0.99529248
30.22064193 0.99699713
30.23045701 0.99870422
30.24027209 1.00041358
30.25008717 1.00212504
30.25990225 1.00383842
30.26971733 1.00555356
30.27953241 1.00727029
30.28934749 1.00898842
30.29916257 1.01070778
30.30897765 1.01242819
30.31879273 1.01414947
30.32860781 1.01587143
30.33842289 1.01759390
30.34823797 1.01931669
30.35805305 1.02103961
30.36786813 1.02276247
30.37768321 1.02448509
30.38749829 1.02620726
30.39731337 1.02792880
30.40712845 1.02964952
30.41694353 1.03136920
30.42675861 1.03308767
30.43657369 1.03480472
30.44638877 1.03652014
30.45620385 1.03823374
30.46601893 1.03994531
30.47583401 1.04165465
30.48564909 1.04336155
30.49546417 1.04506580
30.50527925 1.04676720
30.51509433 1.04846554
30.52490941 1.05016060
30.53472449 1.05185218
30.54453957 1.05354005
30.55435465 1.05522401
30.56416973 1.05690384
30.57398482 1.05857932
30.58379990 1.06025025
30.59361498 1.06191639
30.60343006 1.06357753
30.61324514 1.06523345
30.62306022 1.06688393
30.63287530 1.06852875
30.64269038 1.07016768
30.65250546 1.07180051
30.66232054 1.07342701
30.67213562 1.07504696
30.68195070 1.07666012
30.69176578 1.07826629
30.70158086 1.07986523
30.71139594 1.08145672
30.72121102 1.08304052
30.73102610 1.08461643
30.74084118 1.08618420
30.75065626 1.08774362
30.76047134 1.08929445
30.77028642 1.09083648
30.78010150 1.09236947
30.78991658 1.09389320
30.79973166 1.09540745
30.80954674 1.09691198
30.81936182 1.09840657
30.82917690 1.09989100
30.83899198 1.10136505
30.84880706 1.10282848
30.85862214 1.10428108
30.86843722 1.10572262
30.87825230 1.10715289
30.88806738 1.10857165
30.89788246 1.10997869
30.90769754 1.11137379
30.91751262 1.11275673
30.92732770 1.11412730
30.93714278 1.11548527
30.94695786 1.11683044
30.95677294 1.11816258
30.96658802 1.11948149
30.97640310 1.12078695
30.98621818 1.12207876
30.99603326 1.12335670
31.00584834 1.12462058
31.01566342 1.12587017
31.02547850 1.12710529
31.03529358 1.12832573
31.04510866 1.12953128
31.05492374 1.13072176
31.06473883 1.13189697
31.07455391 1.13305670
31.08436899 1.13420078
31.09418407 1.13532902
31.10399915 1.13644122
31.11381423 1.13753720
31.12362931 1.13861677
31.13344439 1.13967977
31.14325947 1.14072602
31.15307455 1.14175533
31.16288963 1.14276754
31.17270471 1.14376247
31.18251979 1.14473997
31.19233487 1.14569987
31.20214995 1.14664201
31.21196503 1.14756622
31.22178011 1.14847237
31.23159519 1.14936030
31.24141027 1.15022985
31.25122535 1.15108089
31.26104043 1.15191327
31.27085551 1.15272686
31.28067059 1.15352152
31.29048567 1.15429713
31.30030075 1.15505355
31.31011583 1.15579065
31.31993091 1.15650833
31.32974599 1.15720646
31.33956107 1.15788494
31.34937615 1.15854365
31.35919123 1.15918248
31.36900631 1.15980134
31.37882139 1.16040013
31.38863647 1.16097876
31.39845155 1.16153713
31.40826663 1.16207517
31.41808171 1.16259279
31.42789679 1.16308991
31.43771187 1.16356645
31.44752695 1.16402237
31.45734203 1.16445757
31.46715711 1.16487202
31.47697219 1.16526564
31.48678727 1.16563839
31.49660235 1.16599022
31.50641743 1.16632109
31.51623251 1.16663096
31.52604759 1.16691978
31.53586267 1.16718754
31.54567775 1.16743421
31.55549283 1.16765976
31.56530792 1.16786417
31.57512300 1.16804744
31.58493808 1.16820955
31.59475316 1.16835051
31.60456824 1.16847030
31.61438332 1.16856893
31.62419840 1.16864642
31.63401348 1.16870278
31.64382856 1.16873802
31.65364364 1.16875216
31.66345872 1.16874523
31.67327380 1.16871726
31.68308888 1.16866829
31.69290396 1.16859835
31.70271904 1.16850749
31.71253412 1.16839576
31.72234920 1.16826320
31.73216428 1.16810987
31.74197936 1.16793583
31.75179444 1.16774114
31.76160952 1.16752588
31.77142460 1.16729012
31.78123968 1.16703392
31.79105476 1.16675738
31.80086984 1.16646057
31.81068492 1.16614358
31.82050000 1.16580651
31.83031508 1.16544944
31.84013016 1.16507249
31.84994524 1.16467575
31.85976032 1.16425933
31.86957540 1.16382333
31.87939048 1.16336788
31.88920556 1.16289309
31.89902064 1.16239908
31.90883572 1.16188598
31.91865080 1.16135391
31.92846588 1.16080301
31.93828096 1.16023341
31.94809604 1.15964524
31.95791112 1.15903865
31.96772620 1.15841378
31.97754128 1.15777078
31.98735636 1.15710981
31.99717144 1.15643100
32.00698652 1.15573451
32.01680160 1.15502052
32.02661668 1.15428917
32.03643176 1.15354063
32.04624684 1.15277507
32.05606192 1.15199265
32.06587701 1.15119355
32.07569209 1.15037794
32.08550717 1.14954600
32.09532225 1.14869790
32.10513733 1.14783383
32.11495241 1.14695396
32.12476749 1.14605850
32.13458257 1.14514761
32.14439765 1.14422148
32.15421273 1.14328032
32.16402781 1.14232431
32.17384289 1.14135365
32.18365797 1.14036852
32.19347305 1.13936913
32.20328813 1.13835569
32.21310321 1.13732837
32.22291829 1.13628740
32.23273337 1.13523297
32.24254845 1.13416528
32.25236353 1.13308454
32.26217861 1.13199096
32.27199369 1.13088474
32.28180877 1.12976610
32.29162385 1.12863524
32.30143893 1.12749237
32.31125401 1.12633770
32.32106909 1.12517144
32.33088417 1.12399382
32.34069925 1.12280503
32.35051433 1.12160529
32.36032941 1.12039482
32.37014449 1.11917382
32.37995957 1.11794252
32.38977465 1.11670113
32.39958973 1.11544987
32.40940481 1.11418894
32.41921989 1.11291856
32.42903497 1.11163896
32.43885005 1.11035033
32.44866513 1.10905291
32.45848021 1.10774690
32.46829529 1.10643251
32.47811037 1.10510997
32.48792545 1.10377949
32.49774053 1.10244128
32.50755561 1.10109555
32.51737069 1.09974252
32.52718577 1.09838240
32.53700085 1.09701540
32.54681593 1.09564173
32.55663102 1.09426160
32.56644610 1.09287523
32.57626118 1.09148283
32.58607626 1.09008459
32.59589134 1.08868073
32.60570642 1.08727146
32.61552150 1.08585698
32.62533658 1.08443750
32.63515166 1.08301322
32.64496674 1.08158435
32.65478182 1.08015108
32.66459690 1.07871362
32.67441198 1.07727217
32.68422706 1.07582693
32.69404214 1.07437809
32.70385722 1.07292585
32.71367230 1.07147041
32.72348738 1.07001196
32.73330246 1.06855069
32.74311754 1.06708679
32.75293262 1.06562046
32.76274770 1.06415189
32.77256278 1.06268126
32.78237786 1.06120875
32.79219294 1.05973455
32.80200802 1.05825885
32.81182310 1.05678183
32.82163818 1.05530366
32.83145326 1.05382453
32.84126834 1.05234461
32.85108342 1.05086408
32.86089850 1.04938312
32.87071358 1.04790188
32.88052866 1.04642056
32.89034374 1.04493931
32.90015882 1.04345830
32.90997390 1.04197770
32.91978898 1.04049767
32.92960406 1.03901839
32.93941914 1.03754000
32.94923422 1.03606267
32.95904930 1.03458655
32.96886438 1.03311181
32.97867946 1.03163859
32.98849454 1.03016705
32.99830962 1.02869735
33.00812470 1.02722962
33.01793978 1.02576402
33.02775486 1.02430070
33.03756994 1.02283980
33.04738502 1.02138146
33.05720011 1.01992582
33.06701519 1.01847303
33.07683027 1.01702321
33.08664535 1.01557652
33.09646043 1.01413307
33.10627551 1.01269301
33.11609059 1.01125646
33.12590567 1.00982356
33.13572075 1.00839443
33.14553583 1.00696919
33.15535091 1.00554798
33.16516599 1.00413091
33.17498107 1.00271811
33.18479615 1.00130970
33.19461123 0.99990578
33.20442631 0.99850649
33.21424139 0.99711193
33.22405647 0.99572221
33.23387155 0.99433746
33.24368663 0.99295776
33.25350171 0.99158325
33.26331679 0.99021401
33.27313187 0.98885016
33.28294695 0.98749180
33.29276203 0.98613903
33.30257711 0.98479195
33.31239219 0.98345066
33.32220727 0.98211526
33.33202235 0.98078583
33.34183743 0.97946249
33.35165251 0.97814531
33.36146759 0.97683439
33.37128267 0.97552981
33.38109775 0.97423168
33.39091283 0.97294006
33.40072791 0.97165506
33.41054299 0.97037675
33.42035807 0.96910521
33.43017315 0.96784052
33.43998823 0.96658277
33.44980331 0.96533203
33.45961839 0.96408839
33.46943347 0.96285190
33.47924855 0.96162266
33.48906363 0.96040072
33.49887871 0.95918617
33.50869379 0.95797907
33.51850887 0.95677949
33.52832395 0.95558750
33.53813903 0.95440316
33.54795412 0.95322654
33.55776920 0.95205771
33.56758428 0.95089672
33.57739936 0.94974364
33.58721444 0.94859853
33.59702952 0.94746145
33.60684460 0.94633244
33.61665968 0.94521158
33.62647476 0.94409892
33.63628984 0.94299450
33.64610492 0.94189839
33.65592000 0.94081064
33.66573508 0.93973129
33.67555016 0.93866040
33.68536524 0.93759801
33.69518032 0.93654418
33.70499540 0.93549895
33.71481048 0.93446236
33.72462556 0.93343446
33.73444064 0.93241530
33.74425572 0.93140492
33.75407080 0.93040335
33.76388588 0.92941065
33.77370096 0.92842684
33.78351604 0.92745198
33.79333112 0.92648609
33.80314620 0.92552921
33.81296128 0.92458139
33.82277636 0.92364265
33.83259144 0.92271304
33.84240652 0.92179257
33.85222160 0.92088130
33.86203668 0.91997924
33.87185176 0.91908643
33.88166684 0.91820291
33.89148192 0.91732869
33.90129700 0.91646382
33.91111208 0.91560831
33.92092716 0.91476219
33.93074224 0.91392550
33.94055732 0.91309826
33.95037240 0.91228048
33.96018748 0.91147220
33.97000256 0.91067344
33.97981764 0.90988423
33.98963272 0.90910458
33.99944780 0.90833451
34.00926288 0.90757406
34.01907796 0.90682323
34.02889304 0.90608205
34.03870812 0.90535054
34.04852321 0.90462871
34.05833829 0.90391658
34.06815337 0.90321418
34.07796845 0.90252151
34.08778353 0.90183859
34.09759861 0.90116544
34.10741369 0.90050207
34.11722877 0.89984850
34.12704385 0.89920474
34.13685893 0.89857081
34.14667401 0.89794671
34.15648909 0.89733246
34.16630417 0.89672807
34.17611925 0.89613355
34.18593433 0.89554891
34.19574941 0.89497416
34.20556449 0.89440932
34.21537957 0.89385438
34.22519465 0.89330937
34.23500973 0.89277428
34.24482481 0.89224913
34.25463989 0.89173392
34.26445497 0.89122866
34.27427005 0.89073335
34.28408513 0.89024801
34.29390021 0.88977263
34.30371529 0.88930723
34.31353037 0.88885180
34.32334545 0.88840635
34.33316053 0.88797089
34.34297561 0.88754542
34.35279069 0.88712993
34.36260577 0.88672444
34.37242085 0.88632895
34.38223593 0.88594346
34.39205101 0.88556797
34.40186609 0.88520247
34.41168117 0.88484698
34.42149625 0.88450149
34.43131133 0.88416601
34.44112641 0.88384052
34.45094149 0.88352504
34.46075657 0.88321956
34.47057165 0.88292408
34.48038673 0.88263859
34.49020181 0.88236310
34.50001689 0.88209761
34.50983197 0.88184211
34.51964705 0.88159659
34.52946213 0.88136106
34.53927721 0.88113551
34.54909230 0.88091994
34.55890738 0.88071434
34.56872246 0.88051871
34.57853754 0.88033304
34.58835262 0.88015733
34.59816770 0.87999158
34.60798278 0.87983577
34.61779786 0.87968991
34.62761294 0.87955398
34.63742802 0.87942798
34.64724310 0.87931190
34.65705818 0.87920574
34.66687326 0.87910948
34.67668834 0.87902312
34.68650342 0.87894666
34.69631850 0.87888007
34.70613358 0.87882337
34.71594866 0.87877653
34.72576374 0.87873954
34.73557882 0.87871240
34.74539390 0.87869510
34.75520898 0.87868762
34.76502406 0.87868997
34.77483914 0.87870211
34.78465422 0.87872406
34.79446930 0.87875578
34.80428438 0.87879728
34.81409946 0.87884854
34.82391454 0.87890955
34.83372962 0.87898030
34.84354470 0.87906076
34.85335978 0.87915094
34.86317486 0.87925082
34.87298994 0.87936038
34.88280502 0.87947961
34.89262010 0.87960849
34.90243518 0.87974702
34.91225026 0.87989517
34.92206534 0.88005294
34.93188042 0.88022030
34.94169550 0.88039724
34.95151058 0.88058374
34.96132566 0.88077980
34.97114074 0.88098538
34.98095582 0.88120048
34.99077090 0.88142508
35.00058598 0.88165916
35.01040106 0.88190270
35.02021614 0.88215568
35.03003122 0.88241809
35.03984631 0.88268991
35.04966139 0.88297111
35.05947647 0.88326168
35.06929155 0.88356160
35.07910663 0.88387085
35.08892171 0.88418940
35.09873679 0.88451724
35.10855187 0.88485435
35.11836695 0.88520070
35.12818203 0.88555627
35.13799711 0.88592104
35.14781219 0.88629499
35.15762727 0.88667809
35.16744235 0.88707032
35.17725743 0.88747165
35.18707251 0.88788207
35.19688759 0.88830154
35.20670267 0.88873005
35.21651775 0.88916756
35.22633283 0.88961405
35.23614791 0.89006950
35.24596299 0.89053388
35.25577807 0.89100715
35.26559315 0.89148930
35.27540823 0.89198029
35.28522331 0.89248011
35.29503839 0.89298870
35.30485347 0.89350606
35.31466855 0.89403215
35.32448363 0.89456693
35.33429871 0.89511039
35.34411379 0.89566248
35.35392887 0.89622317
35.36374395 0.89679244
35.37355903 0.89737025
35.38337411 0.89795657
35.39318919 0.89855136
35.40300427 0.89915459
35.41281935 0.89976623
35.42263443 0.90038624
35.43244951 0.90101458
35.44226459 0.90165122
35.45207967 0.90229612
35.46189475 0.90294925
35.47170983 0.90361057
35.48152491 0.90428003
35.49133999 0.90495761
35.50115507 0.90564325
35.51097015 0.90633693
35.52078523 0.90703860
35.53060031 0.90774822
35.54041540 0.90846574
35.55023048 0.90919113
35.56004556 0.90992434
35.56986064 0.91066533
35.57967572 0.91141406
35.58949080 0.91217047
35.59930588 0.91293453
35.60912096 0.91370619
35.61893604 0.91448540
35.62875112 0.91527212
35.63856620 0.91606629
35.64838128 0.91686787
35.65819636 0.91767682
35.66801144 0.91849307
35.67782652 0.91931657
35.68764160 0.92014729
35.69745668 0.92098516
35.70727176 0.92183014
35.71708684 0.92268216
35.72690192 0.92354118
35.73671700 0.92440714
35.74653208 0.92527999
35.75634716 0.92615966
35.76616224 0.92704611
35.77597732 0.92793927
35.78579240 0.92883908
35.79560748 0.92974550
35.80542256 0.93065845
35.81523764 0.93157788
35.82505272 0.93250372
35.83486780 0.93343591
35.84468288 0.93437440
35.85449796 0.93531911
35.86431304 0.93626998
35.87412812 0.93722695
35.88394320 0.93818995
35.89375828 0.93915891
35.90357336 0.94013376
35.91338844 0.94111444
35.92320352 0.94210088
35.93301860 0.94309301
35.94283368 0.94409075
35.95264876 0.94509404
35.96246384 0.94610280
35.97227892 0.94711695
35.98209400 0.94813643
35.99190908 0.94916116
36.00172416 0.95019106
36.01153924 0.95122605
36.02135432 0.95226607
36.03116940 0.95331102
36.04098449 0.95436083
36.05079957 0.95541542
36.06061465 0.95647470
36.07042973 0.95753861
36.08024481 0.95860704
36.09005989 0.95967992
36.09987497 0.96075717
36.10969005 0.96183870
36.11950513 0.96292442
36.12932021 0.96401424
36.13913529 0.96510808
36.14895037 0.96620585
36.15876545 0.96730745
36.16858053 0.96841280
36.17839561 0.96952181
36.18821069 0.97063437
36.19802577 0.97175041
36.20784085 0.97286982
36.21765593 0.97399250
36.22747101 0.97511837
36.23728609 0.97624733
36.24710117 0.97737927
36.25691625 0.97851410
36.26673133 0.97965172
36.27654641 0.98079203
36.28636149 0.98193492
36.29617657 0.98308030
36.30599165 0.98422806
36.31580673 0.98537810
36.32562181 0.98653031
36.33543689 0.98768459
36.34525197 0.98884083
36.35506705 0.98999892
36.36488213 0.99115876
36.37469721 0.99232023
36.38451229 0.99348323
36.39432737 0.99464765
36.40414245 0.99581337
36.41395753 0.99698028
36.42377261 0.99814827
36.43358769 0.99931722
36.44340277 1.00048703
36.45321785 1.00165757
36.46303293 1.00282872
36.47284801 1.00400038
36.48266309 1.00517243
36.49247817 1.00634474
36.50229325 1.00751720
36.51210833 1.00868969
36.52192341 1.00986208
36.53173850 1.01103426
36.54155358 1.01220610
36.55136866 1.01337749
36.56118374 1.01454829
36.57099882 1.01571839
36.58081390 1.01688766
36.59062898 1.01805597
36.60044406 1.01922321
36.61025914 1.02038924
36.62007422 1.02155394
36.62988930 1.02271718
36.63970438 1.02387883
36.64951946 1.02503876
36.65933454 1.02619686
36.66914962 1.02735298
36.67896470 1.02850699
36.68877978 1.02965878
36.69859486 1.03080820
36.70840994 1.03195513
36.71822502 1.03309943
36.72804010 1.03424097
36.73785518 1.03537963
36.74767026 1.03651527
36.75748534 1.03764775
36.76730042 1.03877695
36.77711550 1.03990273
36.78693058 1.04102496
36.79674566 1.04214350
36.80656074 1.04325822
36.81637582 1.04436899
36.82619090 1.04547568
36.83600598 1.04657814
36.84582106 1.04767625
36.85563614 1.04876987
36.86545122 1.04985886
36.87526630 1.05094310
36.88508138 1.05202245
36.89489646 1.05309677
36.90471154 1.05416593
36.91452662 1.05522979
36.92434170 1.05628823
36.93415678 1.05734111
36.94397186 1.05838829
36.95378694 1.05942965
36.96360202 1.06046504
36.97341710 1.06149434
36.98323218 1.06251741
36.99304726 1.06353413
37.00286234 1.06454435
37.01267742 1.06554795
37.02249250 1.06654480
37.03230759 1.06753476
37.04212267 1.06851771
37.05193775 1.06949352
37.06175283 1.07046206
37.07156791 1.07142319
37.08138299 1.07237679
37.09119807 1.07332274
37.10101315 1.07426091
37.11082823 1.07519116
37.12064331 1.07611339
37.13045839 1.07702745
37.14027347 1.07793323
37.15008855 1.07883061
37.15990363 1.07971945
37.16971871 1.08059965
37.17953379 1.08147108
37.18934887 1.08233363
37.19916395 1.08318716
37.20897903 1.08403158
37.21879411 1.08486675
37.22860919 1.08569257
37.23842427 1.08650891
37.24823935 1.08731568
37.25805443 1.08811275
37.26786951 1.08890001
37.27768459 1.08967736
37.28749967 1.09044469
37.29731475 1.09120188
37.30712983 1.09194884
37.31694491 1.09268546
37.32675999 1.09341164
37.33657507 1.09412727
37.34639015 1.09483226
37.35620523 1.09552651
37.36602031 1.09620991
37.37583539 1.09688238
37.38565047 1.09754382
37.39546555 1.09819413
37.40528063 1.09883324
37.41509571 1.09946103
37.42491079 1.10007744
37.43472587 1.10068237
37.44454095 1.10127574
37.45435603 1.10185747
37.46417111 1.10242747
37.47398619 1.10298566
37.48380127 1.10353198
37.49361635 1.10406634
37.50343143 1.10458867
37.51324651 1.10509889
37.52306159 1.10559695
37.53287668 1.10608276
37.54269176 1.10655627
37.55250684 1.10701741
37.56232192 1.10746612
37.57213700 1.10790234
37.58195208 1.10832600
37.59176716 1.10873706
37.60158224 1.10913546
37.61139732 1.10952115
37.62121240 1.10989408
37.63102748 1.11025419
37.64084256 1.11060145
37.65065764 1.11093581
37.66047272 1.11125723
37.67028780 1.11156568
37.68010288 1.11186110
37.68991796 1.11214347
37.69973304 1.11241276
37.70954812 1.11266893
37.71936320 1.11291196
37.72917828 1.11314181
37.73899336 1.11335848
37.74880844 1.11356192
37.75862352 1.11375214
37.76843860 1.11392909
37.77825368 1.11409279
37.78806876 1.11424320
37.79788384 1.11438032
37.80769892 1.11450413
37.81751400 1.11461465
37.82732908 1.11471185
37.83714416 1.11479574
37.84695924 1.11486633
37.85677432 1.11492360
37.86658940 1.11496757
37.87640448 1.11499825
37.88621956 1.11501564
37.89603464 1.11501975
37.90584972 1.11501061
37.91566480 1.11498822
37.92547988 1.11495260
37.93529496 1.11490378
37.94511004 1.11484178
37.95492512 1.11476662
37.96474020 1.11467834
37.97455528 1.11457695
37.98437036 1.11446249
37.99418544 1.11433500
38.00400052 1.11419451
38.01381560 1.11404105
38.02363069 1.11387468
38.03344577 1.11369542
38.04326085 1.11350334
38.05307593 1.11329846
38.06289101 1.11308084
38.07270609 1.11285053
38.08252117 1.11260758
38.09233625 1.11235205
38.10215133 1.11208400
38.11196641 1.11180347
38.12178149 1.11151053
38.13159657 1.11120525
38.14141165 1.11088769
38.15122673 1.11055790
38.16104181 1.11021597
38.17085689 1.10986196
38.18067197 1.10949594
38.19048705 1.10911799
38.20030213 1.10872817
38.21011721 1.10832657
38.21993229 1.10791326
38.22974737 1.10748833
38.23956245 1.10705186
38.24937753 1.10660392
38.25919261 1.10614460
38.26900769 1.10567400
38.27882277 1.10519220
38.28863785 1.10469928
38.29845293 1.10419534
38.30826801 1.10368047
38.31808309 1.10315476
38.32789817 1.10261832
38.33771325 1.10207123
38.34752833 1.10151360
38.35734341 1.10094552
38.36715849 1.10036709
38.37697357 1.09977842
38.38678865 1.09917961
38.39660373 1.09857077
38.40641881 1.09795199
38.41623389 1.09732338
38.42604897 1.09668506
38.43586405 1.09603713
38.44567913 1.09537971
38.45549421 1.09471289
38.46530929 1.09403680
38.47512437 1.09335155
38.48493945 1.09265724
38.49475453 1.09195400
38.50456961 1.09124194
38.51438469 1.09052118
38.52419978 1.08979183
38.53401486 1.08905401
38.54382994 1.08830784
38.55364502 1.08755344
38.56346010 1.08679092
38.57327518 1.08602042
38.58309026 1.08524205
38.59290534 1.08445592
38.60272042 1.08366218
38.61253550 1.08286093
38.62235058 1.08205230
38.63216566 1.08123641
38.64198074 1.08041339
38.65179582 1.07958337
38.66161090 1.07874646
38.67142598 1.07790280
38.68124106 1.07705250
38.69105614 1.07619570
38.70087122 1.07533252
38.71068630 1.07446309
38.72050138 1.07358753
38.73031646 1.07270597
38.74013154 1.07181854
38.74994662 1.07092537
38.75976170 1.07002657
38.76957678 1.06912229
38.77939186 1.06821264
38.78920694 1.06729775
38.79902202 1.06637776
38.80883710 1.06545278
38.81865218 1.06452295
38.82846726 1.06358840
38.83828234 1.06264924
38.84809742 1.06170561
38.85791250 1.06075763
38.86772758 1.05980543
38.87754266 1.05884914
38.88735774 1.05788888
38.89717282 1.05692478
38.90698790 1.05595696
38.91680298 1.05498555
38.92661806 1.05401068
38.93643314 1.05303246
38.94624822 1.05205103
38.95606330 1.05106651
38.96587838 1.05007902
38.97569346 1.04908868
38.98550854 1.04809562
38.99532362 1.04709997
39.00513870 1.04610183
39.01495379 1.04510134
39.02476887 1.04409861
39.03458395 1.04309377
39.04439903 1.04208693
39.05421411 1.04107822
39.06402919 1.04006775
39.07384427 1.03905564
39.08365935 1.03804201
39.09347443 1.03702698
39.10328951 1.03601066
39.11310459 1.03499317
39.12291967 1.03397463
39.13273475 1.03295514
39.14254983 1.03193483
39.15236491 1.03091381
39.16217999 1.02989218
39.17199507 1.02887007
39.18181015 1.02784757
39.19162523 1.02682481
39.20144031 1.02580190
39.21125539 1.02477893
39.22107047 1.02375603
39.23088555 1.02273329
39.24070063 1.02171083
39.25051571 1.02068874
39.26033079 1.01966715
39.27014587 1.01864614
39.27996095 1.01762583
39.28977603 1.01660631
39.29959111 1.01558770
39.30940619 1.01457008
39.31922127 1.01355357
39.32903635 1.01253825
39.33885143 1.01152424
39.34866651 1.01051162
39.35848159 1.00950049
39.36829667 1.00849096
39.37811175 1.00748311
39.38792683 1.00647705
39.39774191 1.00547285
39.40755699 1.00447063
39.41737207 1.00347046
39.42718715 1.00247245
39.43700223 1.00147668
39.44681731 1.00048323
39.45663239 0.99949221
39.46644747 0.99850369
39.47626255 0.99751776
39.48607763 0.99653452
39.49589271 0.99555404
39.50570779 0.99457640
39.51552288 0.99360170
39.52533796 0.99263002
39.53515304 0.99166143
39.54496812 0.99069602
39.55478320 0.98973386
39.56459828 0.98877504
39.57441336 0.98781964
39.58422844 0.98686772
39.59404352 0.98591937
39.60385860 0.98497467
39.61367368 0.98403368
39.62348876 0.98309649
39.63330384 0.98216316
39.64311892 0.98123376
39.65293400 0.98030838
39.66274908 0.97938707
39.67256416 0.97846991
39.68237924 0.97755696
39.69219432 0.97664830
39.70200940 0.97574399
39.71182448 0.97484409
39.72163956 0.97394868
39.73145464 0.97305781
39.74126972 0.97217156
39.75108480 0.97128998
39.76089988 0.97041313
39.77071496 0.96954108
39.78053004 0.96867388
39.79034512 0.96781160
39.80016020 0.96695430
39.80997528 0.96610202
39.81979036 0.96525484
39.82960544 0.96441280
39.83942052 0.96357597
39.84923560 0.96274439
39.85905068 0.96191811
39.86886576 0.96109721
39.87868084 0.96028171
39.88849592 0.95947169
39.89831100 0.95866718
39.90812608 0.95786824
39.91794116 0.95707492
39.92775624 0.95628726
39.93757132 0.95550532
39.94738640 0.95472913
39.95720148 0.95395876
39.96701656 0.95319424
39.97683164 0.95243561
39.98664672 0.95168293
39.99646180 0.95093623
40.00627688 0.95019556
40.01609197 0.94946096
40.02590705 0.94873247
40.03572213 0.94801014
40.04553721 0.94729400
40.05535229 0.94658408
40.06516737 0.94588044
40.07498245 0.94518311
40.08479753 0.94449212
40.09461261 0.94380752
40.10442769 0.94312933
40.11424277 0.94245760
40.12405785 0.94179235
40.13387293 0.94113363
40.14368801 0.94048147
40.15350309 0.93983589
40.16331817 0.93919693
40.17313325 0.93856463
40.18294833 0.93793901
40.19276341 0.93732010
