# k S000 S110 S112 S10 S11
1.04720e-01  3.55169e-02  2.61507e+00  -1.29202e+00  3.10277e-02  3.90708e+00
2.09440e-01  3.56068e-02  2.59493e+00  -1.28191e+00  3.11029e-02  3.87684e+00
3.14159e-01  3.57572e-02  2.56212e+00  -1.26545e+00  3.12286e-02  3.82757e+00
4.18879e-01  3.59689e-02  2.51772e+00  -1.24316e+00  3.14057e-02  3.76087e+00
5.23599e-01  3.62434e-02  2.46309e+00  -1.21573e+00  3.16351e-02  3.67882e+00
6.28319e-01  3.65822e-02  2.39984e+00  -1.18396e+00  3.19182e-02  3.58380e+00
7.33038e-01  3.69874e-02  2.32964e+00  -1.14869e+00  3.22566e-02  3.47833e+00
8.37758e-01  3.74614e-02  2.25419e+00  -1.11077e+00  3.26523e-02  3.36496e+00
9.42478e-01  3.80074e-02  2.17512e+00  -1.07101e+00  3.31076e-02  3.24613e+00
1.04720e+00  3.86287e-02  2.09393e+00  -1.03015e+00  3.36254e-02  3.12408e+00
1.15192e+00  3.93293e-02  2.01193e+00  -9.88863e-01  3.42088e-02  3.00080e+00
1.25664e+00  4.01139e-02  1.93026e+00  -9.47701e-01  3.48616e-02  2.87796e+00
1.36136e+00  4.09876e-02  1.84985e+00  -9.07130e-01  3.55877e-02  2.75698e+00
1.46608e+00  4.19565e-02  1.77143e+00  -8.67521e-01  3.63921e-02  2.63896e+00
1.57080e+00  4.30274e-02  1.69559e+00  -8.29155e-01  3.72799e-02  2.52475e+00
1.67552e+00  4.42079e-02  1.62273e+00  -7.92237e-01  3.82574e-02  2.41497e+00
1.78024e+00  4.55067e-02  1.55314e+00  -7.56904e-01  3.93314e-02  2.31004e+00
1.88496e+00  4.69336e-02  1.48699e+00  -7.23242e-01  4.05094e-02  2.21023e+00
1.98968e+00  4.84998e-02  1.42437e+00  -6.91287e-01  4.18004e-02  2.11566e+00
2.09440e+00  5.02179e-02  1.36530e+00  -6.61044e-01  4.32141e-02  2.02635e+00
2.19911e+00  5.21021e-02  1.30974e+00  -6.32488e-01  4.47616e-02  1.94223e+00
2.30383e+00  5.41685e-02  1.25760e+00  -6.05574e-01  4.64554e-02  1.86318e+00
2.40855e+00  5.64355e-02  1.20879e+00  -5.80242e-01  4.83098e-02  1.78904e+00
2.51327e+00  5.89241e-02  1.16318e+00  -5.56421e-01  5.03410e-02  1.71960e+00
2.61799e+00  6.16579e-02  1.12063e+00  -5.34034e-01  5.25672e-02  1.65467e+00
2.72271e+00  6.46642e-02  1.08101e+00  -5.12999e-01  5.50092e-02  1.59400e+00
2.82743e+00  6.79741e-02  1.04415e+00  -4.93231e-01  5.76909e-02  1.53738e+00
2.93215e+00  7.16233e-02  1.00993e+00  -4.74647e-01  6.06395e-02  1.48458e+00
3.03687e+00  7.56529e-02  9.78209e-01  -4.57162e-01  6.38861e-02  1.43537e+00
3.14159e+00  8.01102e-02  9.48850e-01  -4.40692e-01  6.74665e-02  1.38954e+00
3.24631e+00  8.50502e-02  9.21732e-01  -4.25155e-01  7.14221e-02  1.34689e+00
3.35103e+00  9.05365e-02  8.96743e-01  -4.10471e-01  7.58005e-02  1.30721e+00
3.45575e+00  9.66431e-02  8.73777e-01  -3.96560e-01  8.06572e-02  1.27034e+00
3.56047e+00  1.03457e-01  8.52741e-01  -3.83342e-01  8.60565e-02  1.23608e+00
3.66519e+00  1.11079e-01  8.33552e-01  -3.70739e-01  9.20737e-02  1.20429e+00
3.76991e+00  1.19629e-01  8.16138e-01  -3.58671e-01  9.87968e-02  1.17481e+00
3.87463e+00  1.29247e-01  8.00442e-01  -3.47056e-01  1.06330e-01  1.14750e+00
3.97935e+00  1.40102e-01  7.86417e-01  -3.35811e-01  1.14794e-01  1.12223e+00
4.08407e+00  1.52391e-01  7.74030e-01  -3.24847e-01  1.24336e-01  1.09888e+00
4.18879e+00  1.66352e-01  7.63264e-01  -3.14069e-01  1.35126e-01  1.07733e+00
4.29351e+00  1.82269e-01  7.54119e-01  -3.03374e-01  1.47372e-01  1.05749e+00
4.39823e+00  2.00483e-01  7.46615e-01  -2.92647e-01  1.61321e-01  1.03926e+00
4.50295e+00  2.21406e-01  7.40790e-01  -2.81760e-01  1.77270e-01  1.02255e+00
4.60767e+00  2.45536e-01  7.36710e-01  -2.70565e-01  1.95580e-01  1.00728e+00
4.71239e+00  2.73474e-01  7.34472e-01  -2.58892e-01  2.16687e-01  9.93364e-01
4.81711e+00  3.05953e-01  7.34205e-01  -2.46540e-01  2.41124e-01  9.80745e-01
4.92183e+00  3.43856e-01  7.36083e-01  -2.33271e-01  2.69542e-01  9.69354e-01
5.02655e+00  3.88252e-01  7.40332e-01  -2.18799e-01  3.02735e-01  9.59131e-01
5.13127e+00  4.40423e-01  7.47239e-01  -2.02781e-01  3.41678e-01  9.50020e-01
5.23599e+00  5.01887e-01  7.57166e-01  -1.84803e-01  3.87560e-01  9.41969e-01
5.34071e+00  5.74414e-01  7.70563e-01  -1.64367e-01  4.41830e-01  9.34930e-01
5.44543e+00  6.59988e-01  7.87981e-01  -1.40875e-01  5.06231e-01  9.28857e-01
5.55015e+00  7.60722e-01  8.10081e-01  -1.13627e-01  5.82828e-01  9.23708e-01
5.65487e+00  8.78625e-01  8.37627e-01  -8.18157e-02  6.73996e-01  9.19443e-01
5.75959e+00  1.01519e+00  8.71457e-01  -4.45655e-02  7.82326e-01  9.16023e-01
5.86431e+00  1.17068e+00  9.12403e-01  -1.00831e-03  9.10387e-01  9.13412e-01
5.96903e+00  1.34307e+00  9.61122e-01  4.95478e-02  1.06022e+00  9.11574e-01
6.07375e+00  1.52684e+00  1.01780e+00  1.07323e-01  1.23244e+00  9.10476e-01
6.17847e+00  1.71187e+00  1.08169e+00  1.71608e-01  1.42491e+00  9.10085e-01
6.28319e+00  1.88343e+00  1.15056e+00  2.40190e-01  1.63094e+00  9.10367e-01
6.38791e+00  2.02413e+00  1.22014e+00  3.08853e-01  1.83785e+00  9.11289e-01
6.49262e+00  2.11806e+00  1.28419e+00  3.71369e-01  2.02693e+00  9.12821e-01
6.59734e+00  2.15560e+00  1.33539e+00  4.20459e-01  2.17631e+00  9.14927e-01
6.70206e+00  2.13652e+00  1.36735e+00  4.49779e-01  2.26691e+00  9.17576e-01
6.80678e+00  2.06935e+00  1.37685e+00  4.56118e-01  2.28908e+00  9.20732e-01
6.91150e+00  1.96780e+00  1.36484e+00  4.40483e-01  2.24581e+00  9.24361e-01
7.01622e+00  1.84643e+00  1.33581e+00  4.07387e-01  2.15059e+00  9.28427e-01
7.12094e+00  1.71763e+00  1.29584e+00  3.62943e-01  2.02172e+00  9.32892e-01
7.22566e+00  1.59032e+00  1.25072e+00  3.13004e-01  1.87673e+00  9.37717e-01
7.33038e+00  1.47009e+00  1.20496e+00  2.62097e-01  1.72915e+00  9.42862e-01
7.43510e+00  1.35991e+00  1.16147e+00  2.13189e-01  1.58785e+00  9.48285e-01
7.53982e+00  1.26092e+00  1.12186e+00  1.67921e-01  1.45771e+00  9.53943e-01
7.64454e+00  1.17315e+00  1.08679e+00  1.27000e-01  1.34079e+00  9.59792e-01
7.74926e+00  1.09603e+00  1.05633e+00  9.05498e-02  1.23743e+00  9.65784e-01
7.85398e+00  1.02867e+00  1.03024e+00  5.83714e-02  1.14699e+00  9.71873e-01
7.95870e+00  9.70089e-01  1.00812e+00  3.01140e-02  1.06835e+00  9.78010e-01
8.06342e+00  9.19336e-01  9.89523e-01  5.37503e-03  1.00027e+00  9.84148e-01
8.16814e+00  8.75509e-01  9.73991e-01  -1.62444e-02  9.41502e-01  9.90236e-01
8.27286e+00  8.37806e-01  9.61113e-01  -3.51121e-02  8.90889e-01  9.96225e-01
8.37758e+00  8.05525e-01  9.50514e-01  -5.15536e-02  8.47407e-01  1.00207e+00
8.48230e+00  7.78057e-01  9.41866e-01  -6.58502e-02  8.10166e-01  1.00772e+00
8.58702e+00  7.54885e-01  9.34883e-01  -7.82409e-02  7.78402e-01  1.01312e+00
8.69174e+00  7.35569e-01  9.29322e-01  -8.89266e-02  7.51468e-01  1.01825e+00
8.79646e+00  7.19738e-01  9.24971e-01  -9.80752e-02  7.28821e-01  1.02305e+00
8.90118e+00  7.07083e-01  9.21656e-01  -1.05826e-01  7.10004e-01  1.02748e+00
9.00590e+00  6.97344e-01  9.19225e-01  -1.12294e-01  6.94637e-01  1.03152e+00
9.11062e+00  6.90309e-01  9.17555e-01  -1.17575e-01  6.82405e-01  1.03513e+00
9.21534e+00  6.85802e-01  9.16541e-01  -1.21746e-01  6.73048e-01  1.03829e+00
9.32006e+00  6.83680e-01  9.16098e-01  -1.24873e-01  6.66353e-01  1.04097e+00
9.42478e+00  6.83830e-01  9.16160e-01  -1.27007e-01  6.62146e-01  1.04317e+00
9.52950e+00  6.86160e-01  9.16673e-01  -1.28192e-01  6.60289e-01  1.04487e+00
9.63422e+00  6.90599e-01  9.17599e-01  -1.28463e-01  6.60672e-01  1.04606e+00
9.73894e+00  6.97094e-01  9.18909e-01  -1.27850e-01  6.63210e-01  1.04676e+00
9.84366e+00  7.05604e-01  9.20589e-01  -1.26375e-01  6.67840e-01  1.04696e+00
9.94838e+00  7.16097e-01  9.22630e-01  -1.24058e-01  6.74515e-01  1.04669e+00
1.00531e+01  7.28548e-01  9.25034e-01  -1.20915e-01  6.83204e-01  1.04595e+00
1.01578e+01  7.42936e-01  9.27810e-01  -1.16961e-01  6.93887e-01  1.04477e+00
1.02625e+01  7.59236e-01  9.30969e-01  -1.12209e-01  7.06551e-01  1.04318e+00
1.03673e+01  7.77419e-01  9.34530e-01  -1.06671e-01  7.21189e-01  1.04120e+00
1.04720e+01  7.97447e-01  9.38513e-01  -1.00360e-01  7.37793e-01  1.03887e+00
1.05767e+01  8.19263e-01  9.42937e-01  -9.32923e-02  7.56352e-01  1.03623e+00
1.06814e+01  8.42789e-01  9.47822e-01  -8.54864e-02  7.76849e-01  1.03331e+00
1.07861e+01  8.67922e-01  9.53183e-01  -7.69660e-02  7.99251e-01  1.03015e+00
1.08909e+01  8.94520e-01  9.59029e-01  -6.77620e-02  8.23505e-01  1.02679e+00
1.09956e+01  9.22403e-01  9.65361e-01  -5.79139e-02  8.49533e-01  1.02327e+00
1.11003e+01  9.51342e-01  9.72168e-01  -4.74727e-02  8.77223e-01  1.01964e+00
1.12050e+01  9.81056e-01  9.79426e-01  -3.65028e-02  9.06421e-01  1.01593e+00
1.13097e+01  1.01121e+00  9.87093e-01  -2.50847e-02  9.36924e-01  1.01218e+00
1.14145e+01  1.04141e+00  9.95108e-01  -1.33170e-02  9.68474e-01  1.00843e+00
1.15192e+01  1.07122e+00  1.00339e+00  -1.31811e-03  1.00075e+00  1.00471e+00
1.16239e+01  1.10016e+00  1.01183e+00  1.07727e-02  1.03337e+00  1.00105e+00
1.17286e+01  1.12769e+00  1.02030e+00  2.27957e-02  1.06589e+00  9.97503e-01
1.18333e+01  1.15329e+00  1.02865e+00  3.45725e-02  1.09780e+00  9.94080e-01
1.19381e+01  1.17645e+00  1.03672e+00  4.59092e-02  1.12854e+00  9.90814e-01
1.20428e+01  1.19666e+00  1.04433e+00  5.66027e-02  1.15754e+00  9.87729e-01
1.21475e+01  1.21349e+00  1.05129e+00  6.64474e-02  1.18419e+00  9.84847e-01
1.22522e+01  1.22662e+00  1.05743e+00  7.52448e-02  1.20792e+00  9.82188e-01
1.23569e+01  1.23578e+00  1.06258e+00  8.28135e-02  1.22821e+00  9.79770e-01
1.24617e+01  1.24087e+00  1.06661e+00  8.89994e-02  1.24460e+00  9.77606e-01
1.25664e+01  1.24187e+00  1.06939e+00  9.36847e-02  1.25676e+00  9.75708e-01
1.26711e+01  1.23893e+00  1.07088e+00  9.67954e-02  1.26447e+00  9.74087e-01
1.27758e+01  1.23228e+00  1.07105e+00  9.83052e-02  1.26767e+00  9.72750e-01
1.28805e+01  1.22224e+00  1.06994e+00  9.82362e-02  1.26641e+00  9.71700e-01
1.29852e+01  1.20922e+00  1.06760e+00  9.66568e-02  1.26091e+00  9.70942e-01
1.30900e+01  1.19367e+00  1.06415e+00  9.36754e-02  1.25150e+00  9.70474e-01
1.31947e+01  1.17606e+00  1.05973e+00  8.94325e-02  1.23859e+00  9.70294e-01
1.32994e+01  1.15687e+00  1.05449e+00  8.40914e-02  1.22267e+00  9.70399e-01
1.34041e+01  1.13655e+00  1.04861e+00  7.78290e-02  1.20427e+00  9.70782e-01
1.35088e+01  1.11555e+00  1.04226e+00  7.08263e-02  1.18391e+00  9.71434e-01
1.36136e+01  1.09424e+00  1.03561e+00  6.32609e-02  1.16213e+00  9.72345e-01
1.37183e+01  1.07297e+00  1.02880e+00  5.53013e-02  1.13941e+00  9.73503e-01
1.38230e+01  1.05204e+00  1.02200e+00  4.71023e-02  1.11620e+00  9.74894e-01
1.39277e+01  1.03170e+00  1.01530e+00  3.88022e-02  1.09291e+00  9.76501e-01
1.40324e+01  1.01216e+00  1.00883e+00  3.05221e-02  1.06987e+00  9.78308e-01
1.41372e+01  9.93580e-01  1.00266e+00  2.23657e-02  1.04739e+00  9.80295e-01
1.42419e+01  9.76098e-01  9.96861e-01  1.44198e-02  1.02570e+00  9.82441e-01
1.43466e+01  9.59812e-01  9.91481e-01  6.75608e-03  1.00499e+00  9.84725e-01
1.44513e+01  9.44795e-01  9.86557e-01  -5.67572e-04  9.85422e-01  9.87124e-01
1.45560e+01  9.31099e-01  9.82109e-01  -7.50499e-03  9.67099e-01  9.89614e-01
1.46608e+01  9.18757e-01  9.78150e-01  -1.40201e-02  9.50110e-01  9.92171e-01
1.47655e+01  9.07787e-01  9.74682e-01  -2.00853e-02  9.34512e-01  9.94768e-01
1.48702e+01  8.98197e-01  9.71700e-01  -2.56797e-02  9.20341e-01  9.97380e-01
1.49749e+01  8.89983e-01  9.69194e-01  -3.07881e-02  9.07618e-01  9.99982e-01
1.50796e+01  8.83135e-01  9.67148e-01  -3.53996e-02  8.96349e-01  1.00255e+00
1.51844e+01  8.77640e-01  9.65545e-01  -3.95071e-02  8.86530e-01  1.00505e+00
1.52891e+01  8.73477e-01  9.64364e-01  -4.31060e-02  8.78152e-01  1.00747e+00
1.53938e+01  8.70622e-01  9.63583e-01  -4.61941e-02  8.71195e-01  1.00978e+00
1.54985e+01  8.69051e-01  9.63182e-01  -4.87708e-02  8.65640e-01  1.01195e+00
1.56032e+01  8.68735e-01  9.63137e-01  -5.08373e-02  8.61462e-01  1.01397e+00
1.57080e+01  8.69642e-01  9.63426e-01  -5.23958e-02  8.58635e-01  1.01582e+00
1.58127e+01  8.71740e-01  9.64029e-01  -5.34501e-02  8.57129e-01  1.01748e+00
1.59174e+01  8.74991e-01  9.64926e-01  -5.40050e-02  8.56916e-01  1.01893e+00
1.60221e+01  8.79356e-01  9.66097e-01  -5.40667e-02  8.57964e-01  1.02016e+00
1.61268e+01  8.84791e-01  9.67524e-01  -5.36428e-02  8.60238e-01  1.02117e+00
1.62316e+01  8.91248e-01  9.69190e-01  -5.27426e-02  8.63705e-01  1.02193e+00
1.63363e+01  8.98671e-01  9.71080e-01  -5.13770e-02  8.68326e-01  1.02246e+00
1.64410e+01  9.07002e-01  9.73177e-01  -4.95594e-02  8.74058e-01  1.02274e+00
1.65457e+01  9.16173e-01  9.75467e-01  -4.73050e-02  8.80857e-01  1.02277e+00
1.66504e+01  9.26107e-01  9.77935e-01  -4.46320e-02  8.88671e-01  1.02257e+00
1.67552e+01  9.36720e-01  9.80566e-01  -4.15614e-02  8.97443e-01  1.02213e+00
1.68599e+01  9.47920e-01  9.83344e-01  -3.81173e-02  9.07110e-01  1.02146e+00
1.69646e+01  9.59601e-01  9.86254e-01  -3.43275e-02  9.17599e-01  1.02058e+00
1.70693e+01  9.71651e-01  9.89275e-01  -3.02233e-02  9.28828e-01  1.01950e+00
1.71740e+01  9.83946e-01  9.92388e-01  -2.58403e-02  9.40708e-01  1.01823e+00
1.72788e+01  9.96354e-01  9.95571e-01  -2.12178e-02  9.53136e-01  1.01679e+00
1.73835e+01  1.00873e+00  9.98798e-01  -1.63994e-02  9.66000e-01  1.01520e+00
1.74882e+01  1.02094e+00  1.00204e+00  -1.14330e-02  9.79176e-01  1.01347e+00
1.75929e+01  1.03281e+00  1.00527e+00  -6.37003e-03  9.92531e-01  1.01164e+00
1.76976e+01  1.04421e+00  1.00845e+00  -1.26572e-03  1.00592e+00  1.00972e+00
1.78024e+01  1.05497e+00  1.01155e+00  3.82178e-03  1.01919e+00  1.00773e+00
1.79071e+01  1.06495e+00  1.01452e+00  8.83204e-03  1.03218e+00  1.00569e+00
1.80118e+01  1.07401e+00  1.01733e+00  1.37032e-02  1.04474e+00  1.00363e+00
1.81165e+01  1.08201e+00  1.01993e+00  1.83733e-02  1.05668e+00  1.00156e+00
1.82212e+01  1.08886e+00  1.02230e+00  2.27811e-02  1.06786e+00  9.99516e-01
1.83260e+01  1.09445e+00  1.02438e+00  2.68679e-02  1.07811e+00  9.97510e-01
1.84307e+01  1.09871e+00  1.02614e+00  3.05790e-02  1.08730e+00  9.95563e-01
1.85354e+01  1.10161e+00  1.02756e+00  3.38647e-02  1.09529e+00  9.93693e-01
1.86401e+01  1.10311e+00  1.02860e+00  3.66822e-02  1.10196e+00  9.91917e-01
1.87448e+01  1.10322e+00  1.02925e+00  3.89964e-02  1.10724e+00  9.90252e-01
1.88496e+01  1.10198e+00  1.02949e+00  4.07811e-02  1.11106e+00  9.88712e-01
1.89543e+01  1.09943e+00  1.02933e+00  4.20198e-02  1.11337e+00  9.87310e-01
1.90590e+01  1.09565e+00  1.02876e+00  4.27058e-02  1.11418e+00  9.86058e-01
1.91637e+01  1.09075e+00  1.02781e+00  4.28425e-02  1.11349e+00  9.84965e-01
1.92684e+01  1.08482e+00  1.02648e+00  4.24428e-02  1.11137e+00  9.84040e-01
1.93732e+01  1.07799e+00  1.02482e+00  4.15285e-02  1.10787e+00  9.83289e-01
1.94779e+01  1.07041e+00  1.02285e+00  4.01294e-02  1.10311e+00  9.82718e-01
1.95826e+01  1.06219e+00  1.02061e+00  3.82821e-02  1.09717e+00  9.82328e-01
1.96873e+01  1.05347e+00  1.01815e+00  3.60288e-02  1.09021e+00  9.82121e-01
1.97920e+01  1.04441e+00  1.01551e+00  3.34157e-02  1.08235e+00  9.82098e-01
1.98968e+01  1.03511e+00  1.01275e+00  3.04919e-02  1.07373e+00  9.82256e-01
2.00015e+01  1.02573e+00  1.00990e+00  2.73081e-02  1.06452e+00  9.82592e-01
2.01062e+01  1.01636e+00  1.00702e+00  2.39151e-02  1.05485e+00  9.83100e-01
2.02109e+01  1.00712e+00  1.00414e+00  2.03632e-02  1.04486e+00  9.83774e-01
2.03156e+01  9.98107e-01  1.00131e+00  1.67013e-02  1.03471e+00  9.84606e-01
2.04204e+01  9.89416e-01  9.98561e-01  1.29760e-02  1.02451e+00  9.85585e-01
2.05251e+01  9.81124e-01  9.95933e-01  9.23126e-03  1.01440e+00  9.86702e-01
2.06298e+01  9.73302e-01  9.93451e-01  5.50802e-03  1.00447e+00  9.87943e-01
2.07345e+01  9.66010e-01  9.91139e-01  1.84408e-03  9.94828e-01  9.89295e-01
2.08392e+01  9.59298e-01  9.89019e-01  -1.72605e-03  9.85567e-01  9.90745e-01
2.09440e+01  9.53211e-01  9.87106e-01  -5.17115e-03  9.76763e-01  9.92277e-01
2.10487e+01  9.47783e-01  9.85411e-01  -8.46317e-03  9.68485e-01  9.93874e-01
2.11534e+01  9.43043e-01  9.83943e-01  -1.15772e-02  9.60789e-01  9.95520e-01
2.12581e+01  9.39010e-01  9.82708e-01  -1.44910e-02  9.53726e-01  9.97199e-01
2.13628e+01  9.35701e-01  9.81706e-01  -1.71855e-02  9.47335e-01  9.98892e-01
2.14675e+01  9.33123e-01  9.80937e-01  -1.96439e-02  9.41650e-01  1.00058e+00
2.15723e+01  9.31281e-01  9.80398e-01  -2.18518e-02  9.36695e-01  1.00225e+00
2.16770e+01  9.30172e-01  9.80084e-01  -2.37972e-02  9.32489e-01  1.00388e+00
2.17817e+01  9.29792e-01  9.79986e-01  -2.54702e-02  9.29046e-01  1.00546e+00
2.18864e+01  9.30128e-01  9.80098e-01  -2.68629e-02  9.26372e-01  1.00696e+00
2.19911e+01  9.31165e-01  9.80408e-01  -2.79694e-02  9.24470e-01  1.00838e+00
2.20959e+01  9.32885e-01  9.80908e-01  -2.87858e-02  9.23336e-01  1.00969e+00
2.22006e+01  9.35262e-01  9.81584e-01  -2.93098e-02  9.22965e-01  1.01089e+00
2.23053e+01  9.38267e-01  9.82426e-01  -2.95413e-02  9.23344e-01  1.01197e+00
2.24100e+01  9.41869e-01  9.83421e-01  -2.94819e-02  9.24458e-01  1.01290e+00
2.25147e+01  9.46030e-01  9.84557e-01  -2.91353e-02  9.26286e-01  1.01369e+00
2.26195e+01  9.50706e-01  9.85820e-01  -2.85068e-02  9.28806e-01  1.01433e+00
2.27242e+01  9.55853e-01  9.87197e-01  -2.76042e-02  9.31988e-01  1.01480e+00
2.28289e+01  9.61418e-01  9.88675e-01  -2.64370e-02  9.35801e-01  1.01511e+00
2.29336e+01  9.67345e-01  9.90240e-01  -2.50168e-02  9.40206e-01  1.01526e+00
2.30383e+01  9.73574e-01  9.91879e-01  -2.33577e-02  9.45163e-01  1.01524e+00
2.31431e+01  9.80041e-01  9.93577e-01  -2.14756e-02  9.50625e-01  1.01505e+00
2.32478e+01  9.86678e-01  9.95319e-01  -1.93889e-02  9.56542e-01  1.01471e+00
2.33525e+01  9.93413e-01  9.97092e-01  -1.71178e-02  9.62856e-01  1.01421e+00
2.34572e+01  1.00017e+00  9.98879e-01  -1.46850e-02  9.69509e-01  1.01356e+00
2.35619e+01  1.00688e+00  1.00066e+00  -1.21151e-02  9.76434e-01  1.01278e+00
2.36667e+01  1.01345e+00  1.00243e+00  -9.43451e-03  9.83563e-01  1.01187e+00
2.37714e+01  1.01982e+00  1.00417e+00  -6.67151e-03  9.90822e-01  1.01084e+00
2.38761e+01  1.02591e+00  1.00585e+00  -3.85582e-03  9.98136e-01  1.00970e+00
2.39808e+01  1.03163e+00  1.00746e+00  -1.01835e-03  1.00542e+00  1.00848e+00
2.40855e+01  1.03693e+00  1.00899e+00  1.80911e-03  1.01261e+00  1.00718e+00
2.41903e+01  1.04173e+00  1.01041e+00  4.59431e-03  1.01960e+00  1.00582e+00
2.42950e+01  1.04599e+00  1.01171e+00  7.30499e-03  1.02632e+00  1.00441e+00
2.43997e+01  1.04963e+00  1.01288e+00  9.90936e-03  1.03270e+00  1.00297e+00
2.45044e+01  1.05263e+00  1.01389e+00  1.23766e-02  1.03865e+00  1.00152e+00
2.46091e+01  1.05495e+00  1.01474e+00  1.46775e-02  1.04410e+00  1.00006e+00
2.47139e+01  1.05657e+00  1.01541e+00  1.67847e-02  1.04898e+00  9.98628e-01
2.48186e+01  1.05747e+00  1.01590e+00  1.86736e-02  1.05324e+00  9.97223e-01
2.49233e+01  1.05766e+00  1.01619e+00  2.03226e-02  1.05683e+00  9.95863e-01
2.50280e+01  1.05713e+00  1.01628e+00  2.17135e-02  1.05970e+00  9.94562e-01
2.51327e+01  1.05592e+00  1.01616e+00  2.28319e-02  1.06183e+00  9.93332e-01
2.52375e+01  1.05405e+00  1.01585e+00  2.36674e-02  1.06319e+00  9.92185e-01
2.53422e+01  1.05156e+00  1.01535e+00  2.42140e-02  1.06377e+00  9.91132e-01
2.54469e+01  1.04849e+00  1.01465e+00  2.44697e-02  1.06359e+00  9.90183e-01
2.55516e+01  1.04491e+00  1.01378e+00  2.44368e-02  1.06266e+00  9.89347e-01
2.56563e+01  1.04087e+00  1.01275e+00  2.41218e-02  1.06099e+00  9.88629e-01
2.57611e+01  1.03643e+00  1.01157e+00  2.35348e-02  1.05864e+00  9.88037e-01
2.58658e+01  1.03166e+00  1.01027e+00  2.26895e-02  1.05564e+00  9.87576e-01
2.59705e+01  1.02663e+00  1.00885e+00  2.16027e-02  1.05206e+00  9.87248e-01
2.60752e+01  1.02141e+00  1.00735e+00  2.02936e-02  1.04794e+00  9.87055e-01
2.61799e+01  1.01606e+00  1.00578e+00  1.87840e-02  1.04335e+00  9.86999e-01
2.62847e+01  1.01065e+00  1.00418e+00  1.70972e-02  1.03837e+00  9.87079e-01
2.63894e+01  1.00525e+00  1.00255e+00  1.52576e-02  1.03307e+00  9.87292e-01
2.64941e+01  9.99914e-01  1.00093e+00  1.32907e-02  1.02751e+00  9.87636e-01
2.65988e+01  9.94702e-01  9.99329e-01  1.12223e-02  1.02177e+00  9.88107e-01
2.67035e+01  9.89668e-01  9.97776e-01  9.07797e-03  1.01593e+00  9.88698e-01
2.68083e+01  9.84861e-01  9.96285e-01  6.88329e-03  1.01005e+00  9.89402e-01
2.69130e+01  9.80325e-01  9.94875e-01  4.66303e-03  1.00420e+00  9.90212e-01
2.70177e+01  9.76100e-01  9.93561e-01  2.44117e-03  9.98443e-01  9.91120e-01
2.71224e+01  9.72222e-01  9.92354e-01  2.40615e-04  9.92836e-01  9.92114e-01
2.72271e+01  9.68721e-01  9.91267e-01  -1.91690e-03  9.87433e-01  9.93184e-01
2.73319e+01  9.65622e-01  9.90308e-01  -4.01097e-03  9.82286e-01  9.94319e-01
2.74366e+01  9.62948e-01  9.89484e-01  -6.02257e-03  9.77439e-01  9.95507e-01
2.75413e+01  9.60715e-01  9.88800e-01  -7.93415e-03  9.72932e-01  9.96734e-01
2.76460e+01  9.58936e-01  9.88259e-01  -9.72965e-03  9.68800e-01  9.97989e-01
2.77507e+01  9.57619e-01  9.87862e-01  -1.13945e-02  9.65073e-01  9.99256e-01
2.78555e+01  9.56768e-01  9.87609e-01  -1.29157e-02  9.61777e-01  1.00052e+00
2.79602e+01  9.56385e-01  9.87497e-01  -1.42817e-02  9.58934e-01  1.00178e+00
2.80649e+01  9.56464e-01  9.87524e-01  -1.54826e-02  9.56559e-01  1.00301e+00
2.81696e+01  9.57000e-01  9.87684e-01  -1.65100e-02  9.54664e-01  1.00419e+00
2.82743e+01  9.57981e-01  9.87973e-01  -1.73569e-02  9.53259e-01  1.00533e+00
2.83791e+01  9.59392e-01  9.88383e-01  -1.80179e-02  9.52347e-01  1.00640e+00
2.84838e+01  9.61216e-01  9.88907e-01  -1.84893e-02  9.51928e-01  1.00740e+00
2.85885e+01  9.63431e-01  9.89536e-01  -1.87687e-02  9.51998e-01  1.00830e+00
2.86932e+01  9.66012e-01  9.90262e-01  -1.88555e-02  9.52551e-01  1.00912e+00
2.87979e+01  9.68931e-01  9.91076e-01  -1.87505e-02  9.53575e-01  1.00983e+00
2.89027e+01  9.72157e-01  9.91968e-01  -1.84562e-02  9.55056e-01  1.01042e+00
2.90074e+01  9.75654e-01  9.92929e-01  -1.79765e-02  9.56976e-01  1.01091e+00
2.91121e+01  9.79387e-01  9.93947e-01  -1.73171e-02  9.59313e-01  1.01126e+00
2.92168e+01  9.83314e-01  9.95013e-01  -1.64854e-02  9.62042e-01  1.01150e+00
2.93215e+01  9.87394e-01  9.96115e-01  -1.54900e-02  9.65135e-01  1.01161e+00
2.94263e+01  9.91583e-01  9.97244e-01  -1.43415e-02  9.68561e-01  1.01159e+00
2.95310e+01  9.95834e-01  9.98389e-01  -1.30517e-02  9.72285e-01  1.01144e+00
2.96357e+01  1.00010e+00  9.99538e-01  -1.16340e-02  9.76270e-01  1.01117e+00
2.97404e+01  1.00434e+00  1.00068e+00  -1.01033e-02  9.80474e-01  1.01078e+00
2.98451e+01  1.00849e+00  1.00181e+00  -8.47558e-03  9.84856e-01  1.01028e+00
2.99498e+01  1.01251e+00  1.00291e+00  -6.76824e-03  9.89369e-01  1.00967e+00
3.00546e+01  1.01637e+00  1.00396e+00  -4.99956e-03  9.93966e-01  1.00896e+00
3.01593e+01  1.02000e+00  1.00498e+00  -3.18873e-03  9.98598e-01  1.00816e+00
3.02640e+01  1.02337e+00  1.00593e+00  -1.35561e-03  1.00322e+00  1.00728e+00
3.03687e+01  1.02643e+00  1.00681e+00  4.79491e-04  1.00777e+00  1.00633e+00
3.04734e+01  1.02916e+00  1.00761e+00  2.29607e-03  1.01221e+00  1.00532e+00
3.05782e+01  1.03152e+00  1.00833e+00  4.07366e-03  1.01648e+00  1.00426e+00
3.06829e+01  1.03349e+00  1.00895e+00  5.79214e-03  1.02054e+00  1.00316e+00
3.07876e+01  1.03504e+00  1.00947e+00  7.43201e-03  1.02433e+00  1.00204e+00
3.08923e+01  1.03616e+00  1.00988e+00  8.97465e-03  1.02783e+00  1.00091e+00
3.09970e+01  1.03684e+00  1.01017e+00  1.04026e-02  1.03098e+00  9.99772e-01
3.11018e+01  1.03707e+00  1.01035e+00  1.17000e-02  1.03375e+00  9.98651e-01
3.12065e+01  1.03686e+00  1.01041e+00  1.28524e-02  1.03611e+00  9.97555e-01
3.13112e+01  1.03622e+00  1.01034e+00  1.38476e-02  1.03804e+00  9.96493e-01
3.14159e+01  1.03516e+00  1.01015e+00  1.46753e-02  1.03950e+00  9.95479e-01
3.15206e+01  1.03370e+00  1.00985e+00  1.53275e-02  1.04050e+00  9.94520e-01
3.16254e+01  1.03187e+00  1.00943e+00  1.57986e-02  1.04102e+00  9.93628e-01
3.17301e+01  1.02969e+00  1.00890e+00  1.60854e-02  1.04107e+00  9.92811e-01
3.18348e+01  1.02720e+00  1.00826e+00  1.61872e-02  1.04064e+00  9.92077e-01
3.19395e+01  1.02443e+00  1.00754e+00  1.61056e-02  1.03975e+00  9.91432e-01
3.20442e+01  1.02143e+00  1.00673e+00  1.58445e-02  1.03842e+00  9.90883e-01
3.21490e+01  1.01823e+00  1.00584e+00  1.54101e-02  1.03667e+00  9.90435e-01
3.22537e+01  1.01488e+00  1.00490e+00  1.48106e-02  1.03452e+00  9.90091e-01
3.23584e+01  1.01142e+00  1.00391e+00  1.40559e-02  1.03202e+00  9.89854e-01
3.24631e+01  1.00789e+00  1.00288e+00  1.31578e-02  1.02920e+00  9.89726e-01
3.25678e+01  1.00433e+00  1.00184e+00  1.21292e-02  1.02609e+00  9.89707e-01
3.26726e+01  1.00078e+00  1.00078e+00  1.09844e-02  1.02275e+00  9.89797e-01
3.27773e+01  9.97290e-01  9.99733e-01  9.73847e-03  1.01921e+00  9.89995e-01
3.28820e+01  9.93889e-01  9.98704e-01  8.40726e-03  1.01552e+00  9.90297e-01
3.29867e+01  9.90613e-01  9.97707e-01  7.00703e-03  1.01172e+00  9.90700e-01
3.30914e+01  9.87496e-01  9.96754e-01  5.55429e-03  1.00786e+00  9.91199e-01
3.31962e+01  9.84568e-01  9.95855e-01  4.06559e-03  1.00399e+00  9.91789e-01
3.33009e+01  9.81856e-01  9.95020e-01  2.55736e-03  1.00013e+00  9.92463e-01
3.34056e+01  9.79384e-01  9.94258e-01  1.04570e-03  9.96350e-01  9.93213e-01
3.35103e+01  9.77173e-01  9.93577e-01  -4.53730e-04  9.92670e-01  9.94031e-01
3.36150e+01  9.75242e-01  9.92983e-01  -1.92583e-03  9.89131e-01  9.94909e-01
3.37198e+01  9.73606e-01  9.92480e-01  -3.35620e-03  9.85768e-01  9.95836e-01
3.38245e+01  9.72277e-01  9.92073e-01  -4.73121e-03  9.82610e-01  9.96804e-01
3.39292e+01  9.71262e-01  9.91763e-01  -6.03809e-03  9.79687e-01  9.97801e-01
3.40339e+01  9.70569e-01  9.91552e-01  -7.26500e-03  9.77022e-01  9.98817e-01
3.41386e+01  9.70200e-01  9.91439e-01  -8.40106e-03  9.74637e-01  9.99840e-01
3.42434e+01  9.70154e-01  9.91424e-01  -9.43644e-03  9.72551e-01  1.00086e+00
3.43481e+01  9.70427e-01  9.91504e-01  -1.03624e-02  9.70780e-01  1.00187e+00
3.44528e+01  9.71015e-01  9.91677e-01  -1.11712e-02  9.69335e-01  1.00285e+00
3.45575e+01  9.71908e-01  9.91938e-01  -1.18564e-02  9.68225e-01  1.00379e+00
3.46622e+01  9.73093e-01  9.92281e-01  -1.24127e-02  9.67456e-01  1.00469e+00
3.47670e+01  9.74557e-01  9.92703e-01  -1.28358e-02  9.67031e-01  1.00554e+00
3.48717e+01  9.76282e-01  9.93197e-01  -1.31229e-02  9.66951e-01  1.00632e+00
3.49764e+01  9.78250e-01  9.93755e-01  -1.32722e-02  9.67211e-01  1.00703e+00
3.50811e+01  9.80437e-01  9.94372e-01  -1.32832e-02  9.67805e-01  1.00765e+00
3.51858e+01  9.82820e-01  9.95039e-01  -1.31568e-02  9.68726e-01  1.00820e+00
3.52906e+01  9.85374e-01  9.95750e-01  -1.28949e-02  9.69960e-01  1.00864e+00
3.53953e+01  9.88069e-01  9.96496e-01  -1.25009e-02  9.71494e-01  1.00900e+00
3.55000e+01  9.90877e-01  9.97269e-01  -1.19793e-02  9.73311e-01  1.00925e+00
3.56047e+01  9.93766e-01  9.98062e-01  -1.13359e-02  9.75390e-01  1.00940e+00
3.57094e+01  9.96705e-01  9.98866e-01  -1.05777e-02  9.77710e-01  1.00944e+00
3.58142e+01  9.99661e-01  9.99673e-01  -9.71288e-03  9.80247e-01  1.00939e+00
3.59189e+01  1.00260e+00  1.00048e+00  -8.75059e-03  9.82974e-01  1.00923e+00
3.60236e+01  1.00549e+00  1.00127e+00  -7.70118e-03  9.85863e-01  1.00897e+00
3.61283e+01  1.00830e+00  1.00203e+00  -6.57590e-03  9.88883e-01  1.00861e+00
3.62330e+01  1.01099e+00  1.00278e+00  -5.38687e-03  9.92003e-01  1.00816e+00
3.63378e+01  1.01354e+00  1.00348e+00  -4.14697e-03  9.95189e-01  1.00763e+00
3.64425e+01  1.01592e+00  1.00415e+00  -2.86971e-03  9.98407e-01  1.00702e+00
3.65472e+01  1.01810e+00  1.00476e+00  -1.56908e-03  1.00162e+00  1.00633e+00
3.66519e+01  1.02005e+00  1.00532e+00  -2.59416e-04  1.00480e+00  1.00558e+00
3.67566e+01  1.02175e+00  1.00582e+00  1.04478e-03  1.00791e+00  1.00478e+00
3.68614e+01  1.02318e+00  1.00625e+00  2.32901e-03  1.01091e+00  1.00393e+00
3.69661e+01  1.02434e+00  1.00662e+00  3.57897e-03  1.01377e+00  1.00304e+00
3.70708e+01  1.02520e+00  1.00690e+00  4.78071e-03  1.01647e+00  1.00212e+00
3.71755e+01  1.02576e+00  1.00711e+00  5.92087e-03  1.01895e+00  1.00119e+00
3.72802e+01  1.02601e+00  1.00724e+00  6.98680e-03  1.02122e+00  1.00026e+00
3.73850e+01  1.02596e+00  1.00729e+00  7.96677e-03  1.02322e+00  9.99322e-01
3.74897e+01  1.02560e+00  1.00725e+00  8.85015e-03  1.02495e+00  9.98402e-01
3.75944e+01  1.02496e+00  1.00713e+00  9.62750e-03  1.02639e+00  9.97506e-01
3.76991e+01  1.02403e+00  1.00693e+00  1.02908e-02  1.02752e+00  9.96643e-01
3.78038e+01  1.02283e+00  1.00666e+00  1.08333e-02  1.02832e+00  9.95822e-01
3.79086e+01  1.02139e+00  1.00630e+00  1.12501e-02  1.02880e+00  9.95052e-01
3.80133e+01  1.01972e+00  1.00588e+00  1.15376e-02  1.02895e+00  9.94339e-01
3.81180e+01  1.01784e+00  1.00539e+00  1.16940e-02  1.02877e+00  9.93692e-01
3.82227e+01  1.01578e+00  1.00484e+00  1.17192e-02  1.02827e+00  9.93116e-01
3.83274e+01  1.01357e+00  1.00423e+00  1.16143e-02  1.02746e+00  9.92618e-01
3.84322e+01  1.01123e+00  1.00358e+00  1.13824e-02  1.02635e+00  9.92201e-01
3.85369e+01  1.00880e+00  1.00290e+00  1.10278e-02  1.02495e+00  9.91870e-01
3.86416e+01  1.00631e+00  1.00218e+00  1.05564e-02  1.02330e+00  9.91628e-01
3.87463e+01  1.00377e+00  1.00145e+00  9.97502e-03  1.02140e+00  9.91476e-01
3.88510e+01  1.00124e+00  1.00071e+00  9.29190e-03  1.01929e+00  9.91416e-01
3.89557e+01  9.98717e-01  9.99964e-01  8.51616e-03  1.01700e+00  9.91448e-01
3.90605e+01  9.96248e-01  9.99229e-01  7.65776e-03  1.01454e+00  9.91571e-01
3.91652e+01  9.93854e-01  9.98511e-01  6.72739e-03  1.01197e+00  9.91784e-01
3.92699e+01  9.91561e-01  9.97819e-01  5.73625e-03  1.00929e+00  9.92083e-01
3.93746e+01  9.89391e-01  9.97161e-01  4.69596e-03  1.00655e+00  9.92465e-01
3.94793e+01  9.87367e-01  9.96544e-01  3.61838e-03  1.00378e+00  9.92926e-01
3.95841e+01  9.85507e-01  9.95976e-01  2.51552e-03  1.00101e+00  9.93461e-01
3.96888e+01  9.83829e-01  9.95462e-01  1.39934e-03  9.98261e-01  9.94063e-01
3.97935e+01  9.82347e-01  9.95008e-01  2.81694e-04  9.95571e-01  9.94726e-01
3.98982e+01  9.81075e-01  9.94618e-01  -8.25806e-04  9.92966e-01  9.95444e-01
4.00029e+01  9.80024e-01  9.94295e-01  -1.91189e-03  9.90471e-01  9.96207e-01
4.01077e+01  9.79201e-01  9.94042e-01  -2.96573e-03  9.88111e-01  9.97008e-01
4.02124e+01  9.78612e-01  9.93861e-01  -3.97701e-03  9.85907e-01  9.97838e-01
4.03171e+01  9.78262e-01  9.93752e-01  -4.93599e-03  9.83880e-01  9.98688e-01
4.04218e+01  9.78149e-01  9.93716e-01  -5.83360e-03  9.82048e-01  9.99549e-01
4.05265e+01  9.78275e-01  9.93750e-01  -6.66149e-03  9.80427e-01  1.00041e+00
4.06313e+01  9.78635e-01  9.93855e-01  -7.41208e-03  9.79030e-01  1.00127e+00
4.07360e+01  9.79223e-01  9.94026e-01  -8.07861e-03  9.77869e-01  1.00210e+00
4.08407e+01  9.80032e-01  9.94261e-01  -8.65516e-03  9.76951e-01  1.00292e+00
4.09454e+01  9.81050e-01  9.94557e-01  -9.13673e-03  9.76283e-01  1.00369e+00
4.10501e+01  9.82268e-01  9.94908e-01  -9.51925e-03  9.75869e-01  1.00443e+00
4.11549e+01  9.83669e-01  9.95310e-01  -9.79959e-03  9.75711e-01  1.00511e+00
4.12596e+01  9.85239e-01  9.95758e-01  -9.97561e-03  9.75806e-01  1.00573e+00
4.13643e+01  9.86960e-01  9.96246e-01  -1.00462e-02  9.76153e-01  1.00629e+00
4.14690e+01  9.88812e-01  9.96768e-01  -1.00112e-02  9.76746e-01  1.00678e+00
4.15737e+01  9.90776e-01  9.97320e-01  -9.87143e-03  9.77577e-01  1.00719e+00
4.16785e+01  9.92829e-01  9.97893e-01  -9.62889e-03  9.78635e-01  1.00752e+00
4.17832e+01  9.94949e-01  9.98482e-01  -9.28644e-03  9.79909e-01  1.00777e+00
4.18879e+01  9.97112e-01  9.99081e-01  -8.84798e-03  9.81385e-01  1.00793e+00
4.19926e+01  9.99294e-01  9.99684e-01  -8.31838e-03  9.83047e-01  1.00800e+00
4.20973e+01  1.00147e+00  1.00028e+00  -7.70343e-03  9.84877e-01  1.00799e+00
4.22021e+01  1.00362e+00  1.00087e+00  -7.00981e-03  9.86855e-01  1.00788e+00
4.23068e+01  1.00571e+00  1.00145e+00  -6.24505e-03  9.88961e-01  1.00770e+00
4.24115e+01  1.00773e+00  1.00201e+00  -5.41745e-03  9.91172e-01  1.00742e+00
4.25162e+01  1.00964e+00  1.00254e+00  -4.53598e-03  9.93465e-01  1.00707e+00
4.26209e+01  1.01144e+00  1.00304e+00  -3.61024e-03  9.95815e-01  1.00665e+00
4.27257e+01  1.01309e+00  1.00350e+00  -2.65036e-03  9.98197e-01  1.00615e+00
4.28304e+01  1.01458e+00  1.00392e+00  -1.66685e-03  1.00059e+00  1.00559e+00
4.29351e+01  1.01589e+00  1.00430e+00  -6.70514e-04  1.00296e+00  1.00497e+00
4.30398e+01  1.01701e+00  1.00462e+00  3.27653e-04  1.00528e+00  1.00430e+00
4.31445e+01  1.01793e+00  1.00490e+00  1.31663e-03  1.00753e+00  1.00358e+00
4.32493e+01  1.01863e+00  1.00512e+00  2.28548e-03  1.00969e+00  1.00283e+00
4.33540e+01  1.01911e+00  1.00528e+00  3.22349e-03  1.01173e+00  1.00206e+00
4.34587e+01  1.01937e+00  1.00539e+00  4.12030e-03  1.01363e+00  1.00127e+00
4.35634e+01  1.01941e+00  1.00543e+00  4.96607e-03  1.01536e+00  1.00047e+00
4.36681e+01  1.01922e+00  1.00542e+00  5.75154e-03  1.01692e+00  9.99664e-01
4.37729e+01  1.01881e+00  1.00534e+00  6.46821e-03  1.01828e+00  9.98870e-01
4.38776e+01  1.01819e+00  1.00520e+00  7.10843e-03  1.01942e+00  9.98094e-01
4.39823e+01  1.01736e+00  1.00501e+00  7.66547e-03  1.02034e+00  9.97342e-01
4.40870e+01  1.01635e+00  1.00476e+00  8.13367e-03  1.02102e+00  9.96623e-01
4.41917e+01  1.01516e+00  1.00445e+00  8.50842e-03  1.02147e+00  9.95945e-01
4.42965e+01  1.01381e+00  1.00410e+00  8.78631e-03  1.02167e+00  9.95314e-01
4.44012e+01  1.01231e+00  1.00370e+00  8.96505e-03  1.02163e+00  9.94737e-01
4.45059e+01  1.01069e+00  1.00326e+00  9.04360e-03  1.02135e+00  9.94220e-01
4.46106e+01  1.00897e+00  1.00279e+00  9.02208e-03  1.02083e+00  9.93768e-01
4.47153e+01  1.00717e+00  1.00229e+00  8.90177e-03  1.02009e+00  9.93384e-01
4.48201e+01  1.00530e+00  1.00176e+00  8.68512e-03  1.01913e+00  9.93074e-01
4.49248e+01  1.00340e+00  1.00122e+00  8.37562e-03  1.01797e+00  9.92840e-01
4.50295e+01  1.00148e+00  1.00066e+00  7.97779e-03  1.01662e+00  9.92684e-01
4.51342e+01  9.99569e-01  1.00010e+00  7.49707e-03  1.01510e+00  9.92607e-01
4.52389e+01  9.97682e-01  9.99549e-01  6.93976e-03  1.01343e+00  9.92609e-01
4.53437e+01  9.95842e-01  9.99004e-01  6.31287e-03  1.01163e+00  9.92691e-01
4.54484e+01  9.94069e-01  9.98476e-01  5.62410e-03  1.00972e+00  9.92851e-01
4.55531e+01  9.92381e-01  9.97969e-01  4.88166e-03  1.00773e+00  9.93088e-01
4.56578e+01  9.90796e-01  9.97491e-01  4.09420e-03  1.00568e+00  9.93397e-01
4.57625e+01  9.89329e-01  9.97047e-01  3.27070e-03  1.00359e+00  9.93776e-01
4.58673e+01  9.87995e-01  9.96641e-01  2.42035e-03  1.00148e+00  9.94221e-01
4.59720e+01  9.86806e-01  9.96279e-01  1.55248e-03  9.99384e-01  9.94726e-01
4.60767e+01  9.85773e-01  9.95963e-01  6.76424e-04  9.97316e-01  9.95287e-01
4.61814e+01  9.84907e-01  9.95698e-01  -1.98548e-04  9.95301e-01  9.95896e-01
4.62861e+01  9.84213e-01  9.95484e-01  -1.06333e-03  9.93358e-01  9.96548e-01
4.63909e+01  9.83698e-01  9.95325e-01  -1.90905e-03  9.91507e-01  9.97234e-01
4.64956e+01  9.83366e-01  9.95222e-01  -2.72716e-03  9.89767e-01  9.97949e-01
4.66003e+01  9.83217e-01  9.95173e-01  -3.50952e-03  9.88154e-01  9.98683e-01
4.67050e+01  9.83253e-01  9.95181e-01  -4.24841e-03  9.86684e-01  9.99429e-01
4.68097e+01  9.83472e-01  9.95243e-01  -4.93665e-03  9.85369e-01  1.00018e+00
4.69145e+01  9.83869e-01  9.95357e-01  -5.56764e-03  9.84222e-01  1.00092e+00
4.70192e+01  9.84439e-01  9.95523e-01  -6.13538e-03  9.83252e-01  1.00166e+00
4.71239e+01  9.85176e-01  9.95737e-01  -6.63455e-03  9.82468e-01  1.00237e+00
4.72286e+01  9.86069e-01  9.95996e-01  -7.06054e-03  9.81874e-01  1.00306e+00
4.73333e+01  9.87110e-01  9.96296e-01  -7.40947e-03  9.81477e-01  1.00371e+00
4.74380e+01  9.88285e-01  9.96634e-01  -7.67823e-03  9.81277e-01  1.00431e+00
4.75428e+01  9.89582e-01  9.97005e-01  -7.86453e-03  9.81276e-01  1.00487e+00
4.76475e+01  9.90986e-01  9.97405e-01  -7.96687e-03  9.81471e-01  1.00537e+00
4.77522e+01  9.92481e-01  9.97828e-01  -7.98459e-03  9.81859e-01  1.00581e+00
4.78569e+01  9.94051e-01  9.98271e-01  -7.91789e-03  9.82436e-01  1.00619e+00
4.79616e+01  9.95679e-01  9.98729e-01  -7.76778e-03  9.83193e-01  1.00650e+00
4.80664e+01  9.97345e-01  9.99195e-01  -7.53612e-03  9.84123e-01  1.00673e+00
4.81711e+01  9.99033e-01  9.99665e-01  -7.22560e-03  9.85214e-01  1.00689e+00
4.82758e+01  1.00072e+00  1.00013e+00  -6.83972e-03  9.86455e-01  1.00697e+00
4.83805e+01  1.00239e+00  1.00060e+00  -6.38274e-03  9.87832e-01  1.00698e+00
4.84852e+01  1.00403e+00  1.00105e+00  -5.85970e-03  9.89331e-01  1.00691e+00
4.85900e+01  1.00561e+00  1.00149e+00  -5.27629e-03  9.90936e-01  1.00676e+00
4.86947e+01  1.00712e+00  1.00191e+00  -4.63891e-03  9.92629e-01  1.00655e+00
4.87994e+01  1.00854e+00  1.00230e+00  -3.95450e-03  9.94392e-01  1.00626e+00
4.89041e+01  1.00985e+00  1.00267e+00  -3.23054e-03  9.96206e-01  1.00590e+00
4.90088e+01  1.01105e+00  1.00300e+00  -2.47495e-03  9.98052e-01  1.00548e+00
4.91136e+01  1.01211e+00  1.00330e+00  -1.69602e-03  9.99911e-01  1.00500e+00
4.92183e+01  1.01303e+00  1.00357e+00  -9.02314e-04  1.00176e+00  1.00447e+00
4.93230e+01  1.01379e+00  1.00379e+00  -1.02552e-04  1.00358e+00  1.00389e+00
4.94277e+01  1.01439e+00  1.00397e+00  6.94456e-04  1.00536e+00  1.00327e+00
4.95324e+01  1.01482e+00  1.00410e+00  1.47993e-03  1.00706e+00  1.00262e+00
4.96372e+01  1.01508e+00  1.00419e+00  2.24522e-03  1.00868e+00  1.00195e+00
4.97419e+01  1.01516e+00  1.00424e+00  2.98191e-03  1.01020e+00  1.00126e+00
4.98466e+01  1.01507e+00  1.00423e+00  3.68194e-03  1.01160e+00  1.00055e+00
4.99513e+01  1.01481e+00  1.00418e+00  4.33767e-03  1.01286e+00  9.99846e-01
5.00560e+01  1.01438e+00  1.00409e+00  4.94199e-03  1.01397e+00  9.99146e-01
5.01608e+01  1.01379e+00  1.00395e+00  5.48845e-03  1.01492e+00  9.98458e-01
5.02655e+01  1.01305e+00  1.00376e+00  5.97124e-03  1.01570e+00  9.97790e-01
5.03702e+01  1.01217e+00  1.00354e+00  6.38538e-03  1.01631e+00  9.97150e-01
5.04749e+01  1.01115e+00  1.00327e+00  6.72668e-03  1.01672e+00  9.96543e-01
5.05796e+01  1.01002e+00  1.00297e+00  6.99183e-03  1.01695e+00  9.95977e-01
5.06844e+01  1.00879e+00  1.00264e+00  7.17845e-03  1.01699e+00  9.95457e-01
5.07891e+01  1.00746e+00  1.00227e+00  7.28507e-03  1.01684e+00  9.94988e-01
5.08938e+01  1.00607e+00  1.00189e+00  7.31117e-03  1.01651e+00  9.94576e-01
5.09985e+01  1.00462e+00  1.00148e+00  7.25713e-03  1.01599e+00  9.94223e-01
5.11032e+01  1.00313e+00  1.00106e+00  7.12429e-03  1.01531e+00  9.93935e-01
5.12080e+01  1.00162e+00  1.00063e+00  6.91482e-03  1.01446e+00  9.93713e-01
5.13127e+01  1.00011e+00  1.00019e+00  6.63176e-03  1.01346e+00  9.93560e-01
5.14174e+01  9.98610e-01  9.99756e-01  6.27894e-03  1.01231e+00  9.93477e-01
5.15221e+01  9.97140e-01  9.99326e-01  5.86089e-03  1.01105e+00  9.93465e-01
5.16268e+01  9.95717e-01  9.98906e-01  5.38282e-03  1.00967e+00  9.93523e-01
5.17316e+01  9.94354e-01  9.98501e-01  4.85052e-03  1.00820e+00  9.93650e-01
5.18363e+01  9.93066e-01  9.98116e-01  4.27030e-03  1.00666e+00  9.93846e-01
5.19410e+01  9.91866e-01  9.97756e-01  3.64888e-03  1.00505e+00  9.94107e-01
5.20457e+01  9.90767e-01  9.97425e-01  2.99333e-03  1.00341e+00  9.94431e-01
5.21504e+01  9.89780e-01  9.97126e-01  2.31099e-03  1.00175e+00  9.94815e-01
5.22552e+01  9.88913e-01  9.96862e-01  1.60937e-03  1.00008e+00  9.95253e-01
5.23599e+01  9.88175e-01  9.96637e-01  8.96088e-04  9.98429e-01  9.95741e-01
5.24646e+01  9.87574e-01  9.96452e-01  1.78777e-04  9.96810e-01  9.96273e-01
5.25693e+01  9.87113e-01  9.96310e-01  -5.34986e-04  9.95240e-01  9.96845e-01
5.26740e+01  9.86797e-01  9.96211e-01  -1.23775e-03  9.93736e-01  9.97449e-01
5.27788e+01  9.86628e-01  9.96157e-01  -1.92228e-03  9.92313e-01  9.98079e-01
5.28835e+01  9.86607e-01  9.96147e-01  -2.58157e-03  9.90984e-01  9.98729e-01
5.29882e+01  9.86733e-01  9.96181e-01  -3.20897e-03  9.89763e-01  9.99390e-01
5.30929e+01  9.87004e-01  9.96258e-01  -3.79821e-03  9.88662e-01  1.00006e+00
5.31976e+01  9.87415e-01  9.96377e-01  -4.34344e-03  9.87690e-01  1.00072e+00
5.33024e+01  9.87962e-01  9.96536e-01  -4.83932e-03  9.86857e-01  1.00138e+00
5.34071e+01  9.88638e-01  9.96732e-01  -5.28101e-03  9.86170e-01  1.00201e+00
5.35118e+01  9.89435e-01  9.96962e-01  -5.66426e-03  9.85634e-01  1.00263e+00
5.36165e+01  9.90344e-01  9.97225e-01  -5.98543e-03  9.85254e-01  1.00321e+00
5.37212e+01  9.91354e-01  9.97515e-01  -6.24150e-03  9.85032e-01  1.00376e+00
5.38260e+01  9.92455e-01  9.97831e-01  -6.43013e-03  9.84971e-01  1.00426e+00
5.39307e+01  9.93633e-01  9.98167e-01  -6.54964e-03  9.85068e-01  1.00472e+00
5.40354e+01  9.94876e-01  9.98521e-01  -6.59908e-03  9.85323e-01  1.00512e+00
5.41401e+01  9.96170e-01  9.98887e-01  -6.57819e-03  9.85731e-01  1.00547e+00
5.42448e+01  9.97500e-01  9.99262e-01  -6.48742e-03  9.86287e-01  1.00575e+00
5.43496e+01  9.98851e-01  9.99642e-01  -6.32797e-03  9.86986e-01  1.00597e+00
5.44543e+01  1.00021e+00  1.00002e+00  -6.10170e-03  9.87819e-01  1.00612e+00
5.45590e+01  1.00156e+00  1.00040e+00  -5.81118e-03  9.88776e-01  1.00621e+00
5.46637e+01  1.00288e+00  1.00077e+00  -5.45967e-03  9.89848e-01  1.00623e+00
5.47684e+01  1.00417e+00  1.00113e+00  -5.05104e-03  9.91023e-01  1.00618e+00
5.48732e+01  1.00540e+00  1.00147e+00  -4.58979e-03  9.92288e-01  1.00606e+00
5.49779e+01  1.00657e+00  1.00179e+00  -4.08098e-03  9.93629e-01  1.00587e+00
5.50826e+01  1.00765e+00  1.00209e+00  -3.53017e-03  9.95033e-01  1.00562e+00
5.51873e+01  1.00865e+00  1.00237e+00  -2.94341e-03  9.96484e-01  1.00531e+00
5.52920e+01  1.00954e+00  1.00262e+00  -2.32711e-03  9.97966e-01  1.00495e+00
5.53968e+01  1.01031e+00  1.00284e+00  -1.68805e-03  9.99463e-01  1.00453e+00
5.55015e+01  1.01097e+00  1.00303e+00  -1.03325e-03  1.00096e+00  1.00406e+00
5.56062e+01  1.01149e+00  1.00318e+00  -3.69886e-04  1.00244e+00  1.00355e+00
5.57109e+01  1.01189e+00  1.00330e+00  2.94733e-04  1.00389e+00  1.00300e+00
5.58156e+01  1.01214e+00  1.00338e+00  9.53302e-04  1.00529e+00  1.00243e+00
5.59203e+01  1.01226e+00  1.00342e+00  1.59858e-03  1.00662e+00  1.00182e+00
5.60251e+01  1.01223e+00  1.00343e+00  2.22350e-03  1.00788e+00  1.00121e+00
5.61298e+01  1.01207e+00  1.00340e+00  2.82122e-03  1.00904e+00  1.00058e+00
5.62345e+01  1.01177e+00  1.00333e+00  3.38521e-03  1.01010e+00  9.99943e-01
5.63392e+01  1.01133e+00  1.00322e+00  3.90938e-03  1.01104e+00  9.99314e-01
5.64439e+01  1.01078e+00  1.00308e+00  4.38807e-03  1.01186e+00  9.98695e-01
5.65487e+01  1.01010e+00  1.00291e+00  4.81620e-03  1.01254e+00  9.98092e-01
5.66534e+01  1.00931e+00  1.00270e+00  5.18928e-03  1.01308e+00  9.97513e-01
5.67581e+01  1.00843e+00  1.00247e+00  5.50346e-03  1.01347e+00  9.96963e-01
5.68628e+01  1.00746e+00  1.00220e+00  5.75560e-03  1.01372e+00  9.96448e-01
5.69675e+01  1.00641e+00  1.00192e+00  5.94330e-03  1.01380e+00  9.95974e-01
5.70723e+01  1.00529e+00  1.00161e+00  6.06489e-03  1.01374e+00  9.95546e-01
5.71770e+01  1.00413e+00  1.00129e+00  6.11948e-03  1.01353e+00  9.95167e-01
5.72817e+01  1.00293e+00  1.00095e+00  6.10694e-03  1.01316e+00  9.94842e-01
5.73864e+01  1.00170e+00  1.00060e+00  6.02791e-03  1.01266e+00  9.94574e-01
5.74911e+01  1.00047e+00  1.00025e+00  5.88376e-03  1.01202e+00  9.94366e-01
5.75959e+01  9.99240e-01  9.99896e-01  5.67658e-03  1.01125e+00  9.94220e-01
5.77006e+01  9.98030e-01  9.99545e-01  5.40915e-03  1.01036e+00  9.94136e-01
5.78053e+01  9.96852e-01  9.99201e-01  5.08487e-03  1.00937e+00  9.94116e-01
5.79100e+01  9.95718e-01  9.98867e-01  4.70774e-03  1.00828e+00  9.94160e-01
5.80147e+01  9.94641e-01  9.98549e-01  4.28228e-03  1.00711e+00  9.94266e-01
5.81195e+01  9.93632e-01  9.98248e-01  3.81351e-03  1.00588e+00  9.94435e-01
5.82242e+01  9.92701e-01  9.97970e-01  3.30682e-03  1.00458e+00  9.94663e-01
5.83289e+01  9.91858e-01  9.97716e-01  2.76798e-03  1.00325e+00  9.94948e-01
5.84336e+01  9.91111e-01  9.97490e-01  2.20302e-03  1.00190e+00  9.95287e-01
5.85383e+01  9.90467e-01  9.97295e-01  1.61818e-03  1.00053e+00  9.95677e-01
5.86431e+01  9.89933e-01  9.97132e-01  1.01984e-03  9.99172e-01  9.96112e-01
5.87478e+01  9.89513e-01  9.97003e-01  4.14454e-04  9.97832e-01  9.96588e-01
5.88525e+01  9.89212e-01  9.96909e-01  -1.91525e-04  9.96526e-01  9.97101e-01
5.89572e+01  9.89031e-01  9.96851e-01  -7.91695e-04  9.95268e-01  9.97643e-01
5.90619e+01  9.88973e-01  9.96830e-01  -1.37978e-03  9.94071e-01  9.98210e-01
5.91667e+01  9.89035e-01  9.96846e-01  -1.94967e-03  9.92946e-01  9.98795e-01
5.92714e+01  9.89218e-01  9.96897e-01  -2.49552e-03  9.91906e-01  9.99392e-01
5.93761e+01  9.89519e-01  9.96983e-01  -3.01176e-03  9.90959e-01  9.99994e-01
5.94808e+01  9.89933e-01  9.97102e-01  -3.49316e-03  9.90116e-01  1.00060e+00
5.95855e+01  9.90456e-01  9.97254e-01  -3.93487e-03  9.89384e-01  1.00119e+00
5.96903e+01  9.91082e-01  9.97435e-01  -4.33249e-03  9.88770e-01  1.00177e+00
5.97950e+01  9.91803e-01  9.97643e-01  -4.68208e-03  9.88279e-01  1.00233e+00
5.98997e+01  9.92611e-01  9.97877e-01  -4.98021e-03  9.87916e-01  1.00286e+00
6.00044e+01  9.93497e-01  9.98132e-01  -5.22399e-03  9.87684e-01  1.00336e+00
6.01091e+01  9.94451e-01  9.98406e-01  -5.41107e-03  9.87583e-01  1.00382e+00
6.02139e+01  9.95462e-01  9.98695e-01  -5.53971e-03  9.87615e-01  1.00423e+00
6.03186e+01  9.96519e-01  9.98996e-01  -5.60876e-03  9.87778e-01  1.00460e+00
6.04233e+01  9.97610e-01  9.99306e-01  -5.61769e-03  9.88070e-01  1.00492e+00
6.05280e+01  9.98724e-01  9.99621e-01  -5.56658e-03  9.88488e-01  1.00519e+00
6.06327e+01  9.99846e-01  9.99937e-01  -5.45614e-03  9.89025e-01  1.00539e+00
6.07375e+01  1.00097e+00  1.00025e+00  -5.28770e-03  9.89676e-01  1.00554e+00
6.08422e+01  1.00207e+00  1.00056e+00  -5.06317e-03  9.90435e-01  1.00562e+00
6.09469e+01  1.00315e+00  1.00086e+00  -4.78510e-03  9.91291e-01  1.00565e+00
6.10516e+01  1.00418e+00  1.00115e+00  -4.45655e-03  9.92237e-01  1.00561e+00
6.11563e+01  1.00517e+00  1.00142e+00  -4.08115e-03  9.93262e-01  1.00551e+00
6.12611e+01  1.00609e+00  1.00168e+00  -3.66304e-03  9.94355e-01  1.00534e+00
6.13658e+01  1.00694e+00  1.00192e+00  -3.20680e-03  9.95504e-01  1.00512e+00
6.14705e+01  1.00770e+00  1.00213e+00  -2.71743e-03  9.96696e-01  1.00485e+00
6.15752e+01  1.00838e+00  1.00232e+00  -2.20032e-03  9.97920e-01  1.00452e+00
6.16799e+01  1.00896e+00  1.00248e+00  -1.66112e-03  9.99161e-01  1.00414e+00
6.17847e+01  1.00943e+00  1.00262e+00  -1.10576e-03  1.00041e+00  1.00372e+00
6.18894e+01  1.00979e+00  1.00272e+00  -5.40354e-04  1.00164e+00  1.00326e+00
6.19941e+01  1.01004e+00  1.00280e+00  2.89004e-05  1.00286e+00  1.00277e+00
6.20988e+01  1.01018e+00  1.00284e+00  5.95745e-04  1.00403e+00  1.00225e+00
6.22035e+01  1.01020e+00  1.00286e+00  1.15396e-03  1.00516e+00  1.00170e+00
6.23083e+01  1.01010e+00  1.00284e+00  1.69742e-03  1.00623e+00  1.00114e+00
6.24130e+01  1.00989e+00  1.00279e+00  2.22018e-03  1.00723e+00  1.00057e+00
6.25177e+01  1.00957e+00  1.00271e+00  2.71655e-03  1.00814e+00  9.99992e-01
6.26224e+01  1.00914e+00  1.00260e+00  3.18114e-03  1.00896e+00  9.99418e-01
6.27271e+01  1.00861e+00  1.00246e+00  3.60893e-03  1.00968e+00  9.98853e-01
6.28319e+01  1.00798e+00  1.00230e+00  3.99535e-03  1.01029e+00  9.98302e-01
6.29366e+01  1.00727e+00  1.00211e+00  4.33630e-03  1.01078e+00  9.97772e-01
6.30413e+01  1.00649e+00  1.00190e+00  4.62823e-03  1.01115e+00  9.97267e-01
6.31460e+01  1.00563e+00  1.00166e+00  4.86815e-03  1.01140e+00  9.96795e-01
6.32507e+01  1.00472e+00  1.00141e+00  5.05369e-03  1.01152e+00  9.96358e-01
6.33555e+01  1.00376e+00  1.00115e+00  5.18310e-03  1.01151e+00  9.95963e-01
6.34602e+01  1.00277e+00  1.00087e+00  5.25527e-03  1.01138e+00  9.95613e-01
6.35649e+01  1.00175e+00  1.00058e+00  5.26976e-03  1.01112e+00  9.95312e-01
6.36696e+01  1.00072e+00  1.00029e+00  5.22675e-03  1.01074e+00  9.95063e-01
6.37743e+01  9.99686e-01  9.99995e-01  5.12709e-03  1.01025e+00  9.94868e-01
6.38791e+01  9.98665e-01  9.99701e-01  4.97224e-03  1.00965e+00  9.94729e-01
6.39838e+01  9.97666e-01  9.99412e-01  4.76426e-03  1.00894e+00  9.94647e-01
6.40885e+01  9.96700e-01  9.99130e-01  4.50579e-03  1.00814e+00  9.94624e-01
6.41932e+01  9.95778e-01  9.98859e-01  4.19997e-03  1.00726e+00  9.94659e-01
6.42979e+01  9.94908e-01  9.98603e-01  3.85045e-03  1.00630e+00  9.94752e-01
6.44026e+01  9.94101e-01  9.98363e-01  3.46133e-03  1.00529e+00  9.94902e-01
6.45074e+01  9.93365e-01  9.98144e-01  3.03707e-03  1.00422e+00  9.95106e-01
6.46121e+01  9.92707e-01  9.97946e-01  2.58248e-03  1.00311e+00  9.95364e-01
6.47168e+01  9.92134e-01  9.97773e-01  2.10266e-03  1.00198e+00  9.95670e-01
6.48215e+01  9.91651e-01  9.97626e-01  1.60291e-03  1.00083e+00  9.96024e-01
6.49262e+01  9.91263e-01  9.97508e-01  1.08870e-03  9.99685e-01  9.96419e-01
6.50310e+01  9.90974e-01  9.97418e-01  5.65611e-04  9.98550e-01  9.96853e-01
6.51357e+01  9.90786e-01  9.97359e-01  3.92538e-05  9.97438e-01  9.97320e-01
6.52404e+01  9.90701e-01  9.97330e-01  -4.84763e-04  9.96361e-01  9.97815e-01
6.53451e+01  9.90719e-01  9.97332e-01  -1.00090e-03  9.95330e-01  9.98333e-01
6.54498e+01  9.90839e-01  9.97365e-01  -1.50375e-03  9.94357e-01  9.98868e-01
6.55546e+01  9.91059e-01  9.97427e-01  -1.98807e-03  9.93451e-01  9.99415e-01
6.56593e+01  9.91377e-01  9.97518e-01  -2.44886e-03  9.92621e-01  9.99967e-01
6.57640e+01  9.91789e-01  9.97637e-01  -2.88136e-03  9.91874e-01  1.00052e+00
6.58687e+01  9.92290e-01  9.97782e-01  -3.28115e-03  9.91220e-01  1.00106e+00
6.59734e+01  9.92874e-01  9.97951e-01  -3.64418e-03  9.90662e-01  1.00159e+00
6.60782e+01  9.93534e-01  9.98142e-01  -3.96678e-03  9.90208e-01  1.00211e+00
6.61829e+01  9.94263e-01  9.98352e-01  -4.24569e-03  9.89861e-01  1.00260e+00
6.62876e+01  9.95052e-01  9.98580e-01  -4.47816e-03  9.89623e-01  1.00306e+00
6.63923e+01  9.95894e-01  9.98821e-01  -4.66188e-03  9.89497e-01  1.00348e+00
6.64970e+01  9.96777e-01  9.99074e-01  -4.79507e-03  9.89484e-01  1.00387e+00
6.66018e+01  9.97694e-01  9.99336e-01  -4.87648e-03  9.89583e-01  1.00421e+00
6.67065e+01  9.98632e-01  9.99603e-01  -4.90538e-03  9.89792e-01  1.00451e+00
6.68112e+01  9.99582e-01  9.99872e-01  -4.88162e-03  9.90109e-01  1.00475e+00
6.69159e+01  1.00053e+00  1.00014e+00  -4.80556e-03  9.90530e-01  1.00495e+00
6.70206e+01  1.00148e+00  1.00041e+00  -4.67813e-03  9.91050e-01  1.00508e+00
6.71254e+01  1.00240e+00  1.00066e+00  -4.50081e-03  9.91663e-01  1.00517e+00
6.72301e+01  1.00329e+00  1.00091e+00  -4.27560e-03  9.92363e-01  1.00519e+00
6.73348e+01  1.00414e+00  1.00115e+00  -4.00499e-03  9.93142e-01  1.00516e+00
6.74395e+01  1.00494e+00  1.00137e+00  -3.69198e-03  9.93991e-01  1.00507e+00
6.75442e+01  1.00568e+00  1.00158e+00  -3.34002e-03  9.94902e-01  1.00492e+00
6.76490e+01  1.00636e+00  1.00177e+00  -2.95297e-03  9.95864e-01  1.00472e+00
6.77537e+01  1.00696e+00  1.00194e+00  -2.53510e-03  9.96867e-01  1.00447e+00
6.78584e+01  1.00748e+00  1.00208e+00  -2.09098e-03  9.97900e-01  1.00417e+00
6.79631e+01  1.00791e+00  1.00220e+00  -1.62549e-03  9.98953e-01  1.00383e+00
6.80678e+01  1.00825e+00  1.00230e+00  -1.14374e-03  1.00001e+00  1.00344e+00
6.81726e+01  1.00849e+00  1.00237e+00  -6.51036e-04  1.00107e+00  1.00302e+00
6.82773e+01  1.00864e+00  1.00242e+00  -1.52773e-04  1.00211e+00  1.00257e+00
6.83820e+01  1.00869e+00  1.00244e+00  3.45572e-04  1.00313e+00  1.00209e+00
6.84867e+01  1.00864e+00  1.00243e+00  8.38530e-04  1.00410e+00  1.00159e+00
6.85914e+01  1.00850e+00  1.00239e+00  1.32070e-03  1.00503e+00  1.00107e+00
6.86962e+01  1.00825e+00  1.00233e+00  1.78681e-03  1.00590e+00  1.00054e+00
6.88009e+01  1.00792e+00  1.00224e+00  2.23176e-03  1.00671e+00  1.00001e+00
6.89056e+01  1.00750e+00  1.00213e+00  2.65073e-03  1.00743e+00  9.99482e-01
6.90103e+01  1.00699e+00  1.00200e+00  3.03919e-03  1.00808e+00  9.98960e-01
6.91150e+01  1.00641e+00  1.00184e+00  3.39295e-03  1.00863e+00  9.98451e-01
6.92198e+01  1.00576e+00  1.00167e+00  3.70824e-03  1.00908e+00  9.97960e-01
6.93245e+01  1.00505e+00  1.00147e+00  3.98175e-03  1.00944e+00  9.97493e-01
6.94292e+01  1.00429e+00  1.00127e+00  4.21063e-03  1.00969e+00  9.97054e-01
6.95339e+01  1.00348e+00  1.00104e+00  4.39256e-03  1.00983e+00  9.96650e-01
6.96386e+01  1.00264e+00  1.00081e+00  4.52576e-03  1.00986e+00  9.96282e-01
6.97434e+01  1.00178e+00  1.00057e+00  4.60900e-03  1.00978e+00  9.95957e-01
6.98481e+01  1.00090e+00  1.00032e+00  4.64162e-03  1.00960e+00  9.95676e-01
6.99528e+01  1.00001e+00  1.00007e+00  4.62352e-03  1.00931e+00  9.95443e-01
7.00575e+01  9.99133e-01  9.99815e-01  4.55518e-03  1.00893e+00  9.95260e-01
7.01622e+01  9.98269e-01  9.99567e-01  4.43763e-03  1.00844e+00  9.95129e-01
7.02670e+01  9.97429e-01  9.99324e-01  4.27242e-03  1.00787e+00  9.95052e-01
7.03717e+01  9.96623e-01  9.99089e-01  4.06163e-03  1.00721e+00  9.95028e-01
7.04764e+01  9.95860e-01  9.98866e-01  3.80782e-03  1.00648e+00  9.95058e-01
7.05811e+01  9.95146e-01  9.98656e-01  3.51399e-03  1.00568e+00  9.95142e-01
7.06858e+01  9.94491e-01  9.98462e-01  3.18356e-03  1.00483e+00  9.95278e-01
7.07906e+01  9.93901e-01  9.98286e-01  2.82033e-03  1.00393e+00  9.95466e-01
7.08953e+01  9.93382e-01  9.98130e-01  2.42839e-03  1.00299e+00  9.95702e-01
7.10000e+01  9.92938e-01  9.97997e-01  2.01213e-03  1.00202e+00  9.95985e-01
7.11047e+01  9.92575e-01  9.97886e-01  1.57616e-03  1.00104e+00  9.96310e-01
7.12094e+01  9.92296e-01  9.97801e-01  1.12527e-03  1.00005e+00  9.96676e-01
7.13142e+01  9.92104e-01  9.97741e-01  6.64358e-04  9.99069e-01  9.97076e-01
7.14189e+01  9.92000e-01  9.97707e-01  1.98397e-04  9.98103e-01  9.97508e-01
7.15236e+01  9.91985e-01  9.97699e-01  -2.67616e-04  9.97164e-01  9.97967e-01
7.16283e+01  9.92058e-01  9.97718e-01  -7.28722e-04  9.96260e-01  9.98446e-01
7.17330e+01  9.92219e-01  9.97762e-01  -1.18004e-03  9.95402e-01  9.98942e-01
7.18378e+01  9.92465e-01  9.97832e-01  -1.61683e-03  9.94599e-01  9.99449e-01
7.19425e+01  9.92794e-01  9.97927e-01  -2.03452e-03  9.93858e-01  9.99961e-01
7.20472e+01  9.93200e-01  9.98044e-01  -2.42877e-03  9.93186e-01  1.00047e+00
7.21519e+01  9.93681e-01  9.98183e-01  -2.79548e-03  9.92592e-01  1.00098e+00
7.22566e+01  9.94230e-01  9.98342e-01  -3.13088e-03  9.92080e-01  1.00147e+00
7.23614e+01  9.94840e-01  9.98518e-01  -3.43153e-03  9.91655e-01  1.00195e+00
7.24661e+01  9.95506e-01  9.98710e-01  -3.69437e-03  9.91322e-01  1.00240e+00
7.25708e+01  9.96220e-01  9.98916e-01  -3.91671e-03  9.91082e-01  1.00283e+00
7.26755e+01  9.96973e-01  9.99132e-01  -4.09633e-03  9.90940e-01  1.00323e+00
7.27802e+01  9.97757e-01  9.99357e-01  -4.23144e-03  9.90894e-01  1.00359e+00
7.28849e+01  9.98563e-01  9.99587e-01  -4.32071e-03  9.90946e-01  1.00391e+00
7.29897e+01  9.99383e-01  9.99821e-01  -4.36331e-03  9.91094e-01  1.00418e+00
7.30944e+01  1.00021e+00  1.00005e+00  -4.35888e-03  9.91337e-01  1.00441e+00
7.31991e+01  1.00103e+00  1.00029e+00  -4.30758e-03  9.91671e-01  1.00459e+00
7.33038e+01  1.00183e+00  1.00051e+00  -4.21004e-03  9.92093e-01  1.00472e+00
7.34085e+01  1.00261e+00  1.00073e+00  -4.06739e-03  9.92598e-01  1.00480e+00
7.35133e+01  1.00336e+00  1.00094e+00  -3.88124e-03  9.93181e-01  1.00482e+00
7.36180e+01  1.00407e+00  1.00114e+00  -3.65367e-03  9.93834e-01  1.00480e+00
7.37227e+01  1.00473e+00  1.00133e+00  -3.38720e-03  9.94552e-01  1.00471e+00
7.38274e+01  1.00534e+00  1.00149e+00  -3.08476e-03  9.95325e-01  1.00458e+00
7.39321e+01  1.00588e+00  1.00165e+00  -2.74968e-03  9.96146e-01  1.00440e+00
7.40369e+01  1.00635e+00  1.00178e+00  -2.38565e-03  9.97007e-01  1.00416e+00
7.41416e+01  1.00676e+00  1.00189e+00  -1.99666e-03  9.97897e-01  1.00389e+00
7.42463e+01  1.00708e+00  1.00198e+00  -1.58699e-03  9.98806e-01  1.00357e+00
7.43510e+01  1.00732e+00  1.00205e+00  -1.16113e-03  9.99727e-01  1.00321e+00
7.44557e+01  1.00748e+00  1.00209e+00  -7.23756e-04  1.00065e+00  1.00282e+00
7.45605e+01  1.00755e+00  1.00212e+00  -2.79678e-04  1.00156e+00  1.00240e+00
7.46652e+01  1.00754e+00  1.00212e+00  1.66231e-04  1.00245e+00  1.00195e+00
7.47699e+01  1.00744e+00  1.00209e+00  6.09079e-04  1.00331e+00  1.00148e+00
7.48746e+01  1.00726e+00  1.00204e+00  1.04401e-03  1.00413e+00  1.00100e+00
7.49793e+01  1.00699e+00  1.00198e+00  1.46627e-03  1.00491e+00  1.00051e+00
7.50841e+01  1.00665e+00  1.00189e+00  1.87125e-03  1.00563e+00  1.00001e+00
7.51888e+01  1.00624e+00  1.00177e+00  2.25453e-03  1.00628e+00  9.99520e-01
7.52935e+01  1.00576e+00  1.00164e+00  2.61197e-03  1.00687e+00  9.99032e-01
7.53982e+01  1.00521e+00  1.00150e+00  2.93970e-03  1.00738e+00  9.98557e-01
7.55029e+01  1.00461e+00  1.00133e+00  3.23421e-03  1.00780e+00  9.98098e-01
7.56077e+01  1.00396e+00  1.00115e+00  3.49237e-03  1.00814e+00  9.97662e-01
7.57124e+01  1.00327e+00  1.00096e+00  3.71149e-03  1.00839e+00  9.97252e-01
7.58171e+01  1.00255e+00  1.00076e+00  3.88928e-03  1.00854e+00  9.96873e-01
7.59218e+01  1.00180e+00  1.00055e+00  4.02397e-03  1.00860e+00  9.96530e-01
7.60265e+01  1.00103e+00  1.00034e+00  4.11426e-03  1.00857e+00  9.96225e-01
7.61313e+01  1.00026e+00  1.00012e+00  4.15934e-03  1.00844e+00  9.95962e-01
7.62360e+01  9.99490e-01  9.99902e-01  4.15892e-03  1.00822e+00  9.95743e-01
7.63407e+01  9.98729e-01  9.99685e-01  4.11322e-03  1.00791e+00  9.95572e-01
7.64454e+01  9.97986e-01  9.99471e-01  4.02295e-03  1.00752e+00  9.95448e-01
7.65501e+01  9.97270e-01  9.99264e-01  3.88931e-03  1.00704e+00  9.95375e-01
7.66549e+01  9.96587e-01  9.99066e-01  3.71397e-03  1.00649e+00  9.95352e-01
7.67596e+01  9.95947e-01  9.98879e-01  3.49904e-03  1.00588e+00  9.95380e-01
7.68643e+01  9.95354e-01  9.98705e-01  3.24706e-03  1.00520e+00  9.95458e-01
7.69690e+01  9.94817e-01  9.98546e-01  2.96094e-03  1.00447e+00  9.95585e-01
7.70737e+01  9.94339e-01  9.98404e-01  2.64395e-03  1.00369e+00  9.95760e-01
7.71785e+01  9.93926e-01  9.98280e-01  2.29967e-03  1.00288e+00  9.95981e-01
7.72832e+01  9.93583e-01  9.98177e-01  1.93194e-03  1.00204e+00  9.96245e-01
7.73879e+01  9.93312e-01  9.98094e-01  1.54484e-03  1.00118e+00  9.96550e-01
7.74926e+01  9.93117e-01  9.98034e-01  1.14262e-03  1.00032e+00  9.96891e-01
7.75973e+01  9.92998e-01  9.97996e-01  7.29673e-04  9.99455e-01  9.97266e-01
7.77021e+01  9.92958e-01  9.97981e-01  3.10462e-04  9.98602e-01  9.97671e-01
7.78068e+01  9.92996e-01  9.97990e-01  -1.10495e-04  9.97769e-01  9.98100e-01
7.79115e+01  9.93111e-01  9.98021e-01  -5.28693e-04  9.96963e-01  9.98550e-01
7.80162e+01  9.93301e-01  9.98075e-01  -9.39680e-04  9.96195e-01  9.99014e-01
7.81209e+01  9.93566e-01  9.98150e-01  -1.33910e-03  9.95472e-01  9.99489e-01
7.82257e+01  9.93900e-01  9.98246e-01  -1.72275e-03  9.94801e-01  9.99969e-01
7.83304e+01  9.94302e-01  9.98362e-01  -2.08658e-03  9.94189e-01  1.00045e+00
7.84351e+01  9.94765e-01  9.98496e-01  -2.42681e-03  9.93642e-01  1.00092e+00
7.85398e+01  9.95284e-01  9.98646e-01  -2.73988e-03  9.93166e-01  1.00139e+00
7.86445e+01  9.95854e-01  9.98811e-01  -3.02255e-03  9.92766e-01  1.00183e+00
7.87493e+01  9.96469e-01  9.98988e-01  -3.27188e-03  9.92444e-01  1.00226e+00
7.88540e+01  9.97121e-01  9.99176e-01  -3.48533e-03  9.92205e-01  1.00266e+00
7.89587e+01  9.97803e-01  9.99372e-01  -3.66070e-03  9.92051e-01  1.00303e+00
7.90634e+01  9.98508e-01  9.99574e-01  -3.79621e-03  9.91982e-01  1.00337e+00
7.91681e+01  9.99227e-01  9.99780e-01  -3.89051e-03  9.91999e-01  1.00367e+00
7.92729e+01  9.99953e-01  9.99986e-01  -3.94267e-03  9.92101e-01  1.00393e+00
7.93776e+01  1.00068e+00  1.00019e+00  -3.95222e-03  9.92288e-01  1.00414e+00
7.94823e+01  1.00139e+00  1.00039e+00  -3.91913e-03  9.92556e-01  1.00431e+00
7.95870e+01  1.00209e+00  1.00059e+00  -3.84383e-03  9.92904e-01  1.00444e+00
7.96917e+01  1.00276e+00  1.00078e+00  -3.72719e-03  9.93326e-01  1.00451e+00
7.97965e+01  1.00340e+00  1.00096e+00  -3.57054e-03  9.93818e-01  1.00453e+00
7.99012e+01  1.00400e+00  1.00113e+00  -3.37561e-03  9.94376e-01  1.00450e+00
8.00059e+01  1.00455e+00  1.00128e+00  -3.14457e-03  9.94992e-01  1.00443e+00
8.01106e+01  1.00505e+00  1.00142e+00  -2.87997e-03  9.95660e-01  1.00430e+00
8.02153e+01  1.00549e+00  1.00154e+00  -2.58471e-03  9.96372e-01  1.00413e+00
8.03201e+01  1.00586e+00  1.00165e+00  -2.26205e-03  9.97122e-01  1.00391e+00
8.04248e+01  1.00617e+00  1.00173e+00  -1.91552e-03  9.97901e-01  1.00365e+00
8.05295e+01  1.00641e+00  1.00180e+00  -1.54894e-03  9.98701e-01  1.00335e+00
8.06342e+01  1.00658e+00  1.00185e+00  -1.16633e-03  9.99513e-01  1.00301e+00
8.07389e+01  1.00667e+00  1.00187e+00  -7.71884e-04  1.00033e+00  1.00264e+00
8.08437e+01  1.00668e+00  1.00188e+00  -3.69942e-04  1.00114e+00  1.00225e+00
8.09484e+01  1.00662e+00  1.00186e+00  3.50871e-05  1.00193e+00  1.00183e+00
8.10531e+01  1.00648e+00  1.00183e+00  4.38759e-04  1.00270e+00  1.00139e+00
8.11578e+01  1.00628e+00  1.00177e+00  8.36648e-04  1.00344e+00  1.00093e+00
8.12625e+01  1.00600e+00  1.00169e+00  1.22440e-03  1.00414e+00  1.00047e+00
8.13672e+01  1.00565e+00  1.00160e+00  1.59778e-03  1.00480e+00  1.00000e+00
8.14720e+01  1.00525e+00  1.00149e+00  1.95271e-03  1.00540e+00  9.99538e-01
8.15767e+01  1.00478e+00  1.00136e+00  2.28534e-03  1.00594e+00  9.99079e-01
8.16814e+01  1.00427e+00  1.00122e+00  2.59207e-03  1.00641e+00  9.98631e-01
8.17861e+01  1.00371e+00  1.00107e+00  2.86960e-03  1.00681e+00  9.98199e-01
8.18908e+01  1.00310e+00  1.00090e+00  3.11496e-03  1.00713e+00  9.97788e-01
8.19956e+01  1.00247e+00  1.00073e+00  3.32555e-03  1.00738e+00  9.97402e-01
8.21003e+01  1.00181e+00  1.00054e+00  3.49918e-03  1.00754e+00  9.97046e-01
8.22050e+01  1.00114e+00  1.00036e+00  3.63407e-03  1.00762e+00  9.96722e-01
8.23097e+01  1.00046e+00  1.00016e+00  3.72886e-03  1.00762e+00  9.96435e-01
8.24144e+01  9.99769e-01  9.99970e-01  3.78268e-03  1.00754e+00  9.96187e-01
8.25192e+01  9.99089e-01  9.99777e-01  3.79509e-03  1.00737e+00  9.95982e-01
8.26239e+01  9.98422e-01  9.99586e-01  3.76611e-03  1.00712e+00  9.95820e-01
8.27286e+01  9.97776e-01  9.99401e-01  3.69622e-03  1.00679e+00  9.95705e-01
8.28333e+01  9.97157e-01  9.99222e-01  3.58637e-03  1.00640e+00  9.95636e-01
8.29380e+01  9.96573e-01  9.99053e-01  3.43791e-03  1.00593e+00  9.95615e-01
8.30428e+01  9.96030e-01  9.98894e-01  3.25263e-03  1.00540e+00  9.95642e-01
8.31475e+01  9.95533e-01  9.98749e-01  3.03269e-03  1.00481e+00  9.95716e-01
8.32522e+01  9.95088e-01  9.98617e-01  2.78063e-03  1.00418e+00  9.95837e-01
8.33569e+01  9.94700e-01  9.98502e-01  2.49932e-03  1.00350e+00  9.96003e-01
8.34616e+01  9.94372e-01  9.98404e-01  2.19192e-03  1.00279e+00  9.96212e-01
8.35664e+01  9.94107e-01  9.98324e-01  1.86188e-03  1.00205e+00  9.96462e-01
8.36711e+01  9.93909e-01  9.98263e-01  1.51284e-03  1.00129e+00  9.96751e-01
8.37758e+01  9.93779e-01  9.98223e-01  1.14863e-03  1.00052e+00  9.97074e-01
8.38805e+01  9.93719e-01  9.98202e-01  7.73253e-04  9.99749e-01  9.97429e-01
8.39852e+01  9.93729e-01  9.98203e-01  3.90769e-04  9.98984e-01  9.97812e-01
8.40900e+01  9.93808e-01  9.98223e-01  5.31290e-06  9.98234e-01  9.98218e-01
8.41947e+01  9.93955e-01  9.98264e-01  -3.78972e-04  9.97506e-01  9.98643e-01
8.42994e+01  9.94169e-01  9.98325e-01  -7.57973e-04  9.96809e-01  9.99083e-01
8.44041e+01  9.94447e-01  9.98404e-01  -1.12765e-03  9.96149e-01  9.99532e-01
8.45088e+01  9.94785e-01  9.98502e-01  -1.48409e-03  9.95534e-01  9.99986e-01
8.46136e+01  9.95181e-01  9.98616e-01  -1.82350e-03  9.94969e-01  1.00044e+00
8.47183e+01  9.95629e-01  9.98745e-01  -2.14233e-03  9.94461e-01  1.00089e+00
8.48230e+01  9.96124e-01  9.98888e-01  -2.43722e-03  9.94014e-01  1.00133e+00
8.49277e+01  9.96661e-01  9.99043e-01  -2.70507e-03  9.93633e-01  1.00175e+00
8.50324e+01  9.97234e-01  9.99209e-01  -2.94310e-03  9.93322e-01  1.00215e+00
8.51372e+01  9.97836e-01  9.99382e-01  -3.14882e-03  9.93084e-01  1.00253e+00
8.52419e+01  9.98461e-01  9.99562e-01  -3.32011e-03  9.92921e-01  1.00288e+00
8.53466e+01  9.99101e-01  9.99745e-01  -3.45520e-03  9.92835e-01  1.00320e+00
8.54513e+01  9.99750e-01  9.99931e-01  -3.55272e-03  9.92825e-01  1.00348e+00
8.55560e+01  1.00040e+00  1.00012e+00  -3.61168e-03  9.92893e-01  1.00373e+00
8.56608e+01  1.00104e+00  1.00030e+00  -3.63151e-03  9.93036e-01  1.00393e+00
8.57655e+01  1.00167e+00  1.00048e+00  -3.61207e-03  9.93254e-01  1.00409e+00
8.58702e+01  1.00228e+00  1.00065e+00  -3.55361e-03  9.93543e-01  1.00420e+00
8.59749e+01  1.00287e+00  1.00081e+00  -3.45682e-03  9.93901e-01  1.00427e+00
8.60796e+01  1.00342e+00  1.00097e+00  -3.32280e-03  9.94323e-01  1.00429e+00
8.61844e+01  1.00393e+00  1.00111e+00  -3.15303e-03  9.94805e-01  1.00426e+00
8.62891e+01  1.00439e+00  1.00124e+00  -2.94939e-03  9.95342e-01  1.00419e+00
8.63938e+01  1.00480e+00  1.00136e+00  -2.71414e-03  9.95927e-01  1.00407e+00
8.64985e+01  1.00516e+00  1.00145e+00  -2.44986e-03  9.96555e-01  1.00390e+00
8.66032e+01  1.00546e+00  1.00154e+00  -2.15945e-03  9.97218e-01  1.00370e+00
8.67080e+01  1.00570e+00  1.00160e+00  -1.84611e-03  9.97910e-01  1.00345e+00
8.68127e+01  1.00587e+00  1.00165e+00  -1.51327e-03  9.98623e-01  1.00316e+00
8.69174e+01  1.00597e+00  1.00168e+00  -1.16459e-03  9.99349e-01  1.00284e+00
8.70221e+01  1.00601e+00  1.00169e+00  -8.03895e-04  1.00008e+00  1.00249e+00
8.71268e+01  1.00598e+00  1.00168e+00  -4.35152e-04  1.00081e+00  1.00212e+00
8.72316e+01  1.00588e+00  1.00165e+00  -6.24043e-05  1.00153e+00  1.00172e+00
8.73363e+01  1.00571e+00  1.00161e+00  3.10258e-04  1.00223e+00  1.00130e+00
8.74410e+01  1.00548e+00  1.00155e+00  6.78750e-04  1.00290e+00  1.00087e+00
8.75457e+01  1.00520e+00  1.00147e+00  1.03903e-03  1.00355e+00  1.00043e+00
8.76504e+01  1.00485e+00  1.00137e+00  1.38717e-03  1.00415e+00  9.99985e-01
8.77552e+01  1.00445e+00  1.00126e+00  1.71936e-03  1.00470e+00  9.99543e-01
8.78599e+01  1.00400e+00  1.00114e+00  2.03199e-03  1.00520e+00  9.99107e-01
8.79646e+01  1.00351e+00  1.00100e+00  2.32167e-03  1.00565e+00  9.98682e-01
8.80693e+01  1.00298e+00  1.00086e+00  2.58526e-03  1.00603e+00  9.98272e-01
8.81740e+01  1.00242e+00  1.00070e+00  2.81995e-03  1.00634e+00  9.97882e-01
8.82788e+01  1.00183e+00  1.00054e+00  3.02322e-03  1.00659e+00  9.97516e-01
8.83835e+01  1.00123e+00  1.00037e+00  3.19293e-03  1.00676e+00  9.97178e-01
8.84882e+01  1.00061e+00  1.00020e+00  3.32732e-03  1.00685e+00  9.96871e-01
8.85929e+01  9.99994e-01  1.00002e+00  3.42502e-03  1.00687e+00  9.96599e-01
8.86976e+01  9.99378e-01  9.99850e-01  3.48507e-03  1.00682e+00  9.96365e-01
8.88024e+01  9.98771e-01  9.99678e-01  3.50695e-03  1.00669e+00  9.96171e-01
8.89071e+01  9.98180e-01  9.99509e-01  3.49054e-03  1.00649e+00  9.96019e-01
8.90118e+01  9.97612e-01  9.99346e-01  3.43615e-03  1.00622e+00  9.95910e-01
8.91165e+01  9.97073e-01  9.99191e-01  3.34450e-03  1.00588e+00  9.95846e-01
8.92212e+01  9.96568e-01  9.99045e-01  3.21675e-03  1.00548e+00  9.95828e-01
8.93260e+01  9.96104e-01  9.98909e-01  3.05439e-03  1.00502e+00  9.95855e-01
8.94307e+01  9.95684e-01  9.98787e-01  2.85933e-03  1.00451e+00  9.95927e-01
8.95354e+01  9.95315e-01  9.98678e-01  2.63381e-03  1.00395e+00  9.96044e-01
8.96401e+01  9.94998e-01  9.98584e-01  2.38039e-03  1.00334e+00  9.96203e-01
8.97448e+01  9.94739e-01  9.98506e-01  2.10190e-03  1.00271e+00  9.96404e-01
8.98495e+01  9.94538e-01  9.98445e-01  1.80147e-03  1.00205e+00  9.96644e-01
8.99543e+01  9.94399e-01  9.98402e-01  1.48240e-03  1.00137e+00  9.96920e-01
9.00590e+01  9.94322e-01  9.98378e-01  1.14821e-03  1.00067e+00  9.97230e-01
9.01637e+01  9.94309e-01  9.98372e-01  8.02567e-04  9.99977e-01  9.97569e-01
9.02684e+01  9.94359e-01  9.98384e-01  4.49217e-04  9.99282e-01  9.97935e-01
9.03731e+01  9.94471e-01  9.98415e-01  9.19914e-05  9.98599e-01  9.98323e-01
9.04779e+01  9.94644e-01  9.98463e-01  -2.65257e-04  9.97933e-01  9.98728e-01
9.05826e+01  9.94877e-01  9.98529e-01  -6.18690e-04  9.97292e-01  9.99148e-01
9.06873e+01  9.95165e-01  9.98612e-01  -9.64525e-04  9.96683e-01  9.99577e-01
9.07920e+01  9.95507e-01  9.98710e-01  -1.29907e-03  9.96112e-01  1.00001e+00
9.08967e+01  9.95897e-01  9.98823e-01  -1.61878e-03  9.95585e-01  1.00044e+00
9.10015e+01  9.96333e-01  9.98949e-01  -1.92024e-03  9.95108e-01  1.00087e+00
9.11062e+01  9.96808e-01  9.99086e-01  -2.20028e-03  9.94685e-01  1.00129e+00
9.12109e+01  9.97317e-01  9.99233e-01  -2.45594e-03  9.94321e-01  1.00169e+00
9.13156e+01  9.97855e-01  9.99388e-01  -2.68453e-03  9.94019e-01  1.00207e+00
9.14203e+01  9.98416e-01  9.99550e-01  -2.88365e-03  9.93782e-01  1.00243e+00
9.15251e+01  9.98994e-01  9.99716e-01  -3.05122e-03  9.93613e-01  1.00277e+00
9.16298e+01  9.99582e-01  9.99884e-01  -3.18549e-03  9.93513e-01  1.00307e+00
9.17345e+01  1.00017e+00  1.00005e+00  -3.28507e-03  9.93483e-01  1.00334e+00
9.18392e+01  1.00076e+00  1.00022e+00  -3.34894e-03  9.93523e-01  1.00357e+00
9.19439e+01  1.00134e+00  1.00039e+00  -3.37647e-03  9.93632e-01  1.00376e+00
9.20487e+01  1.00190e+00  1.00054e+00  -3.36740e-03  9.93810e-01  1.00391e+00
9.21534e+01  1.00244e+00  1.00070e+00  -3.32188e-03  9.94053e-01  1.00402e+00
9.22581e+01  1.00295e+00  1.00084e+00  -3.24043e-03  9.94360e-01  1.00408e+00
9.23628e+01  1.00343e+00  1.00097e+00  -3.12398e-03  9.94726e-01  1.00410e+00
9.24675e+01  1.00386e+00  1.00110e+00  -2.97383e-03  9.95149e-01  1.00407e+00
9.25723e+01  1.00426e+00  1.00121e+00  -2.79163e-03  9.95622e-01  1.00400e+00
9.26770e+01  1.00460e+00  1.00130e+00  -2.57939e-03  9.96142e-01  1.00388e+00
9.27817e+01  1.00489e+00  1.00138e+00  -2.33945e-03  9.96702e-01  1.00372e+00
9.28864e+01  1.00512e+00  1.00145e+00  -2.07444e-03  9.97297e-01  1.00352e+00
9.29911e+01  1.00530e+00  1.00149e+00  -1.78726e-03  9.97920e-01  1.00328e+00
9.30959e+01  1.00542e+00  1.00153e+00  -1.48109e-03  9.98564e-01  1.00301e+00
9.32006e+01  1.00547e+00  1.00154e+00  -1.15927e-03  9.99222e-01  1.00270e+00
9.33053e+01  1.00546e+00  1.00154e+00  -8.25332e-04  9.99887e-01  1.00236e+00
9.34100e+01  1.00540e+00  1.00152e+00  -4.82952e-04  1.00055e+00  1.00200e+00
9.35147e+01  1.00527e+00  1.00148e+00  -1.35883e-04  1.00121e+00  1.00162e+00
9.36195e+01  1.00508e+00  1.00143e+00  2.12066e-04  1.00185e+00  1.00122e+00
9.37242e+01  1.00483e+00  1.00136e+00  5.57079e-04  1.00248e+00  1.00081e+00
9.38289e+01  1.00453e+00  1.00128e+00  8.95377e-04  1.00307e+00  1.00038e+00
9.39336e+01  1.00419e+00  1.00118e+00  1.22326e-03  1.00363e+00  9.99961e-01
9.40383e+01  1.00379e+00  1.00107e+00  1.53714e-03  1.00415e+00  9.99538e-01
9.41431e+01  1.00336e+00  1.00095e+00  1.83360e-03  1.00462e+00  9.99121e-01
9.42478e+01  1.00288e+00  1.00082e+00  2.10941e-03  1.00504e+00  9.98714e-01
9.43525e+01  1.00238e+00  1.00068e+00  2.36159e-03  1.00541e+00  9.98322e-01
9.44572e+01  1.00185e+00  1.00054e+00  2.58742e-03  1.00571e+00  9.97950e-01
9.45619e+01  1.00131e+00  1.00038e+00  2.78448e-03  1.00595e+00  9.97600e-01
9.46667e+01  1.00075e+00  1.00023e+00  2.95068e-03  1.00613e+00  9.97278e-01
9.47714e+01  1.00018e+00  1.00007e+00  3.08426e-03  1.00624e+00  9.96985e-01
9.48761e+01  9.99616e-01  9.99910e-01  3.18385e-03  1.00628e+00  9.96726e-01
9.49808e+01  9.99057e-01  9.99752e-01  3.24844e-03  1.00625e+00  9.96504e-01
9.50855e+01  9.98510e-01  9.99597e-01  3.27743e-03  1.00615e+00  9.96319e-01
9.51903e+01  9.97982e-01  9.99446e-01  3.27061e-03  1.00599e+00  9.96176e-01
9.52950e+01  9.97478e-01  9.99302e-01  3.22814e-03  1.00576e+00  9.96074e-01
9.53997e+01  9.97004e-01  9.99166e-01  3.15061e-03  1.00547e+00  9.96015e-01
9.55044e+01  9.96565e-01  9.99039e-01  3.03897e-03  1.00512e+00  9.96000e-01
9.56091e+01  9.96165e-01  9.98923e-01  2.89453e-03  1.00471e+00  9.96028e-01
9.57139e+01  9.95810e-01  9.98819e-01  2.71898e-03  1.00426e+00  9.96100e-01
9.58186e+01  9.95503e-01  9.98728e-01  2.51432e-03  1.00376e+00  9.96214e-01
9.59233e+01  9.95246e-01  9.98652e-01  2.28286e-03  1.00322e+00  9.96369e-01
9.60280e+01  9.95043e-01  9.98591e-01  2.02720e-03  1.00265e+00  9.96564e-01
9.61327e+01  9.94895e-01  9.98546e-01  1.75018e-03  1.00205e+00  9.96796e-01
9.62375e+01  9.94805e-01  9.98518e-01  1.45488e-03  1.00143e+00  9.97063e-01
9.63422e+01  9.94772e-01  9.98506e-01  1.14453e-03  1.00080e+00  9.97362e-01
9.64469e+01  9.94798e-01  9.98512e-01  8.22529e-04  1.00016e+00  9.97689e-01
9.65516e+01  9.94881e-01  9.98534e-01  4.92394e-04  9.99519e-01  9.98042e-01
9.66563e+01  9.95021e-01  9.98573e-01  1.57704e-04  9.98889e-01  9.98416e-01
9.67611e+01  9.95216e-01  9.98628e-01  -1.77922e-04  9.98273e-01  9.98806e-01
9.68658e+01  9.95464e-01  9.98699e-01  -5.10867e-04  9.97677e-01  9.99210e-01
9.69705e+01  9.95762e-01  9.98784e-01  -8.37555e-04  9.97109e-01  9.99622e-01
9.70752e+01  9.96106e-01  9.98883e-01  -1.15448e-03  9.96575e-01  1.00004e+00
9.71799e+01  9.96492e-01  9.98995e-01  -1.45827e-03  9.96078e-01  1.00045e+00
9.72847e+01  9.96917e-01  9.99118e-01  -1.74567e-03  9.95626e-01  1.00086e+00
9.73894e+01  9.97376e-01  9.99250e-01  -2.01364e-03  9.95223e-01  1.00126e+00
9.74941e+01  9.97862e-01  9.99390e-01  -2.25932e-03  9.94872e-01  1.00165e+00
9.75988e+01  9.98372e-01  9.99537e-01  -2.48011e-03  9.94577e-01  1.00202e+00
9.77035e+01  9.98899e-01  9.99689e-01  -2.67368e-03  9.94342e-01  1.00236e+00
9.78083e+01  9.99438e-01  9.99844e-01  -2.83799e-03  9.94168e-01  1.00268e+00
9.79130e+01  9.99982e-01  1.00000e+00  -2.97130e-03  9.94057e-01  1.00297e+00
9.80177e+01  1.00052e+00  1.00016e+00  -3.07223e-03  9.94011e-01  1.00323e+00
9.81224e+01  1.00106e+00  1.00031e+00  -3.13973e-03  9.94029e-01  1.00345e+00
9.82271e+01  1.00158e+00  1.00046e+00  -3.17310e-03  9.94111e-01  1.00363e+00
9.83319e+01  1.00209e+00  1.00060e+00  -3.17202e-03  9.94256e-01  1.00377e+00
9.84366e+01  1.00257e+00  1.00074e+00  -3.13653e-03  9.94463e-01  1.00387e+00
9.85413e+01  1.00302e+00  1.00086e+00  -3.06706e-03  9.94728e-01  1.00393e+00
9.86460e+01  1.00344e+00  1.00098e+00  -2.96437e-03  9.95050e-01  1.00394e+00
9.87507e+01  1.00381e+00  1.00108e+00  -2.82962e-03  9.95425e-01  1.00391e+00
9.88554e+01  1.00414e+00  1.00118e+00  -2.66429e-03  9.95848e-01  1.00384e+00
9.89602e+01  1.00443e+00  1.00126e+00  -2.47020e-03  9.96315e-01  1.00373e+00
9.90649e+01  1.00466e+00  1.00132e+00  -2.24948e-03  9.96821e-01  1.00357e+00
9.91696e+01  1.00485e+00  1.00137e+00  -2.00455e-03  9.97360e-01  1.00337e+00
9.92743e+01  1.00497e+00  1.00140e+00  -1.73811e-03  9.97927e-01  1.00314e+00
9.93790e+01  1.00504e+00  1.00142e+00  -1.45308e-03  9.98516e-01  1.00288e+00
9.94838e+01  1.00506e+00  1.00142e+00  -1.15257e-03  9.99120e-01  1.00258e+00
9.95885e+01  1.00501e+00  1.00141e+00  -8.39906e-04  9.99732e-01  1.00225e+00
9.96932e+01  1.00491e+00  1.00138e+00  -5.18503e-04  1.00035e+00  1.00190e+00
9.97979e+01  1.00476e+00  1.00134e+00  -1.91892e-04  1.00096e+00  1.00153e+00
9.99026e+01  1.00455e+00  1.00128e+00  1.36344e-04  1.00155e+00  1.00114e+00
1.00007e+02  1.00429e+00  1.00121e+00  4.62605e-04  1.00213e+00  1.00075e+00
1.00112e+02  1.00398e+00  1.00112e+00  7.83313e-04  1.00269e+00  1.00034e+00
1.00217e+02  1.00363e+00  1.00103e+00  1.09496e-03  1.00322e+00  9.99931e-01
1.00322e+02  1.00324e+00  1.00092e+00  1.39413e-03  1.00371e+00  9.99523e-01
1.00426e+02  1.00282e+00  1.00080e+00  1.67756e-03  1.00415e+00  9.99122e-01
1.00531e+02  1.00236e+00  1.00067e+00  1.94217e-03  1.00456e+00  9.98730e-01
1.00636e+02  1.00188e+00  1.00054e+00  2.18508e-03  1.00491e+00  9.98353e-01
1.00740e+02  1.00138e+00  1.00040e+00  2.40367e-03  1.00521e+00  9.97995e-01
1.00845e+02  1.00086e+00  1.00025e+00  2.59557e-03  1.00545e+00  9.97659e-01
1.00950e+02  1.00034e+00  1.00011e+00  2.75874e-03  1.00563e+00  9.97350e-01
1.01055e+02  9.99817e-01  9.99961e-01  2.89144e-03  1.00574e+00  9.97070e-01
1.01159e+02  9.99296e-01  9.99814e-01  2.99230e-03  1.00580e+00  9.96822e-01
1.01264e+02  9.98784e-01  9.99670e-01  3.06027e-03  1.00579e+00  9.96609e-01
1.01369e+02  9.98288e-01  9.99529e-01  3.09468e-03  1.00572e+00  9.96434e-01
1.01473e+02  9.97812e-01  9.99393e-01  3.09526e-03  1.00558e+00  9.96298e-01
1.01578e+02  9.97362e-01  9.99264e-01  3.06206e-03  1.00539e+00  9.96202e-01
1.01683e+02  9.96942e-01  9.99144e-01  2.99554e-03  1.00514e+00  9.96148e-01
1.01788e+02  9.96558e-01  9.99033e-01  2.89652e-03  1.00483e+00  9.96137e-01
1.01892e+02  9.96214e-01  9.98933e-01  2.76615e-03  1.00447e+00  9.96167e-01
1.01997e+02  9.95912e-01  9.98845e-01  2.60595e-03  1.00406e+00  9.96239e-01
1.02102e+02  9.95657e-01  9.98770e-01  2.41773e-03  1.00361e+00  9.96352e-01
1.02206e+02  9.95450e-01  9.98709e-01  2.20362e-03  1.00312e+00  9.96505e-01
1.02311e+02  9.95295e-01  9.98662e-01  1.96600e-03  1.00259e+00  9.96696e-01
1.02416e+02  9.95192e-01  9.98631e-01  1.70753e-03  1.00205e+00  9.96923e-01
1.02521e+02  9.95143e-01  9.98614e-01  1.43105e-03  1.00148e+00  9.97183e-01
1.02625e+02  9.95148e-01  9.98614e-01  1.13961e-03  1.00089e+00  9.97475e-01
1.02730e+02  9.95207e-01  9.98629e-01  8.36404e-04  1.00030e+00  9.97793e-01
1.02835e+02  9.95319e-01  9.98660e-01  5.24729e-04  9.99710e-01  9.98136e-01
1.02940e+02  9.95483e-01  9.98706e-01  2.07978e-04  9.99122e-01  9.98498e-01
1.03044e+02  9.95697e-01  9.98767e-01  -1.10418e-04  9.98546e-01  9.98878e-01
1.03149e+02  9.95958e-01  9.98842e-01  -4.27018e-04  9.97988e-01  9.99269e-01
1.03254e+02  9.96264e-01  9.98930e-01  -7.38411e-04  9.97453e-01  9.99668e-01
1.03358e+02  9.96611e-01  9.99029e-01  -1.04125e-03  9.96947e-01  1.00007e+00
1.03463e+02  9.96994e-01  9.99140e-01  -1.33228e-03  9.96475e-01  1.00047e+00
1.03568e+02  9.97411e-01  9.99260e-01  -1.60840e-03  9.96043e-01  1.00087e+00
1.03673e+02  9.97856e-01  9.99389e-01  -1.86664e-03  9.95655e-01  1.00126e+00
1.03777e+02  9.98324e-01  9.99524e-01  -2.10426e-03  9.95315e-01  1.00163e+00
1.03882e+02  9.98811e-01  9.99664e-01  -2.31871e-03  9.95026e-01  1.00198e+00
1.03987e+02  9.99310e-01  9.99807e-01  -2.50773e-03  9.94792e-01  1.00232e+00
1.04091e+02  9.99815e-01  9.99953e-01  -2.66930e-03  9.94614e-01  1.00262e+00
1.04196e+02  1.00032e+00  1.00010e+00  -2.80170e-03  9.94495e-01  1.00290e+00
1.04301e+02  1.00083e+00  1.00024e+00  -2.90355e-03  9.94435e-01  1.00315e+00
1.04406e+02  1.00132e+00  1.00038e+00  -2.97377e-03  9.94435e-01  1.00336e+00
1.04510e+02  1.00180e+00  1.00052e+00  -3.01162e-03  9.94495e-01  1.00353e+00
1.04615e+02  1.00225e+00  1.00065e+00  -3.01673e-03  9.94614e-01  1.00366e+00
1.04720e+02  1.00268e+00  1.00077e+00  -2.98906e-03  9.94791e-01  1.00376e+00
1.04824e+02  1.00308e+00  1.00088e+00  -2.92893e-03  9.95024e-01  1.00381e+00
1.04929e+02  1.00345e+00  1.00098e+00  -2.83702e-03  9.95310e-01  1.00382e+00
1.05034e+02  1.00377e+00  1.00107e+00  -2.71435e-03  9.95646e-01  1.00379e+00
1.05139e+02  1.00406e+00  1.00115e+00  -2.56226e-03  9.96029e-01  1.00372e+00
1.05243e+02  1.00429e+00  1.00122e+00  -2.38242e-03  9.96453e-01  1.00360e+00
1.05348e+02  1.00448e+00  1.00127e+00  -2.17681e-03  9.96916e-01  1.00345e+00
1.05453e+02  1.00462e+00  1.00131e+00  -1.94769e-03  9.97411e-01  1.00325e+00
1.05558e+02  1.00470e+00  1.00133e+00  -1.69756e-03  9.97934e-01  1.00303e+00
1.05662e+02  1.00473e+00  1.00134e+00  -1.42916e-03  9.98478e-01  1.00277e+00
1.05767e+02  1.00471e+00  1.00133e+00  -1.14544e-03  9.99038e-01  1.00247e+00
1.05872e+02  1.00463e+00  1.00131e+00  -8.49518e-04  9.99608e-01  1.00216e+00
1.05976e+02  1.00451e+00  1.00127e+00  -5.44630e-04  1.00018e+00  1.00182e+00
1.06081e+02  1.00433e+00  1.00122e+00  -2.34123e-04  1.00075e+00  1.00145e+00
1.06186e+02  1.00410e+00  1.00116e+00  7.85955e-05  1.00131e+00  1.00108e+00
1.06291e+02  1.00383e+00  1.00108e+00  3.90097e-04  1.00186e+00  1.00069e+00
1.06395e+02  1.00352e+00  1.00099e+00  6.96966e-04  1.00239e+00  1.00030e+00
1.06500e+02  1.00317e+00  1.00090e+00  9.95842e-04  1.00289e+00  9.99900e-01
1.06605e+02  1.00278e+00  1.00079e+00  1.28345e-03  1.00335e+00  9.99505e-01
1.06709e+02  1.00236e+00  1.00067e+00  1.55666e-03  1.00379e+00  9.99115e-01
1.06814e+02  1.00192e+00  1.00055e+00  1.81248e-03  1.00417e+00  9.98736e-01
1.06919e+02  1.00146e+00  1.00042e+00  2.04813e-03  1.00452e+00  9.98372e-01
1.07024e+02  1.00098e+00  1.00029e+00  2.26105e-03  1.00481e+00  9.98026e-01
1.07128e+02  1.00049e+00  1.00015e+00  2.44895e-03  1.00505e+00  9.97702e-01
1.07233e+02  1.00000e+00  1.00001e+00  2.60980e-03  1.00523e+00  9.97404e-01
