# k S000 S110 S112 S10 S11
1.04720e-01  4.44508e-01  1.83202e+00  -9.09783e-01  1.24527e-02  2.74180e+00
2.09440e-01  4.45298e-01  1.82877e+00  -9.08143e-01  1.24809e-02  2.73691e+00
3.14159e-01  4.46616e-01  1.82335e+00  -9.05411e-01  1.25280e-02  2.72876e+00
4.18879e-01  4.48466e-01  1.81577e+00  -9.01586e-01  1.25943e-02  2.71735e+00
5.23599e-01  4.50853e-01  1.80602e+00  -8.96669e-01  1.26802e-02  2.70269e+00
6.28319e-01  4.53782e-01  1.79411e+00  -8.90663e-01  1.27862e-02  2.68477e+00
7.33038e-01  4.57259e-01  1.78006e+00  -8.83574e-01  1.29127e-02  2.66363e+00
8.37758e-01  4.61293e-01  1.76389e+00  -8.75412e-01  1.30605e-02  2.63930e+00
9.42478e-01  4.65892e-01  1.74562e+00  -8.66193e-01  1.32304e-02  2.61181e+00
1.04720e+00  4.71068e-01  1.72530e+00  -8.55936e-01  1.34234e-02  2.58123e+00
1.15192e+00  4.76830e-01  1.70298e+00  -8.44671e-01  1.36406e-02  2.54765e+00
1.25664e+00  4.83191e-01  1.67875e+00  -8.32434e-01  1.38832e-02  2.51119e+00
1.36136e+00  4.90164e-01  1.65269e+00  -8.19270e-01  1.41527e-02  2.47196e+00
1.46608e+00  4.97761e-01  1.62491e+00  -8.05231e-01  1.44506e-02  2.43014e+00
1.57080e+00  5.05997e-01  1.59554e+00  -7.90382e-01  1.47789e-02  2.38592e+00
1.67552e+00  5.14884e-01  1.56472e+00  -7.74791e-01  1.51396e-02  2.33951e+00
1.78024e+00  5.24437e-01  1.53261e+00  -7.58538e-01  1.55350e-02  2.29115e+00
1.88496e+00  5.34668e-01  1.49938e+00  -7.41706e-01  1.59677e-02  2.24109e+00
1.98968e+00  5.45590e-01  1.46521e+00  -7.24384e-01  1.64406e-02  2.18959e+00
2.09440e+00  5.57215e-01  1.43029e+00  -7.06666e-01  1.69572e-02  2.13696e+00
2.19911e+00  5.69551e-01  1.39481e+00  -6.88646e-01  1.75210e-02  2.08346e+00
2.30383e+00  5.82607e-01  1.35897e+00  -6.70419e-01  1.81362e-02  2.02939e+00
2.40855e+00  5.96387e-01  1.32296e+00  -6.52078e-01  1.88076e-02  1.97504e+00
2.51327e+00  6.10893e-01  1.28696e+00  -6.33712e-01  1.95405e-02  1.92068e+00
2.61799e+00  6.26120e-01  1.25116e+00  -6.15408e-01  2.03409e-02  1.86657e+00
2.72271e+00  6.42061e-01  1.21571e+00  -5.97246e-01  2.12155e-02  1.81295e+00
2.82743e+00  6.58703e-01  1.18077e+00  -5.79299e-01  2.21721e-02  1.76007e+00
2.93215e+00  6.76023e-01  1.14648e+00  -5.61632e-01  2.32195e-02  1.70811e+00
3.03687e+00  6.93994e-01  1.11297e+00  -5.44303e-01  2.43677e-02  1.65728e+00
3.14159e+00  7.12579e-01  1.08035e+00  -5.27363e-01  2.56281e-02  1.60772e+00
3.24631e+00  7.31730e-01  1.04872e+00  -5.10852e-01  2.70138e-02  1.55957e+00
3.35103e+00  7.51391e-01  1.01815e+00  -4.94803e-01  2.85398e-02  1.51295e+00
3.45575e+00  7.71493e-01  9.88709e-01  -4.79243e-01  3.02236e-02  1.46795e+00
3.56047e+00  7.91956e-01  9.60461e-01  -4.64188e-01  3.20851e-02  1.42465e+00
3.66519e+00  8.12689e-01  9.33444e-01  -4.49648e-01  3.41477e-02  1.38309e+00
3.76991e+00  8.33587e-01  9.07692e-01  -4.35627e-01  3.64384e-02  1.34332e+00
3.87463e+00  8.54536e-01  8.83231e-01  -4.22121e-01  3.89892e-02  1.30535e+00
3.97935e+00  8.75411e-01  8.60078e-01  -4.09120e-01  4.18371e-02  1.26920e+00
4.08407e+00  8.96077e-01  8.38245e-01  -3.96609e-01  4.50263e-02  1.23485e+00
4.18879e+00  9.16391e-01  8.17740e-01  -3.84566e-01  4.86088e-02  1.20231e+00
4.29351e+00  9.36206e-01  7.98570e-01  -3.72962e-01  5.26466e-02  1.17153e+00
4.39823e+00  9.55374e-01  7.80740e-01  -3.61763e-01  5.72140e-02  1.14250e+00
4.50295e+00  9.73744e-01  7.64259e-01  -3.50929e-01  6.24006e-02  1.11519e+00
4.60767e+00  9.91173e-01  7.49136e-01  -3.40411e-01  6.83145e-02  1.08955e+00
4.71239e+00  1.00752e+00  7.35388e-01  -3.30150e-01  7.50877e-02  1.06554e+00
4.81711e+00  1.02267e+00  7.23041e-01  -3.20080e-01  8.28820e-02  1.04312e+00
4.92183e+00  1.03651e+00  7.12133e-01  -3.10118e-01  9.18976e-02  1.02225e+00
5.02655e+00  1.04893e+00  7.02716e-01  -3.00166e-01  1.02383e-01  1.00288e+00
5.13127e+00  1.05988e+00  6.94865e-01  -2.90107e-01  1.14651e-01  9.84972e-01
5.23599e+00  1.06930e+00  6.88682e-01  -2.79793e-01  1.29097e-01  9.68475e-01
5.34071e+00  1.07717e+00  6.84308e-01  -2.69041e-01  1.46226e-01  9.53349e-01
5.44543e+00  1.08347e+00  6.81931e-01  -2.57621e-01  1.66688e-01  9.39552e-01
5.55015e+00  1.08824e+00  6.81807e-01  -2.45237e-01  1.91334e-01  9.27044e-01
5.65487e+00  1.09152e+00  6.84284e-01  -2.31502e-01  2.21280e-01  9.15786e-01
5.75959e+00  1.09336e+00  6.89833e-01  -2.15908e-01  2.58017e-01  9.05741e-01
5.86431e+00  1.09386e+00  6.99100e-01  -1.97774e-01  3.03552e-01  8.96874e-01
5.96903e+00  1.09309e+00  7.12974e-01  -1.76177e-01  3.60619e-01  8.89151e-01
6.07375e+00  1.09118e+00  7.32689e-01  -1.49851e-01  4.32986e-01  8.82541e-01
6.17847e+00  1.08823e+00  7.59970e-01  -1.17043e-01  5.25885e-01  8.77012e-01
6.28319e+00  1.08437e+00  7.97228e-01  -7.53097e-02  6.46608e-01  8.72538e-01
6.38791e+00  1.07972e+00  8.47818e-01  -2.12706e-02  8.05277e-01  8.69089e-01
6.49262e+00  1.07441e+00  9.16298e-01  4.96589e-02  1.01562e+00  8.66639e-01
6.59734e+00  1.06855e+00  1.00849e+00  1.43323e-01  1.29513e+00  8.65163e-01
6.70206e+00  1.06227e+00  1.13071e+00  2.66076e-01  1.66286e+00  8.64635e-01
6.80678e+00  1.05567e+00  1.28681e+00  4.21781e-01  2.13037e+00  8.65031e-01
6.91150e+00  1.04887e+00  1.47073e+00  6.04407e-01  2.67955e+00  8.66325e-01
7.01622e+00  1.04195e+00  1.65516e+00  7.86668e-01  3.22849e+00  8.68492e-01
7.12094e+00  1.03501e+00  1.78864e+00  9.17138e-01  3.62292e+00  8.71506e-01
7.22566e+00  1.02814e+00  1.82251e+00  9.47176e-01  3.71687e+00  8.75339e-01
7.33038e+00  1.02139e+00  1.75270e+00  8.72735e-01  3.49817e+00  8.79961e-01
7.43510e+00  1.01484e+00  1.62033e+00  7.34993e-01  3.09032e+00  8.85341e-01
7.53982e+00  1.00854e+00  1.47286e+00  5.81416e-01  2.63569e+00  8.91445e-01
7.64454e+00  1.00255e+00  1.33861e+00  4.40375e-01  2.21936e+00  8.98234e-01
7.74926e+00  9.96891e-01  1.22743e+00  3.21768e-01  1.87097e+00  9.05667e-01
7.85398e+00  9.91611e-01  1.13942e+00  2.25721e-01  1.59086e+00  9.13698e-01
7.95870e+00  9.86735e-01  1.07115e+00  1.48877e-01  1.36891e+00  9.22278e-01
8.06342e+00  9.82284e-01  1.01869e+00  8.73357e-02  1.19336e+00  9.31350e-01
8.16814e+00  9.78274e-01  9.78536e-01  3.76831e-02  1.05390e+00  9.40853e-01
8.27286e+00  9.74718e-01  9.47930e-01  -2.78999e-03  9.42350e-01  9.50720e-01
8.37758e+00  9.71623e-01  9.24731e-01  -3.61484e-02  8.52434e-01  9.60879e-01
8.48230e+00  9.68990e-01  9.07312e-01  -6.39404e-02  7.79431e-01  9.71252e-01
8.58702e+00  9.66819e-01  8.94433e-01  -8.73213e-02  7.19790e-01  9.81754e-01
8.69174e+00  9.65106e-01  8.85142e-01  -1.07154e-01  6.70834e-01  9.92296e-01
8.79646e+00  9.63842e-01  8.78700e-01  -1.24084e-01  6.30533e-01  1.00278e+00
8.90118e+00  9.63017e-01  8.74525e-01  -1.38595e-01  5.97335e-01  1.01312e+00
9.00590e+00  9.62617e-01  8.72153e-01  -1.51053e-01  5.70046e-01  1.02321e+00
9.11062e+00  9.62627e-01  8.71208e-01  -1.61731e-01  5.47745e-01  1.03294e+00
9.21534e+00  9.63028e-01  8.71383e-01  -1.70835e-01  5.29713e-01  1.04222e+00
9.32006e+00  9.63799e-01  8.72426e-01  -1.78517e-01  5.15391e-01  1.05094e+00
9.42478e+00  9.64917e-01  8.74128e-01  -1.84892e-01  5.04344e-01  1.05902e+00
9.52950e+00  9.66359e-01  8.76319e-01  -1.90043e-01  4.96233e-01  1.06636e+00
9.63422e+00  9.68098e-01  8.78857e-01  -1.94028e-01  4.90800e-01  1.07288e+00
9.73894e+00  9.70106e-01  8.81630e-01  -1.96890e-01  4.87850e-01  1.07852e+00
9.84366e+00  9.72354e-01  8.84551e-01  -1.98654e-01  4.87242e-01  1.08321e+00
9.94838e+00  9.74811e-01  8.87558e-01  -1.99338e-01  4.88882e-01  1.08690e+00
1.00531e+01  9.77446e-01  8.90611e-01  -1.98950e-01  4.92712e-01  1.08956e+00
1.01578e+01  9.80228e-01  8.93691e-01  -1.97490e-01  4.98712e-01  1.09118e+00
1.02625e+01  9.83122e-01  8.96801e-01  -1.94955e-01  5.06891e-01  1.09176e+00
1.03673e+01  9.86097e-01  8.99963e-01  -1.91337e-01  5.17290e-01  1.09130e+00
1.04720e+01  9.89119e-01  9.03218e-01  -1.86622e-01  5.29974e-01  1.08984e+00
1.05767e+01  9.92155e-01  9.06626e-01  -1.80795e-01  5.45035e-01  1.08742e+00
1.06814e+01  9.95172e-01  9.10261e-01  -1.73837e-01  5.62588e-01  1.08410e+00
1.07861e+01  9.98140e-01  9.14214e-01  -1.65722e-01  5.82770e-01  1.07994e+00
1.08909e+01  1.00103e+00  9.18588e-01  -1.56425e-01  6.05738e-01  1.07501e+00
1.09956e+01  1.00381e+00  9.23497e-01  -1.45916e-01  6.31665e-01  1.06941e+00
1.11003e+01  1.00645e+00  9.29060e-01  -1.34162e-01  6.60735e-01  1.06322e+00
1.12050e+01  1.00893e+00  9.35402e-01  -1.21133e-01  6.93135e-01  1.05654e+00
1.13097e+01  1.01123e+00  9.42647e-01  -1.06799e-01  7.29048e-01  1.04945e+00
1.14145e+01  1.01333e+00  9.50911e-01  -9.11386e-02  7.68634e-01  1.04205e+00
1.15192e+01  1.01520e+00  9.60297e-01  -7.41415e-02  8.12014e-01  1.03444e+00
1.16239e+01  1.01684e+00  9.70883e-01  -5.58197e-02  8.59244e-01  1.02670e+00
1.17286e+01  1.01823e+00  9.82713e-01  -3.62158e-02  9.10282e-01  1.01893e+00
1.18333e+01  1.01937e+00  9.95782e-01  -1.54169e-02  9.64948e-01  1.01120e+00
1.19381e+01  1.02025e+00  1.01002e+00  6.43123e-03  1.02288e+00  1.00359e+00
1.20428e+01  1.02086e+00  1.02528e+00  2.91080e-02  1.08349e+00  9.96169e-01
1.21475e+01  1.02122e+00  1.04131e+00  5.23033e-02  1.14591e+00  9.89004e-01
1.22522e+01  1.02132e+00  1.05776e+00  7.56065e-02  1.20897e+00  9.82152e-01
1.23569e+01  1.02118e+00  1.07417e+00  9.85037e-02  1.27118e+00  9.75666e-01
1.24617e+01  1.02080e+00  1.08998e+00  1.20387e-01  1.33075e+00  9.69591e-01
1.25664e+01  1.02019e+00  1.10455e+00  1.40582e-01  1.38572e+00  9.63968e-01
1.26711e+01  1.01937e+00  1.11722e+00  1.58390e-01  1.43400e+00  9.58832e-01
1.27758e+01  1.01836e+00  1.12736e+00  1.73146e-01  1.47365e+00  9.54211e-01
1.28805e+01  1.01718e+00  1.13442e+00  1.84292e-01  1.50301e+00  9.50131e-01
1.29852e+01  1.01584e+00  1.13804e+00  1.91432e-01  1.52091e+00  9.46609e-01
1.30900e+01  1.01436e+00  1.13805e+00  1.94385e-01  1.52682e+00  9.43661e-01
1.31947e+01  1.01278e+00  1.13450e+00  1.93200e-01  1.52090e+00  9.41297e-01
1.32994e+01  1.01110e+00  1.12767e+00  1.88143e-01  1.50395e+00  9.39523e-01
1.34041e+01  1.00935e+00  1.11800e+00  1.79659e-01  1.47732e+00  9.38342e-01
1.35088e+01  1.00756e+00  1.10606e+00  1.68311e-01  1.44269e+00  9.37753e-01
1.36136e+01  1.00574e+00  1.09247e+00  1.54722e-01  1.40191e+00  9.37750e-01
1.37183e+01  1.00392e+00  1.07783e+00  1.39510e-01  1.35685e+00  9.38324e-01
1.38230e+01  1.00211e+00  1.06272e+00  1.23253e-01  1.30922e+00  9.39464e-01
1.39277e+01  1.00034e+00  1.04761e+00  1.06454e-01  1.26052e+00  9.41153e-01
1.40324e+01  9.98619e-01  1.03291e+00  8.95325e-02  1.21197e+00  9.43374e-01
1.41372e+01  9.96970e-01  1.01892e+00  7.28189e-02  1.16456e+00  9.46102e-01
1.42419e+01  9.95405e-01  1.00588e+00  5.65642e-02  1.11900e+00  9.49311e-01
1.43466e+01  9.93940e-01  9.93922e-01  4.09492e-02  1.07582e+00  9.52973e-01
1.44513e+01  9.92586e-01  9.83150e-01  2.60968e-02  1.03534e+00  9.57053e-01
1.45560e+01  9.91354e-01  9.73600e-01  1.20847e-02  9.97769e-01  9.61515e-01
1.46608e+01  9.90253e-01  9.65274e-01  -1.04372e-03  9.63187e-01  9.66318e-01
1.47655e+01  9.89291e-01  9.58148e-01  -1.32698e-02  9.31608e-01  9.71418e-01
1.48702e+01  9.88474e-01  9.52175e-01  -2.45919e-02  9.02991e-01  9.76767e-01
1.49749e+01  9.87805e-01  9.47296e-01  -3.50193e-02  8.77257e-01  9.82315e-01
1.50796e+01  9.87288e-01  9.43441e-01  -4.45678e-02  8.54305e-01  9.88009e-01
1.51844e+01  9.86924e-01  9.40536e-01  -5.32559e-02  8.34024e-01  9.93791e-01
1.52891e+01  9.86712e-01  9.38503e-01  -6.11028e-02  8.16297e-01  9.99605e-01
1.53938e+01  9.86649e-01  9.37264e-01  -6.81267e-02  8.01010e-01  1.00539e+00
1.54985e+01  9.86734e-01  9.36742e-01  -7.43435e-02  7.88055e-01  1.01109e+00
1.56032e+01  9.86961e-01  9.36863e-01  -7.97667e-02  7.77330e-01  1.01663e+00
1.57080e+01  9.87323e-01  9.37555e-01  -8.44067e-02  7.68742e-01  1.02196e+00
1.58127e+01  9.87815e-01  9.38752e-01  -8.82715e-02  7.62209e-01  1.02702e+00
1.59174e+01  9.88426e-01  9.40390e-01  -9.13662e-02  7.57658e-01  1.03176e+00
1.60221e+01  9.89149e-01  9.42413e-01  -9.36938e-02  7.55026e-01  1.03611e+00
1.61268e+01  9.89973e-01  9.44770e-01  -9.52558e-02  7.54258e-01  1.04003e+00
1.62316e+01  9.90887e-01  9.47416e-01  -9.60525e-02  7.55311e-01  1.04347e+00
1.63363e+01  9.91879e-01  9.50311e-01  -9.60835e-02  7.58144e-01  1.04639e+00
1.64410e+01  9.92936e-01  9.53424e-01  -9.53489e-02  7.62727e-01  1.04877e+00
1.65457e+01  9.94047e-01  9.56730e-01  -9.38493e-02  7.69031e-01  1.05058e+00
1.66504e+01  9.95197e-01  9.60209e-01  -9.15870e-02  7.77035e-01  1.05180e+00
1.67552e+01  9.96374e-01  9.63846e-01  -8.85663e-02  7.86714e-01  1.05241e+00
1.68599e+01  9.97564e-01  9.67635e-01  -8.47947e-02  7.98046e-01  1.05243e+00
1.69646e+01  9.98755e-01  9.71572e-01  -8.02833e-02  8.11005e-01  1.05186e+00
1.70693e+01  9.99932e-01  9.75655e-01  -7.50479e-02  8.25559e-01  1.05070e+00
1.71740e+01  1.00108e+00  9.79887e-01  -6.91098e-02  8.41667e-01  1.04900e+00
1.72788e+01  1.00220e+00  9.84269e-01  -6.24967e-02  8.59275e-01  1.04677e+00
1.73835e+01  1.00326e+00  9.88803e-01  -5.52439e-02  8.78315e-01  1.04405e+00
1.74882e+01  1.00427e+00  9.93486e-01  -4.73952e-02  8.98696e-01  1.04088e+00
1.75929e+01  1.00520e+00  9.98312e-01  -3.90042e-02  9.20304e-01  1.03732e+00
1.76976e+01  1.00606e+00  1.00327e+00  -3.01353e-02  9.42996e-01  1.03340e+00
1.78024e+01  1.00683e+00  1.00833e+00  -2.08644e-02  9.66597e-01  1.02919e+00
1.79071e+01  1.00751e+00  1.01346e+00  -1.12804e-02  9.90896e-01  1.02474e+00
1.80118e+01  1.00808e+00  1.01861e+00  -1.48477e-03  1.01564e+00  1.02010e+00
1.81165e+01  1.00856e+00  1.02374e+00  8.40772e-03  1.04055e+00  1.01533e+00
1.82212e+01  1.00892e+00  1.02876e+00  1.82702e-02  1.06530e+00  1.01049e+00
1.83260e+01  1.00918e+00  1.03359e+00  2.79651e-02  1.08952e+00  1.00562e+00
1.84307e+01  1.00933e+00  1.03814e+00  3.73463e-02  1.11283e+00  1.00079e+00
1.85354e+01  1.00937e+00  1.04230e+00  4.62630e-02  1.13483e+00  9.96041e-01
1.86401e+01  1.00930e+00  1.04598e+00  5.45639e-02  1.15511e+00  9.91420e-01
1.87448e+01  1.00913e+00  1.04907e+00  6.21023e-02  1.17328e+00  9.86972e-01
1.88496e+01  1.00887e+00  1.05148e+00  6.87421e-02  1.18896e+00  9.82738e-01
1.89543e+01  1.00851e+00  1.05312e+00  7.43635e-02  1.20184e+00  9.78754e-01
1.90590e+01  1.00806e+00  1.05392e+00  7.88685e-02  1.21166e+00  9.75054e-01
1.91637e+01  1.00753e+00  1.05385e+00  8.21857e-02  1.21823e+00  9.71669e-01
1.92684e+01  1.00692e+00  1.05290e+00  8.42736e-02  1.22144e+00  9.68623e-01
1.93732e+01  1.00626e+00  1.05106e+00  8.51219e-02  1.22131e+00  9.65940e-01
1.94779e+01  1.00554e+00  1.04839e+00  8.47518e-02  1.21789e+00  9.63637e-01
1.95826e+01  1.00477e+00  1.04494e+00  8.32137e-02  1.21137e+00  9.61730e-01
1.96873e+01  1.00396e+00  1.04081e+00  8.05835e-02  1.20198e+00  9.60230e-01
1.97920e+01  1.00313e+00  1.03610e+00  7.69583e-02  1.19002e+00  9.59145e-01
1.98968e+01  1.00229e+00  1.03093e+00  7.24506e-02  1.17583e+00  9.58480e-01
2.00015e+01  1.00143e+00  1.02542e+00  6.71829e-02  1.15978e+00  9.58235e-01
2.01062e+01  1.00058e+00  1.01969e+00  6.12823e-02  1.14225e+00  9.58408e-01
2.02109e+01  9.99740e-01  1.01387e+00  5.48758e-02  1.12362e+00  9.58993e-01
2.03156e+01  9.98921e-01  1.00807e+00  4.80864e-02  1.10424e+00  9.59983e-01
2.04204e+01  9.98131e-01  1.00239e+00  4.10299e-02  1.08445e+00  9.61364e-01
2.05251e+01  9.97379e-01  9.96935e-01  3.38134e-02  1.06456e+00  9.63122e-01
2.06298e+01  9.96672e-01  9.91772e-01  2.65333e-02  1.04484e+00  9.65238e-01
2.07345e+01  9.96016e-01  9.86967e-01  1.92756e-02  1.02552e+00  9.67692e-01
2.08392e+01  9.95417e-01  9.82574e-01  1.21158e-02  1.00681e+00  9.70458e-01
2.09440e+01  9.94882e-01  9.78629e-01  5.11900e-03  9.88867e-01  9.73510e-01
2.10487e+01  9.94413e-01  9.75159e-01  -1.65865e-03  9.71841e-01  9.76817e-01
2.11534e+01  9.94016e-01  9.72179e-01  -8.16935e-03  9.55840e-01  9.80348e-01
2.12581e+01  9.93692e-01  9.69694e-01  -1.43725e-02  9.40950e-01  9.84067e-01
2.13628e+01  9.93444e-01  9.67703e-01  -2.02335e-02  9.27236e-01  9.87936e-01
2.14675e+01  9.93272e-01  9.66194e-01  -2.57232e-02  9.14748e-01  9.91917e-01
2.15723e+01  9.93178e-01  9.65152e-01  -3.08166e-02  9.03519e-01  9.95969e-01
2.16770e+01  9.93161e-01  9.64556e-01  -3.54921e-02  8.93571e-01  1.00005e+00
2.17817e+01  9.93219e-01  9.64380e-01  -3.97313e-02  8.84917e-01  1.00411e+00
2.18864e+01  9.93351e-01  9.64597e-01  -4.35179e-02  8.77561e-01  1.00812e+00
2.19911e+01  9.93554e-01  9.65178e-01  -4.68381e-02  8.71502e-01  1.01202e+00
2.20959e+01  9.93823e-01  9.66091e-01  -4.96794e-02  8.66733e-01  1.01577e+00
2.22006e+01  9.94156e-01  9.67305e-01  -5.20312e-02  8.63243e-01  1.01934e+00
2.23053e+01  9.94548e-01  9.68788e-01  -5.38847e-02  8.61019e-01  1.02267e+00
2.24100e+01  9.94992e-01  9.70510e-01  -5.52324e-02  8.60045e-01  1.02574e+00
2.25147e+01  9.95484e-01  9.72441e-01  -5.60687e-02  8.60303e-01  1.02851e+00
2.26195e+01  9.96018e-01  9.74552e-01  -5.63903e-02  8.61772e-01  1.03094e+00
2.27242e+01  9.96586e-01  9.76819e-01  -5.61955e-02  8.64427e-01  1.03301e+00
2.28289e+01  9.97182e-01  9.79215e-01  -5.54856e-02  8.68244e-01  1.03470e+00
2.29336e+01  9.97800e-01  9.81720e-01  -5.42644e-02  8.73191e-01  1.03598e+00
2.30383e+01  9.98431e-01  9.84313e-01  -5.25388e-02  8.79235e-01  1.03685e+00
2.31431e+01  9.99069e-01  9.86977e-01  -5.03193e-02  8.86338e-01  1.03730e+00
2.32478e+01  9.99707e-01  9.89695e-01  -4.76200e-02  8.94455e-01  1.03731e+00
2.33525e+01  1.00034e+00  9.92453e-01  -4.44592e-02  9.03534e-01  1.03691e+00
2.34572e+01  1.00095e+00  9.95236e-01  -4.08595e-02  9.13517e-01  1.03610e+00
2.35619e+01  1.00155e+00  9.98033e-01  -3.68484e-02  9.24336e-01  1.03488e+00
2.36667e+01  1.00212e+00  1.00083e+00  -3.24583e-02  9.35912e-01  1.03329e+00
2.37714e+01  1.00265e+00  1.00361e+00  -2.77266e-02  9.48158e-01  1.03134e+00
2.38761e+01  1.00315e+00  1.00636e+00  -2.26962e-02  9.60972e-01  1.02906e+00
2.39808e+01  1.00360e+00  1.00907e+00  -1.74152e-02  9.74242e-01  1.02649e+00
2.40855e+01  1.00401e+00  1.01172e+00  -1.19368e-02  9.87842e-01  1.02365e+00
2.41903e+01  1.00437e+00  1.01427e+00  -6.31929e-03  1.00163e+00  1.02059e+00
2.42950e+01  1.00467e+00  1.01672e+00  -6.25336e-04  1.01547e+00  1.01735e+00
2.43997e+01  1.00491e+00  1.01903e+00  5.07842e-03  1.02919e+00  1.01395e+00
2.45044e+01  1.00509e+00  1.02118e+00  1.07223e-02  1.04262e+00  1.01045e+00
2.46091e+01  1.00522e+00  1.02312e+00  1.62346e-02  1.05559e+00  1.00689e+00
2.47139e+01  1.00528e+00  1.02484e+00  2.15428e-02  1.06793e+00  1.00330e+00
2.48186e+01  1.00528e+00  1.02630e+00  2.65753e-02  1.07945e+00  9.99723e-01
2.49233e+01  1.00523e+00  1.02746e+00  3.12625e-02  1.08999e+00  9.96198e-01
2.50280e+01  1.00511e+00  1.02830e+00  3.55390e-02  1.09938e+00  9.92762e-01
2.51327e+01  1.00494e+00  1.02879e+00  3.93452e-02  1.10748e+00  9.89448e-01
2.52375e+01  1.00472e+00  1.02892e+00  4.26285e-02  1.11417e+00  9.86289e-01
2.53422e+01  1.00445e+00  1.02866e+00  4.53456e-02  1.11935e+00  9.83314e-01
2.54469e+01  1.00413e+00  1.02801e+00  4.74629e-02  1.12294e+00  9.80551e-01
2.55516e+01  1.00378e+00  1.02698e+00  4.89580e-02  1.12490e+00  9.78024e-01
2.56563e+01  1.00338e+00  1.02557e+00  4.98198e-02  1.12521e+00  9.75754e-01
2.57611e+01  1.00296e+00  1.02381e+00  5.00489e-02  1.12391e+00  9.73760e-01
2.58658e+01  1.00251e+00  1.02172e+00  4.96570e-02  1.12103e+00  9.72059e-01
2.59705e+01  1.00204e+00  1.01933e+00  4.86663e-02  1.11666e+00  9.70663e-01
2.60752e+01  1.00155e+00  1.01669e+00  4.71084e-02  1.11091e+00  9.69582e-01
2.61799e+01  1.00105e+00  1.01385e+00  4.50230e-02  1.10389e+00  9.68823e-01
2.62847e+01  1.00055e+00  1.01085e+00  4.24563e-02  1.09576e+00  9.68390e-01
2.63894e+01  1.00006e+00  1.00775e+00  3.94596e-02  1.08666e+00  9.68285e-01
2.64941e+01  9.99567e-01  1.00459e+00  3.60876e-02  1.07677e+00  9.68507e-01
2.65988e+01  9.99089e-01  1.00145e+00  3.23968e-02  1.06624e+00  9.69050e-01
2.67035e+01  9.98629e-01  9.98352e-01  2.84446e-02  1.05524e+00  9.69907e-01
2.68083e+01  9.98192e-01  9.95356e-01  2.42876e-02  1.04393e+00  9.71069e-01
2.69130e+01  9.97781e-01  9.92504e-01  1.99810e-02  1.03247e+00  9.72523e-01
2.70177e+01  9.97402e-01  9.89831e-01  1.55777e-02  1.02099e+00  9.74253e-01
2.71224e+01  9.97057e-01  9.87371e-01  1.11280e-02  1.00963e+00  9.76243e-01
2.72271e+01  9.96750e-01  9.85150e-01  6.67906e-03  9.98508e-01  9.78471e-01
2.73319e+01  9.96484e-01  9.83190e-01  2.27459e-03  9.87739e-01  9.80915e-01
2.74366e+01  9.96260e-01  9.81506e-01  -2.04492e-03  9.77416e-01  9.83551e-01
2.75413e+01  9.96082e-01  9.80109e-01  -6.24233e-03  9.67624e-01  9.86351e-01
2.76460e+01  9.95949e-01  9.79003e-01  -1.02837e-02  9.58436e-01  9.89287e-01
2.77507e+01  9.95863e-01  9.78190e-01  -1.41381e-02  9.49914e-01  9.92328e-01
2.78555e+01  9.95824e-01  9.77665e-01  -1.77775e-02  9.42110e-01  9.95443e-01
2.79602e+01  9.95832e-01  9.77421e-01  -2.11766e-02  9.35068e-01  9.98598e-01
2.80649e+01  9.95885e-01  9.77447e-01  -2.43125e-02  9.28822e-01  1.00176e+00
2.81696e+01  9.95984e-01  9.77729e-01  -2.71646e-02  9.23400e-01  1.00489e+00
2.82743e+01  9.96125e-01  9.78252e-01  -2.97147e-02  9.18822e-01  1.00797e+00
2.83791e+01  9.96308e-01  9.78996e-01  -3.19466e-02  9.15103e-01  1.01094e+00
2.84838e+01  9.96528e-01  9.79944e-01  -3.38463e-02  9.12251e-01  1.01379e+00
2.85885e+01  9.96784e-01  9.81074e-01  -3.54017e-02  9.10271e-01  1.01648e+00
2.86932e+01  9.97072e-01  9.82367e-01  -3.66031e-02  9.09161e-01  1.01897e+00
2.87979e+01  9.97389e-01  9.83801e-01  -3.74426e-02  9.08916e-01  1.02124e+00
2.89027e+01  9.97730e-01  9.85356e-01  -3.79150e-02  9.09526e-01  1.02327e+00
2.90074e+01  9.98092e-01  9.87012e-01  -3.80171e-02  9.10978e-01  1.02503e+00
2.91121e+01  9.98470e-01  9.88750e-01  -3.77483e-02  9.13253e-01  1.02650e+00
2.92168e+01  9.98860e-01  9.90550e-01  -3.71107e-02  9.16329e-01  1.02766e+00
2.93215e+01  9.99258e-01  9.92397e-01  -3.61093e-02  9.20178e-01  1.02851e+00
2.94263e+01  9.99659e-01  9.94273e-01  -3.47518e-02  9.24769e-01  1.02902e+00
2.95310e+01  1.00006e+00  9.96163e-01  -3.30491e-02  9.30065e-01  1.02921e+00
2.96357e+01  1.00045e+00  9.98054e-01  -3.10154e-02  9.36023e-01  1.02907e+00
2.97404e+01  1.00083e+00  9.99931e-01  -2.86680e-02  9.42595e-01  1.02860e+00
2.98451e+01  1.00120e+00  1.00178e+00  -2.60278e-02  9.49728e-01  1.02781e+00
2.99498e+01  1.00155e+00  1.00360e+00  -2.31189e-02  9.57360e-01  1.02672e+00
3.00546e+01  1.00188e+00  1.00536e+00  -1.99688e-02  9.65424e-01  1.02533e+00
3.01593e+01  1.00219e+00  1.00707e+00  -1.66085e-02  9.73849e-01  1.02367e+00
3.02640e+01  1.00246e+00  1.00870e+00  -1.30718e-02  9.82553e-01  1.02177e+00
3.03687e+01  1.00271e+00  1.01024e+00  -9.39592e-03  9.91450e-01  1.01964e+00
3.04734e+01  1.00292e+00  1.01169e+00  -5.62034e-03  1.00045e+00  1.01731e+00
3.05782e+01  1.00309e+00  1.01303e+00  -1.78703e-03  1.00946e+00  1.01482e+00
3.06829e+01  1.00323e+00  1.01424e+00  2.06025e-03  1.01837e+00  1.01218e+00
3.07876e+01  1.00333e+00  1.01532e+00  5.87648e-03  1.02708e+00  1.00945e+00
3.08923e+01  1.00339e+00  1.01625e+00  9.61594e-03  1.03548e+00  1.00663e+00
3.09970e+01  1.00342e+00  1.01701e+00  1.32330e-02  1.04348e+00  1.00378e+00
3.11018e+01  1.00340e+00  1.01760e+00  1.66829e-02  1.05097e+00  1.00092e+00
3.12065e+01  1.00335e+00  1.01800e+00  1.99223e-02  1.05784e+00  9.98073e-01
3.13112e+01  1.00326e+00  1.01819e+00  2.29107e-02  1.06401e+00  9.95282e-01
3.14159e+01  1.00313e+00  1.01818e+00  2.56104e-02  1.06940e+00  9.92570e-01
3.15206e+01  1.00298e+00  1.01795e+00  2.79882e-02  1.07393e+00  9.89966e-01
3.16254e+01  1.00279e+00  1.01751e+00  3.00152e-02  1.07754e+00  9.87496e-01
3.17301e+01  1.00257e+00  1.01685e+00  3.16683e-02  1.08019e+00  9.85183e-01
3.18348e+01  1.00232e+00  1.01598e+00  3.29298e-02  1.08184e+00  9.83049e-01
3.19395e+01  1.00206e+00  1.01490e+00  3.37883e-02  1.08248e+00  9.81113e-01
3.20442e+01  1.00177e+00  1.01363e+00  3.42387e-02  1.08211e+00  9.79394e-01
3.21490e+01  1.00147e+00  1.01219e+00  3.42820e-02  1.08075e+00  9.77906e-01
3.22537e+01  1.00115e+00  1.01059e+00  3.39253e-02  1.07844e+00  9.76662e-01
3.23584e+01  1.00083e+00  1.00885e+00  3.31813e-02  1.07522e+00  9.75671e-01
3.24631e+01  1.00050e+00  1.00701e+00  3.20679e-02  1.07115e+00  9.74942e-01
3.25678e+01  1.00017e+00  1.00509e+00  3.06077e-02  1.06630e+00  9.74479e-01
3.26726e+01  9.99842e-01  1.00311e+00  2.88271e-02  1.06077e+00  9.74286e-01
3.27773e+01  9.99521e-01  1.00112e+00  2.67557e-02  1.05463e+00  9.74361e-01
3.28820e+01  9.99208e-01  9.99130e-01  2.44258e-02  1.04798e+00  9.74704e-01
3.29867e+01  9.98908e-01  9.97180e-01  2.18713e-02  1.04092e+00  9.75308e-01
3.30914e+01  9.98625e-01  9.95295e-01  1.91273e-02  1.03355e+00  9.76168e-01
3.31962e+01  9.98360e-01  9.93503e-01  1.62295e-02  1.02596e+00  9.77273e-01
3.33009e+01  9.98116e-01  9.91826e-01  1.32135e-02  1.01825e+00  9.78612e-01
3.34056e+01  9.97896e-01  9.90285e-01  1.01145e-02  1.01051e+00  9.80171e-01
3.35103e+01  9.97703e-01  9.88900e-01  6.96685e-03  1.00283e+00  9.81933e-01
3.36150e+01  9.97537e-01  9.87684e-01  3.80381e-03  9.95292e-01  9.83880e-01
3.37198e+01  9.97401e-01  9.86650e-01  6.57229e-04  9.87965e-01  9.85993e-01
3.38245e+01  9.97295e-01  9.85807e-01  -2.44258e-03  9.80922e-01  9.88249e-01
3.39292e+01  9.97220e-01  9.85158e-01  -5.46693e-03  9.74225e-01  9.90625e-01
3.40339e+01  9.97177e-01  9.84707e-01  -8.38889e-03  9.67930e-01  9.93096e-01
3.41386e+01  9.97166e-01  9.84453e-01  -1.11833e-02  9.62087e-01  9.95636e-01
3.42434e+01  9.97186e-01  9.84392e-01  -1.38267e-02  9.56738e-01  9.98218e-01
3.43481e+01  9.97238e-01  9.84517e-01  -1.62976e-02  9.51921e-01  1.00081e+00
3.44528e+01  9.97319e-01  9.84820e-01  -1.85763e-02  9.47667e-01  1.00340e+00
3.45575e+01  9.97429e-01  9.85291e-01  -2.06447e-02  9.44001e-01  1.00594e+00
3.46622e+01  9.97567e-01  9.85918e-01  -2.24869e-02  9.40944e-01  1.00840e+00
3.47670e+01  9.97729e-01  9.86687e-01  -2.40885e-02  9.38510e-01  1.01078e+00
3.48717e+01  9.97916e-01  9.87584e-01  -2.54372e-02  9.36709e-01  1.01302e+00
3.49764e+01  9.98123e-01  9.88594e-01  -2.65227e-02  9.35549e-01  1.01512e+00
3.50811e+01  9.98349e-01  9.89702e-01  -2.73364e-02  9.35029e-01  1.01704e+00
3.51858e+01  9.98591e-01  9.90892e-01  -2.78722e-02  9.35147e-01  1.01876e+00
3.52906e+01  9.98845e-01  9.92148e-01  -2.81259e-02  9.35897e-01  1.02027e+00
3.53953e+01  9.99110e-01  9.93456e-01  -2.80954e-02  9.37265e-01  1.02155e+00
3.55000e+01  9.99382e-01  9.94801e-01  -2.77813e-02  9.39238e-01  1.02258e+00
3.56047e+01  9.99658e-01  9.96168e-01  -2.71862e-02  9.41795e-01  1.02335e+00
3.57094e+01  9.99934e-01  9.97544e-01  -2.63155e-02  9.44913e-01  1.02386e+00
3.58142e+01  1.00021e+00  9.98917e-01  -2.51770e-02  9.48563e-01  1.02409e+00
3.59189e+01  1.00048e+00  1.00028e+00  -2.37809e-02  9.52713e-01  1.02406e+00
3.60236e+01  1.00074e+00  1.00161e+00  -2.21404e-02  9.57326e-01  1.02375e+00
3.61283e+01  1.00099e+00  1.00290e+00  -2.02709e-02  9.62361e-01  1.02317e+00
3.62330e+01  1.00123e+00  1.00415e+00  -1.81906e-02  9.67771e-01  1.02234e+00
3.63378e+01  1.00145e+00  1.00535e+00  -1.59202e-02  9.73507e-01  1.02127e+00
3.64425e+01  1.00165e+00  1.00648e+00  -1.34826e-02  9.79514e-01  1.01996e+00
3.65472e+01  1.00183e+00  1.00754e+00  -1.09032e-02  9.85734e-01  1.01844e+00
3.66519e+01  1.00199e+00  1.00852e+00  -8.20931e-03  9.92103e-01  1.01673e+00
3.67566e+01  1.00212e+00  1.00942e+00  -5.43002e-03  9.98555e-01  1.01485e+00
3.68614e+01  1.00223e+00  1.01022e+00  -2.59599e-03  1.00502e+00  1.01281e+00
3.69661e+01  1.00231e+00  1.01091e+00  2.60928e-04  1.01144e+00  1.01065e+00
3.70708e+01  1.00237e+00  1.01150e+00  3.10811e-03  1.01772e+00  1.00840e+00
3.71755e+01  1.00240e+00  1.01198e+00  5.91256e-03  1.02380e+00  1.00607e+00
3.72802e+01  1.00240e+00  1.01233e+00  8.64136e-03  1.02962e+00  1.00369e+00
3.73850e+01  1.00238e+00  1.01256e+00  1.12622e-02  1.03508e+00  1.00130e+00
3.74897e+01  1.00233e+00  1.01265e+00  1.37438e-02  1.04014e+00  9.98911e-01
3.75944e+01  1.00225e+00  1.01261e+00  1.60565e-02  1.04473e+00  9.96557e-01
3.76991e+01  1.00215e+00  1.01243e+00  1.81727e-02  1.04878e+00  9.94260e-01
3.78038e+01  1.00203e+00  1.01211e+00  2.00675e-02  1.05225e+00  9.92046e-01
3.79086e+01  1.00188e+00  1.01165e+00  2.17189e-02  1.05509e+00  9.89935e-01
3.80133e+01  1.00172e+00  1.01106e+00  2.31083e-02  1.05727e+00  9.87950e-01
3.81180e+01  1.00154e+00  1.01033e+00  2.42208e-02  1.05877e+00  9.86109e-01
3.82227e+01  1.00134e+00  1.00948e+00  2.50453e-02  1.05957e+00  9.84431e-01
3.83274e+01  1.00113e+00  1.00851e+00  2.55750e-02  1.05966e+00  9.82930e-01
3.84322e+01  1.00091e+00  1.00743e+00  2.58072e-02  1.05904e+00  9.81622e-01
3.85369e+01  1.00068e+00  1.00626e+00  2.57430e-02  1.05775e+00  9.80516e-01
3.86416e+01  1.00045e+00  1.00501e+00  2.53878e-02  1.05579e+00  9.79624e-01
3.87463e+01  1.00021e+00  1.00370e+00  2.47506e-02  1.05320e+00  9.78952e-01
3.88510e+01  9.99978e-01  1.00235e+00  2.38436e-02  1.05004e+00  9.78506e-01
3.89557e+01  9.99745e-01  1.00097e+00  2.26827e-02  1.04634e+00  9.78288e-01
3.90605e+01  9.99517e-01  9.99587e-01  2.12859e-02  1.04216e+00  9.78301e-01
3.91652e+01  9.99297e-01  9.98216e-01  1.96740e-02  1.03756e+00  9.78542e-01
3.92699e+01  9.99087e-01  9.96878e-01  1.78695e-02  1.03262e+00  9.79008e-01
3.93746e+01  9.98890e-01  9.95590e-01  1.58965e-02  1.02738e+00  9.79694e-01
3.94793e+01  9.98707e-01  9.94371e-01  1.37800e-02  1.02193e+00  9.80591e-01
3.95841e+01  9.98540e-01  9.93237e-01  1.15459e-02  1.01633e+00  9.81691e-01
3.96888e+01  9.98391e-01  9.92202e-01  9.22048e-03  1.01064e+00  9.82981e-01
3.97935e+01  9.98261e-01  9.91278e-01  6.82988e-03  1.00494e+00  9.84448e-01
3.98982e+01  9.98152e-01  9.90478e-01  4.40016e-03  9.99278e-01  9.86078e-01
4.00029e+01  9.98065e-01  9.89808e-01  1.95683e-03  9.93722e-01  9.87852e-01
4.01077e+01  9.97999e-01  9.89277e-01  -4.75230e-04  9.88326e-01  9.89752e-01
4.02124e+01  9.97957e-01  9.88886e-01  -2.87203e-03  9.83142e-01  9.91758e-01
4.03171e+01  9.97938e-01  9.88640e-01  -5.21056e-03  9.78218e-01  9.93850e-01
4.04218e+01  9.97942e-01  9.88536e-01  -7.46891e-03  9.73598e-01  9.96005e-01
4.05265e+01  9.97969e-01  9.88573e-01  -9.62639e-03  9.69320e-01  9.98199e-01
4.06313e+01  9.98018e-01  9.88746e-01  -1.16636e-02  9.65419e-01  1.00041e+00
4.07360e+01  9.98089e-01  9.89050e-01  -1.35626e-02  9.61925e-01  1.00261e+00
4.08407e+01  9.98180e-01  9.89476e-01  -1.53066e-02  9.58863e-01  1.00478e+00
4.09454e+01  9.98291e-01  9.90016e-01  -1.68808e-02  9.56255e-01  1.00690e+00
4.10501e+01  9.98419e-01  9.90660e-01  -1.82714e-02  9.54118e-01  1.00893e+00
4.11549e+01  9.98564e-01  9.91397e-01  -1.94666e-02  9.52464e-01  1.01086e+00
4.12596e+01  9.98724e-01  9.92215e-01  -2.04562e-02  9.51303e-01  1.01267e+00
4.13643e+01  9.98896e-01  9.93102e-01  -2.12317e-02  9.50639e-01  1.01433e+00
4.14690e+01  9.99079e-01  9.94047e-01  -2.17864e-02  9.50474e-01  1.01583e+00
4.15737e+01  9.99270e-01  9.95035e-01  -2.21157e-02  9.50804e-01  1.01715e+00
4.16785e+01  9.99468e-01  9.96057e-01  -2.22167e-02  9.51623e-01  1.01827e+00
4.17832e+01  9.99670e-01  9.97099e-01  -2.20887e-02  9.52921e-01  1.01919e+00
4.18879e+01  9.99874e-01  9.98150e-01  -2.17328e-02  9.54684e-01  1.01988e+00
4.19926e+01  1.00008e+00  9.99200e-01  -2.11525e-02  9.56895e-01  1.02035e+00
4.20973e+01  1.00028e+00  1.00024e+00  -2.03533e-02  9.59531e-01  1.02059e+00
4.22021e+01  1.00047e+00  1.00125e+00  -1.93429e-02  9.62569e-01  1.02060e+00
4.23068e+01  1.00066e+00  1.00224e+00  -1.81312e-02  9.65979e-01  1.02037e+00
4.24115e+01  1.00084e+00  1.00319e+00  -1.67301e-02  9.69729e-01  1.01992e+00
4.25162e+01  1.00101e+00  1.00409e+00  -1.51536e-02  9.73785e-01  1.01925e+00
4.26209e+01  1.00117e+00  1.00494e+00  -1.34179e-02  9.78107e-01  1.01836e+00
4.27257e+01  1.00131e+00  1.00573e+00  -1.15408e-02  9.82653e-01  1.01727e+00
4.28304e+01  1.00143e+00  1.00646e+00  -9.54212e-03  9.87377e-01  1.01600e+00
4.29351e+01  1.00154e+00  1.00712e+00  -7.44317e-03  9.92232e-01  1.01456e+00
4.30398e+01  1.00163e+00  1.00770e+00  -5.26668e-03  9.97167e-01  1.01297e+00
4.31445e+01  1.00170e+00  1.00820e+00  -3.03654e-03  1.00213e+00  1.01124e+00
4.32493e+01  1.00176e+00  1.00862e+00  -7.77576e-04  1.00707e+00  1.00940e+00
4.33540e+01  1.00179e+00  1.00896e+00  1.48478e-03  1.01193e+00  1.00747e+00
4.34587e+01  1.00180e+00  1.00920e+00  3.72477e-03  1.01665e+00  1.00548e+00
4.35634e+01  1.00179e+00  1.00935e+00  5.91670e-03  1.02118e+00  1.00343e+00
4.36681e+01  1.00176e+00  1.00940e+00  8.03521e-03  1.02547e+00  1.00137e+00
4.37729e+01  1.00171e+00  1.00936e+00  1.00557e-02  1.02947e+00  9.99305e-01
4.38776e+01  1.00165e+00  1.00922e+00  1.19547e-02  1.03313e+00  9.97264e-01
4.39823e+01  1.00156e+00  1.00898e+00  1.37102e-02  1.03640e+00  9.95268e-01
4.40870e+01  1.00146e+00  1.00864e+00  1.53019e-02  1.03924e+00  9.93338e-01
4.41917e+01  1.00134e+00  1.00821e+00  1.67116e-02  1.04163e+00  9.91494e-01
4.42965e+01  1.00121e+00  1.00768e+00  1.79237e-02  1.04353e+00  9.89754e-01
4.44012e+01  1.00107e+00  1.00706e+00  1.89251e-02  1.04491e+00  9.88137e-01
4.45059e+01  1.00091e+00  1.00636e+00  1.97053e-02  1.04577e+00  9.86657e-01
4.46106e+01  1.00075e+00  1.00559e+00  2.02572e-02  1.04610e+00  9.85329e-01
4.47153e+01  1.00058e+00  1.00474e+00  2.05763e-02  1.04589e+00  9.84165e-01
4.48201e+01  1.00041e+00  1.00384e+00  2.06613e-02  1.04516e+00  9.83177e-01
4.49248e+01  1.00023e+00  1.00289e+00  2.05140e-02  1.04392e+00  9.82374e-01
4.50295e+01  1.00005e+00  1.00190e+00  2.01390e-02  1.04218e+00  9.81762e-01
4.51342e+01  9.99874e-01  1.00089e+00  1.95436e-02  1.03998e+00  9.81347e-01
4.52389e+01  9.99699e-01  9.99869e-01  1.87377e-02  1.03734e+00  9.81131e-01
4.53437e+01  9.99530e-01  9.98850e-01  1.77336e-02  1.03432e+00  9.81116e-01
4.54484e+01  9.99367e-01  9.97848e-01  1.65456e-02  1.03094e+00  9.81302e-01
4.55531e+01  9.99212e-01  9.96875e-01  1.51898e-02  1.02725e+00  9.81685e-01
4.56578e+01  9.99068e-01  9.95946e-01  1.36839e-02  1.02331e+00  9.82262e-01
4.57625e+01  9.98935e-01  9.95072e-01  1.20468e-02  1.01917e+00  9.83025e-01
4.58673e+01  9.98815e-01  9.94265e-01  1.02982e-02  1.01486e+00  9.83967e-01
4.59720e+01  9.98710e-01  9.93536e-01  8.45863e-03  1.01045e+00  9.85077e-01
4.60767e+01  9.98619e-01  9.92893e-01  6.54903e-03  1.00599e+00  9.86344e-01
4.61814e+01  9.98545e-01  9.92345e-01  4.59046e-03  1.00153e+00  9.87755e-01
4.62861e+01  9.98488e-01  9.91898e-01  2.60398e-03  9.97106e-01  9.89294e-01
4.63909e+01  9.98448e-01  9.91556e-01  6.10400e-04  9.92777e-01  9.90945e-01
4.64956e+01  9.98425e-01  9.91322e-01  -1.36987e-03  9.88582e-01  9.92692e-01
4.66003e+01  9.98420e-01  9.91198e-01  -3.31700e-03  9.84564e-01  9.94515e-01
4.67050e+01  9.98433e-01  9.91183e-01  -5.21187e-03  9.80759e-01  9.96395e-01
4.68097e+01  9.98463e-01  9.91276e-01  -7.03618e-03  9.77203e-01  9.98312e-01
4.69145e+01  9.98510e-01  9.91472e-01  -8.77259e-03  9.73927e-01  1.00024e+00
4.70192e+01  9.98573e-01  9.91768e-01  -1.04048e-02  9.70958e-01  1.00217e+00
4.71239e+01  9.98652e-01  9.92157e-01  -1.19176e-02  9.68321e-01  1.00407e+00
4.72286e+01  9.98745e-01  9.92631e-01  -1.32972e-02  9.66037e-01  1.00593e+00
4.73333e+01  9.98851e-01  9.93184e-01  -1.45307e-02  9.64123e-01  1.00772e+00
4.74380e+01  9.98969e-01  9.93806e-01  -1.56071e-02  9.62592e-01  1.00941e+00
4.75428e+01  9.99098e-01  9.94488e-01  -1.65165e-02  9.61455e-01  1.01100e+00
4.76475e+01  9.99235e-01  9.95220e-01  -1.72507e-02  9.60719e-01  1.01247e+00
4.77522e+01  9.99380e-01  9.95993e-01  -1.78028e-02  9.60387e-01  1.01380e+00
4.78569e+01  9.99531e-01  9.96795e-01  -1.81681e-02  9.60459e-01  1.01496e+00
4.79616e+01  9.99686e-01  9.97618e-01  -1.83430e-02  9.60932e-01  1.01596e+00
4.80664e+01  9.99844e-01  9.98451e-01  -1.83261e-02  9.61799e-01  1.01678e+00
4.81711e+01  1.00000e+00  9.99285e-01  -1.81176e-02  9.63050e-01  1.01740e+00
4.82758e+01  1.00016e+00  1.00011e+00  -1.77197e-02  9.64673e-01  1.01783e+00
4.83805e+01  1.00031e+00  1.00092e+00  -1.71362e-02  9.66650e-01  1.01806e+00
4.84852e+01  1.00046e+00  1.00171e+00  -1.63730e-02  9.68964e-01  1.01808e+00
4.85900e+01  1.00060e+00  1.00247e+00  -1.54377e-02  9.71591e-01  1.01790e+00
4.86947e+01  1.00074e+00  1.00318e+00  -1.43399e-02  9.74505e-01  1.01752e+00
4.87994e+01  1.00086e+00  1.00386e+00  -1.30907e-02  9.77679e-01  1.01695e+00
4.89041e+01  1.00098e+00  1.00449e+00  -1.17030e-02  9.81081e-01  1.01619e+00
4.90088e+01  1.00108e+00  1.00506e+00  -1.01915e-02  9.84678e-01  1.01525e+00
4.91136e+01  1.00117e+00  1.00558e+00  -8.57220e-03  9.88433e-01  1.01415e+00
4.92183e+01  1.00125e+00  1.00603e+00  -6.86235e-03  9.92308e-01  1.01290e+00
4.93230e+01  1.00131e+00  1.00642e+00  -5.08054e-03  9.96263e-01  1.01150e+00
4.94277e+01  1.00136e+00  1.00675e+00  -3.24630e-03  1.00026e+00  1.00999e+00
4.95324e+01  1.00139e+00  1.00700e+00  -1.37992e-03  1.00424e+00  1.00838e+00
4.96372e+01  1.00140e+00  1.00719e+00  4.97770e-04  1.00818e+00  1.00669e+00
4.97419e+01  1.00140e+00  1.00730e+00  2.36562e-03  1.01203e+00  1.00493e+00
4.98466e+01  1.00139e+00  1.00734e+00  4.20248e-03  1.01574e+00  1.00313e+00
4.99513e+01  1.00136e+00  1.00730e+00  5.98741e-03  1.01927e+00  1.00131e+00
5.00560e+01  1.00131e+00  1.00719e+00  7.70003e-03  1.02259e+00  9.99487e-01
5.01608e+01  1.00125e+00  1.00700e+00  9.32072e-03  1.02564e+00  9.97679e-01
5.02655e+01  1.00118e+00  1.00674e+00  1.08310e-02  1.02840e+00  9.95909e-01
5.03702e+01  1.00109e+00  1.00641e+00  1.22136e-02  1.03084e+00  9.94194e-01
5.04749e+01  1.00099e+00  1.00601e+00  1.34530e-02  1.03291e+00  9.92553e-01
5.05796e+01  1.00088e+00  1.00554e+00  1.45354e-02  1.03461e+00  9.91003e-01
5.06844e+01  1.00077e+00  1.00501e+00  1.54490e-02  1.03591e+00  9.89558e-01
5.07891e+01  1.00064e+00  1.00442e+00  1.61842e-02  1.03679e+00  9.88234e-01
5.08938e+01  1.00051e+00  1.00378e+00  1.67336e-02  1.03724e+00  9.87044e-01
5.09985e+01  1.00037e+00  1.00309e+00  1.70924e-02  1.03728e+00  9.85999e-01
5.11032e+01  1.00023e+00  1.00237e+00  1.72579e-02  1.03688e+00  9.85109e-01
5.12080e+01  1.00009e+00  1.00161e+00  1.72300e-02  1.03607e+00  9.84382e-01
5.13127e+01  9.99953e-01  1.00084e+00  1.70109e-02  1.03486e+00  9.83825e-01
5.14174e+01  9.99814e-01  1.00005e+00  1.66051e-02  1.03326e+00  9.83444e-01
5.15221e+01  9.99678e-01  9.99259e-01  1.60194e-02  1.03130e+00  9.83240e-01
5.16268e+01  9.99547e-01  9.98478e-01  1.52622e-02  1.02900e+00  9.83216e-01
5.17316e+01  9.99422e-01  9.97714e-01  1.43443e-02  1.02640e+00  9.83370e-01
5.18363e+01  9.99304e-01  9.96979e-01  1.32777e-02  1.02353e+00  9.83702e-01
5.19410e+01  9.99194e-01  9.96282e-01  1.20761e-02  1.02043e+00  9.84206e-01
5.20457e+01  9.99095e-01  9.95632e-01  1.07543e-02  1.01714e+00  9.84878e-01
5.21504e+01  9.99006e-01  9.95038e-01  9.32819e-03  1.01369e+00  9.85709e-01
5.22552e+01  9.98929e-01  9.94507e-01  7.81444e-03  1.01014e+00  9.86692e-01
5.23599e+01  9.98865e-01  9.94046e-01  6.23029e-03  1.00651e+00  9.87816e-01
5.24646e+01  9.98813e-01  9.93662e-01  4.59338e-03  1.00285e+00  9.89069e-01
5.25693e+01  9.98775e-01  9.93358e-01  2.92151e-03  9.99201e-01  9.90437e-01
5.26740e+01  9.98752e-01  9.93139e-01  1.23251e-03  9.95604e-01  9.91907e-01
5.27788e+01  9.98742e-01  9.93006e-01  -4.55935e-04  9.92094e-01  9.93462e-01
5.28835e+01  9.98746e-01  9.92960e-01  -2.12647e-03  9.88707e-01  9.95086e-01
5.29882e+01  9.98764e-01  9.93000e-01  -3.76220e-03  9.85476e-01  9.96762e-01
5.30929e+01  9.98796e-01  9.93125e-01  -5.34679e-03  9.82432e-01  9.98472e-01
5.31976e+01  9.98841e-01  9.93332e-01  -6.86464e-03  9.79603e-01  1.00020e+00
5.33024e+01  9.98898e-01  9.93617e-01  -8.30094e-03  9.77015e-01  1.00192e+00
5.34071e+01  9.98968e-01  9.93974e-01  -9.64181e-03  9.74691e-01  1.00362e+00
5.35118e+01  9.99048e-01  9.94398e-01  -1.08744e-02  9.72650e-01  1.00527e+00
5.36165e+01  9.99139e-01  9.94883e-01  -1.19869e-02  9.70909e-01  1.00687e+00
5.37212e+01  9.99238e-01  9.95420e-01  -1.29688e-02  9.69482e-01  1.00839e+00
5.38260e+01  9.99346e-01  9.96002e-01  -1.38107e-02  9.68380e-01  1.00981e+00
5.39307e+01  9.99459e-01  9.96621e-01  -1.45048e-02  9.67611e-01  1.01113e+00
5.40354e+01  9.99579e-01  9.97268e-01  -1.50443e-02  9.67180e-01  1.01231e+00
5.41401e+01  9.99702e-01  9.97936e-01  -1.54242e-02  9.67088e-01  1.01336e+00
5.42448e+01  9.99827e-01  9.98616e-01  -1.56409e-02  9.67334e-01  1.01426e+00
5.43496e+01  9.99954e-01  9.99299e-01  -1.56924e-02  9.67914e-01  1.01499e+00
5.44543e+01  1.00008e+00  9.99979e-01  -1.55783e-02  9.68822e-01  1.01556e+00
5.45590e+01  1.00020e+00  1.00065e+00  -1.52997e-02  9.70047e-01  1.01595e+00
5.46637e+01  1.00033e+00  1.00130e+00  -1.48596e-02  9.71578e-01  1.01616e+00
5.47684e+01  1.00044e+00  1.00192e+00  -1.42623e-02  9.73398e-01  1.01618e+00
5.48732e+01  1.00055e+00  1.00252e+00  -1.35140e-02  9.75489e-01  1.01603e+00
5.49779e+01  1.00066e+00  1.00308e+00  -1.26225e-02  9.77832e-01  1.01570e+00
5.50826e+01  1.00076e+00  1.00360e+00  -1.15970e-02  9.80402e-01  1.01519e+00
5.51873e+01  1.00084e+00  1.00407e+00  -1.04481e-02  9.83174e-01  1.01452e+00
5.52920e+01  1.00092e+00  1.00450e+00  -9.18817e-03  9.86120e-01  1.01368e+00
5.53968e+01  1.00099e+00  1.00487e+00  -7.83050e-03  9.89211e-01  1.01270e+00
5.55015e+01  1.00104e+00  1.00519e+00  -6.38973e-03  9.92414e-01  1.01158e+00
5.56062e+01  1.00108e+00  1.00546e+00  -4.88150e-03  9.95697e-01  1.01034e+00
5.57109e+01  1.00111e+00  1.00567e+00  -3.32230e-03  9.99024e-01  1.00899e+00
5.58156e+01  1.00113e+00  1.00582e+00  -1.72933e-03  1.00236e+00  1.00755e+00
5.59203e+01  1.00114e+00  1.00591e+00  -1.20292e-04  1.00567e+00  1.00603e+00
5.60251e+01  1.00113e+00  1.00594e+00  1.48684e-03  1.00891e+00  1.00445e+00
5.61298e+01  1.00111e+00  1.00591e+00  3.07400e-03  1.01206e+00  1.00284e+00
5.62345e+01  1.00108e+00  1.00582e+00  4.62328e-03  1.01507e+00  1.00120e+00
5.63392e+01  1.00103e+00  1.00567e+00  6.11714e-03  1.01791e+00  9.99557e-01
5.64439e+01  1.00098e+00  1.00547e+00  7.53866e-03  1.02055e+00  9.97929e-01
5.65487e+01  1.00091e+00  1.00521e+00  8.87174e-03  1.02295e+00  9.96333e-01
5.66534e+01  1.00084e+00  1.00489e+00  1.01013e-02  1.02509e+00  9.94786e-01
5.67581e+01  1.00075e+00  1.00452e+00  1.12137e-02  1.02694e+00  9.93304e-01
5.68628e+01  1.00066e+00  1.00410e+00  1.21964e-02  1.02849e+00  9.91902e-01
5.69675e+01  1.00056e+00  1.00363e+00  1.30388e-02  1.02971e+00  9.90595e-01
5.70723e+01  1.00046e+00  1.00313e+00  1.37318e-02  1.03059e+00  9.89396e-01
5.71770e+01  1.00035e+00  1.00259e+00  1.42683e-02  1.03112e+00  9.88317e-01
5.72817e+01  1.00023e+00  1.00201e+00  1.46431e-02  1.03130e+00  9.87369e-01
5.73864e+01  1.00012e+00  1.00141e+00  1.48531e-02  1.03112e+00  9.86560e-01
5.74911e+01  1.00000e+00  1.00080e+00  1.48971e-02  1.03059e+00  9.85899e-01
5.75959e+01  9.99891e-01  1.00017e+00  1.47758e-02  1.02972e+00  9.85392e-01
5.77006e+01  9.99778e-01  9.99535e-01  1.44921e-02  1.02852e+00  9.85043e-01
5.78053e+01  9.99669e-01  9.98906e-01  1.40505e-02  1.02701e+00  9.84855e-01
5.79100e+01  9.99565e-01  9.98288e-01  1.34576e-02  1.02520e+00  9.84830e-01
5.80147e+01  9.99466e-01  9.97688e-01  1.27213e-02  1.02313e+00  9.84967e-01
5.81195e+01  9.99373e-01  9.97116e-01  1.18513e-02  1.02082e+00  9.85265e-01
5.82242e+01  9.99288e-01  9.96578e-01  1.08585e-02  1.01830e+00  9.85720e-01
5.83289e+01  9.99212e-01  9.96081e-01  9.75502e-03  1.01559e+00  9.86326e-01
5.84336e+01  9.99145e-01  9.95633e-01  8.55403e-03  1.01274e+00  9.87079e-01
5.85383e+01  9.99088e-01  9.95238e-01  7.26950e-03  1.00978e+00  9.87968e-01
5.86431e+01  9.99041e-01  9.94902e-01  5.91606e-03  1.00673e+00  9.88986e-01
5.87478e+01  9.99005e-01  9.94629e-01  4.50883e-03  1.00365e+00  9.90121e-01
5.88525e+01  9.98981e-01  9.94424e-01  3.06326e-03  1.00055e+00  9.91361e-01
5.89572e+01  9.98968e-01  9.94288e-01  1.59493e-03  9.97478e-01  9.92693e-01
5.90619e+01  9.98967e-01  9.94222e-01  1.19422e-04  9.94461e-01  9.94103e-01
5.91667e+01  9.98977e-01  9.94228e-01  -1.34783e-03  9.91532e-01  9.95576e-01
5.92714e+01  9.98999e-01  9.94304e-01  -2.79168e-03  9.88720e-01  9.97095e-01
5.93761e+01  9.99031e-01  9.94448e-01  -4.19740e-03  9.86054e-01  9.98646e-01
5.94808e+01  9.99074e-01  9.94659e-01  -5.55081e-03  9.83557e-01  1.00021e+00
5.95855e+01  9.99127e-01  9.94932e-01  -6.83835e-03  9.81256e-01  1.00177e+00
5.96903e+01  9.99190e-01  9.95264e-01  -8.04725e-03  9.79169e-01  1.00331e+00
5.97950e+01  9.99261e-01  9.95648e-01  -9.16558e-03  9.77317e-01  1.00481e+00
5.98997e+01  9.99340e-01  9.96079e-01  -1.01824e-02  9.75714e-01  1.00626e+00
6.00044e+01  9.99426e-01  9.96551e-01  -1.10876e-02  9.74376e-01  1.00764e+00
6.01091e+01  9.99518e-01  9.97058e-01  -1.18726e-02  9.73313e-01  1.00893e+00
6.02139e+01  9.99615e-01  9.97592e-01  -1.25296e-02  9.72533e-01  1.01012e+00
6.03186e+01  9.99715e-01  9.98146e-01  -1.30521e-02  9.72042e-01  1.01120e+00
6.04233e+01  9.99818e-01  9.98713e-01  -1.34352e-02  9.71843e-01  1.01215e+00
6.05280e+01  9.99923e-01  9.99286e-01  -1.36751e-02  9.71936e-01  1.01296e+00
6.06327e+01  1.00003e+00  9.99859e-01  -1.37695e-02  9.72320e-01  1.01363e+00
6.07375e+01  1.00013e+00  1.00042e+00  -1.37176e-02  9.72989e-01  1.01414e+00
6.08422e+01  1.00023e+00  1.00098e+00  -1.35198e-02  9.73936e-01  1.01450e+00
6.09469e+01  1.00033e+00  1.00151e+00  -1.31782e-02  9.75151e-01  1.01469e+00
6.10516e+01  1.00043e+00  1.00202e+00  -1.26965e-02  9.76622e-01  1.01471e+00
6.11563e+01  1.00051e+00  1.00249e+00  -1.20796e-02  9.78334e-01  1.01457e+00
6.12611e+01  1.00060e+00  1.00294e+00  -1.13339e-02  9.80269e-01  1.01427e+00
6.13658e+01  1.00067e+00  1.00334e+00  -1.04673e-02  9.82409e-01  1.01381e+00
6.14705e+01  1.00074e+00  1.00371e+00  -9.48895e-03  9.84731e-01  1.01320e+00
6.15752e+01  1.00080e+00  1.00403e+00  -8.40918e-03  9.87213e-01  1.01244e+00
6.16799e+01  1.00085e+00  1.00431e+00  -7.23958e-03  9.89828e-01  1.01155e+00
6.17847e+01  1.00089e+00  1.00454e+00  -5.99277e-03  9.92551e-01  1.01053e+00
6.18894e+01  1.00092e+00  1.00472e+00  -4.68230e-03  9.95351e-01  1.00940e+00
6.19941e+01  1.00094e+00  1.00485e+00  -3.32249e-03  9.98201e-01  1.00817e+00
6.20988e+01  1.00095e+00  1.00493e+00  -1.92830e-03  1.00107e+00  1.00685e+00
6.22035e+01  1.00094e+00  1.00496e+00  -5.15170e-04  1.00393e+00  1.00547e+00
6.23083e+01  1.00093e+00  1.00494e+00  9.01184e-04  1.00674e+00  1.00403e+00
6.24130e+01  1.00091e+00  1.00486e+00  2.30493e-03  1.00947e+00  1.00256e+00
6.25177e+01  1.00088e+00  1.00474e+00  3.68032e-03  1.01211e+00  1.00106e+00
6.26224e+01  1.00083e+00  1.00458e+00  5.01190e-03  1.01460e+00  9.99566e-01
6.27271e+01  1.00078e+00  1.00436e+00  6.28466e-03  1.01693e+00  9.98079e-01
6.28319e+01  1.00072e+00  1.00410e+00  7.48430e-03  1.01907e+00  9.96620e-01
6.29366e+01  1.00066e+00  1.00380e+00  8.59735e-03  1.02100e+00  9.95206e-01
6.30413e+01  1.00058e+00  1.00346e+00  9.61136e-03  1.02268e+00  9.93851e-01
6.31460e+01  1.00050e+00  1.00308e+00  1.05151e-02  1.02411e+00  9.92568e-01
6.32507e+01  1.00041e+00  1.00267e+00  1.12986e-02  1.02527e+00  9.91373e-01
6.33555e+01  1.00032e+00  1.00223e+00  1.19536e-02  1.02614e+00  9.90275e-01
6.34602e+01  1.00023e+00  1.00176e+00  1.24730e-02  1.02671e+00  9.89288e-01
6.35649e+01  1.00014e+00  1.00127e+00  1.28517e-02  1.02697e+00  9.88420e-01
6.36696e+01  1.00004e+00  1.00077e+00  1.30862e-02  1.02694e+00  9.87679e-01
6.37743e+01  9.99944e-01  1.00025e+00  1.31747e-02  1.02660e+00  9.87075e-01
6.38791e+01  9.99849e-01  9.99728e-01  1.31171e-02  1.02596e+00  9.86611e-01
6.39838e+01  9.99756e-01  9.99207e-01  1.29150e-02  1.02504e+00  9.86292e-01
6.40885e+01  9.99667e-01  9.98693e-01  1.25720e-02  1.02384e+00  9.86121e-01
6.41932e+01  9.99582e-01  9.98193e-01  1.20927e-02  1.02238e+00  9.86100e-01
6.42979e+01  9.99502e-01  9.97712e-01  1.14837e-02  1.02068e+00  9.86228e-01
6.44026e+01  9.99428e-01  9.97257e-01  1.07528e-02  1.01876e+00  9.86504e-01
6.45074e+01  9.99361e-01  9.96833e-01  9.90894e-03  1.01665e+00  9.86924e-01
6.46121e+01  9.99301e-01  9.96446e-01  8.96247e-03  1.01437e+00  9.87483e-01
6.47168e+01  9.99250e-01  9.96101e-01  7.92454e-03  1.01195e+00  9.88177e-01
6.48215e+01  9.99207e-01  9.95803e-01  6.80717e-03  1.00942e+00  9.88996e-01
6.49262e+01  9.99173e-01  9.95556e-01  5.62309e-03  1.00680e+00  9.89933e-01
6.50310e+01  9.99148e-01  9.95364e-01  4.38555e-03  1.00413e+00  9.90978e-01
6.51357e+01  9.99134e-01  9.95228e-01  3.10819e-03  1.00144e+00  9.92119e-01
6.52404e+01  9.99128e-01  9.95150e-01  1.80489e-03  9.98760e-01  9.93345e-01
6.53451e+01  9.99133e-01  9.95132e-01  4.89603e-04  9.96111e-01  9.94642e-01
6.54498e+01  9.99147e-01  9.95173e-01  -8.23741e-04  9.93526e-01  9.95997e-01
6.55546e+01  9.99171e-01  9.95273e-01  -2.12140e-03  9.91030e-01  9.97394e-01
6.56593e+01  9.99204e-01  9.95430e-01  -3.38993e-03  9.88650e-01  9.98820e-01
6.57640e+01  9.99246e-01  9.95641e-01  -4.61630e-03  9.86408e-01  1.00026e+00
6.58687e+01  9.99295e-01  9.95903e-01  -5.78803e-03  9.84327e-01  1.00169e+00
6.59734e+01  9.99353e-01  9.96212e-01  -6.89324e-03  9.82426e-01  1.00311e+00
6.60782e+01  9.99417e-01  9.96565e-01  -7.92082e-03  9.80723e-01  1.00449e+00
6.61829e+01  9.99487e-01  9.96954e-01  -8.86047e-03  9.79233e-01  1.00581e+00
6.62876e+01  9.99563e-01  9.97376e-01  -9.70280e-03  9.77970e-01  1.00708e+00
6.63923e+01  9.99643e-01  9.97824e-01  -1.04394e-02  9.76945e-01  1.00826e+00
6.64970e+01  9.99727e-01  9.98292e-01  -1.10630e-02  9.76166e-01  1.00936e+00
6.66018e+01  9.99814e-01  9.98774e-01  -1.15673e-02  9.75640e-01  1.01034e+00
6.67065e+01  9.99902e-01  9.99265e-01  -1.19474e-02  9.75370e-01  1.01121e+00
6.68112e+01  9.99991e-01  9.99756e-01  -1.21994e-02  9.75358e-01  1.01196e+00
6.69159e+01  1.00008e+00  1.00024e+00  -1.23209e-02  9.75602e-01  1.01257e+00
6.70206e+01  1.00017e+00  1.00072e+00  -1.23107e-02  9.76101e-01  1.01303e+00
6.71254e+01  1.00025e+00  1.00119e+00  -1.21690e-02  9.76847e-01  1.01335e+00
6.72301e+01  1.00033e+00  1.00163e+00  -1.18973e-02  9.77834e-01  1.01353e+00
6.73348e+01  1.00041e+00  1.00205e+00  -1.14983e-02  9.79050e-01  1.01355e+00
6.74395e+01  1.00048e+00  1.00244e+00  -1.09764e-02  9.80484e-01  1.01341e+00
6.75442e+01  1.00055e+00  1.00279e+00  -1.03369e-02  9.82121e-01  1.01313e+00
6.76490e+01  1.00061e+00  1.00312e+00  -9.58669e-03  9.83944e-01  1.01270e+00
6.77537e+01  1.00066e+00  1.00340e+00  -8.73369e-03  9.85935e-01  1.01214e+00
6.78584e+01  1.00071e+00  1.00365e+00  -7.78701e-03  9.88074e-01  1.01143e+00
6.79631e+01  1.00075e+00  1.00385e+00  -6.75683e-03  9.90338e-01  1.01061e+00
6.80678e+01  1.00077e+00  1.00401e+00  -5.65426e-03  9.92705e-01  1.00967e+00
6.81726e+01  1.00079e+00  1.00413e+00  -4.49130e-03  9.95149e-01  1.00862e+00
6.82773e+01  1.00081e+00  1.00421e+00  -3.28065e-03  9.97645e-01  1.00749e+00
6.83820e+01  1.00081e+00  1.00424e+00  -2.03562e-03  1.00017e+00  1.00627e+00
6.84867e+01  1.00080e+00  1.00422e+00  -7.69959e-04  1.00268e+00  1.00499e+00
6.85914e+01  1.00078e+00  1.00417e+00  5.02303e-04  1.00517e+00  1.00367e+00
6.86962e+01  1.00076e+00  1.00407e+00  1.76700e-03  1.00760e+00  1.00230e+00
6.88009e+01  1.00073e+00  1.00393e+00  3.01000e-03  1.00995e+00  1.00092e+00
6.89056e+01  1.00069e+00  1.00375e+00  4.21740e-03  1.01219e+00  9.99537e-01
6.90103e+01  1.00064e+00  1.00354e+00  5.37566e-03  1.01429e+00  9.98163e-01
6.91150e+01  1.00058e+00  1.00329e+00  6.47181e-03  1.01623e+00  9.96815e-01
6.92198e+01  1.00052e+00  1.00300e+00  7.49358e-03  1.01799e+00  9.95508e-01
6.93245e+01  1.00045e+00  1.00268e+00  8.42958e-03  1.01954e+00  9.94255e-01
6.94292e+01  1.00038e+00  1.00234e+00  9.26944e-03  1.02088e+00  9.93070e-01
6.95339e+01  1.00031e+00  1.00197e+00  1.00039e-02  1.02198e+00  9.91966e-01
6.96386e+01  1.00023e+00  1.00158e+00  1.06251e-02  1.02283e+00  9.90952e-01
6.97434e+01  1.00015e+00  1.00117e+00  1.11263e-02  1.02342e+00  9.90040e-01
6.98481e+01  1.00006e+00  1.00074e+00  1.15024e-02  1.02375e+00  9.89239e-01
6.99528e+01  9.99982e-01  1.00031e+00  1.17498e-02  1.02381e+00  9.88557e-01
7.00575e+01  9.99901e-01  9.99867e-01  1.18662e-02  1.02360e+00  9.88000e-01
7.01622e+01  9.99820e-01  9.99426e-01  1.18512e-02  1.02313e+00  9.87575e-01
7.02670e+01  9.99742e-01  9.98989e-01  1.17055e-02  1.02240e+00  9.87284e-01
7.03717e+01  9.99668e-01  9.98562e-01  1.14317e-02  1.02143e+00  9.87131e-01
7.04764e+01  9.99597e-01  9.98150e-01  1.10336e-02  1.02022e+00  9.87116e-01
7.05811e+01  9.99532e-01  9.97757e-01  1.05165e-02  1.01879e+00  9.87240e-01
7.06858e+01  9.99472e-01  9.97389e-01  9.88697e-03  1.01716e+00  9.87502e-01
7.07906e+01  9.99418e-01  9.97049e-01  9.15262e-03  1.01535e+00  9.87897e-01
7.08953e+01  9.99370e-01  9.96744e-01  8.32232e-03  1.01339e+00  9.88422e-01
7.10000e+01  9.99330e-01  9.96477e-01  7.40582e-03  1.01129e+00  9.89071e-01
7.11047e+01  9.99298e-01  9.96251e-01  6.41371e-03  1.00908e+00  9.89837e-01
7.12094e+01  9.99274e-01  9.96070e-01  5.35727e-03  1.00678e+00  9.90712e-01
7.13142e+01  9.99258e-01  9.95936e-01  4.24832e-03  1.00443e+00  9.91687e-01
7.14189e+01  9.99250e-01  9.95851e-01  3.09912e-03  1.00205e+00  9.92751e-01
7.15236e+01  9.99251e-01  9.95816e-01  1.92221e-03  9.99660e-01  9.93894e-01
7.16283e+01  9.99260e-01  9.95832e-01  7.30298e-04  9.97293e-01  9.95102e-01
7.17330e+01  9.99277e-01  9.95899e-01  -4.63903e-04  9.94971e-01  9.96363e-01
7.18378e+01  9.99302e-01  9.96015e-01  -1.64777e-03  9.92720e-01  9.97663e-01
7.19425e+01  9.99335e-01  9.96179e-01  -2.80889e-03  9.90562e-01  9.98988e-01
7.20472e+01  9.99375e-01  9.96389e-01  -3.93521e-03  9.88519e-01  1.00032e+00
7.21519e+01  9.99422e-01  9.96642e-01  -5.01507e-03  9.86611e-01  1.00166e+00
7.22566e+01  9.99475e-01  9.96933e-01  -6.03741e-03  9.84858e-01  1.00297e+00
7.23614e+01  9.99534e-01  9.97259e-01  -6.99178e-03  9.83275e-01  1.00425e+00
7.24661e+01  9.99598e-01  9.97615e-01  -7.86845e-03  9.81878e-01  1.00548e+00
7.25708e+01  9.99666e-01  9.97996e-01  -8.65855e-03  9.80679e-01  1.00665e+00
7.26755e+01  9.99737e-01  9.98398e-01  -9.35406e-03  9.79690e-01  1.00775e+00
7.27802e+01  9.99811e-01  9.98814e-01  -9.94795e-03  9.78918e-01  1.00876e+00
7.28849e+01  9.99887e-01  9.99240e-01  -1.04342e-02  9.78372e-01  1.00967e+00
7.29897e+01  9.99963e-01  9.99670e-01  -1.08080e-02  9.78054e-01  1.01048e+00
7.30944e+01  1.00004e+00  1.00010e+00  -1.10655e-02  9.77967e-01  1.01116e+00
7.31991e+01  1.00012e+00  1.00052e+00  -1.12040e-02  9.78112e-01  1.01172e+00
7.33038e+01  1.00019e+00  1.00093e+00  -1.12224e-02  9.78485e-01  1.01215e+00
7.34085e+01  1.00026e+00  1.00132e+00  -1.11203e-02  9.79084e-01  1.01244e+00
7.35133e+01  1.00033e+00  1.00170e+00  -1.08989e-02  9.79900e-01  1.01260e+00
7.36180e+01  1.00040e+00  1.00205e+00  -1.05605e-02  9.80927e-01  1.01261e+00
7.37227e+01  1.00046e+00  1.00237e+00  -1.01087e-02  9.82152e-01  1.01248e+00
7.38274e+01  1.00051e+00  1.00266e+00  -9.54838e-03  9.83565e-01  1.01221e+00
7.39321e+01  1.00056e+00  1.00292e+00  -8.88534e-03  9.85149e-01  1.01181e+00
7.40369e+01  1.00060e+00  1.00314e+00  -8.12672e-03  9.86890e-01  1.01127e+00
7.41416e+01  1.00064e+00  1.00333e+00  -7.28063e-03  9.88770e-01  1.01061e+00
7.42463e+01  1.00066e+00  1.00348e+00  -6.35618e-03  9.90768e-01  1.00984e+00
7.43510e+01  1.00068e+00  1.00359e+00  -5.36338e-03  9.92865e-01  1.00895e+00
7.44557e+01  1.00070e+00  1.00366e+00  -4.31303e-03  9.95037e-01  1.00798e+00
7.45605e+01  1.00070e+00  1.00370e+00  -3.21659e-03  9.97264e-01  1.00691e+00
7.46652e+01  1.00070e+00  1.00369e+00  -2.08610e-03  9.99520e-01  1.00578e+00
7.47699e+01  1.00069e+00  1.00365e+00  -9.34034e-04  1.00178e+00  1.00458e+00
7.48746e+01  1.00067e+00  1.00357e+00  2.26872e-04  1.00402e+00  1.00334e+00
7.49793e+01  1.00064e+00  1.00345e+00  1.38373e-03  1.00622e+00  1.00207e+00
7.50841e+01  1.00061e+00  1.00330e+00  2.52364e-03  1.00835e+00  1.00078e+00
7.51888e+01  1.00057e+00  1.00312e+00  3.63391e-03  1.01039e+00  9.99485e-01
7.52935e+01  1.00053e+00  1.00290e+00  4.70212e-03  1.01231e+00  9.98202e-01
7.53982e+01  1.00047e+00  1.00266e+00  5.71634e-03  1.01409e+00  9.96944e-01
7.55029e+01  1.00042e+00  1.00239e+00  6.66525e-03  1.01572e+00  9.95724e-01
7.56077e+01  1.00036e+00  1.00209e+00  7.53828e-03  1.01717e+00  9.94556e-01
7.57124e+01  1.00029e+00  1.00178e+00  8.32577e-03  1.01843e+00  9.93451e-01
7.58171e+01  1.00022e+00  1.00144e+00  9.01905e-03  1.01948e+00  9.92422e-01
7.59218e+01  1.00015e+00  1.00109e+00  9.61055e-03  1.02031e+00  9.91478e-01
7.60265e+01  1.00008e+00  1.00072e+00  1.00939e-02  1.02091e+00  9.90630e-01
7.61313e+01  1.00001e+00  1.00035e+00  1.04642e-02  1.02128e+00  9.89885e-01
7.62360e+01  9.99939e-01  9.99970e-01  1.07175e-02  1.02141e+00  9.89253e-01
7.63407e+01  9.99869e-01  9.99589e-01  1.08515e-02  1.02129e+00  9.88738e-01
7.64454e+01  9.99800e-01  9.99211e-01  1.08654e-02  1.02094e+00  9.88346e-01
7.65501e+01  9.99733e-01  9.98840e-01  1.07594e-02  1.02036e+00  9.88081e-01
7.66549e+01  9.99670e-01  9.98480e-01  1.05355e-02  1.01955e+00  9.87944e-01
7.67596e+01  9.99611e-01  9.98135e-01  1.01967e-02  1.01853e+00  9.87938e-01
7.68643e+01  9.99556e-01  9.97810e-01  9.74745e-03  1.01730e+00  9.88062e-01
7.69690e+01  9.99507e-01  9.97508e-01  9.19338e-03  1.01589e+00  9.88315e-01
7.70737e+01  9.99463e-01  9.97234e-01  8.54121e-03  1.01432e+00  9.88693e-01
7.71785e+01  9.99426e-01  9.96991e-01  7.79869e-03  1.01259e+00  9.89192e-01
7.72832e+01  9.99395e-01  9.96782e-01  6.97450e-03  1.01073e+00  9.89808e-01
7.73879e+01  9.99370e-01  9.96611e-01  6.07812e-03  1.00877e+00  9.90533e-01
7.74926e+01  9.99353e-01  9.96480e-01  5.11973e-03  1.00672e+00  9.91360e-01
7.75973e+01  9.99344e-01  9.96391e-01  4.11005e-03  1.00461e+00  9.92281e-01
7.77021e+01  9.99341e-01  9.96344e-01  3.06026e-03  1.00246e+00  9.93284e-01
7.78068e+01  9.99346e-01  9.96342e-01  1.98186e-03  1.00031e+00  9.94360e-01
7.79115e+01  9.99359e-01  9.96384e-01  8.86543e-04  9.98157e-01  9.95498e-01
7.80162e+01  9.99378e-01  9.96470e-01  -2.13938e-04  9.96042e-01  9.96684e-01
7.81209e+01  9.99404e-01  9.96598e-01  -1.30786e-03  9.93982e-01  9.97906e-01
7.82257e+01  9.99437e-01  9.96767e-01  -2.38366e-03  9.92000e-01  9.99151e-01
7.83304e+01  9.99476e-01  9.96975e-01  -3.43006e-03  9.90115e-01  1.00040e+00
7.84351e+01  9.99521e-01  9.97218e-01  -4.43613e-03  9.88346e-01  1.00165e+00
7.85398e+01  9.99571e-01  9.97494e-01  -5.39143e-03  9.86711e-01  1.00289e+00
7.86445e+01  9.99625e-01  9.97799e-01  -6.28609e-03  9.85226e-01  1.00408e+00
7.87493e+01  9.99683e-01  9.98128e-01  -7.11090e-03  9.83906e-01  1.00524e+00
7.88540e+01  9.99745e-01  9.98477e-01  -7.85738e-03  9.82762e-01  1.00633e+00
7.89587e+01  9.99809e-01  9.98841e-01  -8.51789e-03  9.81805e-01  1.00736e+00
7.90634e+01  9.99875e-01  9.99216e-01  -9.08566e-03  9.81044e-01  1.00830e+00
7.91681e+01  9.99943e-01  9.99596e-01  -9.55488e-03  9.80486e-01  1.00915e+00
7.92729e+01  1.00001e+00  9.99978e-01  -9.92077e-03  9.80136e-01  1.00990e+00
7.93776e+01  1.00008e+00  1.00035e+00  -1.01796e-02  9.79996e-01  1.01053e+00
7.94823e+01  1.00014e+00  1.00072e+00  -1.03287e-02  9.80067e-01  1.01105e+00
7.95870e+01  1.00021e+00  1.00108e+00  -1.03665e-02  9.80347e-01  1.01145e+00
7.96917e+01  1.00027e+00  1.00142e+00  -1.02928e-02  9.80834e-01  1.01171e+00
7.97965e+01  1.00033e+00  1.00174e+00  -1.01083e-02  9.81522e-01  1.01185e+00
7.99012e+01  1.00038e+00  1.00203e+00  -9.81494e-03  9.82404e-01  1.01185e+00
8.00059e+01  1.00043e+00  1.00230e+00  -9.41587e-03  9.83470e-01  1.01172e+00
8.01106e+01  1.00048e+00  1.00254e+00  -8.91534e-03  9.84711e-01  1.01146e+00
8.02153e+01  1.00052e+00  1.00275e+00  -8.31866e-03  9.86112e-01  1.01107e+00
8.03201e+01  1.00055e+00  1.00293e+00  -7.63222e-03  9.87661e-01  1.01056e+00
8.04248e+01  1.00058e+00  1.00307e+00  -6.86339e-03  9.89340e-01  1.00993e+00
8.05295e+01  1.00060e+00  1.00317e+00  -6.02047e-03  9.91133e-01  1.00919e+00
8.06342e+01  1.00061e+00  1.00325e+00  -5.11258e-03  9.93021e-01  1.00836e+00
8.07389e+01  1.00062e+00  1.00328e+00  -4.14959e-03  9.94984e-01  1.00743e+00
8.08437e+01  1.00062e+00  1.00328e+00  -3.14203e-03  9.97001e-01  1.00643e+00
8.09484e+01  1.00061e+00  1.00325e+00  -2.10094e-03  9.99051e-01  1.00535e+00
8.10531e+01  1.00060e+00  1.00319e+00  -1.03780e-03  1.00111e+00  1.00422e+00
8.11578e+01  1.00058e+00  1.00309e+00  3.56726e-05  1.00316e+00  1.00305e+00
8.12625e+01  1.00055e+00  1.00296e+00  1.10756e-03  1.00518e+00  1.00185e+00
8.13672e+01  1.00052e+00  1.00280e+00  2.16597e-03  1.00713e+00  1.00064e+00
8.14720e+01  1.00048e+00  1.00262e+00  3.19911e-03  1.00901e+00  9.99417e-01
8.15767e+01  1.00044e+00  1.00240e+00  4.19547e-03  1.01079e+00  9.98208e-01
8.16814e+01  1.00039e+00  1.00217e+00  5.14394e-03  1.01246e+00  9.97024e-01
8.17861e+01  1.00034e+00  1.00191e+00  6.03395e-03  1.01398e+00  9.95876e-01
8.18908e+01  1.00028e+00  1.00163e+00  6.85561e-03  1.01534e+00  9.94777e-01
8.19956e+01  1.00022e+00  1.00134e+00  7.59980e-03  1.01654e+00  9.93739e-01
8.21003e+01  1.00016e+00  1.00103e+00  8.25832e-03  1.01755e+00  9.92772e-01
8.22050e+01  1.00010e+00  1.00071e+00  8.82398e-03  1.01836e+00  9.91887e-01
8.23097e+01  1.00003e+00  1.00038e+00  9.29066e-03  1.01896e+00  9.91092e-01
8.24144e+01  9.99970e-01  1.00005e+00  9.65341e-03  1.01936e+00  9.90397e-01
8.25192e+01  9.99906e-01  9.99715e-01  9.90850e-03  1.01953e+00  9.89806e-01
8.26239e+01  9.99844e-01  9.99382e-01  1.00534e-02  1.01949e+00  9.89328e-01
8.27286e+01  9.99784e-01  9.99053e-01  1.00871e-02  1.01923e+00  9.88966e-01
8.28333e+01  9.99727e-01  9.98734e-01  1.00094e-02  1.01875e+00  9.88724e-01
8.29380e+01  9.99673e-01  9.98426e-01  9.82191e-03  1.01807e+00  9.88604e-01
8.30428e+01  9.99622e-01  9.98135e-01  9.52708e-03  1.01719e+00  9.88608e-01
8.31475e+01  9.99577e-01  9.97863e-01  9.12872e-03  1.01612e+00  9.88734e-01
8.32522e+01  9.99536e-01  9.97613e-01  8.63177e-03  1.01488e+00  9.88982e-01
8.33569e+01  9.99500e-01  9.97390e-01  8.04219e-03  1.01347e+00  9.89348e-01
8.34616e+01  9.99470e-01  9.97196e-01  7.36696e-03  1.01193e+00  9.89829e-01
8.35664e+01  9.99446e-01  9.97034e-01  6.61392e-03  1.01026e+00  9.90420e-01
8.36711e+01  9.99428e-01  9.96906e-01  5.79171e-03  1.00849e+00  9.91114e-01
8.37758e+01  9.99417e-01  9.96814e-01  4.90962e-03  1.00663e+00  9.91904e-01
8.38805e+01  9.99413e-01  9.96759e-01  3.97754e-03  1.00471e+00  9.92782e-01
8.39852e+01  9.99414e-01  9.96743e-01  3.00579e-03  1.00275e+00  9.93738e-01
8.40900e+01  9.99423e-01  9.96766e-01  2.00504e-03  1.00078e+00  9.94761e-01
8.41947e+01  9.99438e-01  9.96828e-01  9.86178e-04  9.98800e-01  9.95842e-01
8.42994e+01  9.99459e-01  9.96928e-01  -3.98134e-05  9.96848e-01  9.96968e-01
8.44041e+01  9.99486e-01  9.97065e-01  -1.06194e-03  9.94941e-01  9.98127e-01
8.45088e+01  9.99518e-01  9.97238e-01  -2.06934e-03  9.93099e-01  9.99307e-01
8.46136e+01  9.99556e-01  9.97443e-01  -3.05135e-03  9.91340e-01  1.00049e+00
8.47183e+01  9.99599e-01  9.97679e-01  -3.99765e-03  9.89684e-01  1.00168e+00
8.48230e+01  9.99646e-01  9.97942e-01  -4.89834e-03  9.88145e-01  1.00284e+00
8.49277e+01  9.99697e-01  9.98229e-01  -5.74402e-03  9.86741e-01  1.00397e+00
8.50324e+01  9.99751e-01  9.98535e-01  -6.52590e-03  9.85484e-01  1.00506e+00
8.51372e+01  9.99808e-01  9.98858e-01  -7.23588e-03  9.84386e-01  1.00609e+00
8.52419e+01  9.99867e-01  9.99192e-01  -7.86660e-03  9.83459e-01  1.00706e+00
8.53466e+01  9.99926e-01  9.99533e-01  -8.41155e-03  9.82710e-01  1.00794e+00
8.54513e+01  9.99987e-01  9.99876e-01  -8.86509e-03  9.82146e-01  1.00874e+00
8.55560e+01  1.00005e+00  1.00022e+00  -9.22255e-03  9.81773e-01  1.00944e+00
8.56608e+01  1.00011e+00  1.00055e+00  -9.48022e-03  9.81594e-01  1.01003e+00
8.57655e+01  1.00017e+00  1.00088e+00  -9.63546e-03  9.81610e-01  1.01052e+00
8.58702e+01  1.00022e+00  1.00119e+00  -9.68666e-03  9.81820e-01  1.01088e+00
8.59749e+01  1.00028e+00  1.00149e+00  -9.63332e-03  9.82221e-01  1.01112e+00
8.60796e+01  1.00033e+00  1.00176e+00  -9.47601e-03  9.82810e-01  1.01124e+00
8.61844e+01  1.00037e+00  1.00201e+00  -9.21641e-03  9.83581e-01  1.01123e+00
8.62891e+01  1.00041e+00  1.00224e+00  -8.85728e-03  9.84524e-01  1.01110e+00
8.63938e+01  1.00045e+00  1.00244e+00  -8.40246e-03  9.85631e-01  1.01084e+00
8.64985e+01  1.00048e+00  1.00260e+00  -7.85678e-03  9.86890e-01  1.01046e+00
8.66032e+01  1.00051e+00  1.00274e+00  -7.22612e-03  9.88288e-01  1.00997e+00
8.67080e+01  1.00053e+00  1.00285e+00  -6.51724e-03  9.89811e-01  1.00936e+00
8.68127e+01  1.00055e+00  1.00292e+00  -5.73779e-03  9.91443e-01  1.00866e+00
8.69174e+01  1.00056e+00  1.00296e+00  -4.89624e-03  9.93167e-01  1.00786e+00
8.70221e+01  1.00056e+00  1.00297e+00  -4.00172e-03  9.94965e-01  1.00697e+00
8.71268e+01  1.00055e+00  1.00295e+00  -3.06401e-03  9.96818e-01  1.00601e+00
8.72316e+01  1.00054e+00  1.00289e+00  -2.09339e-03  9.98706e-01  1.00499e+00
8.73363e+01  1.00053e+00  1.00281e+00  -1.10052e-03  1.00061e+00  1.00391e+00
8.74410e+01  1.00051e+00  1.00270e+00  -9.63743e-05  1.00251e+00  1.00280e+00
8.75457e+01  1.00048e+00  1.00256e+00  9.07951e-04  1.00438e+00  1.00165e+00
8.76504e+01  1.00045e+00  1.00240e+00  1.90131e-03  1.00620e+00  1.00050e+00
8.77552e+01  1.00041e+00  1.00221e+00  2.87267e-03  1.00795e+00  9.99336e-01
8.78599e+01  1.00037e+00  1.00200e+00  3.81123e-03  1.00962e+00  9.98189e-01
8.79646e+01  1.00032e+00  1.00177e+00  4.70652e-03  1.01118e+00  9.97065e-01
8.80693e+01  1.00027e+00  1.00152e+00  5.54859e-03  1.01262e+00  9.95976e-01
8.81740e+01  1.00022e+00  1.00126e+00  6.32808e-03  1.01392e+00  9.94935e-01
8.82788e+01  1.00017e+00  1.00099e+00  7.03634e-03  1.01506e+00  9.93952e-01
8.83835e+01  1.00011e+00  1.00070e+00  7.66555e-03  1.01603e+00  9.93038e-01
8.84882e+01  1.00005e+00  1.00041e+00  8.20882e-03  1.01683e+00  9.92202e-01
8.85929e+01  9.99994e-01  1.00011e+00  8.66025e-03  1.01743e+00  9.91453e-01
8.86976e+01  9.99936e-01  9.99814e-01  9.01499e-03  1.01784e+00  9.90799e-01
8.88024e+01  9.99880e-01  9.99515e-01  9.26934e-03  1.01805e+00  9.90246e-01
8.89071e+01  9.99825e-01  9.99220e-01  9.42076e-03  1.01806e+00  9.89799e-01
8.90118e+01  9.99772e-01  9.98932e-01  9.46788e-03  1.01787e+00  9.89464e-01
8.91165e+01  9.99722e-01  9.98654e-01  9.41056e-03  1.01748e+00  9.89244e-01
8.92212e+01  9.99675e-01  9.98390e-01  9.24981e-03  1.01689e+00  9.89140e-01
8.93260e+01  9.99632e-01  9.98141e-01  8.98784e-03  1.01612e+00  9.89153e-01
8.94307e+01  9.99593e-01  9.97912e-01  8.62795e-03  1.01517e+00  9.89284e-01
8.95354e+01  9.99559e-01  9.97705e-01  8.17455e-03  1.01405e+00  9.89531e-01
8.96401e+01  9.99530e-01  9.97523e-01  7.63305e-03  1.01279e+00  9.89890e-01
8.97448e+01  9.99506e-01  9.97369e-01  7.00980e-03  1.01139e+00  9.90359e-01
8.98495e+01  9.99488e-01  9.97243e-01  6.31201e-03  1.00987e+00  9.90931e-01
8.99543e+01  9.99475e-01  9.97150e-01  5.54765e-03  1.00825e+00  9.91602e-01
9.00590e+01  9.99469e-01  9.97089e-01  4.72535e-03  1.00654e+00  9.92364e-01
9.01637e+01  9.99468e-01  9.97063e-01  3.85431e-03  1.00477e+00  9.93208e-01
9.02684e+01  9.99474e-01  9.97071e-01  2.94418e-03  1.00296e+00  9.94127e-01
9.03731e+01  9.99485e-01  9.97114e-01  2.00498e-03  1.00112e+00  9.95109e-01
9.04779e+01  9.99502e-01  9.97191e-01  1.04693e-03  9.99285e-01  9.96145e-01
9.05826e+01  9.99524e-01  9.97303e-01  8.04244e-05  9.97464e-01  9.97222e-01
9.06873e+01  9.99552e-01  9.97447e-01  -8.84158e-04  9.95679e-01  9.98331e-01
9.07920e+01  9.99585e-01  9.97622e-01  -1.83650e-03  9.93949e-01  9.99458e-01
9.08967e+01  9.99622e-01  9.97825e-01  -2.76648e-03  9.92292e-01  1.00059e+00
9.10015e+01  9.99663e-01  9.98055e-01  -3.66425e-03  9.90726e-01  1.00172e+00
9.11062e+01  9.99708e-01  9.98307e-01  -4.52035e-03  9.89266e-01  1.00283e+00
9.12109e+01  9.99756e-01  9.98579e-01  -5.32579e-03  9.87928e-01  1.00391e+00
9.13156e+01  9.99806e-01  9.98867e-01  -6.07214e-03  9.86723e-01  1.00494e+00
9.14203e+01  9.99859e-01  9.99168e-01  -6.75158e-03  9.85665e-01  1.00592e+00
9.15251e+01  9.99913e-01  9.99477e-01  -7.35705e-03  9.84763e-01  1.00683e+00
9.16298e+01  9.99968e-01  9.99790e-01  -7.88222e-03  9.84025e-01  1.00767e+00
9.17345e+01  1.00002e+00  1.00010e+00  -8.32162e-03  9.83460e-01  1.00842e+00
9.18392e+01  1.00008e+00  1.00041e+00  -8.67067e-03  9.83071e-01  1.00908e+00
9.19439e+01  1.00013e+00  1.00071e+00  -8.92575e-03  9.82863e-01  1.00964e+00
9.20487e+01  1.00018e+00  1.00101e+00  -9.08419e-03  9.82837e-01  1.01009e+00
9.21534e+01  1.00023e+00  1.00128e+00  -9.14434e-03  9.82993e-01  1.01043e+00
9.22581e+01  1.00028e+00  1.00154e+00  -9.10559e-03  9.83329e-01  1.01065e+00
9.23628e+01  1.00032e+00  1.00178e+00  -8.96835e-03  9.83841e-01  1.01075e+00
9.24675e+01  1.00036e+00  1.00199e+00  -8.73409e-03  9.84524e-01  1.01073e+00
9.25723e+01  1.00040e+00  1.00218e+00  -8.40530e-03  9.85371e-01  1.01059e+00
9.26770e+01  1.00043e+00  1.00234e+00  -7.98548e-03  9.86374e-01  1.01033e+00
9.27817e+01  1.00046e+00  1.00248e+00  -7.47914e-03  9.87521e-01  1.00996e+00
9.28864e+01  1.00048e+00  1.00258e+00  -6.89169e-03  9.88801e-01  1.00948e+00
9.29911e+01  1.00049e+00  1.00266e+00  -6.22947e-03  9.90201e-01  1.00889e+00
9.30959e+01  1.00050e+00  1.00270e+00  -5.49962e-03  9.91706e-01  1.00820e+00
9.32006e+01  1.00051e+00  1.00272e+00  -4.71006e-03  9.93300e-01  1.00743e+00
9.33053e+01  1.00051e+00  1.00271e+00  -3.86938e-03  9.94968e-01  1.00658e+00
9.34100e+01  1.00050e+00  1.00266e+00  -2.98675e-03  9.96691e-01  1.00565e+00
9.35147e+01  1.00049e+00  1.00259e+00  -2.07185e-03  9.98450e-01  1.00467e+00
9.36195e+01  1.00047e+00  1.00250e+00  -1.13472e-03  1.00023e+00  1.00363e+00
9.37242e+01  1.00045e+00  1.00238e+00  -1.85690e-04  1.00200e+00  1.00256e+00
9.38289e+01  1.00042e+00  1.00223e+00  7.64746e-04  1.00376e+00  1.00146e+00
9.39336e+01  1.00039e+00  1.00206e+00  1.70606e-03  1.00547e+00  1.00036e+00
9.40383e+01  1.00035e+00  1.00187e+00  2.62781e-03  1.00713e+00  9.99246e-01
9.41431e+01  1.00031e+00  1.00167e+00  3.51976e-03  1.00871e+00  9.98148e-01
9.42478e+01  1.00027e+00  1.00145e+00  4.37197e-03  1.01019e+00  9.97073e-01
9.43525e+01  1.00022e+00  1.00121e+00  5.17498e-03  1.01156e+00  9.96034e-01
9.44572e+01  1.00017e+00  1.00096e+00  5.91985e-03  1.01280e+00  9.95040e-01
9.45619e+01  1.00012e+00  1.00070e+00  6.59833e-03  1.01390e+00  9.94104e-01
9.46667e+01  1.00007e+00  1.00044e+00  7.20291e-03  1.01484e+00  9.93234e-01
9.47714e+01  1.00001e+00  1.00017e+00  7.72695e-03  1.01562e+00  9.92440e-01
9.48761e+01  9.99961e-01  9.99895e-01  8.16472e-03  1.01622e+00  9.91730e-01
9.49808e+01  9.99909e-01  9.99623e-01  8.51150e-03  1.01665e+00  9.91111e-01
9.50855e+01  9.99858e-01  9.99354e-01  8.76363e-03  1.01688e+00  9.90590e-01
9.51903e+01  9.99809e-01  9.99091e-01  8.91852e-03  1.01693e+00  9.90172e-01
9.52950e+01  9.99762e-01  9.98836e-01  8.97472e-03  1.01679e+00  9.89861e-01
9.53997e+01  9.99718e-01  9.98593e-01  8.93188e-03  1.01646e+00  9.89661e-01
9.55044e+01  9.99677e-01  9.98363e-01  8.79080e-03  1.01594e+00  9.89572e-01
9.56091e+01  9.99640e-01  9.98150e-01  8.55337e-03  1.01526e+00  9.89597e-01
9.57139e+01  9.99607e-01  9.97956e-01  8.22258e-03  1.01440e+00  9.89734e-01
9.58186e+01  9.99578e-01  9.97784e-01  7.80240e-03  1.01339e+00  9.89981e-01
9.59233e+01  9.99555e-01  9.97636e-01  7.29784e-03  1.01223e+00  9.90338e-01
9.60280e+01  9.99536e-01  9.97513e-01  6.71475e-03  1.01094e+00  9.90799e-01
9.61327e+01  9.99522e-01  9.97419e-01  6.05986e-03  1.00954e+00  9.91359e-01
9.62375e+01  9.99514e-01  9.97353e-01  5.34061e-03  1.00803e+00  9.92013e-01
9.63422e+01  9.99512e-01  9.97319e-01  4.56512e-03  1.00645e+00  9.92753e-01
9.64469e+01  9.99514e-01  9.97315e-01  3.74206e-03  1.00480e+00  9.93573e-01
9.65516e+01  9.99523e-01  9.97343e-01  2.88054e-03  1.00310e+00  9.94462e-01
9.66563e+01  9.99536e-01  9.97403e-01  1.99005e-03  1.00138e+00  9.95412e-01
9.67611e+01  9.99555e-01  9.97493e-01  1.08031e-03  9.99654e-01  9.96413e-01
9.68658e+01  9.99578e-01  9.97614e-01  1.61198e-04  9.97937e-01  9.97453e-01
9.69705e+01  9.99607e-01  9.97764e-01  -7.57364e-04  9.96249e-01  9.98521e-01
9.70752e+01  9.99639e-01  9.97941e-01  -1.66552e-03  9.94610e-01  9.99606e-01
9.71799e+01  9.99676e-01  9.98143e-01  -2.55356e-03  9.93035e-01  1.00070e+00
9.72847e+01  9.99716e-01  9.98367e-01  -3.41206e-03  9.91543e-01  1.00178e+00
9.73894e+01  9.99759e-01  9.98610e-01  -4.23190e-03  9.90147e-01  1.00284e+00
9.74941e+01  9.99805e-01  9.98870e-01  -5.00442e-03  9.88861e-01  1.00387e+00
9.75988e+01  9.99852e-01  9.99143e-01  -5.72149e-03  9.87700e-01  1.00486e+00
9.77035e+01  9.99902e-01  9.99425e-01  -6.37555e-03  9.86674e-01  1.00580e+00
9.78083e+01  9.99952e-01  9.99713e-01  -6.95975e-03  9.85794e-01  1.00667e+00
9.79130e+01  1.00000e+00  1.00000e+00  -7.46795e-03  9.85067e-01  1.00747e+00
9.80177e+01  1.00005e+00  1.00029e+00  -7.89481e-03  9.84501e-01  1.00819e+00
9.81224e+01  1.00010e+00  1.00057e+00  -8.23587e-03  9.84102e-01  1.00881e+00
9.82271e+01  1.00015e+00  1.00085e+00  -8.48753e-03  9.83872e-01  1.00933e+00
9.83319e+01  1.00020e+00  1.00111e+00  -8.64715e-03  9.83814e-01  1.00976e+00
9.84366e+01  1.00024e+00  1.00135e+00  -8.71305e-03  9.83929e-01  1.01007e+00
9.85413e+01  1.00028e+00  1.00158e+00  -8.68455e-03  9.84213e-01  1.01027e+00
9.86460e+01  1.00032e+00  1.00179e+00  -8.56194e-03  9.84666e-01  1.01035e+00
9.87507e+01  1.00036e+00  1.00197e+00  -8.34652e-03  9.85281e-01  1.01032e+00
9.88554e+01  1.00039e+00  1.00213e+00  -8.04060e-03  9.86052e-01  1.01017e+00
9.89602e+01  1.00041e+00  1.00227e+00  -7.64742e-03  9.86972e-01  1.00991e+00
9.90649e+01  1.00044e+00  1.00237e+00  -7.17121e-03  9.88031e-01  1.00954e+00
9.91696e+01  1.00045e+00  1.00245e+00  -6.61706e-03  9.89218e-01  1.00907e+00
9.92743e+01  1.00046e+00  1.00250e+00  -5.99095e-03  9.90520e-01  1.00849e+00
9.93790e+01  1.00047e+00  1.00252e+00  -5.29965e-03  9.91925e-01  1.00782e+00
9.94838e+01  1.00047e+00  1.00252e+00  -4.55064e-03  9.93418e-01  1.00707e+00
9.95885e+01  1.00047e+00  1.00249e+00  -3.75207e-03  9.94982e-01  1.00624e+00
9.96932e+01  1.00046e+00  1.00243e+00  -2.91265e-03  9.96602e-01  1.00534e+00
9.97979e+01  1.00044e+00  1.00234e+00  -2.04159e-03  9.98259e-01  1.00438e+00
9.99026e+01  1.00042e+00  1.00223e+00  -1.14843e-03  9.99937e-01  1.00338e+00
1.00007e+02  1.00040e+00  1.00210e+00  -2.43018e-04  1.00162e+00  1.00235e+00
1.00112e+02  1.00037e+00  1.00195e+00  6.64653e-04  1.00328e+00  1.00129e+00
1.00217e+02  1.00034e+00  1.00178e+00  1.56454e-03  1.00491e+00  1.00022e+00
1.00322e+02  1.00030e+00  1.00159e+00  2.44666e-03  1.00649e+00  9.99146e-01
1.00426e+02  1.00026e+00  1.00139e+00  3.30122e-03  1.00799e+00  9.98088e-01
1.00531e+02  1.00022e+00  1.00117e+00  4.11873e-03  1.00941e+00  9.97054e-01
1.00636e+02  1.00017e+00  1.00094e+00  4.89009e-03  1.01073e+00  9.96055e-01
1.00740e+02  1.00013e+00  1.00071e+00  5.60672e-03  1.01192e+00  9.95101e-01
1.00845e+02  1.00008e+00  1.00046e+00  6.26069e-03  1.01299e+00  9.94203e-01
1.00950e+02  1.00003e+00  1.00022e+00  6.84473e-03  1.01390e+00  9.93371e-01
1.01055e+02  9.99982e-01  9.99964e-01  7.35242e-03  1.01467e+00  9.92612e-01
1.01159e+02  9.99933e-01  9.99713e-01  7.77818e-03  1.01527e+00  9.91935e-01
1.01264e+02  9.99886e-01  9.99465e-01  8.11741e-03  1.01570e+00  9.91347e-01
1.01369e+02  9.99839e-01  9.99221e-01  8.36646e-03  1.01595e+00  9.90854e-01
1.01473e+02  9.99795e-01  9.98984e-01  8.52274e-03  1.01603e+00  9.90461e-01
1.01578e+02  9.99753e-01  9.98757e-01  8.58473e-03  1.01593e+00  9.90172e-01
1.01683e+02  9.99714e-01  9.98542e-01  8.55197e-03  1.01565e+00  9.89990e-01
1.01788e+02  9.99678e-01  9.98342e-01  8.42508e-03  1.01519e+00  9.89917e-01
1.01892e+02  9.99646e-01  9.98158e-01  8.20573e-03  1.01457e+00  9.89952e-01
1.01997e+02  9.99618e-01  9.97994e-01  7.89663e-03  1.01379e+00  9.90097e-01
1.02102e+02  9.99594e-01  9.97850e-01  7.50149e-03  1.01285e+00  9.90349e-01
1.02206e+02  9.99575e-01  9.97730e-01  7.02495e-03  1.01178e+00  9.90705e-01
1.02311e+02  9.99560e-01  9.97634e-01  6.47253e-03  1.01058e+00  9.91162e-01
1.02416e+02  9.99551e-01  9.97565e-01  5.85055e-03  1.00927e+00  9.91715e-01
1.02521e+02  9.99546e-01  9.97523e-01  5.16607e-03  1.00786e+00  9.92357e-01
1.02625e+02  9.99547e-01  9.97510e-01  4.42680e-03  1.00636e+00  9.93083e-01
1.02730e+02  9.99553e-01  9.97525e-01  3.64099e-03  1.00481e+00  9.93884e-01
1.02835e+02  9.99563e-01  9.97570e-01  2.81735e-03  1.00320e+00  9.94752e-01
1.02940e+02  9.99579e-01  9.97643e-01  1.96494e-03  1.00157e+00  9.95678e-01
1.03044e+02  9.99599e-01  9.97745e-01  1.09309e-03  9.99931e-01  9.96651e-01
1.03149e+02  9.99624e-01  9.97873e-01  2.11292e-04  9.98296e-01  9.97662e-01
1.03254e+02  9.99652e-01  9.98028e-01  -6.70922e-04  9.96686e-01  9.98699e-01
1.03358e+02  9.99685e-01  9.98206e-01  -1.54405e-03  9.95118e-01  9.99750e-01
1.03463e+02  9.99721e-01  9.98407e-01  -2.39872e-03  9.93609e-01  1.00081e+00
1.03568e+02  9.99760e-01  9.98626e-01  -3.22581e-03  9.92175e-01  1.00185e+00
1.03673e+02  9.99802e-01  9.98862e-01  -4.01651e-03  9.90829e-01  1.00288e+00
1.03777e+02  9.99846e-01  9.99112e-01  -4.76242e-03  9.89587e-01  1.00387e+00
1.03882e+02  9.99891e-01  9.99372e-01  -5.45564e-03  9.88461e-01  1.00483e+00
1.03987e+02  9.99938e-01  9.99639e-01  -6.08883e-03  9.87462e-01  1.00573e+00
1.04091e+02  9.99985e-01  9.99910e-01  -6.65530e-03  9.86599e-01  1.00657e+00
1.04196e+02  1.00003e+00  1.00018e+00  -7.14908e-03  9.85882e-01  1.00733e+00
1.04301e+02  1.00008e+00  1.00045e+00  -7.56493e-03  9.85317e-01  1.00801e+00
1.04406e+02  1.00012e+00  1.00071e+00  -7.89848e-03  9.84910e-01  1.00861e+00
1.04510e+02  1.00017e+00  1.00096e+00  -8.14618e-03  9.84665e-01  1.00910e+00
1.04615e+02  1.00021e+00  1.00119e+00  -8.30541e-03  9.84583e-01  1.00950e+00
1.04720e+02  1.00025e+00  1.00141e+00  -8.37448e-03  9.84666e-01  1.00979e+00
1.04824e+02  1.00029e+00  1.00162e+00  -8.35263e-03  9.84912e-01  1.00997e+00
1.04929e+02  1.00032e+00  1.00180e+00  -8.24010e-03  9.85319e-01  1.01004e+00
1.05034e+02  1.00035e+00  1.00196e+00  -8.03806e-03  9.85882e-01  1.01000e+00
1.05139e+02  1.00038e+00  1.00209e+00  -7.74865e-03  9.86596e-01  1.00984e+00
1.05243e+02  1.00040e+00  1.00220e+00  -7.37495e-03  9.87454e-01  1.00958e+00
1.05348e+02  1.00042e+00  1.00229e+00  -6.92094e-03  9.88446e-01  1.00921e+00
1.05453e+02  1.00043e+00  1.00234e+00  -6.39151e-03  9.89562e-01  1.00874e+00
1.05558e+02  1.00044e+00  1.00238e+00  -5.79232e-03  9.90791e-01  1.00817e+00
1.05662e+02  1.00044e+00  1.00238e+00  -5.12986e-03  9.92120e-01  1.00751e+00
1.05767e+02  1.00044e+00  1.00236e+00  -4.41129e-03  9.93536e-01  1.00677e+00
1.05872e+02  1.00043e+00  1.00231e+00  -3.64441e-03  9.95023e-01  1.00596e+00
1.05976e+02  1.00042e+00  1.00224e+00  -2.83758e-03  9.96566e-01  1.00508e+00
1.06081e+02  1.00040e+00  1.00215e+00  -1.99962e-03  9.98148e-01  1.00415e+00
1.06186e+02  1.00038e+00  1.00203e+00  -1.13970e-03  9.99752e-01  1.00317e+00
1.06291e+02  1.00036e+00  1.00190e+00  -2.67289e-04  1.00136e+00  1.00216e+00
1.06395e+02  1.00033e+00  1.00174e+00  6.08009e-04  1.00296e+00  1.00114e+00
1.06500e+02  1.00029e+00  1.00157e+00  1.47652e-03  1.00453e+00  1.00010e+00
1.06605e+02  1.00026e+00  1.00139e+00  2.32864e-03  1.00605e+00  9.99060e-01
1.06709e+02  1.00022e+00  1.00119e+00  3.15492e-03  1.00750e+00  9.98036e-01
1.06814e+02  1.00018e+00  1.00098e+00  3.94619e-03  1.00888e+00  9.97037e-01
1.06919e+02  1.00014e+00  1.00077e+00  4.69365e-03  1.01015e+00  9.96073e-01
1.07024e+02  1.00009e+00  1.00054e+00  5.38902e-03  1.01132e+00  9.95155e-01
1.07128e+02  1.00005e+00  1.00032e+00  6.02457e-03  1.01237e+00  9.94292e-01
1.07233e+02  1.00000e+00  1.00009e+00  6.59327e-03  1.01327e+00  9.93493e-01
