# k S000 S110 S112 S10 S11
1.04720e-01  8.90360e-02  2.21969e-03  -3.20142e-04  1.57940e-03  2.53983e-03
2.09440e-01  8.92657e-02  2.22311e-03  -3.19211e-04  1.58469e-03  2.54232e-03
3.14159e-01  8.96501e-02  2.22884e-03  -3.17648e-04  1.59354e-03  2.54648e-03
4.18879e-01  9.01915e-02  2.23689e-03  -3.15434e-04  1.60602e-03  2.55233e-03
5.23599e-01  9.08931e-02  2.24733e-03  -3.12546e-04  1.62223e-03  2.55987e-03
6.28319e-01  9.17591e-02  2.26019e-03  -3.08951e-04  1.64229e-03  2.56915e-03
7.33038e-01  9.27949e-02  2.27556e-03  -3.04608e-04  1.66635e-03  2.58017e-03
8.37758e-01  9.40068e-02  2.29352e-03  -2.99468e-04  1.69459e-03  2.59299e-03
9.42478e-01  9.54023e-02  2.31417e-03  -2.93471e-04  1.72722e-03  2.60764e-03
1.04720e+00  9.69903e-02  2.33762e-03  -2.86550e-04  1.76452e-03  2.62417e-03
1.15192e+00  9.87808e-02  2.36400e-03  -2.78623e-04  1.80676e-03  2.64263e-03
1.25664e+00  1.00786e-01  2.39348e-03  -2.69600e-04  1.85428e-03  2.66308e-03
1.36136e+00  1.03018e-01  2.42623e-03  -2.59373e-04  1.90748e-03  2.68560e-03
1.46608e+00  1.05493e-01  2.46243e-03  -2.47823e-04  1.96678e-03  2.71025e-03
1.57080e+00  1.08228e-01  2.50231e-03  -2.34814e-04  2.03269e-03  2.73713e-03
1.67552e+00  1.11241e-01  2.54612e-03  -2.20191e-04  2.10574e-03  2.76631e-03
1.78024e+00  1.14556e-01  2.59413e-03  -2.03780e-04  2.18657e-03  2.79792e-03
1.88496e+00  1.18195e-01  2.64665e-03  -1.85388e-04  2.27588e-03  2.83204e-03
1.98968e+00  1.22187e-01  2.70402e-03  -1.64796e-04  2.37442e-03  2.86881e-03
2.09440e+00  1.26563e-01  2.76660e-03  -1.41764e-04  2.48307e-03  2.90837e-03
2.19911e+00  1.31357e-01  2.83482e-03  -1.16023e-04  2.60277e-03  2.95084e-03
2.30383e+00  1.36610e-01  2.90912e-03  -8.72816e-05  2.73456e-03  2.99640e-03
2.40855e+00  1.42365e-01  2.99000e-03  -5.52197e-05  2.87956e-03  3.04522e-03
2.51327e+00  1.48672e-01  3.07799e-03  -1.94946e-05  3.03900e-03  3.09748e-03
2.61799e+00  1.55589e-01  3.17365e-03  2.02573e-05  3.21416e-03  3.15339e-03
2.72271e+00  1.63178e-01  3.27760e-03  6.44138e-05  3.40642e-03  3.21318e-03
2.82743e+00  1.71513e-01  3.39045e-03  1.13356e-04  3.61716e-03  3.27709e-03
2.93215e+00  1.80674e-01  3.51285e-03  1.67455e-04  3.84776e-03  3.34539e-03
3.03687e+00  1.90754e-01  3.64542e-03  2.27045e-04  4.09951e-03  3.41837e-03
3.14159e+00  2.01858e-01  3.78876e-03  2.92396e-04  4.37355e-03  3.49636e-03
3.24631e+00  2.14105e-01  3.94337e-03  3.63673e-04  4.67072e-03  3.57970e-03
3.35103e+00  2.27628e-01  4.10966e-03  4.40876e-04  4.99141e-03  3.66878e-03
3.45575e+00  2.42580e-01  4.28780e-03  5.23783e-04  5.33537e-03  3.76402e-03
3.56047e+00  2.59134e-01  4.47775e-03  6.11859e-04  5.70146e-03  3.86589e-03
3.66519e+00  2.77482e-01  4.67907e-03  7.04177e-04  6.08742e-03  3.97489e-03
3.76991e+00  2.97844e-01  4.89091e-03  7.99323e-04  6.48956e-03  4.09159e-03
3.87463e+00  3.20465e-01  5.11192e-03  8.95319e-04  6.90256e-03  4.21660e-03
3.97935e+00  3.45617e-01  5.34018e-03  9.89568e-04  7.31932e-03  4.35061e-03
4.08407e+00  3.73604e-01  5.57324e-03  1.07886e-03  7.73095e-03  4.49438e-03
4.18879e+00  4.04756e-01  5.80817e-03  1.15943e-03  8.12702e-03  4.64874e-03
4.29351e+00  4.39431e-01  6.04175e-03  1.22714e-03  8.49603e-03  4.81462e-03
4.39823e+00  4.78005e-01  6.27076e-03  1.27771e-03  8.82619e-03  4.99305e-03
4.50295e+00  5.20865e-01  6.49227e-03  1.30708e-03  9.10643e-03  5.18519e-03
4.60767e+00  5.68390e-01  6.70402e-03  1.31171e-03  9.32743e-03  5.39231e-03
4.71239e+00  6.20924e-01  6.90480e-03  1.28894e-03  9.48268e-03  5.61586e-03
4.81711e+00  6.78739e-01  7.09465e-03  1.23722e-03  9.56909e-03  5.85743e-03
4.92183e+00  7.41982e-01  7.27500e-03  1.15615e-03  9.58730e-03  6.11885e-03
5.02655e+00  8.10609e-01  7.44857e-03  1.04644e-03  9.54146e-03  6.40213e-03
5.13127e+00  8.84301e-01  7.61925e-03  9.09677e-04  9.43861e-03  6.70957e-03
5.23599e+00  9.62374e-01  7.79177e-03  7.48000e-04  9.28777e-03  7.04377e-03
5.34071e+00  1.04369e+00  7.97146e-03  5.63795e-04  9.09905e-03  7.40766e-03
5.44543e+00  1.12660e+00  8.16396e-03  3.59363e-04  8.88269e-03  7.80460e-03
5.55015e+00  1.20891e+00  8.37505e-03  1.36670e-04  8.64839e-03  8.23838e-03
5.65487e+00  1.28797e+00  8.61053e-03  -1.02837e-04  8.40486e-03  8.71337e-03
5.75959e+00  1.36081e+00  8.87623e-03  -3.58346e-04  8.15954e-03  9.23458e-03
5.86431e+00  1.42443e+00  9.17802e-03  -6.29740e-04  7.91854e-03  9.80776e-03
5.96903e+00  1.47614e+00  9.52193e-03  -9.17624e-04  7.68668e-03  1.04396e-02
6.07375e+00  1.51390e+00  9.91434e-03  -1.22334e-03  7.46767e-03  1.11377e-02
6.17847e+00  1.53655e+00  1.03621e-02  -1.54895e-03  7.26424e-03  1.19111e-02
6.28319e+00  1.54403e+00  1.08730e-02  -1.89730e-03  7.07835e-03  1.27703e-02
6.38791e+00  1.53722e+00  1.14554e-02  -2.27203e-03  6.91138e-03  1.37275e-02
6.49262e+00  1.51783e+00  1.21195e-02  -2.67763e-03  6.76427e-03  1.47972e-02
6.59734e+00  1.48807e+00  1.28769e-02  -3.11960e-03  6.63766e-03  1.59965e-02
6.70206e+00  1.45040e+00  1.37412e-02  -3.60457e-03  6.53203e-03  1.73457e-02
6.80678e+00  1.40719e+00  1.47288e-02  -4.14048e-03  6.44779e-03  1.88692e-02
6.91150e+00  1.36062e+00  1.58592e-02  -4.73694e-03  6.38536e-03  2.05962e-02
7.01622e+00  1.31254e+00  1.71563e-02  -5.40553e-03  6.34525e-03  2.25618e-02
7.12094e+00  1.26442e+00  1.86488e-02  -6.16031e-03  6.32814e-03  2.48091e-02
7.22566e+00  1.21740e+00  2.03718e-02  -7.01844e-03  6.33493e-03  2.73903e-02
7.33038e+00  1.17228e+00  2.23689e-02  -8.00102e-03  6.36682e-03  3.03699e-02
7.43510e+00  1.12962e+00  2.46937e-02  -9.13414e-03  6.42541e-03  3.38278e-02
7.53982e+00  1.08976e+00  2.74135e-02  -1.04503e-02  6.51279e-03  3.78638e-02
7.64454e+00  1.05290e+00  3.06126e-02  -1.19905e-02  6.63164e-03  4.26032e-02
7.74926e+00  1.01911e+00  3.43982e-02  -1.38064e-02  6.78542e-03  4.82046e-02
7.85398e+00  9.88377e-01  3.89068e-02  -1.59641e-02  6.97859e-03  5.48710e-02
7.95870e+00  9.60634e-01  4.43142e-02  -1.85487e-02  7.21689e-03  6.28629e-02
8.06342e+00  9.35785e-01  5.08481e-02  -2.16702e-02  7.50775e-03  7.25183e-02
8.16814e+00  9.13708e-01  5.88056e-02  -2.54723e-02  7.86089e-03  8.42779e-02
8.27286e+00  8.94274e-01  6.85763e-02  -3.01435e-02  8.28919e-03  9.87198e-02
8.37758e+00  8.77350e-01  8.06723e-02  -3.59312e-02  8.80997e-03  1.16603e-01
8.48230e+00  8.62806e-01  9.57658e-02  -4.31594e-02  9.44693e-03  1.38925e-01
8.58702e+00  8.50518e-01  1.14730e-01  -5.22482e-02  1.02334e-02  1.66978e-01
8.69174e+00  8.40367e-01  1.38670e-01  -6.37264e-02  1.12175e-02  2.02397e-01
8.79646e+00  8.32247e-01  1.68916e-01  -7.82222e-02  1.24714e-02  2.47138e-01
8.90118e+00  8.26055e-01  2.06884e-01  -9.63879e-02  1.41081e-02  3.03272e-01
9.00590e+00  8.21701e-01  2.53670e-01  -1.18677e-01  1.63149e-02  3.72347e-01
9.11062e+00  8.19100e-01  3.09134e-01  -1.44854e-01  1.94266e-02  4.53988e-01
9.21534e+00  8.18174e-01  3.70387e-01  -1.73141e-01  2.41049e-02  5.43528e-01
9.32006e+00  8.18851e-01  4.30364e-01  -1.99248e-01  3.18670e-02  6.29613e-01
9.42478e+00  8.21064e-01  4.78927e-01  -2.15901e-01  4.71246e-02  6.94828e-01
9.52950e+00  8.24747e-01  5.11911e-01  -2.10766e-01  9.03788e-02  7.22677e-01
9.63422e+00  8.29838e-01  8.14685e-01  1.06997e-01  1.02868e+00  7.07687e-01
9.73894e+00  8.36275e-01  4.02028e-01  -2.56578e-01  -1.11128e-01  6.58607e-01
9.84366e+00  8.43993e-01  3.76508e-01  -2.14863e-01  -5.32182e-02  5.91371e-01
9.94838e+00  8.52926e-01  3.35026e-01  -1.85151e-01  -3.52754e-02  5.20177e-01
1.00531e+01  8.63003e-01  2.93574e-01  -1.60078e-01  -2.65825e-02  4.53651e-01
1.01578e+01  8.74145e-01  2.56487e-01  -1.38984e-01  -2.14818e-02  3.95472e-01
1.02625e+01  8.86267e-01  2.24834e-01  -1.21492e-01  -1.81497e-02  3.46325e-01
1.03673e+01  8.99275e-01  1.98396e-01  -1.07108e-01  -1.58195e-02  3.05504e-01
1.04720e+01  9.13063e-01  1.76510e-01  -9.53115e-02  -1.41129e-02  2.71821e-01
1.05767e+01  9.27515e-01  1.58431e-01  -8.56263e-02  -1.28216e-02  2.44057e-01
1.06814e+01  9.42499e-01  1.43476e-01  -7.76488e-02  -1.18221e-02  2.21124e-01
1.07861e+01  9.57874e-01  1.31066e-01  -7.10511e-02  -1.10361e-02  2.02117e-01
1.08909e+01  9.73485e-01  1.20732e-01  -6.55720e-02  -1.04121e-02  1.86304e-01
1.09956e+01  9.89164e-01  1.12096e-01  -6.10055e-02  -9.91476e-03  1.73102e-01
1.11003e+01  1.00473e+00  1.04859e-01  -5.71894e-02  -9.51936e-03  1.62049e-01
1.12050e+01  1.02001e+00  9.87845e-02  -5.39963e-02  -9.20805e-03  1.52781e-01
1.13097e+01  1.03479e+00  9.36836e-02  -5.13257e-02  -8.96783e-03  1.45009e-01
1.14145e+01  1.04890e+00  8.94073e-02  -4.90983e-02  -8.78921e-03  1.38506e-01
1.15192e+01  1.06215e+00  8.58369e-02  -4.72510e-02  -8.66521e-03  1.33088e-01
1.16239e+01  1.07434e+00  8.28775e-02  -4.57341e-02  -8.59082e-03  1.28612e-01
1.17286e+01  1.08532e+00  8.04537e-02  -4.45081e-02  -8.56257e-03  1.24962e-01
1.18333e+01  1.09493e+00  7.85054e-02  -4.35418e-02  -8.57822e-03  1.22047e-01
1.19381e+01  1.10306e+00  7.69853e-02  -4.28110e-02  -8.63659e-03  1.19796e-01
1.20428e+01  1.10959e+00  7.58563e-02  -4.22969e-02  -8.73747e-03  1.18153e-01
1.21475e+01  1.11447e+00  7.50899e-02  -4.19857e-02  -8.88151e-03  1.17076e-01
1.22522e+01  1.11766e+00  7.46652e-02  -4.18677e-02  -9.07021e-03  1.16533e-01
1.23569e+01  1.11916e+00  7.45677e-02  -4.19368e-02  -9.30596e-03  1.16505e-01
1.24617e+01  1.11900e+00  7.47888e-02  -4.21904e-02  -9.59204e-03  1.16979e-01
1.25664e+01  1.11725e+00  7.53252e-02  -4.26290e-02  -9.93275e-03  1.17954e-01
1.26711e+01  1.11398e+00  7.61786e-02  -4.32561e-02  -1.03335e-02  1.19435e-01
1.27758e+01  1.10933e+00  7.73559e-02  -4.40785e-02  -1.08010e-02  1.21434e-01
1.28805e+01  1.10342e+00  7.88690e-02  -4.51062e-02  -1.13435e-02  1.23975e-01
1.29852e+01  1.09640e+00  8.07349e-02  -4.63529e-02  -1.19709e-02  1.27088e-01
1.30900e+01  1.08844e+00  8.29767e-02  -4.78360e-02  -1.26953e-02  1.30813e-01
1.31947e+01  1.07969e+00  8.56234e-02  -4.95774e-02  -1.35313e-02  1.35201e-01
1.32994e+01  1.07032e+00  8.87113e-02  -5.16039e-02  -1.44965e-02  1.40315e-01
1.34041e+01  1.06050e+00  9.22846e-02  -5.39484e-02  -1.56122e-02  1.46233e-01
1.35088e+01  1.05039e+00  9.63973e-02  -5.66506e-02  -1.69038e-02  1.53048e-01
1.36136e+01  1.04011e+00  1.01114e-01  -5.97583e-02  -1.84021e-02  1.60873e-01
1.37183e+01  1.02983e+00  1.06514e-01  -6.33291e-02  -2.01438e-02  1.69844e-01
1.38230e+01  1.01965e+00  1.12692e-01  -6.74323e-02  -2.21722e-02  1.80125e-01
1.39277e+01  1.00970e+00  1.19763e-01  -7.21509e-02  -2.45384e-02  1.91914e-01
1.40324e+01  1.00007e+00  1.27868e-01  -7.75843e-02  -2.73004e-02  2.05452e-01
1.41372e+01  9.90860e-01  1.37180e-01  -8.38510e-02  -3.05222e-02  2.21031e-01
1.42419e+01  9.82135e-01  1.47914e-01  -9.10918e-02  -3.42697e-02  2.39006e-01
1.43466e+01  9.73963e-01  1.60340e-01  -9.94713e-02  -3.86023e-02  2.59812e-01
1.44513e+01  9.66399e-01  1.74804e-01  -1.09181e-01  -4.35575e-02  2.83984e-01
1.45560e+01  9.59487e-01  1.91748e-01  -1.20437e-01  -4.91251e-02  3.12184e-01
1.46608e+01  9.53263e-01  2.11750e-01  -1.33480e-01  -5.52105e-02  3.45230e-01
1.47655e+01  9.47754e-01  2.35563e-01  -1.48576e-01  -6.15891e-02  3.84138e-01
1.48702e+01  9.42979e-01  2.64160e-01  -1.66014e-01  -6.78680e-02  4.30174e-01
1.49749e+01  9.38953e-01  2.98779e-01  -1.86132e-01  -7.34852e-02  4.84911e-01
1.50796e+01  9.35680e-01  3.40938e-01  -2.09360e-01  -7.77834e-02  5.50298e-01
1.51844e+01  9.33164e-01  3.92428e-01  -2.36299e-01  -8.01696e-02  6.28728e-01
1.52891e+01  9.31401e-01  4.55284e-01  -2.67797e-01  -8.03106e-02  7.23081e-01
1.53938e+01  9.30381e-01  5.31725e-01  -3.04990e-01  -7.82554e-02  8.36715e-01
1.54985e+01  9.30093e-01  6.24060e-01  -3.49234e-01  -7.44069e-02  9.73294e-01
1.56032e+01  9.30518e-01  7.34428e-01  -4.01896e-01  -6.93651e-02  1.13632e+00
1.57080e+01  9.31636e-01  8.64184e-01  -4.63962e-01  -6.37409e-02  1.32815e+00
1.58127e+01  9.33421e-01  1.01271e+00  -5.35372e-01  -5.80299e-02  1.54809e+00
1.59174e+01  9.35844e-01  1.17557e+00  -6.14071e-01  -5.25685e-02  1.78964e+00
1.60221e+01  9.38871e-01  1.34233e+00  -6.94939e-01  -4.75468e-02  2.03727e+00
1.61268e+01  9.42467e-01  1.49550e+00  -7.69275e-01  -4.30469e-02  2.26478e+00
1.62316e+01  9.46588e-01  1.61282e+00  -8.25950e-01  -3.90813e-02  2.43877e+00
1.63363e+01  9.51191e-01  1.67409e+00  -8.54858e-01  -3.56230e-02  2.52895e+00
1.64410e+01  9.56225e-01  1.66992e+00  -8.51274e-01  -3.26267e-02  2.52120e+00
1.65457e+01  9.61638e-01  1.60594e+00  -8.17991e-01  -3.00405e-02  2.42393e+00
1.66504e+01  9.67374e-01  1.49922e+00  -7.63515e-01  -2.78131e-02  2.26273e+00
1.67552e+01  9.73371e-01  1.37015e+00  -6.98024e-01  -2.58976e-02  2.06818e+00
1.68599e+01  9.79565e-01  1.23586e+00  -6.30058e-01  -2.42521e-02  1.86592e+00
1.69646e+01  9.85892e-01  1.10761e+00  -5.65224e-01  -2.28408e-02  1.67283e+00
1.70693e+01  9.92282e-01  9.91258e-01  -5.06446e-01  -2.16331e-02  1.49770e+00
1.71740e+01  9.98664e-01  8.88939e-01  -4.54771e-01  -2.06034e-02  1.34371e+00
1.72788e+01  1.00497e+00  8.00595e-01  -4.10163e-01  -1.97305e-02  1.21076e+00
1.73835e+01  1.01112e+00  7.25100e-01  -3.72048e-01  -1.89970e-02  1.09715e+00
1.74882e+01  1.01705e+00  6.60928e-01  -3.39658e-01  -1.83886e-02  1.00059e+00
1.75929e+01  1.02270e+00  6.06507e-01  -3.12201e-01  -1.78942e-02  9.18708e-01
1.76976e+01  1.02799e+00  5.60387e-01  -2.88946e-01  -1.75048e-02  8.49333e-01
1.78024e+01  1.03286e+00  5.21298e-01  -2.69256e-01  -1.72142e-02  7.90554e-01
1.79071e+01  1.03727e+00  4.88163e-01  -2.52590e-01  -1.70178e-02  7.40753e-01
1.80118e+01  1.04115e+00  4.60085e-01  -2.38499e-01  -1.69135e-02  6.98585e-01
1.81165e+01  1.04447e+00  4.36323e-01  -2.26612e-01  -1.69008e-02  6.62936e-01
1.82212e+01  1.04720e+00  4.16269e-01  -2.16626e-01  -1.69817e-02  6.32895e-01
1.83260e+01  1.04930e+00  3.99426e-01  -2.08293e-01  -1.71602e-02  6.07719e-01
1.84307e+01  1.05076e+00  3.85387e-01  -2.01415e-01  -1.74432e-02  5.86802e-01
1.85354e+01  1.05158e+00  3.73822e-01  -1.95832e-01  -1.78408e-02  5.69654e-01
1.86401e+01  1.05176e+00  3.64463e-01  -1.91415e-01  -1.83672e-02  5.55879e-01
1.87448e+01  1.05130e+00  3.57093e-01  -1.88067e-01  -1.90418e-02  5.45160e-01
1.88496e+01  1.05024e+00  3.51536e-01  -1.85714e-01  -1.98911e-02  5.37249e-01
1.89543e+01  1.04859e+00  3.47652e-01  -1.84302e-01  -2.09514e-02  5.31953e-01
1.90590e+01  1.04641e+00  3.45327e-01  -1.83800e-01  -2.22732e-02  5.29128e-01
1.91637e+01  1.04372e+00  3.44472e-01  -1.84200e-01  -2.39277e-02  5.28672e-01
1.92684e+01  1.04058e+00  3.45009e-01  -1.85514e-01  -2.60183e-02  5.30522e-01
1.93732e+01  1.03704e+00  3.46867e-01  -1.87784e-01  -2.87005e-02  5.34651e-01
1.94779e+01  1.03316e+00  3.49968e-01  -1.91093e-01  -3.22175e-02  5.41061e-01
1.95826e+01  1.02900e+00  3.54200e-01  -1.95586e-01  -3.69725e-02  5.49787e-01
1.96873e+01  1.02461e+00  3.59365e-01  -2.01524e-01  -4.36843e-02  5.60889e-01
1.97920e+01  1.02005e+00  3.65049e-01  -2.09409e-01  -5.37689e-02  5.74457e-01
1.98968e+01  1.01539e+00  3.70254e-01  -2.20354e-01  -7.04549e-02  5.90608e-01
2.00015e+01  1.01069e+00  3.71975e-01  -2.37507e-01  -1.03040e-01  6.09482e-01
2.01062e+01  1.00599e+00  3.56235e-01  -2.75010e-01  -1.93785e-01  6.31245e-01
2.02109e+01  1.00135e+00  -1.30058e-01  -7.86141e-01  -1.70234e+00  6.56083e-01
2.03156e+01  9.96821e-01  5.39762e-01  -1.44440e-01  2.50882e-01  6.84202e-01
2.04204e+01  9.92448e-01  5.16279e-01  -1.99538e-01  1.17203e-01  7.15817e-01
2.05251e+01  9.88274e-01  5.26358e-01  -2.24789e-01  7.67797e-02  7.51147e-01
2.06298e+01  9.84337e-01  5.46053e-01  -2.44350e-01  5.73533e-02  7.90404e-01
2.07345e+01  9.80670e-01  5.71176e-01  -2.62590e-01  4.59954e-02  8.33767e-01
2.08392e+01  9.77304e-01  6.00438e-01  -2.80926e-01  3.85855e-02  8.81364e-01
2.09440e+01  9.74264e-01  6.33292e-01  -2.99945e-01  3.34023e-02  9.33236e-01
2.10487e+01  9.71573e-01  6.69394e-01  -3.19898e-01  2.95993e-02  9.89292e-01
2.11534e+01  9.69247e-01  7.08409e-01  -3.40848e-01  2.67124e-02  1.04926e+00
2.12581e+01  9.67302e-01  7.49899e-01  -3.62716e-01  2.44659e-02  1.11262e+00
2.13628e+01  9.65746e-01  7.93256e-01  -3.85285e-01  2.26858e-02  1.17854e+00
2.14675e+01  9.64587e-01  8.37651e-01  -4.08197e-01  2.12573e-02  1.24585e+00
2.15723e+01  9.63827e-01  8.82004e-01  -4.30951e-01  2.01016e-02  1.31295e+00
2.16770e+01  9.63464e-01  9.24980e-01  -4.52908e-01  1.91631e-02  1.37789e+00
2.17817e+01  9.63495e-01  9.65035e-01  -4.73317e-01  1.84016e-02  1.43835e+00
2.18864e+01  9.63912e-01  1.00050e+00  -4.91358e-01  1.77874e-02  1.49186e+00
2.19911e+01  9.64704e-01  1.02974e+00  -5.06221e-01  1.72986e-02  1.53596e+00
2.20959e+01  9.65858e-01  1.05130e+00  -5.17190e-01  1.69184e-02  1.56849e+00
2.22006e+01  9.67356e-01  1.06410e+00  -5.23732e-01  1.66344e-02  1.58783e+00
2.23053e+01  9.69178e-01  1.06758e+00  -5.25574e-01  1.64371e-02  1.59316e+00
2.24100e+01  9.71303e-01  1.06179e+00  -5.22736e-01  1.63198e-02  1.58453e+00
2.25147e+01  9.73705e-01  1.04733e+00  -5.15526e-01  1.62775e-02  1.56286e+00
2.26195e+01  9.76357e-01  1.02529e+00  -5.04489e-01  1.63071e-02  1.52978e+00
2.27242e+01  9.79228e-01  9.97067e-01  -4.90330e-01  1.64068e-02  1.48740e+00
2.28289e+01  9.82286e-01  9.64227e-01  -4.73826e-01  1.65762e-02  1.43805e+00
2.29336e+01  9.85498e-01  9.28309e-01  -4.55746e-01  1.68162e-02  1.38406e+00
2.30383e+01  9.88827e-01  8.90723e-01  -4.36797e-01  1.71289e-02  1.32752e+00
2.31431e+01  9.92238e-01  8.52676e-01  -4.17579e-01  1.75175e-02  1.27025e+00
2.32478e+01  9.95693e-01  8.15138e-01  -3.98576e-01  1.79866e-02  1.21371e+00
2.33525e+01  9.99152e-01  7.78850e-01  -3.80154e-01  1.85422e-02  1.15900e+00
2.34572e+01  1.00258e+00  7.44338e-01  -3.62573e-01  1.91918e-02  1.10691e+00
2.35619e+01  1.00593e+00  7.11955e-01  -3.46005e-01  1.99447e-02  1.05796e+00
2.36667e+01  1.00918e+00  6.81908e-01  -3.30548e-01  2.08123e-02  1.01246e+00
2.37714e+01  1.01228e+00  6.54302e-01  -3.16247e-01  2.18084e-02  9.70548e-01
2.38761e+01  1.01520e+00  6.29159e-01  -3.03105e-01  2.29498e-02  9.32263e-01
2.39808e+01  1.01790e+00  6.06450e-01  -2.91097e-01  2.42568e-02  8.97547e-01
2.40855e+01  1.02037e+00  5.86112e-01  -2.80179e-01  2.57539e-02  8.66291e-01
2.41903e+01  1.02257e+00  5.68061e-01  -2.70295e-01  2.74712e-02  8.38356e-01
2.42950e+01  1.02447e+00  5.52207e-01  -2.61381e-01  2.94454e-02  8.13587e-01
2.43997e+01  1.02606e+00  5.38456e-01  -2.53367e-01  3.17215e-02  7.91823e-01
2.45044e+01  1.02733e+00  5.26723e-01  -2.46184e-01  3.43556e-02  7.72907e-01
2.46091e+01  1.02825e+00  5.16934e-01  -2.39758e-01  3.74176e-02  7.56692e-01
2.47139e+01  1.02884e+00  5.09025e-01  -2.34015e-01  4.09953e-02  7.43040e-01
2.48186e+01  1.02907e+00  5.02954e-01  -2.28876e-01  4.52008e-02  7.31830e-01
2.49233e+01  1.02897e+00  4.98696e-01  -2.24259e-01  5.01780e-02  7.22955e-01
2.50280e+01  1.02853e+00  4.96254e-01  -2.20070e-01  5.61145e-02  7.16324e-01
2.51327e+01  1.02776e+00  4.95659e-01  -2.16201e-01  6.32577e-02  7.11859e-01
2.52375e+01  1.02668e+00  4.96980e-01  -2.12520e-01  7.19398e-02  7.09501e-01
2.53422e+01  1.02531e+00  5.00338e-01  -2.08862e-01  8.26139e-02  7.09200e-01
2.54469e+01  1.02368e+00  5.05920e-01  -2.05005e-01  9.59111e-02  7.10925e-01
2.55516e+01  1.02180e+00  5.14012e-01  -2.00640e-01  1.12731e-01  7.14652e-01
2.56563e+01  1.01971e+00  5.25044e-01  -1.95328e-01  1.34389e-01  7.20372e-01
2.57611e+01  1.01743e+00  5.39682e-01  -1.88402e-01  1.62878e-01  7.28084e-01
2.58658e+01  1.01499e+00  5.58971e-01  -1.78824e-01  2.01323e-01  7.37795e-01
2.59705e+01  1.01243e+00  5.84636e-01  -1.64883e-01  2.54869e-01  7.49519e-01
2.60752e+01  1.00978e+00  6.19684e-01  -1.43590e-01  3.32504e-01  7.63274e-01
2.61799e+01  1.00707e+00  6.69779e-01  -1.09299e-01  4.51180e-01  7.79079e-01
2.62847e+01  1.00433e+00  7.46782e-01  -5.01660e-02  6.46450e-01  7.96948e-01
2.63894e+01  1.00160e+00  8.79730e-01  6.28391e-02  1.00541e+00  8.16891e-01
2.64941e+01  9.98905e-01  1.16061e+00  3.21700e-01  1.80401e+00  8.38906e-01
2.65988e+01  9.96272e-01  2.09017e+00  1.22720e+00  4.54457e+00  8.62971e-01
2.67035e+01  9.93731e-01  -2.18445e+01  -2.27335e+01  -6.73115e+01  8.89040e-01
2.68083e+01  9.91307e-01  -1.50388e+00  -2.42091e+00  -6.34571e+00  9.17031e-01
2.69130e+01  9.89023e-01  -9.13160e-01  -1.85998e+00  -4.63312e+00  9.46823e-01
2.70177e+01  9.86902e-01  -1.03411e+00  -2.01235e+00  -5.05880e+00  9.78237e-01
2.71224e+01  9.84962e-01  -2.31678e+00  -3.32782e+00  -8.97242e+00  1.01104e+00
2.72271e+01  9.83221e-01  1.04167e+01  9.37177e+00  2.91602e+01  1.04490e+00
2.73319e+01  9.81692e-01  2.16305e+00  1.08361e+00  4.33027e+00  1.07945e+00
2.74366e+01  9.80387e-01  1.45226e+00  3.38071e-01  2.12841e+00  1.11419e+00
2.75413e+01  9.79317e-01  1.21467e+00  6.61012e-02  1.34688e+00  1.14857e+00
2.76460e+01  9.78487e-01  1.10835e+00  -7.36039e-02  9.61138e-01  1.18195e+00
2.77507e+01  9.77903e-01  1.05497e+00  -1.58654e-01  7.37659e-01  1.21362e+00
2.78555e+01  9.77567e-01  1.02694e+00  -2.15904e-01  5.95136e-01  1.24285e+00
2.79602e+01  9.77478e-01  1.01201e+00  -2.56875e-01  4.98262e-01  1.26889e+00
2.80649e+01  9.77633e-01  1.00382e+00  -2.87205e-01  4.29414e-01  1.29103e+00
2.81696e+01  9.78028e-01  9.98729e-01  -3.09913e-01  3.78903e-01  1.30864e+00
2.82743e+01  9.78655e-01  9.94488e-01  -3.26736e-01  3.41016e-01  1.32122e+00
2.83791e+01  9.79505e-01  9.89683e-01  -3.38744e-01  3.12195e-01  1.32843e+00
2.84838e+01  9.80566e-01  9.83441e-01  -3.46653e-01  2.90135e-01  1.33009e+00
2.85885e+01  9.81825e-01  9.75273e-01  -3.50989e-01  2.73295e-01  1.32626e+00
2.86932e+01  9.83268e-01  9.64985e-01  -3.52179e-01  2.60627e-01  1.31716e+00
2.87979e+01  9.84875e-01  9.52605e-01  -3.50598e-01  2.51409e-01  1.30320e+00
2.89027e+01  9.86630e-01  9.38331e-01  -3.46589e-01  2.45153e-01  1.28492e+00
2.90074e+01  9.88512e-01  9.22487e-01  -3.40474e-01  2.41539e-01  1.26296e+00
2.91121e+01  9.90499e-01  9.05474e-01  -3.32544e-01  2.40385e-01  1.23802e+00
2.92168e+01  9.92570e-01  8.87745e-01  -3.23062e-01  2.41622e-01  1.21081e+00
2.93215e+01  9.94701e-01  8.69775e-01  -3.12243e-01  2.45288e-01  1.18202e+00
2.94263e+01  9.96868e-01  8.52045e-01  -3.00254e-01  2.51537e-01  1.15230e+00
2.95310e+01  9.99048e-01  8.35035e-01  -2.87193e-01  2.60650e-01  1.12223e+00
2.96357e+01  1.00122e+00  8.19230e-01  -2.73081e-01  2.73068e-01  1.09231e+00
2.97404e+01  1.00335e+00  8.05135e-01  -2.57841e-01  2.89453e-01  1.06298e+00
2.98451e+01  1.00542e+00  7.93306e-01  -2.41263e-01  3.10779e-01  1.03457e+00
2.99498e+01  1.00741e+00  7.84409e-01  -2.22961e-01  3.38487e-01  1.00737e+00
3.00546e+01  1.00929e+00  7.79318e-01  -2.02274e-01  3.74771e-01  9.81592e-01
3.01593e+01  1.01105e+00  7.79288e-01  -1.78104e-01  4.23080e-01  9.57392e-01
3.02640e+01  1.01266e+00  7.86299e-01  -1.48582e-01  4.89135e-01  9.34882e-01
3.03687e+01  1.01411e+00  8.03788e-01  -1.10347e-01  5.83093e-01  9.14135e-01
3.04734e+01  1.01538e+00  8.38402e-01  -5.67923e-02  7.24817e-01  8.95194e-01
3.05782e+01  1.01646e+00  9.05044e-01  2.69642e-02  9.58973e-01  8.78080e-01
3.06829e+01  1.01734e+00  1.04555e+00  1.82759e-01  1.41107e+00  8.62794e-01
3.07876e+01  1.01802e+00  1.43979e+00  5.90461e-01  2.62071e+00  8.49327e-01
3.08923e+01  1.01847e+00  5.64379e+00  4.80613e+00  1.52561e+01  8.37659e-01
3.09970e+01  1.01871e+00  -8.63507e-01  -1.69127e+00  -4.24605e+00  8.27766e-01
3.11018e+01  1.01873e+00  -9.71514e-02  -9.16772e-01  -1.93070e+00  8.19620e-01
3.12065e+01  1.01853e+00  1.13886e-01  -6.99309e-01  -1.28473e+00  8.13195e-01
3.13112e+01  1.01813e+00  2.10149e-01  -5.98312e-01  -9.86476e-01  8.08461e-01
3.14159e+01  1.01752e+00  2.63977e-01  -5.41416e-01  -8.18854e-01  8.05393e-01
3.15206e+01  1.01672e+00  2.97630e-01  -5.06335e-01  -7.15039e-01  8.03965e-01
3.16254e+01  1.01574e+00  3.20164e-01  -4.83992e-01  -6.47820e-01  8.04155e-01
3.17301e+01  1.01460e+00  3.35882e-01  -4.70061e-01  -6.04239e-01  8.05943e-01
3.18348e+01  1.01330e+00  3.47012e-01  -4.62297e-01  -5.77582e-01  8.09309e-01
3.19395e+01  1.01187e+00  3.54715e-01  -4.59520e-01  -5.64326e-01  8.14235e-01
3.20442e+01  1.01033e+00  3.59516e-01  -4.61186e-01  -5.62856e-01  8.20702e-01
3.21490e+01  1.00870e+00  3.61474e-01  -4.67217e-01  -5.72961e-01  8.28692e-01
3.22537e+01  1.00699e+00  3.60199e-01  -4.77982e-01  -5.95765e-01  8.38181e-01
3.23584e+01  1.00522e+00  3.54741e-01  -4.94403e-01  -6.34065e-01  8.49144e-01
3.24631e+01  1.00343e+00  3.43271e-01  -5.18276e-01  -6.93281e-01  8.61547e-01
3.25678e+01  1.00162e+00  3.22335e-01  -5.53013e-01  -7.83692e-01  8.75348e-01
3.26726e+01  9.99825e-01  2.84983e-01  -6.05511e-01  -9.26039e-01  8.90494e-01
3.27773e+01  9.98057e-01  2.15314e-01  -6.91601e-01  -1.16789e+00  9.06915e-01
3.28820e+01  9.96336e-01  6.78222e-02  -8.56705e-01  -1.64559e+00  9.24527e-01
3.29867e+01  9.94681e-01  -3.60417e-01  -1.30364e+00  -2.96770e+00  9.43223e-01
3.30914e+01  9.93109e-01  -6.44123e+00  -7.40410e+00  -2.12494e+01  9.62873e-01
3.31962e+01  9.91636e-01  1.94322e+00  9.59898e-01  3.86301e+00  9.83319e-01
3.33009e+01  9.90275e-01  1.24675e+00  2.42380e-01  1.73151e+00  1.00437e+00
3.34056e+01  9.89041e-01  1.05198e+00  2.61589e-02  1.10430e+00  1.02582e+00
3.35103e+01  9.87943e-01  9.67199e-01  -8.02129e-02  8.06774e-01  1.04741e+00
3.36150e+01  9.86993e-01  9.24093e-01  -1.44775e-01  6.34542e-01  1.06887e+00
3.37198e+01  9.86197e-01  9.00977e-01  -1.88905e-01  5.23168e-01  1.08988e+00
3.38245e+01  9.85562e-01  8.88721e-01  -2.21407e-01  4.45907e-01  1.11013e+00
3.39292e+01  9.85093e-01  8.82733e-01  -2.46529e-01  3.89675e-01  1.12926e+00
3.40339e+01  9.84793e-01  8.80399e-01  -2.66537e-01  3.47324e-01  1.14694e+00
3.41386e+01  9.84662e-01  8.80084e-01  -2.82730e-01  3.14625e-01  1.16281e+00
3.42434e+01  9.84700e-01  8.80689e-01  -2.95884e-01  2.88920e-01  1.17657e+00
3.43481e+01  9.84904e-01  8.81440e-01  -3.06489e-01  2.68462e-01  1.18793e+00
3.44528e+01  9.85272e-01  8.81782e-01  -3.14862e-01  2.52058e-01  1.19664e+00
3.45575e+01  9.85796e-01  8.81317e-01  -3.21224e-01  2.38870e-01  1.20254e+00
3.46622e+01  9.86470e-01  8.79772e-01  -3.25737e-01  2.28298e-01  1.20551e+00
3.47670e+01  9.87285e-01  8.76976e-01  -3.28537e-01  2.19903e-01  1.20551e+00
3.48717e+01  9.88231e-01  8.72849e-01  -3.29744e-01  2.13362e-01  1.20259e+00
3.49764e+01  9.89297e-01  8.67388e-01  -3.29476e-01  2.08437e-01  1.19686e+00
3.50811e+01  9.90471e-01  8.60653e-01  -3.27850e-01  2.04954e-01  1.18850e+00
3.51858e+01  9.91738e-01  8.52761e-01  -3.24986e-01  2.02788e-01  1.17775e+00
3.52906e+01  9.93085e-01  8.43870e-01  -3.21006e-01  2.01857e-01  1.16488e+00
3.53953e+01  9.94496e-01  8.34170e-01  -3.16030e-01  2.02110e-01  1.15020e+00
3.55000e+01  9.95955e-01  8.23872e-01  -3.10173e-01  2.03527e-01  1.13404e+00
3.56047e+01  9.97447e-01  8.13202e-01  -3.03543e-01  2.06117e-01  1.11674e+00
3.57094e+01  9.98953e-01  8.02388e-01  -2.96236e-01  2.09915e-01  1.09862e+00
3.58142e+01  1.00046e+00  7.91658e-01  -2.88337e-01  2.14984e-01  1.08000e+00
3.59189e+01  1.00194e+00  7.81237e-01  -2.79909e-01  2.21419e-01  1.06115e+00
3.60236e+01  1.00339e+00  7.71341e-01  -2.70998e-01  2.29345e-01  1.04234e+00
3.61283e+01  1.00479e+00  7.62181e-01  -2.61626e-01  2.38929e-01  1.02381e+00
3.62330e+01  1.00613e+00  7.53965e-01  -2.51791e-01  2.50384e-01  1.00576e+00
3.63378e+01  1.00738e+00  7.46898e-01  -2.41461e-01  2.63976e-01  9.88360e-01
3.64425e+01  1.00854e+00  7.41191e-01  -2.30574e-01  2.80044e-01  9.71765e-01
3.65472e+01  1.00959e+00  7.37066e-01  -2.19027e-01  2.99011e-01  9.56093e-01
3.66519e+01  1.01052e+00  7.34766e-01  -2.06677e-01  3.21412e-01  9.41442e-01
3.67566e+01  1.01132e+00  7.34569e-01  -1.93323e-01  3.47924e-01  9.27891e-01
3.68614e+01  1.01199e+00  7.36801e-01  -1.78699e-01  3.79403e-01  9.15500e-01
3.69661e+01  1.01251e+00  7.41859e-01  -1.62454e-01  4.16951e-01  9.04314e-01
3.70708e+01  1.01289e+00  7.50237e-01  -1.44129e-01  4.61979e-01  8.94366e-01
3.71755e+01  1.01311e+00  7.62559e-01  -1.23120e-01  5.16319e-01  8.85679e-01
3.72802e+01  1.01318e+00  7.79631e-01  -9.86374e-02  5.82356e-01  8.78269e-01
3.73850e+01  1.01311e+00  8.02496e-01  -6.96444e-02  6.63208e-01  8.72141e-01
3.74897e+01  1.01288e+00  8.32515e-01  -3.47837e-02  7.62947e-01  8.67298e-01
3.75944e+01  1.01251e+00  8.71448e-01  7.70900e-03  8.86866e-01  8.63739e-01
3.76991e+01  1.01200e+00  9.21542e-01  6.00849e-02  1.04171e+00  8.61457e-01
3.78038e+01  1.01136e+00  9.85542e-01  1.25099e-01  1.23574e+00  8.60444e-01
3.79086e+01  1.01060e+00  1.06651e+00  2.05825e-01  1.47816e+00  8.60687e-01
3.80133e+01  1.00973e+00  1.16715e+00  3.04978e-01  1.77711e+00  8.62174e-01
3.81180e+01  1.00876e+00  1.28810e+00  4.23212e-01  2.13452e+00  8.64885e-01
3.82227e+01  1.00770e+00  1.42462e+00  5.55820e-01  2.53626e+00  8.68803e-01
3.83274e+01  1.00657e+00  1.56216e+00  6.88262e-01  2.93869e+00  8.73901e-01
3.84322e+01  1.00538e+00  1.67440e+00  7.94243e-01  3.26288e+00  8.80153e-01
3.85369e+01  1.00414e+00  1.73093e+00  8.43405e-01  3.41774e+00  8.87525e-01
3.86416e+01  1.00286e+00  1.71532e+00  8.19341e-01  3.35400e+00  8.95978e-01
3.87463e+01  1.00158e+00  1.63732e+00  7.31859e-01  3.10104e+00  9.05464e-01
3.88510e+01  1.00029e+00  1.52468e+00  6.08756e-01  2.74220e+00  9.15928e-01
3.89557e+01  9.99010e-01  1.40495e+00  4.77650e-01  2.36025e+00  9.27305e-01
3.90605e+01  9.97759e-01  1.29532e+00  3.55801e-01  2.00692e+00  9.39517e-01
3.91652e+01  9.96547e-01  1.20278e+00  2.50300e-01  1.70338e+00  9.52476e-01
3.92699e+01  9.95389e-01  1.12816e+00  1.62083e-01  1.45233e+00  9.66079e-01
3.93746e+01  9.94295e-01  1.06957e+00  8.93603e-02  1.24829e+00  9.80208e-01
3.94793e+01  9.93276e-01  1.02430e+00  2.95660e-02  1.08343e+00  9.94731e-01
3.95841e+01  9.92344e-01  9.89716e-01  -1.97832e-02  9.50150e-01  1.00950e+00
3.96888e+01  9.91506e-01  9.63560e-01  -6.07904e-02  8.41979e-01  1.02435e+00
3.97935e+01  9.90772e-01  9.43974e-01  -9.51339e-02  7.53706e-01  1.03911e+00
3.98982e+01  9.90146e-01  9.29469e-01  -1.24113e-01  6.81243e-01  1.05358e+00
4.00029e+01  9.89636e-01  9.18858e-01  -1.48720e-01  6.21419e-01  1.06758e+00
4.01077e+01  9.89245e-01  9.11187e-01  -1.69703e-01  5.71781e-01  1.08089e+00
4.02124e+01  9.88977e-01  9.05689e-01  -1.87629e-01  5.30431e-01  1.09332e+00
4.03171e+01  9.88832e-01  9.01738e-01  -2.02923e-01  4.95893e-01  1.10466e+00
4.04218e+01  9.88811e-01  8.98826e-01  -2.15906e-01  4.67014e-01  1.11473e+00
4.05265e+01  9.88913e-01  8.96538e-01  -2.26823e-01  4.42892e-01  1.12336e+00
4.06313e+01  9.89136e-01  8.94536e-01  -2.35861e-01  4.22815e-01  1.13040e+00
4.07360e+01  9.89476e-01  8.92555e-01  -2.43165e-01  4.06224e-01  1.13572e+00
4.08407e+01  9.89929e-01  8.90387e-01  -2.48855e-01  3.92677e-01  1.13924e+00
4.09454e+01  9.90489e-01  8.87884e-01  -2.53028e-01  3.81827e-01  1.14091e+00
4.10501e+01  9.91149e-01  8.84946e-01  -2.55770e-01  3.73407e-01  1.14072e+00
4.11549e+01  9.91900e-01  8.81522e-01  -2.57157e-01  3.67208e-01  1.13868e+00
4.12596e+01  9.92735e-01  8.77602e-01  -2.57261e-01  3.63080e-01  1.13486e+00
4.13643e+01  9.93644e-01  8.73215e-01  -2.56149e-01  3.60917e-01  1.12936e+00
4.14690e+01  9.94615e-01  8.68424e-01  -2.53884e-01  3.60655e-01  1.12231e+00
4.15737e+01  9.95639e-01  8.63322e-01  -2.50527e-01  3.62267e-01  1.11385e+00
4.16785e+01  9.96703e-01  8.58027e-01  -2.46131e-01  3.65765e-01  1.10416e+00
4.17832e+01  9.97795e-01  8.52678e-01  -2.40742e-01  3.71194e-01  1.09342e+00
4.18879e+01  9.98903e-01  8.47430e-01  -2.34396e-01  3.78639e-01  1.08183e+00
4.19926e+01  1.00002e+00  8.42455e-01  -2.27117e-01  3.88222e-01  1.06957e+00
4.20973e+01  1.00112e+00  8.37935e-01  -2.18913e-01  4.00108e-01  1.05685e+00
4.22021e+01  1.00220e+00  8.34066e-01  -2.09777e-01  4.14513e-01  1.04384e+00
4.23068e+01  1.00325e+00  8.31054e-01  -1.99675e-01  4.31704e-01  1.03073e+00
4.24115e+01  1.00426e+00  8.29118e-01  -1.88552e-01  4.52015e-01  1.01767e+00
4.25162e+01  1.00521e+00  8.28493e-01  -1.76321e-01  4.75851e-01  1.00481e+00
4.26209e+01  1.00609e+00  8.29433e-01  -1.62862e-01  5.03709e-01  9.92295e-01
4.27257e+01  1.00690e+00  8.32217e-01  -1.48016e-01  5.36186e-01  9.80232e-01
4.28304e+01  1.00762e+00  8.37155e-01  -1.31577e-01  5.74001e-01  9.68731e-01
4.29351e+01  1.00825e+00  8.44593e-01  -1.13289e-01  6.18015e-01  9.57881e-01
4.30398e+01  1.00878e+00  8.54923e-01  -9.28358e-02  6.69251e-01  9.47759e-01
4.31445e+01  1.00921e+00  8.68589e-01  -6.98397e-02  7.28909e-01  9.38429e-01
4.32493e+01  1.00953e+00  8.86088e-01  -4.38561e-02  7.98376e-01  9.29944e-01
4.33540e+01  1.00974e+00  9.07969e-01  -1.43802e-02  8.79208e-01  9.22349e-01
4.34587e+01  1.00984e+00  9.34811e-01  1.91336e-02  9.73078e-01  9.15678e-01
4.35634e+01  1.00983e+00  9.67184e-01  5.72278e-02  1.08164e+00  9.09956e-01
4.36681e+01  1.00970e+00  1.00556e+00  1.00355e-01  1.20627e+00  9.05205e-01
4.37729e+01  1.00947e+00  1.05017e+00  1.48729e-01  1.34762e+00  9.01437e-01
4.38776e+01  1.00913e+00  1.10074e+00  2.02084e-01  1.50491e+00  8.98661e-01
4.39823e+01  1.00869e+00  1.15623e+00  2.59348e-01  1.67492e+00  8.96879e-01
4.40870e+01  1.00815e+00  1.21435e+00  3.18262e-01  1.85088e+00  8.96090e-01
4.41917e+01  1.00753e+00  1.27138e+00  3.75089e-01  2.02155e+00  8.96287e-01
4.42965e+01  1.00683e+00  1.32214e+00  4.24681e-01  2.17150e+00  8.97462e-01
4.44012e+01  1.00606e+00  1.36079e+00  4.61191e-01  2.28317e+00  8.99598e-01
4.45059e+01  1.00523e+00  1.38217e+00  4.79487e-01  2.34114e+00  9.02678e-01
4.46106e+01  1.00435e+00  1.38348e+00  4.76806e-01  2.33710e+00  9.06678e-01
4.47153e+01  1.00343e+00  1.36533e+00  4.53756e-01  2.27284e+00  9.11569e-01
4.48201e+01  1.00248e+00  1.33136e+00  4.14044e-01  2.15945e+00  9.17318e-01
4.49248e+01  1.00151e+00  1.28700e+00  3.63118e-01  2.01324e+00  9.23884e-01
4.50295e+01  1.00054e+00  1.23778e+00  3.06554e-01  1.85088e+00  9.31221e-01
4.51342e+01  9.99566e-01  1.18821e+00  2.48931e-01  1.68607e+00  9.39276e-01
4.52389e+01  9.98609e-01  1.14140e+00  1.93410e-01  1.52821e+00  9.47986e-01
4.53437e+01  9.97676e-01  1.09911e+00  1.41826e-01  1.38276e+00  9.57282e-01
4.54484e+01  9.96779e-01  1.06210e+00  9.50142e-02  1.25213e+00  9.67086e-01
4.55531e+01  9.95926e-01  1.03046e+00  5.31520e-02  1.13677e+00  9.77310e-01
4.56578e+01  9.95127e-01  1.00390e+00  1.60407e-02  1.03598e+00  9.87858e-01
4.57625e+01  9.94389e-01  9.81922e-01  -1.67027e-02  9.48516e-01  9.98625e-01
4.58673e+01  9.93721e-01  9.63969e-01  -4.55267e-02  8.72915e-01  1.00950e+00
4.59720e+01  9.93128e-01  9.49472e-01  -7.08769e-02  8.07718e-01  1.02035e+00
4.60767e+01  9.92616e-01  9.37894e-01  -9.31624e-02  7.51569e-01  1.03106e+00
4.61814e+01  9.92190e-01  9.28744e-01  -1.12742e-01  7.03261e-01  1.04149e+00
4.62861e+01  9.91855e-01  9.21582e-01  -1.29918e-01  6.61745e-01  1.05150e+00
4.63909e+01  9.91612e-01  9.16019e-01  -1.44946e-01  6.26126e-01  1.06097e+00
4.64956e+01  9.91464e-01  9.11713e-01  -1.58033e-01  5.95646e-01  1.06975e+00
4.66003e+01  9.91411e-01  9.08367e-01  -1.69348e-01  5.69671e-01  1.07772e+00
4.67050e+01  9.91453e-01  9.05728e-01  -1.79027e-01  5.47674e-01  1.08475e+00
4.68097e+01  9.91589e-01  9.03576e-01  -1.87180e-01  5.29217e-01  1.09076e+00
4.69145e+01  9.91817e-01  9.01733e-01  -1.93896e-01  5.13941e-01  1.09563e+00
4.70192e+01  9.92134e-01  9.00052e-01  -1.99248e-01  5.01556e-01  1.09930e+00
4.71239e+01  9.92534e-01  8.98420e-01  -2.03296e-01  4.91827e-01  1.10172e+00
4.72286e+01  9.93015e-01  8.96755e-01  -2.06091e-01  4.84572e-01  1.10285e+00
4.73333e+01  9.93569e-01  8.95006e-01  -2.07677e-01  4.79652e-01  1.10268e+00
4.74380e+01  9.94190e-01  8.93150e-01  -2.08090e-01  4.76970e-01  1.10124e+00
4.75428e+01  9.94871e-01  8.91193e-01  -2.07364e-01  4.76465e-01  1.09856e+00
4.76475e+01  9.95604e-01  8.89164e-01  -2.05528e-01  4.78109e-01  1.09469e+00
4.77522e+01  9.96381e-01  8.87117e-01  -2.02604e-01  4.81910e-01  1.08972e+00
4.78569e+01  9.97193e-01  8.85130e-01  -1.98612e-01  4.87907e-01  1.08374e+00
4.79616e+01  9.98031e-01  8.83297e-01  -1.93562e-01  4.96172e-01  1.07686e+00
4.80664e+01  9.98885e-01  8.81732e-01  -1.87460e-01  5.06812e-01  1.06919e+00
4.81711e+01  9.99746e-01  8.80568e-01  -1.80299e-01  5.19970e-01  1.06087e+00
4.82758e+01  1.00060e+00  8.79948e-01  -1.72062e-01  5.35825e-01  1.05201e+00
4.83805e+01  1.00145e+00  8.80034e-01  -1.62718e-01  5.54598e-01  1.04275e+00
4.84852e+01  1.00227e+00  8.81000e-01  -1.52223e-01  5.76554e-01  1.03322e+00
4.85900e+01  1.00307e+00  8.83033e-01  -1.40514e-01  6.02006e-01  1.02355e+00
4.86947e+01  1.00382e+00  8.86332e-01  -1.27509e-01  6.31315e-01  1.01384e+00
4.87994e+01  1.00452e+00  8.91110e-01  -1.13107e-01  6.64896e-01  1.00422e+00
4.89041e+01  1.00517e+00  8.97592e-01  -9.71892e-02  7.03214e-01  9.94781e-01
4.90088e+01  1.00576e+00  9.06011e-01  -7.96148e-02  7.46782e-01  9.85626e-01
4.91136e+01  1.00628e+00  9.16608e-01  -6.02302e-02  7.96148e-01  9.76839e-01
4.92183e+01  1.00672e+00  9.29622e-01  -3.88736e-02  8.51874e-01  9.68495e-01
4.93230e+01  1.00708e+00  9.45276e-01  -1.53878e-02  9.14500e-01  9.60664e-01
4.94277e+01  1.00737e+00  9.63762e-01  1.03592e-02  9.84481e-01  9.53403e-01
4.95324e+01  1.00756e+00  9.85209e-01  3.84437e-02  1.06210e+00  9.46765e-01
4.96372e+01  1.00767e+00  1.00963e+00  6.88427e-02  1.14732e+00  9.40792e-01
4.97419e+01  1.00769e+00  1.03689e+00  1.01375e-01  1.23964e+00  9.35520e-01
4.98466e+01  1.00763e+00  1.06661e+00  1.35628e-01  1.33786e+00  9.30979e-01
4.99513e+01  1.00748e+00  1.09807e+00  1.70881e-01  1.43983e+00  9.27191e-01
5.00560e+01  1.00724e+00  1.13021e+00  2.06036e-01  1.54228e+00  9.24173e-01
5.01608e+01  1.00693e+00  1.16153e+00  2.39594e-01  1.64072e+00  9.21937e-01
5.02655e+01  1.00654e+00  1.19020e+00  2.69707e-01  1.72961e+00  9.20491e-01
5.03702e+01  1.00608e+00  1.21418e+00  2.94347e-01  1.80288e+00  9.19835e-01
5.04749e+01  1.00555e+00  1.23155e+00  3.11585e-01  1.85472e+00  9.19968e-01
5.05796e+01  1.00497e+00  1.24082e+00  3.19940e-01  1.88070e+00  9.20881e-01
5.06844e+01  1.00434e+00  1.24125e+00  3.18692e-01  1.87864e+00  9.22563e-01
5.07891e+01  1.00366e+00  1.23304e+00  3.08043e-01  1.84913e+00  9.24997e-01
5.08938e+01  1.00295e+00  1.21722e+00  2.89059e-01  1.79534e+00  9.28163e-01
5.09985e+01  1.00221e+00  1.19546e+00  2.63431e-01  1.72233e+00  9.32034e-01
5.11032e+01  1.00145e+00  1.16971e+00  2.33129e-01  1.63597e+00  9.36580e-01
5.12080e+01  1.00068e+00  1.14185e+00  2.00091e-01  1.54204e+00  9.41764e-01
5.13127e+01  9.99913e-01  1.11354e+00  1.65994e-01  1.44553e+00  9.47544e-01
5.14174e+01  9.99152e-01  1.08602e+00  1.32152e-01  1.35033e+00  9.53873e-01
5.15221e+01  9.98406e-01  1.06019e+00  9.94955e-02  1.25918e+00  9.60697e-01
5.16268e+01  9.97685e-01  1.03658e+00  6.86243e-02  1.17383e+00  9.67956e-01
5.17316e+01  9.96995e-01  1.01546e+00  3.98734e-02  1.09520e+00  9.75583e-01
5.18363e+01  9.96344e-01  9.96894e-01  1.33861e-02  1.02367e+00  9.83508e-01
5.19410e+01  9.95739e-01  9.80828e-01  -1.08231e-02  9.59181e-01  9.91651e-01
5.20457e+01  9.95187e-01  9.67109e-01  -3.28192e-02  9.01471e-01  9.99928e-01
5.21504e+01  9.94692e-01  9.55540e-01  -5.27116e-02  8.50116e-01  1.00825e+00
5.22552e+01  9.94260e-01  9.45897e-01  -7.06293e-02  8.04639e-01  1.01653e+00
5.23599e+01  9.93894e-01  9.37953e-01  -8.67050e-02  7.64543e-01  1.02466e+00
5.24646e+01  9.93599e-01  9.31482e-01  -1.01066e-01  7.29350e-01  1.03255e+00
5.25693e+01  9.93378e-01  9.26268e-01  -1.13827e-01  6.98614e-01  1.04010e+00
5.26740e+01  9.93230e-01  9.22112e-01  -1.25092e-01  6.71928e-01  1.04720e+00
5.27788e+01  9.93159e-01  9.18831e-01  -1.34949e-01  6.48933e-01  1.05378e+00
5.28835e+01  9.93164e-01  9.16260e-01  -1.43472e-01  6.29315e-01  1.05973e+00
5.29882e+01  9.93245e-01  9.14254e-01  -1.50726e-01  6.12803e-01  1.06498e+00
5.30929e+01  9.93399e-01  9.12688e-01  -1.56760e-01  5.99167e-01  1.06945e+00
5.31976e+01  9.93626e-01  9.11455e-01  -1.61619e-01  5.88217e-01  1.07307e+00
5.33024e+01  9.93922e-01  9.10473e-01  -1.65338e-01  5.79797e-01  1.07581e+00
5.34071e+01  9.94283e-01  9.09675e-01  -1.67944e-01  5.73787e-01  1.07762e+00
5.35118e+01  9.94705e-01  9.09017e-01  -1.69461e-01  5.70095e-01  1.07848e+00
5.36165e+01  9.95183e-01  9.08475e-01  -1.69908e-01  5.68660e-01  1.07838e+00
5.37212e+01  9.95711e-01  9.08044e-01  -1.69298e-01  5.69448e-01  1.07734e+00
5.38260e+01  9.96284e-01  9.07737e-01  -1.67642e-01  5.72452e-01  1.07538e+00
5.39307e+01  9.96895e-01  9.07587e-01  -1.64948e-01  5.77691e-01  1.07254e+00
5.40354e+01  9.97537e-01  9.07644e-01  -1.61218e-01  5.85209e-01  1.06886e+00
5.41401e+01  9.98202e-01  9.07972e-01  -1.56449e-01  5.95075e-01  1.06442e+00
5.42448e+01  9.98884e-01  9.08653e-01  -1.50634e-01  6.07385e-01  1.05929e+00
5.43496e+01  9.99574e-01  9.09781e-01  -1.43762e-01  6.22257e-01  1.05354e+00
5.44543e+01  1.00026e+00  9.11462e-01  -1.35811e-01  6.39839e-01  1.04727e+00
5.45590e+01  1.00095e+00  9.13814e-01  -1.26758e-01  6.60299e-01  1.04057e+00
5.46637e+01  1.00162e+00  9.16965e-01  -1.16567e-01  6.83830e-01  1.03353e+00
5.47684e+01  1.00226e+00  9.21048e-01  -1.05200e-01  7.10648e-01  1.02625e+00
5.48732e+01  1.00288e+00  9.26201e-01  -9.26103e-02  7.40981e-01  1.01881e+00
5.49779e+01  1.00346e+00  9.32565e-01  -7.87481e-02  7.75069e-01  1.01131e+00
5.50826e+01  1.00400e+00  9.40277e-01  -6.35631e-02  8.13151e-01  1.00384e+00
5.51873e+01  1.00450e+00  9.49465e-01  -4.70095e-02  8.55446e-01  9.96474e-01
5.52920e+01  1.00493e+00  9.60237e-01  -2.90534e-02  9.02130e-01  9.89291e-01
5.53968e+01  1.00531e+00  9.72677e-01  -9.68423e-03  9.53308e-01  9.82361e-01
5.55015e+01  1.00563e+00  9.86821e-01  1.10717e-02  1.00896e+00  9.75750e-01
5.56062e+01  1.00588e+00  1.00265e+00  3.31323e-02  1.06891e+00  9.69515e-01
5.57109e+01  1.00607e+00  1.02005e+00  5.63378e-02  1.13272e+00  9.63708e-01
5.58156e+01  1.00618e+00  1.03880e+00  8.04257e-02  1.19965e+00  9.58376e-01
5.59203e+01  1.00623e+00  1.05856e+00  1.05006e-01  1.26858e+00  9.53557e-01
5.60251e+01  1.00620e+00  1.07883e+00  1.29542e-01  1.33791e+00  9.49287e-01
5.61298e+01  1.00610e+00  1.09893e+00  1.53343e-01  1.40562e+00  9.45592e-01
5.62345e+01  1.00594e+00  1.11807e+00  1.75576e-01  1.46922e+00  9.42496e-01
5.63392e+01  1.00571e+00  1.13533e+00  1.95309e-01  1.52594e+00  9.40017e-01
5.64439e+01  1.00542e+00  1.14975e+00  2.11586e-01  1.57293e+00  9.38167e-01
5.65487e+01  1.00507e+00  1.16048e+00  2.23529e-01  1.60754e+00  9.36955e-01
5.66534e+01  1.00466e+00  1.16683e+00  2.30447e-01  1.62773e+00  9.36383e-01
5.67581e+01  1.00420e+00  1.16840e+00  2.31944e-01  1.63228e+00  9.36453e-01
5.68628e+01  1.00370e+00  1.16513e+00  2.27974e-01  1.62108e+00  9.37157e-01
5.69675e+01  1.00317e+00  1.15734e+00  2.18850e-01  1.59504e+00  9.38487e-01
5.70723e+01  1.00260e+00  1.14562e+00  2.05190e-01  1.55600e+00  9.40429e-01
5.71770e+01  1.00200e+00  1.13079e+00  1.87825e-01  1.50644e+00  9.42964e-01
5.72817e+01  1.00139e+00  1.11375e+00  1.67684e-01  1.44912e+00  9.46070e-01
5.73864e+01  1.00077e+00  1.09541e+00  1.45695e-01  1.38680e+00  9.49720e-01
5.74911e+01  1.00014e+00  1.07658e+00  1.22701e-01  1.32199e+00  9.53881e-01
5.75959e+01  9.99517e-01  1.05794e+00  9.94206e-02  1.25678e+00  9.58519e-01
5.77006e+01  9.98902e-01  1.04001e+00  7.64213e-02  1.19285e+00  9.63590e-01
5.78053e+01  9.98305e-01  1.02318e+00  5.41283e-02  1.13144e+00  9.69050e-01
5.79100e+01  9.97730e-01  1.00769e+00  3.28387e-02  1.07336e+00  9.74848e-01
5.80147e+01  9.97185e-01  9.93674e-01  1.27447e-02  1.01916e+00  9.80929e-01
5.81195e+01  9.96675e-01  9.81189e-01  -6.04303e-03  9.69103e-01  9.87232e-01
5.82242e+01  9.96206e-01  9.70221e-01  -2.34738e-02  9.23274e-01  9.93695e-01
5.83289e+01  9.95782e-01  9.60710e-01  -3.95386e-02  8.81633e-01  1.00025e+00
5.84336e+01  9.95407e-01  9.52568e-01  -5.42554e-02  8.44057e-01  1.00682e+00
5.85383e+01  9.95086e-01  9.45687e-01  -6.76588e-02  8.10369e-01  1.01335e+00
5.86431e+01  9.94822e-01  9.39948e-01  -7.97915e-02  7.80365e-01  1.01974e+00
5.87478e+01  9.94617e-01  9.35231e-01  -9.06990e-02  7.53833e-01  1.02593e+00
5.88525e+01  9.94472e-01  9.31416e-01  -1.00426e-01  7.30564e-01  1.03184e+00
5.89572e+01  9.94390e-01  9.28387e-01  -1.09014e-01  7.10359e-01  1.03740e+00
5.90619e+01  9.94371e-01  9.26037e-01  -1.16500e-01  6.93036e-01  1.04254e+00
5.91667e+01  9.94414e-01  9.24266e-01  -1.22917e-01  6.78432e-01  1.04718e+00
5.92714e+01  9.94519e-01  9.22987e-01  -1.28291e-01  6.66404e-01  1.05128e+00
5.93761e+01  9.94683e-01  9.22123e-01  -1.32646e-01  6.56831e-01  1.05477e+00
5.94808e+01  9.94906e-01  9.21609e-01  -1.35998e-01  6.49612e-01  1.05761e+00
5.95855e+01  9.95184e-01  9.21395e-01  -1.38364e-01  6.44668e-01  1.05976e+00
5.96903e+01  9.95514e-01  9.21444e-01  -1.39751e-01  6.41941e-01  1.06120e+00
5.97950e+01  9.95892e-01  9.21732e-01  -1.40170e-01  6.41392e-01  1.06190e+00
5.98997e+01  9.96313e-01  9.22248e-01  -1.39623e-01  6.43002e-01  1.06187e+00
6.00044e+01  9.96773e-01  9.22997e-01  -1.38114e-01  6.46770e-01  1.06111e+00
6.01091e+01  9.97267e-01  9.23996e-01  -1.35641e-01  6.52714e-01  1.05964e+00
6.02139e+01  9.97788e-01  9.25275e-01  -1.32202e-01  6.60870e-01  1.05748e+00
6.03186e+01  9.98331e-01  9.26875e-01  -1.27792e-01  6.71290e-01  1.05467e+00
6.04233e+01  9.98890e-01  9.28849e-01  -1.22404e-01  6.84042e-01  1.05125e+00
6.05280e+01  9.99459e-01  9.31261e-01  -1.16027e-01  6.99207e-01  1.04729e+00
6.06327e+01  1.00003e+00  9.34181e-01  -1.08650e-01  7.16881e-01  1.04283e+00
6.07375e+01  1.00060e+00  9.37688e-01  -1.00260e-01  7.37168e-01  1.03795e+00
6.08422e+01  1.00116e+00  9.41864e-01  -9.08425e-02  7.60179e-01  1.03271e+00
6.09469e+01  1.00170e+00  9.46791e-01  -8.03843e-02  7.86023e-01  1.02718e+00
6.10516e+01  1.00222e+00  9.52554e-01  -6.88748e-02  8.14805e-01  1.02143e+00
6.11563e+01  1.00272e+00  9.59229e-01  -5.63090e-02  8.46611e-01  1.01554e+00
6.12611e+01  1.00318e+00  9.66882e-01  -4.26915e-02  8.81499e-01  1.00957e+00
6.13658e+01  1.00360e+00  9.75562e-01  -2.80419e-02  9.19478e-01  1.00360e+00
6.14705e+01  1.00398e+00  9.85293e-01  -1.24015e-02  9.60490e-01  9.97695e-01
6.15752e+01  1.00431e+00  9.96067e-01  4.15863e-03  1.00438e+00  9.91909e-01
6.16799e+01  1.00460e+00  1.00783e+00  2.15277e-02  1.05089e+00  9.86305e-01
6.17847e+01  1.00483e+00  1.02048e+00  3.95453e-02  1.09957e+00  9.80937e-01
6.18894e+01  1.00500e+00  1.03385e+00  5.79906e-02  1.14983e+00  9.75855e-01
6.19941e+01  1.00512e+00  1.04768e+00  7.65740e-02  1.20083e+00  9.71105e-01
6.20988e+01  1.00517e+00  1.06166e+00  9.49324e-02  1.25152e+00  9.66725e-01
6.22035e+01  1.00517e+00  1.07538e+00  1.12630e-01  1.30064e+00  9.62753e-01
6.23083e+01  1.00512e+00  1.08839e+00  1.29172e-01  1.34673e+00  9.59218e-01
6.24130e+01  1.00500e+00  1.10017e+00  1.44020e-01  1.38821e+00  9.56147e-01
6.25177e+01  1.00483e+00  1.11020e+00  1.56635e-01  1.42347e+00  9.53562e-01
6.26224e+01  1.00461e+00  1.11799e+00  1.66513e-01  1.45102e+00  9.51479e-01
6.27271e+01  1.00433e+00  1.12315e+00  1.73237e-01  1.46962e+00  9.49911e-01
6.28319e+01  1.00401e+00  1.12539e+00  1.76521e-01  1.47843e+00  9.48868e-01
6.29366e+01  1.00364e+00  1.12459e+00  1.76242e-01  1.47708e+00  9.48352e-01
6.30413e+01  1.00324e+00  1.12082e+00  1.72454e-01  1.46573e+00  9.48366e-01
6.31460e+01  1.00280e+00  1.11428e+00  1.65380e-01  1.44505e+00  9.48904e-01
6.32507e+01  1.00234e+00  1.10535e+00  1.55388e-01  1.41612e+00  9.49961e-01
6.33555e+01  1.00185e+00  1.09447e+00  1.42944e-01  1.38035e+00  9.51523e-01
6.34602e+01  1.00134e+00  1.08214e+00  1.28567e-01  1.33928e+00  9.53575e-01
6.35649e+01  1.00082e+00  1.06889e+00  1.12788e-01  1.29446e+00  9.56099e-01
6.36696e+01  1.00030e+00  1.05518e+00  9.61083e-02  1.24740e+00  9.59070e-01
6.37743e+01  9.99773e-01  1.04144e+00  7.89761e-02  1.19939e+00  9.62462e-01
6.38791e+01  9.99254e-01  1.02802e+00  6.17731e-02  1.15156e+00  9.66242e-01
6.39838e+01  9.98747e-01  1.01519e+00  4.48097e-02  1.10481e+00  9.70377e-01
6.40885e+01  9.98257e-01  1.00315e+00  2.83272e-02  1.05981e+00  9.74826e-01
6.41932e+01  9.97789e-01  9.92053e-01  1.25058e-02  1.01706e+00  9.79547e-01
6.42979e+01  9.97349e-01  9.81968e-01  -2.52685e-03  9.76914e-01  9.84494e-01
6.44026e+01  9.96941e-01  9.72932e-01  -1.66850e-02  9.39562e-01  9.89617e-01
6.45074e+01  9.96570e-01  9.64948e-01  -2.99158e-02  9.05116e-01  9.94864e-01
6.46121e+01  9.96239e-01  9.57987e-01  -4.21905e-02  8.73606e-01  1.00018e+00
6.47168e+01  9.95951e-01  9.52004e-01  -5.34981e-02  8.45008e-01  1.00550e+00
6.48215e+01  9.95711e-01  9.46939e-01  -6.38388e-02  8.19261e-01  1.01078e+00
6.49262e+01  9.95519e-01  9.42724e-01  -7.32206e-02  7.96283e-01  1.01594e+00
6.50310e+01  9.95378e-01  9.39287e-01  -8.16553e-02  7.75977e-01  1.02094e+00
6.51357e+01  9.95289e-01  9.36556e-01  -8.91566e-02  7.58242e-01  1.02571e+00
6.52404e+01  9.95253e-01  9.34457e-01  -9.57380e-02  7.42981e-01  1.03020e+00
6.53451e+01  9.95270e-01  9.32925e-01  -1.01412e-01  7.30101e-01  1.03434e+00
6.54498e+01  9.95339e-01  9.31896e-01  -1.06190e-01  7.19515e-01  1.03809e+00
6.55546e+01  9.95459e-01  9.31313e-01  -1.10081e-01  7.11151e-01  1.04139e+00
6.56593e+01  9.95630e-01  9.31128e-01  -1.13091e-01  7.04945e-01  1.04422e+00
6.57640e+01  9.95847e-01  9.31300e-01  -1.15226e-01  7.00848e-01  1.04653e+00
6.58687e+01  9.96110e-01  9.31799e-01  -1.16489e-01  6.98821e-01  1.04829e+00
6.59734e+01  9.96415e-01  9.32600e-01  -1.16880e-01  6.98840e-01  1.04948e+00
6.60782e+01  9.96759e-01  9.33692e-01  -1.16400e-01  7.00892e-01  1.05009e+00
6.61829e+01  9.97136e-01  9.35072e-01  -1.15046e-01  7.04979e-01  1.05012e+00
6.62876e+01  9.97544e-01  9.36745e-01  -1.12817e-01  7.11111e-01  1.04956e+00
6.63923e+01  9.97977e-01  9.38727e-01  -1.09708e-01  7.19310e-01  1.04844e+00
6.64970e+01  9.98431e-01  9.41041e-01  -1.05716e-01  7.29608e-01  1.04676e+00
6.66018e+01  9.98900e-01  9.43719e-01  -1.00837e-01  7.42046e-01  1.04456e+00
6.67065e+01  9.99380e-01  9.46798e-01  -9.50656e-02  7.56667e-01  1.04186e+00
6.68112e+01  9.99864e-01  9.50322e-01  -8.84003e-02  7.73521e-01  1.03872e+00
6.69159e+01  1.00035e+00  9.54335e-01  -8.08397e-02  7.92656e-01  1.03518e+00
6.70206e+01  1.00083e+00  9.58887e-01  -7.23861e-02  8.14114e-01  1.03127e+00
6.71254e+01  1.00129e+00  9.64021e-01  -6.30463e-02  8.37929e-01  1.02707e+00
6.72301e+01  1.00174e+00  9.69780e-01  -5.28343e-02  8.64112e-01  1.02261e+00
6.73348e+01  1.00217e+00  9.76197e-01  -4.17736e-02  8.92650e-01  1.01797e+00
6.74395e+01  1.00257e+00  9.83292e-01  -2.99009e-02  9.23490e-01  1.01319e+00
6.75442e+01  1.00294e+00  9.91068e-01  -1.72697e-02  9.56528e-01  1.00834e+00
6.76490e+01  1.00328e+00  9.99505e-01  -3.95574e-03  9.91594e-01  1.00346e+00
6.77537e+01  1.00358e+00  1.00856e+00  9.93894e-03  1.02843e+00  9.98617e-01
6.78584e+01  1.00383e+00  1.01814e+00  2.42801e-02  1.06670e+00  9.93857e-01
6.79631e+01  1.00405e+00  1.02813e+00  3.88972e-02  1.10592e+00  9.89231e-01
6.80678e+01  1.00421e+00  1.03836e+00  5.35794e-02  1.14552e+00  9.84785e-01
6.81726e+01  1.00433e+00  1.04864e+00  6.80750e-02  1.18479e+00  9.80562e-01
6.82773e+01  1.00440e+00  1.05869e+00  8.20932e-02  1.22288e+00  9.76600e-01
6.83820e+01  1.00442e+00  1.06825e+00  9.53107e-02  1.25887e+00  9.72935e-01
6.84867e+01  1.00438e+00  1.07698e+00  1.07384e-01  1.29175e+00  9.69598e-01
6.85914e+01  1.00430e+00  1.08458e+00  1.17964e-01  1.32051e+00  9.66618e-01
6.86962e+01  1.00418e+00  1.09074e+00  1.26721e-01  1.34418e+00  9.64017e-01
6.88009e+01  1.00400e+00  1.09518e+00  1.33366e-01  1.36192e+00  9.61817e-01
6.89056e+01  1.00378e+00  1.09771e+00  1.37676e-01  1.37306e+00  9.60033e-01
6.90103e+01  1.00352e+00  1.09819e+00  1.39509e-01  1.37720e+00  9.58676e-01
6.91150e+01  1.00322e+00  1.09658e+00  1.38825e-01  1.37423e+00  9.57757e-01
6.92198e+01  1.00289e+00  1.09296e+00  1.35682e-01  1.36432e+00  9.57280e-01
6.93245e+01  1.00253e+00  1.08748e+00  1.30231e-01  1.34794e+00  9.57245e-01
6.94292e+01  1.00214e+00  1.08036e+00  1.22707e-01  1.32577e+00  9.57651e-01
6.95339e+01  1.00173e+00  1.07189e+00  1.13398e-01  1.29868e+00  9.58491e-01
6.96386e+01  1.00130e+00  1.06239e+00  1.02631e-01  1.26765e+00  9.59756e-01
6.97434e+01  1.00086e+00  1.05218e+00  9.07421e-02  1.23366e+00  9.61433e-01
6.98481e+01  1.00041e+00  1.04157e+00  7.80610e-02  1.19769e+00  9.63505e-01
6.99528e+01  9.99959e-01  1.03085e+00  6.48930e-02  1.16063e+00  9.65953e-01
7.00575e+01  9.99512e-01  1.02026e+00  5.15102e-02  1.12328e+00  9.68753e-01
7.01622e+01  9.99073e-01  1.01002e+00  3.81462e-02  1.08632e+00  9.71878e-01
7.02670e+01  9.98647e-01  1.00029e+00  2.49949e-02  1.05028e+00  9.75298e-01
7.03717e+01  9.98238e-01  9.91192e-01  1.22122e-02  1.01562e+00  9.78979e-01
7.04764e+01  9.97851e-01  9.82806e-01  -8.00125e-05  9.82646e-01  9.82887e-01
7.05811e+01  9.97489e-01  9.75190e-01  -1.17898e-02  9.51611e-01  9.86980e-01
7.06858e+01  9.97158e-01  9.68369e-01  -2.28495e-02  9.22670e-01  9.91218e-01
7.07906e+01  9.96860e-01  9.62345e-01  -3.32114e-02  8.95923e-01  9.95557e-01
7.08953e+01  9.96599e-01  9.57107e-01  -4.28432e-02  8.71420e-01  9.99950e-01
7.10000e+01  9.96376e-01  9.52626e-01  -5.17238e-02  8.49178e-01  1.00435e+00
7.11047e+01  9.96195e-01  9.48867e-01  -5.98408e-02  8.29186e-01  1.00871e+00
7.12094e+01  9.96058e-01  9.45788e-01  -6.71874e-02  8.11413e-01  1.01298e+00
7.13142e+01  9.95964e-01  9.43343e-01  -7.37605e-02  7.95822e-01  1.01710e+00
7.14189e+01  9.95916e-01  9.41483e-01  -7.95592e-02  7.82365e-01  1.02104e+00
7.15236e+01  9.95914e-01  9.40164e-01  -8.45837e-02  7.70996e-01  1.02475e+00
7.16283e+01  9.95957e-01  9.39338e-01  -8.88345e-02  7.61669e-01  1.02817e+00
7.17330e+01  9.96044e-01  9.38965e-01  -9.23117e-02  7.54342e-01  1.03128e+00
7.18378e+01  9.96176e-01  9.39007e-01  -9.50150e-02  7.48977e-01  1.03402e+00
7.19425e+01  9.96349e-01  9.39432e-01  -9.69435e-02  7.45545e-01  1.03638e+00
7.20472e+01  9.96562e-01  9.40211e-01  -9.80955e-02  7.44020e-01  1.03831e+00
7.21519e+01  9.96812e-01  9.41325e-01  -9.84685e-02  7.44388e-01  1.03979e+00
7.22566e+01  9.97097e-01  9.42758e-01  -9.80599e-02  7.46638e-01  1.04082e+00
7.23614e+01  9.97412e-01  9.44502e-01  -9.68666e-02  7.50769e-01  1.04137e+00
7.24661e+01  9.97756e-01  9.46557e-01  -9.48857e-02  7.56786e-01  1.04144e+00
7.25708e+01  9.98123e-01  9.48926e-01  -9.21145e-02  7.64697e-01  1.04104e+00
7.26755e+01  9.98509e-01  9.51619e-01  -8.85514e-02  7.74516e-01  1.04017e+00
7.27802e+01  9.98910e-01  9.54651e-01  -8.41959e-02  7.86260e-01  1.03885e+00
7.28849e+01  9.99322e-01  9.58042e-01  -7.90493e-02  7.99943e-01  1.03709e+00
7.29897e+01  9.99740e-01  9.61813e-01  -7.31162e-02  8.15581e-01  1.03493e+00
7.30944e+01  1.00016e+00  9.65987e-01  -6.64044e-02  8.33178e-01  1.03239e+00
7.31991e+01  1.00058e+00  9.70586e-01  -5.89272e-02  8.52731e-01  1.02951e+00
7.33038e+01  1.00098e+00  9.75629e-01  -5.07042e-02  8.74221e-01  1.02633e+00
7.34085e+01  1.00138e+00  9.81130e-01  -4.17634e-02  8.97603e-01  1.02289e+00
7.35133e+01  1.00176e+00  9.87095e-01  -3.21437e-02  9.22808e-01  1.01924e+00
7.36180e+01  1.00211e+00  9.93517e-01  -2.18969e-02  9.49723e-01  1.01541e+00
7.37227e+01  1.00245e+00  1.00038e+00  -1.10903e-02  9.78194e-01  1.01147e+00
7.38274e+01  1.00275e+00  1.00763e+00  1.89553e-04  1.00801e+00  1.00744e+00
7.39321e+01  1.00302e+00  1.01522e+00  1.18353e-02  1.03889e+00  1.00338e+00
7.40369e+01  1.00326e+00  1.02306e+00  2.37155e-02  1.07049e+00  9.99342e-01
7.41416e+01  1.00345e+00  1.03103e+00  3.56738e-02  1.10238e+00  9.95359e-01
7.42463e+01  1.00361e+00  1.03900e+00  4.75281e-02  1.13406e+00  9.91475e-01
7.43510e+01  1.00373e+00  1.04680e+00  5.90725e-02  1.16495e+00  9.87730e-01
7.44557e+01  1.00381e+00  1.05424e+00  7.00809e-02  1.19440e+00  9.84161e-01
7.45605e+01  1.00384e+00  1.06112e+00  8.03140e-02  1.22174e+00  9.80802e-01
7.46652e+01  1.00383e+00  1.06721e+00  8.95278e-02  1.24627e+00  9.77685e-01
7.47699e+01  1.00377e+00  1.07232e+00  9.74858e-02  1.26729e+00  9.74837e-01
7.48746e+01  1.00368e+00  1.07626e+00  1.03972e-01  1.28420e+00  9.72283e-01
7.49793e+01  1.00354e+00  1.07885e+00  1.08806e-01  1.29646e+00  9.70045e-01
7.50841e+01  1.00336e+00  1.07999e+00  1.11852e-01  1.30370e+00  9.68141e-01
7.51888e+01  1.00315e+00  1.07962e+00  1.13034e-01  1.30569e+00  9.66585e-01
7.52935e+01  1.00290e+00  1.07773e+00  1.12335e-01  1.30240e+00  9.65390e-01
7.53982e+01  1.00262e+00  1.07437e+00  1.09804e-01  1.29398e+00  9.64564e-01
7.55029e+01  1.00232e+00  1.06966e+00  1.05548e-01  1.28075e+00  9.64112e-01
7.56077e+01  1.00198e+00  1.06376e+00  9.97224e-02  1.26320e+00  9.64035e-01
7.57124e+01  1.00163e+00  1.05686e+00  9.25235e-02  1.24190e+00  9.64333e-01
7.58171e+01  1.00126e+00  1.04917e+00  8.41707e-02  1.21751e+00  9.65000e-01
7.59218e+01  1.00088e+00  1.04092e+00  7.48952e-02  1.19071e+00  9.66029e-01
7.60265e+01  1.00049e+00  1.03234e+00  6.49276e-02  1.16219e+00  9.67408e-01
7.61313e+01  1.00010e+00  1.02361e+00  5.44881e-02  1.13259e+00  9.69125e-01
7.62360e+01  9.99708e-01  1.01494e+00  4.37796e-02  1.10250e+00  9.71161e-01
7.63407e+01  9.99321e-01  1.00648e+00  3.29826e-02  1.07244e+00  9.73497e-01
7.64454e+01  9.98944e-01  9.98363e-01  2.22537e-02  1.04287e+00  9.76109e-01
7.65501e+01  9.98580e-01  9.90697e-01  1.17253e-02  1.01415e+00  9.78972e-01
7.66549e+01  9.98233e-01  9.83564e-01  1.50627e-03  9.86577e-01  9.82058e-01
7.67596e+01  9.97908e-01  9.77020e-01  -8.31514e-03  9.60390e-01  9.85335e-01
7.68643e+01  9.97608e-01  9.71101e-01  -1.76692e-02  9.35763e-01  9.88771e-01
7.69690e+01  9.97336e-01  9.65827e-01  -2.65018e-02  9.12823e-01  9.92329e-01
7.70737e+01  9.97095e-01  9.61201e-01  -3.47714e-02  8.91658e-01  9.95972e-01
7.71785e+01  9.96887e-01  9.57216e-01  -4.24470e-02  8.72322e-01  9.99663e-01
7.72832e+01  9.96715e-01  9.53855e-01  -4.95052e-02  8.54844e-01  1.00336e+00
7.73879e+01  9.96580e-01  9.51094e-01  -5.59290e-02  8.39236e-01  1.00702e+00
7.74926e+01  9.96483e-01  9.48906e-01  -6.17054e-02  8.25495e-01  1.01061e+00
7.75973e+01  9.96426e-01  9.47259e-01  -6.68249e-02  8.13610e-01  1.01408e+00
7.77021e+01  9.96409e-01  9.46121e-01  -7.12798e-02  8.03562e-01  1.01740e+00
7.78068e+01  9.96432e-01  9.45460e-01  -7.50640e-02  7.95332e-01  1.02052e+00
7.79115e+01  9.96495e-01  9.45244e-01  -7.81721e-02  7.88900e-01  1.02342e+00
7.80162e+01  9.96596e-01  9.45443e-01  -8.05990e-02  7.84245e-01  1.02604e+00
7.81209e+01  9.96735e-01  9.46031e-01  -8.23402e-02  7.81350e-01  1.02837e+00
7.82257e+01  9.96910e-01  9.46984e-01  -8.33911e-02  7.80202e-01  1.03038e+00
7.83304e+01  9.97118e-01  9.48283e-01  -8.37475e-02  7.80788e-01  1.03203e+00
7.84351e+01  9.97358e-01  9.49913e-01  -8.34054e-02  7.83102e-01  1.03332e+00
7.85398e+01  9.97626e-01  9.51861e-01  -8.23615e-02  7.87138e-01  1.03422e+00
7.86445e+01  9.97919e-01  9.54121e-01  -8.06133e-02  7.92894e-01  1.03473e+00
7.87493e+01  9.98235e-01  9.56689e-01  -7.81593e-02  8.00370e-01  1.03485e+00
7.88540e+01  9.98569e-01  9.59566e-01  -7.50001e-02  8.09566e-01  1.03457e+00
7.89587e+01  9.98919e-01  9.62755e-01  -7.11381e-02  8.20479e-01  1.03389e+00
7.90634e+01  9.99279e-01  9.66261e-01  -6.65789e-02  8.33103e-01  1.03284e+00
7.91681e+01  9.99645e-01  9.70092e-01  -6.13316e-02  8.47428e-01  1.03142e+00
7.92729e+01  1.00001e+00  9.74252e-01  -5.54101e-02  8.63432e-01  1.02966e+00
7.93776e+01  1.00038e+00  9.78749e-01  -4.88341e-02  8.81081e-01  1.02758e+00
7.94823e+01  1.00075e+00  9.83582e-01  -4.16301e-02  9.00322e-01  1.02521e+00
7.95870e+01  1.00110e+00  9.88748e-01  -3.38334e-02  9.21081e-01  1.02258e+00
7.96917e+01  1.00144e+00  9.94236e-01  -2.54893e-02  9.43257e-01  1.01973e+00
7.97965e+01  1.00176e+00  1.00002e+00  -1.66549e-02  9.66715e-01  1.01668e+00
7.99012e+01  1.00206e+00  1.00608e+00  -7.40089e-03  9.91278e-01  1.01348e+00
8.00059e+01  1.00234e+00  1.01236e+00  2.18703e-03  1.01673e+00  1.01017e+00
8.01106e+01  1.00259e+00  1.01879e+00  1.20066e-02  1.04280e+00  1.00678e+00
8.02153e+01  1.00281e+00  1.02530e+00  2.19385e-02  1.06917e+00  1.00336e+00
8.03201e+01  1.00300e+00  1.03178e+00  3.18460e-02  1.09547e+00  9.99935e-01
8.04248e+01  1.00315e+00  1.03813e+00  4.15762e-02  1.12128e+00  9.96552e-01
8.05295e+01  1.00327e+00  1.04421e+00  5.09624e-02  1.14613e+00  9.93243e-01
8.06342e+01  1.00335e+00  1.04987e+00  5.98280e-02  1.16953e+00  9.90044e-01
8.07389e+01  1.00339e+00  1.05498e+00  6.79914e-02  1.19096e+00  9.86985e-01
8.08437e+01  1.00339e+00  1.05937e+00  7.52739e-02  1.20992e+00  9.84098e-01
8.09484e+01  1.00336e+00  1.06292e+00  8.15067e-02  1.22593e+00  9.81409e-01
8.10531e+01  1.00329e+00  1.06548e+00  8.65400e-02  1.23856e+00  9.78943e-01
8.11578e+01  1.00318e+00  1.06697e+00  9.02514e-02  1.24748e+00  9.76723e-01
8.12625e+01  1.00304e+00  1.06732e+00  9.25532e-02  1.25243e+00  9.74768e-01
8.13672e+01  1.00286e+00  1.06649e+00  9.33973e-02  1.25329e+00  9.73095e-01
8.14720e+01  1.00265e+00  1.06450e+00  9.27789e-02  1.25006e+00  9.71718e-01
8.15767e+01  1.00241e+00  1.06138e+00  9.07355e-02  1.24285e+00  9.70648e-01
8.16814e+01  1.00215e+00  1.05724e+00  8.73445e-02  1.23193e+00  9.69893e-01
8.17861e+01  1.00186e+00  1.05217e+00  8.27177e-02  1.21761e+00  9.69457e-01
8.18908e+01  1.00156e+00  1.04634e+00  7.69937e-02  1.20032e+00  9.69343e-01
8.19956e+01  1.00124e+00  1.03988e+00  7.03296e-02  1.18054e+00  9.69551e-01
8.21003e+01  1.00090e+00  1.03297e+00  6.28929e-02  1.15876e+00  9.70076e-01
8.22050e+01  1.00056e+00  1.02577e+00  5.48534e-02  1.13547e+00  9.70914e-01
8.23097e+01  1.00021e+00  1.01843e+00  4.63766e-02  1.11118e+00  9.72053e-01
8.24144e+01  9.99861e-01  1.01110e+00  3.76188e-02  1.08634e+00  9.73484e-01
8.25192e+01  9.99515e-01  1.00391e+00  2.87227e-02  1.06136e+00  9.75190e-01
8.26239e+01  9.99175e-01  9.96971e-01  1.98163e-02  1.03660e+00  9.77155e-01
8.27286e+01  9.98847e-01  9.90370e-01  1.10111e-02  1.01239e+00  9.79359e-01
8.28333e+01  9.98533e-01  9.84183e-01  2.40264e-03  9.88988e-01  9.81780e-01
8.29380e+01  9.98236e-01  9.78466e-01  -5.92857e-03  9.66609e-01  9.84394e-01
8.30428e+01  9.97960e-01  9.73258e-01  -1.39159e-02  9.45426e-01  9.87174e-01
8.31475e+01  9.97708e-01  9.68586e-01  -2.15048e-02  9.25577e-01  9.90091e-01
8.32522e+01  9.97483e-01  9.64464e-01  -2.86512e-02  9.07162e-01  9.93116e-01
8.33569e+01  9.97287e-01  9.60896e-01  -3.53197e-02  8.90256e-01  9.96215e-01
8.34616e+01  9.97121e-01  9.57875e-01  -4.14819e-02  8.74911e-01  9.99357e-01
8.35664e+01  9.96988e-01  9.55392e-01  -4.71154e-02  8.61161e-01  1.00251e+00
8.36711e+01  9.96890e-01  9.53429e-01  -5.22019e-02  8.49026e-01  1.00563e+00
8.37758e+01  9.96826e-01  9.51967e-01  -5.67267e-02  8.38514e-01  1.00869e+00
8.38805e+01  9.96797e-01  9.50984e-01  -6.06776e-02  8.29629e-01  1.01166e+00
8.39852e+01  9.96805e-01  9.50456e-01  -6.40444e-02  8.22367e-01  1.01450e+00
8.40900e+01  9.96848e-01  9.50358e-01  -6.68182e-02  8.16722e-01  1.01718e+00
8.41947e+01  9.96926e-01  9.50669e-01  -6.89912e-02  8.12686e-01  1.01966e+00
8.42994e+01  9.97038e-01  9.51365e-01  -7.05567e-02  8.10251e-01  1.02192e+00
8.44041e+01  9.97182e-01  9.52426e-01  -7.15085e-02  8.09409e-01  1.02393e+00
8.45088e+01  9.97357e-01  9.53834e-01  -7.18412e-02  8.10152e-01  1.02568e+00
8.46136e+01  9.97561e-01  9.55573e-01  -7.15506e-02  8.12472e-01  1.02712e+00
8.47183e+01  9.97792e-01  9.57629e-01  -7.06333e-02  8.16363e-01  1.02826e+00
8.48230e+01  9.98047e-01  9.59992e-01  -6.90875e-02  8.21817e-01  1.02908e+00
8.49277e+01  9.98322e-01  9.62652e-01  -6.69130e-02  8.28826e-01  1.02956e+00
8.50324e+01  9.98616e-01  9.65603e-01  -6.41118e-02  8.37379e-01  1.02971e+00
8.51372e+01  9.98924e-01  9.68840e-01  -6.06888e-02  8.47463e-01  1.02953e+00
8.52419e+01  9.99243e-01  9.72359e-01  -5.66521e-02  8.59055e-01  1.02901e+00
8.53466e+01  9.99569e-01  9.76157e-01  -5.20140e-02  8.72129e-01  1.02817e+00
8.54513e+01  9.99900e-01  9.80227e-01  -4.67916e-02  8.86644e-01  1.02702e+00
8.55560e+01  1.00023e+00  9.84564e-01  -4.10081e-02  9.02548e-01  1.02557e+00
8.56608e+01  1.00056e+00  9.89157e-01  -3.46933e-02  9.19770e-01  1.02385e+00
8.57655e+01  1.00088e+00  9.93990e-01  -2.78852e-02  9.38219e-01  1.02188e+00
8.58702e+01  1.00119e+00  9.99043e-01  -2.06310e-02  9.57781e-01  1.01967e+00
8.59749e+01  1.00148e+00  1.00429e+00  -1.29879e-02  9.78310e-01  1.01727e+00
8.60796e+01  1.00176e+00  1.00968e+00  -5.02449e-03  9.99630e-01  1.01470e+00
8.61844e+01  1.00202e+00  1.01517e+00  3.17848e-03  1.02153e+00  1.01200e+00
8.62891e+01  1.00225e+00  1.02071e+00  1.15278e-02  1.04377e+00  1.00918e+00
8.63938e+01  1.00246e+00  1.02621e+00  1.99178e-02  1.06605e+00  1.00630e+00
8.64985e+01  1.00264e+00  1.03160e+00  2.82308e-02  1.08806e+00  1.00337e+00
8.66032e+01  1.00278e+00  1.03678e+00  3.63388e-02  1.10945e+00  1.00044e+00
8.67080e+01  1.00290e+00  1.04163e+00  4.41058e-02  1.12985e+00  9.97528e-01
8.68127e+01  1.00299e+00  1.04607e+00  5.13913e-02  1.14885e+00  9.94675e-01
8.69174e+01  1.00304e+00  1.04996e+00  5.80545e-02  1.16607e+00  9.91908e-01
8.70221e+01  1.00305e+00  1.05321e+00  6.39595e-02  1.18113e+00  9.89254e-01
8.71268e+01  1.00304e+00  1.05572e+00  6.89807e-02  1.19368e+00  9.86741e-01
8.72316e+01  1.00298e+00  1.05740e+00  7.30093e-02  1.20342e+00  9.84392e-01
8.73363e+01  1.00290e+00  1.05819e+00  7.59577e-02  1.21010e+00  9.82230e-01
8.74410e+01  1.00278e+00  1.05804e+00  7.77650e-02  1.21357e+00  9.80275e-01
8.75457e+01  1.00263e+00  1.05694e+00  7.83995e-02  1.21374e+00  9.78545e-01
8.76504e+01  1.00245e+00  1.05492e+00  7.78607e-02  1.21064e+00  9.77056e-01
8.77552e+01  1.00225e+00  1.05200e+00  7.61784e-02  1.20435e+00  9.75819e-01
8.78599e+01  1.00202e+00  1.04826e+00  7.34112e-02  1.19508e+00  9.74846e-01
8.79646e+01  1.00177e+00  1.04379e+00  6.96424e-02  1.18307e+00  9.74143e-01
8.80693e+01  1.00150e+00  1.03869e+00  6.49753e-02  1.16864e+00  9.73717e-01
8.81740e+01  1.00122e+00  1.03310e+00  5.95276e-02  1.15215e+00  9.73570e-01
8.82788e+01  1.00092e+00  1.02713e+00  5.34257e-02  1.13398e+00  9.73701e-01
8.83835e+01  1.00061e+00  1.02091e+00  4.67997e-02  1.11451e+00  9.74109e-01
8.84882e+01  1.00030e+00  1.01457e+00  3.97781e-02  1.09412e+00  9.74788e-01
8.85929e+01  9.99983e-01  1.00821e+00  3.24844e-02  1.07318e+00  9.75730e-01
8.86976e+01  9.99670e-01  1.00196e+00  2.50340e-02  1.05203e+00  9.76926e-01
8.88024e+01  9.99361e-01  9.95896e-01  1.75323e-02  1.03096e+00  9.78364e-01
8.89071e+01  9.99060e-01  9.90101e-01  1.00738e-02  1.01025e+00  9.80028e-01
8.90118e+01  9.98771e-01  9.84642e-01  2.74145e-03  9.90125e-01  9.81901e-01
8.91165e+01  9.98497e-01  9.79572e-01  -4.39287e-03  9.70786e-01  9.83965e-01
8.92212e+01  9.98241e-01  9.74931e-01  -1.12677e-02  9.52395e-01  9.86198e-01
8.93260e+01  9.98005e-01  9.70747e-01  -1.78310e-02  9.35085e-01  9.88578e-01
8.94307e+01  9.97792e-01  9.67040e-01  -2.40395e-02  9.18961e-01  9.91080e-01
8.95354e+01  9.97604e-01  9.63820e-01  -2.98567e-02  9.04107e-01  9.93677e-01
8.96401e+01  9.97444e-01  9.61090e-01  -3.52526e-02  8.90585e-01  9.96343e-01
8.97448e+01  9.97313e-01  9.58846e-01  -4.02023e-02  8.78441e-01  9.99048e-01
8.98495e+01  9.97212e-01  9.57079e-01  -4.46851e-02  8.67709e-01  1.00176e+00
8.99543e+01  9.97143e-01  9.55777e-01  -4.86836e-02  8.58410e-01  1.00446e+00
9.00590e+01  9.97105e-01  9.54926e-01  -5.21831e-02  8.50560e-01  1.00711e+00
9.01637e+01  9.97100e-01  9.54508e-01  -5.51712e-02  8.44165e-01  1.00968e+00
9.02684e+01  9.97127e-01  9.54504e-01  -5.76370e-02  8.39230e-01  1.01214e+00
9.03731e+01  9.97186e-01  9.54897e-01  -5.95712e-02  8.35755e-01  1.01447e+00
9.04779e+01  9.97277e-01  9.55668e-01  -6.09659e-02  8.33736e-01  1.01663e+00
9.05826e+01  9.97397e-01  9.56797e-01  -6.18140e-02  8.33170e-01  1.01861e+00
9.06873e+01  9.97546e-01  9.58270e-01  -6.21098e-02  8.34050e-01  1.02038e+00
9.07920e+01  9.97722e-01  9.60068e-01  -6.18490e-02  8.36370e-01  1.02192e+00
9.08967e+01  9.97922e-01  9.62178e-01  -6.10286e-02  8.40121e-01  1.02321e+00
9.10015e+01  9.98146e-01  9.64586e-01  -5.96474e-02  8.45291e-01  1.02423e+00
9.11062e+01  9.98389e-01  9.67279e-01  -5.77061e-02  8.51867e-01  1.02499e+00
9.12109e+01  9.98650e-01  9.70247e-01  -5.52081e-02  8.59830e-01  1.02545e+00
9.13156e+01  9.98925e-01  9.73477e-01  -5.21598e-02  8.69158e-01  1.02564e+00
9.14203e+01  9.99212e-01  9.76961e-01  -4.85710e-02  8.79819e-01  1.02553e+00
9.15251e+01  9.99506e-01  9.80685e-01  -4.44557e-02  8.91774e-01  1.02514e+00
9.16298e+01  9.99805e-01  9.84638e-01  -3.98329e-02  9.04973e-01  1.02447e+00
9.17345e+01  1.00011e+00  9.88805e-01  -3.47271e-02  9.19351e-01  1.02353e+00
9.18392e+01  1.00040e+00  9.93167e-01  -2.91695e-02  9.34828e-01  1.02234e+00
9.19439e+01  1.00070e+00  9.97702e-01  -2.31982e-02  9.51306e-01  1.02090e+00
9.20487e+01  1.00098e+00  1.00238e+00  -1.68597e-02  9.68663e-01  1.01924e+00
9.21534e+01  1.00126e+00  1.00717e+00  -1.02092e-02  9.86756e-01  1.01738e+00
9.22581e+01  1.00151e+00  1.01204e+00  -3.31095e-03  1.00541e+00  1.01535e+00
9.23628e+01  1.00176e+00  1.01692e+00  3.76080e-03  1.02444e+00  1.01316e+00
9.24675e+01  1.00198e+00  1.02177e+00  1.09224e-02  1.04361e+00  1.01084e+00
9.25723e+01  1.00217e+00  1.02651e+00  1.80809e-02  1.06267e+00  1.00843e+00
9.26770e+01  1.00235e+00  1.03108e+00  2.51351e-02  1.08135e+00  1.00595e+00
9.27817e+01  1.00249e+00  1.03540e+00  3.19772e-02  1.09935e+00  1.00342e+00
9.28864e+01  1.00261e+00  1.03937e+00  3.84949e-02  1.11636e+00  1.00088e+00
9.29911e+01  1.00270e+00  1.04293e+00  4.45743e-02  1.13207e+00  9.98351e-01
9.30959e+01  1.00276e+00  1.04597e+00  5.01035e-02  1.14617e+00  9.95864e-01
9.32006e+01  1.00278e+00  1.04842e+00  5.49762e-02  1.15837e+00  9.93445e-01
9.33053e+01  1.00278e+00  1.05021e+00  5.90960e-02  1.16840e+00  9.91117e-01
9.34100e+01  1.00274e+00  1.05129e+00  6.23806e-02  1.17605e+00  9.88905e-01
9.35147e+01  1.00267e+00  1.05159e+00  6.47651e-02  1.18113e+00  9.86830e-01
9.36195e+01  1.00258e+00  1.05112e+00  6.62054e-02  1.18353e+00  9.84912e-01
9.37242e+01  1.00245e+00  1.04985e+00  6.66799e-02  1.18321e+00  9.83170e-01
9.38289e+01  1.00230e+00  1.04781e+00  6.61902e-02  1.18019e+00  9.81621e-01
9.39336e+01  1.00212e+00  1.04504e+00  6.47611e-02  1.17456e+00  9.80277e-01
9.40383e+01  1.00192e+00  1.04159e+00  6.24387e-02  1.16647e+00  9.79151e-01
9.41431e+01  1.00170e+00  1.03754e+00  5.92879e-02  1.15612e+00  9.78254e-01
9.42478e+01  1.00146e+00  1.03298e+00  5.53888e-02  1.14376e+00  9.77591e-01
9.43525e+01  1.00120e+00  1.02800e+00  5.08331e-02  1.12967e+00  9.77169e-01
9.44572e+01  1.00094e+00  1.02271e+00  4.57197e-02  1.11415e+00  9.76990e-01
9.45619e+01  1.00066e+00  1.01721e+00  4.01514e-02  1.09751e+00  9.77055e-01
9.46667e+01  1.00037e+00  1.01159e+00  3.42308e-02  1.08005e+00  9.77362e-01
9.47714e+01  1.00008e+00  1.00597e+00  2.80578e-02  1.06208e+00  9.77908e-01
9.48761e+01  9.99797e-01  1.00041e+00  2.17272e-02  1.04387e+00  9.78685e-01
9.49808e+01  9.99513e-01  9.95014e-01  1.53270e-02  1.02567e+00  9.79687e-01
9.50855e+01  9.99234e-01  9.89838e-01  8.93762e-03  1.00771e+00  9.80901e-01
9.51903e+01  9.98966e-01  9.84946e-01  2.63084e-03  9.90208e-01  9.82316e-01
9.52950e+01  9.98709e-01  9.80387e-01  -3.52965e-03  9.73327e-01  9.83916e-01
9.53997e+01  9.98468e-01  9.76198e-01  -9.48828e-03  9.57222e-01  9.85687e-01
9.55044e+01  9.98245e-01  9.72411e-01  -1.51970e-02  9.42017e-01  9.87608e-01
9.56091e+01  9.98041e-01  9.69046e-01  -2.06145e-02  9.27817e-01  9.89661e-01
9.57139e+01  9.97861e-01  9.66118e-01  -2.57056e-02  9.14707e-01  9.91824e-01
9.58186e+01  9.97704e-01  9.63633e-01  -3.04405e-02  9.02752e-01  9.94074e-01
9.59233e+01  9.97574e-01  9.61593e-01  -3.47938e-02  8.92006e-01  9.96387e-01
9.60280e+01  9.97471e-01  9.59995e-01  -3.87439e-02  8.82508e-01  9.98739e-01
9.61327e+01  9.97397e-01  9.58832e-01  -4.22724e-02  8.74288e-01  1.00110e+00
9.62375e+01  9.97352e-01  9.58095e-01  -4.53637e-02  8.67367e-01  1.00346e+00
9.63422e+01  9.97336e-01  9.57769e-01  -4.80042e-02  8.61761e-01  1.00577e+00
9.64469e+01  9.97350e-01  9.57842e-01  -5.01823e-02  8.57478e-01  1.00802e+00
9.65516e+01  9.97394e-01  9.58299e-01  -5.18881e-02  8.54523e-01  1.01019e+00
9.66563e+01  9.97466e-01  9.59123e-01  -5.31129e-02  8.52897e-01  1.01224e+00
9.67611e+01  9.97567e-01  9.60298e-01  -5.38497e-02  8.52599e-01  1.01415e+00
9.68658e+01  9.97694e-01  9.61809e-01  -5.40929e-02  8.53623e-01  1.01590e+00
9.69705e+01  9.97847e-01  9.63639e-01  -5.38380e-02  8.55963e-01  1.01748e+00
9.70752e+01  9.98023e-01  9.65773e-01  -5.30828e-02  8.59608e-01  1.01886e+00
9.71799e+01  9.98222e-01  9.68196e-01  -5.18266e-02  8.64543e-01  1.02002e+00
9.72847e+01  9.98439e-01  9.70892e-01  -5.00711e-02  8.70750e-01  1.02096e+00
9.73894e+01  9.98673e-01  9.73848e-01  -4.78206e-02  8.78207e-01  1.02167e+00
9.74941e+01  9.98922e-01  9.77048e-01  -4.50823e-02  8.86883e-01  1.02213e+00
9.75988e+01  9.99182e-01  9.80476e-01  -4.18673e-02  8.96741e-01  1.02234e+00
9.77035e+01  9.99451e-01  9.84116e-01  -3.81906e-02  9.07735e-01  1.02231e+00
9.78083e+01  9.99725e-01  9.87950e-01  -3.40718e-02  9.19807e-01  1.02202e+00
9.79130e+01  1.00000e+00  9.91958e-01  -2.95359e-02  9.32886e-01  1.02149e+00
9.80177e+01  1.00028e+00  9.96116e-01  -2.46139e-02  9.46888e-01  1.02073e+00
9.81224e+01  1.00055e+00  1.00040e+00  -1.93432e-02  9.61710e-01  1.01974e+00
9.82271e+01  1.00082e+00  1.00477e+00  -1.37683e-02  9.77233e-01  1.01854e+00
9.83319e+01  1.00107e+00  1.00920e+00  -7.94114e-03  9.93314e-01  1.01714e+00
9.84366e+01  1.00132e+00  1.01364e+00  -1.92133e-03  1.00979e+00  1.01556e+00
9.85413e+01  1.00154e+00  1.01804e+00  4.22372e-03  1.02649e+00  1.01382e+00
9.86460e+01  1.00175e+00  1.02236e+00  1.04192e-02  1.04320e+00  1.01194e+00
9.87507e+01  1.00194e+00  1.02653e+00  1.65833e-02  1.05970e+00  1.00995e+00
9.88554e+01  1.00211e+00  1.03049e+00  2.26287e-02  1.07574e+00  1.00786e+00
9.89602e+01  1.00226e+00  1.03417e+00  2.84637e-02  1.09109e+00  1.00570e+00
9.90649e+01  1.00237e+00  1.03749e+00  3.39943e-02  1.10548e+00  1.00350e+00
9.91696e+01  1.00247e+00  1.04041e+00  3.91268e-02  1.11866e+00  1.00128e+00
9.92743e+01  1.00253e+00  1.04283e+00  4.37701e-02  1.13037e+00  9.99064e-01
9.93790e+01  1.00256e+00  1.04472e+00  4.78393e-02  1.14039e+00  9.96876e-01
9.94838e+01  1.00257e+00  1.04600e+00  5.12587e-02  1.14852e+00  9.94740e-01
9.95885e+01  1.00255e+00  1.04664e+00  5.39641e-02  1.15457e+00  9.92678e-01
9.96932e+01  1.00250e+00  1.04662e+00  5.59064e-02  1.15843e+00  9.90711e-01
9.97979e+01  1.00242e+00  1.04591e+00  5.70526e-02  1.16002e+00  9.88859e-01
9.99026e+01  1.00231e+00  1.04453e+00  5.73878e-02  1.15930e+00  9.87140e-01
1.00007e+02  1.00218e+00  1.04249e+00  5.69155e-02  1.15632e+00  9.85571e-01
1.00112e+02  1.00202e+00  1.03982e+00  5.56568e-02  1.15114e+00  9.84166e-01
1.00217e+02  1.00184e+00  1.03659e+00  5.36497e-02  1.14389e+00  9.82939e-01
1.00322e+02  1.00165e+00  1.03285e+00  5.09464e-02  1.13474e+00  9.81902e-01
1.00426e+02  1.00143e+00  1.02867e+00  4.76115e-02  1.12390e+00  9.81062e-01
1.00531e+02  1.00120e+00  1.02415e+00  4.37188e-02  1.11158e+00  9.80428e-01
1.00636e+02  1.00095e+00  1.01935e+00  3.93481e-02  1.09805e+00  9.80005e-01
1.00740e+02  1.00070e+00  1.01438e+00  3.45829e-02  1.08354e+00  9.79796e-01
1.00845e+02  1.00044e+00  1.00931e+00  2.95070e-02  1.06832e+00  9.79802e-01
1.00950e+02  1.00017e+00  1.00422e+00  2.42030e-02  1.05263e+00  9.80022e-01
1.01055e+02  9.99905e-01  9.99203e-01  1.87501e-02  1.03670e+00  9.80453e-01
1.01159e+02  9.99639e-01  9.94312e-01  1.32226e-02  1.02076e+00  9.81089e-01
1.01264e+02  9.99379e-01  9.89615e-01  7.68915e-03  1.00499e+00  9.81925e-01
1.01369e+02  9.99126e-01  9.85164e-01  2.21231e-03  9.89589e-01  9.82952e-01
1.01473e+02  9.98884e-01  9.81005e-01  -3.15184e-03  9.74702e-01  9.84157e-01
1.01578e+02  9.98655e-01  9.77176e-01  -8.35351e-03  9.60469e-01  9.85530e-01
1.01683e+02  9.98441e-01  9.73706e-01  -1.33489e-02  9.47008e-01  9.87055e-01
1.01788e+02  9.98245e-01  9.70617e-01  -1.80999e-02  9.34417e-01  9.88716e-01
1.01892e+02  9.98070e-01  9.67924e-01  -2.25734e-02  9.22778e-01  9.90498e-01
1.01997e+02  9.97916e-01  9.65639e-01  -2.67406e-02  9.12158e-01  9.92380e-01
1.02102e+02  9.97786e-01  9.63766e-01  -3.05771e-02  9.02612e-01  9.94343e-01
1.02206e+02  9.97681e-01  9.62305e-01  -3.40614e-02  8.94183e-01  9.96367e-01
1.02311e+02  9.97602e-01  9.61254e-01  -3.71754e-02  8.86903e-01  9.98429e-01
1.02416e+02  9.97550e-01  9.60605e-01  -3.99033e-02  8.80798e-01  1.00051e+00
1.02521e+02  9.97525e-01  9.60349e-01  -4.22315e-02  8.75886e-01  1.00258e+00
1.02625e+02  9.97528e-01  9.60476e-01  -4.41482e-02  8.72180e-01  1.00462e+00
1.02730e+02  9.97559e-01  9.60974e-01  -4.56434e-02  8.69687e-01  1.00662e+00
1.02835e+02  9.97616e-01  9.61828e-01  -4.67088e-02  8.68410e-01  1.00854e+00
1.02940e+02  9.97701e-01  9.63024e-01  -4.73374e-02  8.68349e-01  1.01036e+00
1.03044e+02  9.97810e-01  9.64547e-01  -4.75237e-02  8.69500e-01  1.01207e+00
1.03149e+02  9.97944e-01  9.66381e-01  -4.72641e-02  8.71853e-01  1.01365e+00
1.03254e+02  9.98100e-01  9.68511e-01  -4.65567e-02  8.75397e-01  1.01507e+00
1.03358e+02  9.98278e-01  9.70919e-01  -4.54014e-02  8.80117e-01  1.01632e+00
1.03463e+02  9.98474e-01  9.73591e-01  -4.38006e-02  8.85990e-01  1.01739e+00
1.03568e+02  9.98687e-01  9.76508e-01  -4.17593e-02  8.92989e-01  1.01827e+00
1.03673e+02  9.98914e-01  9.79653e-01  -3.92855e-02  9.01082e-01  1.01894e+00
1.03777e+02  9.99153e-01  9.83008e-01  -3.63906e-02  9.10227e-01  1.01940e+00
1.03882e+02  9.99400e-01  9.86552e-01  -3.30898e-02  9.20372e-01  1.01964e+00
1.03987e+02  9.99654e-01  9.90264e-01  -2.94028e-02  9.31458e-01  1.01967e+00
1.04091e+02  9.99912e-01  9.94119e-01  -2.53541e-02  9.43411e-01  1.01947e+00
1.04196e+02  1.00017e+00  9.98092e-01  -2.09735e-02  9.56145e-01  1.01907e+00
1.04301e+02  1.00043e+00  1.00215e+00  -1.62964e-02  9.69560e-01  1.01845e+00
1.04406e+02  1.00068e+00  1.00627e+00  -1.13644e-02  9.83538e-01  1.01763e+00
1.04510e+02  1.00092e+00  1.01040e+00  -6.22530e-03  9.97948e-01  1.01662e+00
1.04615e+02  1.00115e+00  1.01451e+00  -9.33237e-04  1.01264e+00  1.01544e+00
1.04720e+02  1.00137e+00  1.01854e+00  4.45151e-03  1.02745e+00  1.01409e+00
1.04824e+02  1.00157e+00  1.02246e+00  9.86291e-03  1.04219e+00  1.01260e+00
1.04929e+02  1.00176e+00  1.02621e+00  1.52299e-02  1.05667e+00  1.01098e+00
1.05034e+02  1.00192e+00  1.02973e+00  2.04773e-02  1.07068e+00  1.00925e+00
1.05139e+02  1.00206e+00  1.03296e+00  2.55276e-02  1.08402e+00  1.00743e+00
1.05243e+02  1.00218e+00  1.03585e+00  3.03019e-02  1.09646e+00  1.00555e+00
1.05348e+02  1.00228e+00  1.03834e+00  3.47229e-02  1.10779e+00  1.00362e+00
1.05453e+02  1.00235e+00  1.04038e+00  3.87162e-02  1.11781e+00  1.00166e+00
1.05558e+02  1.00239e+00  1.04192e+00  4.22132e-02  1.12635e+00  9.99708e-01
1.05662e+02  1.00240e+00  1.04292e+00  4.51533e-02  1.13323e+00  9.97769e-01
1.05767e+02  1.00239e+00  1.04335e+00  4.74859e-02  1.13833e+00  9.95869e-01
1.05872e+02  1.00236e+00  1.04320e+00  4.91724e-02  1.14155e+00  9.94028e-01
1.05976e+02  1.00229e+00  1.04245e+00  5.01879e-02  1.14283e+00  9.92266e-01
1.06081e+02  1.00220e+00  1.04112e+00  5.05212e-02  1.14216e+00  9.90600e-01
1.06186e+02  1.00209e+00  1.03922e+00  5.01761e-02  1.13958e+00  9.89047e-01
1.06291e+02  1.00195e+00  1.03679e+00  4.91703e-02  1.13513e+00  9.87622e-01
1.06395e+02  1.00179e+00  1.03387e+00  4.75345e-02  1.12894e+00  9.86339e-01
1.06500e+02  1.00161e+00  1.03052e+00  4.53112e-02  1.12114e+00  9.85211e-01
1.06605e+02  1.00141e+00  1.02680e+00  4.25524e-02  1.11191e+00  9.84248e-01
1.06709e+02  1.00120e+00  1.02278e+00  3.93179e-02  1.10141e+00  9.83459e-01
1.06814e+02  1.00098e+00  1.01852e+00  3.56726e-02  1.08987e+00  9.82851e-01
1.06919e+02  1.00074e+00  1.01411e+00  3.16847e-02  1.07748e+00  9.82429e-01
1.07024e+02  1.00050e+00  1.00962e+00  2.74237e-02  1.06447e+00  9.82197e-01
1.07128e+02  1.00025e+00  1.00511e+00  2.29581e-02  1.05103e+00  9.82156e-01
1.07233e+02  1.00000e+00  1.00066e+00  1.83545e-02  1.03737e+00  9.82307e-01
