# k S000 S110 S112 S10 S11
1.04720e-01  3.61146e-02  1.06814e-02  -4.05108e-03  2.57921e-03  1.47324e-02
2.09440e-01  3.62060e-02  1.07585e-02  -4.08630e-03  2.58585e-03  1.48448e-02
3.14159e-01  3.63591e-02  1.08892e-02  -4.14613e-03  2.59696e-03  1.50354e-02
4.18879e-01  3.65747e-02  1.10772e-02  -4.23231e-03  2.61261e-03  1.53096e-02
5.23599e-01  3.68541e-02  1.13278e-02  -4.34748e-03  2.63287e-03  1.56753e-02
6.28319e-01  3.71990e-02  1.16486e-02  -4.49535e-03  2.65787e-03  1.61439e-02
7.33038e-01  3.76114e-02  1.20497e-02  -4.68098e-03  2.68774e-03  1.67307e-02
8.37758e-01  3.80941e-02  1.25453e-02  -4.91131e-03  2.72265e-03  1.74566e-02
9.42478e-01  3.86499e-02  1.31543e-02  -5.19576e-03  2.76280e-03  1.83501e-02
1.04720e+00  3.92824e-02  1.39032e-02  -5.54736e-03  2.80844e-03  1.94505e-02
1.15192e+00  3.99957e-02  1.48286e-02  -5.98441e-03  2.85982e-03  2.08131e-02
1.25664e+00  4.07945e-02  1.59838e-02  -6.53329e-03  2.91725e-03  2.25171e-02
1.36136e+00  4.16841e-02  1.74475e-02  -7.23320e-03  2.98109e-03  2.46807e-02
1.46608e+00  4.26706e-02  1.93415e-02  -8.14491e-03  3.05173e-03  2.74865e-02
1.57080e+00  4.37609e-02  2.18648e-02  -9.36760e-03  3.12961e-03  3.12324e-02
1.67552e+00  4.49629e-02  2.53645e-02  -1.10746e-02  3.21525e-03  3.64392e-02
1.78024e+00  4.62855e-02  3.05061e-02  -1.35985e-02  3.30920e-03  4.41046e-02
1.88496e+00  4.77385e-02  3.87451e-02  -1.76665e-02  3.41211e-03  5.64115e-02
1.98968e+00  4.93335e-02  5.39931e-02  -2.52342e-02  3.52468e-03  7.92274e-02
2.09440e+00  5.10831e-02  9.15804e-02  -4.39663e-02  3.64773e-03  1.35547e-01
2.19911e+00  5.30020e-02  3.32372e-01  -1.64295e-01  3.78216e-03  4.96667e-01
2.30383e+00  5.51066e-02  -1.91913e-01  9.79212e-02  3.92899e-03  -2.89835e-01
2.40855e+00  5.74157e-02  -7.27700e-02  3.84297e-02  4.08938e-03  -1.11200e-01
2.51327e+00  5.99505e-02  -4.42614e-02  2.42630e-02  4.26464e-03  -6.85244e-02
2.61799e+00  6.27353e-02  -3.14682e-02  1.79622e-02  4.45623e-03  -4.94303e-02
2.72271e+00  6.57979e-02  -2.42019e-02  1.44339e-02  4.66586e-03  -3.86358e-02
2.82743e+00  6.91699e-02  -1.95131e-02  1.22043e-02  4.89544e-03  -3.17174e-02
2.93215e+00  7.28877e-02  -1.62315e-02  1.06893e-02  5.14718e-03  -2.69208e-02
3.03687e+00  7.69934e-02  -1.38000e-02  9.61178e-03  5.42362e-03  -2.34117e-02
3.14159e+00  8.15352e-02  -1.19192e-02  8.82344e-03  5.72768e-03  -2.07426e-02
3.24631e+00  8.65691e-02  -1.04138e-02  8.23827e-03  6.06278e-03  -1.86520e-02
3.35103e+00  9.21599e-02  -9.17368e-03  7.80328e-03  6.43288e-03  -1.69770e-02
3.45575e+00  9.83834e-02  -8.12617e-03  7.48443e-03  6.84268e-03  -1.56106e-02
3.56047e+00  1.05328e-01  -7.22083e-03  7.25926e-03  7.29770e-03  -1.44801e-02
3.66519e+00  1.13097e-01  -6.42118e-03  7.11286e-03  7.80455e-03  -1.35340e-02
3.76991e+00  1.21812e-01  -5.69975e-03  7.03545e-03  8.37116e-03  -1.27352e-02
3.87463e+00  1.31616e-01  -5.03493e-03  7.02105e-03  9.00717e-03  -1.20560e-02
3.97935e+00  1.42682e-01  -4.40886e-03  7.06664e-03  9.72441e-03  -1.14755e-02
4.08407e+00  1.55209e-01  -3.80596e-03  7.17176e-03  1.05376e-02  -1.09777e-02
4.18879e+00  1.69442e-01  -3.21176e-03  7.33840e-03  1.14650e-02  -1.05502e-02
4.29351e+00  1.85667e-01  -2.61186e-03  7.57112e-03  1.25304e-02  -1.01830e-02
4.39823e+00  2.04234e-01  -1.99091e-03  7.87747e-03  1.37640e-02  -9.86837e-03
4.50295e+00  2.25562e-01  -1.33131e-03  8.26879e-03  1.52063e-02  -9.60010e-03
4.60767e+00  2.50154e-01  -6.11640e-04  8.76149e-03  1.69113e-02  -9.37313e-03
4.71239e+00  2.78625e-01  1.95807e-04  9.37926e-03  1.89543e-02  -9.18345e-03
4.81711e+00  3.11714e-01  1.12879e-03  1.01566e-02  2.14420e-02  -9.02783e-03
4.92183e+00  3.50316e-01  2.24150e-03  1.11452e-02  2.45320e-02  -8.90372e-03
5.02655e+00  3.95511e-01  3.61600e-03  1.24251e-02  2.84663e-02  -8.80912e-03
5.13127e+00  4.48589e-01  5.38420e-03  1.41267e-02  3.36376e-02  -8.74253e-03
5.23599e+00  5.11072e-01  7.77403e-03  1.64769e-02  4.07278e-02  -8.70285e-03
5.34071e+00  5.84721e-01  1.12181e-02  1.99075e-02  5.10331e-02  -8.68939e-03
5.44543e+00  6.71499e-01  1.66517e-02  2.53536e-02  6.73589e-02  -8.70183e-03
5.55015e+00  7.73461e-01  2.65453e-02  3.52854e-02  9.71161e-02  -8.74016e-03
5.65487e+00  8.92518e-01  5.02460e-02  5.90507e-02  1.68347e-01  -8.80476e-03
5.75959e+00  1.02999e+00  1.82696e-01  1.91592e-01  5.65881e-01  -8.89631e-03
5.86431e+00  1.18589e+00  -1.55514e-01  -1.46498e-01  -4.48509e-01  -9.01589e-03
5.96903e+00  1.35786e+00  -6.11386e-02  -5.19736e-02  -1.65086e-01  -9.16497e-03
6.07375e+00  1.54000e+00  -4.05131e-02  -3.11677e-02  -1.02849e-01  -9.34545e-03
6.17847e+00  1.72190e+00  -3.15640e-02  -2.20043e-02  -7.55726e-02  -9.55974e-03
6.28319e+00  1.88881e+00  -2.66324e-02  -1.68216e-02  -6.02755e-02  -9.81081e-03
6.38791e+00  2.02376e+00  -2.35683e-02  -1.34660e-02  -5.05002e-02  -1.01023e-02
6.49262e+00  2.11169e+00  -2.15343e-02  -1.10956e-02  -4.37254e-02  -1.04387e-02
6.59734e+00  2.14402e+00  -2.01382e-02  -9.31275e-03  -3.87637e-02  -1.08255e-02
6.70206e+00  2.12133e+00  -1.91737e-02  -7.90451e-03  -3.49827e-02  -1.12692e-02
6.80678e+00  2.05243e+00  -1.85237e-02  -6.74568e-03  -3.20150e-02  -1.17780e-02
6.91150e+00  1.95084e+00  -1.81189e-02  -5.75692e-03  -2.96327e-02  -1.23619e-02
7.01622e+00  1.83064e+00  -1.79180e-02  -4.88454e-03  -2.76871e-02  -1.30335e-02
7.12094e+00  1.70368e+00  -1.78978e-02  -4.08966e-03  -2.60771e-02  -1.38082e-02
7.22566e+00  1.57847e+00  -1.80478e-02  -3.34212e-03  -2.47320e-02  -1.47057e-02
7.33038e+00  1.46034e+00  -1.83678e-02  -2.61648e-03  -2.36008e-02  -1.57514e-02
7.43510e+00  1.35208e+00  -1.88673e-02  -1.88930e-03  -2.26459e-02  -1.69780e-02
7.53982e+00  1.25478e+00  -1.95657e-02  -1.13677e-03  -2.18392e-02  -1.84289e-02
7.64454e+00  1.16845e+00  -2.04950e-02  -3.32303e-04  -2.11596e-02  -2.01627e-02
7.74926e+00  1.09254e+00  -2.17038e-02  5.56415e-04  -2.05909e-02  -2.22602e-02
7.85398e+00  1.02619e+00  -2.32640e-02  1.57168e-03  -2.01207e-02  -2.48357e-02
7.95870e+00  9.68445e-01  -2.52846e-02  2.77256e-03  -1.97395e-02  -2.80572e-02
8.06342e+00  9.18381e-01  -2.79337e-02  4.24673e-03  -1.94403e-02  -3.21805e-02
8.16814e+00  8.75125e-01  -3.14833e-02  6.13270e-03  -1.92179e-02  -3.76160e-02
8.27286e+00  8.37895e-01  -3.63998e-02  8.66550e-03  -1.90688e-02  -4.50653e-02
8.37758e+00  8.06008e-01  -4.35532e-02  1.22811e-02  -1.89909e-02  -5.58344e-02
8.48230e+00  7.78871e-01  -5.47688e-02  1.78926e-02  -1.89836e-02  -7.26614e-02
8.58702e+00  7.55978e-01  -7.46284e-02  2.77906e-02  -1.90472e-02  -1.02419e-01
8.69174e+00  7.36898e-01  -1.18820e-01  4.98182e-02  -1.91836e-02  -1.68638e-01
8.79646e+00  7.21269e-01  -2.99491e-01  1.40048e-01  -1.93959e-02  -4.39539e-01
8.90118e+00  7.08787e-01  5.55011e-01  -2.87350e-01  -1.96884e-02  8.42361e-01
9.00590e+00  6.99198e-01  1.43296e-01  -8.16814e-02  -2.00673e-02  2.24977e-01
9.11062e+00  6.92294e-01  8.21902e-02  -5.13653e-02  -2.05405e-02  1.33555e-01
9.21534e+00  6.87901e-01  5.76492e-02  -3.93837e-02  -2.11182e-02  9.70330e-02
9.32006e+00  6.85880e-01  4.44412e-02  -3.31272e-02  -2.18132e-02  7.75684e-02
9.42478e+00  6.86117e-01  3.61991e-02  -2.94204e-02  -2.26417e-02  6.56194e-02
9.52950e+00  6.88523e-01  3.05642e-02  -2.70941e-02  -2.36241e-02  5.76583e-02
9.63422e+00  6.93028e-01  2.64585e-02  -2.56223e-02  -2.47861e-02  5.20808e-02
9.73894e+00  6.99579e-01  2.33160e-02  -2.47384e-02  -2.61609e-02  4.80545e-02
9.84366e+00  7.08133e-01  2.08078e-02  -2.42993e-02  -2.77907e-02  4.51071e-02
9.94838e+00  7.18660e-01  1.87251e-02  -2.42280e-02  -2.97310e-02  4.29531e-02
1.00531e+01  7.31133e-01  1.69232e-02  -2.44890e-02  -3.20549e-02  4.14122e-02
1.01578e+01  7.45529e-01  1.52916e-02  -2.50764e-02  -3.48612e-02  4.03680e-02
1.02625e+01  7.61823e-01  1.37349e-02  -2.60102e-02  -3.82856e-02  3.97451e-02
1.03673e+01  7.79984e-01  1.21580e-02  -2.73386e-02  -4.25192e-02  3.94966e-02
1.04720e+01  7.99969e-01  1.04511e-02  -2.91456e-02  -4.78400e-02  3.95966e-02
1.05767e+01  8.21722e-01  8.46858e-03  -3.15677e-02  -5.46667e-02  4.00362e-02
1.06814e+01  8.45162e-01  5.99506e-03  -3.48269e-02  -6.36588e-02  4.08220e-02
1.07861e+01  8.70181e-01  2.67844e-03  -3.92974e-02  -7.59163e-02  4.19758e-02
1.08909e+01  8.96637e-01  -2.11412e-03  -4.56509e-02  -9.34159e-02  4.35368e-02
1.09956e+01  9.24346e-01  -9.65365e-03  -5.52185e-02  -1.20091e-01  4.55649e-02
1.11003e+01  9.53079e-01  -2.29092e-02  -7.10570e-02  -1.65023e-01  4.81478e-02
1.12050e+01  9.82553e-01  -5.06923e-02  -1.02104e-01  -2.54900e-01  5.14114e-02
1.13097e+01  1.01243e+00  -1.35102e-01  -1.90640e-01  -5.16382e-01  5.55380e-02
1.14145e+01  1.04233e+00  -2.77057e+00  -2.83136e+00  -8.43329e+00  6.07964e-02
1.15192e+01  1.07181e+00  2.65319e-01  1.97724e-01  6.60767e-01  6.75955e-02
1.16239e+01  1.10038e+00  1.64311e-01  8.77264e-02  3.39764e-01  7.65848e-02
1.17286e+01  1.12754e+00  1.39439e-01  5.05825e-02  2.40604e-01  8.88563e-02
1.18333e+01  1.15276e+00  1.35789e-01  2.93958e-02  1.94581e-01  1.06393e-01
1.19381e+01  1.17553e+00  1.45482e-01  1.22783e-02  1.70039e-01  1.33204e-01
1.20428e+01  1.19537e+00  1.71500e-01  -7.28153e-03  1.56937e-01  1.78781e-01
1.21475e+01  1.21187e+00  2.32034e-01  -4.03131e-02  1.51408e-01  2.72347e-01
1.22522e+01  1.22469e+00  4.30301e-01  -1.39090e-01  1.52122e-01  5.69391e-01
1.23569e+01  1.23359e+00  -4.71550e+00  2.43742e+00  1.59346e-01  -7.15293e+00
1.24617e+01  1.23847e+00  -2.74337e-01  2.24740e-01  1.75143e-01  -4.99077e-01
1.25664e+01  1.23933e+00  -1.06013e-01  1.55534e-01  2.05055e-01  -2.61547e-01
1.26711e+01  1.23631e+00  -3.11389e-02  1.47827e-01  2.64516e-01  -1.78966e-01
1.27758e+01  1.22962e+00  4.58670e-02  1.83116e-01  4.12099e-01  -1.37249e-01
1.28805e+01  1.21962e+00  3.30186e-01  4.42433e-01  1.21505e+00  -1.12247e-01
1.29852e+01  1.20668e+00  -3.90566e-01  -2.94852e-01  -9.80271e-01  -9.57140e-02
1.30900e+01  1.19126e+00  -1.63902e-01  -7.98323e-02  -3.23567e-01  -8.40696e-02
1.31947e+01  1.17381e+00  -1.12366e-01  -3.68577e-02  -1.86081e-01  -7.55083e-02
1.32994e+01  1.15482e+00  -8.84546e-02  -1.94325e-02  -1.27320e-01  -6.90220e-02
1.34041e+01  1.13472e+00  -7.43753e-02  -1.03709e-02  -9.51171e-02  -6.40044e-02
1.35088e+01  1.11394e+00  -6.50495e-02  -4.97981e-03  -7.50092e-02  -6.00697e-02
1.36136e+01  1.09286e+00  -5.84390e-02  -1.47749e-03  -6.13940e-02  -5.69615e-02
1.37183e+01  1.07182e+00  -5.35527e-02  9.50690e-04  -5.16513e-02  -5.45034e-02
1.38230e+01  1.05112e+00  -4.98452e-02  2.72539e-03  -4.43944e-02  -5.25706e-02
1.39277e+01  1.03101e+00  -4.69898e-02  4.08356e-03  -3.88226e-02  -5.10733e-02
1.40324e+01  1.01168e+00  -4.47779e-02  5.16782e-03  -3.44423e-02  -4.99457e-02
1.41372e+01  9.93298e-01  -4.30706e-02  6.06870e-03  -3.09332e-02  -4.91393e-02
1.42419e+01  9.76003e-01  -4.17720e-02  6.84633e-03  -2.80794e-02  -4.86184e-02
1.43466e+01  9.59891e-01  -4.08143e-02  7.54227e-03  -2.57298e-02  -4.83566e-02
1.44513e+01  9.45033e-01  -4.01490e-02  8.18634e-03  -2.37763e-02  -4.83353e-02
1.45560e+01  9.31483e-01  -3.97410e-02  8.80077e-03  -2.21394e-02  -4.85418e-02
1.46608e+01  9.19273e-01  -3.95653e-02  9.40275e-03  -2.07598e-02  -4.89681e-02
1.47655e+01  9.08422e-01  -3.96044e-02  1.00061e-02  -1.95922e-02  -4.96105e-02
1.48702e+01  8.98938e-01  -3.98464e-02  1.06224e-02  -1.86017e-02  -5.04688e-02
1.49749e+01  8.90818e-01  -4.02845e-02  1.12617e-02  -1.77611e-02  -5.15462e-02
1.50796e+01  8.84053e-01  -4.09152e-02  1.19331e-02  -1.70489e-02  -5.28483e-02
1.51844e+01  8.78629e-01  -4.17388e-02  1.26453e-02  -1.64483e-02  -5.43840e-02
1.52891e+01  8.74526e-01  -4.27581e-02  1.34062e-02  -1.59456e-02  -5.61643e-02
1.53938e+01  8.71722e-01  -4.39784e-02  1.42242e-02  -1.55300e-02  -5.82026e-02
1.54985e+01  8.70191e-01  -4.54073e-02  1.51072e-02  -1.51929e-02  -6.05145e-02
1.56032e+01  8.69904e-01  -4.70541e-02  1.60633e-02  -1.49274e-02  -6.31175e-02
1.57080e+01  8.70832e-01  -4.89298e-02  1.71007e-02  -1.47283e-02  -6.60305e-02
1.58127e+01  8.72941e-01  -5.10462e-02  1.82273e-02  -1.45915e-02  -6.92735e-02
1.59174e+01  8.76194e-01  -5.34158e-02  1.94510e-02  -1.45139e-02  -7.28668e-02
1.60221e+01  8.80551e-01  -5.60511e-02  2.07789e-02  -1.44934e-02  -7.68300e-02
1.61268e+01  8.85968e-01  -5.89631e-02  2.22171e-02  -1.45289e-02  -8.11803e-02
1.62316e+01  8.92398e-01  -6.21606e-02  2.37704e-02  -1.46198e-02  -8.59310e-02
1.63363e+01  8.99785e-01  -6.56483e-02  2.54409e-02  -1.47666e-02  -9.10892e-02
1.64410e+01  9.08069e-01  -6.94248e-02  2.72274e-02  -1.49701e-02  -9.66522e-02
1.65457e+01  9.17183e-01  -7.34802e-02  2.91241e-02  -1.52320e-02  -1.02604e-01
1.66504e+01  9.27051e-01  -7.77937e-02  3.11196e-02  -1.55546e-02  -1.08913e-01
1.67552e+01  9.37589e-01  -8.23302e-02  3.31947e-02  -1.59408e-02  -1.15525e-01
1.68599e+01  9.48703e-01  -8.70385e-02  3.53221e-02  -1.63943e-02  -1.22361e-01
1.69646e+01  9.60290e-01  -9.18488e-02  3.74648e-02  -1.69191e-02  -1.29314e-01
1.70693e+01  9.72237e-01  -9.66727e-02  3.95762e-02  -1.75203e-02  -1.36249e-01
1.71740e+01  9.84421e-01  -1.01405e-01  4.16010e-02  -1.82029e-02  -1.43006e-01
1.72788e+01  9.96711e-01  -1.05927e-01  4.34770e-02  -1.89729e-02  -1.49404e-01
1.73835e+01  1.00897e+00  -1.10114e-01  4.51391e-02  -1.98362e-02  -1.55253e-01
1.74882e+01  1.02104e+00  -1.13847e-01  4.65241e-02  -2.07989e-02  -1.60371e-01
1.75929e+01  1.03279e+00  -1.17019e-01  4.75764e-02  -2.18665e-02  -1.64596e-01
1.76976e+01  1.04405e+00  -1.19550e-01  4.82531e-02  -2.30437e-02  -1.67803e-01
1.78024e+01  1.05468e+00  -1.21392e-01  4.85292e-02  -2.43336e-02  -1.69921e-01
1.79071e+01  1.06454e+00  -1.22535e-01  4.83996e-02  -2.57362e-02  -1.70935e-01
1.80118e+01  1.07347e+00  -1.23007e-01  4.78799e-02  -2.72475e-02  -1.70887e-01
1.81165e+01  1.08137e+00  -1.22866e-01  4.70042e-02  -2.88580e-02  -1.69871e-01
1.82212e+01  1.08811e+00  -1.22194e-01  4.58222e-02  -3.05501e-02  -1.68017e-01
1.83260e+01  1.09361e+00  -1.21086e-01  4.43945e-02  -3.22969e-02  -1.65480e-01
1.84307e+01  1.09780e+00  -1.19637e-01  4.27887e-02  -3.40600e-02  -1.62426e-01
1.85354e+01  1.10063e+00  -1.17940e-01  4.10756e-02  -3.57890e-02  -1.59016e-01
1.86401e+01  1.10208e+00  -1.16073e-01  3.93257e-02  -3.74216e-02  -1.55399e-01
1.87448e+01  1.10217e+00  -1.14101e-01  3.76068e-02  -3.88869e-02  -1.51707e-01
1.88496e+01  1.10091e+00  -1.12072e-01  3.59811e-02  -4.01101e-02  -1.48053e-01
1.89543e+01  1.09836e+00  -1.10026e-01  3.45028e-02  -4.10203e-02  -1.44529e-01
1.90590e+01  1.09461e+00  -1.07991e-01  3.32155e-02  -4.15595e-02  -1.41206e-01
1.91637e+01  1.08974e+00  -1.05992e-01  3.21505e-02  -4.16910e-02  -1.38142e-01
1.92684e+01  1.08386e+00  -1.04055e-01  3.13251e-02  -4.14053e-02  -1.35381e-01
1.93732e+01  1.07709e+00  -1.02209e-01  3.07438e-02  -4.07218e-02  -1.32953e-01
1.94779e+01  1.06958e+00  -1.00485e-01  3.03998e-02  -3.96852e-02  -1.30885e-01
1.95826e+01  1.06143e+00  -9.89159e-02  3.02783e-02  -3.83592e-02  -1.29194e-01
1.96873e+01  1.05281e+00  -9.75375e-02  3.03602e-02  -3.68170e-02  -1.27898e-01
1.97920e+01  1.04383e+00  -9.63841e-02  3.06256e-02  -3.51329e-02  -1.27010e-01
1.98968e+01  1.03463e+00  -9.54882e-02  3.10565e-02  -3.33752e-02  -1.26545e-01
2.00015e+01  1.02534e+00  -9.48800e-02  3.16388e-02  -3.16024e-02  -1.26519e-01
2.01062e+01  1.01606e+00  -9.45880e-02  3.23637e-02  -2.98605e-02  -1.26952e-01
2.02109e+01  1.00692e+00  -9.46391e-02  3.32276e-02  -2.81840e-02  -1.27867e-01
2.03156e+01  9.98001e-01  -9.50608e-02  3.42324e-02  -2.65960e-02  -1.29293e-01
2.04204e+01  9.89400e-01  -9.58823e-02  3.53855e-02  -2.51112e-02  -1.31268e-01
2.05251e+01  9.81194e-01  -9.71363e-02  3.66997e-02  -2.37368e-02  -1.33836e-01
2.06298e+01  9.73452e-01  -9.88613e-02  3.81931e-02  -2.24751e-02  -1.37054e-01
2.07345e+01  9.66235e-01  -1.01104e-01  3.98896e-02  -2.13248e-02  -1.40994e-01
2.08392e+01  9.59594e-01  -1.03921e-01  4.18197e-02  -2.02819e-02  -1.45741e-01
2.09440e+01  9.53572e-01  -1.07385e-01  4.40216e-02  -1.93413e-02  -1.51406e-01
2.10487e+01  9.48203e-01  -1.11583e-01  4.65431e-02  -1.84969e-02  -1.58126e-01
2.11534e+01  9.43515e-01  -1.16630e-01  4.94437e-02  -1.77425e-02  -1.66074e-01
2.12581e+01  9.39529e-01  -1.22670e-01  5.27988e-02  -1.70719e-02  -1.75468e-01
2.13628e+01  9.36259e-01  -1.29888e-01  5.67045e-02  -1.64793e-02  -1.86593e-01
2.14675e+01  9.33715e-01  -1.38529e-01  6.12850e-02  -1.59591e-02  -1.99814e-01
2.15723e+01  9.31900e-01  -1.48914e-01  6.67038e-02  -1.55065e-02  -2.15618e-01
2.16770e+01  9.30813e-01  -1.61477e-01  7.31798e-02  -1.51171e-02  -2.34656e-01
2.17817e+01  9.30447e-01  -1.76813e-01  8.10132e-02  -1.47870e-02  -2.57827e-01
2.18864e+01  9.30791e-01  -1.95766e-01  9.06266e-02  -1.45129e-02  -2.86393e-01
2.19911e+01  9.31831e-01  -2.19560e-01  1.02634e-01  -1.42923e-02  -3.22194e-01
2.20959e+01  9.33546e-01  -2.50043e-01  1.17960e-01  -1.41228e-02  -3.68004e-01
2.22006e+01  9.35913e-01  -2.90143e-01  1.38070e-01  -1.40030e-02  -4.28214e-01
2.23053e+01  9.38903e-01  -3.44773e-01  1.65421e-01  -1.39315e-02  -5.10194e-01
2.24100e+01  9.42482e-01  -4.22858e-01  2.04475e-01  -1.39080e-02  -6.27332e-01
2.25147e+01  9.46615e-01  -5.42456e-01  2.64262e-01  -1.39321e-02  -8.06717e-01
2.26195e+01  9.51258e-01  -7.46440e-01  3.66218e-01  -1.40045e-02  -1.11266e+00
2.27242e+01  9.56366e-01  -1.16733e+00  5.76601e-01  -1.41260e-02  -1.74393e+00
2.28289e+01  9.61886e-01  -2.51785e+00  1.25178e+00  -1.42981e-02  -3.76962e+00
2.29336e+01  9.67764e-01  2.75246e+01  -1.37696e+01  -1.45230e-02  4.12942e+01
2.30383e+01  9.73940e-01  2.26379e+00  -1.13929e+00  -1.48035e-02  3.40308e+00
2.31431e+01  9.80350e-01  1.22348e+00  -6.19310e-01  -1.51430e-02  1.84279e+00
2.32478e+01  9.86926e-01  8.60718e-01  -4.38132e-01  -1.55456e-02  1.29885e+00
2.33525e+01  9.93597e-01  6.78317e-01  -3.47167e-01  -1.60164e-02  1.02548e+00
2.34572e+01  1.00029e+00  5.70110e-01  -2.93335e-01  -1.65613e-02  8.63445e-01
2.35619e+01  1.00693e+00  4.99726e-01  -2.58456e-01  -1.71873e-02  7.58182e-01
2.36667e+01  1.01343e+00  4.51345e-01  -2.34624e-01  -1.79024e-02  6.85968e-01
2.37714e+01  1.01973e+00  4.16990e-01  -2.17853e-01  -1.87160e-02  6.34844e-01
2.38761e+01  1.02575e+00  3.92214e-01  -2.05927e-01  -1.96387e-02  5.98141e-01
2.39808e+01  1.03141e+00  3.74348e-01  -1.97515e-01  -2.06826e-02  5.71864e-01
2.40855e+01  1.03665e+00  3.61700e-01  -1.91781e-01  -2.18612e-02  5.53481e-01
2.41903e+01  1.04139e+00  3.53150e-01  -1.88170e-01  -2.31896e-02  5.41319e-01
2.42950e+01  1.04559e+00  3.47927e-01  -1.86306e-01  -2.46841e-02  5.34232e-01
2.43997e+01  1.04919e+00  3.45487e-01  -1.85924e-01  -2.63620e-02  5.31411e-01
2.45044e+01  1.05215e+00  3.45427e-01  -1.86834e-01  -2.82411e-02  5.32261e-01
2.46091e+01  1.05444e+00  3.47441e-01  -1.88890e-01  -3.03385e-02  5.36331e-01
2.47139e+01  1.05602e+00  3.51280e-01  -1.91974e-01  -3.26687e-02  5.43254e-01
2.48186e+01  1.05691e+00  3.56726e-01  -1.95984e-01  -3.52418e-02  5.52710e-01
2.49233e+01  1.05708e+00  3.63574e-01  -2.00817e-01  -3.80592e-02  5.64391e-01
2.50280e+01  1.05655e+00  3.71614e-01  -2.06361e-01  -4.11094e-02  5.77975e-01
2.51327e+01  1.05534e+00  3.80614e-01  -2.12488e-01  -4.43620e-02  5.93102e-01
2.52375e+01  1.05348e+00  3.90315e-01  -2.19038e-01  -4.77614e-02  6.09353e-01
2.53422e+01  1.05101e+00  4.00416e-01  -2.25819e-01  -5.12207e-02  6.26235e-01
2.54469e+01  1.04797e+00  4.10577e-01  -2.32598e-01  -5.46184e-02  6.43174e-01
2.55516e+01  1.04442e+00  4.20414e-01  -2.39107e-01  -5.78004e-02  6.59521e-01
2.56563e+01  1.04041e+00  4.29513e-01  -2.45051e-01  -6.05897e-02  6.74564e-01
2.57611e+01  1.03602e+00  4.37445e-01  -2.50125e-01  -6.28057e-02  6.87570e-01
2.58658e+01  1.03129e+00  4.43788e-01  -2.54039e-01  -6.42909e-02  6.97827e-01
2.59705e+01  1.02631e+00  4.48159e-01  -2.56548e-01  -6.49382e-02  7.04707e-01
2.60752e+01  1.02114e+00  4.50248e-01  -2.57480e-01  -6.47124e-02  7.07728e-01
2.61799e+01  1.01584e+00  4.49850e-01  -2.56753e-01  -6.36564e-02  7.06603e-01
2.62847e+01  1.01049e+00  4.46893e-01  -2.54387e-01  -6.18805e-02  7.01280e-01
2.63894e+01  1.00514e+00  4.41445e-01  -2.50493e-01  -5.95404e-02  6.91938e-01
2.64941e+01  9.99857e-01  4.33710e-01  -2.45260e-01  -5.68092e-02  6.78970e-01
2.65988e+01  9.94698e-01  4.24005e-01  -2.38929e-01  -5.38535e-02  6.62935e-01
2.67035e+01  9.89715e-01  4.12723e-01  -2.31770e-01  -5.08173e-02  6.44493e-01
2.68083e+01  9.84957e-01  4.00292e-01  -2.24053e-01  -4.78137e-02  6.24345e-01
2.69130e+01  9.80467e-01  3.87143e-01  -2.16034e-01  -4.49246e-02  6.03177e-01
2.70177e+01  9.76286e-01  3.73675e-01  -2.07940e-01  -4.22039e-02  5.81615e-01
2.71224e+01  9.72449e-01  3.60239e-01  -1.99961e-01  -3.96830e-02  5.60200e-01
2.72271e+01  9.68984e-01  3.47127e-01  -1.92252e-01  -3.73764e-02  5.39378e-01
2.73319e+01  9.65920e-01  3.34569e-01  -1.84928e-01  -3.52867e-02  5.19497e-01
2.74366e+01  9.63275e-01  3.22741e-01  -1.78075e-01  -3.34090e-02  5.00816e-01
2.75413e+01  9.61068e-01  3.11767e-01  -1.71751e-01  -3.17336e-02  4.83518e-01
2.76460e+01  9.59310e-01  3.01733e-01  -1.65991e-01  -3.02483e-02  4.67724e-01
2.77507e+01  9.58011e-01  2.92691e-01  -1.60816e-01  -2.89403e-02  4.53507e-01
2.78555e+01  9.57173e-01  2.84669e-01  -1.56233e-01  -2.77965e-02  4.40902e-01
2.79602e+01  9.56799e-01  2.77680e-01  -1.52242e-01  -2.68050e-02  4.29922e-01
2.80649e+01  9.56883e-01  2.71724e-01  -1.48839e-01  -2.59547e-02  4.20563e-01
2.81696e+01  9.57419e-01  2.66798e-01  -1.46017e-01  -2.52357e-02  4.12815e-01
2.82743e+01  9.58397e-01  2.62895e-01  -1.43767e-01  -2.46399e-02  4.06662e-01
2.83791e+01  9.59800e-01  2.60009e-01  -1.42084e-01  -2.41603e-02  4.02093e-01
2.84838e+01  9.61613e-01  2.58137e-01  -1.40965e-01  -2.37916e-02  3.99102e-01
2.85885e+01  9.63812e-01  2.57284e-01  -1.40407e-01  -2.35299e-02  3.97690e-01
2.86932e+01  9.66374e-01  2.57456e-01  -1.40414e-01  -2.33726e-02  3.97870e-01
2.87979e+01  9.69270e-01  2.58669e-01  -1.40994e-01  -2.33190e-02  3.99663e-01
2.89027e+01  9.72469e-01  2.60948e-01  -1.42159e-01  -2.33696e-02  4.03106e-01
2.90074e+01  9.75937e-01  2.64322e-01  -1.43924e-01  -2.35268e-02  4.08246e-01
2.91121e+01  9.79637e-01  2.68830e-01  -1.46312e-01  -2.37948e-02  4.15142e-01
2.92168e+01  9.83529e-01  2.74516e-01  -1.49348e-01  -2.41797e-02  4.23864e-01
2.93215e+01  9.87572e-01  2.81430e-01  -1.53060e-01  -2.46902e-02  4.34491e-01
2.94263e+01  9.91721e-01  2.89623e-01  -1.57480e-01  -2.53374e-02  4.47103e-01
2.95310e+01  9.95932e-01  2.99141e-01  -1.62638e-01  -2.61360e-02  4.61779e-01
2.96357e+01  1.00016e+00  3.10022e-01  -1.68563e-01  -2.71046e-02  4.78585e-01
2.97404e+01  1.00435e+00  3.22283e-01  -1.75275e-01  -2.82667e-02  4.97557e-01
2.98451e+01  1.00846e+00  3.35906e-01  -1.82779e-01  -2.96522e-02  5.18685e-01
2.99498e+01  1.01244e+00  3.50819e-01  -1.91059e-01  -3.12991e-02  5.41878e-01
3.00546e+01  1.01625e+00  3.66872e-01  -2.00064e-01  -3.32561e-02  5.66936e-01
3.01593e+01  1.01984e+00  3.83805e-01  -2.09695e-01  -3.55858e-02  5.93500e-01
3.02640e+01  1.02317e+00  4.01217e-01  -2.19793e-01  -3.83700e-02  6.21010e-01
3.03687e+01  1.02621e+00  4.18529e-01  -2.30123e-01  -4.17168e-02  6.48652e-01
3.04734e+01  1.02891e+00  4.34968e-01  -2.40370e-01  -4.57718e-02  6.75338e-01
3.05782e+01  1.03124e+00  4.49556e-01  -2.50145e-01  -5.07337e-02  6.99701e-01
3.06829e+01  1.03318e+00  4.61149e-01  -2.59015e-01  -5.68814e-02  7.20165e-01
3.07876e+01  1.03471e+00  4.68508e-01  -2.66562e-01  -6.46160e-02  7.35070e-01
3.08923e+01  1.03581e+00  4.70409e-01  -2.72471e-01  -7.45332e-02  7.42881e-01
3.09970e+01  1.03648e+00  4.65769e-01  -2.76662e-01  -8.75541e-02  7.42431e-01
3.11018e+01  1.03670e+00  4.53710e-01  -2.79441e-01  -1.05173e-01  7.33151e-01
3.12065e+01  1.03649e+00  4.33477e-01  -2.81726e-01  -1.29975e-01  7.15203e-01
3.13112e+01  1.03585e+00  4.04050e-01  -2.85431e-01  -1.66813e-01  6.89481e-01
3.14159e+01  1.03480e+00  3.62989e-01  -2.94468e-01  -2.25947e-01  6.57457e-01
3.15206e+01  1.03335e+00  3.02870e-01  -3.18066e-01  -3.33262e-01  6.20936e-01
3.16254e+01  1.03153e+00  1.95322e-01  -3.86465e-01  -5.77609e-01  5.81787e-01
3.17301e+01  1.02937e+00  -1.69458e-01  -7.11175e-01  -1.59181e+00  5.41717e-01
3.18348e+01  1.02690e+00  1.44679e+00  9.44659e-01  3.33611e+00  5.02133e-01
3.19395e+01  1.02416e+00  6.28181e-01  1.64093e-01  9.56366e-01  4.64088e-01
3.20442e+01  1.02119e+00  4.93308e-01  6.50178e-02  6.23344e-01  4.28290e-01
3.21490e+01  1.01802e+00  4.32437e-01  3.72844e-02  5.07006e-01  3.95152e-01
3.22537e+01  1.01470e+00  3.98378e-01  3.35193e-02  4.65417e-01  3.64859e-01
3.23584e+01  1.01127e+00  3.81186e-01  4.37575e-02  4.68701e-01  3.37429e-01
3.24631e+01  1.00778e+00  3.81256e-01  6.84852e-02  5.18227e-01  3.12771e-01
3.25678e+01  1.00425e+00  4.10096e-01  1.19367e-01  6.48830e-01  2.90729e-01
3.26726e+01  1.00074e+00  5.22823e-01  2.51713e-01  1.02625e+00  2.71111e-01
3.27773e+01  9.97286e-01  1.57516e+00  1.32145e+00  4.21806e+00  2.53711e-01
3.28820e+01  9.93919e-01  -3.45168e-01  -5.83494e-01  -1.51216e+00  2.38326e-01
3.29867e+01  9.90676e-01  -4.51232e-02  -2.69888e-01  -5.84899e-01  2.24765e-01
3.30914e+01  9.87591e-01  2.67844e-02  -1.86065e-01  -3.45345e-01  2.12849e-01
3.31962e+01  9.84693e-01  5.56851e-02  -1.46735e-01  -2.37785e-01  2.02420e-01
3.33009e+01  9.82009e-01  6.96256e-02  -1.23712e-01  -1.77798e-01  1.93337e-01
3.34056e+01  9.79562e-01  7.69449e-02  -1.08535e-01  -1.40125e-01  1.85480e-01
3.35103e+01  9.77375e-01  8.09593e-02  -9.77842e-02  -1.14609e-01  1.78743e-01
3.36150e+01  9.75465e-01  8.32287e-02  -8.98134e-02  -9.63981e-02  1.73042e-01
3.37198e+01  9.73847e-01  8.45733e-02  -8.37326e-02  -8.28920e-02  1.68306e-01
3.38245e+01  9.72533e-01  8.54613e-02  -7.90199e-02  -7.25785e-02  1.64481e-01
3.39292e+01  9.71531e-01  8.61789e-02  -7.53504e-02  -6.45219e-02  1.61529e-01
3.40339e+01  9.70848e-01  8.69136e-02  -7.25140e-02  -5.81145e-02  1.59428e-01
3.41386e+01  9.70485e-01  8.77978e-02  -7.03720e-02  -5.29462e-02  1.58170e-01
3.42434e+01  9.70442e-01  8.89341e-02  -6.88327e-02  -4.87313e-02  1.57767e-01
3.43481e+01  9.70716e-01  9.04112e-02  -6.78384e-02  -4.52655e-02  1.58250e-01
3.44528e+01  9.71302e-01  9.23148e-02  -6.73572e-02  -4.23996e-02  1.59672e-01
3.45575e+01  9.72189e-01  9.47366e-02  -6.73795e-02  -4.00224e-02  1.62116e-01
3.46622e+01  9.73366e-01  9.77831e-02  -6.79167e-02  -3.80503e-02  1.65700e-01
3.47670e+01  9.74819e-01  1.01585e-01  -6.90020e-02  -3.64191e-02  1.70587e-01
3.48717e+01  9.76530e-01  1.06310e-01  -7.06950e-02  -3.50798e-02  1.77005e-01
3.49764e+01  9.78481e-01  1.12182e-01  -7.30881e-02  -3.39942e-02  1.85270e-01
3.50811e+01  9.80650e-01  1.19506e-01  -7.63194e-02  -3.31332e-02  1.95825e-01
3.51858e+01  9.83013e-01  1.28712e-01  -8.05933e-02  -3.24742e-02  2.09306e-01
3.52906e+01  9.85543e-01  1.40432e-01  -8.62159e-02  -3.20003e-02  2.26648e-01
3.53953e+01  9.88214e-01  1.55620e-01  -9.36594e-02  -3.16993e-02  2.49279e-01
3.55000e+01  9.90995e-01  1.75802e-01  -1.03682e-01  -3.15629e-02  2.79484e-01
3.56047e+01  9.93857e-01  2.03568e-01  -1.17577e-01  -3.15863e-02  3.21145e-01
3.57094e+01  9.96768e-01  2.43690e-01  -1.37729e-01  -3.17680e-02  3.81420e-01
3.58142e+01  9.99695e-01  3.06033e-01  -1.69071e-01  -3.21094e-02  4.75104e-01
3.59189e+01  1.00261e+00  4.14786e-01  -2.23700e-01  -3.26151e-02  6.38486e-01
3.60236e+01  1.00547e+00  6.49258e-01  -3.41276e-01  -3.32928e-02  9.90534e-01
3.61283e+01  1.00825e+00  1.50843e+00  -7.71293e-01  -3.41536e-02  2.27973e+00
3.62330e+01  1.01091e+00  -4.68945e+00  2.32712e+00  -3.52123e-02  -7.01656e+00
3.63378e+01  1.01344e+00  -9.25675e-01  4.44593e-01  -3.64878e-02  -1.37027e+00
3.64425e+01  1.01579e+00  -5.18161e-01  2.40079e-01  -3.80040e-02  -7.58240e-01
3.65472e+01  1.01794e+00  -3.63165e-01  1.61687e-01  -3.97902e-02  -5.24852e-01
3.66519e+01  1.01986e+00  -2.82270e-01  1.20194e-01  -4.18825e-02  -4.02463e-01
3.67566e+01  1.02155e+00  -2.33170e-01  9.44225e-02  -4.43250e-02  -3.27593e-01
3.68614e+01  1.02297e+00  -2.00679e-01  7.67540e-02  -4.71714e-02  -2.77433e-01
3.69661e+01  1.02410e+00  -1.78015e-01  6.37640e-02  -5.04867e-02  -2.41779e-01
3.70708e+01  1.02495e+00  -1.61704e-01  5.36771e-02  -5.43502e-02  -2.15382e-01
3.71755e+01  1.02550e+00  -1.49800e-01  4.54714e-02  -5.88573e-02  -1.95272e-01
3.72802e+01  1.02575e+00  -1.41138e-01  3.85074e-02  -6.41232e-02  -1.79645e-01
3.73850e+01  1.02570e+00  -1.34994e-01  3.23543e-02  -7.02856e-02  -1.67348e-01
3.74897e+01  1.02535e+00  -1.30910e-01  2.67015e-02  -7.75070e-02  -1.57611e-01
3.75944e+01  1.02470e+00  -1.28596e-01  2.13101e-02  -8.59753e-02  -1.49906e-01
3.76991e+01  1.02378e+00  -1.27874e-01  1.59868e-02  -9.59006e-02  -1.43861e-01
3.78038e+01  1.02260e+00  -1.28645e-01  1.05705e-02  -1.07504e-01  -1.39215e-01
3.79086e+01  1.02116e+00  -1.30852e-01  4.93095e-03  -1.20990e-01  -1.35783e-01
3.80133e+01  1.01951e+00  -1.34458e-01  -1.02158e-03  -1.36501e-01  -1.33436e-01
3.81180e+01  1.01765e+00  -1.39405e-01  -7.31212e-03  -1.54029e-01  -1.32093e-01
3.82227e+01  1.01561e+00  -1.45570e-01  -1.38612e-02  -1.73292e-01  -1.31709e-01
3.83274e+01  1.01342e+00  -1.52704e-01  -2.04325e-02  -1.93570e-01  -1.32272e-01
3.84322e+01  1.01111e+00  -1.60391e-01  -2.65855e-02  -2.13562e-01  -1.33806e-01
3.85369e+01  1.00870e+00  -1.68036e-01  -3.16691e-02  -2.31374e-01  -1.36367e-01
3.86416e+01  1.00623e+00  -1.74959e-01  -3.49050e-02  -2.44769e-01  -1.40054e-01
3.87463e+01  1.00372e+00  -1.80590e-01  -3.55765e-02  -2.51743e-01  -1.45014e-01
3.88510e+01  1.00120e+00  -1.84715e-01  -3.32579e-02  -2.51231e-01  -1.51457e-01
3.89557e+01  9.98712e-01  -1.87630e-01  -2.79470e-02  -2.43524e-01  -1.59683e-01
3.90605e+01  9.96267e-01  -1.90119e-01  -2.00034e-02  -2.30126e-01  -1.70116e-01
3.91652e+01  9.93898e-01  -1.93292e-01  -9.92674e-03  -2.13145e-01  -1.83365e-01
3.92699e+01  9.91627e-01  -1.98432e-01  1.89792e-03  -1.94637e-01  -2.00330e-01
3.93746e+01  9.89480e-01  -2.06986e-01  1.53972e-02  -1.76191e-01  -2.22383e-01
3.94793e+01  9.87476e-01  -2.20750e-01  3.09599e-02  -1.58830e-01  -2.51710e-01
3.95841e+01  9.85635e-01  -2.42368e-01  4.96427e-02  -1.43083e-01  -2.92011e-01
3.96888e+01  9.83974e-01  -2.76423e-01  7.36428e-02  -1.29138e-01  -3.50066e-01
3.97935e+01  9.82508e-01  -3.32161e-01  1.07593e-01  -1.16974e-01  -4.39754e-01
3.98982e+01  9.81250e-01  -4.31887e-01  1.62712e-01  -1.06464e-01  -5.94599e-01
4.00029e+01  9.80211e-01  -6.46787e-01  2.74678e-01  -9.74313e-02  -9.21464e-01
4.01077e+01  9.79397e-01  -1.39176e+00  6.51031e-01  -8.96938e-02  -2.04279e+00
4.02124e+01  9.78816e-01  6.63678e+00  -3.35993e+00  -8.30773e-02  9.99671e+00
4.03171e+01  9.78470e-01  9.57154e-01  -5.17290e-01  -7.74263e-02  1.47444e+00
4.04218e+01  9.78361e-01  5.13478e-01  -2.93042e-01  -7.26059e-02  8.06520e-01
4.05265e+01  9.78488e-01  3.51691e-01  -2.10096e-01  -6.85013e-02  5.61787e-01
4.06313e+01  9.78846e-01  2.68965e-01  -1.66991e-01  -6.50164e-02  4.35956e-01
4.07360e+01  9.79430e-01  2.19412e-01  -1.40741e-01  -6.20710e-02  3.60153e-01
4.08407e+01  9.80233e-01  1.86912e-01  -1.23256e-01  -5.95992e-02  3.10168e-01
4.09454e+01  9.81244e-01  1.64365e-01  -1.10956e-01  -5.75468e-02  2.75321e-01
4.10501e+01  9.82451e-01  1.48164e-01  -1.02017e-01  -5.58696e-02  2.50180e-01
4.11549e+01  9.83840e-01  1.36298e-01  -9.54149e-02  -5.45322e-02  2.31713e-01
4.12596e+01  9.85396e-01  1.27569e-01  -9.05374e-02  -5.35062e-02  2.18106e-01
4.13643e+01  9.87102e-01  1.21231e-01  -8.70005e-02  -5.27697e-02  2.08232e-01
4.14690e+01  9.88937e-01  1.16814e-01  -8.45599e-02  -5.23063e-02  2.01373e-01
4.15737e+01  9.90883e-01  1.14019e-01  -8.30618e-02  -5.21043e-02  1.97081e-01
4.16785e+01  9.92917e-01  1.12677e-01  -8.24165e-02  -5.21563e-02  1.95093e-01
4.17832e+01  9.95016e-01  1.12711e-01  -8.25848e-02  -5.24588e-02  1.95296e-01
4.18879e+01  9.97159e-01  1.14132e-01  -8.35718e-02  -5.30117e-02  1.97704e-01
4.19926e+01  9.99319e-01  1.17037e-01  -8.54278e-02  -5.38183e-02  2.02465e-01
4.20973e+01  1.00147e+00  1.21627e-01  -8.82560e-02  -5.48846e-02  2.09884e-01
4.22021e+01  1.00360e+00  1.28238e-01  -9.22286e-02  -5.62191e-02  2.20467e-01
4.23068e+01  1.00567e+00  1.37403e-01  -9.76179e-02  -5.78324e-02  2.35021e-01
4.24115e+01  1.00767e+00  1.49971e-01  -1.04854e-01  -5.97364e-02  2.54824e-01
4.25162e+01  1.00956e+00  1.67319e-01  -1.14631e-01  -6.19433e-02  2.81950e-01
4.26209e+01  1.01134e+00  1.91804e-01  -1.28134e-01  -6.44643e-02  3.19938e-01
4.27257e+01  1.01297e+00  2.27761e-01  -1.47534e-01  -6.73073e-02  3.75295e-01
4.28304e+01  1.01444e+00  2.84058e-01  -1.77266e-01  -7.04745e-02  4.61324e-01
4.29351e+01  1.01574e+00  3.82030e-01  -2.27994e-01  -7.39579e-02  6.10024e-01
4.30398e+01  1.01685e+00  5.89076e-01  -3.33406e-01  -7.77347e-02  9.22482e-01
4.31445e+01  1.01776e+00  1.28815e+00  -6.84958e-01  -8.17612e-02  1.97311e+00
4.32493e+01  1.01845e+00  -7.66504e+00  3.78954e+00  -8.59655e-02  -1.14546e+01
4.33540e+01  1.01893e+00  -9.91957e-01  4.50858e-01  -9.02408e-02  -1.44281e+00
4.34587e+01  1.01918e+00  -5.42246e-01  2.23903e-01  -9.44404e-02  -7.66148e-01
4.35634e+01  1.01922e+00  -3.80313e-01  1.40968e-01  -9.83768e-02  -5.21280e-01
4.36681e+01  1.01903e+00  -2.97751e-01  9.79615e-02  -1.01828e-01  -3.95713e-01
4.37729e+01  1.01862e+00  -2.48110e-01  7.17770e-02  -1.04556e-01  -3.19887e-01
4.38776e+01  1.01800e+00  -2.15128e-01  5.43998e-02  -1.06329e-01  -2.69528e-01
4.39823e+01  1.01719e+00  -1.91626e-01  4.23328e-02  -1.06961e-01  -2.33959e-01
4.40870e+01  1.01618e+00  -1.73949e-01  3.38039e-02  -1.06341e-01  -2.07753e-01
4.41917e+01  1.01500e+00  -1.60062e-01  2.78012e-02  -1.04459e-01  -1.87863e-01
4.42965e+01  1.01366e+00  -1.48771e-01  2.36804e-02  -1.01411e-01  -1.72452e-01
4.44012e+01  1.01218e+00  -1.39358e-01  2.09902e-02  -9.73773e-02  -1.60348e-01
4.45059e+01  1.01058e+00  -1.31382e-01  1.93909e-02  -9.26002e-02  -1.50773e-01
4.46106e+01  1.00887e+00  -1.24575e-01  1.86177e-02  -8.73397e-02  -1.43193e-01
4.47153e+01  1.00709e+00  -1.18770e-01  1.84634e-02  -8.18433e-02  -1.37234e-01
4.48201e+01  1.00524e+00  -1.13860e-01  1.87688e-02  -7.63228e-02  -1.32629e-01
4.49248e+01  1.00336e+00  -1.09774e-01  1.94156e-02  -7.09431e-02  -1.29190e-01
4.50295e+01  1.00146e+00  -1.06462e-01  2.03202e-02  -6.58211e-02  -1.26782e-01
4.51342e+01  9.99562e-01  -1.03887e-01  2.14279e-02  -6.10312e-02  -1.25315e-01
4.52389e+01  9.97694e-01  -1.02027e-01  2.27071e-02  -5.66128e-02  -1.24734e-01
4.53437e+01  9.95872e-01  -1.00870e-01  2.41449e-02  -5.25799e-02  -1.25014e-01
4.54484e+01  9.94117e-01  -1.00415e-01  2.57435e-02  -4.89280e-02  -1.26159e-01
4.55531e+01  9.92446e-01  -1.00679e-01  2.75187e-02  -4.56412e-02  -1.28197e-01
4.56578e+01  9.90877e-01  -1.01693e-01  2.94981e-02  -4.26971e-02  -1.31191e-01
4.57625e+01  9.89425e-01  -1.03514e-01  3.17221e-02  -4.00695e-02  -1.35236e-01
4.58673e+01  9.88104e-01  -1.06222e-01  3.42452e-02  -3.77318e-02  -1.40467e-01
4.59720e+01  9.86928e-01  -1.09937e-01  3.71396e-02  -3.56576e-02  -1.47077e-01
4.60767e+01  9.85906e-01  -1.14825e-01  4.05011e-02  -3.38225e-02  -1.55326e-01
4.61814e+01  9.85049e-01  -1.21119e-01  4.44576e-02  -3.22036e-02  -1.65576e-01
4.62861e+01  9.84363e-01  -1.29148e-01  4.91837e-02  -3.07807e-02  -1.78332e-01
4.63909e+01  9.83854e-01  -1.39384e-01  5.49241e-02  -2.95356e-02  -1.94308e-01
4.64956e+01  9.83526e-01  -1.52515e-01  6.20314e-02  -2.84526e-02  -2.14547e-01
4.66003e+01  9.83380e-01  -1.69587e-01  7.10344e-02  -2.75180e-02  -2.40621e-01
4.67050e+01  9.83417e-01  -1.92246e-01  8.27628e-02  -2.67202e-02  -2.75009e-01
4.68097e+01  9.83635e-01  -2.23241e-01  9.85959e-02  -2.60496e-02  -3.21837e-01
4.69145e+01  9.84029e-01  -2.67513e-01  1.21008e-01  -2.54980e-02  -3.88521e-01
4.70192e+01  9.84595e-01  -3.34890e-01  1.54915e-01  -2.50593e-02  -4.89805e-01
4.71239e+01  9.85326e-01  -4.48084e-01  2.11678e-01  -2.47288e-02  -6.59762e-01
4.72286e+01  9.86212e-01  -6.73998e-01  3.24748e-01  -2.45033e-02  -9.98746e-01
4.73333e+01  9.87243e-01  -1.33252e+00  6.54071e-01  -2.43811e-02  -1.98659e+00
4.74380e+01  9.88408e-01  -2.47264e+01  1.23510e+01  -2.43623e-02  -3.70775e+01
4.75428e+01  9.89693e-01  1.56700e+00  -7.95726e-01  -2.44483e-02  2.36273e+00
4.76475e+01  9.91084e-01  7.82815e-01  -4.03729e-01  -2.46425e-02  1.18654e+00
4.77522e+01  9.92565e-01  5.34804e-01  -2.79877e-01  -2.49500e-02  8.14681e-01
4.78569e+01  9.94121e-01  4.15239e-01  -2.20309e-01  -2.53783e-02  6.35547e-01
4.79616e+01  9.95733e-01  3.46495e-01  -1.86216e-01  -2.59371e-02  5.32711e-01
4.80664e+01  9.97383e-01  3.03292e-01  -1.64966e-01  -2.66394e-02  4.68257e-01
4.81711e+01  9.99054e-01  2.75016e-01  -1.51259e-01  -2.75019e-02  4.26274e-01
4.82758e+01  1.00073e+00  2.56523e-01  -1.42535e-01  -2.85455e-02  3.99058e-01
4.83805e+01  1.00238e+00  2.45129e-01  -1.37463e-01  -2.97972e-02  3.82592e-01
4.84852e+01  1.00400e+00  2.39434e-01  -1.35363e-01  -3.12912e-02  3.74797e-01
4.85900e+01  1.00557e+00  2.38840e-01  -1.35956e-01  -3.30712e-02  3.74796e-01
4.86947e+01  1.00706e+00  2.43363e-01  -1.39278e-01  -3.51939e-02  3.82641e-01
4.87994e+01  1.00846e+00  2.53651e-01  -1.45692e-01  -3.77331e-02  3.99343e-01
4.89041e+01  1.00976e+00  2.71204e-01  -1.55995e-01  -4.07870e-02  4.27199e-01
4.90088e+01  1.01095e+00  2.98948e-01  -1.71718e-01  -4.44873e-02  4.70666e-01
4.91136e+01  1.01200e+00  3.42637e-01  -1.95826e-01  -4.90153e-02  5.38463e-01
4.92183e+01  1.01290e+00  4.14605e-01  -2.34616e-01  -5.46259e-02  6.49221e-01
4.93230e+01  1.01366e+00  5.46036e-01  -3.03862e-01  -6.16881e-02  8.49898e-01
4.94277e+01  1.01425e+00  8.43446e-01  -4.57100e-01  -7.07545e-02  1.30055e+00
4.95324e+01  1.01468e+00  2.05289e+00  -1.06779e+00  -8.26889e-02  3.12068e+00
4.96372e+01  1.01493e+00  -4.06885e+00  1.98497e+00  -9.89155e-02  -6.05382e+00
4.97419e+01  1.01501e+00  -1.01523e+00  4.46637e-01  -1.21952e-01  -1.46186e+00
4.98466e+01  1.01492e+00  -5.93366e-01  2.18340e-01  -1.56687e-01  -8.11706e-01
4.99513e+01  1.01466e+00  -4.40778e-01  1.13397e-01  -2.13983e-01  -5.54175e-01
5.00560e+01  1.01424e+00  -3.86031e-01  3.11685e-02  -3.23694e-01  -4.17200e-01
5.01608e+01  1.01365e+00  -4.24466e-01  -9.16330e-02  -6.07732e-01  -3.32833e-01
5.02655e+01  1.01292e+00  -1.12164e+00  -8.45567e-01  -2.81277e+00  -2.76070e-01
5.03702e+01  1.01204e+00  2.77038e-01  5.12598e-01  1.30223e+00  -2.35559e-01
5.04749e+01  1.01104e+00  5.75702e-02  2.62981e-01  5.83533e-01  -2.05411e-01
5.05796e+01  1.00992e+00  1.33188e-02  1.95586e-01  4.04491e-01  -1.82267e-01
5.06844e+01  1.00869e+00  4.24649e-04  1.64500e-01  3.29426e-01  -1.64076e-01
5.07891e+01  1.00738e+00  -1.56472e-03  1.47951e-01  2.94337e-01  -1.49515e-01
5.08938e+01  1.00600e+00  2.00837e-03  1.39705e-01  2.81419e-01  -1.37697e-01
5.09985e+01  1.00457e+00  9.88227e-03  1.37885e-01  2.85653e-01  -1.28003e-01
5.11032e+01  1.00309e+00  2.29296e-02  1.42921e-01  3.08772e-01  -1.19992e-01
5.12080e+01  1.00160e+00  4.48609e-02  1.58201e-01  3.61262e-01  -1.13340e-01
5.13127e+01  1.00010e+00  8.74733e-02  1.95280e-01  4.78033e-01  -1.07807e-01
5.14174e+01  9.98616e-01  2.05593e-01  3.08804e-01  8.23201e-01  -1.03210e-01
5.15221e+01  9.97161e-01  2.26376e+00  2.36317e+00  6.99011e+00  -9.94118e-02
5.16268e+01  9.95752e-01  -3.63118e-01  -2.66814e-01  -8.96746e-01  -9.63047e-02
5.17316e+01  9.94402e-01  -1.93250e-01  -9.94429e-02  -3.92135e-01  -9.38068e-02
5.18363e+01  9.93127e-01  -1.41544e-01  -4.96890e-02  -2.40922e-01  -9.18554e-02
5.19410e+01  9.91940e-01  -1.16725e-01  -2.63222e-02  -1.69370e-01  -9.04030e-02
5.20457e+01  9.90852e-01  -1.02363e-01  -1.29473e-02  -1.28257e-01  -8.94154e-02
5.21504e+01  9.89875e-01  -9.32131e-02  -4.34421e-03  -1.01902e-01  -8.88689e-02
5.22552e+01  9.89017e-01  -8.70890e-02  1.66101e-03  -8.37670e-02  -8.87500e-02
5.23599e+01  9.88287e-01  -8.29209e-02  6.13311e-03  -7.06546e-02  -8.90540e-02
5.24646e+01  9.87692e-01  -8.01296e-02  9.65527e-03  -6.08191e-02  -8.97849e-02
5.25693e+01  9.87237e-01  -7.83806e-02  1.25752e-02  -5.32303e-02  -9.09558e-02
5.26740e+01  9.86925e-01  -7.74739e-02  1.51154e-02  -4.72431e-02  -9.25892e-02
5.27788e+01  9.86758e-01  -7.72903e-02  1.74281e-02  -4.24341e-02  -9.47183e-02
5.28835e+01  9.86738e-01  -7.77639e-02  1.96246e-02  -3.85147e-02  -9.73885e-02
5.29882e+01  9.86864e-01  -7.88671e-02  2.17926e-02  -3.52820e-02  -1.00660e-01
5.30929e+01  9.87133e-01  -8.06032e-02  2.40068e-02  -3.25896e-02  -1.04610e-01
5.31976e+01  9.87541e-01  -8.30033e-02  2.63368e-02  -3.03297e-02  -1.09340e-01
5.33024e+01  9.88083e-01  -8.61274e-02  2.88531e-02  -2.84211e-02  -1.14980e-01
5.34071e+01  9.88753e-01  -9.00675e-02  3.16328e-02  -2.68020e-02  -1.21700e-01
5.35118e+01  9.89543e-01  -9.49559e-02  3.47657e-02  -2.54244e-02  -1.29722e-01
5.36165e+01  9.90444e-01  -1.00977e-01  3.83629e-02  -2.42509e-02  -1.39340e-01
5.37212e+01  9.91445e-01  -1.08386e-01  4.25673e-02  -2.32517e-02  -1.50954e-01
5.38260e+01  9.92535e-01  -1.17544e-01  4.75705e-02  -2.24032e-02  -1.65115e-01
5.39307e+01  9.93702e-01  -1.28965e-01  5.36391e-02  -2.16865e-02  -1.82604e-01
5.40354e+01  9.94933e-01  -1.43405e-01  6.11591e-02  -2.10864e-02  -2.04564e-01
5.41401e+01  9.96215e-01  -1.62017e-01  7.07132e-02  -2.05906e-02  -2.32730e-01
5.42448e+01  9.97532e-01  -1.86646e-01  8.32282e-02  -2.01891e-02  -2.69874e-01
5.43496e+01  9.98870e-01  -2.20423e-01  1.00275e-01  -1.98741e-02  -3.20698e-01
5.44543e+01  1.00021e+00  -2.69129e-01  1.24745e-01  -1.96393e-02  -3.93874e-01
5.45590e+01  1.00155e+00  -3.44713e-01  1.62617e-01  -1.94800e-02  -5.07330e-01
5.46637e+01  1.00286e+00  -4.76515e-01  2.28561e-01  -1.93923e-02  -7.05076e-01
5.47684e+01  1.00413e+00  -7.60910e-01  3.70768e-01  -1.93738e-02  -1.13168e+00
5.48732e+01  1.00535e+00  -1.80751e+00  8.94046e-01  -1.94229e-02  -2.70156e+00
5.49779e+01  1.00651e+00  5.57446e+00  -2.79700e+00  -1.95388e-02  8.37146e+00
5.50826e+01  1.00758e+00  1.13745e+00  -5.78587e-01  -1.97215e-02  1.71604e+00
5.51873e+01  1.00857e+00  6.48522e-01  -3.34247e-01  -1.99720e-02  9.82769e-01
5.52920e+01  1.00945e+00  4.62065e-01  -2.41179e-01  -2.02920e-02  7.03244e-01
5.53968e+01  1.01021e+00  3.64605e-01  -1.92644e-01  -2.06839e-02  5.57249e-01
5.55015e+01  1.01086e+00  3.05361e-01  -1.63256e-01  -2.11509e-02  4.68617e-01
5.56062e+01  1.01138e+00  2.66071e-01  -1.43884e-01  -2.16973e-02  4.09955e-01
5.57109e+01  1.01177e+00  2.38562e-01  -1.30445e-01  -2.23280e-02  3.69006e-01
5.58156e+01  1.01202e+00  2.18635e-01  -1.20842e-01  -2.30492e-02  3.39477e-01
5.59203e+01  1.01214e+00  2.03920e-01  -1.13894e-01  -2.38678e-02  3.17814e-01
5.60251e+01  1.01211e+00  1.92984e-01  -1.08888e-01  -2.47922e-02  3.01873e-01
5.61298e+01  1.01195e+00  1.84919e-01  -1.05375e-01  -2.58319e-02  2.90294e-01
5.62345e+01  1.01165e+00  1.79126e-01  -1.03062e-01  -2.69982e-02  2.82188e-01
5.63392e+01  1.01122e+00  1.75205e-01  -1.01754e-01  -2.83036e-02  2.76959e-01
5.64439e+01  1.01067e+00  1.72884e-01  -1.01324e-01  -2.97630e-02  2.74208e-01
5.65487e+01  1.01000e+00  1.71985e-01  -1.01689e-01  -3.13930e-02  2.73674e-01
5.66534e+01  1.00922e+00  1.72394e-01  -1.02804e-01  -3.32130e-02  2.75198e-01
5.67581e+01  1.00834e+00  1.74050e-01  -1.04648e-01  -3.52451e-02  2.78698e-01
5.68628e+01  1.00738e+00  1.76934e-01  -1.07224e-01  -3.75146e-02  2.84158e-01
5.69675e+01  1.00634e+00  1.81063e-01  -1.10557e-01  -4.00505e-02  2.91620e-01
5.70723e+01  1.00523e+00  1.86491e-01  -1.14689e-01  -4.28866e-02  3.01180e-01
5.71770e+01  1.00408e+00  1.93305e-01  -1.19683e-01  -4.60615e-02  3.12988e-01
5.72817e+01  1.00289e+00  2.01628e-01  -1.25624e-01  -4.96199e-02  3.27252e-01
5.73864e+01  1.00168e+00  2.11623e-01  -1.32619e-01  -5.36140e-02  3.44242e-01
5.74911e+01  1.00046e+00  2.23498e-01  -1.40801e-01  -5.81048e-02  3.64299e-01
5.75959e+01  9.99242e-01  2.37508e-01  -1.50336e-01  -6.31639e-02  3.87844e-01
5.77006e+01  9.98044e-01  2.53969e-01  -1.61423e-01  -6.88766e-02  4.15392e-01
5.78053e+01  9.96878e-01  2.73263e-01  -1.74304e-01  -7.53449e-02  4.47568e-01
5.79100e+01  9.95756e-01  2.95848e-01  -1.89270e-01  -8.26929e-02  4.85118e-01
5.80147e+01  9.94689e-01  3.22263e-01  -2.06668e-01  -9.10735e-02  5.28932e-01
5.81195e+01  9.93690e-01  3.53141e-01  -2.26910e-01  -1.00678e-01  5.80051e-01
5.82242e+01  9.92769e-01  3.89195e-01  -2.50474e-01  -1.11753e-01  6.39669e-01
5.83289e+01  9.91934e-01  4.31206e-01  -2.77912e-01  -1.24618e-01  7.09118e-01
5.84336e+01  9.91195e-01  4.79967e-01  -3.09835e-01  -1.39703e-01  7.89802e-01
5.85383e+01  9.90558e-01  5.36180e-01  -3.46891e-01  -1.57603e-01  8.83071e-01
5.86431e+01  9.90029e-01  6.00266e-01  -3.89714e-01  -1.79163e-01  9.89980e-01
5.87478e+01  9.89614e-01  6.72047e-01  -4.38840e-01  -2.05634e-01  1.11089e+00
5.88525e+01  9.89316e-01  7.50249e-01  -4.94597e-01  -2.38946e-01  1.24485e+00
5.89572e+01  9.89138e-01  8.31792e-01  -5.57017e-01  -2.82242e-01  1.38881e+00
5.90619e+01  9.89080e-01  9.10863e-01  -6.25934e-01  -3.41004e-01  1.53680e+00
5.91667e+01  9.89143e-01  9.77706e-01  -7.01703e-01  -4.25700e-01  1.67941e+00
5.92714e+01  9.89325e-01  1.01649e+00  -7.87786e-01  -5.59079e-01  1.80428e+00
5.93761e+01  9.89623e-01  9.98146e-01  -8.99863e-01  -8.01580e-01  1.89801e+00
5.94808e+01  9.90034e-01  8.38242e-01  -1.11121e+00  -1.38418e+00  1.94945e+00
5.95855e+01  9.90552e-01  -2.80316e-01  -2.23344e+00  -4.74720e+00  1.95313e+00
5.96903e+01  9.91172e-01  2.42343e+00  5.12500e-01  3.44843e+00  1.91093e+00
5.97950e+01  9.91887e-01  1.64765e+00  -1.83563e-01  1.28052e+00  1.83121e+00
5.98997e+01  9.92687e-01  1.41449e+00  -3.11340e-01  7.91810e-01  1.72583e+00
6.00044e+01  9.93565e-01  1.26326e+00  -3.43605e-01  5.76046e-01  1.60686e+00
6.01091e+01  9.94510e-01  1.14113e+00  -3.43216e-01  4.54696e-01  1.48435e+00
6.02139e+01  9.95511e-01  1.03601e+00  -3.29414e-01  3.77183e-01  1.36543e+00
6.03186e+01  9.96558e-01  9.44207e-01  -3.10263e-01  3.23680e-01  1.25447e+00
6.04233e+01  9.97639e-01  8.64065e-01  -2.89616e-01  2.84834e-01  1.15368e+00
6.05280e+01  9.98742e-01  7.94410e-01  -2.69371e-01  2.55667e-01  1.06378e+00
6.06327e+01  9.99853e-01  7.34158e-01  -2.50431e-01  2.33295e-01  9.84589e-01
6.07375e+01  1.00096e+00  6.82271e-01  -2.33161e-01  2.15948e-01  9.15432e-01
6.08422e+01  1.00206e+00  6.37775e-01  -2.17640e-01  2.02494e-01  8.55416e-01
6.09469e+01  1.00312e+00  5.99792e-01  -2.03798e-01  1.92196e-01  8.03590e-01
6.10516e+01  1.00415e+00  5.67551e-01  -1.91486e-01  1.84578e-01  7.59037e-01
6.11563e+01  1.00512e+00  5.40398e-01  -1.80520e-01  1.79358e-01  7.20918e-01
6.12611e+01  1.00603e+00  5.17797e-01  -1.70695e-01  1.76406e-01  6.88493e-01
6.13658e+01  1.00687e+00  4.99328e-01  -1.61792e-01  1.75743e-01  6.61120e-01
6.14705e+01  1.00763e+00  4.84687e-01  -1.53568e-01  1.77552e-01  6.38255e-01
6.15752e+01  1.00830e+00  4.73705e-01  -1.45737e-01  1.82230e-01  6.19443e-01
6.16799e+01  1.00887e+00  4.66371e-01  -1.37935e-01  1.90501e-01  6.04307e-01
6.17847e+01  1.00934e+00  4.62905e-01  -1.29635e-01  2.03634e-01  5.92540e-01
6.18894e+01  1.00970e+00  4.63906e-01  -1.19993e-01  2.23919e-01  5.83899e-01
6.19941e+01  1.00994e+00  4.70730e-01  -1.07465e-01  2.55801e-01  5.78195e-01
6.20988e+01  1.01008e+00  4.86522e-01  -8.87657e-02  3.08991e-01  5.75288e-01
6.22035e+01  1.01010e+00  5.19810e-01  -5.52721e-02  4.09266e-01  5.75082e-01
6.23083e+01  1.01000e+00  6.03193e-01  2.56696e-02  6.54532e-01  5.77523e-01
6.24130e+01  1.00979e+00  1.07136e+00  4.88771e-01  2.04891e+00  5.82593e-01
6.25177e+01  1.00947e+00  -9.94808e-02  -6.89789e-01  -1.47906e+00  5.90309e-01
6.26224e+01  1.00905e+00  2.30729e-01  -3.69991e-01  -5.09253e-01  6.00719e-01
6.27271e+01  1.00852e+00  3.10422e-01  -3.03483e-01  -2.96544e-01  6.13905e-01
6.28319e+01  1.00790e+00  3.51925e-01  -2.78049e-01  -2.04173e-01  6.29975e-01
6.29366e+01  1.00720e+00  3.81703e-01  -2.67360e-01  -1.53018e-01  6.49063e-01
6.30413e+01  1.00642e+00  4.07281e-01  -2.64046e-01  -1.20810e-01  6.71327e-01
6.31460e+01  1.00557e+00  4.31678e-01  -2.65264e-01  -9.88500e-02  6.96942e-01
6.32507e+01  1.00467e+00  4.56382e-01  -2.69713e-01  -8.30432e-02  7.26095e-01
6.33555e+01  1.00372e+00  4.82244e-01  -2.76727e-01  -7.12102e-02  7.58972e-01
6.34602e+01  1.00274e+00  5.09800e-01  -2.85943e-01  -6.20862e-02  7.95744e-01
6.35649e+01  1.00173e+00  5.39402e-01  -2.97145e-01  -5.48879e-02  8.36547e-01
6.36696e+01  1.00071e+00  5.71268e-01  -3.10187e-01  -4.91049e-02  8.81455e-01
6.37743e+01  9.99685e-01  6.05496e-01  -3.24944e-01  -4.43913e-02  9.30440e-01
6.38791e+01  9.98674e-01  6.42051e-01  -3.41278e-01  -4.05046e-02  9.83329e-01
6.39838e+01  9.97685e-01  6.80741e-01  -3.59006e-01  -3.72705e-02  1.03975e+00
6.40885e+01  9.96729e-01  7.21187e-01  -3.77874e-01  -3.45605e-02  1.09906e+00
6.41932e+01  9.95816e-01  7.62786e-01  -3.97532e-01  -3.22784e-02  1.16032e+00
6.42979e+01  9.94955e-01  8.04684e-01  -4.17518e-01  -3.03513e-02  1.22220e+00
6.44026e+01  9.94156e-01  8.45771e-01  -4.37247e-01  -2.87227e-02  1.28302e+00
6.45074e+01  9.93427e-01  8.84700e-01  -4.56025e-01  -2.73490e-02  1.34072e+00
6.46121e+01  9.92776e-01  9.19960e-01  -4.73078e-01  -2.61964e-02  1.39304e+00
6.47168e+01  9.92209e-01  9.49986e-01  -4.87612e-01  -2.52384e-02  1.43760e+00
6.48215e+01  9.91731e-01  9.73320e-01  -4.98887e-01  -2.44547e-02  1.47221e+00
6.49262e+01  9.91347e-01  9.88784e-01  -5.06307e-01  -2.38299e-02  1.49509e+00
6.50310e+01  9.91061e-01  9.95639e-01  -5.09496e-01  -2.33532e-02  1.50513e+00
6.51357e+01  9.90876e-01  9.93687e-01  -5.08352e-01  -2.30173e-02  1.50204e+00
6.52404e+01  9.90792e-01  9.83296e-01  -5.03057e-01  -2.28188e-02  1.48635e+00
6.53451e+01  9.90810e-01  9.65331e-01  -4.94044e-01  -2.27575e-02  1.45938e+00
6.54498e+01  9.90929e-01  9.41026e-01  -4.81932e-01  -2.28375e-02  1.42296e+00
6.55546e+01  9.91148e-01  9.11814e-01  -4.67440e-01  -2.30667e-02  1.37925e+00
6.56593e+01  9.91463e-01  8.79169e-01  -4.51314e-01  -2.34586e-02  1.33048e+00
6.57640e+01  9.91871e-01  8.44475e-01  -4.34254e-01  -2.40327e-02  1.27873e+00
6.58687e+01  9.92368e-01  8.08934e-01  -4.16876e-01  -2.48175e-02  1.22581e+00
6.59734e+01  9.92946e-01  7.73527e-01  -3.99690e-01  -2.58526e-02  1.17322e+00
6.60782e+01  9.93600e-01  7.39002e-01  -3.83098e-01  -2.71948e-02  1.12210e+00
6.61829e+01  9.94322e-01  7.05886e-01  -3.67406e-01  -2.89255e-02  1.07329e+00
6.62876e+01  9.95104e-01  6.74515e-01  -3.52840e-01  -3.11648e-02  1.02735e+00
6.63923e+01  9.95937e-01  6.45054e-01  -3.39575e-01  -3.40955e-02  9.84628e-01
6.64970e+01  9.96813e-01  6.17520e-01  -3.27764e-01  -3.80087e-02  9.45284e-01
6.66018e+01  9.97720e-01  5.91777e-01  -3.17587e-01  -4.33960e-02  9.09364e-01
6.67065e+01  9.98649e-01  5.67497e-01  -3.09326e-01  -5.11553e-02  8.76823e-01
6.68112e+01  9.99590e-01  5.43998e-01  -3.03557e-01  -6.31161e-02  8.47555e-01
6.69159e+01  1.00053e+00  5.19721e-01  -3.01694e-01  -8.36664e-02  8.21415e-01
6.70206e+01  1.00146e+00  4.89952e-01  -3.08285e-01  -1.26617e-01  7.98237e-01
6.71254e+01  1.00238e+00  4.28635e-01  -3.49207e-01  -2.69779e-01  7.77842e-01
6.72301e+01  1.00326e+00  1.06878e+00  3.08726e-01  1.68623e+00  7.60051e-01
6.73348e+01  1.00410e+00  5.63497e-01  -1.81186e-01  2.01124e-01  7.44683e-01
6.74395e+01  1.00489e+00  5.23173e-01  -2.08392e-01  1.06389e-01  7.31565e-01
6.75442e+01  1.00563e+00  5.04429e-01  -2.16097e-01  7.22357e-02  7.20525e-01
6.76490e+01  1.00630e+00  4.92510e-01  -2.18890e-01  5.47297e-02  7.11400e-01
6.77537e+01  1.00689e+00  4.84068e-01  -2.19960e-01  4.41491e-02  7.04028e-01
6.78584e+01  1.00740e+00  4.77871e-01  -2.20380e-01  3.71100e-02  6.98251e-01
6.79631e+01  1.00783e+00  4.73318e-01  -2.20596e-01  3.21259e-02  6.93914e-01
6.80678e+01  1.00817e+00  4.70054e-01  -2.20806e-01  2.84419e-02  6.90860e-01
6.81726e+01  1.00841e+00  4.67831e-01  -2.21099e-01  2.56342e-02  6.88930e-01
6.82773e+01  1.00856e+00  4.66456e-01  -2.21505e-01  2.34472e-02  6.87961e-01
6.83820e+01  1.00861e+00  4.65764e-01  -2.22023e-01  2.17175e-02  6.87787e-01
6.84867e+01  1.00856e+00  4.65602e-01  -2.22633e-01  2.03368e-02  6.88235e-01
6.85914e+01  1.00841e+00  4.65830e-01  -2.23300e-01  1.92304e-02  6.89130e-01
6.86962e+01  1.00817e+00  4.66309e-01  -2.23982e-01  1.83457e-02  6.90291e-01
6.88009e+01  1.00784e+00  4.66906e-01  -2.24631e-01  1.76452e-02  6.91537e-01
6.89056e+01  1.00742e+00  4.67493e-01  -2.25196e-01  1.71016e-02  6.92689e-01
6.90103e+01  1.00692e+00  4.67948e-01  -2.25626e-01  1.66956e-02  6.93575e-01
6.91150e+01  1.00635e+00  4.68160e-01  -2.25873e-01  1.64135e-02  6.94034e-01
6.92198e+01  1.00571e+00  4.68031e-01  -2.25892e-01  1.62466e-02  6.93924e-01
6.93245e+01  1.00500e+00  4.67481e-01  -2.25645e-01  1.61897e-02  6.93126e-01
6.94292e+01  1.00425e+00  4.66448e-01  -2.25103e-01  1.62416e-02  6.91552e-01
6.95339e+01  1.00345e+00  4.64900e-01  -2.24248e-01  1.64043e-02  6.89147e-01
6.96386e+01  1.00261e+00  4.62826e-01  -2.23071e-01  1.66835e-02  6.85897e-01
6.97434e+01  1.00176e+00  4.60248e-01  -2.21579e-01  1.70890e-02  6.81827e-01
6.98481e+01  1.00089e+00  4.57214e-01  -2.19789e-01  1.76356e-02  6.77004e-01
6.99528e+01  1.00001e+00  4.53803e-01  -2.17729e-01  1.83441e-02  6.71532e-01
7.00575e+01  9.99139e-01  4.50118e-01  -2.15437e-01  1.92438e-02  6.65554e-01
7.01622e+01  9.98283e-01  4.46287e-01  -2.12956e-01  2.03752e-02  6.59243e-01
7.02670e+01  9.97452e-01  4.42463e-01  -2.10334e-01  2.17953e-02  6.52797e-01
7.03717e+01  9.96654e-01  4.38821e-01  -2.07618e-01  2.35854e-02  6.46438e-01
7.04764e+01  9.95898e-01  4.35558e-01  -2.04847e-01  2.58643e-02  6.40404e-01
7.05811e+01  9.95192e-01  4.32903e-01  -2.02045e-01  2.88126e-02  6.34948e-01
7.06858e+01  9.94544e-01  4.31130e-01  -1.99207e-01  3.27159e-02  6.30337e-01
7.07906e+01  9.93959e-01  4.30587e-01  -1.96266e-01  3.80537e-02  6.26853e-01
7.08953e+01  9.93445e-01  4.31766e-01  -1.93035e-01  4.56956e-02  6.24800e-01
7.10000e+01  9.93006e-01  4.35472e-01  -1.89039e-01  5.73946e-02  6.24511e-01
7.11047e+01  9.92647e-01  4.43336e-01  -1.83024e-01  7.72874e-02  6.26360e-01
7.12094e+01  9.92371e-01  4.59862e-01  -1.70922e-01  1.18017e-01  6.30784e-01
7.13142e+01  9.92181e-01  5.07430e-01  -1.30880e-01  2.45670e-01  6.38310e-01
7.14189e+01  9.92078e-01  -1.03897e+00  -1.68857e+00  -4.41611e+00  6.49598e-01
7.15236e+01  9.92063e-01  3.67469e-01  -2.98034e-01  -2.28598e-01  6.65503e-01
7.16283e+01  9.92136e-01  4.18102e-01  -2.69065e-01  -1.20028e-01  6.87168e-01
7.17330e+01  9.92296e-01  4.49804e-01  -2.66375e-01  -8.29462e-02  7.16179e-01
7.18378e+01  9.92540e-01  4.81717e-01  -2.73098e-01  -6.44797e-02  7.54816e-01
7.19425e+01  9.92865e-01  5.19789e-01  -2.86701e-01  -5.36139e-02  8.06491e-01
7.20472e+01  9.93268e-01  5.68836e-01  -3.07728e-01  -4.66203e-02  8.76564e-01
7.21519e+01  9.93745e-01  6.35349e-01  -3.38622e-01  -4.18938e-02  9.73971e-01
7.22566e+01  9.94288e-01  7.30323e-01  -3.84480e-01  -3.86373e-02  1.11480e+00
7.23614e+01  9.94893e-01  8.75363e-01  -4.55891e-01  -3.64185e-02  1.33125e+00
7.24661e+01  9.95553e-01  1.12063e+00  -5.77813e-01  -3.49931e-02  1.69845e+00
7.25708e+01  9.96259e-01  1.61640e+00  -8.25314e-01  -3.42263e-02  2.44172e+00
7.26755e+01  9.97005e-01  3.11322e+00  -1.57364e+00  -3.40558e-02  4.68685e+00
7.27802e+01  9.97781e-01  2.83914e+03  -1.41959e+03  -3.44780e-02  4.25873e+03
7.28849e+01  9.98580e-01  -2.91470e+00  1.43958e+00  -3.55478e-02  -4.35428e+00
7.29897e+01  9.99392e-01  -1.41309e+00  6.87848e-01  -3.73948e-02  -2.10094e+00
7.30944e+01  1.00021e+00  -9.16507e-01  4.38122e-01  -4.02626e-02  -1.35463e+00
7.31991e+01  1.00102e+00  -6.71246e-01  3.13324e-01  -4.45982e-02  -9.84569e-01
7.33038e+01  1.00182e+00  -5.26962e-01  2.37851e-01  -5.12602e-02  -7.64813e-01
7.34085e+01  1.00259e+00  -4.34080e-01  1.86001e-01  -6.20772e-02  -6.20082e-01
7.35133e+01  1.00333e+00  -3.72646e-01  1.45484e-01  -8.16781e-02  -5.18130e-01
7.36180e+01  1.00403e+00  -3.37244e-01  1.05602e-01  -1.26041e-01  -4.42846e-01
7.37227e+01  1.00469e+00  -3.60759e-01  2.45277e-02  -3.11703e-01  -3.85286e-01
7.38274e+01  1.00529e+00  -5.15874e-02  2.88503e-01  5.25419e-01  -3.40090e-01
7.39321e+01  1.00582e+00  -1.57315e-01  1.46538e-01  1.35761e-01  -3.03853e-01
7.40369e+01  1.00629e+00  -1.57509e-01  1.16801e-01  7.60918e-02  -2.74310e-01
7.41416e+01  1.00669e+00  -1.49227e-01  1.00668e-01  5.21084e-02  -2.49895e-01
7.42463e+01  1.00701e+00  -1.39909e-01  8.95868e-02  3.92642e-02  -2.29496e-01
7.43510e+01  1.00725e+00  -1.31094e-01  8.12063e-02  3.13192e-02  -2.12300e-01
7.44557e+01  1.00740e+00  -1.23147e-01  7.45522e-02  2.59570e-02  -1.97700e-01
7.45605e+01  1.00748e+00  -1.16116e-01  6.91185e-02  2.21207e-02  -1.85235e-01
7.46652e+01  1.00746e+00  -1.09947e-01  6.46034e-02  1.92596e-02  -1.74551e-01
7.47699e+01  1.00737e+00  -1.04560e-01  6.08094e-02  1.70588e-02  -1.65369e-01
7.48746e+01  1.00719e+00  -9.98730e-02  5.75993e-02  1.53256e-02  -1.57472e-01
7.49793e+01  1.00692e+00  -9.58119e-02  5.48738e-02  1.39357e-02  -1.50686e-01
7.50841e+01  1.00659e+00  -9.23119e-02  5.25586e-02  1.28053e-02  -1.44870e-01
7.51888e+01  1.00618e+00  -8.93182e-02  5.05971e-02  1.18760e-02  -1.39915e-01
7.52935e+01  1.00570e+00  -8.67853e-02  4.89457e-02  1.11060e-02  -1.35731e-01
7.53982e+01  1.00516e+00  -8.46765e-02  4.75707e-02  1.04648e-02  -1.32247e-01
7.55029e+01  1.00456e+00  -8.29626e-02  4.64461e-02  9.92969e-03  -1.29409e-01
7.56077e+01  1.00392e+00  -8.16213e-02  4.55523e-02  9.48333e-03  -1.27174e-01
7.57124e+01  1.00324e+00  -8.06371e-02  4.48748e-02  9.11259e-03  -1.25512e-01
7.58171e+01  1.00252e+00  -8.00005e-02  4.44039e-02  8.80738e-03  -1.24404e-01
7.59218e+01  1.00178e+00  -7.97084e-02  4.41342e-02  8.55995e-03  -1.23843e-01
7.60265e+01  1.00102e+00  -7.97637e-02  4.40640e-02  8.36440e-03  -1.23828e-01
7.61313e+01  1.00026e+00  -8.01762e-02  4.41963e-02  8.21632e-03  -1.24372e-01
7.62360e+01  9.99493e-01  -8.09631e-02  4.45378e-02  8.11257e-03  -1.25501e-01
7.63407e+01  9.98739e-01  -8.21500e-02  4.51006e-02  8.05110e-03  -1.27251e-01
7.64454e+01  9.98004e-01  -8.37729e-02  4.59019e-02  8.03086e-03  -1.29675e-01
7.65501e+01  9.97295e-01  -8.58800e-02  4.69659e-02  8.05175e-03  -1.32846e-01
7.66549e+01  9.96619e-01  -8.85356e-02  4.83251e-02  8.11463e-03  -1.36861e-01
7.67596e+01  9.95985e-01  -9.18244e-02  5.00229e-02  8.22139e-03  -1.41847e-01
7.68643e+01  9.95399e-01  -9.58584e-02  5.21167e-02  8.37508e-03  -1.47975e-01
7.69690e+01  9.94866e-01  -1.00787e-01  5.46835e-02  8.58010e-03  -1.55470e-01
7.70737e+01  9.94393e-01  -1.06812e-01  5.78272e-02  8.84250e-03  -1.64639e-01
7.71785e+01  9.93985e-01  -1.14211e-01  6.16906e-02  9.17047e-03  -1.75901e-01
7.72832e+01  9.93645e-01  -1.23374e-01  6.64745e-02  9.57493e-03  -1.89849e-01
7.73879e+01  9.93377e-01  -1.34867e-01  7.24686e-02  1.00706e-02  -2.07335e-01
7.74926e+01  9.93184e-01  -1.49535e-01  8.01062e-02  1.06772e-02  -2.29642e-01
7.75973e+01  9.93067e-01  -1.68707e-01  9.00647e-02  1.14221e-02  -2.58772e-01
7.77021e+01  9.93027e-01  -1.94583e-01  1.03463e-01  1.23436e-02  -2.98046e-01
7.78068e+01  9.93064e-01  -2.31088e-01  1.22293e-01  1.34969e-02  -3.53381e-01
7.79115e+01  9.93178e-01  -2.85975e-01  1.50470e-01  1.49641e-02  -4.36445e-01
7.80162e+01  9.93368e-01  -3.76956e-01  1.96914e-01  1.68729e-02  -5.73870e-01
7.81209e+01  9.93630e-01  -5.55212e-01  2.87323e-01  1.94332e-02  -8.42535e-01
7.82257e+01  9.93961e-01  -1.05481e+00  5.38911e-01  2.30139e-02  -1.59372e+00
7.83304e+01  9.94359e-01  -9.86968e+00  4.94901e+00  2.83305e-02  -1.48187e+01
7.84351e+01  9.94817e-01  1.37337e+00  -6.68196e-01  3.69734e-02  2.04156e+00
7.85398e+01  9.95332e-01  6.58035e-01  -3.02350e-01  5.33342e-02  9.60385e-01
7.86445e+01  9.95897e-01  4.52841e-01  -1.78611e-01  9.56182e-02  6.31452e-01
7.87493e+01  9.96505e-01  4.65346e-01  -7.70106e-03  4.49944e-01  4.73047e-01
7.88540e+01  9.97151e-01  1.97146e-01  -1.83199e-01  -1.69253e-01  3.80345e-01
7.89587e+01  9.97827e-01  1.89226e-01  -1.30619e-01  -7.20131e-02  3.19845e-01
7.90634e+01  9.98525e-01  1.69634e-01  -1.07895e-01  -4.61562e-02  2.77529e-01
7.91681e+01  9.99237e-01  1.52919e-01  -9.35815e-02  -3.42441e-02  2.46500e-01
7.92729e+01  9.99955e-01  1.39504e-01  -8.34678e-02  -2.74315e-02  2.22972e-01
7.93776e+01  1.00067e+00  1.28779e-01  -7.59147e-02  -2.30500e-02  2.04694e-01
7.94823e+01  1.00138e+00  1.20160e-01  -7.00889e-02  -2.00179e-02  1.90249e-01
7.95870e+01  1.00207e+00  1.13194e-01  -6.55041e-02  -1.78140e-02  1.78698e-01
7.96917e+01  1.00273e+00  1.07549e-01  -6.18523e-02  -1.61560e-02  1.69401e-01
7.97965e+01  1.00337e+00  1.02976e-01  -5.89272e-02  -1.48781e-02  1.61903e-01
7.99012e+01  1.00396e+00  9.92939e-02  -5.65853e-02  -1.38767e-02  1.55879e-01
8.00059e+01  1.00450e+00  9.63641e-02  -5.47239e-02  -1.30838e-02  1.51088e-01
8.01106e+01  1.00500e+00  9.40834e-02  -5.32682e-02  -1.24531e-02  1.47352e-01
8.02153e+01  1.00543e+00  9.23738e-02  -5.21630e-02  -1.19523e-02  1.44537e-01
8.03201e+01  1.00581e+00  9.11768e-02  -5.13674e-02  -1.15581e-02  1.42544e-01
8.04248e+01  1.00611e+00  9.04489e-02  -5.08513e-02  -1.12536e-02  1.41300e-01
8.05295e+01  1.00635e+00  9.01592e-02  -5.05928e-02  -1.10264e-02  1.40752e-01
8.06342e+01  1.00651e+00  9.02866e-02  -5.05769e-02  -1.08672e-02  1.40863e-01
8.07389e+01  1.00660e+00  9.08186e-02  -5.07940e-02  -1.07695e-02  1.41613e-01
8.08437e+01  1.00662e+00  9.17503e-02  -5.12393e-02  -1.07284e-02  1.42990e-01
8.09484e+01  1.00655e+00  9.30834e-02  -5.19120e-02  -1.07406e-02  1.44995e-01
8.10531e+01  1.00642e+00  9.48260e-02  -5.28152e-02  -1.08043e-02  1.47641e-01
8.11578e+01  1.00621e+00  9.69922e-02  -5.39554e-02  -1.09185e-02  1.50948e-01
8.12625e+01  1.00594e+00  9.96021e-02  -5.53426e-02  -1.10832e-02  1.54945e-01
8.13672e+01  1.00560e+00  1.02681e-01  -5.69905e-02  -1.12995e-02  1.59672e-01
8.14720e+01  1.00519e+00  1.06262e-01  -5.89157e-02  -1.15691e-02  1.65178e-01
8.15767e+01  1.00473e+00  1.10382e-01  -6.11386e-02  -1.18949e-02  1.71521e-01
8.16814e+01  1.00422e+00  1.15086e-01  -6.36832e-02  -1.22804e-02  1.78769e-01
8.17861e+01  1.00367e+00  1.20423e-01  -6.65766e-02  -1.27301e-02  1.87000e-01
8.18908e+01  1.00307e+00  1.26450e-01  -6.98499e-02  -1.32497e-02  1.96300e-01
8.19956e+01  1.00245e+00  1.33228e-01  -7.35370e-02  -1.38457e-02  2.06765e-01
8.21003e+01  1.00180e+00  1.40823e-01  -7.76747e-02  -1.45260e-02  2.18498e-01
8.22050e+01  1.00113e+00  1.49303e-01  -8.23014e-02  -1.53000e-02  2.31604e-01
8.23097e+01  1.00045e+00  1.58734e-01  -8.74560e-02  -1.61784e-02  2.46190e-01
8.24144e+01  9.99770e-01  1.69178e-01  -9.31755e-02  -1.71735e-02  2.62353e-01
8.25192e+01  9.99097e-01  1.80684e-01  -9.94916e-02  -1.82996e-02  2.80175e-01
8.26239e+01  9.98436e-01  1.93279e-01  -1.06426e-01  -1.95730e-02  2.99705e-01
8.27286e+01  9.97796e-01  2.06958e-01  -1.13985e-01  -2.10119e-02  3.20943e-01
8.28333e+01  9.97184e-01  2.21664e-01  -1.22151e-01  -2.26370e-02  3.43815e-01
8.29380e+01  9.96606e-01  2.37274e-01  -1.30872e-01  -2.44707e-02  3.68147e-01
8.30428e+01  9.96068e-01  2.53576e-01  -1.40057e-01  -2.65373e-02  3.93633e-01
8.31475e+01  9.95576e-01  2.70254e-01  -1.49558e-01  -2.88624e-02  4.19813e-01
8.32522e+01  9.95136e-01  2.86878e-01  -1.59175e-01  -3.14718e-02  4.46052e-01
8.33569e+01  9.94751e-01  3.02902e-01  -1.68646e-01  -3.43898e-02  4.71547e-01
8.34616e+01  9.94426e-01  3.17691e-01  -1.77664e-01  -3.76369e-02  4.95356e-01
8.35664e+01  9.94165e-01  3.30568e-01  -1.85898e-01  -4.12267e-02  5.16466e-01
8.36711e+01  9.93969e-01  3.40879e-01  -1.93020e-01  -4.51614e-02  5.33900e-01
8.37758e+01  9.93840e-01  3.48079e-01  -1.98753e-01  -4.94265e-02  5.46831e-01
8.38805e+01  9.93781e-01  3.51807e-01  -2.02896e-01  -5.39859e-02  5.54704e-01
8.39852e+01  9.93790e-01  3.51948e-01  -2.05362e-01  -5.87766e-02  5.57311e-01
8.40900e+01  9.93869e-01  3.48646e-01  -2.06176e-01  -6.37064e-02  5.54822e-01
8.41947e+01  9.94015e-01  3.42277e-01  -2.05466e-01  -6.86549e-02  5.47743e-01
8.42994e+01  9.94226e-01  3.33395e-01  -2.03438e-01  -7.34805e-02  5.36833e-01
8.44041e+01  9.94502e-01  3.22648e-01  -2.00341e-01  -7.80335e-02  5.22989e-01
8.45088e+01  9.94837e-01  3.10702e-01  -1.96438e-01  -8.21741e-02  5.07140e-01
8.46136e+01  9.95229e-01  2.98177e-01  -1.91984e-01  -8.57921e-02  4.90161e-01
8.47183e+01  9.95673e-01  2.85604e-01  -1.87214e-01  -8.88241e-02  4.72818e-01
8.48230e+01  9.96163e-01  2.73405e-01  -1.82334e-01  -9.12631e-02  4.55739e-01
8.49277e+01  9.96695e-01  2.61893e-01  -1.77526e-01  -9.31596e-02  4.39419e-01
8.50324e+01  9.97262e-01  2.51280e-01  -1.72948e-01  -9.46147e-02  4.24228e-01
8.51372e+01  9.97858e-01  2.41699e-01  -1.68733e-01  -9.57679e-02  4.10432e-01
8.52419e+01  9.98477e-01  2.33220e-01  -1.65002e-01  -9.67847e-02  3.98223e-01
8.53466e+01  9.99111e-01  2.25874e-01  -1.61861e-01  -9.78472e-02  3.87734e-01
8.54513e+01  9.99753e-01  2.19664e-01  -1.59407e-01  -9.91506e-02  3.79071e-01
8.55560e+01  1.00040e+00  2.14579e-01  -1.57742e-01  -1.00906e-01  3.72321e-01
8.56608e+01  1.00103e+00  2.10602e-01  -1.56977e-01  -1.03352e-01  3.67579e-01
8.57655e+01  1.00166e+00  2.07714e-01  -1.57246e-01  -1.06779e-01  3.64960e-01
8.58702e+01  1.00226e+00  2.05888e-01  -1.58729e-01  -1.11569e-01  3.64616e-01
8.59749e+01  1.00284e+00  2.05084e-01  -1.61676e-01  -1.18267e-01  3.66760e-01
8.60796e+01  1.00338e+00  2.05222e-01  -1.66467e-01  -1.27713e-01  3.71689e-01
8.61844e+01  1.00389e+00  2.06111e-01  -1.73711e-01  -1.41311e-01  3.79822e-01
8.62891e+01  1.00435e+00  2.07291e-01  -1.84466e-01  -1.61640e-01  3.91757e-01
8.63938e+01  1.00476e+00  2.07558e-01  -2.00795e-01  -1.94032e-01  4.08354e-01
8.64985e+01  1.00511e+00  2.03374e-01  -2.27502e-01  -2.51630e-01  4.30875e-01
8.66032e+01  1.00541e+00  1.81497e-01  -2.79738e-01  -3.77978e-01  4.61234e-01
8.67080e+01  1.00564e+00  4.97814e-02  -4.52655e-01  -8.55529e-01  5.02437e-01
8.68127e+01  1.00581e+00  1.10785e+00  5.48385e-01  2.20462e+00  5.59465e-01
8.69174e+01  1.00591e+00  5.77812e-01  -6.33574e-02  4.51097e-01  6.41169e-01
8.70221e+01  1.00595e+00  5.90948e-01  -1.73929e-01  2.43090e-01  7.64877e-01
8.71268e+01  1.00592e+00  7.00758e-01  -2.68880e-01  1.62998e-01  9.69638e-01
8.72316e+01  1.00582e+00  9.50737e-01  -4.14906e-01  1.20925e-01  1.36564e+00
8.73363e+01  1.00566e+00  1.65257e+00  -7.78684e-01  9.51993e-02  2.43125e+00
8.74410e+01  1.00543e+00  9.58198e+00  -4.75200e+00  7.79777e-02  1.43340e+01
8.75457e+01  1.00514e+00  -2.26981e+00  1.16777e+00  6.57339e-02  -3.43759e+00
8.76504e+01  1.00480e+00  -9.77596e-01  5.17123e-01  5.66495e-02  -1.49472e+00
8.77552e+01  1.00440e+00  -6.10731e-01  3.30212e-01  4.96924e-02  -9.40942e-01
8.78599e+01  1.00396e+00  -4.38726e-01  2.41480e-01  4.42342e-02  -6.80206e-01
8.79646e+01  1.00347e+00  -3.39623e-01  1.89747e-01  3.98708e-02  -5.29370e-01
8.80693e+01  1.00295e+00  -2.75592e-01  1.55962e-01  3.63313e-02  -4.31554e-01
8.81740e+01  1.00239e+00  -2.31078e-01  1.32252e-01  3.34272e-02  -3.63330e-01
8.82788e+01  1.00181e+00  -1.98517e-01  1.14771e-01  3.10241e-02  -3.13288e-01
8.83835e+01  1.00122e+00  -1.73796e-01  1.01410e-01  2.90238e-02  -2.75206e-01
8.84882e+01  1.00061e+00  -1.54487e-01  9.09201e-02  2.73529e-02  -2.45407e-01
8.85929e+01  9.99994e-01  -1.39067e-01  8.25114e-02  2.59563e-02  -2.21578e-01
8.86976e+01  9.99383e-01  -1.26531e-01  7.56613e-02  2.47916e-02  -2.02192e-01
8.88024e+01  9.98782e-01  -1.16194e-01  7.00100e-02  2.38264e-02  -1.86204e-01
8.89071e+01  9.98197e-01  -1.07569e-01  6.53022e-02  2.30355e-02  -1.72871e-01
8.90118e+01  9.97635e-01  -1.00304e-01  6.13521e-02  2.23999e-02  -1.61656e-01
8.91165e+01  9.97101e-01  -9.41377e-02  5.80213e-02  2.19050e-02  -1.52159e-01
8.92212e+01  9.96601e-01  -8.88709e-02  5.52055e-02  2.15401e-02  -1.44076e-01
8.93260e+01  9.96141e-01  -8.43509e-02  5.28246e-02  2.12982e-02  -1.37175e-01
8.94307e+01  9.95726e-01  -8.04580e-02  5.08165e-02  2.11750e-02  -1.31275e-01
8.95354e+01  9.95360e-01  -7.70975e-02  4.91334e-02  2.11692e-02  -1.26231e-01
8.96401e+01  9.95047e-01  -7.41930e-02  4.77377e-02  2.12823e-02  -1.21931e-01
8.97448e+01  9.94790e-01  -7.16826e-02  4.66007e-02  2.15188e-02  -1.18283e-01
8.98495e+01  9.94591e-01  -6.95149e-02  4.57007e-02  2.18866e-02  -1.15216e-01
8.99543e+01  9.94454e-01  -6.76471e-02  4.50222e-02  2.23974e-02  -1.12669e-01
9.00590e+01  9.94378e-01  -6.60424e-02  4.45551e-02  2.30678e-02  -1.10598e-01
9.01637e+01  9.94365e-01  -6.46687e-02  4.42946e-02  2.39205e-02  -1.08963e-01
9.02684e+01  9.94414e-01  -6.34964e-02  4.42412e-02  2.49860e-02  -1.07738e-01
9.03731e+01  9.94526e-01  -6.24972e-02  4.44014e-02  2.63056e-02  -1.06899e-01
9.04779e+01  9.94697e-01  -6.16418e-02  4.47888e-02  2.79358e-02  -1.06431e-01
9.05826e+01  9.94927e-01  -6.08975e-02  4.54262e-02  2.99549e-02  -1.06324e-01
9.06873e+01  9.95213e-01  -6.02242e-02  4.63489e-02  3.24735e-02  -1.06573e-01
9.07920e+01  9.95551e-01  -5.95687e-02  4.76106e-02  3.56525e-02  -1.07179e-01
9.08967e+01  9.95938e-01  -5.88536e-02  4.92940e-02  3.97345e-02  -1.08148e-01
9.10015e+01  9.96369e-01  -5.79586e-02  5.15301e-02  4.51015e-02  -1.09489e-01
9.11062e+01  9.96840e-01  -5.66821e-02  5.45366e-02  5.23910e-02  -1.11219e-01
9.12109e+01  9.97344e-01  -5.46563e-02  5.87033e-02  6.27504e-02  -1.13360e-01
9.13156e+01  9.97877e-01  -5.11366e-02  6.48039e-02  7.84712e-02  -1.15940e-01
9.14203e+01  9.98433e-01  -4.43703e-02  7.46276e-02  1.04885e-01  -1.18998e-01
9.15251e+01  9.99005e-01  -2.90866e-02  9.34909e-02  1.57895e-01  -1.22578e-01
9.16298e+01  9.99587e-01  2.08126e-02  1.47549e-01  3.15910e-01  -1.26736e-01
9.17345e+01  1.00017e+00  5.95956e+00  6.09110e+00  1.81418e+01  -1.31543e-01
9.18392e+01  1.00075e+00  -2.03476e-01  -6.63901e-02  -3.36256e-01  -1.37086e-01
9.19439e+01  1.00133e+00  -1.52156e-01  -8.68572e-03  -1.69528e-01  -1.43471e-01
9.20487e+01  1.00188e+00  -1.38879e-01  1.19515e-02  -1.14976e-01  -1.50831e-01
9.21534e+01  1.00242e+00  -1.35592e-01  2.37412e-02  -8.81099e-02  -1.59333e-01
9.22581e+01  1.00292e+00  -1.36887e-01  3.23048e-02  -7.22773e-02  -1.69192e-01
9.23628e+01  1.00339e+00  -1.41107e-01  3.95715e-02  -6.19642e-02  -1.80679e-01
9.24675e+01  1.00383e+00  -1.47706e-01  4.64439e-02  -5.48187e-02  -1.94150e-01
9.25723e+01  1.00421e+00  -1.56610e-01  5.34695e-02  -4.96707e-02  -2.10079e-01
9.26770e+01  1.00455e+00  -1.68028e-01  6.10767e-02  -4.58746e-02  -2.29105e-01
9.27817e+01  1.00484e+00  -1.82425e-01  6.96889e-02  -4.30476e-02  -2.52114e-01
9.28864e+01  1.00507e+00  -2.00566e-01  7.98077e-02  -4.09502e-02  -2.80373e-01
9.29911e+01  1.00525e+00  -2.23643e-01  9.21078e-02  -3.94278e-02  -3.15751e-01
9.30959e+01  1.00536e+00  -2.53545e-01  1.07583e-01  -3.83789e-02  -3.61128e-01
9.32006e+01  1.00542e+00  -2.93369e-01  1.27816e-01  -3.77373e-02  -4.21184e-01
9.33053e+01  1.00541e+00  -3.48528e-01  1.55533e-01  -3.74623e-02  -5.04061e-01
9.34100e+01  1.00534e+00  -4.29369e-01  1.95919e-01  -3.75324e-02  -6.25288e-01
9.35147e+01  1.00521e+00  -5.58387e-01  2.60222e-01  -3.79424e-02  -8.18610e-01
9.36195e+01  1.00503e+00  -7.95413e-01  3.78355e-01  -3.87024e-02  -1.17377e+00
9.37242e+01  1.00479e+00  -1.36993e+00  6.65047e-01  -3.98385e-02  -2.03498e+00
9.38289e+01  1.00449e+00  -4.74633e+00  2.35247e+00  -4.13948e-02  -7.09880e+00
9.39336e+01  1.00414e+00  3.33902e+00  -1.69123e+00  -4.34384e-02  5.03025e+00
9.40383e+01  1.00375e+00  1.25010e+00  -6.48085e-01  -4.60670e-02  1.89819e+00
9.41431e+01  1.00332e+00  7.74827e-01  -4.12124e-01  -4.94216e-02  1.18695e+00
9.42478e+01  1.00285e+00  5.64236e-01  -3.08972e-01  -5.37081e-02  8.73207e-01
9.43525e+01  1.00236e+00  4.45030e-01  -2.52132e-01  -5.92336e-02  6.97162e-01
9.44572e+01  1.00183e+00  3.67808e-01  -2.17140e-01  -6.64720e-02  5.84948e-01
9.45619e+01  1.00129e+00  3.12966e-01  -1.94578e-01  -7.61904e-02  5.07545e-01
9.46667e+01  1.00074e+00  2.70918e-01  -1.80314e-01  -8.97098e-02  4.51232e-01
9.47714e+01  1.00018e+00  2.35954e-01  -1.72731e-01  -1.09508e-01  4.08685e-01
9.48761e+01  9.99619e-01  2.03484e-01  -1.72156e-01  -1.40827e-01  3.75639e-01
9.49808e+01  9.99065e-01  1.67295e-01  -1.82152e-01  -1.97009e-01  3.49447e-01
9.50855e+01  9.98524e-01  1.10621e-01  -2.17758e-01  -3.24895e-01  3.28379e-01
9.51903e+01  9.98001e-01  -8.81560e-02  -3.99420e-01  -8.86997e-01  3.11264e-01
9.52950e+01  9.97502e-01  6.39107e-01  3.41825e-01  1.32276e+00  2.97282e-01
9.53997e+01  9.97033e-01  3.21095e-01  3.52528e-02  3.91601e-01  2.85843e-01
9.55044e+01  9.96598e-01  2.62814e-01  -1.37048e-02  2.35405e-01  2.76519e-01
9.56091e+01  9.96203e-01  2.36574e-01  -3.24208e-02  1.71732e-01  2.68995e-01
9.57139e+01  9.95851e-01  2.21246e-01  -4.17905e-02  1.37665e-01  2.63036e-01
9.58186e+01  9.95546e-01  2.11264e-01  -4.72073e-02  1.16850e-01  2.58472e-01
9.59233e+01  9.95292e-01  2.04506e-01  -5.06727e-02  1.03160e-01  2.55179e-01
9.60280e+01  9.95091e-01  1.99981e-01  -5.30928e-02  9.37957e-02  2.53074e-01
9.61327e+01  9.94945e-01  1.97175e-01  -5.49342e-02  8.73064e-02  2.52109e-01
9.62375e+01  9.94856e-01  1.95804e-01  -5.64611e-02  8.28822e-02  2.52266e-01
9.63422e+01  9.94824e-01  1.95720e-01  -5.78346e-02  8.00510e-02  2.53555e-01
9.64469e+01  9.94849e-01  1.96859e-01  -5.91595e-02  7.85399e-02  2.56019e-01
9.65516e+01  9.94932e-01  1.99223e-01  -6.05083e-02  7.82065e-02  2.59732e-01
9.66563e+01  9.95070e-01  2.02873e-01  -6.19333e-02  7.90068e-02  2.64807e-01
9.67611e+01  9.95263e-01  2.07931e-01  -6.34728e-02  8.09850e-02  2.71403e-01
9.68658e+01  9.95509e-01  2.14587e-01  -6.51531e-02  8.42804e-02  2.79740e-01
9.69705e+01  9.95803e-01  2.23126e-01  -6.69853e-02  8.91550e-02  2.90111e-01
9.70752e+01  9.96144e-01  2.33962e-01  -6.89555e-02  9.60509e-02  3.02917e-01
9.71799e+01  9.96527e-01  2.47706e-01  -7.10004e-02  1.05705e-01  3.18707e-01
9.72847e+01  9.96948e-01  2.65290e-01  -7.29507e-02  1.19389e-01  3.38241e-01
9.73894e+01  9.97402e-01  2.88213e-01  -7.43907e-02  1.39432e-01  3.62604e-01
9.74941e+01  9.97884e-01  3.19112e-01  -7.42717e-02  1.70568e-01  3.93384e-01
9.75988e+01  9.98389e-01  3.63337e-01  -6.96582e-02  2.24021e-01  4.32995e-01
9.77035e+01  9.98911e-01  4.34951e-01  -5.03414e-02  3.34268e-01  4.85292e-01
9.78083e+01  9.99444e-01  5.99081e-01  4.22718e-02  6.83625e-01  5.56810e-01
9.79130e+01  9.99982e-01  -2.72330e+00  -3.38288e+00  -9.48905e+00  6.59579e-01
9.80177e+01  1.00052e+00  3.49024e-01  -4.69404e-01  -5.89785e-01  8.18428e-01
9.81224e+01  1.00105e+00  6.28104e-01  -4.66015e-01  -3.03926e-01  1.09412e+00
9.82271e+01  1.00157e+00  1.05503e+00  -6.30133e-01  -2.05237e-01  1.68516e+00
9.83319e+01  1.00207e+00  2.50044e+00  -1.32804e+00  -1.55639e-01  3.82848e+00
9.84366e+01  1.00254e+00  -8.21920e+00  4.04656e+00  -1.26070e-01  -1.22658e+01
9.85413e+01  1.00299e+00  -1.57333e+00  7.33347e-01  -1.06634e-01  -2.30668e+00
9.86460e+01  1.00340e+00  -8.71239e-01  3.89097e-01  -9.30441e-02  -1.26034e+00
9.87507e+01  1.00377e+00  -6.02516e-01  2.59687e-01  -8.31417e-02  -8.62203e-01
9.88554e+01  1.00410e+00  -4.60654e-01  1.92464e-01  -7.57259e-02  -6.53119e-01
9.89602e+01  1.00439e+00  -3.73191e-01  1.51556e-01  -7.00776e-02  -5.24747e-01
9.90649e+01  1.00462e+00  -3.14084e-01  1.24171e-01  -6.57425e-02  -4.38254e-01
9.91696e+01  1.00480e+00  -2.71660e-01  1.04619e-01  -6.24218e-02  -3.76279e-01
9.92743e+01  1.00492e+00  -2.39902e-01  8.99936e-02  -5.99144e-02  -3.29895e-01
9.93790e+01  1.00499e+00  -2.15392e-01  7.86548e-02  -5.80824e-02  -2.94047e-01
9.94838e+01  1.00501e+00  -1.96048e-01  6.96080e-02  -5.68323e-02  -2.65656e-01
9.95885e+01  1.00496e+00  -1.80530e-01  6.22140e-02  -5.61022e-02  -2.42744e-01
9.96932e+01  1.00486e+00  -1.67939e-01  5.60421e-02  -5.58550e-02  -2.23981e-01
9.97979e+01  1.00471e+00  -1.57653e-01  5.07896e-02  -5.60742e-02  -2.08443e-01
9.99026e+01  1.00450e+00  -1.49232e-01  4.62353e-02  -5.67617e-02  -1.95468e-01
1.00007e+02  1.00425e+00  -1.42359e-01  4.22108e-02  -5.79378e-02  -1.84570e-01
1.00112e+02  1.00394e+00  -1.36807e-01  3.85820e-02  -5.96426e-02  -1.75389e-01
1.00217e+02  1.00360e+00  -1.32412e-01  3.52363e-02  -6.19397e-02  -1.67649e-01
1.00322e+02  1.00321e+00  -1.29068e-01  3.20726e-02  -6.49223e-02  -1.61140e-01
1.00426e+02  1.00279e+00  -1.26708e-01  2.89926e-02  -6.87229e-02  -1.55701e-01
1.00531e+02  1.00234e+00  -1.25313e-01  2.58920e-02  -7.35291e-02  -1.51205e-01
1.00636e+02  1.00186e+00  -1.24908e-01  2.26495e-02  -7.96089e-02  -1.47557e-01
1.00740e+02  1.00137e+00  -1.25574e-01  1.91105e-02  -8.73531e-02  -1.44685e-01
1.00845e+02  1.00086e+00  -1.27472e-01  1.50619e-02  -9.73482e-02  -1.42534e-01
1.00950e+02  1.00034e+00  -1.30883e-01  1.01863e-02  -1.10510e-01  -1.41069e-01
1.01055e+02  9.99819e-01  -1.36294e-01  3.97453e-03  -1.28345e-01  -1.40269e-01
1.01159e+02  9.99303e-01  -1.44589e-01  -4.46132e-03  -1.53512e-01  -1.40128e-01
1.01264e+02  9.98796e-01  -1.57490e-01  -1.68356e-02  -1.91161e-01  -1.40654e-01
1.01369e+02  9.98304e-01  -1.78826e-01  -3.69554e-02  -2.52737e-01  -1.41871e-01
1.01473e+02  9.97833e-01  -2.19136e-01  -7.53180e-02  -3.69772e-01  -1.43818e-01
1.01578e+02  9.97388e-01  -3.21782e-01  -1.75227e-01  -6.72236e-01  -1.46554e-01
1.01683e+02  9.96972e-01  -1.14505e+00  -9.94882e-01  -3.13481e+00  -1.50164e-01
1.01788e+02  9.96592e-01  3.19105e-01  4.73864e-01  1.26683e+00  -1.54759e-01
1.01892e+02  9.96251e-01  7.55150e-02  2.36004e-01  5.47522e-01  -1.60489e-01
1.01997e+02  9.95952e-01  8.11714e-03  1.75670e-01  3.59457e-01  -1.67553e-01
1.02102e+02  9.95699e-01  -2.60802e-02  1.50139e-01  2.74198e-01  -1.76219e-01
1.02206e+02  9.95495e-01  -4.90442e-02  1.37809e-01  2.26573e-01  -1.86853e-01
1.02311e+02  9.95341e-01  -6.76245e-02  1.32333e-01  1.97042e-01  -1.99958e-01
1.02416e+02  9.95240e-01  -8.49164e-02  1.31330e-01  1.77743e-01  -2.16246e-01
1.02521e+02  9.95191e-01  -1.02857e-01  1.33900e-01  1.64943e-01  -2.36756e-01
1.02625e+02  9.95196e-01  -1.23143e-01  1.39914e-01  1.56684e-01  -2.63057e-01
1.02730e+02  9.95254e-01  -1.47789e-01  1.49841e-01  1.51893e-01  -2.97629e-01
1.02835e+02  9.95365e-01  -1.79760e-01  1.64878e-01  1.49997e-01  -3.44638e-01
1.02940e+02  9.95528e-01  -2.24179e-01  1.87464e-01  1.50749e-01  -4.11642e-01
1.03044e+02  9.95739e-01  -2.91227e-01  2.22694e-01  1.54161e-01  -5.13920e-01
1.03149e+02  9.95998e-01  -4.04965e-01  2.82733e-01  1.60500e-01  -6.87698e-01
1.03254e+02  9.96301e-01  -6.39679e-01  4.05012e-01  1.70345e-01  -1.04469e+00
1.03358e+02  9.96644e-01  -1.39341e+00  7.89075e-01  1.84738e-01  -2.18249e+00
1.03463e+02  9.97024e-01  1.68074e+01  -8.30095e+00  2.05502e-01  2.51084e+01
1.03568e+02  9.97437e-01  1.32780e+00  -5.45927e-01  2.35943e-01  1.87372e+00
1.03673e+02  9.97877e-01  7.47602e-01  -2.32524e-01  2.82554e-01  9.80126e-01
1.03777e+02  9.98341e-01  5.65445e-01  -1.02798e-01  3.59849e-01  6.68243e-01
1.03882e+02  9.98823e-01  5.09599e-01  -8.13051e-04  5.07973e-01  5.10412e-01
1.03987e+02  9.99317e-01  5.74876e-01  1.59166e-01  8.93208e-01  4.15711e-01
1.04091e+02  9.99817e-01  1.60397e+00  1.25093e+00  4.10582e+00  3.53039e-01
1.04196e+02  1.00032e+00  -3.08941e-01  -6.17818e-01  -1.54458e+00  3.08877e-01
1.04301e+02  1.00082e+00  -3.19916e-02  -3.08396e-01  -6.48783e-01  2.76404e-01
1.04406e+02  1.00131e+00  3.04891e-02  -2.21326e-01  -4.12162e-01  2.51815e-01
1.04510e+02  1.00178e+00  5.39064e-02  -1.78915e-01  -3.03923e-01  2.32821e-01
1.04615e+02  1.00223e+00  6.44505e-02  -1.53521e-01  -2.42591e-01  2.17971e-01
1.04720e+02  1.00266e+00  6.96593e-02  -1.36645e-01  -2.03630e-01  2.06304e-01
1.04824e+02  1.00305e+00  7.24043e-02  -1.24759e-01  -1.77114e-01  1.97163e-01
1.04929e+02  1.00341e+00  7.39708e-02  -1.16122e-01  -1.58273e-01  1.90093e-01
1.05034e+02  1.00374e+00  7.49997e-02  -1.09771e-01  -1.44542e-01  1.84771e-01
1.05139e+02  1.00402e+00  7.58379e-02  -1.05134e-01  -1.34429e-01  1.80971e-01
1.05243e+02  1.00425e+00  7.66875e-02  -1.01854e-01  -1.27021e-01  1.78542e-01
1.05348e+02  1.00443e+00  7.76758e-02  -9.97080e-02  -1.21740e-01  1.77384e-01
1.05453e+02  1.00457e+00  7.88913e-02  -9.85560e-02  -1.18221e-01  1.77447e-01
1.05558e+02  1.00465e+00  8.04023e-02  -9.83210e-02  -1.16240e-01  1.78723e-01
1.05662e+02  1.00468e+00  8.22692e-02  -9.89747e-02  -1.15680e-01  1.81244e-01
1.05767e+02  1.00466e+00  8.45513e-02  -1.00533e-01  -1.16514e-01  1.85084e-01
1.05872e+02  1.00459e+00  8.73115e-02  -1.03055e-01  -1.18798e-01  1.90366e-01
1.05976e+02  1.00446e+00  9.06210e-02  -1.06652e-01  -1.22684e-01  1.97273e-01
1.06081e+02  1.00429e+00  9.45607e-02  -1.11501e-01  -1.28442e-01  2.06062e-01
1.06186e+02  1.00406e+00  9.92223e-02  -1.17867e-01  -1.36511e-01  2.17089e-01
1.06291e+02  1.00379e+00  1.04704e-01  -1.26147e-01  -1.47590e-01  2.30852e-01
1.06395e+02  1.00348e+00  1.11096e-01  -1.36954e-01  -1.62812e-01  2.48050e-01
1.06500e+02  1.00314e+00  1.18430e-01  -1.51258e-01  -1.84086e-01  2.69688e-01
1.06605e+02  1.00275e+00  1.26546e-01  -1.70705e-01  -2.14864e-01  2.97251e-01
1.06709e+02  1.00234e+00  1.34668e-01  -1.98344e-01  -2.62019e-01  3.33012e-01
1.06814e+02  1.00190e+00  1.39949e-01  -2.40680e-01  -3.41410e-01  3.80629e-01
1.06919e+02  1.00144e+00  1.31061e-01  -3.15308e-01  -4.99555e-01  4.46369e-01
1.07024e+02  1.00097e+00  4.24013e-02  -4.99505e-01  -9.56609e-01  5.41906e-01
1.07128e+02  1.00049e+00  -4.25452e+00  -4.94627e+00  -1.41471e+01  6.91747e-01
1.07233e+02  1.00000e+00  1.00415e+00  4.66999e-02  1.09755e+00  9.57451e-01
